0.0 0.0 1.0 0.0 0.0 0.0 0.0 0.0 0.0 0.0 0.286 0.286 0.429 2.0 0.364 0.160 0.714
0.0 0.0 1.0 0.0 0.0 0.0 0.0 0.0 0.0 0.0 0.286 0.286 0.429 2.0 0.364 0.160 0.714
0.0 0.0 0.0 1.0 0.0 0.0 0.0 0.0 0.0 0.0 0.314 0.257 0.400 2.0 0.327 0.147 0.686
0.0 1.0 0.0 0.0 0.0 0.0 0.0 0.0 0.0 0.0 0.343 0.229 0.371 2.0 0.291 0.160 0.571
0.0 1.0 0.0 0.0 0.0 0.0 0.0 0.0 0.0 0.0 0.343 0.229 0.371 2.0 0.291 0.160 0.571
0.0 1.0 0.0 0.0 0.0 0.0 0.0 0.0 0.0 0.0 0.371 0.200 0.343 1.0 0.273 0.147 0.514
0.0 1.0 0.0 0.0 0.0 0.0 0.0 0.0 0.0 0.0 0.400 0.400 0.457 2.0 0.255 0.187 0.143
0.0 1.0 0.0 0.0 0.0 0.0 0.0 0.0 0.0 0.0 0.429 0.371 0.429 1.0 0.145 0.200 0.143
0.0 1.0 0.0 0.0 0.0 0.0 0.0 0.0 0.0 0.0 0.400 0.400 0.486 2.0 0.255 0.187 0.143
0.0 0.0 1.0 0.0 0.0 0.0 0.0 0.0 0.0 0.0 0.486 0.200 0.286 4.0 0.400 0.533 0.514
0.0 0.0 1.0 0.0 0.0 0.0 0.0 0.0 0.0 0.0 0.486 0.314 0.371 2.0 0.382 0.400 0.143
0.0 0.0 1.0 0.0 0.0 0.0 0.0 0.0 0.0 0.0 0.457 0.343 0.371 2.0 0.382 0.400 0.143
0.0 0.0 1.0 0.0 0.0 0.0 0.0 0.0 0.0 0.0 0.457 0.343 0.371 2.0 0.382 0.400 0.143
0.0 0.0 1.0 0.0 0.0 0.0 0.0 0.0 0.0 0.0 0.629 0.143 0.143 2.0 0.455 0.867 0.057
0.0 0.0 1.0 0.0 0.0 0.0 0.0 0.0 0.0 0.0 0.657 0.086 0.086 2.0 0.473 0.880 0.057
0.0 0.0 1.0 0.0 0.0 0.0 0.0 0.0 0.0 0.0 0.600 0.143 0.143 2.0 0.473 0.867 0.057
0.0 0.0 1.0 0.0 0.0 0.0 0.0 0.0 0.0 0.0 0.600 0.114 0.114 2.0 0.473 0.867 0.057
