0.0 1.0 0.0 0.0 0.0 0.0 0.0 0.0 1.0 0.0 0.028 0.028 0.028 0.028 1.0 0.096 0.006 0.500
0.0 1.0 0.0 0.0 0.0 0.0 0.0 0.0 0.0 0.0 0.056 0.000 0.000 0.000 1.0 0.096 0.006 0.000
0.0 1.0 0.0 0.0 0.0 0.0 0.0 0.0 0.0 1.0 0.056 0.000 0.000 0.000 1.0 0.096 0.006 0.500
0.0 1.0 0.0 0.0 0.0 0.0 0.0 0.0 0.0 0.0 0.056 0.000 0.000 0.000 1.0 0.096 0.006 0.000
0.0 1.0 0.0 0.0 0.0 0.0 0.0 0.0 0.0 0.0 0.056 0.000 0.000 0.000 1.0 0.096 0.006 0.000
1.0 0.0 0.0 0.0 0.0 0.0 0.0 0.0 1.0 0.0 0.028 0.000 0.000 0.000 1.0 0.019 0.006 0.000
1.0 0.0 0.0 0.0 0.0 0.0 0.0 0.0 1.0 0.0 0.028 0.000 0.000 0.000 1.0 0.019 0.006 0.000
0.0 1.0 0.0 0.0 0.0 0.0 0.0 0.0 1.0 0.0 0.028 0.000 0.000 0.000 1.0 0.077 0.006 0.000
0.0 1.0 0.0 0.0 0.0 0.0 0.0 0.0 0.0 0.0 0.056 0.000 0.000 0.000 1.0 0.077 0.006 0.000
0.0 1.0 0.0 0.0 0.0 0.0 0.0 0.0 0.0 0.0 0.056 0.000 0.000 0.000 1.0 0.077 0.006 0.000
0.0 1.0 0.0 0.0 0.0 0.0 0.0 0.0 0.0 0.0 0.056 0.000 0.000 0.000 1.0 0.077 0.006 0.000
1.0 0.0 0.0 0.0 0.0 0.0 0.0 0.0 0.0 0.0 0.389 0.000 0.000 0.000 1.0 0.077 0.213 0.000
1.0 0.0 0.0 0.0 0.0 0.0 0.0 0.0 0.0 0.0 0.333 0.000 0.000 0.000 1.0 0.077 0.073 0.000
1.0 0.0 0.0 0.0 0.0 0.0 0.0 0.0 0.0 0.0 0.222 0.000 0.000 0.000 1.0 0.077 0.062 0.000
1.0 0.0 0.0 0.0 0.0 0.0 0.0 0.0 0.0 0.0 0.222 0.000 0.000 0.000 1.0 0.077 0.062 0.000
0.0 0.0 0.0 1.0 0.0 0.0 0.0 0.0 0.0 0.0 0.361 0.000 0.000 0.000 2.0 0.135 0.213 0.000
0.0 0.0 0.0 1.0 0.0 0.0 0.0 0.0 0.0 0.0 0.167 0.000 0.000 0.000 2.0 0.288 0.045 0.000
0.0 0.0 0.0 1.0 0.0 0.0 0.0 0.0 1.0 0.0 0.333 0.000 0.000 0.000 2.0 0.135 0.213 0.000
0.0 0.0 0.0 0.0 0.0 0.0 0.0 1.0 0.0 0.0 0.306 0.000 0.000 0.000 2.0 0.192 0.208 0.000
0.0 0.0 0.0 0.0 0.0 0.0 0.0 1.0 0.0 0.0 0.278 0.000 0.000 0.000 2.0 0.231 0.157 0.000
0.0 0.0 0.0 1.0 0.0 0.0 0.0 0.0 0.0 0.0 0.306 0.000 0.000 0.000 2.0 0.135 0.073 0.000
0.0 0.0 0.0 1.0 0.0 0.0 0.0 0.0 0.0 0.0 0.167 0.000 0.000 0.000 2.0 0.346 0.039 0.000
0.0 0.0 0.0 1.0 0.0 0.0 0.0 0.0 1.0 0.0 0.278 0.000 0.000 0.000 2.0 0.154 0.051 0.000
0.0 0.0 0.0 1.0 0.0 0.0 0.0 0.0 0.0 0.0 0.194 0.000 0.000 0.000 2.0 0.135 0.062 0.000
0.0 0.0 0.0 1.0 0.0 0.0 0.0 0.0 1.0 0.0 0.167 0.000 0.000 0.000 2.0 0.250 0.039 0.000
0.0 0.0 0.0 1.0 0.0 0.0 0.0 0.0 0.0 0.0 0.167 0.000 0.000 0.000 2.0 0.308 0.039 0.000
0.0 1.0 0.0 0.0 0.0 0.0 0.0 0.0 0.0 0.0 1.000 0.000 0.000 0.000 1.0 0.115 1.000 0.000
0.0 0.0 0.0 1.0 0.0 0.0 0.0 0.0 0.0 1.0 0.194 0.000 0.000 0.000 2.0 0.135 0.062 0.500
0.0 0.0 0.0 1.0 0.0 0.0 0.0 0.0 1.0 0.0 0.167 0.028 0.028 0.028 2.0 0.231 0.039 0.500
0.0 0.0 0.0 1.0 0.0 0.0 0.0 0.0 0.0 0.0 0.167 0.028 0.028 0.028 2.0 0.308 0.039 0.500
0.0 1.0 0.0 0.0 0.0 0.0 0.0 0.0 1.0 0.0 0.028 0.167 0.167 0.167 1.0 0.250 0.006 0.500
0.0 1.0 0.0 0.0 0.0 0.0 0.0 0.0 0.0 0.0 0.083 0.000 0.000 0.000 1.0 0.077 0.045 0.000
0.0 0.0 0.0 0.0 0.0 1.0 0.0 0.0 0.0 0.0 0.056 0.000 0.000 0.000 2.0 0.115 0.045 0.000
0.0 0.0 0.0 1.0 0.0 0.0 0.0 0.0 1.0 0.0 0.028 0.000 0.000 0.000 3.0 0.019 0.017 0.000
0.0 1.0 0.0 0.0 0.0 0.0 0.0 0.0 1.0 0.0 0.028 0.000 0.000 0.000 1.0 0.019 0.006 0.000
0.0 1.0 0.0 0.0 0.0 0.0 0.0 0.0 1.0 0.0 0.028 0.000 0.000 0.000 1.0 0.019 0.006 0.000
0.0 1.0 0.0 0.0 0.0 0.0 0.0 0.0 1.0 0.0 0.028 0.000 0.000 0.000 1.0 0.019 0.006 0.000
0.0 1.0 0.0 0.0 0.0 0.0 0.0 0.0 1.0 0.0 0.028 0.000 0.000 0.000 1.0 0.019 0.006 0.000
0.0 0.0 0.0 1.0 0.0 0.0 0.0 0.0 1.0 0.0 0.083 0.000 0.000 0.000 2.0 0.077 0.017 0.000
0.0 1.0 0.0 0.0 0.0 0.0 0.0 0.0 0.0 0.0 0.278 0.000 0.000 0.000 1.0 0.096 0.084 0.000
0.0 0.0 0.0 1.0 0.0 0.0 0.0 0.0 0.0 0.0 0.972 0.000 0.000 0.000 4.0 0.327 1.000 0.000
0.0 0.0 0.0 0.0 0.0 1.0 0.0 0.0 0.0 0.0 0.389 0.000 0.000 0.000 4.0 0.308 0.674 0.000
0.0 0.0 0.0 0.0 0.0 0.0 0.0 1.0 0.0 0.0 0.250 0.000 0.000 0.000 2.0 0.212 0.073 0.000
0.0 0.0 0.0 0.0 0.0 0.0 0.0 1.0 1.0 0.0 0.056 0.000 0.000 0.000 2.0 0.192 0.011 0.000
0.0 0.0 0.0 0.0 0.0 0.0 0.0 1.0 0.0 0.0 0.222 0.000 0.000 0.000 2.0 0.250 0.062 0.000
0.0 0.0 0.0 0.0 0.0 0.0 1.0 0.0 0.0 0.0 0.194 0.000 0.000 0.000 2.0 0.173 0.056 0.000
0.0 0.0 0.0 0.0 0.0 0.0 1.0 0.0 1.0 0.0 0.056 0.000 0.000 0.000 2.0 0.096 0.017 0.000
0.0 0.0 0.0 0.0 0.0 0.0 1.0 0.0 1.0 0.0 0.028 0.000 0.000 0.000 2.0 0.058 0.011 0.000
0.0 0.0 0.0 0.0 0.0 0.0 1.0 0.0 0.0 0.0 0.167 0.000 0.000 0.000 2.0 0.173 0.039 0.000
0.0 1.0 0.0 0.0 0.0 0.0 0.0 0.0 0.0 0.0 0.056 0.000 0.000 0.000 2.0 0.115 0.011 0.000
0.0 0.0 0.0 0.0 0.0 0.0 0.0 1.0 0.0 0.0 0.139 0.000 0.000 0.000 2.0 0.192 0.028 0.000
0.0 1.0 0.0 0.0 0.0 0.0 0.0 0.0 0.0 0.0 0.111 0.000 0.000 0.000 3.0 0.154 0.022 0.000
0.0 1.0 0.0 0.0 0.0 0.0 0.0 0.0 0.0 0.0 0.083 0.000 0.000 0.000 2.0 0.115 0.017 0.000
0.0 0.0 0.0 1.0 0.0 0.0 0.0 0.0 1.0 0.0 0.056 0.000 0.000 0.000 2.0 0.096 0.011 0.000
0.0 0.0 0.0 1.0 0.0 0.0 0.0 0.0 1.0 0.0 0.056 0.000 0.000 0.000 2.0 0.135 0.011 0.000
0.0 0.0 1.0 0.0 0.0 0.0 0.0 0.0 0.0 0.0 0.361 0.000 0.000 0.000 2.0 0.192 0.287 0.000
0.0 0.0 0.0 0.0 0.0 0.0 1.0 0.0 0.0 0.0 0.333 0.000 0.000 0.000 2.0 0.192 0.275 0.000
0.0 0.0 0.0 0.0 0.0 0.0 1.0 0.0 0.0 0.0 0.306 0.000 0.000 0.000 2.0 0.173 0.185 0.000
0.0 0.0 0.0 0.0 0.0 0.0 1.0 0.0 0.0 0.0 0.278 0.000 0.000 0.000 2.0 0.192 0.157 0.000
0.0 0.0 0.0 0.0 0.0 0.0 0.0 1.0 0.0 0.0 0.222 0.000 0.000 0.000 2.0 0.288 0.096 0.000
0.0 0.0 0.0 0.0 0.0 0.0 1.0 0.0 0.0 0.0 0.194 0.000 0.000 0.000 2.0 0.385 0.073 0.000
0.0 0.0 0.0 0.0 0.0 0.0 1.0 0.0 0.0 0.0 0.250 0.000 0.000 0.000 2.0 0.231 0.084 0.000
0.0 1.0 0.0 0.0 0.0 0.0 0.0 0.0 0.0 0.0 0.222 0.000 0.000 0.000 2.0 0.115 0.051 0.000
0.0 1.0 0.0 0.0 0.0 0.0 0.0 0.0 0.0 0.0 0.194 0.000 0.000 0.000 2.0 0.115 0.045 0.000
0.0 1.0 0.0 0.0 0.0 0.0 0.0 0.0 0.0 0.0 0.222 0.000 0.000 0.000 2.0 0.135 0.051 0.000
0.0 0.0 0.0 0.0 0.0 0.0 1.0 0.0 0.0 0.0 0.250 0.000 0.000 0.000 2.0 0.250 0.112 0.000
0.0 0.0 0.0 1.0 0.0 0.0 0.0 0.0 0.0 0.0 0.167 0.000 0.000 0.000 4.0 0.231 0.045 0.000
0.0 0.0 0.0 1.0 0.0 0.0 0.0 0.0 1.0 0.0 0.139 0.000 0.000 0.000 2.0 0.250 0.028 0.000
0.0 0.0 0.0 1.0 0.0 0.0 0.0 0.0 1.0 0.0 0.139 0.000 0.000 0.000 2.0 0.250 0.028 0.000
0.0 0.0 0.0 1.0 0.0 0.0 0.0 0.0 1.0 0.0 0.083 0.000 0.000 0.000 2.0 0.346 0.017 0.000
0.0 0.0 0.0 1.0 0.0 0.0 0.0 0.0 1.0 0.0 0.083 0.000 0.000 0.000 2.0 0.327 0.017 0.000
0.0 0.0 0.0 1.0 0.0 0.0 0.0 0.0 0.0 0.0 0.222 0.000 0.000 0.000 3.0 0.192 0.079 0.000
0.0 1.0 0.0 0.0 0.0 0.0 0.0 0.0 0.0 0.0 0.139 0.000 0.000 0.000 2.0 0.269 0.039 0.000
1.0 0.0 0.0 0.0 0.0 0.0 0.0 0.0 0.0 0.0 0.194 0.000 0.000 0.000 3.0 0.308 0.067 0.000
0.0 0.0 0.0 1.0 0.0 0.0 0.0 0.0 0.0 0.0 0.194 0.000 0.000 0.000 2.0 0.173 0.073 0.000
0.0 1.0 0.0 0.0 0.0 0.0 0.0 0.0 0.0 0.0 0.167 0.000 0.000 0.000 2.0 0.115 0.045 0.000
0.0 1.0 0.0 0.0 0.0 0.0 0.0 0.0 0.0 0.0 0.139 0.000 0.000 0.000 2.0 0.250 0.039 0.000
0.0 1.0 0.0 0.0 0.0 0.0 0.0 0.0 0.0 0.0 0.167 0.000 0.000 0.000 2.0 0.173 0.039 0.000
0.0 0.0 1.0 0.0 0.0 0.0 0.0 0.0 0.0 0.0 0.333 0.000 0.000 0.000 2.0 0.192 0.258 0.000
0.0 1.0 0.0 0.0 0.0 0.0 0.0 0.0 1.0 0.0 0.028 0.000 0.000 0.000 2.0 0.115 0.011 0.000
0.0 0.0 0.0 0.0 0.0 0.0 1.0 0.0 0.0 0.0 0.306 0.000 0.000 0.000 2.0 0.192 0.247 0.000
0.0 0.0 0.0 0.0 0.0 0.0 0.0 1.0 0.0 0.0 0.194 0.000 0.000 0.000 2.0 0.288 0.056 0.000
0.0 0.0 0.0 0.0 0.0 0.0 1.0 0.0 0.0 0.0 0.278 0.000 0.000 0.000 2.0 0.192 0.202 0.000
0.0 1.0 0.0 0.0 0.0 0.0 0.0 0.0 0.0 0.0 0.250 0.000 0.000 0.000 2.0 0.154 0.067 0.000
0.0 0.0 0.0 0.0 0.0 0.0 0.0 1.0 0.0 0.0 0.222 0.000 0.000 0.000 2.0 0.346 0.062 0.000
0.0 0.0 0.0 0.0 0.0 0.0 1.0 0.0 0.0 0.0 0.250 0.000 0.000 0.000 2.0 0.250 0.146 0.000
0.0 0.0 0.0 0.0 0.0 0.0 0.0 1.0 0.0 0.0 0.222 0.000 0.000 0.000 2.0 0.365 0.073 0.000
0.0 0.0 0.0 0.0 0.0 0.0 0.0 1.0 0.0 0.0 0.194 0.000 0.000 0.000 2.0 0.308 0.084 0.000
0.0 0.0 0.0 0.0 0.0 0.0 0.0 1.0 0.0 0.0 0.167 0.000 0.000 0.000 2.0 0.385 0.062 0.000
0.0 0.0 1.0 0.0 0.0 0.0 0.0 0.0 1.0 0.0 0.222 0.000 0.000 0.000 2.0 0.173 0.067 0.000
0.0 0.0 0.0 0.0 0.0 0.0 1.0 0.0 0.0 0.0 0.194 0.000 0.000 0.000 2.0 0.135 0.062 0.000
0.0 0.0 0.0 0.0 0.0 0.0 1.0 0.0 1.0 0.0 0.167 0.000 0.000 0.000 2.0 0.135 0.045 0.000
0.0 0.0 0.0 1.0 0.0 0.0 0.0 0.0 0.0 0.0 0.139 0.000 0.000 0.000 2.0 0.173 0.039 0.000
0.0 0.0 0.0 1.0 0.0 0.0 0.0 0.0 0.0 0.0 0.083 0.000 0.000 0.000 2.0 0.154 0.034 0.000
0.0 0.0 0.0 0.0 0.0 0.0 1.0 0.0 1.0 0.0 0.028 0.000 0.000 0.000 2.0 0.077 0.011 0.000
0.0 0.0 0.0 0.0 0.0 0.0 0.0 1.0 0.0 0.0 0.056 0.000 0.000 0.000 2.0 0.154 0.022 0.000
0.0 0.0 0.0 1.0 0.0 0.0 0.0 0.0 0.0 0.0 0.111 0.000 0.000 0.000 2.0 0.154 0.039 0.000
0.0 0.0 0.0 0.0 0.0 0.0 0.0 1.0 0.0 0.0 0.083 0.000 0.000 0.000 2.0 0.154 0.028 0.000
0.0 0.0 0.0 0.0 0.0 0.0 1.0 0.0 1.0 0.0 0.028 0.000 0.000 0.000 2.0 0.135 0.011 0.000
0.0 1.0 0.0 0.0 0.0 0.0 0.0 0.0 0.0 0.0 0.056 0.000 0.000 0.000 2.0 0.115 0.017 0.000
0.0 0.0 0.0 0.0 0.0 0.0 1.0 0.0 1.0 0.0 0.028 0.000 0.000 0.000 2.0 0.115 0.011 0.000
0.0 0.0 0.0 0.0 0.0 0.0 0.0 1.0 1.0 0.0 0.028 0.000 0.000 0.000 2.0 0.077 0.011 0.000
0.0 0.0 0.0 0.0 0.0 0.0 1.0 0.0 1.0 0.0 0.056 0.000 0.000 0.000 2.0 0.096 0.017 0.000
0.0 0.0 0.0 0.0 0.0 0.0 0.0 1.0 1.0 0.0 0.028 0.000 0.000 0.000 2.0 0.058 0.011 0.000
0.0 0.0 0.0 0.0 0.0 0.0 0.0 1.0 0.0 0.0 0.250 0.000 0.000 0.000 2.0 0.231 0.084 0.000
0.0 0.0 0.0 0.0 0.0 0.0 0.0 1.0 1.0 0.0 0.056 0.000 0.000 0.000 2.0 0.135 0.011 0.000
0.0 1.0 0.0 0.0 0.0 0.0 0.0 0.0 0.0 0.0 0.222 0.000 0.000 0.000 3.0 0.212 0.073 0.000
0.0 1.0 0.0 0.0 0.0 0.0 0.0 0.0 0.0 0.0 0.194 0.000 0.000 0.000 2.0 0.135 0.056 0.000
0.0 0.0 0.0 0.0 0.0 0.0 1.0 0.0 0.0 0.0 0.167 0.000 0.000 0.000 2.0 0.173 0.051 0.000
0.0 1.0 0.0 0.0 0.0 0.0 0.0 0.0 0.0 0.0 0.139 0.000 0.000 0.000 2.0 0.135 0.034 0.000
0.0 0.0 0.0 0.0 0.0 0.0 0.0 1.0 0.0 0.0 0.111 0.000 0.000 0.000 2.0 0.135 0.028 0.000
0.0 1.0 0.0 0.0 0.0 0.0 0.0 0.0 0.0 0.0 0.111 0.000 0.000 0.000 4.0 0.192 0.056 0.000
0.0 0.0 0.0 0.0 0.0 0.0 1.0 0.0 1.0 0.0 0.083 0.000 0.000 0.000 2.0 0.173 0.017 0.000
0.0 1.0 0.0 0.0 0.0 0.0 0.0 0.0 0.0 0.0 0.056 0.000 0.000 0.000 2.0 0.154 0.011 0.000
0.0 0.0 0.0 0.0 0.0 0.0 0.0 1.0 1.0 0.0 0.028 0.000 0.000 0.000 2.0 0.135 0.011 0.000
0.0 1.0 0.0 0.0 0.0 0.0 0.0 0.0 0.0 0.0 0.083 0.000 0.000 0.000 2.0 0.173 0.022 0.000
0.0 0.0 0.0 0.0 0.0 0.0 1.0 0.0 0.0 0.0 0.056 0.000 0.000 0.000 2.0 0.231 0.017 0.000
0.0 1.0 0.0 0.0 0.0 0.0 0.0 0.0 1.0 0.0 0.028 0.000 0.000 0.000 2.0 0.096 0.011 0.000
0.0 1.0 0.0 0.0 0.0 0.0 0.0 0.0 0.0 0.0 0.944 0.000 0.000 0.000 1.0 0.173 0.624 0.000
0.0 0.0 0.0 0.0 0.0 0.0 0.0 1.0 0.0 0.0 0.917 0.000 0.000 0.000 2.0 0.231 0.624 0.000
0.0 0.0 0.0 0.0 0.0 1.0 0.0 0.0 0.0 0.0 0.722 0.000 0.000 0.000 3.0 0.269 0.562 0.000
0.0 0.0 0.0 0.0 0.0 1.0 0.0 0.0 0.0 0.0 0.694 0.000 0.000 0.000 3.0 0.308 0.556 0.000
0.0 0.0 0.0 0.0 0.0 1.0 0.0 0.0 0.0 0.0 0.667 0.000 0.000 0.000 2.0 0.212 0.472 0.000
0.0 0.0 0.0 0.0 0.0 1.0 0.0 0.0 0.0 0.0 0.389 0.000 0.000 0.000 2.0 0.192 0.129 0.000
0.0 0.0 0.0 0.0 0.0 1.0 0.0 0.0 0.0 0.0 0.222 0.000 0.000 0.000 2.0 0.288 0.107 0.000
0.0 1.0 0.0 0.0 0.0 0.0 0.0 0.0 0.0 0.0 0.639 0.000 0.000 0.000 3.0 0.231 0.472 0.000
0.0 0.0 0.0 0.0 0.0 1.0 0.0 0.0 0.0 0.0 0.472 0.000 0.000 0.000 2.0 0.269 0.185 0.000
0.0 0.0 0.0 0.0 0.0 1.0 0.0 0.0 0.0 0.0 0.444 0.000 0.000 0.000 3.0 0.250 0.185 0.000
0.0 0.0 1.0 0.0 0.0 0.0 0.0 0.0 0.0 0.0 0.389 0.000 0.000 0.000 3.0 0.385 0.157 0.000
0.0 0.0 0.0 0.0 0.0 1.0 0.0 0.0 1.0 0.0 0.417 0.000 0.000 0.000 3.0 0.308 0.185 0.000
0.0 0.0 0.0 0.0 0.0 1.0 0.0 0.0 1.0 0.0 0.250 0.000 0.000 0.000 2.0 0.192 0.112 0.000
0.0 1.0 0.0 0.0 0.0 0.0 0.0 0.0 0.0 0.0 0.639 0.000 0.000 0.000 3.0 0.231 0.556 0.000
0.0 1.0 0.0 0.0 0.0 0.0 0.0 0.0 0.0 0.0 0.611 0.000 0.000 0.000 2.0 0.192 0.421 0.000
0.0 0.0 0.0 1.0 0.0 0.0 0.0 0.0 0.0 0.0 0.583 0.000 0.000 0.000 2.0 0.212 0.416 0.000
0.0 0.0 0.0 1.0 0.0 0.0 0.0 0.0 0.0 0.0 0.444 0.000 0.000 0.000 4.0 0.385 0.404 0.000
0.0 0.0 0.0 0.0 0.0 0.0 0.0 1.0 0.0 0.0 0.306 0.000 0.000 0.000 2.0 0.250 0.118 0.000
0.0 0.0 0.0 0.0 0.0 1.0 0.0 0.0 0.0 0.0 0.389 0.000 0.000 0.000 2.0 0.212 0.202 0.000
1.0 0.0 0.0 0.0 0.0 0.0 0.0 0.0 0.0 0.0 0.250 0.000 0.000 0.000 3.0 0.269 0.124 0.000
0.0 1.0 0.0 0.0 0.0 0.0 0.0 0.0 0.0 0.0 0.361 0.000 0.000 0.000 2.0 0.135 0.202 0.000
0.0 0.0 0.0 0.0 0.0 1.0 0.0 0.0 0.0 0.0 0.333 0.000 0.000 0.000 2.0 0.173 0.197 0.000
0.0 0.0 0.0 0.0 0.0 1.0 0.0 0.0 0.0 0.0 0.278 0.000 0.000 0.000 2.0 0.288 0.174 0.000
0.0 0.0 0.0 0.0 0.0 1.0 0.0 0.0 0.0 0.0 0.306 0.000 0.000 0.000 2.0 0.231 0.197 0.000
0.0 1.0 0.0 0.0 0.0 0.0 0.0 0.0 0.0 0.0 0.556 0.000 0.000 0.000 2.0 0.173 0.298 0.000
0.0 0.0 0.0 0.0 0.0 1.0 0.0 0.0 0.0 0.0 0.528 0.000 0.000 0.000 4.0 0.346 0.292 0.000
0.0 1.0 0.0 0.0 0.0 0.0 0.0 0.0 0.0 0.0 0.444 0.000 0.000 0.000 2.0 0.192 0.242 0.000
0.0 0.0 1.0 0.0 0.0 0.0 0.0 0.0 0.0 0.0 0.417 0.000 0.000 0.000 3.0 0.385 0.236 0.000
0.0 0.0 0.0 0.0 0.0 1.0 0.0 0.0 0.0 0.0 0.389 0.000 0.000 0.000 3.0 0.365 0.197 0.000
0.0 1.0 0.0 0.0 0.0 0.0 0.0 0.0 0.0 0.0 0.361 0.000 0.000 0.000 1.0 0.192 0.135 0.000
0.0 0.0 0.0 0.0 0.0 1.0 0.0 0.0 0.0 0.0 0.278 0.000 0.000 0.000 3.0 0.308 0.152 0.000
0.0 0.0 0.0 0.0 0.0 1.0 0.0 0.0 0.0 0.0 0.250 0.000 0.000 0.000 2.0 0.308 0.124 0.000
0.0 0.0 0.0 0.0 0.0 1.0 0.0 0.0 0.0 0.0 0.500 0.000 0.000 0.000 3.0 0.308 0.287 0.000
0.0 0.0 0.0 0.0 0.0 1.0 0.0 0.0 0.0 0.0 0.250 0.000 0.000 0.000 2.0 0.346 0.124 0.000
0.0 0.0 0.0 0.0 0.0 1.0 0.0 0.0 0.0 0.0 0.472 0.000 0.000 0.000 2.0 0.250 0.225 0.000
0.0 0.0 1.0 0.0 0.0 0.0 0.0 0.0 0.0 0.0 0.444 0.000 0.000 0.000 4.0 0.404 0.225 0.000
0.0 0.0 0.0 0.0 0.0 1.0 0.0 0.0 0.0 0.0 0.333 0.000 0.000 0.000 2.0 0.231 0.135 0.000
0.0 0.0 1.0 0.0 0.0 0.0 0.0 0.0 0.0 0.0 0.306 0.000 0.000 0.000 2.0 0.192 0.135 0.000
0.0 0.0 0.0 1.0 0.0 0.0 0.0 0.0 0.0 0.0 0.417 0.000 0.000 0.000 3.0 0.346 0.152 0.000
0.0 0.0 0.0 1.0 0.0 0.0 0.0 0.0 0.0 0.0 0.306 0.000 0.000 0.000 2.0 0.288 0.135 0.000
0.0 1.0 0.0 0.0 0.0 0.0 0.0 0.0 0.0 0.0 0.389 0.000 0.000 0.000 2.0 0.173 0.146 0.000
0.0 0.0 0.0 1.0 0.0 0.0 0.0 0.0 0.0 0.0 0.361 0.000 0.000 0.000 2.0 0.212 0.140 0.000
0.0 1.0 0.0 0.0 0.0 0.0 0.0 0.0 0.0 0.0 0.333 0.000 0.000 0.000 2.0 0.154 0.107 0.000
0.0 1.0 0.0 0.0 0.0 0.0 0.0 0.0 0.0 0.0 0.389 0.000 0.000 0.000 2.0 0.173 0.146 0.000
0.0 0.0 0.0 1.0 0.0 0.0 0.0 0.0 0.0 0.0 0.361 0.000 0.000 0.000 2.0 0.135 0.140 0.000
1.0 0.0 0.0 0.0 0.0 0.0 0.0 0.0 0.0 0.0 0.333 0.000 0.000 0.000 2.0 0.135 0.107 0.000
0.0 1.0 0.0 0.0 0.0 0.0 0.0 0.0 0.0 0.0 0.333 0.000 0.000 0.000 3.0 0.250 0.140 0.000
0.0 1.0 0.0 0.0 0.0 0.0 0.0 0.0 0.0 0.0 0.306 0.000 0.000 0.000 1.0 0.250 0.101 0.000
0.0 0.0 0.0 1.0 0.0 0.0 0.0 0.0 0.0 0.0 0.278 0.000 0.000 0.000 3.0 0.385 0.101 0.000
0.0 1.0 0.0 0.0 0.0 0.0 0.0 0.0 0.0 0.0 0.250 0.000 0.000 0.000 2.0 0.212 0.090 0.000
0.0 1.0 0.0 0.0 0.0 0.0 0.0 0.0 0.0 0.0 0.222 0.000 0.000 0.000 3.0 0.385 0.090 0.000
0.0 0.0 0.0 0.0 0.0 1.0 0.0 0.0 0.0 0.0 0.306 0.000 0.000 0.000 2.0 0.231 0.135 0.000
0.0 0.0 1.0 0.0 0.0 0.0 0.0 0.0 0.0 0.0 0.278 0.000 0.000 0.000 2.0 0.212 0.096 0.000
0.0 0.0 0.0 1.0 0.0 0.0 0.0 0.0 0.0 0.0 0.222 0.000 0.000 0.000 2.0 0.346 0.096 0.000
0.0 0.0 0.0 1.0 0.0 0.0 0.0 0.0 1.0 0.0 0.083 0.000 0.000 0.000 2.0 0.115 0.017 0.000
0.0 1.0 0.0 0.0 0.0 0.0 0.0 0.0 0.0 0.0 0.056 0.000 0.000 0.000 2.0 0.096 0.011 0.000
1.0 0.0 0.0 0.0 0.0 0.0 0.0 0.0 0.0 0.0 0.250 0.000 0.000 0.000 2.0 0.173 0.090 0.000
0.0 1.0 0.0 0.0 0.0 0.0 0.0 0.0 0.0 0.0 0.194 0.000 0.000 0.000 2.0 0.154 0.045 0.000
0.0 0.0 0.0 1.0 0.0 0.0 0.0 0.0 1.0 0.0 0.167 0.000 0.000 0.000 2.0 0.250 0.039 0.000
0.0 0.0 0.0 0.0 0.0 0.0 0.0 1.0 0.0 0.0 0.278 0.000 0.000 0.000 2.0 0.308 0.118 0.000
0.0 1.0 0.0 0.0 0.0 0.0 0.0 0.0 0.0 0.0 0.250 0.000 0.000 0.000 2.0 0.212 0.112 0.000
0.0 0.0 0.0 1.0 0.0 0.0 0.0 0.0 0.0 0.0 0.222 0.000 0.000 0.000 2.0 0.462 0.107 0.000
0.0 0.0 0.0 0.0 0.0 1.0 0.0 0.0 0.0 0.0 0.417 0.000 0.000 0.000 3.0 0.327 0.230 0.000
0.0 0.0 1.0 0.0 0.0 0.0 0.0 0.0 0.0 0.0 0.333 0.000 0.000 0.000 2.0 0.308 0.124 0.000
0.0 0.0 0.0 0.0 1.0 0.0 0.0 0.0 1.0 0.0 0.306 0.000 0.000 0.000 2.0 0.192 0.090 0.000
0.0 0.0 1.0 0.0 0.0 0.0 0.0 0.0 0.0 0.0 0.389 0.000 0.000 0.000 3.0 0.519 0.129 0.000
0.0 1.0 0.0 0.0 0.0 0.0 0.0 0.0 0.0 0.0 0.361 0.000 0.000 0.000 2.0 0.231 0.096 0.000
0.0 0.0 0.0 1.0 0.0 0.0 0.0 0.0 0.0 0.0 0.333 0.000 0.000 0.000 2.0 0.212 0.090 0.000
0.0 0.0 0.0 1.0 0.0 0.0 0.0 0.0 0.0 0.0 0.389 0.000 0.000 0.000 2.0 0.346 0.157 0.000
0.0 0.0 0.0 1.0 0.0 0.0 0.0 0.0 0.0 0.0 0.361 0.000 0.000 0.000 2.0 0.212 0.129 0.000
0.0 0.0 0.0 1.0 0.0 0.0 0.0 0.0 0.0 0.0 0.333 0.000 0.000 0.000 2.0 0.269 0.096 0.000
0.0 1.0 0.0 0.0 0.0 0.0 0.0 0.0 0.0 0.0 0.278 0.000 0.000 0.000 1.0 0.192 0.107 0.000
0.0 0.0 0.0 1.0 0.0 0.0 0.0 0.0 0.0 0.0 0.361 0.000 0.000 0.000 2.0 0.346 0.124 0.000
0.0 0.0 0.0 1.0 0.0 0.0 0.0 0.0 0.0 0.0 0.333 0.000 0.000 0.000 2.0 0.269 0.090 0.000
0.0 1.0 0.0 0.0 0.0 0.0 0.0 0.0 0.0 0.0 0.306 0.000 0.000 0.000 1.0 0.288 0.084 0.000
0.0 0.0 0.0 1.0 0.0 0.0 0.0 0.0 0.0 0.0 0.278 0.000 0.000 0.000 2.0 0.269 0.084 0.000
0.0 1.0 0.0 0.0 0.0 0.0 0.0 0.0 0.0 0.0 0.222 0.000 0.000 0.000 2.0 0.250 0.079 0.000
0.0 1.0 0.0 0.0 0.0 0.0 0.0 0.0 0.0 0.0 0.250 0.000 0.000 0.000 2.0 0.269 0.079 0.000
0.0 0.0 0.0 1.0 0.0 0.0 0.0 0.0 0.0 0.0 0.889 0.000 0.000 0.000 4.0 0.308 0.534 0.000
0.0 0.0 0.0 1.0 0.0 0.0 0.0 0.0 0.0 0.0 0.750 0.000 0.000 0.000 3.0 0.308 0.528 0.000
0.0 1.0 0.0 0.0 0.0 0.0 0.0 0.0 0.0 0.0 0.389 0.000 0.000 0.000 2.0 0.154 0.208 0.000
0.0 0.0 0.0 1.0 0.0 0.0 0.0 0.0 0.0 0.0 0.361 0.000 0.000 0.000 2.0 0.365 0.202 0.000
0.0 1.0 0.0 0.0 0.0 0.0 0.0 0.0 0.0 0.0 0.361 0.000 0.000 0.000 3.0 0.288 0.236 0.000
0.0 0.0 0.0 1.0 0.0 0.0 0.0 0.0 1.0 0.0 0.250 0.000 0.000 0.000 2.0 0.173 0.112 0.000
0.0 0.0 0.0 0.0 0.0 1.0 0.0 0.0 0.0 0.0 0.222 0.000 0.000 0.000 2.0 0.404 0.107 0.000
0.0 0.0 0.0 1.0 0.0 0.0 0.0 0.0 0.0 0.0 0.861 0.000 0.000 0.000 2.0 0.269 0.522 0.000
0.0 0.0 0.0 1.0 0.0 0.0 0.0 0.0 0.0 0.0 0.833 0.000 0.000 0.000 2.0 0.173 0.522 0.000
0.0 0.0 0.0 1.0 0.0 0.0 0.0 0.0 0.0 0.0 0.250 0.000 0.000 0.000 2.0 0.308 0.107 0.000
0.0 1.0 0.0 0.0 0.0 0.0 0.0 0.0 0.0 0.0 0.806 0.000 0.000 0.000 1.0 0.154 0.500 0.000
0.0 0.0 0.0 1.0 0.0 0.0 0.0 0.0 0.0 0.0 0.806 0.000 0.000 0.000 2.0 0.269 0.522 0.000
0.0 0.0 0.0 1.0 0.0 0.0 0.0 0.0 0.0 0.0 0.778 0.000 0.000 0.000 2.0 0.231 0.500 0.000
0.0 1.0 0.0 0.0 0.0 0.0 0.0 0.0 0.0 0.0 0.750 0.000 0.000 0.000 3.0 0.346 0.500 0.000
0.0 0.0 0.0 1.0 0.0 0.0 0.0 0.0 0.0 0.0 0.722 0.000 0.000 0.000 3.0 0.308 0.388 0.000
0.0 1.0 0.0 0.0 0.0 0.0 0.0 0.0 0.0 0.0 0.250 0.000 0.000 0.000 2.0 0.212 0.129 0.000
0.0 0.0 1.0 0.0 0.0 0.0 0.0 0.0 0.0 0.0 0.222 0.000 0.000 0.000 3.0 0.538 0.124 0.000
0.0 0.0 0.0 1.0 0.0 0.0 0.0 0.0 0.0 0.0 0.694 0.000 0.000 0.000 2.0 0.269 0.376 0.000
0.0 0.0 0.0 1.0 0.0 0.0 0.0 0.0 0.0 0.0 0.667 0.000 0.000 0.000 2.0 0.231 0.343 0.000
0.0 0.0 0.0 1.0 0.0 0.0 0.0 0.0 0.0 0.0 0.167 0.000 0.000 0.000 2.0 0.231 0.034 0.000
0.0 0.0 1.0 0.0 0.0 0.0 0.0 0.0 0.0 0.0 0.222 0.000 0.000 0.000 3.0 0.500 0.124 0.000
0.0 1.0 0.0 0.0 0.0 0.0 0.0 0.0 0.0 0.0 0.194 0.000 0.000 0.000 1.0 0.288 0.039 0.000
0.0 0.0 0.0 1.0 0.0 0.0 0.0 0.0 0.0 0.0 0.694 0.000 0.000 0.000 2.0 0.212 0.382 0.000
0.0 0.0 0.0 1.0 0.0 0.0 0.0 0.0 0.0 0.0 0.667 0.000 0.000 0.000 2.0 0.231 0.343 0.000
0.0 0.0 0.0 0.0 1.0 0.0 0.0 0.0 0.0 0.0 0.250 0.000 0.000 0.000 2.0 0.365 0.112 0.000
0.0 0.0 0.0 1.0 0.0 0.0 0.0 0.0 0.0 0.0 0.222 0.000 0.000 0.000 2.0 0.538 0.084 0.000
0.0 0.0 0.0 1.0 0.0 0.0 0.0 0.0 0.0 0.0 0.639 0.000 0.000 0.000 3.0 0.308 0.343 0.000
0.0 0.0 0.0 1.0 0.0 0.0 0.0 0.0 0.0 0.0 0.583 0.000 0.000 0.000 2.0 0.250 0.298 0.000
0.0 0.0 0.0 1.0 0.0 0.0 0.0 0.0 1.0 0.0 0.611 0.000 0.000 0.000 3.0 0.346 0.320 0.000
0.0 0.0 0.0 0.0 1.0 0.0 0.0 0.0 0.0 0.0 0.583 0.000 0.000 0.000 2.0 0.212 0.298 0.000
0.0 0.0 0.0 0.0 0.0 1.0 0.0 0.0 0.0 0.0 0.556 0.000 0.000 0.000 2.0 0.231 0.287 0.000
0.0 0.0 0.0 0.0 0.0 1.0 0.0 0.0 0.0 0.0 0.528 0.000 0.000 0.000 2.0 0.212 0.287 0.000
0.0 0.0 0.0 0.0 0.0 1.0 0.0 0.0 0.0 0.0 0.500 0.000 0.000 0.000 2.0 0.192 0.242 0.000
0.0 0.0 0.0 0.0 0.0 1.0 0.0 0.0 0.0 0.0 0.417 0.000 0.000 0.000 2.0 0.212 0.213 0.000
0.0 1.0 0.0 0.0 0.0 0.0 0.0 0.0 0.0 0.0 0.278 0.000 0.000 0.000 1.0 0.231 0.084 0.000
0.0 0.0 0.0 0.0 0.0 1.0 0.0 0.0 0.0 0.0 0.472 0.000 0.000 0.000 2.0 0.308 0.242 0.000
0.0 0.0 0.0 0.0 0.0 1.0 0.0 0.0 0.0 0.0 0.444 0.000 0.000 0.000 2.0 0.212 0.219 0.000
0.0 0.0 0.0 1.0 0.0 0.0 0.0 0.0 0.0 0.0 0.250 0.000 0.000 0.000 2.0 0.346 0.084 0.000
0.0 0.0 0.0 1.0 0.0 0.0 0.0 0.0 0.0 0.0 0.222 0.000 0.000 0.000 2.0 0.327 0.079 0.000
0.0 0.0 0.0 1.0 0.0 0.0 0.0 0.0 0.0 0.0 0.194 0.000 0.000 0.000 2.0 0.346 0.079 0.000
0.0 1.0 0.0 0.0 0.0 0.0 0.0 0.0 1.0 0.0 0.028 0.000 0.000 0.000 1.0 0.115 0.006 0.000
0.0 1.0 0.0 0.0 0.0 0.0 0.0 0.0 0.0 0.0 0.417 0.000 0.000 0.000 2.0 0.154 0.208 0.000
0.0 0.0 0.0 0.0 0.0 1.0 0.0 0.0 0.0 0.0 0.389 0.000 0.000 0.000 2.0 0.250 0.202 0.000
0.0 0.0 1.0 0.0 0.0 0.0 0.0 0.0 0.0 0.0 0.278 0.000 0.000 0.000 2.0 0.365 0.174 0.000
0.0 0.0 1.0 0.0 0.0 0.0 0.0 0.0 0.0 0.0 0.361 0.000 0.000 0.000 2.0 0.231 0.202 0.000
0.0 1.0 0.0 0.0 0.0 0.0 0.0 0.0 0.0 0.0 0.167 0.000 0.000 0.000 1.0 0.346 0.034 0.000
0.0 0.0 0.0 0.0 1.0 0.0 0.0 0.0 0.0 0.0 0.333 0.000 0.000 0.000 2.0 0.231 0.180 0.000
0.0 0.0 0.0 1.0 0.0 0.0 0.0 0.0 0.0 0.0 0.222 0.000 0.000 0.000 2.0 0.327 0.084 0.000
0.0 0.0 0.0 0.0 1.0 0.0 0.0 0.0 1.0 0.0 0.194 0.000 0.000 0.000 2.0 0.308 0.079 0.000
0.0 0.0 0.0 1.0 0.0 0.0 0.0 0.0 0.0 0.0 0.194 0.000 0.000 0.000 2.0 0.346 0.079 0.000
0.0 1.0 0.0 0.0 0.0 0.0 0.0 0.0 1.0 0.0 0.028 0.000 0.000 0.000 1.0 0.115 0.006 0.000
0.0 1.0 0.0 0.0 0.0 0.0 0.0 0.0 0.0 0.0 0.306 0.000 0.000 0.000 2.0 0.115 0.169 0.000
0.0 1.0 0.0 0.0 0.0 0.0 0.0 0.0 0.0 0.0 0.278 0.000 0.000 0.000 1.0 0.173 0.163 0.000
0.0 0.0 0.0 1.0 0.0 0.0 0.0 0.0 0.0 0.0 0.250 0.000 0.000 0.000 3.0 0.365 0.163 0.000
0.0 0.0 0.0 1.0 0.0 0.0 0.0 0.0 0.0 0.0 0.222 0.000 0.000 0.000 3.0 0.327 0.163 0.000
0.0 0.0 0.0 1.0 0.0 0.0 0.0 0.0 1.0 0.0 0.194 0.000 0.000 0.000 3.0 0.365 0.124 0.000
0.0 0.0 0.0 0.0 1.0 0.0 0.0 0.0 0.0 0.0 0.194 0.000 0.000 0.000 3.0 0.423 0.124 0.000
0.0 0.0 0.0 0.0 1.0 0.0 0.0 0.0 1.0 0.0 0.222 0.000 0.000 0.000 3.0 0.346 0.124 0.000
0.0 0.0 0.0 1.0 0.0 0.0 0.0 0.0 0.0 0.0 0.222 0.000 0.000 0.000 3.0 0.404 0.124 0.000
0.0 1.0 0.0 0.0 0.0 0.0 0.0 0.0 1.0 0.0 0.028 0.000 0.000 0.000 1.0 0.346 0.006 0.000
0.0 0.0 0.0 0.0 0.0 1.0 0.0 0.0 0.0 0.0 0.167 0.000 0.000 0.000 2.0 0.385 0.045 0.000
0.0 1.0 0.0 0.0 0.0 0.0 0.0 0.0 0.0 0.0 0.056 0.000 0.000 0.000 1.0 0.212 0.011 0.000
0.0 0.0 0.0 0.0 0.0 1.0 0.0 0.0 0.0 0.0 0.333 0.000 0.000 0.000 2.0 0.231 0.129 0.000
0.0 1.0 0.0 0.0 0.0 0.0 0.0 0.0 0.0 0.0 0.306 0.000 0.000 0.000 2.0 0.154 0.096 0.000
0.0 0.0 0.0 0.0 0.0 1.0 0.0 0.0 0.0 0.0 0.306 0.000 0.000 0.000 2.0 0.231 0.124 0.000
0.0 0.0 0.0 0.0 0.0 1.0 0.0 0.0 0.0 0.0 0.278 0.000 0.000 0.000 2.0 0.231 0.090 0.000
0.0 1.0 0.0 0.0 0.0 0.0 0.0 0.0 0.0 0.0 0.250 0.000 0.000 0.000 1.0 0.173 0.084 0.000
0.0 0.0 0.0 1.0 0.0 0.0 0.0 0.0 0.0 0.0 0.222 0.000 0.000 0.000 2.0 0.423 0.084 0.000
0.0 0.0 1.0 0.0 0.0 0.0 0.0 0.0 1.0 0.0 0.222 0.000 0.000 0.000 3.0 0.327 0.084 0.000
0.0 1.0 0.0 0.0 0.0 0.0 0.0 0.0 0.0 0.0 0.194 0.000 0.000 0.000 1.0 0.250 0.039 0.000
0.0 0.0 0.0 1.0 0.0 0.0 0.0 0.0 1.0 0.0 0.167 0.000 0.000 0.000 2.0 0.481 0.039 0.000
0.0 0.0 1.0 0.0 0.0 0.0 0.0 0.0 0.0 0.0 0.250 0.000 0.000 0.000 2.0 0.250 0.090 0.000
0.0 0.0 0.0 1.0 0.0 0.0 0.0 0.0 0.0 0.0 0.222 0.000 0.000 0.000 2.0 0.423 0.084 0.000
0.0 0.0 0.0 1.0 0.0 0.0 0.0 0.0 1.0 0.0 0.222 0.000 0.000 0.000 3.0 0.308 0.084 0.000
0.0 1.0 0.0 0.0 0.0 0.0 0.0 0.0 0.0 0.0 0.194 0.000 0.000 0.000 1.0 0.577 0.073 0.000
0.0 1.0 0.0 0.0 0.0 0.0 0.0 0.0 1.0 0.0 0.028 0.000 0.000 0.000 1.0 0.135 0.006 0.000
0.0 0.0 0.0 1.0 0.0 0.0 0.0 0.0 1.0 0.0 0.222 0.000 0.000 0.000 3.0 0.500 0.112 0.000
0.0 1.0 0.0 0.0 0.0 0.0 0.0 0.0 0.0 0.0 0.250 0.000 0.000 0.000 2.0 0.173 0.129 0.000
0.0 0.0 0.0 1.0 0.0 0.0 0.0 0.0 0.0 0.0 0.222 0.000 0.000 0.000 2.0 0.423 0.124 0.000
0.0 0.0 0.0 1.0 0.0 0.0 0.0 0.0 1.0 0.0 0.194 0.000 0.000 0.000 2.0 0.212 0.045 0.000
0.0 0.0 1.0 0.0 0.0 0.0 0.0 0.0 1.0 0.0 0.194 0.000 0.000 0.000 2.0 0.885 0.079 0.000
0.0 0.0 0.0 1.0 0.0 0.0 0.0 0.0 1.0 0.0 0.167 0.000 0.000 0.000 4.0 1.000 0.073 0.000
0.0 0.0 0.0 1.0 0.0 0.0 0.0 0.0 0.0 0.0 0.417 0.000 0.000 0.000 2.0 0.308 0.202 0.000
0.0 0.0 0.0 1.0 0.0 0.0 0.0 0.0 0.0 0.0 0.389 0.000 0.000 0.000 2.0 0.212 0.202 0.000
0.0 0.0 0.0 1.0 0.0 0.0 0.0 0.0 0.0 0.0 0.361 0.000 0.000 0.000 3.0 0.346 0.202 0.000
0.0 0.0 1.0 0.0 0.0 0.0 0.0 0.0 0.0 0.0 0.333 0.000 0.000 0.000 4.0 0.500 0.202 0.000
0.0 1.0 0.0 0.0 0.0 0.0 0.0 0.0 0.0 0.0 0.306 0.000 0.000 0.000 2.0 0.231 0.118 0.000
0.0 0.0 0.0 0.0 0.0 0.0 0.0 1.0 0.0 0.0 0.278 0.000 0.000 0.000 2.0 0.173 0.112 0.000
0.0 1.0 0.0 0.0 0.0 0.0 0.0 0.0 0.0 0.0 0.250 0.000 0.000 0.000 3.0 0.346 0.118 0.000
0.0 0.0 0.0 1.0 0.0 0.0 0.0 0.0 1.0 0.0 0.250 0.000 0.000 0.000 3.0 0.481 0.112 0.000
0.0 1.0 0.0 0.0 0.0 0.0 0.0 0.0 1.0 0.0 0.028 0.000 0.000 0.000 1.0 0.212 0.006 0.000
0.0 1.0 0.0 0.0 0.0 0.0 0.0 0.0 0.0 0.0 0.167 0.000 0.000 0.000 1.0 0.327 0.034 0.000
0.0 0.0 0.0 1.0 0.0 0.0 0.0 0.0 0.0 0.0 0.278 0.000 0.000 0.000 2.0 0.288 0.118 0.000
0.0 1.0 0.0 0.0 0.0 0.0 0.0 0.0 0.0 0.0 0.194 0.000 0.000 0.000 1.0 0.385 0.045 0.000
0.0 1.0 0.0 0.0 0.0 0.0 0.0 0.0 0.0 0.0 0.361 0.000 0.000 0.000 2.0 0.212 0.185 0.000
0.0 0.0 0.0 1.0 0.0 0.0 0.0 0.0 0.0 0.0 0.333 0.000 0.000 0.000 4.0 0.288 0.180 0.000
0.0 1.0 0.0 0.0 0.0 0.0 0.0 0.0 0.0 0.0 0.250 0.000 0.000 0.000 1.0 0.269 0.107 0.000
0.0 0.0 0.0 0.0 0.0 1.0 0.0 0.0 0.0 0.0 0.222 0.000 0.000 0.000 2.0 0.462 0.107 0.000
0.0 1.0 0.0 0.0 0.0 0.0 0.0 0.0 0.0 0.0 0.194 0.000 0.000 0.000 1.0 0.288 0.045 0.000
0.0 0.0 0.0 1.0 0.0 0.0 0.0 0.0 1.0 0.0 0.194 0.000 0.000 0.000 2.0 0.269 0.051 0.000
0.0 0.0 0.0 0.0 0.0 1.0 0.0 0.0 1.0 0.0 0.222 0.000 0.000 0.000 2.0 0.346 0.079 0.000
0.0 0.0 0.0 0.0 0.0 0.0 1.0 0.0 0.0 0.0 0.306 0.000 0.000 0.000 2.0 0.365 0.124 0.000
0.0 1.0 0.0 0.0 0.0 0.0 0.0 0.0 0.0 0.0 0.278 0.000 0.000 0.000 2.0 0.212 0.112 0.000
0.0 0.0 0.0 1.0 0.0 0.0 0.0 0.0 0.0 0.0 0.250 0.000 0.000 0.000 2.0 0.500 0.107 0.000
0.0 0.0 0.0 1.0 0.0 0.0 0.0 0.0 0.0 0.0 0.250 0.000 0.000 0.000 2.0 0.365 0.084 0.000
0.0 1.0 0.0 0.0 0.0 0.0 0.0 0.0 0.0 0.0 0.222 0.000 0.000 0.000 1.0 0.635 0.073 0.000
0.0 0.0 0.0 1.0 0.0 0.0 0.0 0.0 1.0 0.0 0.194 0.000 0.000 0.000 3.0 0.808 0.073 0.000
0.0 0.0 0.0 1.0 0.0 0.0 0.0 0.0 0.0 0.0 0.167 0.000 0.000 0.000 2.0 0.365 0.045 0.000
0.0 1.0 0.0 0.0 0.0 0.0 0.0 0.0 1.0 0.0 0.028 0.000 0.000 0.000 1.0 0.250 0.006 0.000
0.0 1.0 0.0 0.0 0.0 0.0 0.0 0.0 1.0 1.0 0.028 0.000 0.000 0.000 1.0 0.019 0.006 0.500
0.0 1.0 0.0 0.0 0.0 0.0 0.0 0.0 1.0 0.0 0.028 0.000 0.000 0.000 1.0 0.019 0.006 0.000
0.0 1.0 0.0 0.0 0.0 0.0 0.0 0.0 1.0 0.0 0.028 0.000 0.000 0.000 1.0 0.019 0.006 0.000
0.0 1.0 0.0 0.0 0.0 0.0 0.0 0.0 1.0 0.0 0.028 0.000 0.000 0.000 1.0 0.019 0.006 0.000
0.0 1.0 0.0 0.0 0.0 0.0 0.0 0.0 0.0 1.0 0.111 0.000 0.000 0.000 2.0 0.058 0.022 0.500
0.0 0.0 0.0 1.0 0.0 0.0 0.0 0.0 1.0 0.0 0.083 0.028 0.028 0.028 2.0 0.096 0.017 0.500
0.0 1.0 0.0 0.0 0.0 0.0 0.0 0.0 0.0 0.0 0.056 0.056 0.056 0.056 1.0 0.096 0.011 0.500
0.0 0.0 0.0 1.0 0.0 0.0 0.0 0.0 1.0 0.0 0.028 0.083 0.083 0.083 2.0 0.077 0.011 0.500
0.0 1.0 0.0 0.0 0.0 0.0 0.0 0.0 0.0 0.0 0.194 0.000 0.000 0.000 2.0 0.077 0.090 0.000
0.0 0.0 0.0 1.0 0.0 0.0 0.0 0.0 0.0 0.0 0.167 0.000 0.000 0.000 2.0 0.115 0.084 0.000
0.0 0.0 0.0 1.0 0.0 0.0 0.0 0.0 1.0 0.0 0.028 0.000 0.000 0.000 2.0 0.077 0.011 0.000
0.0 0.0 0.0 1.0 0.0 0.0 0.0 0.0 1.0 1.0 0.167 0.000 0.000 0.000 2.0 0.077 0.079 0.500
0.0 0.0 1.0 0.0 0.0 0.0 0.0 0.0 1.0 0.0 0.139 0.028 0.028 0.028 3.0 0.173 0.073 0.500
0.0 0.0 1.0 0.0 0.0 0.0 0.0 0.0 0.0 0.0 0.111 0.056 0.056 0.056 2.0 0.250 0.062 0.500
0.0 0.0 0.0 1.0 0.0 0.0 0.0 0.0 1.0 0.0 0.056 0.111 0.111 0.111 2.0 0.135 0.028 0.500
0.0 0.0 0.0 1.0 0.0 0.0 0.0 0.0 1.0 0.0 0.028 0.139 0.139 0.139 4.0 0.115 0.022 0.500
0.0 1.0 0.0 0.0 0.0 0.0 0.0 0.0 0.0 0.0 0.083 0.083 0.083 0.083 2.0 0.135 0.034 0.500
0.0 0.0 1.0 0.0 0.0 0.0 0.0 0.0 1.0 0.0 0.056 0.111 0.111 0.111 2.0 0.096 0.028 0.500
0.0 0.0 0.0 1.0 0.0 0.0 0.0 0.0 1.0 0.0 0.028 0.139 0.139 0.139 4.0 0.115 0.022 0.500
0.0 1.0 0.0 0.0 0.0 0.0 0.0 0.0 0.0 0.0 0.056 0.000 0.000 0.000 2.0 0.038 0.017 0.000
0.0 0.0 0.0 1.0 0.0 0.0 0.0 0.0 1.0 0.0 0.028 0.000 0.000 0.000 2.0 0.038 0.011 0.000
0.0 1.0 0.0 0.0 0.0 0.0 0.0 0.0 0.0 0.0 0.194 0.000 0.000 0.000 2.0 0.096 0.039 0.000
0.0 1.0 0.0 0.0 0.0 0.0 0.0 0.0 0.0 0.0 0.167 0.000 0.000 0.000 1.0 0.365 0.034 0.000
0.0 1.0 0.0 0.0 0.0 0.0 0.0 0.0 0.0 0.0 0.167 0.000 0.000 0.000 1.0 0.231 0.034 0.000
0.0 1.0 0.0 0.0 0.0 0.0 0.0 0.0 0.0 0.0 0.167 0.000 0.000 0.000 2.0 0.192 0.045 0.000
0.0 0.0 0.0 1.0 0.0 0.0 0.0 0.0 1.0 0.0 0.028 0.000 0.000 0.000 4.0 0.019 0.022 0.000
0.0 1.0 0.0 0.0 0.0 0.0 0.0 0.0 0.0 0.0 0.222 0.000 0.000 0.000 3.0 0.096 0.056 0.000
0.0 0.0 0.0 0.0 0.0 0.0 0.0 1.0 1.0 0.0 0.194 0.000 0.000 0.000 2.0 0.115 0.045 0.000
0.0 1.0 0.0 0.0 0.0 0.0 0.0 0.0 0.0 0.0 0.167 0.000 0.000 0.000 1.0 0.212 0.039 0.000
0.0 1.0 0.0 0.0 0.0 0.0 0.0 0.0 1.0 0.0 0.028 0.000 0.000 0.000 1.0 0.096 0.006 0.000
0.0 0.0 0.0 0.0 1.0 0.0 0.0 0.0 0.0 0.0 0.167 0.000 0.000 0.000 2.0 0.250 0.039 0.000
0.0 1.0 0.0 0.0 0.0 0.0 0.0 0.0 0.0 0.0 0.361 0.000 0.000 0.000 1.0 0.115 0.674 0.000
0.0 0.0 0.0 0.0 0.0 1.0 0.0 0.0 0.0 0.0 0.333 0.000 0.000 0.000 4.0 0.288 0.674 0.000
0.0 0.0 0.0 1.0 0.0 0.0 0.0 0.0 1.0 0.0 0.306 0.000 0.000 0.000 4.0 0.250 0.157 0.000
0.0 0.0 0.0 0.0 0.0 0.0 0.0 1.0 1.0 0.0 0.278 0.000 0.000 0.000 2.0 0.135 0.073 0.000
0.0 1.0 0.0 0.0 0.0 0.0 0.0 0.0 0.0 0.0 0.250 0.000 0.000 0.000 2.0 0.115 0.067 0.000
0.0 0.0 0.0 1.0 0.0 0.0 0.0 0.0 0.0 0.0 0.222 0.000 0.000 0.000 2.0 0.135 0.062 0.000
0.0 0.0 0.0 1.0 0.0 0.0 0.0 0.0 1.0 0.0 0.194 0.000 0.000 0.000 2.0 0.231 0.051 0.000
0.0 0.0 0.0 1.0 0.0 0.0 0.0 0.0 0.0 0.0 0.167 0.000 0.000 0.000 4.0 0.385 0.045 0.000
0.0 0.0 0.0 1.0 0.0 0.0 0.0 0.0 1.0 0.0 0.139 0.000 0.000 0.000 2.0 0.308 0.028 0.000
0.0 0.0 0.0 1.0 0.0 0.0 0.0 0.0 1.0 0.0 0.139 0.000 0.000 0.000 2.0 0.308 0.028 0.000
0.0 0.0 0.0 1.0 0.0 0.0 0.0 0.0 1.0 0.0 0.083 0.000 0.000 0.000 2.0 0.404 0.017 0.000
0.0 0.0 0.0 1.0 0.0 0.0 0.0 0.0 1.0 0.0 0.083 0.000 0.000 0.000 2.0 0.385 0.017 0.000
0.0 0.0 0.0 1.0 0.0 0.0 0.0 0.0 1.0 0.0 0.056 0.000 0.000 0.000 2.0 0.154 0.017 0.000
0.0 0.0 0.0 0.0 0.0 0.0 0.0 1.0 0.0 0.0 0.250 0.000 0.000 0.000 2.0 0.269 0.073 0.000
0.0 1.0 0.0 0.0 0.0 0.0 0.0 0.0 1.0 0.0 0.028 0.000 0.000 0.000 2.0 0.346 0.011 0.000
0.0 0.0 0.0 1.0 0.0 0.0 0.0 0.0 0.0 0.0 0.222 0.000 0.000 0.000 2.0 0.154 0.062 0.000
0.0 0.0 0.0 1.0 0.0 0.0 0.0 0.0 1.0 0.0 0.194 0.000 0.000 0.000 2.0 0.212 0.051 0.000
0.0 0.0 0.0 1.0 0.0 0.0 0.0 0.0 0.0 0.0 0.167 0.000 0.000 0.000 4.0 0.385 0.045 0.000
0.0 0.0 0.0 1.0 0.0 0.0 0.0 0.0 1.0 0.0 0.139 0.000 0.000 0.000 2.0 0.288 0.028 0.000
0.0 0.0 0.0 1.0 0.0 0.0 0.0 0.0 1.0 0.0 0.139 0.000 0.000 0.000 2.0 0.288 0.028 0.000
0.0 0.0 0.0 1.0 0.0 0.0 0.0 0.0 1.0 0.0 0.083 0.000 0.000 0.000 2.0 0.385 0.017 0.000
0.0 0.0 0.0 1.0 0.0 0.0 0.0 0.0 1.0 0.0 0.083 0.000 0.000 0.000 2.0 0.365 0.017 0.000
0.0 0.0 0.0 1.0 0.0 0.0 0.0 0.0 1.0 0.0 0.056 0.000 0.000 0.000 2.0 0.154 0.017 0.000
0.0 1.0 0.0 0.0 0.0 0.0 0.0 0.0 0.0 0.0 0.222 0.000 0.000 0.000 2.0 0.154 0.056 0.000
0.0 0.0 0.0 0.0 0.0 1.0 0.0 0.0 1.0 0.0 0.194 0.000 0.000 0.000 3.0 0.135 0.051 0.000
0.0 0.0 0.0 0.0 0.0 1.0 0.0 0.0 0.0 0.0 0.167 0.000 0.000 0.000 2.0 0.173 0.039 0.000
0.0 1.0 0.0 0.0 0.0 0.0 0.0 0.0 0.0 0.0 0.139 0.000 0.000 0.000 1.0 0.250 0.034 0.000
0.0 0.0 1.0 0.0 0.0 0.0 0.0 0.0 1.0 0.0 0.056 0.000 0.000 0.000 2.0 0.115 0.011 0.000
0.0 0.0 0.0 1.0 0.0 0.0 0.0 0.0 0.0 0.0 0.306 0.000 0.000 0.000 4.0 0.308 0.494 0.000
0.0 0.0 0.0 1.0 0.0 0.0 0.0 0.0 1.0 0.0 0.222 0.000 0.000 0.000 2.0 0.212 0.135 0.000
0.0 0.0 0.0 1.0 0.0 0.0 0.0 0.0 0.0 0.0 0.194 0.000 0.000 0.000 4.0 0.308 0.129 0.000
0.0 0.0 0.0 1.0 0.0 0.0 0.0 0.0 0.0 0.0 0.139 0.000 0.000 0.000 4.0 0.327 0.039 0.000
0.0 0.0 0.0 1.0 0.0 0.0 0.0 0.0 1.0 0.0 0.083 0.000 0.000 0.000 2.0 0.365 0.017 0.000
0.0 0.0 0.0 1.0 0.0 0.0 0.0 0.0 1.0 0.0 0.083 0.000 0.000 0.000 2.0 0.250 0.017 0.000
0.0 0.0 0.0 1.0 0.0 0.0 0.0 0.0 1.0 0.0 0.056 0.000 0.000 0.000 2.0 0.231 0.017 0.000
0.0 1.0 0.0 0.0 0.0 0.0 0.0 0.0 0.0 0.0 0.111 0.000 0.000 0.000 2.0 0.173 0.022 0.000
0.0 0.0 0.0 1.0 0.0 0.0 0.0 0.0 1.0 0.0 0.083 0.000 0.000 0.000 2.0 0.269 0.017 0.000
0.0 0.0 0.0 1.0 0.0 0.0 0.0 0.0 1.0 0.0 0.139 0.000 0.000 0.000 2.0 0.231 0.039 0.000
0.0 0.0 0.0 1.0 0.0 0.0 0.0 0.0 0.0 0.0 0.111 0.000 0.000 0.000 4.0 0.269 0.034 0.000
0.0 0.0 0.0 1.0 0.0 0.0 0.0 0.0 1.0 0.0 0.056 0.000 0.000 0.000 2.0 0.231 0.017 0.000
0.0 0.0 0.0 1.0 0.0 0.0 0.0 0.0 1.0 0.0 0.083 0.000 0.000 0.000 2.0 0.250 0.017 0.000
0.0 0.0 0.0 1.0 0.0 0.0 0.0 0.0 1.0 0.0 0.083 0.000 0.000 0.000 2.0 0.365 0.017 0.000
0.0 0.0 0.0 1.0 0.0 0.0 0.0 0.0 1.0 0.0 0.083 0.000 0.000 0.000 2.0 0.346 0.017 0.000
0.0 0.0 0.0 0.0 0.0 0.0 0.0 1.0 0.0 0.0 0.167 0.000 0.000 0.000 2.0 0.365 0.045 0.000
0.0 0.0 0.0 1.0 0.0 0.0 0.0 0.0 0.0 0.0 0.139 0.000 0.000 0.000 4.0 0.538 0.039 0.000
0.0 0.0 0.0 1.0 0.0 0.0 0.0 0.0 1.0 0.0 0.056 0.000 0.000 0.000 2.0 0.288 0.017 0.000
0.0 0.0 0.0 1.0 0.0 0.0 0.0 0.0 1.0 0.0 0.083 0.000 0.000 0.000 2.0 0.308 0.017 0.000
0.0 0.0 0.0 1.0 0.0 0.0 0.0 0.0 1.0 0.0 0.083 0.000 0.000 0.000 2.0 0.423 0.017 0.000
0.0 1.0 0.0 0.0 0.0 0.0 0.0 0.0 0.0 0.0 0.111 0.000 0.000 0.000 2.0 0.231 0.022 0.000
0.0 0.0 0.0 1.0 0.0 0.0 0.0 0.0 1.0 0.0 0.083 0.000 0.000 0.000 2.0 0.269 0.017 0.000
0.0 0.0 0.0 0.0 0.0 0.0 0.0 1.0 1.0 0.0 0.139 0.000 0.000 0.000 2.0 0.308 0.039 0.000
0.0 0.0 1.0 0.0 0.0 0.0 0.0 0.0 0.0 0.0 0.111 0.000 0.000 0.000 4.0 0.673 0.034 0.000
0.0 0.0 0.0 1.0 0.0 0.0 0.0 0.0 1.0 0.0 0.056 0.000 0.000 0.000 2.0 0.308 0.017 0.000
0.0 0.0 0.0 1.0 0.0 0.0 0.0 0.0 1.0 0.0 0.083 0.000 0.000 0.000 2.0 0.327 0.017 0.000
0.0 0.0 0.0 1.0 0.0 0.0 0.0 0.0 1.0 0.0 0.083 0.000 0.000 0.000 2.0 0.442 0.017 0.000
0.0 0.0 0.0 1.0 0.0 0.0 0.0 0.0 1.0 0.0 0.083 0.000 0.000 0.000 2.0 0.423 0.017 0.000
0.0 0.0 0.0 1.0 0.0 0.0 0.0 0.0 0.0 0.0 0.111 0.000 0.000 0.000 2.0 0.250 0.045 0.000
0.0 1.0 0.0 0.0 0.0 0.0 0.0 0.0 1.0 0.0 0.028 0.000 0.000 0.000 1.0 0.154 0.006 0.000
0.0 0.0 0.0 1.0 0.0 0.0 0.0 0.0 1.0 0.0 0.083 0.000 0.000 0.000 4.0 0.173 0.039 0.000
0.0 0.0 0.0 1.0 0.0 0.0 0.0 0.0 1.0 0.0 0.028 0.000 0.000 0.000 2.0 0.096 0.011 0.000
0.0 0.0 0.0 0.0 0.0 0.0 0.0 1.0 1.0 0.0 0.056 0.000 0.000 0.000 2.0 0.173 0.011 0.000
0.0 1.0 0.0 0.0 0.0 0.0 0.0 0.0 1.0 0.0 0.028 0.000 0.000 0.000 1.0 0.212 0.006 0.000
0.0 0.0 0.0 0.0 0.0 0.0 0.0 1.0 1.0 0.0 0.056 0.000 0.000 0.000 2.0 0.154 0.011 0.000
0.0 1.0 0.0 0.0 0.0 0.0 0.0 0.0 1.0 0.0 0.028 0.000 0.000 0.000 1.0 0.192 0.006 0.000
0.0 0.0 0.0 1.0 0.0 0.0 0.0 0.0 1.0 0.0 0.278 0.000 0.000 0.000 2.0 0.192 0.287 0.000
0.0 0.0 0.0 1.0 0.0 0.0 0.0 0.0 0.0 0.0 0.250 0.000 0.000 0.000 3.0 0.327 0.281 0.000
0.0 0.0 0.0 0.0 0.0 1.0 0.0 0.0 0.0 0.0 0.222 0.000 0.000 0.000 4.0 0.288 0.152 0.000
0.0 0.0 0.0 0.0 0.0 0.0 0.0 1.0 1.0 0.0 0.167 0.000 0.000 0.000 2.0 0.269 0.039 0.000
0.0 0.0 0.0 0.0 0.0 0.0 0.0 1.0 1.0 0.0 0.167 0.000 0.000 0.000 2.0 0.288 0.039 0.000
0.0 0.0 0.0 1.0 0.0 0.0 0.0 0.0 0.0 0.0 0.139 0.000 0.000 0.000 4.0 0.481 0.034 0.000
0.0 0.0 0.0 1.0 0.0 0.0 0.0 0.0 1.0 0.0 0.056 0.000 0.000 0.000 2.0 0.365 0.017 0.000
0.0 0.0 0.0 1.0 0.0 0.0 0.0 0.0 1.0 0.0 0.056 0.000 0.000 0.000 2.0 0.365 0.017 0.000
0.0 0.0 0.0 1.0 0.0 0.0 0.0 0.0 1.0 0.0 0.111 0.000 0.000 0.000 2.0 0.385 0.017 0.000
0.0 0.0 0.0 1.0 0.0 0.0 0.0 0.0 1.0 0.0 0.083 0.000 0.000 0.000 2.0 0.404 0.017 0.000
0.0 0.0 0.0 0.0 0.0 0.0 0.0 1.0 1.0 0.0 0.167 0.000 0.000 0.000 2.0 0.269 0.039 0.000
0.0 0.0 0.0 1.0 0.0 0.0 0.0 0.0 0.0 0.0 0.139 0.056 0.056 0.056 4.0 0.404 0.034 0.500
0.0 0.0 0.0 1.0 0.0 0.0 0.0 0.0 1.0 0.0 0.056 0.139 0.139 0.139 2.0 0.346 0.017 0.500
0.0 0.0 0.0 1.0 0.0 0.0 0.0 0.0 1.0 0.0 0.056 0.139 0.139 0.139 2.0 0.346 0.017 0.500
0.0 0.0 0.0 1.0 0.0 0.0 0.0 0.0 1.0 0.0 0.111 0.083 0.083 0.083 2.0 0.365 0.017 0.500
0.0 0.0 0.0 1.0 0.0 0.0 0.0 0.0 1.0 0.0 0.083 0.111 0.111 0.111 2.0 0.385 0.017 0.500
0.0 0.0 0.0 1.0 0.0 0.0 0.0 0.0 0.0 0.0 0.194 0.000 0.000 0.000 3.0 0.269 0.067 0.000
0.0 1.0 0.0 0.0 0.0 0.0 0.0 0.0 0.0 0.0 0.111 0.000 0.000 0.000 1.0 0.173 0.022 0.000
0.0 0.0 0.0 0.0 1.0 0.0 0.0 0.0 0.0 0.0 0.167 0.000 0.000 0.000 2.0 0.423 0.045 0.000
0.0 0.0 0.0 1.0 0.0 0.0 0.0 0.0 0.0 0.0 0.167 0.000 0.000 0.000 2.0 0.308 0.045 0.000
0.0 0.0 0.0 0.0 0.0 1.0 0.0 0.0 0.0 0.0 0.222 0.000 0.000 0.000 3.0 0.231 0.101 0.000
0.0 0.0 0.0 0.0 0.0 0.0 0.0 1.0 1.0 0.0 0.167 0.000 0.000 0.000 2.0 0.250 0.039 0.000
0.0 0.0 0.0 1.0 0.0 0.0 0.0 0.0 0.0 0.0 0.139 0.056 0.056 0.056 4.0 0.404 0.034 0.500
0.0 0.0 0.0 1.0 0.0 0.0 0.0 0.0 1.0 0.0 0.056 0.139 0.139 0.139 2.0 0.346 0.017 0.500
0.0 0.0 0.0 1.0 0.0 0.0 0.0 0.0 1.0 0.0 0.056 0.139 0.139 0.139 2.0 0.346 0.017 0.500
0.0 0.0 0.0 1.0 0.0 0.0 0.0 0.0 1.0 0.0 0.111 0.083 0.083 0.083 2.0 0.365 0.017 0.500
0.0 0.0 0.0 1.0 0.0 0.0 0.0 0.0 1.0 0.0 0.083 0.111 0.111 0.111 2.0 0.385 0.017 0.500
0.0 0.0 0.0 0.0 0.0 0.0 0.0 1.0 0.0 0.0 0.194 0.000 0.000 0.000 2.0 0.288 0.045 0.000
0.0 1.0 0.0 0.0 0.0 0.0 0.0 0.0 0.0 0.0 0.167 0.000 0.000 0.000 2.0 0.346 0.039 0.000
0.0 0.0 0.0 1.0 0.0 0.0 0.0 0.0 0.0 0.0 0.139 0.000 0.000 0.000 4.0 0.269 0.034 0.000
0.0 0.0 0.0 1.0 0.0 0.0 0.0 0.0 1.0 0.0 0.056 0.000 0.000 0.000 2.0 0.288 0.017 0.000
0.0 0.0 0.0 1.0 0.0 0.0 0.0 0.0 1.0 0.0 0.056 0.000 0.000 0.000 2.0 0.288 0.017 0.000
0.0 0.0 0.0 1.0 0.0 0.0 0.0 0.0 1.0 0.0 0.111 0.000 0.000 0.000 2.0 0.308 0.017 0.000
0.0 0.0 0.0 1.0 0.0 0.0 0.0 0.0 1.0 0.0 0.083 0.000 0.000 0.000 2.0 0.327 0.017 0.000
0.0 0.0 0.0 0.0 0.0 0.0 0.0 1.0 1.0 0.0 0.167 0.000 0.000 0.000 2.0 0.269 0.039 0.000
0.0 0.0 0.0 1.0 0.0 0.0 0.0 0.0 0.0 0.0 0.139 0.000 0.000 0.000 4.0 0.442 0.034 0.000
0.0 0.0 0.0 1.0 0.0 0.0 0.0 0.0 1.0 0.0 0.056 0.000 0.000 0.000 2.0 0.365 0.017 0.000
0.0 0.0 0.0 1.0 0.0 0.0 0.0 0.0 1.0 0.0 0.056 0.000 0.000 0.000 2.0 0.365 0.017 0.000
0.0 0.0 0.0 1.0 0.0 0.0 0.0 0.0 1.0 0.0 0.111 0.000 0.000 0.000 2.0 0.385 0.017 0.000
0.0 0.0 0.0 1.0 0.0 0.0 0.0 0.0 1.0 0.0 0.083 0.000 0.000 0.000 2.0 0.404 0.017 0.000
0.0 0.0 0.0 0.0 0.0 1.0 0.0 0.0 0.0 0.0 0.222 0.000 0.000 0.000 4.0 0.288 0.073 0.000
0.0 1.0 0.0 0.0 0.0 0.0 0.0 0.0 0.0 0.0 0.194 0.000 0.000 0.000 3.0 0.269 0.045 0.000
0.0 1.0 0.0 0.0 0.0 0.0 0.0 0.0 0.0 0.0 0.167 0.000 0.000 0.000 1.0 0.250 0.034 0.000
0.0 0.0 0.0 0.0 0.0 1.0 0.0 0.0 1.0 0.0 0.167 0.000 0.000 0.000 2.0 0.288 0.039 0.000
0.0 0.0 0.0 1.0 0.0 0.0 0.0 0.0 0.0 0.0 0.139 0.000 0.000 0.000 4.0 0.404 0.034 0.000
0.0 0.0 0.0 1.0 0.0 0.0 0.0 0.0 1.0 0.0 0.056 0.000 0.000 0.000 2.0 0.365 0.017 0.000
0.0 0.0 0.0 1.0 0.0 0.0 0.0 0.0 1.0 0.0 0.056 0.000 0.000 0.000 2.0 0.365 0.017 0.000
0.0 0.0 0.0 1.0 0.0 0.0 0.0 0.0 1.0 0.0 0.111 0.000 0.000 0.000 2.0 0.385 0.017 0.000
0.0 0.0 0.0 1.0 0.0 0.0 0.0 0.0 1.0 0.0 0.083 0.000 0.000 0.000 2.0 0.404 0.017 0.000
0.0 1.0 0.0 0.0 0.0 0.0 0.0 0.0 0.0 0.0 0.167 0.000 0.000 0.000 3.0 0.269 0.039 0.000
0.0 1.0 0.0 0.0 0.0 0.0 0.0 0.0 0.0 0.0 0.139 0.000 0.000 0.000 1.0 0.308 0.028 0.000
0.0 0.0 0.0 0.0 0.0 1.0 0.0 0.0 1.0 0.0 0.139 0.000 0.000 0.000 2.0 0.308 0.034 0.000
0.0 0.0 0.0 1.0 0.0 0.0 0.0 0.0 0.0 0.0 0.111 0.000 0.000 0.000 4.0 0.462 0.028 0.000
0.0 0.0 0.0 1.0 0.0 0.0 0.0 0.0 1.0 0.0 0.083 0.000 0.000 0.000 2.0 0.423 0.017 0.000
0.0 0.0 0.0 1.0 0.0 0.0 0.0 0.0 1.0 0.0 0.056 0.000 0.000 0.000 2.0 0.250 0.011 0.000
0.0 0.0 0.0 1.0 0.0 0.0 0.0 0.0 1.0 0.0 0.028 0.000 0.000 0.000 2.0 0.212 0.011 0.000
0.0 0.0 0.0 1.0 0.0 0.0 0.0 0.0 0.0 0.0 0.167 0.000 0.000 0.000 2.0 0.231 0.124 0.000
0.0 1.0 0.0 0.0 0.0 0.0 0.0 0.0 1.0 0.0 0.028 0.000 0.000 0.000 1.0 0.077 0.006 0.000
0.0 0.0 0.0 1.0 0.0 0.0 0.0 0.0 0.0 0.0 0.139 0.000 0.000 0.000 4.0 0.327 0.118 0.000
0.0 0.0 0.0 0.0 0.0 1.0 0.0 0.0 0.0 0.0 0.111 0.000 0.000 0.000 4.0 0.346 0.062 0.000
0.0 0.0 0.0 1.0 0.0 0.0 0.0 0.0 0.0 0.0 0.083 0.000 0.000 0.000 2.0 0.231 0.022 0.000
0.0 1.0 0.0 0.0 0.0 0.0 0.0 0.0 0.0 0.0 0.056 0.000 0.000 0.000 2.0 0.212 0.011 0.000
0.0 1.0 0.0 0.0 0.0 0.0 0.0 0.0 0.0 0.0 0.056 0.000 0.000 0.000 2.0 0.212 0.011 0.000
0.0 0.0 0.0 0.0 0.0 0.0 0.0 1.0 1.0 0.0 0.028 0.000 0.000 0.000 2.0 0.115 0.011 0.000
0.0 0.0 0.0 0.0 0.0 0.0 0.0 1.0 1.0 0.0 0.056 0.000 0.000 0.000 2.0 0.173 0.017 0.000
0.0 1.0 0.0 0.0 0.0 0.0 0.0 0.0 1.0 0.0 0.028 0.000 0.000 0.000 2.0 0.173 0.011 0.000
0.0 0.0 0.0 1.0 0.0 0.0 0.0 0.0 0.0 0.0 0.083 0.000 0.000 0.000 4.0 0.269 0.034 0.000
0.0 0.0 0.0 1.0 0.0 0.0 0.0 0.0 0.0 0.0 0.056 0.000 0.000 0.000 2.0 0.231 0.011 0.000
1.0 0.0 0.0 0.0 0.0 0.0 0.0 0.0 0.0 0.0 0.056 0.000 0.000 0.000 3.0 0.231 0.017 0.000
0.0 1.0 0.0 0.0 0.0 0.0 0.0 0.0 1.0 0.0 0.028 0.000 0.000 0.000 1.0 0.096 0.006 0.000
0.0 1.0 0.0 0.0 0.0 0.0 0.0 0.0 1.0 0.0 0.028 0.000 0.000 0.000 1.0 0.308 0.006 0.000
0.0 0.0 0.0 1.0 0.0 0.0 0.0 0.0 0.0 0.0 0.056 0.000 0.000 0.000 2.0 0.231 0.011 0.000
1.0 0.0 0.0 0.0 0.0 0.0 0.0 0.0 0.0 0.0 0.056 0.000 0.000 0.000 3.0 0.231 0.017 0.000
0.0 1.0 0.0 0.0 0.0 0.0 0.0 0.0 1.0 0.0 0.028 0.000 0.000 0.000 1.0 0.096 0.006 0.000
0.0 1.0 0.0 0.0 0.0 0.0 0.0 0.0 1.0 0.0 0.028 0.000 0.000 0.000 1.0 0.327 0.006 0.000
0.0 0.0 0.0 0.0 0.0 1.0 0.0 0.0 0.0 0.0 0.056 0.000 0.000 0.000 3.0 0.173 0.034 0.000
0.0 0.0 0.0 0.0 0.0 0.0 0.0 1.0 1.0 0.0 0.028 0.000 0.000 0.000 2.0 0.096 0.011 0.000
0.0 0.0 0.0 0.0 0.0 0.0 0.0 1.0 1.0 0.0 0.028 0.000 0.000 0.000 2.0 0.096 0.011 0.000
0.0 0.0 0.0 0.0 0.0 0.0 0.0 1.0 1.0 0.0 0.028 0.000 0.000 0.000 2.0 0.096 0.011 0.000
0.0 0.0 0.0 0.0 0.0 0.0 0.0 1.0 1.0 0.0 0.056 0.000 0.000 0.000 2.0 0.173 0.011 0.000
0.0 1.0 0.0 0.0 0.0 0.0 0.0 0.0 1.0 0.0 0.028 0.000 0.000 0.000 1.0 0.173 0.006 0.000
0.0 0.0 0.0 0.0 0.0 0.0 0.0 1.0 1.0 0.0 0.056 0.000 0.000 0.000 2.0 0.231 0.011 0.000
0.0 1.0 0.0 0.0 0.0 0.0 0.0 0.0 1.0 0.0 0.028 0.000 0.000 0.000 1.0 0.365 0.006 0.000
0.0 0.0 0.0 0.0 0.0 0.0 0.0 1.0 1.0 0.0 0.250 0.000 0.000 0.000 2.0 0.173 0.067 0.000
0.0 0.0 0.0 1.0 0.0 0.0 0.0 0.0 0.0 0.0 0.222 0.000 0.000 0.000 2.0 0.135 0.062 0.000
0.0 0.0 0.0 1.0 0.0 0.0 0.0 0.0 1.0 0.0 0.194 0.000 0.000 0.000 2.0 0.192 0.051 0.000
0.0 0.0 0.0 1.0 0.0 0.0 0.0 0.0 0.0 0.0 0.167 0.000 0.000 0.000 4.0 0.269 0.045 0.000
0.0 0.0 0.0 1.0 0.0 0.0 0.0 0.0 1.0 0.0 0.139 0.000 0.000 0.000 2.0 0.269 0.028 0.000
0.0 0.0 0.0 1.0 0.0 0.0 0.0 0.0 1.0 0.0 0.139 0.000 0.000 0.000 2.0 0.269 0.028 0.000
0.0 0.0 0.0 1.0 0.0 0.0 0.0 0.0 1.0 0.0 0.083 0.000 0.000 0.000 2.0 0.365 0.017 0.000
0.0 0.0 0.0 1.0 0.0 0.0 0.0 0.0 1.0 0.0 0.083 0.000 0.000 0.000 2.0 0.346 0.017 0.000
0.0 0.0 0.0 1.0 0.0 0.0 0.0 0.0 1.0 0.0 0.056 0.000 0.000 0.000 2.0 0.154 0.017 0.000
0.0 1.0 0.0 0.0 0.0 0.0 0.0 0.0 0.0 0.0 0.278 0.000 0.000 0.000 2.0 0.154 0.073 0.000
0.0 0.0 0.0 0.0 0.0 0.0 0.0 1.0 1.0 0.0 0.250 0.000 0.000 0.000 2.0 0.115 0.067 0.000
0.0 0.0 0.0 1.0 0.0 0.0 0.0 0.0 0.0 0.0 0.222 0.000 0.000 0.000 2.0 0.135 0.062 0.000
0.0 0.0 0.0 1.0 0.0 0.0 0.0 0.0 1.0 0.0 0.194 0.000 0.000 0.000 2.0 0.192 0.051 0.000
0.0 0.0 0.0 1.0 0.0 0.0 0.0 0.0 0.0 0.0 0.167 0.000 0.000 0.000 4.0 0.269 0.045 0.000
0.0 0.0 0.0 1.0 0.0 0.0 0.0 0.0 1.0 0.0 0.139 0.000 0.000 0.000 2.0 0.269 0.028 0.000
0.0 0.0 0.0 1.0 0.0 0.0 0.0 0.0 0.0 0.0 0.111 0.000 0.000 0.000 2.0 0.288 0.022 0.000
0.0 1.0 0.0 0.0 0.0 0.0 0.0 0.0 0.0 0.0 0.056 0.000 0.000 0.000 2.0 0.250 0.017 0.000
0.0 0.0 0.0 0.0 0.0 1.0 0.0 0.0 1.0 0.0 0.028 0.000 0.000 0.000 2.0 0.212 0.011 0.000
0.0 1.0 0.0 0.0 0.0 0.0 0.0 0.0 0.0 0.0 0.083 0.000 0.000 0.000 2.0 0.365 0.017 0.000
0.0 0.0 0.0 1.0 0.0 0.0 0.0 0.0 1.0 0.0 0.139 0.000 0.000 0.000 2.0 0.269 0.028 0.000
0.0 0.0 0.0 1.0 0.0 0.0 0.0 0.0 0.0 0.0 0.111 0.000 0.000 0.000 2.0 0.288 0.022 0.000
0.0 1.0 0.0 0.0 0.0 0.0 0.0 0.0 0.0 0.0 0.083 0.000 0.000 0.000 2.0 0.269 0.017 0.000
0.0 0.0 0.0 0.0 0.0 1.0 0.0 0.0 1.0 0.0 0.056 0.000 0.000 0.000 2.0 0.250 0.011 0.000
0.0 1.0 0.0 0.0 0.0 0.0 0.0 0.0 0.0 0.0 0.083 0.000 0.000 0.000 2.0 0.385 0.017 0.000
0.0 0.0 0.0 1.0 0.0 0.0 0.0 0.0 1.0 0.0 0.083 0.000 0.000 0.000 2.0 0.365 0.017 0.000
0.0 0.0 0.0 0.0 0.0 1.0 0.0 0.0 0.0 0.0 0.056 0.000 0.000 0.000 2.0 0.481 0.011 0.000
0.0 1.0 0.0 0.0 0.0 0.0 0.0 0.0 1.0 0.0 0.028 0.000 0.000 0.000 1.0 0.365 0.006 0.000
0.0 0.0 0.0 1.0 0.0 0.0 0.0 0.0 1.0 0.0 0.083 0.000 0.000 0.000 2.0 0.346 0.017 0.000
0.0 0.0 0.0 0.0 0.0 1.0 0.0 0.0 1.0 0.0 0.056 0.000 0.000 0.000 2.0 0.442 0.011 0.000
0.0 1.0 0.0 0.0 0.0 0.0 0.0 0.0 1.0 0.0 0.028 0.000 0.000 0.000 1.0 0.462 0.006 0.000
0.0 0.0 0.0 1.0 0.0 0.0 0.0 0.0 1.0 0.0 0.056 0.000 0.000 0.000 2.0 0.154 0.017 0.000
0.0 1.0 0.0 0.0 0.0 0.0 0.0 0.0 1.0 0.0 0.028 0.000 0.000 0.000 2.0 0.173 0.011 0.000
0.0 0.0 0.0 1.0 0.0 0.0 0.0 0.0 0.0 0.0 0.306 0.000 0.000 0.000 2.0 0.115 0.051 0.000
0.0 0.0 0.0 1.0 0.0 0.0 0.0 0.0 1.0 0.0 0.167 0.000 0.000 0.000 2.0 0.212 0.039 0.000
0.0 0.0 0.0 1.0 0.0 0.0 0.0 0.0 0.0 0.0 0.278 0.000 0.000 0.000 2.0 0.173 0.051 0.000
0.0 1.0 0.0 0.0 0.0 0.0 0.0 0.0 1.0 0.0 0.028 0.000 0.000 0.000 1.0 0.115 0.006 0.000
0.0 1.0 0.0 0.0 0.0 0.0 0.0 0.0 0.0 0.0 0.250 0.000 0.000 0.000 1.0 0.231 0.045 0.000
0.0 0.0 0.0 0.0 0.0 0.0 1.0 0.0 0.0 1.0 0.333 0.000 0.000 0.000 2.0 0.192 0.118 0.500
0.0 1.0 0.0 0.0 0.0 0.0 0.0 0.0 1.0 0.0 0.306 0.028 0.028 0.028 3.0 0.115 0.090 0.500
0.0 0.0 0.0 0.0 0.0 0.0 0.0 1.0 0.0 0.0 0.278 0.056 0.056 0.056 2.0 0.154 0.079 0.500
0.0 1.0 0.0 0.0 0.0 0.0 0.0 0.0 0.0 0.0 0.250 0.083 0.083 0.083 2.0 0.115 0.067 0.500
0.0 1.0 0.0 0.0 0.0 0.0 0.0 0.0 0.0 0.0 0.222 0.111 0.111 0.111 2.0 0.135 0.062 0.500
0.0 0.0 0.0 0.0 0.0 0.0 0.0 1.0 0.0 0.0 0.194 0.139 0.139 0.139 2.0 0.385 0.056 0.500
0.0 0.0 0.0 1.0 0.0 0.0 0.0 0.0 0.0 0.0 0.139 0.194 0.194 0.194 4.0 0.538 0.034 0.500
0.0 0.0 0.0 1.0 0.0 0.0 0.0 0.0 1.0 0.0 0.056 0.278 0.278 0.278 2.0 0.385 0.017 0.500
0.0 0.0 0.0 1.0 0.0 0.0 0.0 0.0 1.0 0.0 0.056 0.278 0.278 0.278 2.0 0.385 0.017 0.500
0.0 0.0 0.0 1.0 0.0 0.0 0.0 0.0 1.0 0.0 0.111 0.222 0.222 0.222 2.0 0.404 0.017 0.500
0.0 0.0 0.0 1.0 0.0 0.0 0.0 0.0 1.0 0.0 0.083 0.250 0.250 0.250 2.0 0.423 0.017 0.500
0.0 0.0 0.0 0.0 0.0 1.0 0.0 0.0 1.0 0.0 0.222 0.111 0.111 0.111 2.0 0.192 0.045 0.500
0.0 1.0 0.0 0.0 0.0 0.0 0.0 0.0 0.0 0.0 0.194 0.139 0.139 0.139 2.0 0.154 0.039 0.500
0.0 1.0 0.0 0.0 0.0 0.0 0.0 0.0 0.0 0.0 0.167 0.167 0.167 0.167 1.0 0.365 0.034 0.500
0.0 0.0 0.0 1.0 0.0 0.0 0.0 0.0 0.0 0.0 0.139 0.194 0.194 0.194 4.0 0.385 0.034 0.500
0.0 0.0 0.0 1.0 0.0 0.0 0.0 0.0 1.0 0.0 0.056 0.278 0.278 0.278 2.0 0.346 0.017 0.500
0.0 0.0 0.0 1.0 0.0 0.0 0.0 0.0 1.0 0.0 0.056 0.278 0.278 0.278 2.0 0.346 0.017 0.500
0.0 0.0 0.0 1.0 0.0 0.0 0.0 0.0 1.0 0.0 0.111 0.222 0.222 0.222 2.0 0.365 0.017 0.500
0.0 0.0 0.0 1.0 0.0 0.0 0.0 0.0 1.0 0.0 0.083 0.250 0.250 0.250 2.0 0.385 0.017 0.500
0.0 0.0 0.0 1.0 0.0 0.0 0.0 0.0 0.0 0.0 0.139 0.194 0.194 0.194 4.0 0.327 0.039 0.500
0.0 0.0 0.0 1.0 0.0 0.0 0.0 0.0 1.0 0.0 0.056 0.278 0.278 0.278 2.0 0.327 0.017 0.500
0.0 0.0 0.0 0.0 0.0 1.0 0.0 0.0 1.0 0.0 0.028 0.167 0.306 0.236 2.0 0.365 0.011 1.000
0.0 0.0 0.0 1.0 0.0 0.0 0.0 0.0 1.0 0.0 0.056 0.278 0.278 0.278 2.0 0.327 0.017 0.500
0.0 0.0 1.0 0.0 0.0 0.0 0.0 0.0 1.0 0.0 0.028 0.167 0.306 0.236 2.0 0.365 0.011 1.000
0.0 0.0 0.0 1.0 0.0 0.0 0.0 0.0 1.0 0.0 0.111 0.222 0.222 0.222 2.0 0.346 0.017 0.500
0.0 1.0 0.0 0.0 0.0 0.0 0.0 0.0 0.0 0.0 0.083 0.111 0.250 0.181 1.0 0.423 0.011 1.000
0.0 0.0 0.0 1.0 0.0 0.0 0.0 0.0 1.0 0.0 0.056 0.139 0.278 0.208 2.0 0.442 0.011 1.000
0.0 1.0 0.0 0.0 0.0 0.0 0.0 0.0 0.0 0.0 0.111 0.222 0.222 0.222 2.0 0.192 0.022 0.500
0.0 0.0 0.0 1.0 0.0 0.0 0.0 0.0 1.0 0.0 0.083 0.250 0.250 0.250 2.0 0.269 0.017 0.500
0.0 0.0 0.0 0.0 0.0 1.0 0.0 0.0 1.0 0.0 0.056 0.139 0.278 0.208 2.0 0.462 0.011 1.000
0.0 1.0 0.0 0.0 0.0 0.0 0.0 0.0 1.0 0.0 0.028 0.167 0.306 0.236 1.0 0.308 0.006 1.000
