0.0 0.0 0.0 0.0 0.0 0.0 1.0 0.0 1.0 0.0 0.913 0.000 0.000 0.000 2.0 0.087 0.919 0.000
0.0 0.0 0.0 0.0 0.0 1.0 0.0 0.0 0.0 0.0 0.870 0.000 0.000 0.000 2.0 0.391 0.919 0.000
0.0 0.0 0.0 0.0 0.0 0.0 1.0 0.0 1.0 0.0 0.913 0.000 0.000 0.000 2.0 0.087 0.919 0.000
0.0 0.0 0.0 0.0 0.0 1.0 0.0 0.0 0.0 0.0 0.870 0.000 0.000 0.000 2.0 0.413 0.919 0.000
0.0 0.0 0.0 0.0 0.0 0.0 1.0 0.0 0.0 0.0 0.913 0.000 0.000 0.000 2.0 0.109 0.932 0.000
0.0 0.0 0.0 0.0 0.0 1.0 0.0 0.0 0.0 0.0 0.870 0.000 0.000 0.000 2.0 0.457 0.919 0.000
0.0 1.0 0.0 0.0 0.0 0.0 0.0 0.0 1.0 0.0 0.043 0.000 0.000 0.000 2.0 0.065 0.027 0.000
0.0 0.0 0.0 0.0 0.0 0.0 0.0 1.0 0.0 1.0 0.913 0.000 0.000 0.000 2.0 0.130 0.919 0.200
0.0 0.0 0.0 0.0 0.0 1.0 0.0 0.0 0.0 0.0 0.870 0.043 0.043 0.043 2.0 0.435 0.919 0.200
0.0 0.0 0.0 1.0 0.0 0.0 0.0 0.0 0.0 0.0 0.826 0.087 0.087 0.087 4.0 0.674 0.919 0.200
0.0 0.0 0.0 0.0 0.0 1.0 0.0 0.0 0.0 0.0 0.696 0.217 0.217 0.217 2.0 0.457 0.473 0.200
0.0 1.0 0.0 0.0 0.0 0.0 0.0 0.0 0.0 0.0 0.652 0.261 0.261 0.261 2.0 0.239 0.257 0.200
0.0 1.0 0.0 0.0 0.0 0.0 0.0 0.0 0.0 0.0 0.435 0.478 0.478 0.478 2.0 0.348 0.230 0.200
0.0 0.0 0.0 0.0 0.0 0.0 1.0 0.0 1.0 0.0 0.913 0.000 0.000 0.000 2.0 0.087 0.905 0.000
0.0 0.0 0.0 0.0 0.0 1.0 0.0 0.0 0.0 0.0 0.870 0.000 0.000 0.000 2.0 0.413 0.905 0.000
0.0 0.0 0.0 0.0 0.0 0.0 1.0 0.0 1.0 0.0 0.913 0.000 0.000 0.000 2.0 0.087 0.905 0.000
0.0 0.0 0.0 0.0 0.0 1.0 0.0 0.0 0.0 0.0 0.870 0.000 0.000 0.000 2.0 0.435 0.905 0.000
0.0 0.0 0.0 0.0 0.0 0.0 1.0 0.0 0.0 0.0 0.913 0.000 0.000 0.000 2.0 0.109 0.919 0.000
0.0 1.0 0.0 0.0 0.0 0.0 0.0 0.0 1.0 0.0 0.043 0.000 0.000 0.000 2.0 0.065 0.027 0.000
0.0 0.0 0.0 0.0 0.0 1.0 0.0 0.0 0.0 0.0 0.870 0.000 0.000 0.000 2.0 0.478 0.905 0.000
0.0 0.0 0.0 0.0 0.0 1.0 0.0 0.0 0.0 0.0 1.000 0.000 0.000 0.000 2.0 0.109 0.919 0.000
0.0 1.0 0.0 0.0 0.0 0.0 0.0 0.0 0.0 0.0 0.957 0.000 0.000 0.000 2.0 0.130 0.919 0.000
0.0 0.0 0.0 1.0 0.0 0.0 0.0 0.0 1.0 0.0 0.913 0.000 0.000 0.000 3.0 0.283 0.905 0.000
0.0 1.0 0.0 0.0 0.0 0.0 0.0 0.0 0.0 0.0 0.870 0.000 0.000 0.000 1.0 0.283 0.905 0.000
0.0 0.0 0.0 0.0 0.0 1.0 0.0 0.0 1.0 0.0 0.913 0.000 0.000 0.000 2.0 0.130 0.905 0.000
0.0 0.0 0.0 0.0 0.0 1.0 0.0 0.0 0.0 0.0 0.870 0.000 0.000 0.000 2.0 0.457 0.905 0.000
0.0 0.0 0.0 1.0 0.0 0.0 0.0 0.0 0.0 0.0 0.826 0.000 0.000 0.000 4.0 0.848 0.905 0.000
0.0 0.0 0.0 0.0 0.0 1.0 0.0 0.0 0.0 0.0 0.478 0.000 0.000 0.000 2.0 0.478 0.392 0.000
0.0 1.0 0.0 0.0 0.0 0.0 0.0 0.0 0.0 0.0 0.391 0.000 0.000 0.000 2.0 0.217 0.243 0.000
0.0 0.0 0.0 0.0 0.0 0.0 1.0 0.0 1.0 0.0 0.913 0.000 0.000 0.000 2.0 0.087 0.919 0.000
0.0 0.0 0.0 0.0 0.0 1.0 0.0 0.0 0.0 0.0 0.870 0.000 0.000 0.000 2.0 0.391 0.919 0.000
0.0 0.0 0.0 0.0 0.0 0.0 1.0 0.0 0.0 0.0 0.913 0.000 0.000 0.000 2.0 0.109 0.932 0.000
0.0 0.0 0.0 0.0 0.0 1.0 0.0 0.0 0.0 0.0 0.870 0.000 0.000 0.000 2.0 0.435 0.919 0.000
0.0 1.0 0.0 0.0 0.0 0.0 0.0 0.0 1.0 0.0 0.043 0.000 0.000 0.000 2.0 0.065 0.027 0.000
0.0 0.0 0.0 0.0 0.0 0.0 0.0 1.0 0.0 1.0 0.913 0.000 0.000 0.000 2.0 0.152 0.919 0.200
0.0 0.0 0.0 0.0 0.0 1.0 0.0 0.0 0.0 0.0 0.870 0.043 0.043 0.043 2.0 0.457 0.919 0.200
0.0 0.0 0.0 0.0 0.0 0.0 1.0 0.0 1.0 0.0 0.913 0.000 0.000 0.000 2.0 0.087 0.919 0.000
0.0 0.0 0.0 0.0 0.0 1.0 0.0 0.0 0.0 0.0 0.870 0.000 0.000 0.000 2.0 0.413 0.919 0.000
0.0 0.0 0.0 1.0 0.0 0.0 0.0 0.0 0.0 0.0 0.826 0.087 0.087 0.087 4.0 0.761 0.919 0.200
0.0 0.0 0.0 0.0 0.0 1.0 0.0 0.0 0.0 0.0 0.696 0.217 0.217 0.217 2.0 0.283 0.419 0.200
0.0 1.0 0.0 0.0 0.0 0.0 0.0 0.0 0.0 0.0 0.652 0.261 0.261 0.261 2.0 0.239 0.257 0.200
0.0 1.0 0.0 0.0 0.0 0.0 0.0 0.0 0.0 0.0 0.522 0.391 0.391 0.391 2.0 0.217 0.243 0.200
0.0 1.0 0.0 0.0 0.0 0.0 0.0 0.0 0.0 0.0 0.957 0.000 0.000 0.000 2.0 0.065 0.932 0.000
0.0 0.0 0.0 0.0 0.0 0.0 1.0 0.0 1.0 0.0 0.913 0.000 0.000 0.000 2.0 0.109 0.919 0.000
0.0 0.0 0.0 0.0 0.0 1.0 0.0 0.0 0.0 0.0 0.870 0.000 0.000 0.000 2.0 0.413 0.919 0.000
0.0 0.0 0.0 0.0 0.0 0.0 0.0 1.0 0.0 0.0 0.913 0.000 0.000 0.000 2.0 0.130 0.919 0.000
0.0 0.0 0.0 0.0 0.0 1.0 0.0 0.0 0.0 0.0 0.870 0.000 0.000 0.000 2.0 0.435 0.919 0.000
0.0 0.0 0.0 0.0 0.0 0.0 1.0 0.0 1.0 0.0 0.913 0.000 0.000 0.000 2.0 0.087 0.919 0.000
0.0 0.0 0.0 0.0 0.0 1.0 0.0 0.0 0.0 0.0 0.870 0.000 0.000 0.000 2.0 0.435 0.919 0.000
0.0 0.0 0.0 0.0 0.0 0.0 1.0 0.0 1.0 0.0 0.913 0.000 0.000 0.000 2.0 0.087 0.919 0.000
0.0 0.0 0.0 0.0 0.0 1.0 0.0 0.0 0.0 0.0 0.870 0.000 0.000 0.000 2.0 0.413 0.919 0.000
0.0 0.0 0.0 1.0 0.0 0.0 0.0 0.0 0.0 0.0 0.826 0.000 0.000 0.000 4.0 0.674 0.919 0.000
0.0 0.0 0.0 0.0 0.0 1.0 0.0 0.0 0.0 0.0 0.609 0.000 0.000 0.000 2.0 0.435 0.405 0.000
0.0 1.0 0.0 0.0 0.0 0.0 0.0 0.0 0.0 0.0 0.522 0.000 0.000 0.000 2.0 0.217 0.243 0.000
0.0 1.0 0.0 0.0 0.0 0.0 0.0 0.0 0.0 0.0 0.391 0.000 0.000 0.000 2.0 0.326 0.243 0.000
0.0 0.0 0.0 1.0 0.0 0.0 0.0 0.0 0.0 0.0 0.783 0.130 0.130 0.130 3.0 1.000 0.716 0.400
0.0 0.0 0.0 1.0 0.0 0.0 0.0 0.0 0.0 0.0 0.609 0.304 0.304 0.304 4.0 0.587 0.635 0.400
0.0 1.0 0.0 0.0 0.0 0.0 0.0 0.0 0.0 0.0 0.522 0.391 0.391 0.391 2.0 0.283 0.243 0.400
0.0 1.0 0.0 0.0 0.0 0.0 0.0 0.0 0.0 0.0 0.565 0.348 0.348 0.348 2.0 0.326 0.230 0.400
0.0 0.0 0.0 1.0 0.0 0.0 0.0 0.0 0.0 0.0 0.739 0.174 0.174 0.174 2.0 0.413 0.649 0.400
0.0 0.0 0.0 1.0 0.0 0.0 0.0 0.0 0.0 0.0 0.696 0.217 0.217 0.217 2.0 0.261 0.554 0.400
0.0 0.0 0.0 1.0 0.0 0.0 0.0 0.0 0.0 0.0 0.652 0.261 0.261 0.261 3.0 0.326 0.541 0.400
0.0 1.0 0.0 0.0 0.0 0.0 0.0 0.0 0.0 0.0 0.565 0.348 0.348 0.348 2.0 0.326 0.243 0.400
0.0 1.0 0.0 0.0 0.0 0.0 0.0 0.0 0.0 0.0 0.609 0.304 0.304 0.304 2.0 0.283 0.230 0.400
0.0 0.0 0.0 1.0 0.0 0.0 0.0 0.0 0.0 0.0 0.609 0.304 0.304 0.304 3.0 0.522 0.527 0.400
0.0 1.0 0.0 0.0 0.0 0.0 0.0 0.0 0.0 0.0 0.522 0.391 0.391 0.391 2.0 0.304 0.230 0.400
0.0 0.0 0.0 1.0 0.0 0.0 0.0 0.0 0.0 0.0 0.652 0.261 0.261 0.261 4.0 0.457 0.649 0.400
0.0 1.0 0.0 0.0 0.0 0.0 0.0 0.0 0.0 0.0 0.609 0.304 0.304 0.304 2.0 0.261 0.243 0.400
0.0 1.0 0.0 0.0 0.0 0.0 0.0 0.0 0.0 0.0 0.565 0.348 0.348 0.348 2.0 0.326 0.230 0.400
0.0 1.0 0.0 0.0 0.0 0.0 0.0 0.0 0.0 0.0 0.522 0.391 0.391 0.391 2.0 0.326 0.230 0.400
0.0 0.0 0.0 0.0 0.0 0.0 1.0 0.0 0.0 0.0 1.000 0.000 0.000 0.000 2.0 0.109 1.000 0.000
0.0 1.0 0.0 0.0 0.0 0.0 0.0 0.0 1.0 0.0 0.043 0.000 0.000 0.000 2.0 0.065 0.027 0.000
0.0 0.0 0.0 1.0 0.0 0.0 0.0 0.0 0.0 0.0 0.957 0.000 0.000 0.000 2.0 0.304 0.986 0.000
0.0 0.0 0.0 0.0 0.0 0.0 1.0 0.0 0.0 1.0 1.000 0.000 0.000 0.000 2.0 0.109 1.000 0.200
0.0 1.0 0.0 0.0 0.0 0.0 0.0 0.0 1.0 0.0 0.043 0.957 0.957 0.957 2.0 0.065 0.027 0.200
0.0 0.0 0.0 1.0 0.0 0.0 0.0 0.0 0.0 0.0 0.957 0.043 0.043 0.043 2.0 0.326 0.986 0.200
0.0 0.0 0.0 0.0 0.0 0.0 0.0 1.0 1.0 0.0 1.000 0.000 0.000 0.000 2.0 0.087 0.986 0.000
0.0 0.0 0.0 1.0 0.0 0.0 0.0 0.0 0.0 0.0 0.957 0.000 0.000 0.000 2.0 0.283 0.986 0.000
0.0 0.0 0.0 0.0 0.0 0.0 0.0 1.0 1.0 0.0 1.000 0.000 0.000 0.000 2.0 0.087 0.986 0.000
0.0 0.0 0.0 1.0 0.0 0.0 0.0 0.0 0.0 0.0 0.957 0.000 0.000 0.000 2.0 0.304 0.986 0.000
0.0 1.0 0.0 0.0 0.0 0.0 0.0 0.0 0.0 0.0 0.913 0.087 0.087 0.087 2.0 0.391 0.986 0.200
0.0 0.0 0.0 1.0 0.0 0.0 0.0 0.0 0.0 0.0 0.870 0.130 0.130 0.130 4.0 0.565 0.973 0.200
0.0 0.0 0.0 0.0 0.0 1.0 0.0 0.0 0.0 0.0 0.652 0.348 0.348 0.348 2.0 0.217 0.378 0.200
0.0 1.0 0.0 0.0 0.0 0.0 0.0 0.0 0.0 0.0 0.478 0.522 0.522 0.522 2.0 0.239 0.230 0.200
0.0 1.0 0.0 0.0 0.0 0.0 0.0 0.0 0.0 0.0 0.609 0.391 0.391 0.391 2.0 0.261 0.230 0.200
0.0 1.0 0.0 0.0 0.0 0.0 0.0 0.0 0.0 0.0 1.000 0.000 0.000 0.000 2.0 0.065 0.986 0.000
0.0 0.0 0.0 0.0 0.0 0.0 1.0 0.0 1.0 0.0 0.957 0.000 0.000 0.000 2.0 0.109 0.973 0.000
0.0 0.0 0.0 0.0 0.0 1.0 0.0 0.0 0.0 0.0 0.913 0.000 0.000 0.000 2.0 0.457 0.973 0.000
0.0 0.0 0.0 0.0 0.0 0.0 1.0 0.0 1.0 0.0 0.957 0.000 0.000 0.000 2.0 0.087 0.973 0.000
0.0 0.0 0.0 0.0 0.0 1.0 0.0 0.0 0.0 0.0 0.913 0.000 0.000 0.000 2.0 0.413 0.973 0.000
0.0 0.0 0.0 0.0 0.0 0.0 1.0 0.0 0.0 0.0 0.957 0.000 0.000 0.000 2.0 0.109 0.986 0.000
0.0 0.0 0.0 0.0 0.0 1.0 0.0 0.0 0.0 0.0 0.913 0.000 0.000 0.000 2.0 0.457 0.973 0.000
0.0 1.0 0.0 0.0 0.0 0.0 0.0 0.0 1.0 0.0 0.043 0.000 0.000 0.000 2.0 0.065 0.027 0.000
0.0 0.0 0.0 0.0 0.0 0.0 1.0 0.0 0.0 0.0 0.957 0.000 0.000 0.000 2.0 0.109 0.986 0.000
0.0 0.0 0.0 0.0 0.0 1.0 0.0 0.0 0.0 0.0 0.913 0.000 0.000 0.000 2.0 0.391 0.973 0.000
0.0 0.0 0.0 1.0 0.0 0.0 0.0 0.0 0.0 0.0 0.870 0.000 0.000 0.000 4.0 0.739 0.973 0.000
0.0 0.0 0.0 0.0 0.0 1.0 0.0 0.0 0.0 0.0 0.652 0.000 0.000 0.000 2.0 0.283 0.405 0.000
0.0 1.0 0.0 0.0 0.0 0.0 0.0 0.0 0.0 0.0 0.522 0.000 0.000 0.000 2.0 0.239 0.243 0.000
0.0 1.0 0.0 0.0 0.0 0.0 0.0 0.0 0.0 0.0 0.609 0.000 0.000 0.000 2.0 0.261 0.230 0.000
0.0 1.0 0.0 0.0 0.0 0.0 0.0 0.0 1.0 0.0 0.043 0.000 0.000 0.000 2.0 0.065 0.027 0.000
0.0 0.0 0.0 0.0 0.0 0.0 1.0 0.0 1.0 1.0 0.957 0.000 0.000 0.000 2.0 0.087 0.973 0.200
0.0 0.0 0.0 0.0 0.0 1.0 0.0 0.0 0.0 0.0 0.913 0.043 0.043 0.043 2.0 0.435 0.973 0.200
0.0 0.0 0.0 0.0 0.0 0.0 0.0 1.0 0.0 0.0 0.957 0.000 0.000 0.000 2.0 0.130 0.973 0.000
0.0 0.0 0.0 0.0 0.0 1.0 0.0 0.0 0.0 0.0 0.913 0.000 0.000 0.000 2.0 0.435 0.973 0.000
0.0 0.0 0.0 0.0 0.0 0.0 1.0 0.0 0.0 0.0 0.957 0.000 0.000 0.000 2.0 0.109 0.986 0.000
0.0 0.0 0.0 0.0 0.0 1.0 0.0 0.0 0.0 0.0 0.913 0.000 0.000 0.000 2.0 0.457 0.973 0.000
0.0 1.0 0.0 0.0 0.0 0.0 0.0 0.0 1.0 0.0 0.043 0.000 0.000 0.000 2.0 0.065 0.027 0.000
0.0 0.0 0.0 0.0 0.0 0.0 1.0 0.0 1.0 0.0 0.957 0.000 0.000 0.000 2.0 0.087 0.973 0.000
0.0 0.0 0.0 0.0 0.0 1.0 0.0 0.0 0.0 0.0 0.913 0.000 0.000 0.000 2.0 0.370 0.973 0.000
0.0 0.0 0.0 1.0 0.0 0.0 0.0 0.0 0.0 0.0 0.870 0.087 0.087 0.087 4.0 0.761 0.973 0.200
0.0 0.0 0.0 0.0 0.0 1.0 0.0 0.0 0.0 0.0 0.652 0.304 0.304 0.304 2.0 0.283 0.405 0.200
0.0 1.0 0.0 0.0 0.0 0.0 0.0 0.0 0.0 0.0 0.478 0.478 0.478 0.478 2.0 0.239 0.230 0.200
0.0 1.0 0.0 0.0 0.0 0.0 0.0 0.0 0.0 0.0 0.609 0.348 0.348 0.348 2.0 0.217 0.243 0.200
0.0 1.0 0.0 0.0 0.0 0.0 0.0 0.0 0.0 0.0 0.565 0.348 0.435 0.380 1.0 0.696 0.230 0.800
0.0 0.0 0.0 0.0 0.0 0.0 1.0 0.0 0.0 0.0 0.957 0.000 0.000 0.000 2.0 0.109 0.973 0.000
0.0 1.0 0.0 0.0 0.0 0.0 0.0 0.0 1.0 0.0 0.043 0.000 0.000 0.000 2.0 0.065 0.027 0.000
0.0 0.0 0.0 0.0 0.0 1.0 0.0 0.0 0.0 0.0 0.913 0.000 0.000 0.000 2.0 0.457 0.959 0.000
0.0 0.0 0.0 0.0 0.0 0.0 1.0 0.0 1.0 0.0 0.957 0.000 0.000 0.000 2.0 0.087 0.959 0.000
0.0 0.0 0.0 0.0 0.0 1.0 0.0 0.0 0.0 0.0 0.913 0.000 0.000 0.000 2.0 0.413 0.959 0.000
0.0 0.0 0.0 0.0 0.0 0.0 1.0 0.0 1.0 0.0 0.957 0.000 0.000 0.000 2.0 0.087 0.959 0.000
0.0 0.0 0.0 0.0 0.0 1.0 0.0 0.0 0.0 0.0 0.913 0.000 0.000 0.000 2.0 0.435 0.959 0.000
0.0 0.0 0.0 0.0 0.0 0.0 0.0 1.0 0.0 1.0 0.957 0.000 0.000 0.000 2.0 0.174 0.959 0.200
0.0 0.0 0.0 0.0 0.0 1.0 0.0 0.0 0.0 0.0 0.913 0.043 0.043 0.043 2.0 0.391 0.959 0.200
0.0 0.0 0.0 1.0 0.0 0.0 0.0 0.0 0.0 0.0 0.870 0.087 0.087 0.087 4.0 0.674 0.959 0.200
0.0 0.0 0.0 1.0 0.0 0.0 0.0 0.0 0.0 0.0 0.826 0.130 0.174 0.145 2.0 0.717 0.784 0.600
0.0 0.0 0.0 1.0 0.0 0.0 0.0 0.0 0.0 0.0 0.783 0.174 0.217 0.188 2.0 0.391 0.743 0.600
0.0 0.0 0.0 1.0 0.0 0.0 0.0 0.0 0.0 0.0 0.739 0.217 0.261 0.232 3.0 0.261 0.662 0.600
0.0 1.0 0.0 0.0 0.0 0.0 0.0 0.0 0.0 0.0 0.696 0.261 0.304 0.275 2.0 0.217 0.581 0.600
0.0 0.0 0.0 1.0 0.0 0.0 0.0 0.0 0.0 0.0 0.652 0.304 0.348 0.319 3.0 0.239 0.581 0.600
0.0 1.0 0.0 0.0 0.0 0.0 0.0 0.0 0.0 0.0 0.609 0.348 0.391 0.362 2.0 0.304 0.257 0.600
0.0 1.0 0.0 0.0 0.0 0.0 0.0 0.0 0.0 0.0 0.348 0.609 0.652 0.623 2.0 0.326 0.243 0.600
0.0 1.0 0.0 0.0 0.0 0.0 0.0 0.0 0.0 0.0 0.478 0.478 0.522 0.493 2.0 0.326 0.243 0.600
0.0 1.0 0.0 0.0 0.0 0.0 0.0 0.0 0.0 0.0 0.696 0.261 0.304 0.275 2.0 0.217 0.581 0.600
0.0 0.0 0.0 1.0 0.0 0.0 0.0 0.0 0.0 0.0 0.783 0.174 0.217 0.188 2.0 0.391 0.716 0.600
0.0 0.0 0.0 1.0 0.0 0.0 0.0 0.0 0.0 0.0 0.739 0.217 0.261 0.232 3.0 0.261 0.635 0.600
0.0 1.0 0.0 0.0 0.0 0.0 0.0 0.0 0.0 0.0 0.696 0.261 0.304 0.275 2.0 0.217 0.581 0.600
0.0 0.0 1.0 0.0 0.0 0.0 0.0 0.0 0.0 0.0 0.652 0.304 0.348 0.319 3.0 0.348 0.568 0.600
0.0 1.0 0.0 0.0 0.0 0.0 0.0 0.0 0.0 0.0 0.478 0.478 0.522 0.493 2.0 0.348 0.243 0.600
0.0 1.0 0.0 0.0 0.0 0.0 0.0 0.0 0.0 0.0 0.348 0.609 0.652 0.623 2.0 0.348 0.243 0.600
0.0 0.0 0.0 1.0 0.0 0.0 0.0 0.0 0.0 0.0 0.696 0.261 0.304 0.275 3.0 0.500 0.554 0.600
0.0 1.0 0.0 0.0 0.0 0.0 0.0 0.0 0.0 0.0 0.348 0.565 0.652 0.609 1.0 0.652 0.230 0.800
0.0 1.0 0.0 0.0 0.0 0.0 0.0 0.0 0.0 0.0 0.652 0.304 0.348 0.319 2.0 0.261 0.257 0.600
0.0 1.0 0.0 0.0 0.0 0.0 0.0 0.0 0.0 0.0 0.609 0.304 0.391 0.339 1.0 0.717 0.243 1.000
0.0 1.0 0.0 0.0 0.0 0.0 0.0 0.0 0.0 0.0 0.696 0.261 0.304 0.275 2.0 0.217 0.581 0.600
0.0 0.0 1.0 0.0 0.0 0.0 0.0 0.0 0.0 0.0 0.652 0.304 0.348 0.319 3.0 0.326 0.568 0.600
0.0 1.0 0.0 0.0 0.0 0.0 0.0 0.0 0.0 0.0 0.609 0.348 0.391 0.362 2.0 0.326 0.257 0.600
0.0 0.0 0.0 0.0 0.0 0.0 0.0 1.0 0.0 0.0 0.565 0.348 0.435 0.383 2.0 0.609 0.243 1.000
0.0 0.0 0.0 0.0 0.0 0.0 0.0 1.0 0.0 0.0 0.522 0.391 0.478 0.426 2.0 0.326 0.216 1.000
0.0 0.0 0.0 1.0 0.0 0.0 0.0 0.0 0.0 0.0 0.478 0.435 0.522 0.470 2.0 0.174 0.189 1.000
0.0 0.0 0.0 1.0 0.0 0.0 0.0 0.0 1.0 0.0 0.391 0.522 0.609 0.557 3.0 0.152 0.176 1.000
0.0 1.0 0.0 0.0 0.0 0.0 0.0 0.0 0.0 0.0 0.435 0.478 0.565 0.513 2.0 0.152 0.189 1.000
0.0 0.0 1.0 0.0 0.0 0.0 0.0 0.0 0.0 0.0 0.391 0.522 0.609 0.557 2.0 0.196 0.176 1.000
0.0 1.0 0.0 0.0 0.0 0.0 0.0 0.0 0.0 0.0 0.348 0.565 0.652 0.600 2.0 0.152 0.176 1.000
0.0 0.0 0.0 1.0 0.0 0.0 0.0 0.0 1.0 0.0 0.304 0.609 0.696 0.643 3.0 0.152 0.162 1.000
0.0 0.0 0.0 0.0 0.0 0.0 0.0 1.0 0.0 0.0 0.261 0.652 0.739 0.687 2.0 0.239 0.135 1.000
0.0 1.0 0.0 0.0 0.0 0.0 0.0 0.0 0.0 0.0 0.217 0.696 0.783 0.730 2.0 0.217 0.081 1.000
0.0 0.0 0.0 0.0 0.0 0.0 0.0 1.0 1.0 0.0 0.043 0.870 0.957 0.904 2.0 0.217 0.027 1.000
0.0 1.0 0.0 0.0 0.0 0.0 0.0 0.0 0.0 0.0 0.478 0.435 0.522 0.470 1.0 0.674 0.230 1.000
0.0 0.0 0.0 0.0 0.0 0.0 0.0 1.0 0.0 0.0 0.435 0.478 0.565 0.513 2.0 0.696 0.230 1.000
0.0 0.0 0.0 0.0 0.0 0.0 1.0 0.0 0.0 0.0 0.391 0.522 0.609 0.557 2.0 0.304 0.189 1.000
0.0 0.0 0.0 0.0 0.0 0.0 0.0 1.0 1.0 0.0 0.348 0.565 0.652 0.600 2.0 0.152 0.162 1.000
0.0 0.0 0.0 0.0 0.0 1.0 0.0 0.0 0.0 0.0 0.304 0.609 0.696 0.643 2.0 0.174 0.149 1.000
0.0 1.0 0.0 0.0 0.0 0.0 0.0 0.0 0.0 0.0 0.261 0.652 0.739 0.687 2.0 0.152 0.149 1.000
0.0 0.0 0.0 1.0 0.0 0.0 0.0 0.0 0.0 0.0 0.217 0.696 0.783 0.730 2.0 0.217 0.135 1.000
0.0 0.0 0.0 0.0 0.0 1.0 0.0 0.0 0.0 0.0 0.217 0.696 0.783 0.730 2.0 0.239 0.135 1.000
0.0 0.0 0.0 0.0 0.0 0.0 0.0 1.0 1.0 0.0 0.174 0.739 0.826 0.774 2.0 0.174 0.068 1.000
0.0 1.0 0.0 0.0 0.0 0.0 0.0 0.0 0.0 0.0 0.130 0.783 0.870 0.817 1.0 0.174 0.054 1.000
0.0 0.0 0.0 1.0 0.0 0.0 0.0 0.0 0.0 0.0 0.174 0.739 0.826 0.774 2.0 0.283 0.068 1.000
0.0 0.0 0.0 1.0 0.0 0.0 0.0 0.0 0.0 0.0 0.087 0.826 0.913 0.861 2.0 0.196 0.054 1.000
0.0 1.0 0.0 0.0 0.0 0.0 0.0 0.0 0.0 0.0 0.130 0.783 0.870 0.817 2.0 0.196 0.068 1.000
0.0 0.0 0.0 0.0 0.0 1.0 0.0 0.0 0.0 0.0 0.087 0.826 0.913 0.861 2.0 0.130 0.054 1.000
0.0 0.0 0.0 0.0 0.0 0.0 1.0 0.0 1.0 0.0 0.043 0.870 0.957 0.904 2.0 0.130 0.027 1.000
0.0 0.0 0.0 0.0 0.0 0.0 0.0 1.0 1.0 0.0 0.043 0.870 0.957 0.904 2.0 0.130 0.027 1.000
0.0 0.0 0.0 1.0 0.0 0.0 0.0 0.0 1.0 0.0 0.043 0.870 0.957 0.904 2.0 0.087 0.027 1.000
0.0 0.0 0.0 0.0 0.0 0.0 0.0 1.0 1.0 0.0 0.087 0.826 0.913 0.861 2.0 0.261 0.041 1.000
0.0 0.0 0.0 0.0 0.0 0.0 1.0 0.0 1.0 0.0 0.043 0.870 0.957 0.904 2.0 0.065 0.027 1.000
0.0 1.0 0.0 0.0 0.0 0.0 0.0 0.0 0.0 0.0 0.348 0.609 0.652 0.623 2.0 0.348 0.243 0.600
0.0 0.0 0.0 0.0 0.0 0.0 0.0 1.0 0.0 0.0 0.304 0.609 0.696 0.643 2.0 0.674 0.230 1.000
0.0 0.0 0.0 0.0 0.0 0.0 0.0 1.0 0.0 0.0 0.261 0.652 0.739 0.687 2.0 0.391 0.108 1.000
0.0 0.0 0.0 0.0 0.0 0.0 0.0 1.0 0.0 0.0 0.087 0.826 0.913 0.861 2.0 0.174 0.054 1.000
0.0 1.0 0.0 0.0 0.0 0.0 0.0 0.0 1.0 0.0 0.043 0.870 0.957 0.904 2.0 0.109 0.027 1.000
0.0 0.0 0.0 0.0 0.0 0.0 0.0 1.0 1.0 0.0 0.043 0.870 0.957 0.904 2.0 0.109 0.027 1.000
0.0 0.0 0.0 0.0 0.0 0.0 1.0 0.0 0.0 0.0 0.261 0.652 0.739 0.687 2.0 0.348 0.122 1.000
0.0 0.0 0.0 0.0 0.0 0.0 1.0 0.0 0.0 0.0 0.217 0.696 0.783 0.730 2.0 0.174 0.095 1.000
0.0 0.0 0.0 1.0 0.0 0.0 0.0 0.0 1.0 0.0 0.043 0.870 0.957 0.904 2.0 0.087 0.027 1.000
0.0 0.0 0.0 1.0 0.0 0.0 0.0 0.0 0.0 0.0 0.174 0.739 0.826 0.774 2.0 0.196 0.068 1.000
0.0 0.0 0.0 1.0 0.0 0.0 0.0 0.0 0.0 0.0 0.087 0.826 0.913 0.861 2.0 0.152 0.054 1.000
0.0 1.0 0.0 0.0 0.0 0.0 0.0 0.0 0.0 0.0 0.130 0.783 0.870 0.817 2.0 0.152 0.068 1.000
0.0 0.0 0.0 0.0 0.0 1.0 0.0 0.0 0.0 0.0 0.087 0.826 0.913 0.861 2.0 0.130 0.054 1.000
0.0 0.0 0.0 0.0 0.0 0.0 1.0 0.0 1.0 0.0 0.043 0.870 0.957 0.904 2.0 0.130 0.027 1.000
0.0 0.0 0.0 0.0 0.0 0.0 0.0 1.0 1.0 0.0 0.043 0.870 0.957 0.904 2.0 0.130 0.027 1.000
0.0 0.0 0.0 0.0 0.0 1.0 0.0 0.0 0.0 0.0 0.522 0.435 0.435 0.435 2.0 0.543 0.432 0.200
0.0 1.0 0.0 0.0 0.0 0.0 0.0 0.0 0.0 0.0 0.478 0.435 0.522 0.470 1.0 0.717 0.230 1.000
0.0 0.0 0.0 0.0 0.0 0.0 0.0 1.0 0.0 0.0 0.435 0.478 0.565 0.513 2.0 0.609 0.230 1.000
0.0 0.0 0.0 0.0 0.0 0.0 1.0 0.0 1.0 0.0 0.087 0.826 0.913 0.861 2.0 0.217 0.041 1.000
0.0 1.0 0.0 0.0 0.0 0.0 0.0 0.0 1.0 0.0 0.043 0.870 0.957 0.904 2.0 0.065 0.027 1.000
0.0 0.0 0.0 0.0 0.0 0.0 1.0 0.0 0.0 0.0 0.391 0.522 0.609 0.557 2.0 0.304 0.189 1.000
0.0 0.0 0.0 0.0 0.0 1.0 0.0 0.0 0.0 0.0 0.348 0.565 0.652 0.600 2.0 0.196 0.162 1.000
0.0 1.0 0.0 0.0 0.0 0.0 0.0 0.0 0.0 0.0 0.304 0.609 0.696 0.643 2.0 0.130 0.162 1.000
0.0 0.0 0.0 1.0 0.0 0.0 0.0 0.0 1.0 0.0 0.261 0.652 0.739 0.687 3.0 0.152 0.149 1.000
0.0 0.0 0.0 0.0 0.0 1.0 0.0 0.0 0.0 0.0 0.261 0.652 0.739 0.687 2.0 0.196 0.149 1.000
0.0 0.0 0.0 0.0 0.0 0.0 1.0 0.0 0.0 0.0 0.217 0.696 0.783 0.730 2.0 0.348 0.122 1.000
0.0 0.0 1.0 0.0 0.0 0.0 0.0 0.0 1.0 0.0 0.043 0.870 0.957 0.904 2.0 0.087 0.027 1.000
0.0 0.0 0.0 0.0 0.0 0.0 0.0 1.0 1.0 0.0 0.043 0.870 0.957 0.904 2.0 0.152 0.027 1.000
0.0 1.0 0.0 0.0 0.0 0.0 0.0 0.0 0.0 0.0 0.478 0.435 0.478 0.449 1.0 0.696 0.216 0.600
0.0 0.0 0.0 1.0 0.0 0.0 0.0 0.0 0.0 0.0 0.435 0.478 0.565 0.513 2.0 0.674 0.216 1.000
0.0 0.0 0.0 1.0 0.0 0.0 0.0 0.0 0.0 0.0 0.348 0.565 0.652 0.600 2.0 0.326 0.203 1.000
0.0 1.0 0.0 0.0 0.0 0.0 0.0 0.0 0.0 0.0 0.391 0.522 0.609 0.557 2.0 0.239 0.216 1.000
0.0 0.0 0.0 0.0 0.0 1.0 0.0 0.0 0.0 0.0 0.348 0.565 0.652 0.600 2.0 0.217 0.203 1.000
0.0 0.0 0.0 0.0 0.0 0.0 0.0 1.0 0.0 0.0 0.087 0.826 0.913 0.861 2.0 0.174 0.054 1.000
0.0 0.0 0.0 0.0 0.0 0.0 1.0 0.0 1.0 0.0 0.043 0.870 0.957 0.904 2.0 0.109 0.027 1.000
0.0 0.0 0.0 0.0 0.0 0.0 0.0 1.0 1.0 0.0 0.043 0.870 0.957 0.904 2.0 0.109 0.027 1.000
0.0 0.0 0.0 0.0 0.0 0.0 0.0 1.0 0.0 0.0 0.304 0.609 0.696 0.643 2.0 0.261 0.149 1.000
0.0 0.0 0.0 0.0 0.0 0.0 0.0 1.0 0.0 0.0 0.174 0.739 0.826 0.774 2.0 0.196 0.068 1.000
0.0 0.0 0.0 0.0 0.0 0.0 1.0 0.0 1.0 0.0 0.043 0.870 0.957 0.904 2.0 0.152 0.027 1.000
0.0 1.0 0.0 0.0 0.0 0.0 0.0 0.0 0.0 0.0 0.130 0.783 0.870 0.817 1.0 0.152 0.041 1.000
0.0 0.0 0.0 0.0 0.0 0.0 1.0 0.0 0.0 0.0 0.261 0.652 0.739 0.687 2.0 0.196 0.081 1.000
0.0 0.0 0.0 1.0 0.0 0.0 0.0 0.0 1.0 0.0 0.043 0.870 0.957 0.904 2.0 0.087 0.027 1.000
0.0 1.0 0.0 0.0 0.0 0.0 0.0 0.0 0.0 0.0 0.565 0.348 0.435 0.383 1.0 0.826 0.216 1.000
0.0 0.0 0.0 0.0 0.0 0.0 0.0 1.0 0.0 0.0 0.522 0.391 0.478 0.426 2.0 0.652 0.216 1.000
0.0 0.0 0.0 0.0 0.0 0.0 1.0 0.0 1.0 0.0 0.130 0.783 0.870 0.817 2.0 0.261 0.041 1.000
0.0 0.0 0.0 0.0 0.0 0.0 0.0 1.0 1.0 0.0 0.087 0.826 0.913 0.861 2.0 0.109 0.027 1.000
0.0 1.0 0.0 0.0 0.0 0.0 0.0 0.0 1.0 0.0 0.043 0.870 0.957 0.904 1.0 0.109 0.014 1.000
0.0 0.0 0.0 0.0 0.0 0.0 1.0 0.0 0.0 0.0 0.478 0.435 0.522 0.470 2.0 0.283 0.176 1.000
0.0 0.0 0.0 0.0 0.0 0.0 0.0 1.0 1.0 0.0 0.435 0.478 0.565 0.513 2.0 0.152 0.149 1.000
0.0 0.0 0.0 1.0 0.0 0.0 0.0 0.0 0.0 0.0 0.391 0.522 0.609 0.557 2.0 0.174 0.135 1.000
0.0 0.0 0.0 1.0 0.0 0.0 0.0 0.0 0.0 0.0 0.304 0.609 0.696 0.643 2.0 0.239 0.122 1.000
0.0 1.0 0.0 0.0 0.0 0.0 0.0 0.0 0.0 0.0 0.348 0.565 0.652 0.600 2.0 0.152 0.135 1.000
0.0 0.0 0.0 0.0 1.0 0.0 0.0 0.0 0.0 0.0 0.304 0.609 0.696 0.643 2.0 0.217 0.122 1.000
0.0 0.0 0.0 0.0 0.0 0.0 0.0 1.0 0.0 0.0 0.130 0.783 0.870 0.817 2.0 0.283 0.054 1.000
0.0 0.0 0.0 0.0 0.0 0.0 0.0 1.0 1.0 0.0 0.087 0.826 0.913 0.861 2.0 0.174 0.027 1.000
0.0 1.0 0.0 0.0 0.0 0.0 0.0 0.0 1.0 0.0 0.043 0.870 0.957 0.904 1.0 0.109 0.014 1.000
0.0 0.0 0.0 0.0 0.0 0.0 0.0 1.0 1.0 0.0 0.043 0.870 0.957 0.904 2.0 0.130 0.027 1.000
0.0 0.0 0.0 0.0 0.0 0.0 1.0 0.0 1.0 0.0 0.261 0.652 0.739 0.687 2.0 0.196 0.068 1.000
0.0 0.0 0.0 0.0 0.0 0.0 0.0 1.0 1.0 0.0 0.217 0.696 0.783 0.730 2.0 0.217 0.054 1.000
0.0 0.0 0.0 1.0 0.0 0.0 0.0 0.0 0.0 0.0 0.174 0.739 0.826 0.774 2.0 0.174 0.041 1.000
0.0 0.0 0.0 0.0 1.0 0.0 0.0 0.0 1.0 0.0 0.087 0.826 0.913 0.861 2.0 0.174 0.027 1.000
0.0 1.0 0.0 0.0 0.0 0.0 0.0 0.0 0.0 0.0 0.130 0.783 0.870 0.817 2.0 0.130 0.041 1.000
0.0 0.0 0.0 1.0 0.0 0.0 0.0 0.0 1.0 0.0 0.087 0.826 0.913 0.861 2.0 0.152 0.027 1.000
0.0 0.0 0.0 1.0 0.0 0.0 0.0 0.0 1.0 0.0 0.043 0.870 0.957 0.904 2.0 0.087 0.027 1.000
0.0 1.0 0.0 0.0 0.0 0.0 0.0 0.0 0.0 0.0 0.565 0.391 0.391 0.391 2.0 0.413 0.243 0.200
0.0 0.0 0.0 0.0 0.0 0.0 0.0 1.0 0.0 0.0 0.522 0.391 0.478 0.426 2.0 0.674 0.230 1.000
0.0 0.0 0.0 0.0 0.0 0.0 1.0 0.0 1.0 0.0 0.478 0.435 0.522 0.470 2.0 0.304 0.189 1.000
0.0 0.0 0.0 0.0 0.0 1.0 0.0 0.0 0.0 0.0 0.435 0.478 0.565 0.513 2.0 0.174 0.176 1.000
0.0 0.0 0.0 0.0 0.0 0.0 1.0 0.0 0.0 0.0 0.391 0.522 0.609 0.557 2.0 0.152 0.176 1.000
0.0 1.0 0.0 0.0 0.0 0.0 0.0 0.0 0.0 0.0 0.348 0.565 0.652 0.600 2.0 0.174 0.149 1.000
0.0 0.0 0.0 1.0 0.0 0.0 0.0 0.0 1.0 0.0 0.043 0.870 0.957 0.904 2.0 0.087 0.027 1.000
0.0 1.0 0.0 0.0 0.0 0.0 0.0 0.0 0.0 0.0 0.348 0.565 0.652 0.600 2.0 0.174 0.149 1.000
0.0 0.0 0.0 1.0 0.0 0.0 0.0 0.0 0.0 0.0 0.304 0.609 0.696 0.643 2.0 0.217 0.135 1.000
0.0 0.0 0.0 1.0 0.0 0.0 0.0 0.0 0.0 0.0 0.217 0.696 0.783 0.730 2.0 0.261 0.122 1.000
0.0 1.0 0.0 0.0 0.0 0.0 0.0 0.0 0.0 0.0 0.261 0.652 0.739 0.687 2.0 0.174 0.135 1.000
0.0 0.0 0.0 0.0 0.0 1.0 0.0 0.0 0.0 0.0 0.217 0.696 0.783 0.730 2.0 0.217 0.122 1.000
0.0 0.0 0.0 1.0 0.0 0.0 0.0 0.0 0.0 0.0 0.174 0.739 0.826 0.774 2.0 0.326 0.068 1.000
0.0 0.0 0.0 1.0 0.0 0.0 0.0 0.0 0.0 0.0 0.087 0.826 0.913 0.861 2.0 0.196 0.054 1.000
0.0 1.0 0.0 0.0 0.0 0.0 0.0 0.0 0.0 0.0 0.130 0.783 0.870 0.817 2.0 0.196 0.068 1.000
0.0 0.0 0.0 0.0 0.0 1.0 0.0 0.0 0.0 0.0 0.087 0.826 0.913 0.861 2.0 0.130 0.054 1.000
0.0 0.0 0.0 0.0 0.0 0.0 1.0 0.0 1.0 0.0 0.043 0.870 0.957 0.904 2.0 0.130 0.027 1.000
0.0 0.0 0.0 0.0 0.0 0.0 0.0 1.0 1.0 0.0 0.043 0.870 0.957 0.904 2.0 0.130 0.027 1.000
0.0 0.0 0.0 0.0 0.0 0.0 0.0 1.0 1.0 0.0 0.130 0.783 0.870 0.817 2.0 0.196 0.054 1.000
0.0 0.0 0.0 0.0 0.0 0.0 1.0 0.0 1.0 0.0 0.087 0.826 0.913 0.861 2.0 0.152 0.041 1.000
0.0 0.0 0.0 0.0 0.0 0.0 1.0 0.0 1.0 0.0 0.043 0.870 0.957 0.904 2.0 0.087 0.027 1.000
0.0 0.0 0.0 0.0 0.0 0.0 0.0 1.0 1.0 0.0 0.087 0.826 0.913 0.861 2.0 0.261 0.041 1.000
0.0 0.0 0.0 0.0 0.0 0.0 1.0 0.0 1.0 0.0 0.043 0.870 0.957 0.904 2.0 0.065 0.027 1.000
0.0 1.0 0.0 0.0 0.0 0.0 0.0 0.0 0.0 0.0 0.391 0.522 0.609 0.565 1.0 0.674 0.216 0.800
0.0 0.0 0.0 0.0 0.0 0.0 0.0 1.0 0.0 0.0 0.348 0.565 0.652 0.600 2.0 0.761 0.216 1.000
0.0 0.0 0.0 0.0 0.0 0.0 0.0 1.0 0.0 0.0 0.261 0.652 0.739 0.687 2.0 0.326 0.108 1.000
0.0 0.0 0.0 0.0 0.0 0.0 0.0 1.0 0.0 0.0 0.130 0.783 0.870 0.817 2.0 0.239 0.054 1.000
0.0 0.0 0.0 0.0 0.0 0.0 0.0 1.0 1.0 0.0 0.087 0.826 0.913 0.861 2.0 0.152 0.027 1.000
0.0 1.0 0.0 0.0 0.0 0.0 0.0 0.0 1.0 0.0 0.043 0.870 0.957 0.904 1.0 0.109 0.014 1.000
0.0 0.0 0.0 0.0 0.0 0.0 0.0 1.0 1.0 0.0 0.043 0.870 0.957 0.904 2.0 0.109 0.027 1.000
0.0 0.0 0.0 0.0 0.0 0.0 1.0 0.0 1.0 0.0 0.217 0.696 0.783 0.730 2.0 0.217 0.054 1.000
0.0 0.0 0.0 1.0 0.0 0.0 0.0 0.0 0.0 0.0 0.174 0.739 0.826 0.774 2.0 0.174 0.041 1.000
0.0 0.0 0.0 1.0 0.0 0.0 0.0 0.0 1.0 0.0 0.087 0.826 0.913 0.861 2.0 0.152 0.027 1.000
0.0 1.0 0.0 0.0 0.0 0.0 0.0 0.0 0.0 0.0 0.130 0.783 0.870 0.817 2.0 0.130 0.041 1.000
0.0 0.0 0.0 0.0 0.0 1.0 0.0 0.0 1.0 0.0 0.087 0.826 0.913 0.861 2.0 0.130 0.027 1.000
0.0 1.0 0.0 0.0 0.0 0.0 0.0 0.0 1.0 0.0 0.043 0.870 0.957 0.904 1.0 0.152 0.014 1.000
0.0 0.0 0.0 0.0 0.0 0.0 1.0 0.0 0.0 0.0 0.304 0.609 0.696 0.643 2.0 0.239 0.108 1.000
0.0 0.0 0.0 0.0 0.0 0.0 0.0 1.0 1.0 0.0 0.261 0.652 0.739 0.687 2.0 0.152 0.081 1.000
0.0 0.0 0.0 1.0 0.0 0.0 0.0 0.0 0.0 0.0 0.217 0.696 0.783 0.730 2.0 0.174 0.068 1.000
0.0 0.0 0.0 1.0 0.0 0.0 0.0 0.0 0.0 0.0 0.130 0.783 0.870 0.817 2.0 0.152 0.054 1.000
0.0 0.0 0.0 0.0 0.0 0.0 0.0 1.0 1.0 0.0 0.087 0.826 0.913 0.861 2.0 0.109 0.027 1.000
0.0 1.0 0.0 0.0 0.0 0.0 0.0 0.0 1.0 0.0 0.043 0.870 0.957 0.904 1.0 0.065 0.014 1.000
0.0 0.0 0.0 0.0 0.0 0.0 0.0 1.0 1.0 0.0 0.043 0.870 0.957 0.904 2.0 0.087 0.027 1.000
0.0 1.0 0.0 0.0 0.0 0.0 0.0 0.0 0.0 0.0 0.174 0.739 0.826 0.774 2.0 0.152 0.068 1.000
0.0 0.0 0.0 1.0 0.0 0.0 0.0 0.0 0.0 0.0 0.130 0.783 0.870 0.817 2.0 0.130 0.054 1.000
0.0 0.0 0.0 0.0 0.0 0.0 0.0 1.0 1.0 0.0 0.087 0.826 0.913 0.861 2.0 0.174 0.027 1.000
0.0 0.0 0.0 0.0 0.0 0.0 0.0 1.0 1.0 0.0 0.043 0.870 0.957 0.904 2.0 0.087 0.027 1.000
0.0 0.0 0.0 1.0 0.0 0.0 0.0 0.0 1.0 0.0 0.043 0.870 0.957 0.904 2.0 0.087 0.027 1.000
0.0 1.0 0.0 0.0 0.0 0.0 0.0 0.0 1.0 0.0 0.043 0.870 0.957 0.904 1.0 0.196 0.014 1.000
