0.0 0.0 1.0 0.0 0.0 0.0 0.0 0.0 1.0 0.0 0.029 0.829 0.971 0.863 2.0 0.115 0.028 1.000
0.0 0.0 1.0 0.0 0.0 0.0 0.0 0.0 1.0 0.0 0.029 0.829 0.971 0.863 2.0 0.115 0.028 1.000
0.0 0.0 1.0 0.0 0.0 0.0 0.0 0.0 1.0 0.0 0.029 0.829 0.971 0.863 2.0 0.115 0.028 1.000
0.0 0.0 1.0 0.0 0.0 0.0 0.0 0.0 1.0 0.0 0.029 0.829 0.971 0.863 2.0 0.115 0.028 1.000
0.0 0.0 1.0 0.0 0.0 0.0 0.0 0.0 1.0 0.0 0.029 0.829 0.971 0.863 2.0 0.115 0.028 1.000
0.0 0.0 1.0 0.0 0.0 0.0 0.0 0.0 1.0 0.0 0.029 0.829 0.971 0.863 2.0 0.115 0.028 1.000
0.0 0.0 1.0 0.0 0.0 0.0 0.0 0.0 1.0 0.0 0.029 0.829 0.971 0.863 2.0 0.115 0.028 1.000
0.0 0.0 1.0 0.0 0.0 0.0 0.0 0.0 1.0 0.0 0.029 0.829 0.971 0.863 2.0 0.115 0.028 1.000
0.0 0.0 0.0 1.0 0.0 0.0 0.0 0.0 1.0 0.0 0.029 0.829 0.971 0.863 2.0 0.077 0.028 1.000
0.0 0.0 0.0 1.0 0.0 0.0 0.0 0.0 1.0 0.0 0.029 0.829 0.971 0.863 2.0 0.077 0.028 1.000
0.0 0.0 0.0 1.0 0.0 0.0 0.0 0.0 1.0 0.0 0.029 0.829 0.971 0.863 2.0 0.077 0.028 1.000
0.0 0.0 0.0 1.0 0.0 0.0 0.0 0.0 1.0 0.0 0.029 0.829 0.971 0.863 2.0 0.096 0.028 1.000
0.0 0.0 0.0 1.0 0.0 0.0 0.0 0.0 1.0 0.0 0.029 0.829 0.971 0.863 2.0 0.077 0.028 1.000
0.0 0.0 0.0 1.0 0.0 0.0 0.0 0.0 1.0 0.0 0.029 0.829 0.971 0.863 2.0 0.077 0.028 1.000
0.0 0.0 0.0 1.0 0.0 0.0 0.0 0.0 1.0 0.0 0.029 0.829 0.971 0.863 2.0 0.096 0.028 1.000
0.0 0.0 0.0 1.0 0.0 0.0 0.0 0.0 1.0 0.0 0.029 0.829 0.971 0.863 2.0 0.096 0.028 1.000
0.0 0.0 0.0 1.0 0.0 0.0 0.0 0.0 1.0 0.0 0.029 0.829 0.971 0.863 2.0 0.077 0.028 1.000
0.0 0.0 0.0 1.0 0.0 0.0 0.0 0.0 1.0 0.0 0.029 0.829 0.971 0.863 2.0 0.077 0.028 1.000
0.0 0.0 0.0 1.0 0.0 0.0 0.0 0.0 1.0 0.0 0.029 0.829 0.971 0.863 2.0 0.077 0.028 1.000
0.0 0.0 0.0 1.0 0.0 0.0 0.0 0.0 1.0 0.0 0.029 0.829 0.971 0.863 2.0 0.077 0.028 1.000
0.0 0.0 0.0 1.0 0.0 0.0 0.0 0.0 1.0 0.0 0.029 0.829 0.971 0.863 2.0 0.077 0.028 1.000
0.0 0.0 0.0 1.0 0.0 0.0 0.0 0.0 1.0 0.0 0.029 0.829 0.971 0.863 2.0 0.077 0.028 1.000
0.0 0.0 0.0 1.0 0.0 0.0 0.0 0.0 1.0 0.0 0.029 0.829 0.971 0.863 2.0 0.077 0.028 1.000
0.0 0.0 0.0 1.0 0.0 0.0 0.0 0.0 1.0 0.0 0.029 0.829 0.971 0.863 2.0 0.077 0.028 1.000
0.0 0.0 0.0 1.0 0.0 0.0 0.0 0.0 1.0 0.0 0.029 0.829 0.971 0.863 2.0 0.077 0.028 1.000
0.0 0.0 0.0 1.0 0.0 0.0 0.0 0.0 1.0 0.0 0.029 0.829 0.971 0.863 2.0 0.077 0.028 1.000
0.0 0.0 0.0 1.0 0.0 0.0 0.0 0.0 1.0 0.0 0.029 0.829 0.971 0.863 2.0 0.096 0.028 1.000
0.0 0.0 0.0 1.0 0.0 0.0 0.0 0.0 1.0 0.0 0.029 0.829 0.971 0.863 2.0 0.077 0.028 1.000
0.0 0.0 0.0 1.0 0.0 0.0 0.0 0.0 1.0 0.0 0.029 0.829 0.971 0.863 2.0 0.077 0.028 1.000
0.0 0.0 0.0 1.0 0.0 0.0 0.0 0.0 1.0 0.0 0.029 0.829 0.971 0.863 2.0 0.077 0.028 1.000
0.0 0.0 0.0 1.0 0.0 0.0 0.0 0.0 1.0 0.0 0.029 0.829 0.971 0.863 2.0 0.077 0.028 1.000
0.0 0.0 0.0 1.0 0.0 0.0 0.0 0.0 1.0 0.0 0.029 0.829 0.971 0.863 2.0 0.077 0.028 1.000
0.0 0.0 0.0 1.0 0.0 0.0 0.0 0.0 1.0 0.0 0.029 0.829 0.971 0.863 2.0 0.077 0.028 1.000
0.0 0.0 0.0 1.0 0.0 0.0 0.0 0.0 1.0 0.0 0.029 0.829 0.971 0.863 2.0 0.077 0.028 1.000
0.0 0.0 0.0 1.0 0.0 0.0 0.0 0.0 1.0 0.0 0.029 0.829 0.971 0.863 2.0 0.077 0.028 1.000
0.0 0.0 0.0 1.0 0.0 0.0 0.0 0.0 1.0 0.0 0.029 0.829 0.971 0.863 2.0 0.077 0.028 1.000
0.0 0.0 0.0 1.0 0.0 0.0 0.0 0.0 1.0 0.0 0.029 0.829 0.971 0.863 2.0 0.077 0.028 1.000
0.0 0.0 0.0 1.0 0.0 0.0 0.0 0.0 1.0 0.0 0.029 0.829 0.971 0.863 2.0 0.077 0.028 1.000
0.0 0.0 0.0 1.0 0.0 0.0 0.0 0.0 1.0 0.0 0.029 0.829 0.971 0.863 2.0 0.077 0.028 1.000
0.0 0.0 0.0 1.0 0.0 0.0 0.0 0.0 1.0 0.0 0.029 0.829 0.971 0.863 2.0 0.077 0.028 1.000
0.0 0.0 0.0 1.0 0.0 0.0 0.0 0.0 1.0 0.0 0.057 0.800 0.943 0.835 2.0 0.115 0.028 1.000
0.0 0.0 0.0 1.0 0.0 0.0 0.0 0.0 1.0 0.0 0.057 0.800 0.943 0.835 2.0 0.115 0.028 1.000
0.0 0.0 0.0 1.0 0.0 0.0 0.0 0.0 1.0 0.0 0.057 0.800 0.943 0.835 2.0 0.115 0.028 1.000
0.0 0.0 0.0 1.0 0.0 0.0 0.0 0.0 1.0 0.0 0.057 0.800 0.943 0.835 2.0 0.115 0.028 1.000
0.0 0.0 0.0 1.0 0.0 0.0 0.0 0.0 1.0 0.0 0.057 0.800 0.943 0.835 2.0 0.115 0.028 1.000
0.0 0.0 0.0 1.0 0.0 0.0 0.0 0.0 1.0 0.0 0.057 0.800 0.943 0.835 2.0 0.115 0.028 1.000
0.0 0.0 0.0 1.0 0.0 0.0 0.0 0.0 1.0 0.0 0.057 0.800 0.943 0.835 2.0 0.135 0.028 1.000
0.0 1.0 0.0 0.0 0.0 0.0 0.0 0.0 0.0 0.0 0.114 0.743 0.886 0.778 1.0 0.135 0.042 1.000
0.0 1.0 0.0 0.0 0.0 0.0 0.0 0.0 0.0 0.0 0.086 0.771 0.914 0.806 2.0 0.096 0.042 1.000
0.0 0.0 0.0 1.0 0.0 0.0 0.0 0.0 1.0 0.0 0.057 0.800 0.943 0.835 2.0 0.096 0.028 1.000
0.0 0.0 0.0 1.0 0.0 0.0 0.0 0.0 1.0 0.0 0.057 0.800 0.943 0.835 2.0 0.115 0.028 1.000
0.0 0.0 0.0 1.0 0.0 0.0 0.0 0.0 1.0 0.0 0.057 0.800 0.943 0.835 2.0 0.115 0.028 1.000
0.0 0.0 0.0 1.0 0.0 0.0 0.0 0.0 1.0 0.0 0.057 0.800 0.943 0.835 2.0 0.115 0.028 1.000
0.0 0.0 0.0 1.0 0.0 0.0 0.0 0.0 1.0 0.0 0.057 0.800 0.943 0.835 2.0 0.115 0.028 1.000
0.0 1.0 0.0 0.0 0.0 0.0 0.0 0.0 0.0 0.0 0.086 0.771 0.914 0.806 2.0 0.135 0.042 1.000
0.0 0.0 0.0 1.0 0.0 0.0 0.0 0.0 1.0 0.0 0.057 0.800 0.943 0.835 2.0 0.096 0.028 1.000
0.0 0.0 0.0 1.0 0.0 0.0 0.0 0.0 1.0 0.0 0.057 0.800 0.943 0.835 2.0 0.135 0.028 1.000
0.0 0.0 0.0 1.0 0.0 0.0 0.0 0.0 1.0 0.0 0.057 0.800 0.943 0.835 2.0 0.135 0.028 1.000
0.0 1.0 0.0 0.0 0.0 0.0 0.0 0.0 0.0 0.0 0.114 0.743 0.886 0.778 1.0 0.135 0.042 1.000
0.0 1.0 0.0 0.0 0.0 0.0 0.0 0.0 0.0 0.0 0.086 0.771 0.914 0.806 2.0 0.096 0.042 1.000
0.0 0.0 0.0 1.0 0.0 0.0 0.0 0.0 1.0 0.0 0.057 0.800 0.943 0.835 2.0 0.096 0.028 1.000
0.0 0.0 0.0 1.0 0.0 0.0 0.0 0.0 1.0 0.0 0.057 0.800 0.943 0.835 2.0 0.115 0.028 1.000
0.0 0.0 0.0 1.0 0.0 0.0 0.0 0.0 1.0 0.0 0.057 0.800 0.943 0.835 2.0 0.115 0.028 1.000
0.0 0.0 0.0 1.0 0.0 0.0 0.0 0.0 1.0 0.0 0.057 0.800 0.943 0.835 2.0 0.096 0.028 1.000
0.0 0.0 0.0 1.0 0.0 0.0 0.0 0.0 1.0 0.0 0.057 0.800 0.943 0.835 2.0 0.096 0.028 1.000
0.0 0.0 0.0 1.0 0.0 0.0 0.0 0.0 1.0 0.0 0.057 0.800 0.943 0.835 2.0 0.115 0.028 1.000
0.0 0.0 0.0 1.0 0.0 0.0 0.0 0.0 1.0 0.0 0.057 0.800 0.943 0.835 2.0 0.115 0.028 1.000
0.0 0.0 0.0 1.0 0.0 0.0 0.0 0.0 1.0 0.0 0.057 0.800 0.943 0.835 2.0 0.115 0.028 1.000
0.0 0.0 0.0 1.0 0.0 0.0 0.0 0.0 1.0 0.0 0.057 0.800 0.943 0.835 2.0 0.115 0.028 1.000
0.0 0.0 0.0 1.0 0.0 0.0 0.0 0.0 1.0 0.0 0.057 0.800 0.943 0.835 2.0 0.115 0.028 1.000
0.0 0.0 0.0 1.0 0.0 0.0 0.0 0.0 1.0 0.0 0.057 0.800 0.943 0.835 2.0 0.115 0.028 1.000
0.0 0.0 0.0 1.0 0.0 0.0 0.0 0.0 1.0 0.0 0.057 0.800 0.943 0.835 2.0 0.115 0.028 1.000
0.0 0.0 0.0 1.0 0.0 0.0 0.0 0.0 1.0 0.0 0.057 0.800 0.943 0.835 2.0 0.115 0.028 1.000
0.0 0.0 0.0 1.0 0.0 0.0 0.0 0.0 1.0 0.0 0.057 0.800 0.943 0.835 2.0 0.115 0.028 1.000
0.0 0.0 0.0 1.0 0.0 0.0 0.0 0.0 1.0 0.0 0.057 0.800 0.943 0.835 2.0 0.115 0.028 1.000
0.0 0.0 0.0 1.0 0.0 0.0 0.0 0.0 1.0 0.0 0.057 0.800 0.943 0.835 2.0 0.115 0.028 1.000
0.0 0.0 0.0 1.0 0.0 0.0 0.0 0.0 1.0 0.0 0.057 0.800 0.943 0.835 2.0 0.115 0.028 1.000
0.0 0.0 0.0 1.0 0.0 0.0 0.0 0.0 1.0 0.0 0.057 0.800 0.943 0.835 2.0 0.115 0.028 1.000
0.0 0.0 0.0 1.0 0.0 0.0 0.0 0.0 1.0 0.0 0.057 0.800 0.943 0.835 2.0 0.115 0.028 1.000
0.0 0.0 0.0 1.0 0.0 0.0 0.0 0.0 1.0 0.0 0.057 0.800 0.943 0.835 2.0 0.115 0.028 1.000
0.0 0.0 0.0 1.0 0.0 0.0 0.0 0.0 1.0 0.0 0.057 0.800 0.943 0.835 2.0 0.115 0.028 1.000
0.0 0.0 0.0 1.0 0.0 0.0 0.0 0.0 1.0 0.0 0.057 0.800 0.943 0.835 2.0 0.135 0.028 1.000
0.0 1.0 0.0 0.0 0.0 0.0 0.0 0.0 0.0 0.0 0.114 0.743 0.886 0.778 1.0 0.135 0.042 1.000
0.0 1.0 0.0 0.0 0.0 0.0 0.0 0.0 0.0 0.0 0.086 0.771 0.914 0.806 2.0 0.096 0.042 1.000
0.0 0.0 0.0 1.0 0.0 0.0 0.0 0.0 1.0 0.0 0.057 0.800 0.943 0.835 2.0 0.096 0.028 1.000
0.0 0.0 0.0 1.0 0.0 0.0 0.0 0.0 1.0 0.0 0.057 0.800 0.943 0.835 2.0 0.115 0.028 1.000
0.0 0.0 0.0 1.0 0.0 0.0 0.0 0.0 1.0 0.0 0.057 0.800 0.943 0.835 2.0 0.115 0.028 1.000
0.0 0.0 0.0 1.0 0.0 0.0 0.0 0.0 1.0 0.0 0.057 0.800 0.943 0.835 2.0 0.115 0.028 1.000
0.0 0.0 0.0 1.0 0.0 0.0 0.0 0.0 1.0 0.0 0.057 0.800 0.943 0.835 2.0 0.115 0.028 1.000
0.0 0.0 0.0 1.0 0.0 0.0 0.0 0.0 1.0 0.0 0.057 0.800 0.943 0.835 2.0 0.115 0.028 1.000
0.0 0.0 0.0 1.0 0.0 0.0 0.0 0.0 1.0 0.0 0.057 0.800 0.943 0.835 2.0 0.115 0.028 1.000
0.0 0.0 0.0 1.0 0.0 0.0 0.0 0.0 1.0 0.0 0.057 0.800 0.943 0.835 2.0 0.115 0.028 1.000
0.0 0.0 0.0 1.0 0.0 0.0 0.0 0.0 1.0 0.0 0.057 0.800 0.943 0.835 2.0 0.115 0.028 1.000
0.0 0.0 0.0 1.0 0.0 0.0 0.0 0.0 1.0 0.0 0.057 0.800 0.943 0.835 2.0 0.115 0.028 1.000
0.0 0.0 0.0 1.0 0.0 0.0 0.0 0.0 1.0 0.0 0.057 0.800 0.943 0.835 2.0 0.115 0.028 1.000
0.0 0.0 0.0 1.0 0.0 0.0 0.0 0.0 1.0 0.0 0.057 0.800 0.943 0.835 2.0 0.115 0.028 1.000
0.0 0.0 0.0 1.0 0.0 0.0 0.0 0.0 1.0 0.0 0.057 0.800 0.943 0.835 2.0 0.115 0.028 1.000
0.0 0.0 0.0 1.0 0.0 0.0 0.0 0.0 1.0 0.0 0.057 0.800 0.943 0.835 2.0 0.115 0.028 1.000
0.0 0.0 0.0 1.0 0.0 0.0 0.0 0.0 1.0 0.0 0.057 0.800 0.943 0.835 2.0 0.115 0.028 1.000
0.0 0.0 0.0 1.0 0.0 0.0 0.0 0.0 1.0 0.0 0.057 0.800 0.943 0.835 2.0 0.115 0.028 1.000
0.0 0.0 0.0 1.0 0.0 0.0 0.0 0.0 1.0 0.0 0.057 0.800 0.943 0.835 2.0 0.115 0.028 1.000
0.0 0.0 0.0 1.0 0.0 0.0 0.0 0.0 1.0 0.0 0.057 0.800 0.943 0.835 2.0 0.115 0.028 1.000
0.0 0.0 0.0 1.0 0.0 0.0 0.0 0.0 1.0 0.0 0.057 0.800 0.943 0.835 2.0 0.115 0.028 1.000
0.0 0.0 0.0 1.0 0.0 0.0 0.0 0.0 1.0 0.0 0.057 0.800 0.943 0.835 2.0 0.115 0.028 1.000
0.0 0.0 0.0 1.0 0.0 0.0 0.0 0.0 1.0 0.0 0.057 0.800 0.943 0.835 2.0 0.115 0.028 1.000
0.0 0.0 0.0 1.0 0.0 0.0 0.0 0.0 1.0 0.0 0.057 0.800 0.943 0.835 2.0 0.115 0.028 1.000
0.0 0.0 0.0 1.0 0.0 0.0 0.0 0.0 1.0 0.0 0.057 0.800 0.943 0.835 2.0 0.115 0.028 1.000
0.0 0.0 0.0 1.0 0.0 0.0 0.0 0.0 1.0 0.0 0.057 0.800 0.943 0.835 2.0 0.115 0.028 1.000
0.0 0.0 0.0 1.0 0.0 0.0 0.0 0.0 1.0 0.0 0.057 0.800 0.943 0.835 2.0 0.115 0.028 1.000
0.0 0.0 0.0 1.0 0.0 0.0 0.0 0.0 1.0 0.0 0.057 0.800 0.943 0.835 2.0 0.115 0.028 1.000
0.0 0.0 0.0 1.0 0.0 0.0 0.0 0.0 1.0 0.0 0.057 0.800 0.943 0.835 2.0 0.115 0.028 1.000
0.0 0.0 0.0 1.0 0.0 0.0 0.0 0.0 0.0 0.0 0.086 0.771 0.914 0.806 2.0 0.173 0.028 1.000
0.0 0.0 0.0 1.0 0.0 0.0 0.0 0.0 0.0 0.0 0.086 0.771 0.914 0.806 2.0 0.173 0.028 1.000
0.0 0.0 0.0 1.0 0.0 0.0 0.0 0.0 0.0 0.0 0.086 0.771 0.914 0.806 2.0 0.173 0.028 1.000
0.0 0.0 0.0 1.0 0.0 0.0 0.0 0.0 0.0 0.0 0.143 0.714 0.857 0.749 2.0 0.192 0.042 1.000
0.0 0.0 0.0 1.0 0.0 0.0 0.0 0.0 0.0 0.0 0.086 0.771 0.914 0.806 2.0 0.173 0.028 1.000
0.0 0.0 0.0 1.0 0.0 0.0 0.0 0.0 0.0 0.0 0.086 0.771 0.914 0.806 2.0 0.173 0.028 1.000
0.0 0.0 0.0 1.0 0.0 0.0 0.0 0.0 0.0 0.0 0.114 0.743 0.886 0.778 2.0 0.192 0.042 1.000
0.0 0.0 0.0 1.0 0.0 0.0 0.0 0.0 0.0 0.0 0.143 0.714 0.857 0.749 2.0 0.192 0.042 1.000
0.0 0.0 0.0 1.0 0.0 0.0 0.0 0.0 0.0 0.0 0.086 0.771 0.914 0.806 2.0 0.173 0.028 1.000
0.0 1.0 0.0 0.0 0.0 0.0 0.0 0.0 0.0 0.0 0.143 0.714 0.857 0.749 1.0 0.154 0.042 1.000
0.0 1.0 0.0 0.0 0.0 0.0 0.0 0.0 0.0 0.0 0.114 0.743 0.886 0.778 2.0 0.135 0.042 1.000
0.0 0.0 0.0 1.0 0.0 0.0 0.0 0.0 0.0 0.0 0.086 0.771 0.914 0.806 2.0 0.115 0.028 1.000
0.0 0.0 0.0 1.0 0.0 0.0 0.0 0.0 0.0 0.0 0.086 0.771 0.914 0.806 2.0 0.173 0.028 1.000
0.0 0.0 0.0 1.0 0.0 0.0 0.0 0.0 0.0 0.0 0.086 0.771 0.914 0.806 2.0 0.173 0.028 1.000
0.0 0.0 0.0 1.0 0.0 0.0 0.0 0.0 0.0 0.0 0.086 0.771 0.914 0.806 2.0 0.173 0.028 1.000
0.0 0.0 0.0 1.0 0.0 0.0 0.0 0.0 0.0 0.0 0.086 0.771 0.914 0.806 2.0 0.173 0.028 1.000
0.0 0.0 0.0 1.0 0.0 0.0 0.0 0.0 0.0 0.0 0.086 0.771 0.914 0.806 2.0 0.173 0.028 1.000
0.0 0.0 0.0 1.0 0.0 0.0 0.0 0.0 0.0 0.0 0.086 0.771 0.914 0.806 2.0 0.173 0.028 1.000
0.0 0.0 0.0 1.0 0.0 0.0 0.0 0.0 0.0 0.0 0.086 0.771 0.914 0.806 2.0 0.173 0.028 1.000
0.0 0.0 0.0 1.0 0.0 0.0 0.0 0.0 0.0 0.0 0.086 0.771 0.914 0.806 2.0 0.173 0.028 1.000
0.0 0.0 0.0 1.0 0.0 0.0 0.0 0.0 0.0 0.0 0.143 0.714 0.857 0.749 2.0 0.192 0.042 1.000
0.0 0.0 0.0 1.0 0.0 0.0 0.0 0.0 0.0 0.0 0.086 0.771 0.914 0.806 2.0 0.173 0.028 1.000
0.0 0.0 0.0 1.0 0.0 0.0 0.0 0.0 0.0 0.0 0.086 0.771 0.914 0.806 2.0 0.192 0.028 1.000
0.0 0.0 0.0 1.0 0.0 0.0 0.0 0.0 0.0 0.0 0.086 0.771 0.914 0.806 2.0 0.192 0.028 1.000
0.0 0.0 0.0 1.0 0.0 0.0 0.0 0.0 0.0 0.0 0.086 0.771 0.914 0.806 2.0 0.173 0.028 1.000
0.0 0.0 0.0 1.0 0.0 0.0 0.0 0.0 0.0 0.0 0.086 0.771 0.914 0.806 2.0 0.173 0.028 1.000
0.0 0.0 0.0 1.0 0.0 0.0 0.0 0.0 0.0 0.0 0.086 0.771 0.914 0.806 2.0 0.192 0.028 1.000
0.0 0.0 0.0 1.0 0.0 0.0 0.0 0.0 0.0 0.0 0.086 0.771 0.914 0.806 2.0 0.192 0.028 1.000
0.0 0.0 0.0 1.0 0.0 0.0 0.0 0.0 0.0 0.0 0.086 0.771 0.914 0.806 2.0 0.173 0.028 1.000
0.0 0.0 0.0 1.0 0.0 0.0 0.0 0.0 0.0 0.0 0.086 0.771 0.914 0.806 2.0 0.173 0.028 1.000
0.0 0.0 0.0 1.0 0.0 0.0 0.0 0.0 0.0 0.0 0.086 0.771 0.914 0.806 2.0 0.173 0.028 1.000
0.0 0.0 0.0 1.0 0.0 0.0 0.0 0.0 0.0 0.0 0.086 0.771 0.914 0.806 2.0 0.173 0.028 1.000
0.0 0.0 0.0 1.0 0.0 0.0 0.0 0.0 0.0 0.0 0.086 0.771 0.914 0.806 2.0 0.173 0.028 1.000
0.0 0.0 0.0 1.0 0.0 0.0 0.0 0.0 0.0 0.0 0.086 0.771 0.914 0.806 2.0 0.173 0.028 1.000
0.0 1.0 0.0 0.0 0.0 0.0 0.0 0.0 0.0 0.0 0.143 0.714 0.857 0.749 2.0 0.135 0.070 1.000
0.0 0.0 0.0 1.0 0.0 0.0 0.0 0.0 0.0 0.0 0.114 0.743 0.886 0.778 2.0 0.192 0.056 1.000
0.0 0.0 0.0 1.0 0.0 0.0 0.0 0.0 0.0 0.0 0.171 0.686 0.829 0.721 2.0 0.192 0.070 1.000
0.0 0.0 0.0 1.0 0.0 0.0 0.0 0.0 0.0 0.0 0.114 0.743 0.886 0.778 2.0 0.192 0.056 1.000
0.0 0.0 0.0 1.0 0.0 0.0 0.0 0.0 0.0 0.0 0.171 0.686 0.829 0.721 2.0 0.212 0.085 1.000
0.0 0.0 0.0 1.0 0.0 0.0 0.0 0.0 0.0 0.0 0.171 0.686 0.829 0.721 2.0 0.173 0.070 1.000
0.0 0.0 0.0 1.0 0.0 0.0 0.0 0.0 0.0 0.0 0.114 0.743 0.886 0.778 2.0 0.192 0.056 1.000
0.0 0.0 0.0 1.0 0.0 0.0 0.0 0.0 0.0 0.0 0.114 0.743 0.886 0.778 2.0 0.212 0.056 1.000
0.0 0.0 0.0 1.0 0.0 0.0 0.0 0.0 0.0 0.0 0.114 0.743 0.886 0.778 2.0 0.192 0.056 1.000
0.0 0.0 0.0 1.0 0.0 0.0 0.0 0.0 0.0 0.0 0.114 0.743 0.886 0.778 2.0 0.192 0.056 1.000
0.0 0.0 0.0 1.0 0.0 0.0 0.0 0.0 0.0 0.0 0.171 0.686 0.829 0.721 2.0 0.212 0.070 1.000
0.0 1.0 0.0 0.0 0.0 0.0 0.0 0.0 0.0 0.0 0.171 0.686 0.829 0.721 1.0 0.154 0.070 1.000
0.0 1.0 0.0 0.0 0.0 0.0 0.0 0.0 0.0 0.0 0.143 0.714 0.857 0.749 2.0 0.135 0.070 1.000
0.0 0.0 0.0 1.0 0.0 0.0 0.0 0.0 0.0 0.0 0.114 0.743 0.886 0.778 2.0 0.212 0.056 1.000
0.0 0.0 0.0 1.0 0.0 0.0 0.0 0.0 0.0 0.0 0.114 0.743 0.886 0.778 2.0 0.192 0.056 1.000
0.0 1.0 0.0 0.0 0.0 0.0 0.0 0.0 0.0 0.0 0.171 0.686 0.829 0.721 1.0 0.154 0.070 1.000
0.0 1.0 0.0 0.0 0.0 0.0 0.0 0.0 0.0 0.0 0.143 0.714 0.857 0.749 2.0 0.135 0.070 1.000
0.0 0.0 0.0 1.0 0.0 0.0 0.0 0.0 0.0 0.0 0.114 0.743 0.886 0.778 2.0 0.212 0.056 1.000
0.0 0.0 0.0 1.0 0.0 0.0 0.0 0.0 0.0 0.0 0.114 0.743 0.886 0.778 2.0 0.192 0.056 1.000
0.0 0.0 0.0 1.0 0.0 0.0 0.0 0.0 0.0 0.0 0.114 0.743 0.886 0.778 2.0 0.192 0.056 1.000
0.0 0.0 0.0 1.0 0.0 0.0 0.0 0.0 0.0 0.0 0.114 0.743 0.886 0.778 2.0 0.192 0.056 1.000
0.0 0.0 0.0 1.0 0.0 0.0 0.0 0.0 0.0 0.0 0.171 0.686 0.829 0.721 2.0 0.231 0.070 1.000
0.0 0.0 0.0 1.0 0.0 0.0 0.0 0.0 0.0 0.0 0.171 0.686 0.829 0.721 2.0 0.231 0.070 1.000
0.0 0.0 0.0 1.0 0.0 0.0 0.0 0.0 0.0 0.0 0.200 0.657 0.800 0.692 2.0 0.231 0.070 1.000
0.0 0.0 0.0 1.0 0.0 0.0 0.0 0.0 0.0 0.0 0.200 0.657 0.800 0.692 2.0 0.231 0.070 1.000
0.0 0.0 0.0 1.0 0.0 0.0 0.0 0.0 0.0 0.0 0.143 0.714 0.857 0.749 2.0 0.231 0.056 1.000
0.0 0.0 0.0 1.0 0.0 0.0 0.0 0.0 0.0 0.0 0.143 0.714 0.857 0.749 2.0 0.231 0.056 1.000
0.0 0.0 0.0 1.0 0.0 0.0 0.0 0.0 0.0 0.0 0.200 0.657 0.800 0.692 2.0 0.250 0.085 1.000
0.0 1.0 0.0 0.0 0.0 0.0 0.0 0.0 0.0 0.0 0.257 0.600 0.743 0.635 1.0 0.173 0.099 1.000
0.0 1.0 0.0 0.0 0.0 0.0 0.0 0.0 0.0 0.0 0.229 0.629 0.771 0.663 2.0 0.115 0.099 1.000
0.0 0.0 0.0 1.0 0.0 0.0 0.0 0.0 0.0 0.0 0.200 0.657 0.800 0.692 2.0 0.173 0.085 1.000
0.0 0.0 0.0 1.0 0.0 0.0 0.0 0.0 0.0 0.0 0.200 0.657 0.800 0.692 2.0 0.231 0.070 1.000
0.0 0.0 0.0 1.0 0.0 0.0 0.0 0.0 0.0 0.0 0.200 0.657 0.800 0.692 2.0 0.212 0.070 1.000
0.0 0.0 0.0 1.0 0.0 0.0 0.0 0.0 0.0 0.0 0.143 0.714 0.857 0.749 2.0 0.231 0.056 1.000
0.0 0.0 0.0 1.0 0.0 0.0 0.0 0.0 0.0 0.0 0.143 0.714 0.857 0.749 2.0 0.231 0.056 1.000
0.0 1.0 0.0 0.0 0.0 0.0 0.0 0.0 0.0 0.0 0.200 0.657 0.800 0.692 1.0 0.173 0.070 1.000
0.0 1.0 0.0 0.0 0.0 0.0 0.0 0.0 0.0 0.0 0.171 0.686 0.829 0.721 2.0 0.115 0.070 1.000
0.0 0.0 0.0 1.0 0.0 0.0 0.0 0.0 0.0 0.0 0.143 0.714 0.857 0.749 2.0 0.173 0.056 1.000
0.0 0.0 0.0 1.0 0.0 0.0 0.0 0.0 0.0 0.0 0.143 0.714 0.857 0.749 2.0 0.250 0.056 1.000
0.0 0.0 0.0 1.0 0.0 0.0 0.0 0.0 0.0 0.0 0.143 0.714 0.857 0.749 2.0 0.231 0.056 1.000
0.0 0.0 0.0 1.0 0.0 0.0 0.0 0.0 0.0 0.0 0.143 0.714 0.857 0.749 2.0 0.231 0.056 1.000
0.0 0.0 0.0 1.0 0.0 0.0 0.0 0.0 0.0 0.0 0.143 0.714 0.857 0.749 2.0 0.192 0.056 1.000
0.0 0.0 0.0 1.0 0.0 0.0 0.0 0.0 0.0 0.0 0.143 0.714 0.857 0.749 2.0 0.192 0.056 1.000
0.0 1.0 0.0 0.0 0.0 0.0 0.0 0.0 0.0 0.0 0.257 0.600 0.743 0.635 1.0 0.115 0.085 1.000
0.0 1.0 0.0 0.0 0.0 0.0 0.0 0.0 0.0 0.0 0.229 0.629 0.771 0.663 2.0 0.115 0.085 1.000
0.0 0.0 0.0 1.0 0.0 0.0 0.0 0.0 0.0 0.0 0.200 0.657 0.800 0.692 2.0 0.173 0.070 1.000
0.0 0.0 0.0 1.0 0.0 0.0 0.0 0.0 0.0 0.0 0.200 0.657 0.800 0.692 2.0 0.192 0.070 1.000
0.0 0.0 0.0 1.0 0.0 0.0 0.0 0.0 0.0 0.0 0.200 0.657 0.800 0.692 2.0 0.212 0.070 1.000
0.0 0.0 0.0 1.0 0.0 0.0 0.0 0.0 0.0 0.0 0.200 0.657 0.800 0.692 2.0 0.212 0.070 1.000
0.0 0.0 0.0 1.0 0.0 0.0 0.0 0.0 0.0 0.0 0.143 0.714 0.857 0.749 2.0 0.192 0.056 1.000
0.0 0.0 0.0 1.0 0.0 0.0 0.0 0.0 0.0 0.0 0.143 0.714 0.857 0.749 2.0 0.192 0.056 1.000
0.0 0.0 0.0 1.0 0.0 0.0 0.0 0.0 0.0 0.0 0.200 0.657 0.800 0.692 2.0 0.212 0.070 1.000
0.0 0.0 0.0 1.0 0.0 0.0 0.0 0.0 0.0 0.0 0.200 0.657 0.800 0.692 2.0 0.212 0.070 1.000
0.0 0.0 0.0 1.0 0.0 0.0 0.0 0.0 0.0 0.0 0.143 0.714 0.857 0.749 2.0 0.192 0.056 1.000
0.0 0.0 0.0 1.0 0.0 0.0 0.0 0.0 0.0 0.0 0.143 0.714 0.857 0.749 2.0 0.192 0.056 1.000
0.0 0.0 0.0 1.0 0.0 0.0 0.0 0.0 0.0 0.0 0.143 0.714 0.857 0.749 2.0 0.173 0.056 1.000
0.0 0.0 0.0 1.0 0.0 0.0 0.0 0.0 0.0 0.0 0.143 0.714 0.857 0.749 2.0 0.173 0.056 1.000
0.0 0.0 0.0 1.0 0.0 0.0 0.0 0.0 0.0 0.0 0.143 0.714 0.857 0.749 2.0 0.192 0.056 1.000
0.0 0.0 0.0 1.0 0.0 0.0 0.0 0.0 0.0 0.0 0.143 0.714 0.857 0.749 2.0 0.192 0.056 1.000
0.0 0.0 0.0 1.0 0.0 0.0 0.0 0.0 0.0 0.0 0.200 0.657 0.800 0.692 2.0 0.308 0.070 1.000
0.0 0.0 0.0 1.0 0.0 0.0 0.0 0.0 0.0 0.0 0.229 0.629 0.771 0.663 2.0 0.308 0.070 1.000
0.0 0.0 0.0 1.0 0.0 0.0 0.0 0.0 0.0 0.0 0.171 0.686 0.829 0.721 2.0 0.308 0.056 1.000
0.0 0.0 0.0 1.0 0.0 0.0 0.0 0.0 0.0 0.0 0.286 0.571 0.714 0.606 2.0 0.308 0.099 1.000
0.0 0.0 0.0 1.0 0.0 0.0 0.0 0.0 0.0 0.0 0.229 0.629 0.771 0.663 2.0 0.308 0.070 1.000
0.0 0.0 0.0 1.0 0.0 0.0 0.0 0.0 0.0 0.0 0.171 0.686 0.829 0.721 2.0 0.308 0.056 1.000
0.0 0.0 0.0 1.0 0.0 0.0 0.0 0.0 0.0 0.0 0.229 0.629 0.771 0.663 2.0 0.308 0.070 1.000
0.0 0.0 0.0 1.0 0.0 0.0 0.0 0.0 0.0 0.0 0.171 0.686 0.829 0.721 2.0 0.308 0.056 1.000
0.0 0.0 0.0 1.0 0.0 0.0 0.0 0.0 0.0 0.0 0.171 0.686 0.829 0.721 2.0 0.212 0.056 1.000
0.0 1.0 0.0 0.0 0.0 0.0 0.0 0.0 0.0 0.0 0.343 0.514 0.657 0.549 1.0 0.154 0.099 1.000
0.0 1.0 0.0 0.0 0.0 0.0 0.0 0.0 0.0 0.0 0.314 0.543 0.686 0.578 2.0 0.135 0.099 1.000
0.0 0.0 0.0 1.0 0.0 0.0 0.0 0.0 0.0 0.0 0.286 0.571 0.714 0.606 2.0 0.154 0.085 1.000
0.0 0.0 0.0 1.0 0.0 0.0 0.0 0.0 0.0 0.0 0.229 0.629 0.771 0.663 2.0 0.212 0.070 1.000
0.0 0.0 0.0 1.0 0.0 0.0 0.0 0.0 0.0 0.0 0.171 0.686 0.829 0.721 2.0 0.212 0.056 1.000
0.0 0.0 0.0 1.0 0.0 0.0 0.0 0.0 0.0 0.0 0.229 0.629 0.771 0.663 2.0 0.212 0.070 1.000
0.0 0.0 0.0 1.0 0.0 0.0 0.0 0.0 0.0 0.0 0.171 0.686 0.829 0.721 2.0 0.212 0.056 1.000
0.0 1.0 0.0 0.0 0.0 0.0 0.0 0.0 0.0 0.0 0.229 0.629 0.771 0.663 1.0 0.154 0.070 1.000
0.0 1.0 0.0 0.0 0.0 0.0 0.0 0.0 0.0 0.0 0.200 0.657 0.800 0.692 2.0 0.135 0.070 1.000
0.0 0.0 0.0 1.0 0.0 0.0 0.0 0.0 0.0 0.0 0.171 0.686 0.829 0.721 2.0 0.154 0.056 1.000
0.0 0.0 0.0 1.0 0.0 0.0 0.0 0.0 0.0 0.0 0.171 0.686 0.829 0.721 2.0 0.212 0.056 1.000
0.0 0.0 0.0 1.0 0.0 0.0 0.0 0.0 0.0 0.0 0.257 0.600 0.743 0.635 2.0 0.269 0.141 1.000
0.0 0.0 0.0 1.0 0.0 0.0 0.0 0.0 0.0 0.0 0.314 0.543 0.686 0.578 2.0 0.269 0.155 1.000
0.0 0.0 0.0 1.0 0.0 0.0 0.0 0.0 0.0 0.0 0.229 0.629 0.771 0.663 2.0 0.269 0.127 1.000
0.0 0.0 0.0 1.0 0.0 0.0 0.0 0.0 0.0 0.0 0.314 0.543 0.686 0.578 2.0 0.269 0.169 1.000
0.0 0.0 0.0 1.0 0.0 0.0 0.0 0.0 0.0 0.0 0.257 0.600 0.743 0.635 2.0 0.269 0.127 1.000
0.0 0.0 0.0 1.0 0.0 0.0 0.0 0.0 0.0 0.0 0.257 0.600 0.743 0.635 2.0 0.269 0.127 1.000
0.0 0.0 0.0 1.0 0.0 0.0 0.0 0.0 0.0 0.0 0.257 0.600 0.743 0.635 2.0 0.269 0.141 1.000
0.0 0.0 0.0 1.0 0.0 0.0 0.0 0.0 0.0 0.0 0.200 0.657 0.800 0.692 2.0 0.269 0.113 1.000
0.0 0.0 0.0 1.0 0.0 0.0 0.0 0.0 0.0 0.0 0.286 0.571 0.714 0.606 2.0 0.231 0.141 1.000
0.0 0.0 0.0 1.0 0.0 0.0 0.0 0.0 0.0 0.0 0.286 0.571 0.714 0.606 2.0 0.231 0.141 1.000
0.0 0.0 0.0 1.0 0.0 0.0 0.0 0.0 0.0 0.0 0.343 0.514 0.657 0.549 2.0 0.231 0.155 1.000
0.0 0.0 0.0 1.0 0.0 0.0 0.0 0.0 0.0 0.0 0.343 0.514 0.657 0.549 2.0 0.231 0.155 1.000
0.0 0.0 0.0 1.0 0.0 0.0 0.0 0.0 0.0 0.0 0.257 0.600 0.743 0.635 2.0 0.231 0.127 1.000
0.0 0.0 0.0 1.0 0.0 0.0 0.0 0.0 0.0 0.0 0.257 0.600 0.743 0.635 2.0 0.231 0.127 1.000
0.0 0.0 0.0 1.0 0.0 0.0 0.0 0.0 0.0 0.0 0.343 0.514 0.657 0.549 2.0 0.231 0.169 1.000
0.0 0.0 0.0 1.0 0.0 0.0 0.0 0.0 0.0 0.0 0.343 0.514 0.657 0.549 2.0 0.231 0.169 1.000
0.0 0.0 0.0 1.0 0.0 0.0 0.0 0.0 0.0 0.0 0.286 0.571 0.714 0.606 2.0 0.212 0.127 1.000
0.0 0.0 0.0 1.0 0.0 0.0 0.0 0.0 0.0 0.0 0.286 0.571 0.714 0.606 2.0 0.212 0.127 1.000
0.0 0.0 0.0 1.0 0.0 0.0 0.0 0.0 0.0 0.0 0.286 0.571 0.714 0.606 2.0 0.231 0.127 1.000
0.0 0.0 0.0 1.0 0.0 0.0 0.0 0.0 0.0 0.0 0.286 0.571 0.714 0.606 2.0 0.231 0.127 1.000
0.0 0.0 0.0 1.0 0.0 0.0 0.0 0.0 0.0 0.0 0.286 0.571 0.714 0.606 2.0 0.231 0.141 1.000
0.0 0.0 0.0 1.0 0.0 0.0 0.0 0.0 0.0 0.0 0.286 0.571 0.714 0.606 2.0 0.231 0.141 1.000
0.0 0.0 0.0 1.0 0.0 0.0 0.0 0.0 0.0 0.0 0.229 0.629 0.771 0.663 2.0 0.231 0.113 1.000
0.0 0.0 0.0 1.0 0.0 0.0 0.0 0.0 0.0 0.0 0.229 0.629 0.771 0.663 2.0 0.231 0.113 1.000
0.0 0.0 0.0 1.0 0.0 0.0 0.0 0.0 0.0 0.0 0.314 0.543 0.686 0.578 2.0 0.212 0.141 1.000
0.0 0.0 0.0 1.0 0.0 0.0 0.0 0.0 0.0 0.0 0.371 0.486 0.629 0.521 2.0 0.212 0.155 1.000
0.0 0.0 0.0 1.0 0.0 0.0 0.0 0.0 0.0 0.0 0.286 0.571 0.714 0.606 2.0 0.212 0.127 1.000
0.0 0.0 0.0 1.0 0.0 0.0 0.0 0.0 0.0 0.0 0.371 0.486 0.629 0.521 2.0 0.212 0.169 1.000
0.0 1.0 0.0 0.0 0.0 0.0 0.0 0.0 0.0 0.0 0.371 0.486 0.629 0.521 1.0 0.154 0.141 1.000
0.0 1.0 0.0 0.0 0.0 0.0 0.0 0.0 0.0 0.0 0.343 0.514 0.657 0.549 2.0 0.135 0.141 1.000
0.0 0.0 0.0 1.0 0.0 0.0 0.0 0.0 0.0 0.0 0.314 0.543 0.686 0.578 2.0 0.154 0.127 1.000
0.0 0.0 0.0 1.0 0.0 0.0 0.0 0.0 0.0 0.0 0.314 0.543 0.686 0.578 2.0 0.212 0.127 1.000
0.0 0.0 0.0 1.0 0.0 0.0 0.0 0.0 0.0 0.0 0.314 0.543 0.686 0.578 2.0 0.212 0.141 1.000
0.0 0.0 0.0 1.0 0.0 0.0 0.0 0.0 0.0 0.0 0.257 0.600 0.743 0.635 2.0 0.212 0.113 1.000
0.0 0.0 0.0 1.0 0.0 0.0 0.0 0.0 0.0 0.0 0.400 0.457 0.600 0.492 2.0 0.135 0.169 1.000
0.0 0.0 0.0 1.0 0.0 0.0 0.0 0.0 0.0 0.0 0.343 0.514 0.657 0.549 2.0 0.154 0.155 1.000
0.0 0.0 0.0 1.0 0.0 0.0 0.0 0.0 0.0 0.0 0.343 0.514 0.657 0.549 2.0 0.154 0.169 1.000
0.0 0.0 0.0 1.0 0.0 0.0 0.0 0.0 0.0 0.0 0.286 0.571 0.714 0.606 2.0 0.154 0.141 1.000
0.0 0.0 0.0 1.0 0.0 0.0 0.0 0.0 0.0 0.0 0.343 0.514 0.657 0.549 2.0 0.154 0.169 1.000
0.0 0.0 0.0 1.0 0.0 0.0 0.0 0.0 0.0 0.0 0.400 0.457 0.600 0.492 2.0 0.173 0.183 1.000
0.0 0.0 0.0 1.0 0.0 0.0 0.0 0.0 0.0 0.0 0.314 0.543 0.686 0.578 2.0 0.154 0.155 1.000
0.0 0.0 0.0 1.0 0.0 0.0 0.0 0.0 0.0 0.0 0.400 0.457 0.600 0.492 2.0 0.154 0.197 1.000
0.0 0.0 0.0 1.0 0.0 0.0 0.0 0.0 0.0 0.0 0.429 0.429 0.571 0.463 2.0 0.154 0.169 1.000
0.0 0.0 0.0 1.0 0.0 0.0 0.0 0.0 0.0 0.0 0.429 0.429 0.571 0.463 2.0 0.173 0.169 1.000
0.0 0.0 0.0 1.0 0.0 0.0 0.0 0.0 0.0 0.0 0.371 0.486 0.629 0.521 2.0 0.154 0.155 1.000
0.0 0.0 0.0 1.0 0.0 0.0 0.0 0.0 0.0 0.0 0.371 0.486 0.629 0.521 2.0 0.192 0.155 1.000
0.0 0.0 0.0 1.0 0.0 0.0 0.0 0.0 0.0 0.0 0.371 0.486 0.629 0.521 2.0 0.154 0.169 1.000
0.0 0.0 0.0 1.0 0.0 0.0 0.0 0.0 0.0 0.0 0.371 0.486 0.629 0.521 2.0 0.192 0.169 1.000
0.0 0.0 0.0 1.0 0.0 0.0 0.0 0.0 0.0 0.0 0.314 0.543 0.686 0.578 2.0 0.154 0.141 1.000
0.0 0.0 0.0 1.0 0.0 0.0 0.0 0.0 0.0 0.0 0.314 0.543 0.686 0.578 2.0 0.192 0.141 1.000
0.0 0.0 0.0 1.0 0.0 0.0 0.0 0.0 0.0 0.0 0.371 0.486 0.629 0.521 2.0 0.154 0.169 1.000
0.0 0.0 0.0 1.0 0.0 0.0 0.0 0.0 0.0 0.0 0.371 0.486 0.629 0.521 2.0 0.192 0.169 1.000
0.0 1.0 0.0 0.0 0.0 0.0 0.0 0.0 0.0 0.0 0.486 0.371 0.514 0.406 1.0 0.135 0.197 1.000
0.0 1.0 0.0 0.0 0.0 0.0 0.0 0.0 0.0 0.0 0.457 0.400 0.543 0.435 2.0 0.115 0.197 1.000
0.0 0.0 0.0 1.0 0.0 0.0 0.0 0.0 0.0 0.0 0.429 0.429 0.571 0.463 2.0 0.135 0.183 1.000
0.0 0.0 0.0 1.0 0.0 0.0 0.0 0.0 0.0 0.0 0.429 0.429 0.571 0.463 2.0 0.212 0.183 1.000
0.0 0.0 0.0 1.0 0.0 0.0 0.0 0.0 0.0 0.0 0.343 0.514 0.657 0.549 2.0 0.154 0.155 1.000
0.0 0.0 0.0 1.0 0.0 0.0 0.0 0.0 0.0 0.0 0.343 0.514 0.657 0.549 2.0 0.192 0.155 1.000
0.0 0.0 0.0 1.0 0.0 0.0 0.0 0.0 0.0 0.0 0.429 0.429 0.571 0.463 2.0 0.154 0.197 1.000
0.0 0.0 0.0 1.0 0.0 0.0 0.0 0.0 0.0 0.0 0.429 0.429 0.571 0.463 2.0 0.192 0.197 1.000
0.0 0.0 0.0 1.0 0.0 0.0 0.0 0.0 0.0 0.0 0.457 0.400 0.543 0.435 2.0 0.212 0.169 1.000
0.0 0.0 0.0 1.0 0.0 0.0 0.0 0.0 0.0 0.0 0.400 0.457 0.600 0.492 2.0 0.212 0.155 1.000
0.0 0.0 0.0 1.0 0.0 0.0 0.0 0.0 0.0 0.0 0.400 0.457 0.600 0.492 2.0 0.212 0.169 1.000
0.0 0.0 0.0 1.0 0.0 0.0 0.0 0.0 0.0 0.0 0.343 0.514 0.657 0.549 2.0 0.212 0.141 1.000
0.0 0.0 0.0 1.0 0.0 0.0 0.0 0.0 0.0 0.0 0.400 0.457 0.600 0.492 2.0 0.212 0.169 1.000
0.0 0.0 0.0 1.0 0.0 0.0 0.0 0.0 0.0 0.0 0.514 0.343 0.486 0.378 2.0 0.212 0.197 1.000
0.0 0.0 0.0 1.0 0.0 0.0 0.0 0.0 0.0 0.0 0.371 0.486 0.629 0.521 2.0 0.212 0.155 1.000
0.0 0.0 0.0 1.0 0.0 0.0 0.0 0.0 0.0 0.0 0.457 0.400 0.543 0.435 2.0 0.212 0.197 1.000
0.0 0.0 0.0 1.0 0.0 0.0 0.0 0.0 0.0 0.0 0.486 0.371 0.514 0.406 2.0 0.192 0.225 1.000
0.0 0.0 0.0 1.0 0.0 0.0 0.0 0.0 0.0 0.0 0.429 0.429 0.571 0.463 2.0 0.173 0.254 1.000
0.0 0.0 0.0 1.0 0.0 0.0 0.0 0.0 0.0 0.0 0.429 0.429 0.571 0.463 2.0 0.192 0.239 1.000
0.0 0.0 0.0 1.0 0.0 0.0 0.0 0.0 0.0 0.0 0.371 0.486 0.629 0.521 2.0 0.192 0.197 1.000
0.0 0.0 0.0 1.0 0.0 0.0 0.0 0.0 0.0 0.0 0.429 0.429 0.571 0.463 2.0 0.192 0.239 1.000
0.0 0.0 0.0 1.0 0.0 0.0 0.0 0.0 0.0 0.0 0.543 0.314 0.457 0.349 2.0 0.192 0.254 1.000
0.0 0.0 0.0 1.0 0.0 0.0 0.0 0.0 0.0 0.0 0.400 0.457 0.600 0.492 2.0 0.173 0.225 1.000
0.0 0.0 0.0 1.0 0.0 0.0 0.0 0.0 0.0 0.0 0.486 0.371 0.514 0.406 2.0 0.192 0.254 1.000
0.0 0.0 0.0 1.0 0.0 0.0 0.0 0.0 0.0 0.0 0.514 0.343 0.486 0.378 2.0 0.385 0.225 1.000
0.0 0.0 0.0 1.0 0.0 0.0 0.0 0.0 0.0 0.0 0.514 0.343 0.486 0.378 2.0 0.385 0.225 1.000
0.0 0.0 0.0 1.0 0.0 0.0 0.0 0.0 0.0 0.0 0.457 0.400 0.543 0.435 2.0 0.365 0.254 1.000
0.0 0.0 0.0 1.0 0.0 0.0 0.0 0.0 0.0 0.0 0.457 0.400 0.543 0.435 2.0 0.385 0.254 1.000
0.0 0.0 0.0 1.0 0.0 0.0 0.0 0.0 0.0 0.0 0.457 0.400 0.543 0.435 2.0 0.385 0.239 1.000
0.0 0.0 0.0 1.0 0.0 0.0 0.0 0.0 0.0 0.0 0.457 0.400 0.543 0.435 2.0 0.385 0.239 1.000
0.0 0.0 0.0 1.0 0.0 0.0 0.0 0.0 0.0 0.0 0.400 0.457 0.600 0.492 2.0 0.385 0.197 1.000
0.0 0.0 0.0 1.0 0.0 0.0 0.0 0.0 0.0 0.0 0.400 0.457 0.600 0.492 2.0 0.385 0.197 1.000
0.0 0.0 0.0 1.0 0.0 0.0 0.0 0.0 0.0 0.0 0.457 0.400 0.543 0.435 2.0 0.173 0.239 1.000
0.0 0.0 0.0 1.0 0.0 0.0 0.0 0.0 0.0 0.0 0.457 0.400 0.543 0.435 2.0 0.173 0.239 1.000
0.0 0.0 0.0 1.0 0.0 0.0 0.0 0.0 0.0 0.0 0.571 0.286 0.429 0.321 2.0 0.385 0.254 1.000
0.0 0.0 0.0 1.0 0.0 0.0 0.0 0.0 0.0 0.0 0.571 0.286 0.429 0.321 2.0 0.385 0.254 1.000
0.0 0.0 0.0 1.0 0.0 0.0 0.0 0.0 0.0 0.0 0.429 0.429 0.571 0.463 2.0 0.365 0.225 1.000
0.0 0.0 0.0 1.0 0.0 0.0 0.0 0.0 0.0 0.0 0.429 0.429 0.571 0.463 2.0 0.385 0.225 1.000
0.0 0.0 0.0 1.0 0.0 0.0 0.0 0.0 0.0 0.0 0.514 0.343 0.486 0.378 2.0 0.385 0.254 1.000
0.0 0.0 0.0 1.0 0.0 0.0 0.0 0.0 0.0 0.0 0.514 0.343 0.486 0.378 2.0 0.385 0.254 1.000
0.0 0.0 0.0 1.0 0.0 0.0 0.0 0.0 0.0 0.0 0.543 0.314 0.457 0.349 2.0 0.827 0.225 1.000
0.0 0.0 0.0 1.0 0.0 0.0 0.0 0.0 0.0 0.0 0.486 0.371 0.514 0.406 2.0 0.827 0.254 1.000
0.0 0.0 0.0 1.0 0.0 0.0 0.0 0.0 0.0 0.0 0.486 0.371 0.514 0.406 2.0 0.981 0.239 1.000
0.0 0.0 0.0 1.0 0.0 0.0 0.0 0.0 0.0 0.0 0.429 0.429 0.571 0.463 2.0 0.981 0.197 1.000
0.0 0.0 0.0 1.0 0.0 0.0 0.0 0.0 0.0 0.0 0.600 0.257 0.400 0.292 2.0 0.808 0.254 1.000
0.0 0.0 0.0 1.0 0.0 0.0 0.0 0.0 0.0 0.0 0.543 0.314 0.457 0.349 2.0 1.000 0.254 1.000
0.0 0.0 0.0 1.0 0.0 0.0 0.0 0.0 0.0 0.0 0.457 0.400 0.543 0.435 2.0 0.981 0.225 1.000
0.0 1.0 0.0 0.0 0.0 0.0 0.0 0.0 0.0 0.0 0.514 0.343 0.486 0.378 2.0 0.769 0.254 1.000
0.0 0.0 0.0 1.0 0.0 0.0 0.0 0.0 0.0 0.0 0.486 0.371 0.514 0.406 2.0 0.365 0.239 1.000
0.0 1.0 0.0 0.0 0.0 0.0 0.0 0.0 0.0 0.0 0.571 0.286 0.400 0.307 1.0 0.385 0.225 0.500
0.0 1.0 0.0 0.0 0.0 0.0 0.0 0.0 0.0 0.0 0.514 0.343 0.457 0.364 2.0 0.385 0.268 0.500
0.0 1.0 0.0 0.0 0.0 0.0 0.0 0.0 0.0 0.0 0.514 0.343 0.457 0.364 2.0 0.385 0.254 0.500
0.0 1.0 0.0 0.0 0.0 0.0 0.0 0.0 0.0 0.0 0.571 0.286 0.400 0.307 2.0 0.385 0.239 0.500
0.0 1.0 0.0 0.0 0.0 0.0 0.0 0.0 0.0 0.0 0.514 0.343 0.457 0.364 1.0 0.385 0.254 0.500
0.0 1.0 0.0 0.0 0.0 0.0 0.0 0.0 0.0 0.0 0.457 0.400 0.514 0.421 2.0 0.385 0.211 0.500
0.0 1.0 0.0 0.0 0.0 0.0 0.0 0.0 0.0 0.0 0.571 0.286 0.400 0.307 2.0 0.385 0.239 0.500
0.0 1.0 0.0 0.0 0.0 0.0 0.0 0.0 0.0 0.0 0.514 0.343 0.457 0.364 2.0 0.385 0.254 0.500
0.0 1.0 0.0 0.0 0.0 0.0 0.0 0.0 0.0 0.0 0.457 0.400 0.514 0.421 2.0 0.385 0.211 0.500
0.0 1.0 0.0 0.0 0.0 0.0 0.0 0.0 0.0 0.0 0.514 0.343 0.457 0.364 2.0 0.385 0.268 0.500
0.0 1.0 0.0 0.0 0.0 0.0 0.0 0.0 0.0 0.0 0.514 0.343 0.457 0.364 2.0 0.385 0.254 0.500
0.0 1.0 0.0 0.0 0.0 0.0 0.0 0.0 0.0 0.0 0.457 0.400 0.514 0.421 2.0 0.327 0.211 0.500
0.0 1.0 0.0 0.0 0.0 0.0 0.0 0.0 0.0 0.0 0.486 0.371 0.486 0.393 1.0 0.154 0.211 0.500
0.0 1.0 0.0 0.0 0.0 0.0 0.0 0.0 0.0 0.0 0.629 0.229 0.343 0.257 2.0 0.346 0.268 0.125
0.0 1.0 0.0 0.0 0.0 0.0 0.0 0.0 0.0 0.0 0.571 0.286 0.400 0.314 1.0 0.442 0.254 0.125
0.0 1.0 0.0 0.0 0.0 0.0 0.0 0.0 0.0 0.0 0.629 0.229 0.314 0.264 1.0 0.346 0.254 0.125
0.0 1.0 0.0 0.0 0.0 0.0 0.0 0.0 0.0 0.0 0.486 0.371 0.457 0.407 2.0 0.442 0.239 0.125
0.0 1.0 0.0 0.0 0.0 0.0 0.0 0.0 0.0 0.0 0.543 0.314 0.371 0.329 2.0 0.308 0.268 0.125
0.0 1.0 0.0 0.0 0.0 0.0 0.0 0.0 0.0 0.0 0.571 0.286 0.343 0.300 1.0 0.115 0.268 0.125
0.0 1.0 0.0 0.0 0.0 0.0 0.0 0.0 0.0 0.0 0.571 0.286 0.343 0.300 2.0 0.442 0.268 0.125
0.0 1.0 0.0 0.0 0.0 0.0 0.0 0.0 0.0 0.0 0.543 0.314 0.343 0.321 2.0 0.327 0.268 0.125
0.0 1.0 0.0 0.0 0.0 0.0 0.0 0.0 0.0 0.0 0.486 0.371 0.400 0.379 2.0 0.442 0.239 0.125
0.0 1.0 0.0 0.0 0.0 0.0 0.0 0.0 0.0 0.0 0.543 0.343 0.457 0.362 2.0 0.365 0.268 0.500
0.0 1.0 0.0 0.0 0.0 0.0 0.0 0.0 0.0 0.0 0.629 0.257 0.371 0.277 2.0 0.385 0.268 0.500
0.0 1.0 0.0 0.0 0.0 0.0 0.0 0.0 0.0 0.0 0.486 0.400 0.514 0.420 2.0 0.385 0.239 0.500
0.0 1.0 0.0 0.0 0.0 0.0 0.0 0.0 0.0 0.0 0.543 0.343 0.457 0.362 2.0 0.365 0.268 0.500
0.0 1.0 0.0 0.0 0.0 0.0 0.0 0.0 0.0 0.0 0.629 0.257 0.371 0.277 1.0 0.385 0.254 0.500
0.0 1.0 0.0 0.0 0.0 0.0 0.0 0.0 0.0 0.0 0.571 0.314 0.429 0.334 1.0 0.385 0.254 0.500
0.0 1.0 0.0 0.0 0.0 0.0 0.0 0.0 0.0 0.0 0.543 0.343 0.457 0.362 2.0 0.365 0.268 0.500
0.0 1.0 0.0 0.0 0.0 0.0 0.0 0.0 0.0 0.0 0.486 0.400 0.514 0.420 2.0 0.327 0.239 0.500
0.0 1.0 0.0 0.0 0.0 0.0 0.0 0.0 0.0 0.0 0.514 0.371 0.486 0.391 1.0 0.154 0.239 0.500
0.0 1.0 0.0 0.0 0.0 0.0 0.0 0.0 0.0 0.0 0.571 0.314 0.429 0.334 2.0 0.385 0.268 0.500
0.0 1.0 0.0 0.0 0.0 0.0 0.0 0.0 0.0 0.0 0.629 0.257 0.371 0.277 2.0 0.327 0.268 0.500
0.0 1.0 0.0 0.0 0.0 0.0 0.0 0.0 0.0 0.0 0.657 0.229 0.343 0.248 1.0 0.154 0.268 0.500
0.0 1.0 0.0 0.0 0.0 0.0 0.0 0.0 0.0 0.0 0.486 0.400 0.514 0.420 2.0 0.327 0.239 0.500
0.0 1.0 0.0 0.0 0.0 0.0 0.0 0.0 0.0 0.0 0.514 0.371 0.486 0.391 1.0 0.154 0.239 0.500
0.0 1.0 0.0 0.0 0.0 0.0 0.0 0.0 0.0 0.0 0.571 0.314 0.429 0.334 1.0 0.385 0.254 0.500
0.0 1.0 0.0 0.0 0.0 0.0 0.0 0.0 0.0 0.0 0.514 0.371 0.429 0.386 1.0 0.346 0.254 0.125
0.0 1.0 0.0 0.0 0.0 0.0 0.0 0.0 0.0 0.0 0.457 0.429 0.486 0.443 2.0 0.442 0.211 0.125
0.0 1.0 0.0 0.0 0.0 0.0 0.0 0.0 0.0 0.0 0.514 0.371 0.371 0.371 2.0 0.346 0.268 0.125
0.0 1.0 0.0 0.0 0.0 0.0 0.0 0.0 0.0 0.0 0.514 0.371 0.371 0.371 2.0 0.442 0.254 0.125
0.0 1.0 0.0 0.0 0.0 0.0 0.0 0.0 0.0 0.0 0.571 0.314 0.343 0.329 2.0 0.346 0.239 0.125
0.0 1.0 0.0 0.0 0.0 0.0 0.0 0.0 0.0 0.0 0.457 0.429 0.457 0.443 2.0 0.442 0.211 0.125
0.0 1.0 0.0 0.0 0.0 0.0 0.0 0.0 0.0 0.0 0.571 0.314 0.429 0.364 2.0 0.327 0.239 0.125
0.0 1.0 0.0 0.0 0.0 0.0 0.0 0.0 0.0 0.0 0.600 0.286 0.400 0.336 1.0 0.115 0.239 0.125
0.0 1.0 0.0 0.0 0.0 0.0 0.0 0.0 0.0 0.0 0.514 0.371 0.486 0.421 2.0 0.442 0.254 0.125
0.0 1.0 0.0 0.0 0.0 0.0 0.0 0.0 0.0 0.0 0.657 0.200 0.314 0.221 1.0 0.212 0.662 0.500
0.0 1.0 0.0 0.0 0.0 0.0 0.0 0.0 0.0 0.0 0.629 0.229 0.343 0.250 2.0 0.154 0.662 0.500
0.0 0.0 1.0 0.0 0.0 0.0 0.0 0.0 0.0 0.0 0.600 0.257 0.371 0.279 4.0 0.442 0.648 0.500
0.0 0.0 1.0 0.0 0.0 0.0 0.0 0.0 0.0 0.0 0.600 0.257 0.371 0.279 4.0 0.558 0.648 0.500
0.0 0.0 1.0 0.0 0.0 0.0 0.0 0.0 0.0 0.0 0.600 0.257 0.371 0.279 4.0 0.558 0.662 0.500
0.0 0.0 1.0 0.0 0.0 0.0 0.0 0.0 0.0 0.0 0.571 0.286 0.400 0.307 4.0 0.558 0.662 0.500
0.0 0.0 1.0 0.0 0.0 0.0 0.0 0.0 0.0 0.0 0.657 0.229 0.343 0.248 4.0 0.558 0.690 0.500
0.0 0.0 1.0 0.0 0.0 0.0 0.0 0.0 0.0 0.0 0.657 0.229 0.343 0.248 4.0 0.558 0.662 0.500
0.0 0.0 1.0 0.0 0.0 0.0 0.0 0.0 0.0 0.0 0.629 0.257 0.371 0.277 4.0 0.558 0.690 0.500
0.0 0.0 1.0 0.0 0.0 0.0 0.0 0.0 0.0 0.0 0.686 0.200 0.314 0.220 4.0 0.538 0.676 0.500
0.0 0.0 0.0 0.0 1.0 0.0 0.0 0.0 0.0 0.0 0.686 0.171 0.286 0.193 4.0 0.923 0.775 0.500
0.0 0.0 0.0 0.0 1.0 0.0 0.0 0.0 0.0 0.0 0.714 0.171 0.286 0.191 4.0 0.981 0.775 0.500
0.0 0.0 1.0 0.0 0.0 0.0 0.0 0.0 0.0 0.0 0.714 0.143 0.257 0.171 4.0 0.808 0.972 0.125
0.0 0.0 1.0 0.0 0.0 0.0 0.0 0.0 0.0 0.0 0.657 0.200 0.314 0.229 2.0 0.462 0.507 0.125
0.0 0.0 1.0 0.0 0.0 0.0 0.0 0.0 0.0 0.0 0.714 0.143 0.229 0.179 4.0 0.808 0.972 0.125
0.0 0.0 1.0 0.0 0.0 0.0 0.0 0.0 0.0 0.0 0.657 0.200 0.286 0.236 2.0 0.462 0.493 0.125
0.0 0.0 1.0 0.0 0.0 0.0 0.0 0.0 0.0 0.0 0.714 0.143 0.200 0.157 4.0 0.827 0.986 0.125
0.0 0.0 1.0 0.0 0.0 0.0 0.0 0.0 0.0 0.0 0.629 0.229 0.286 0.243 2.0 0.481 0.507 0.125
0.0 0.0 1.0 0.0 0.0 0.0 0.0 0.0 0.0 0.0 0.714 0.143 0.171 0.150 4.0 0.827 0.986 0.125
0.0 0.0 1.0 0.0 0.0 0.0 0.0 0.0 0.0 0.0 0.629 0.229 0.257 0.236 2.0 0.481 0.507 0.125
0.0 0.0 1.0 0.0 0.0 0.0 0.0 0.0 0.0 0.0 0.743 0.143 0.200 0.157 4.0 0.827 0.944 0.125
0.0 0.0 1.0 0.0 0.0 0.0 0.0 0.0 0.0 0.0 0.571 0.314 0.371 0.329 2.0 0.481 0.465 0.125
0.0 0.0 1.0 0.0 0.0 0.0 0.0 0.0 0.0 0.0 0.743 0.143 0.143 0.143 4.0 0.827 0.958 0.125
0.0 0.0 1.0 0.0 0.0 0.0 0.0 0.0 0.0 0.0 0.571 0.314 0.314 0.314 2.0 0.481 0.479 0.125
0.0 0.0 1.0 0.0 0.0 0.0 0.0 0.0 0.0 0.0 0.743 0.143 0.171 0.157 4.0 0.788 0.972 0.125
0.0 1.0 0.0 0.0 0.0 0.0 0.0 0.0 0.0 0.0 0.629 0.257 0.286 0.271 2.0 0.231 0.493 0.125
0.0 0.0 1.0 0.0 0.0 0.0 0.0 0.0 0.0 0.0 0.600 0.286 0.314 0.300 2.0 0.365 0.479 0.125
0.0 0.0 1.0 0.0 0.0 0.0 0.0 0.0 0.0 0.0 0.743 0.143 0.257 0.193 4.0 0.788 0.958 0.125
0.0 0.0 1.0 0.0 0.0 0.0 0.0 0.0 0.0 0.0 0.629 0.257 0.371 0.307 2.0 0.481 0.479 0.125
0.0 0.0 1.0 0.0 0.0 0.0 0.0 0.0 0.0 0.0 0.743 0.114 0.114 0.114 2.0 0.519 0.972 0.031
0.0 0.0 1.0 0.0 0.0 0.0 0.0 0.0 0.0 0.0 0.743 0.114 0.114 0.114 2.0 0.519 0.972 0.031
0.0 0.0 1.0 0.0 0.0 0.0 0.0 0.0 0.0 0.0 0.743 0.114 0.114 0.114 2.0 0.519 0.972 0.031
0.0 1.0 0.0 0.0 0.0 0.0 0.0 0.0 0.0 0.0 0.800 0.171 0.171 0.171 1.0 0.135 0.986 0.031
0.0 1.0 0.0 0.0 0.0 0.0 0.0 0.0 0.0 0.0 0.771 0.200 0.200 0.200 2.0 0.135 0.986 0.031
0.0 0.0 1.0 0.0 0.0 0.0 0.0 0.0 0.0 0.0 0.743 0.229 0.229 0.229 2.0 0.481 0.972 0.031
0.0 0.0 1.0 0.0 0.0 0.0 0.0 0.0 0.0 0.0 0.743 0.171 0.171 0.171 2.0 0.519 0.972 0.031
0.0 0.0 1.0 0.0 0.0 0.0 0.0 0.0 0.0 0.0 0.743 0.114 0.114 0.114 2.0 0.519 0.972 0.031
0.0 1.0 0.0 0.0 0.0 0.0 0.0 0.0 0.0 0.0 0.800 0.143 0.143 0.143 1.0 0.135 0.986 0.031
0.0 1.0 0.0 0.0 0.0 0.0 0.0 0.0 0.0 0.0 0.771 0.171 0.171 0.171 2.0 0.135 0.986 0.031
0.0 0.0 1.0 0.0 0.0 0.0 0.0 0.0 0.0 0.0 0.743 0.200 0.200 0.200 2.0 0.481 0.972 0.031
0.0 0.0 1.0 0.0 0.0 0.0 0.0 0.0 0.0 0.0 0.743 0.114 0.114 0.114 2.0 0.519 0.972 0.031
0.0 0.0 1.0 0.0 0.0 0.0 0.0 0.0 0.0 0.0 0.743 0.171 0.171 0.171 2.0 0.519 0.986 0.031
0.0 0.0 1.0 0.0 0.0 0.0 0.0 0.0 0.0 0.0 0.743 0.114 0.114 0.114 2.0 0.519 0.986 0.031
0.0 0.0 1.0 0.0 0.0 0.0 0.0 0.0 0.0 0.0 0.743 0.114 0.114 0.114 2.0 0.519 0.986 0.031
0.0 0.0 1.0 0.0 0.0 0.0 0.0 0.0 0.0 0.0 0.743 0.114 0.114 0.114 2.0 0.519 0.986 0.031
0.0 0.0 1.0 0.0 0.0 0.0 0.0 0.0 0.0 0.0 0.743 0.114 0.114 0.114 2.0 0.519 0.986 0.031
0.0 0.0 1.0 0.0 0.0 0.0 0.0 0.0 0.0 0.0 0.743 0.114 0.114 0.114 2.0 0.519 0.986 0.031
0.0 0.0 1.0 0.0 0.0 0.0 0.0 0.0 0.0 0.0 0.743 0.114 0.114 0.114 2.0 0.519 0.986 0.031
0.0 0.0 1.0 0.0 0.0 0.0 0.0 0.0 0.0 0.0 0.743 0.143 0.143 0.143 2.0 0.519 0.986 0.031
0.0 0.0 1.0 0.0 0.0 0.0 0.0 0.0 0.0 0.0 0.771 0.114 0.114 0.114 2.0 0.500 0.944 0.031
0.0 0.0 1.0 0.0 0.0 0.0 0.0 0.0 0.0 0.0 0.771 0.114 0.114 0.114 2.0 0.519 0.944 0.031
0.0 0.0 1.0 0.0 0.0 0.0 0.0 0.0 0.0 0.0 0.771 0.171 0.171 0.171 2.0 0.519 0.944 0.031
0.0 0.0 1.0 0.0 0.0 0.0 0.0 0.0 0.0 0.0 0.771 0.114 0.114 0.114 2.0 0.519 0.944 0.031
0.0 0.0 1.0 0.0 0.0 0.0 0.0 0.0 0.0 0.0 0.771 0.114 0.114 0.114 2.0 0.500 0.958 0.031
0.0 0.0 1.0 0.0 0.0 0.0 0.0 0.0 0.0 0.0 0.771 0.114 0.114 0.114 2.0 0.519 0.958 0.031
0.0 0.0 1.0 0.0 0.0 0.0 0.0 0.0 0.0 0.0 0.771 0.114 0.114 0.114 2.0 0.519 0.958 0.031
0.0 0.0 1.0 0.0 0.0 0.0 0.0 0.0 0.0 0.0 0.771 0.114 0.114 0.114 2.0 0.519 0.958 0.031
0.0 1.0 0.0 0.0 0.0 0.0 0.0 0.0 0.0 0.0 0.800 0.114 0.114 0.114 2.0 0.154 0.986 0.031
0.0 0.0 1.0 0.0 0.0 0.0 0.0 0.0 0.0 0.0 0.771 0.143 0.143 0.143 2.0 0.481 0.972 0.031
0.0 0.0 1.0 0.0 0.0 0.0 0.0 0.0 0.0 0.0 0.771 0.114 0.114 0.114 2.0 0.519 0.972 0.031
0.0 0.0 1.0 0.0 0.0 0.0 0.0 0.0 0.0 0.0 0.771 0.114 0.114 0.114 2.0 0.519 0.972 0.031
0.0 0.0 1.0 0.0 0.0 0.0 0.0 0.0 0.0 0.0 0.771 0.143 0.143 0.143 2.0 0.519 0.972 0.031
0.0 0.0 1.0 0.0 0.0 0.0 0.0 0.0 0.0 0.0 0.771 0.229 0.229 0.229 2.0 0.500 0.958 0.031
0.0 1.0 0.0 0.0 0.0 0.0 0.0 0.0 0.0 0.0 0.800 0.114 0.114 0.114 2.0 0.154 0.972 0.031
0.0 0.0 1.0 0.0 0.0 0.0 0.0 0.0 0.0 0.0 0.771 0.143 0.143 0.143 2.0 0.500 0.958 0.031
0.0 1.0 0.0 0.0 0.0 0.0 0.0 0.0 0.0 0.0 0.829 0.114 0.114 0.114 1.0 0.135 0.972 0.031
0.0 1.0 0.0 0.0 0.0 0.0 0.0 0.0 0.0 0.0 0.800 0.143 0.143 0.143 2.0 0.135 0.972 0.031
0.0 0.0 1.0 0.0 0.0 0.0 0.0 0.0 0.0 0.0 0.771 0.171 0.171 0.171 2.0 0.481 0.958 0.031
0.0 0.0 1.0 0.0 0.0 0.0 0.0 0.0 0.0 0.0 0.771 0.114 0.114 0.114 2.0 0.519 0.958 0.031
0.0 0.0 0.0 1.0 0.0 0.0 0.0 0.0 1.0 0.0 0.771 0.086 0.086 0.086 2.0 0.135 0.972 0.031
0.0 0.0 0.0 1.0 0.0 0.0 0.0 0.0 1.0 0.0 0.771 0.086 0.086 0.086 2.0 0.135 0.972 0.031
0.0 0.0 0.0 1.0 0.0 0.0 0.0 0.0 1.0 0.0 0.771 0.086 0.086 0.086 2.0 0.135 0.972 0.031
0.0 0.0 0.0 1.0 0.0 0.0 0.0 0.0 1.0 0.0 0.829 0.143 0.143 0.143 2.0 0.115 0.986 0.031
0.0 0.0 0.0 1.0 0.0 0.0 0.0 0.0 1.0 0.0 0.771 0.143 0.143 0.143 2.0 0.154 0.972 0.031
0.0 0.0 0.0 1.0 0.0 0.0 0.0 0.0 1.0 0.0 0.771 0.086 0.086 0.086 2.0 0.135 0.972 0.031
0.0 0.0 0.0 1.0 0.0 0.0 0.0 0.0 1.0 0.0 0.829 0.114 0.114 0.114 2.0 0.115 0.986 0.031
0.0 0.0 0.0 1.0 0.0 0.0 0.0 0.0 1.0 0.0 0.771 0.086 0.086 0.086 2.0 0.135 0.972 0.031
0.0 0.0 0.0 1.0 0.0 0.0 0.0 0.0 1.0 0.0 0.771 0.143 0.143 0.143 2.0 0.154 0.986 0.031
0.0 0.0 0.0 1.0 0.0 0.0 0.0 0.0 1.0 0.0 0.771 0.086 0.086 0.086 2.0 0.135 0.986 0.031
0.0 0.0 0.0 1.0 0.0 0.0 0.0 0.0 1.0 0.0 0.771 0.086 0.086 0.086 2.0 0.135 0.986 0.031
0.0 0.0 0.0 1.0 0.0 0.0 0.0 0.0 1.0 0.0 0.771 0.086 0.086 0.086 2.0 0.135 0.986 0.031
0.0 0.0 0.0 1.0 0.0 0.0 0.0 0.0 1.0 0.0 0.771 0.086 0.086 0.086 2.0 0.135 0.986 0.031
0.0 0.0 0.0 1.0 0.0 0.0 0.0 0.0 1.0 0.0 0.771 0.086 0.086 0.086 2.0 0.135 0.986 0.031
0.0 0.0 0.0 1.0 0.0 0.0 0.0 0.0 1.0 0.0 0.771 0.086 0.086 0.086 2.0 0.135 0.986 0.031
0.0 0.0 0.0 1.0 0.0 0.0 0.0 0.0 1.0 0.0 0.771 0.114 0.114 0.114 2.0 0.135 0.986 0.031
0.0 0.0 0.0 1.0 0.0 0.0 0.0 0.0 1.0 0.0 0.800 0.086 0.086 0.086 2.0 0.135 0.944 0.031
0.0 0.0 0.0 1.0 0.0 0.0 0.0 0.0 1.0 0.0 0.800 0.086 0.086 0.086 2.0 0.135 0.944 0.031
0.0 0.0 0.0 1.0 0.0 0.0 0.0 0.0 1.0 0.0 0.800 0.143 0.143 0.143 2.0 0.135 0.944 0.031
0.0 0.0 0.0 1.0 0.0 0.0 0.0 0.0 1.0 0.0 0.800 0.086 0.086 0.086 2.0 0.135 0.944 0.031
0.0 0.0 0.0 1.0 0.0 0.0 0.0 0.0 1.0 0.0 0.800 0.086 0.086 0.086 2.0 0.135 0.958 0.031
0.0 0.0 0.0 1.0 0.0 0.0 0.0 0.0 1.0 0.0 0.800 0.086 0.086 0.086 2.0 0.135 0.958 0.031
0.0 0.0 0.0 1.0 0.0 0.0 0.0 0.0 1.0 0.0 0.800 0.086 0.086 0.086 2.0 0.135 0.958 0.031
0.0 0.0 0.0 1.0 0.0 0.0 0.0 0.0 1.0 0.0 0.800 0.086 0.086 0.086 2.0 0.135 0.958 0.031
0.0 0.0 0.0 1.0 0.0 0.0 0.0 0.0 1.0 0.0 0.829 0.086 0.086 0.086 2.0 0.115 0.986 0.031
0.0 0.0 0.0 1.0 0.0 0.0 0.0 0.0 1.0 0.0 0.800 0.086 0.086 0.086 2.0 0.135 0.972 0.031
0.0 0.0 0.0 1.0 0.0 0.0 0.0 0.0 1.0 0.0 0.800 0.086 0.086 0.086 2.0 0.135 0.972 0.031
0.0 0.0 0.0 1.0 0.0 0.0 0.0 0.0 1.0 0.0 0.800 0.114 0.114 0.114 2.0 0.135 0.972 0.031
0.0 0.0 0.0 1.0 0.0 0.0 0.0 0.0 1.0 0.0 0.800 0.200 0.200 0.200 2.0 0.154 0.958 0.031
0.0 0.0 0.0 1.0 0.0 0.0 0.0 0.0 1.0 0.0 0.829 0.086 0.086 0.086 2.0 0.115 0.972 0.031
0.0 0.0 0.0 1.0 0.0 0.0 0.0 0.0 1.0 0.0 0.857 0.086 0.086 0.086 2.0 0.115 0.972 0.031
0.0 0.0 0.0 1.0 0.0 0.0 0.0 0.0 1.0 0.0 0.800 0.086 0.086 0.086 2.0 0.135 0.958 0.031
0.0 0.0 0.0 1.0 0.0 0.0 0.0 0.0 1.0 0.0 0.800 0.057 0.057 0.057 2.0 0.115 0.972 0.031
0.0 0.0 0.0 1.0 0.0 0.0 0.0 0.0 0.0 0.0 0.800 0.057 0.057 0.057 2.0 0.154 0.972 0.031
0.0 0.0 0.0 1.0 0.0 0.0 0.0 0.0 1.0 0.0 0.800 0.057 0.057 0.057 2.0 0.115 0.972 0.031
0.0 0.0 0.0 1.0 0.0 0.0 0.0 0.0 0.0 0.0 0.800 0.057 0.057 0.057 2.0 0.154 0.972 0.031
0.0 0.0 0.0 1.0 0.0 0.0 0.0 0.0 1.0 0.0 0.800 0.057 0.057 0.057 2.0 0.115 0.972 0.031
0.0 0.0 0.0 1.0 0.0 0.0 0.0 0.0 0.0 0.0 0.800 0.057 0.057 0.057 2.0 0.154 0.972 0.031
0.0 0.0 0.0 1.0 0.0 0.0 0.0 0.0 1.0 0.0 0.857 0.114 0.114 0.114 2.0 0.115 0.986 0.031
0.0 0.0 0.0 1.0 0.0 0.0 0.0 0.0 0.0 0.0 0.857 0.114 0.114 0.114 2.0 0.135 0.986 0.031
0.0 1.0 0.0 0.0 0.0 0.0 0.0 0.0 0.0 0.0 0.857 0.057 0.057 0.057 1.0 0.115 0.986 0.031
0.0 1.0 0.0 0.0 0.0 0.0 0.0 0.0 0.0 0.0 0.829 0.086 0.086 0.086 2.0 0.096 0.986 0.031
0.0 0.0 0.0 1.0 0.0 0.0 0.0 0.0 1.0 0.0 0.800 0.114 0.114 0.114 2.0 0.115 0.972 0.031
0.0 0.0 0.0 1.0 0.0 0.0 0.0 0.0 0.0 0.0 0.800 0.114 0.114 0.114 2.0 0.173 0.972 0.031
0.0 0.0 0.0 1.0 0.0 0.0 0.0 0.0 1.0 0.0 0.800 0.057 0.057 0.057 2.0 0.115 0.972 0.031
0.0 0.0 0.0 1.0 0.0 0.0 0.0 0.0 0.0 0.0 0.800 0.057 0.057 0.057 2.0 0.154 0.972 0.031
0.0 0.0 0.0 1.0 0.0 0.0 0.0 0.0 1.0 0.0 0.857 0.086 0.086 0.086 2.0 0.115 0.986 0.031
0.0 0.0 0.0 1.0 0.0 0.0 0.0 0.0 0.0 0.0 0.857 0.086 0.086 0.086 2.0 0.135 0.986 0.031
0.0 0.0 0.0 1.0 0.0 0.0 0.0 0.0 1.0 0.0 0.800 0.057 0.057 0.057 2.0 0.115 0.972 0.031
0.0 0.0 0.0 1.0 0.0 0.0 0.0 0.0 0.0 0.0 0.800 0.057 0.057 0.057 2.0 0.154 0.972 0.031
0.0 0.0 0.0 1.0 0.0 0.0 0.0 0.0 1.0 0.0 0.800 0.114 0.114 0.114 2.0 0.135 0.986 0.031
0.0 1.0 0.0 0.0 0.0 0.0 0.0 0.0 0.0 0.0 0.857 0.057 0.057 0.057 1.0 0.115 1.000 0.031
0.0 1.0 0.0 0.0 0.0 0.0 0.0 0.0 0.0 0.0 0.829 0.086 0.086 0.086 2.0 0.115 1.000 0.031
0.0 0.0 0.0 1.0 0.0 0.0 0.0 0.0 0.0 0.0 0.800 0.114 0.114 0.114 2.0 0.154 0.986 0.031
0.0 0.0 0.0 1.0 0.0 0.0 0.0 0.0 1.0 0.0 0.800 0.057 0.057 0.057 2.0 0.115 0.986 0.031
0.0 0.0 0.0 1.0 0.0 0.0 0.0 0.0 0.0 0.0 0.800 0.057 0.057 0.057 2.0 0.154 0.986 0.031
0.0 0.0 0.0 1.0 0.0 0.0 0.0 0.0 1.0 0.0 0.800 0.057 0.057 0.057 2.0 0.115 0.986 0.031
0.0 0.0 0.0 1.0 0.0 0.0 0.0 0.0 0.0 0.0 0.800 0.057 0.057 0.057 2.0 0.154 0.986 0.031
0.0 0.0 0.0 1.0 0.0 0.0 0.0 0.0 1.0 0.0 0.800 0.057 0.057 0.057 2.0 0.115 0.986 0.031
0.0 0.0 0.0 1.0 0.0 0.0 0.0 0.0 0.0 0.0 0.800 0.057 0.057 0.057 2.0 0.154 0.986 0.031
0.0 0.0 0.0 1.0 0.0 0.0 0.0 0.0 1.0 0.0 0.800 0.057 0.057 0.057 2.0 0.115 0.986 0.031
0.0 0.0 0.0 1.0 0.0 0.0 0.0 0.0 0.0 0.0 0.800 0.057 0.057 0.057 2.0 0.154 0.986 0.031
0.0 0.0 0.0 1.0 0.0 0.0 0.0 0.0 1.0 0.0 0.800 0.057 0.057 0.057 2.0 0.115 0.986 0.031
0.0 0.0 0.0 1.0 0.0 0.0 0.0 0.0 0.0 0.0 0.800 0.057 0.057 0.057 2.0 0.154 0.986 0.031
0.0 0.0 0.0 1.0 0.0 0.0 0.0 0.0 1.0 0.0 0.800 0.057 0.057 0.057 2.0 0.115 0.986 0.031
0.0 0.0 0.0 1.0 0.0 0.0 0.0 0.0 0.0 0.0 0.800 0.057 0.057 0.057 2.0 0.154 0.986 0.031
0.0 0.0 0.0 1.0 0.0 0.0 0.0 0.0 1.0 0.0 0.800 0.086 0.086 0.086 2.0 0.115 0.986 0.031
0.0 0.0 0.0 1.0 0.0 0.0 0.0 0.0 0.0 0.0 0.800 0.086 0.086 0.086 2.0 0.154 0.986 0.031
0.0 0.0 0.0 1.0 0.0 0.0 0.0 0.0 1.0 0.0 0.829 0.057 0.057 0.057 2.0 0.115 0.944 0.031
0.0 0.0 0.0 1.0 0.0 0.0 0.0 0.0 0.0 0.0 0.829 0.057 0.057 0.057 2.0 0.154 0.944 0.031
0.0 0.0 0.0 1.0 0.0 0.0 0.0 0.0 1.0 0.0 0.829 0.057 0.057 0.057 2.0 0.115 0.944 0.031
0.0 0.0 0.0 1.0 0.0 0.0 0.0 0.0 0.0 0.0 0.829 0.057 0.057 0.057 2.0 0.154 0.944 0.031
0.0 0.0 0.0 1.0 0.0 0.0 0.0 0.0 1.0 0.0 0.829 0.114 0.114 0.114 2.0 0.115 0.944 0.031
0.0 0.0 0.0 1.0 0.0 0.0 0.0 0.0 0.0 0.0 0.829 0.114 0.114 0.114 2.0 0.154 0.944 0.031
0.0 0.0 0.0 1.0 0.0 0.0 0.0 0.0 1.0 0.0 0.829 0.057 0.057 0.057 2.0 0.115 0.944 0.031
0.0 0.0 0.0 1.0 0.0 0.0 0.0 0.0 0.0 0.0 0.829 0.057 0.057 0.057 2.0 0.154 0.944 0.031
0.0 0.0 0.0 1.0 0.0 0.0 0.0 0.0 1.0 0.0 0.829 0.057 0.057 0.057 2.0 0.115 0.958 0.031
0.0 0.0 0.0 1.0 0.0 0.0 0.0 0.0 0.0 0.0 0.829 0.057 0.057 0.057 2.0 0.154 0.958 0.031
0.0 0.0 0.0 1.0 0.0 0.0 0.0 0.0 1.0 0.0 0.829 0.057 0.057 0.057 2.0 0.115 0.958 0.031
0.0 0.0 0.0 1.0 0.0 0.0 0.0 0.0 0.0 0.0 0.829 0.057 0.057 0.057 2.0 0.154 0.958 0.031
0.0 0.0 0.0 1.0 0.0 0.0 0.0 0.0 1.0 0.0 0.829 0.057 0.057 0.057 2.0 0.115 0.958 0.031
0.0 0.0 0.0 1.0 0.0 0.0 0.0 0.0 0.0 0.0 0.829 0.057 0.057 0.057 2.0 0.154 0.958 0.031
0.0 0.0 0.0 1.0 0.0 0.0 0.0 0.0 1.0 0.0 0.829 0.057 0.057 0.057 2.0 0.115 0.958 0.031
0.0 0.0 0.0 1.0 0.0 0.0 0.0 0.0 0.0 0.0 0.829 0.057 0.057 0.057 2.0 0.154 0.958 0.031
0.0 0.0 0.0 1.0 0.0 0.0 0.0 0.0 1.0 0.0 0.857 0.057 0.057 0.057 2.0 0.115 0.986 0.031
0.0 0.0 0.0 1.0 0.0 0.0 0.0 0.0 0.0 0.0 0.857 0.057 0.057 0.057 2.0 0.135 0.986 0.031
0.0 0.0 0.0 1.0 0.0 0.0 0.0 0.0 1.0 0.0 0.829 0.057 0.057 0.057 2.0 0.115 0.972 0.031
0.0 0.0 0.0 1.0 0.0 0.0 0.0 0.0 0.0 0.0 0.829 0.057 0.057 0.057 2.0 0.154 0.972 0.031
0.0 0.0 0.0 1.0 0.0 0.0 0.0 0.0 1.0 0.0 0.829 0.057 0.057 0.057 2.0 0.115 0.972 0.031
0.0 0.0 0.0 1.0 0.0 0.0 0.0 0.0 0.0 0.0 0.829 0.057 0.057 0.057 2.0 0.154 0.972 0.031
0.0 0.0 0.0 1.0 0.0 0.0 0.0 0.0 1.0 0.0 0.829 0.086 0.086 0.086 2.0 0.115 0.972 0.031
0.0 0.0 0.0 1.0 0.0 0.0 0.0 0.0 0.0 0.0 0.829 0.086 0.086 0.086 2.0 0.154 0.972 0.031
0.0 0.0 0.0 1.0 0.0 0.0 0.0 0.0 1.0 0.0 0.829 0.171 0.171 0.171 2.0 0.135 0.958 0.031
0.0 1.0 0.0 0.0 0.0 0.0 0.0 0.0 0.0 0.0 0.886 0.114 0.114 0.114 1.0 0.115 0.972 0.031
0.0 1.0 0.0 0.0 0.0 0.0 0.0 0.0 0.0 0.0 0.857 0.143 0.143 0.143 2.0 0.115 0.972 0.031
0.0 0.0 0.0 1.0 0.0 0.0 0.0 0.0 0.0 0.0 0.829 0.171 0.171 0.171 2.0 0.154 0.958 0.031
0.0 0.0 0.0 1.0 0.0 0.0 0.0 0.0 1.0 0.0 0.857 0.057 0.057 0.057 2.0 0.115 0.972 0.031
0.0 0.0 0.0 1.0 0.0 0.0 0.0 0.0 0.0 0.0 0.857 0.057 0.057 0.057 2.0 0.135 0.972 0.031
0.0 0.0 0.0 1.0 0.0 0.0 0.0 0.0 1.0 0.0 0.886 0.057 0.057 0.057 2.0 0.115 0.972 0.031
0.0 0.0 0.0 1.0 0.0 0.0 0.0 0.0 0.0 0.0 0.886 0.057 0.057 0.057 2.0 0.135 0.972 0.031
0.0 0.0 0.0 1.0 0.0 0.0 0.0 0.0 1.0 0.0 0.829 0.057 0.057 0.057 2.0 0.115 0.958 0.031
0.0 0.0 0.0 1.0 0.0 0.0 0.0 0.0 0.0 0.0 0.829 0.057 0.057 0.057 2.0 0.154 0.958 0.031
0.0 0.0 0.0 1.0 0.0 0.0 0.0 0.0 0.0 0.0 0.829 0.029 0.029 0.029 2.0 0.115 0.972 0.031
0.0 0.0 0.0 1.0 0.0 0.0 0.0 0.0 0.0 0.0 0.829 0.029 0.029 0.029 2.0 0.115 0.972 0.031
0.0 0.0 0.0 1.0 0.0 0.0 0.0 0.0 0.0 0.0 0.829 0.029 0.029 0.029 2.0 0.115 0.972 0.031
0.0 0.0 0.0 1.0 0.0 0.0 0.0 0.0 0.0 0.0 0.886 0.086 0.086 0.086 2.0 0.135 0.986 0.031
0.0 0.0 0.0 1.0 0.0 0.0 0.0 0.0 0.0 0.0 0.886 0.029 0.029 0.029 2.0 0.135 0.986 0.031
0.0 0.0 0.0 1.0 0.0 0.0 0.0 0.0 0.0 0.0 0.829 0.029 0.029 0.029 2.0 0.115 0.972 0.031
0.0 1.0 0.0 0.0 0.0 0.0 0.0 0.0 0.0 0.0 0.914 0.029 0.029 0.029 2.0 0.096 1.000 0.031
0.0 0.0 0.0 1.0 0.0 0.0 0.0 0.0 0.0 0.0 0.886 0.057 0.057 0.057 2.0 0.135 0.986 0.031
0.0 0.0 0.0 1.0 0.0 0.0 0.0 0.0 0.0 0.0 0.829 0.029 0.029 0.029 2.0 0.115 0.972 0.031
0.0 0.0 0.0 1.0 0.0 0.0 0.0 0.0 0.0 0.0 0.886 0.029 0.029 0.029 2.0 0.115 1.000 0.031
0.0 0.0 0.0 1.0 0.0 0.0 0.0 0.0 0.0 0.0 0.829 0.029 0.029 0.029 2.0 0.115 0.986 0.031
0.0 0.0 0.0 1.0 0.0 0.0 0.0 0.0 0.0 0.0 0.829 0.029 0.029 0.029 2.0 0.115 0.986 0.031
0.0 0.0 0.0 1.0 0.0 0.0 0.0 0.0 0.0 0.0 0.829 0.029 0.029 0.029 2.0 0.115 0.986 0.031
0.0 0.0 0.0 1.0 0.0 0.0 0.0 0.0 0.0 0.0 0.829 0.029 0.029 0.029 2.0 0.115 0.986 0.031
0.0 0.0 0.0 1.0 0.0 0.0 0.0 0.0 0.0 0.0 0.829 0.029 0.029 0.029 2.0 0.115 0.986 0.031
0.0 0.0 0.0 1.0 0.0 0.0 0.0 0.0 0.0 0.0 0.829 0.029 0.029 0.029 2.0 0.115 0.986 0.031
0.0 1.0 0.0 0.0 0.0 0.0 0.0 0.0 0.0 0.0 0.857 0.029 0.029 0.029 2.0 0.096 1.000 0.031
0.0 0.0 0.0 1.0 0.0 0.0 0.0 0.0 0.0 0.0 0.829 0.057 0.057 0.057 2.0 0.135 0.986 0.031
0.0 0.0 0.0 1.0 0.0 0.0 0.0 0.0 0.0 0.0 0.857 0.029 0.029 0.029 2.0 0.115 0.944 0.031
0.0 0.0 0.0 1.0 0.0 0.0 0.0 0.0 0.0 0.0 0.857 0.029 0.029 0.029 2.0 0.115 0.944 0.031
0.0 1.0 0.0 0.0 0.0 0.0 0.0 0.0 0.0 0.0 0.914 0.029 0.029 0.029 1.0 0.077 0.958 0.031
0.0 1.0 0.0 0.0 0.0 0.0 0.0 0.0 0.0 0.0 0.886 0.057 0.057 0.057 2.0 0.115 0.958 0.031
0.0 0.0 0.0 1.0 0.0 0.0 0.0 0.0 0.0 0.0 0.857 0.086 0.086 0.086 2.0 0.135 0.944 0.031
0.0 0.0 0.0 1.0 0.0 0.0 0.0 0.0 0.0 0.0 0.857 0.029 0.029 0.029 2.0 0.115 0.944 0.031
0.0 0.0 0.0 1.0 0.0 0.0 0.0 0.0 0.0 0.0 0.857 0.029 0.029 0.029 2.0 0.115 0.958 0.031
0.0 0.0 0.0 1.0 0.0 0.0 0.0 0.0 0.0 0.0 0.857 0.029 0.029 0.029 2.0 0.115 0.958 0.031
0.0 0.0 0.0 1.0 0.0 0.0 0.0 0.0 0.0 0.0 0.857 0.029 0.029 0.029 2.0 0.115 0.958 0.031
0.0 0.0 0.0 1.0 0.0 0.0 0.0 0.0 0.0 0.0 0.857 0.029 0.029 0.029 2.0 0.115 0.958 0.031
0.0 0.0 0.0 1.0 0.0 0.0 0.0 0.0 0.0 0.0 0.886 0.029 0.029 0.029 2.0 0.115 0.986 0.031
0.0 0.0 0.0 1.0 0.0 0.0 0.0 0.0 0.0 0.0 0.857 0.029 0.029 0.029 2.0 0.115 0.972 0.031
0.0 0.0 0.0 1.0 0.0 0.0 0.0 0.0 0.0 0.0 0.857 0.029 0.029 0.029 2.0 0.115 0.972 0.031
0.0 1.0 0.0 0.0 0.0 0.0 0.0 0.0 0.0 0.0 0.886 0.029 0.029 0.029 2.0 0.096 0.986 0.031
0.0 0.0 0.0 1.0 0.0 0.0 0.0 0.0 0.0 0.0 0.857 0.057 0.057 0.057 2.0 0.135 0.972 0.031
0.0 0.0 0.0 1.0 0.0 0.0 0.0 0.0 0.0 0.0 0.914 0.086 0.086 0.086 2.0 0.135 0.972 0.031
0.0 0.0 0.0 1.0 0.0 0.0 0.0 0.0 0.0 0.0 0.886 0.029 0.029 0.029 2.0 0.115 0.972 0.031
0.0 0.0 0.0 1.0 0.0 0.0 0.0 0.0 0.0 0.0 0.914 0.029 0.029 0.029 2.0 0.115 0.972 0.031
0.0 0.0 0.0 1.0 0.0 0.0 0.0 0.0 0.0 0.0 0.857 0.029 0.029 0.029 2.0 0.115 0.958 0.031
1.0 0.0 0.0 0.0 0.0 0.0 0.0 0.0 0.0 1.0 0.857 0.000 0.000 0.000 1.0 0.077 0.972 0.031
1.0 0.0 0.0 0.0 0.0 0.0 0.0 0.0 0.0 1.0 0.857 0.000 0.000 0.000 1.0 0.077 0.972 0.031
1.0 0.0 0.0 0.0 0.0 0.0 0.0 0.0 0.0 1.0 0.857 0.000 0.000 0.000 1.0 0.077 0.972 0.031
0.0 1.0 0.0 0.0 0.0 0.0 0.0 0.0 0.0 1.0 0.971 0.000 0.000 0.000 1.0 0.058 1.000 0.031
0.0 1.0 0.0 0.0 0.0 0.0 0.0 0.0 0.0 0.0 0.943 0.029 0.029 0.029 2.0 0.077 1.000 0.031
1.0 0.0 0.0 0.0 0.0 0.0 0.0 0.0 0.0 0.0 0.914 0.057 0.057 0.057 1.0 0.115 0.986 0.031
1.0 0.0 0.0 0.0 0.0 0.0 0.0 0.0 0.0 1.0 0.914 0.000 0.000 0.000 1.0 0.077 0.986 0.031
1.0 0.0 0.0 0.0 0.0 0.0 0.0 0.0 0.0 1.0 0.857 0.000 0.000 0.000 1.0 0.077 0.972 0.031
1.0 0.0 0.0 0.0 0.0 0.0 0.0 0.0 0.0 1.0 0.943 0.000 0.000 0.000 1.0 0.058 1.000 0.031
1.0 0.0 0.0 0.0 0.0 0.0 0.0 0.0 0.0 1.0 0.857 0.000 0.000 0.000 1.0 0.077 0.972 0.031
1.0 0.0 0.0 0.0 0.0 0.0 0.0 0.0 0.0 1.0 0.914 0.000 0.000 0.000 1.0 0.077 1.000 0.031
1.0 0.0 0.0 0.0 0.0 0.0 0.0 0.0 0.0 1.0 0.857 0.000 0.000 0.000 1.0 0.077 0.986 0.031
1.0 0.0 0.0 0.0 0.0 0.0 0.0 0.0 0.0 1.0 0.857 0.000 0.000 0.000 1.0 0.077 0.986 0.031
1.0 0.0 0.0 0.0 0.0 0.0 0.0 0.0 0.0 1.0 0.857 0.000 0.000 0.000 1.0 0.077 0.986 0.031
1.0 0.0 0.0 0.0 0.0 0.0 0.0 0.0 0.0 1.0 0.857 0.000 0.000 0.000 1.0 0.077 0.986 0.031
1.0 0.0 0.0 0.0 0.0 0.0 0.0 0.0 0.0 1.0 0.857 0.000 0.000 0.000 1.0 0.077 0.986 0.031
1.0 0.0 0.0 0.0 0.0 0.0 0.0 0.0 0.0 1.0 0.857 0.000 0.000 0.000 1.0 0.077 0.986 0.031
1.0 0.0 0.0 0.0 0.0 0.0 0.0 0.0 0.0 1.0 0.886 0.000 0.000 0.000 1.0 0.058 1.000 0.031
1.0 0.0 0.0 0.0 0.0 0.0 0.0 0.0 0.0 1.0 0.886 0.000 0.000 0.000 1.0 0.077 0.944 0.031
1.0 0.0 0.0 0.0 0.0 0.0 0.0 0.0 0.0 1.0 0.886 0.000 0.000 0.000 1.0 0.077 0.944 0.031
1.0 0.0 0.0 0.0 0.0 0.0 0.0 0.0 0.0 1.0 0.943 0.000 0.000 0.000 1.0 0.058 0.958 0.031
1.0 0.0 0.0 0.0 0.0 0.0 0.0 0.0 0.0 1.0 0.886 0.000 0.000 0.000 1.0 0.077 0.944 0.031
1.0 0.0 0.0 0.0 0.0 0.0 0.0 0.0 0.0 1.0 0.886 0.000 0.000 0.000 1.0 0.077 0.958 0.031
1.0 0.0 0.0 0.0 0.0 0.0 0.0 0.0 0.0 1.0 0.886 0.000 0.000 0.000 1.0 0.077 0.958 0.031
1.0 0.0 0.0 0.0 0.0 0.0 0.0 0.0 0.0 1.0 0.886 0.000 0.000 0.000 1.0 0.077 0.958 0.031
1.0 0.0 0.0 0.0 0.0 0.0 0.0 0.0 0.0 1.0 0.886 0.000 0.000 0.000 1.0 0.077 0.958 0.031
1.0 0.0 0.0 0.0 0.0 0.0 0.0 0.0 0.0 1.0 0.914 0.000 0.000 0.000 1.0 0.077 0.986 0.031
1.0 0.0 0.0 0.0 0.0 0.0 0.0 0.0 0.0 1.0 0.886 0.000 0.000 0.000 1.0 0.077 0.972 0.031
1.0 0.0 0.0 0.0 0.0 0.0 0.0 0.0 0.0 1.0 0.886 0.000 0.000 0.000 1.0 0.077 0.972 0.031
1.0 0.0 0.0 0.0 0.0 0.0 0.0 0.0 0.0 1.0 0.914 0.000 0.000 0.000 1.0 0.058 0.986 0.031
0.0 1.0 0.0 0.0 0.0 0.0 0.0 0.0 0.0 1.0 1.000 0.000 0.000 0.000 1.0 0.058 0.986 0.031
0.0 1.0 0.0 0.0 0.0 0.0 0.0 0.0 0.0 0.0 0.971 0.029 0.029 0.029 2.0 0.077 0.986 0.031
1.0 0.0 0.0 0.0 0.0 0.0 0.0 0.0 0.0 0.0 0.943 0.057 0.057 0.057 1.0 0.115 0.972 0.031
1.0 0.0 0.0 0.0 0.0 0.0 0.0 0.0 0.0 1.0 0.914 0.000 0.000 0.000 1.0 0.077 0.972 0.031
1.0 0.0 0.0 0.0 0.0 0.0 0.0 0.0 0.0 1.0 0.943 0.000 0.000 0.000 1.0 0.077 0.972 0.031
1.0 0.0 0.0 0.0 0.0 0.0 0.0 0.0 0.0 1.0 0.886 0.000 0.000 0.000 1.0 0.077 0.958 0.031
