0.0 1.0 0.0 0.0 0.0 0.0 0.0 0.0 0.0 0.0 0.062 0.812 0.938 0.877 1.0 0.135 0.049 1.000
0.0 0.0 1.0 0.0 0.0 0.0 0.0 0.0 1.0 0.0 0.031 0.844 0.969 0.908 2.0 0.077 0.049 1.000
0.0 0.0 1.0 0.0 0.0 0.0 0.0 0.0 1.0 0.0 0.031 0.844 0.969 0.908 2.0 0.115 0.049 1.000
0.0 0.0 1.0 0.0 0.0 0.0 0.0 0.0 1.0 0.0 0.031 0.844 0.969 0.908 2.0 0.115 0.049 1.000
0.0 0.0 1.0 0.0 0.0 0.0 0.0 0.0 1.0 0.0 0.031 0.844 0.969 0.908 2.0 0.115 0.049 1.000
0.0 0.0 1.0 0.0 0.0 0.0 0.0 0.0 1.0 0.0 0.031 0.844 0.969 0.908 2.0 0.115 0.049 1.000
0.0 0.0 1.0 0.0 0.0 0.0 0.0 0.0 1.0 0.0 0.031 0.844 0.969 0.908 2.0 0.115 0.049 1.000
0.0 0.0 1.0 0.0 0.0 0.0 0.0 0.0 1.0 0.0 0.031 0.844 0.969 0.908 2.0 0.115 0.049 1.000
0.0 1.0 0.0 0.0 0.0 0.0 0.0 0.0 0.0 0.0 0.062 0.812 0.938 0.877 1.0 0.135 0.049 1.000
0.0 0.0 0.0 1.0 0.0 0.0 0.0 0.0 1.0 0.0 0.031 0.844 0.969 0.908 2.0 0.077 0.049 1.000
0.0 0.0 0.0 1.0 0.0 0.0 0.0 0.0 1.0 0.0 0.031 0.844 0.969 0.908 2.0 0.077 0.049 1.000
0.0 0.0 0.0 1.0 0.0 0.0 0.0 0.0 1.0 0.0 0.031 0.844 0.969 0.908 2.0 0.096 0.049 1.000
0.0 1.0 0.0 0.0 0.0 0.0 0.0 0.0 0.0 0.0 0.062 0.812 0.938 0.877 1.0 0.096 0.049 1.000
0.0 0.0 1.0 0.0 0.0 0.0 0.0 0.0 1.0 0.0 0.031 0.844 0.969 0.908 2.0 0.077 0.049 1.000
0.0 0.0 0.0 1.0 0.0 0.0 0.0 0.0 1.0 0.0 0.031 0.844 0.969 0.908 2.0 0.096 0.049 1.000
0.0 0.0 0.0 1.0 0.0 0.0 0.0 0.0 1.0 0.0 0.031 0.844 0.969 0.908 2.0 0.096 0.049 1.000
0.0 1.0 0.0 0.0 0.0 0.0 0.0 0.0 0.0 0.0 0.062 0.812 0.938 0.877 1.0 0.096 0.049 1.000
0.0 0.0 1.0 0.0 0.0 0.0 0.0 0.0 1.0 0.0 0.031 0.844 0.969 0.908 2.0 0.077 0.049 1.000
0.0 0.0 0.0 1.0 0.0 0.0 0.0 0.0 1.0 0.0 0.031 0.844 0.969 0.908 2.0 0.077 0.049 1.000
0.0 0.0 0.0 1.0 0.0 0.0 0.0 0.0 1.0 0.0 0.031 0.844 0.969 0.908 2.0 0.077 0.049 1.000
0.0 0.0 0.0 1.0 0.0 0.0 0.0 0.0 1.0 0.0 0.031 0.844 0.969 0.908 2.0 0.077 0.049 1.000
0.0 0.0 0.0 1.0 0.0 0.0 0.0 0.0 1.0 0.0 0.031 0.844 0.969 0.908 2.0 0.077 0.049 1.000
0.0 0.0 0.0 1.0 0.0 0.0 0.0 0.0 1.0 0.0 0.031 0.844 0.969 0.908 2.0 0.096 0.049 1.000
0.0 0.0 0.0 1.0 0.0 0.0 0.0 0.0 1.0 0.0 0.031 0.844 0.969 0.908 2.0 0.077 0.049 1.000
0.0 0.0 0.0 1.0 0.0 0.0 0.0 0.0 1.0 0.0 0.031 0.844 0.969 0.908 2.0 0.077 0.049 1.000
0.0 0.0 0.0 1.0 0.0 0.0 0.0 0.0 1.0 0.0 0.031 0.844 0.969 0.908 2.0 0.096 0.049 1.000
0.0 0.0 0.0 1.0 0.0 0.0 0.0 0.0 1.0 0.0 0.031 0.844 0.969 0.908 2.0 0.077 0.049 1.000
0.0 0.0 0.0 1.0 0.0 0.0 0.0 0.0 1.0 0.0 0.031 0.844 0.969 0.908 2.0 0.096 0.049 1.000
0.0 0.0 0.0 1.0 0.0 0.0 0.0 0.0 1.0 0.0 0.031 0.844 0.969 0.908 2.0 0.096 0.049 1.000
0.0 0.0 0.0 1.0 0.0 0.0 0.0 0.0 1.0 0.0 0.031 0.844 0.969 0.908 2.0 0.077 0.049 1.000
0.0 0.0 0.0 1.0 0.0 0.0 0.0 0.0 1.0 0.0 0.031 0.844 0.969 0.908 2.0 0.077 0.049 1.000
0.0 0.0 0.0 1.0 0.0 0.0 0.0 0.0 1.0 0.0 0.031 0.844 0.969 0.908 2.0 0.077 0.049 1.000
0.0 0.0 0.0 1.0 0.0 0.0 0.0 0.0 1.0 0.0 0.031 0.844 0.969 0.908 2.0 0.077 0.049 1.000
0.0 0.0 0.0 1.0 0.0 0.0 0.0 0.0 1.0 0.0 0.031 0.844 0.969 0.908 2.0 0.077 0.049 1.000
0.0 0.0 0.0 1.0 0.0 0.0 0.0 0.0 1.0 0.0 0.031 0.844 0.969 0.908 2.0 0.096 0.049 1.000
0.0 1.0 0.0 0.0 0.0 0.0 0.0 0.0 0.0 0.0 0.062 0.812 0.938 0.877 1.0 0.096 0.049 1.000
0.0 0.0 1.0 0.0 0.0 0.0 0.0 0.0 1.0 0.0 0.031 0.844 0.969 0.908 2.0 0.077 0.049 1.000
0.0 1.0 0.0 0.0 0.0 0.0 0.0 0.0 0.0 0.0 0.062 0.812 0.938 0.877 1.0 0.096 0.049 1.000
0.0 0.0 1.0 0.0 0.0 0.0 0.0 0.0 1.0 0.0 0.031 0.844 0.969 0.908 2.0 0.077 0.049 1.000
0.0 0.0 0.0 1.0 0.0 0.0 0.0 0.0 1.0 0.0 0.031 0.844 0.969 0.908 2.0 0.077 0.049 1.000
0.0 0.0 0.0 1.0 0.0 0.0 0.0 0.0 1.0 0.0 0.031 0.844 0.969 0.908 2.0 0.077 0.049 1.000
0.0 0.0 0.0 1.0 0.0 0.0 0.0 0.0 1.0 0.0 0.031 0.844 0.969 0.908 2.0 0.077 0.049 1.000
0.0 0.0 0.0 1.0 0.0 0.0 0.0 0.0 1.0 0.0 0.031 0.844 0.969 0.908 2.0 0.096 0.049 1.000
0.0 0.0 0.0 1.0 0.0 0.0 0.0 0.0 1.0 0.0 0.031 0.844 0.969 0.908 2.0 0.077 0.049 1.000
0.0 0.0 0.0 1.0 0.0 0.0 0.0 0.0 1.0 0.0 0.031 0.844 0.969 0.908 2.0 0.077 0.049 1.000
0.0 0.0 0.0 1.0 0.0 0.0 0.0 0.0 1.0 0.0 0.031 0.844 0.969 0.908 2.0 0.077 0.049 1.000
0.0 0.0 0.0 1.0 0.0 0.0 0.0 0.0 1.0 0.0 0.062 0.812 0.938 0.877 2.0 0.096 0.049 1.000
0.0 0.0 0.0 1.0 0.0 0.0 0.0 0.0 1.0 0.0 0.062 0.812 0.938 0.877 2.0 0.096 0.049 1.000
0.0 0.0 0.0 1.0 0.0 0.0 0.0 0.0 1.0 0.0 0.062 0.812 0.938 0.877 2.0 0.135 0.049 1.000
0.0 1.0 0.0 0.0 0.0 0.0 0.0 0.0 0.0 0.0 0.094 0.781 0.906 0.846 1.0 0.135 0.049 1.000
0.0 0.0 1.0 0.0 0.0 0.0 0.0 0.0 1.0 0.0 0.062 0.812 0.938 0.877 2.0 0.096 0.049 1.000
0.0 0.0 0.0 1.0 0.0 0.0 0.0 0.0 1.0 0.0 0.094 0.781 0.906 0.846 2.0 0.135 0.049 1.000
0.0 0.0 0.0 1.0 0.0 0.0 0.0 0.0 1.0 0.0 0.094 0.781 0.906 0.846 2.0 0.135 0.049 1.000
0.0 0.0 0.0 1.0 0.0 0.0 0.0 0.0 1.0 0.0 0.062 0.812 0.938 0.877 2.0 0.135 0.049 1.000
0.0 1.0 0.0 0.0 0.0 0.0 0.0 0.0 0.0 0.0 0.094 0.781 0.906 0.846 1.0 0.135 0.049 1.000
0.0 0.0 0.0 1.0 0.0 0.0 0.0 0.0 1.0 0.0 0.062 0.812 0.938 0.877 2.0 0.096 0.049 1.000
0.0 0.0 0.0 1.0 0.0 0.0 0.0 0.0 1.0 0.0 0.062 0.812 0.938 0.877 2.0 0.135 0.049 1.000
0.0 1.0 0.0 0.0 0.0 0.0 0.0 0.0 0.0 0.0 0.094 0.781 0.906 0.846 1.0 0.135 0.049 1.000
0.0 0.0 1.0 0.0 0.0 0.0 0.0 0.0 1.0 0.0 0.062 0.812 0.938 0.877 2.0 0.096 0.049 1.000
0.0 0.0 0.0 1.0 0.0 0.0 0.0 0.0 1.0 0.0 0.094 0.781 0.906 0.846 2.0 0.135 0.049 1.000
0.0 0.0 0.0 1.0 0.0 0.0 0.0 0.0 1.0 0.0 0.094 0.781 0.906 0.846 2.0 0.135 0.049 1.000
0.0 0.0 0.0 1.0 0.0 0.0 0.0 0.0 1.0 0.0 0.062 0.812 0.938 0.877 2.0 0.115 0.049 1.000
0.0 0.0 0.0 1.0 0.0 0.0 0.0 0.0 1.0 0.0 0.062 0.812 0.938 0.877 2.0 0.115 0.049 1.000
0.0 0.0 0.0 1.0 0.0 0.0 0.0 0.0 1.0 0.0 0.062 0.812 0.938 0.877 2.0 0.115 0.049 1.000
0.0 0.0 0.0 1.0 0.0 0.0 0.0 0.0 1.0 0.0 0.062 0.812 0.938 0.877 2.0 0.115 0.049 1.000
0.0 0.0 0.0 1.0 0.0 0.0 0.0 0.0 1.0 0.0 0.062 0.812 0.938 0.877 2.0 0.115 0.049 1.000
0.0 0.0 0.0 1.0 0.0 0.0 0.0 0.0 1.0 0.0 0.062 0.812 0.938 0.877 2.0 0.115 0.049 1.000
0.0 0.0 0.0 1.0 0.0 0.0 0.0 0.0 1.0 0.0 0.062 0.812 0.938 0.877 2.0 0.115 0.049 1.000
0.0 0.0 0.0 1.0 0.0 0.0 0.0 0.0 1.0 0.0 0.062 0.812 0.938 0.877 2.0 0.115 0.049 1.000
0.0 0.0 0.0 1.0 0.0 0.0 0.0 0.0 1.0 0.0 0.062 0.812 0.938 0.877 2.0 0.135 0.049 1.000
0.0 1.0 0.0 0.0 0.0 0.0 0.0 0.0 0.0 0.0 0.094 0.781 0.906 0.846 1.0 0.135 0.049 1.000
0.0 0.0 0.0 1.0 0.0 0.0 0.0 0.0 1.0 0.0 0.062 0.812 0.938 0.877 2.0 0.096 0.049 1.000
0.0 0.0 0.0 1.0 0.0 0.0 0.0 0.0 1.0 0.0 0.062 0.812 0.938 0.877 2.0 0.115 0.049 1.000
0.0 0.0 0.0 1.0 0.0 0.0 0.0 0.0 1.0 0.0 0.062 0.812 0.938 0.877 2.0 0.115 0.049 1.000
0.0 0.0 0.0 1.0 0.0 0.0 0.0 0.0 1.0 0.0 0.062 0.812 0.938 0.877 2.0 0.115 0.049 1.000
0.0 0.0 0.0 1.0 0.0 0.0 0.0 0.0 1.0 0.0 0.062 0.812 0.938 0.877 2.0 0.115 0.049 1.000
0.0 1.0 0.0 0.0 0.0 0.0 0.0 0.0 0.0 0.0 0.094 0.781 0.906 0.846 1.0 0.135 0.049 1.000
0.0 0.0 1.0 0.0 0.0 0.0 0.0 0.0 1.0 0.0 0.062 0.812 0.938 0.877 2.0 0.096 0.049 1.000
0.0 0.0 0.0 1.0 0.0 0.0 0.0 0.0 1.0 0.0 0.062 0.812 0.938 0.877 2.0 0.135 0.049 1.000
0.0 0.0 0.0 1.0 0.0 0.0 0.0 0.0 1.0 0.0 0.062 0.812 0.938 0.877 2.0 0.115 0.049 1.000
0.0 0.0 0.0 1.0 0.0 0.0 0.0 0.0 1.0 0.0 0.062 0.812 0.938 0.877 2.0 0.115 0.049 1.000
0.0 0.0 0.0 1.0 0.0 0.0 0.0 0.0 1.0 0.0 0.062 0.812 0.938 0.877 2.0 0.135 0.049 1.000
0.0 1.0 0.0 0.0 0.0 0.0 0.0 0.0 0.0 0.0 0.094 0.781 0.906 0.846 1.0 0.135 0.049 1.000
0.0 0.0 1.0 0.0 0.0 0.0 0.0 0.0 1.0 0.0 0.062 0.812 0.938 0.877 2.0 0.096 0.049 1.000
0.0 0.0 0.0 1.0 0.0 0.0 0.0 0.0 1.0 0.0 0.062 0.812 0.938 0.877 2.0 0.135 0.049 1.000
0.0 1.0 0.0 0.0 0.0 0.0 0.0 0.0 0.0 0.0 0.094 0.781 0.906 0.846 1.0 0.135 0.049 1.000
0.0 0.0 1.0 0.0 0.0 0.0 0.0 0.0 1.0 0.0 0.062 0.812 0.938 0.877 2.0 0.096 0.049 1.000
0.0 0.0 0.0 1.0 0.0 0.0 0.0 0.0 1.0 0.0 0.062 0.812 0.938 0.877 2.0 0.115 0.049 1.000
0.0 0.0 0.0 1.0 0.0 0.0 0.0 0.0 1.0 0.0 0.062 0.812 0.938 0.877 2.0 0.115 0.049 1.000
0.0 0.0 0.0 1.0 0.0 0.0 0.0 0.0 1.0 0.0 0.062 0.812 0.938 0.877 2.0 0.115 0.049 1.000
0.0 0.0 0.0 1.0 0.0 0.0 0.0 0.0 1.0 0.0 0.062 0.812 0.938 0.877 2.0 0.115 0.049 1.000
0.0 0.0 0.0 1.0 0.0 0.0 0.0 0.0 1.0 0.0 0.062 0.812 0.938 0.877 2.0 0.115 0.049 1.000
0.0 0.0 0.0 1.0 0.0 0.0 0.0 0.0 1.0 0.0 0.062 0.812 0.938 0.877 2.0 0.115 0.049 1.000
0.0 0.0 0.0 1.0 0.0 0.0 0.0 0.0 1.0 0.0 0.062 0.812 0.938 0.877 2.0 0.115 0.049 1.000
0.0 0.0 0.0 1.0 0.0 0.0 0.0 0.0 1.0 0.0 0.062 0.812 0.938 0.877 2.0 0.115 0.049 1.000
0.0 0.0 0.0 1.0 0.0 0.0 0.0 0.0 1.0 0.0 0.062 0.812 0.938 0.877 2.0 0.115 0.049 1.000
0.0 0.0 0.0 1.0 0.0 0.0 0.0 0.0 1.0 0.0 0.062 0.812 0.938 0.877 2.0 0.115 0.049 1.000
0.0 1.0 0.0 0.0 0.0 0.0 0.0 0.0 0.0 0.0 0.094 0.781 0.906 0.846 1.0 0.115 0.049 1.000
0.0 0.0 0.0 1.0 0.0 0.0 0.0 0.0 1.0 0.0 0.062 0.812 0.938 0.877 2.0 0.096 0.049 1.000
0.0 0.0 0.0 1.0 0.0 0.0 0.0 0.0 1.0 0.0 0.062 0.812 0.938 0.877 2.0 0.115 0.049 1.000
0.0 0.0 0.0 1.0 0.0 0.0 0.0 0.0 1.0 0.0 0.094 0.781 0.906 0.846 2.0 0.135 0.049 1.000
0.0 0.0 0.0 1.0 0.0 0.0 0.0 0.0 1.0 0.0 0.094 0.781 0.906 0.846 2.0 0.135 0.049 1.000
0.0 0.0 0.0 1.0 0.0 0.0 0.0 0.0 1.0 0.0 0.094 0.781 0.906 0.846 2.0 0.135 0.049 1.000
0.0 0.0 0.0 1.0 0.0 0.0 0.0 0.0 1.0 0.0 0.094 0.781 0.906 0.846 2.0 0.135 0.049 1.000
0.0 0.0 0.0 1.0 0.0 0.0 0.0 0.0 1.0 0.0 0.062 0.812 0.938 0.877 2.0 0.115 0.049 1.000
0.0 0.0 0.0 1.0 0.0 0.0 0.0 0.0 1.0 0.0 0.062 0.812 0.938 0.877 2.0 0.115 0.049 1.000
0.0 0.0 0.0 1.0 0.0 0.0 0.0 0.0 1.0 0.0 0.062 0.812 0.938 0.877 2.0 0.096 0.049 1.000
0.0 0.0 0.0 1.0 0.0 0.0 0.0 0.0 1.0 0.0 0.062 0.812 0.938 0.877 2.0 0.096 0.049 1.000
0.0 0.0 0.0 1.0 0.0 0.0 0.0 0.0 1.0 0.0 0.062 0.812 0.938 0.877 2.0 0.115 0.049 1.000
0.0 0.0 0.0 1.0 0.0 0.0 0.0 0.0 1.0 0.0 0.062 0.812 0.938 0.877 2.0 0.115 0.049 1.000
0.0 1.0 0.0 0.0 0.0 0.0 0.0 0.0 0.0 0.0 0.094 0.781 0.906 0.846 1.0 0.135 0.049 1.000
0.0 0.0 1.0 0.0 0.0 0.0 0.0 0.0 1.0 0.0 0.062 0.812 0.938 0.877 2.0 0.096 0.049 1.000
0.0 0.0 0.0 1.0 0.0 0.0 0.0 0.0 1.0 0.0 0.062 0.812 0.938 0.877 2.0 0.135 0.049 1.000
0.0 0.0 0.0 1.0 0.0 0.0 0.0 0.0 1.0 0.0 0.062 0.812 0.938 0.877 2.0 0.115 0.049 1.000
0.0 0.0 0.0 1.0 0.0 0.0 0.0 0.0 1.0 0.0 0.062 0.812 0.938 0.877 2.0 0.115 0.049 1.000
0.0 0.0 0.0 1.0 0.0 0.0 0.0 0.0 1.0 0.0 0.062 0.812 0.938 0.877 2.0 0.115 0.049 1.000
0.0 0.0 0.0 1.0 0.0 0.0 0.0 0.0 1.0 0.0 0.062 0.812 0.938 0.877 2.0 0.115 0.049 1.000
0.0 0.0 0.0 1.0 0.0 0.0 0.0 0.0 1.0 0.0 0.062 0.812 0.938 0.877 2.0 0.115 0.049 1.000
0.0 0.0 0.0 1.0 0.0 0.0 0.0 0.0 1.0 0.0 0.062 0.812 0.938 0.877 2.0 0.115 0.049 1.000
0.0 1.0 0.0 0.0 0.0 0.0 0.0 0.0 0.0 0.0 0.125 0.750 0.875 0.814 1.0 0.173 0.049 1.000
0.0 0.0 0.0 1.0 0.0 0.0 0.0 0.0 0.0 0.0 0.094 0.781 0.906 0.846 2.0 0.135 0.049 1.000
0.0 0.0 0.0 1.0 0.0 0.0 0.0 0.0 0.0 0.0 0.125 0.750 0.875 0.814 2.0 0.192 0.049 1.000
0.0 0.0 0.0 1.0 0.0 0.0 0.0 0.0 0.0 0.0 0.125 0.750 0.875 0.814 2.0 0.173 0.049 1.000
0.0 0.0 0.0 1.0 0.0 0.0 0.0 0.0 0.0 0.0 0.125 0.750 0.875 0.814 2.0 0.192 0.049 1.000
0.0 0.0 0.0 1.0 0.0 0.0 0.0 0.0 0.0 0.0 0.125 0.750 0.875 0.814 2.0 0.192 0.049 1.000
0.0 0.0 0.0 1.0 0.0 0.0 0.0 0.0 0.0 0.0 0.125 0.750 0.875 0.814 2.0 0.173 0.049 1.000
0.0 0.0 0.0 1.0 0.0 0.0 0.0 0.0 0.0 0.0 0.094 0.781 0.906 0.846 2.0 0.173 0.049 1.000
0.0 0.0 0.0 1.0 0.0 0.0 0.0 0.0 0.0 0.0 0.094 0.781 0.906 0.846 2.0 0.173 0.049 1.000
0.0 0.0 0.0 1.0 0.0 0.0 0.0 0.0 0.0 0.0 0.094 0.781 0.906 0.846 2.0 0.173 0.049 1.000
0.0 0.0 0.0 1.0 0.0 0.0 0.0 0.0 0.0 0.0 0.094 0.781 0.906 0.846 2.0 0.173 0.049 1.000
0.0 0.0 0.0 1.0 0.0 0.0 0.0 0.0 0.0 0.0 0.125 0.750 0.875 0.814 2.0 0.192 0.049 1.000
0.0 0.0 0.0 1.0 0.0 0.0 0.0 0.0 0.0 0.0 0.094 0.781 0.906 0.846 2.0 0.173 0.049 1.000
0.0 0.0 0.0 1.0 0.0 0.0 0.0 0.0 0.0 0.0 0.094 0.781 0.906 0.846 2.0 0.173 0.049 1.000
0.0 0.0 0.0 1.0 0.0 0.0 0.0 0.0 0.0 0.0 0.125 0.750 0.875 0.814 2.0 0.192 0.049 1.000
0.0 0.0 0.0 1.0 0.0 0.0 0.0 0.0 0.0 0.0 0.094 0.781 0.906 0.846 2.0 0.173 0.049 1.000
0.0 0.0 0.0 1.0 0.0 0.0 0.0 0.0 0.0 0.0 0.125 0.750 0.875 0.814 2.0 0.192 0.049 1.000
0.0 0.0 0.0 1.0 0.0 0.0 0.0 0.0 0.0 0.0 0.125 0.750 0.875 0.814 2.0 0.192 0.049 1.000
0.0 0.0 0.0 1.0 0.0 0.0 0.0 0.0 0.0 0.0 0.094 0.781 0.906 0.846 2.0 0.173 0.049 1.000
0.0 0.0 0.0 1.0 0.0 0.0 0.0 0.0 0.0 0.0 0.094 0.781 0.906 0.846 2.0 0.173 0.049 1.000
0.0 0.0 0.0 1.0 0.0 0.0 0.0 0.0 0.0 0.0 0.094 0.781 0.906 0.846 2.0 0.173 0.049 1.000
0.0 0.0 0.0 1.0 0.0 0.0 0.0 0.0 0.0 0.0 0.094 0.781 0.906 0.846 2.0 0.173 0.049 1.000
0.0 0.0 0.0 1.0 0.0 0.0 0.0 0.0 0.0 0.0 0.094 0.781 0.906 0.846 2.0 0.173 0.049 1.000
0.0 1.0 0.0 0.0 0.0 0.0 0.0 0.0 0.0 0.0 0.156 0.719 0.844 0.783 1.0 0.173 0.049 1.000
0.0 0.0 0.0 1.0 0.0 0.0 0.0 0.0 0.0 0.0 0.125 0.750 0.875 0.814 2.0 0.154 0.049 1.000
0.0 0.0 0.0 1.0 0.0 0.0 0.0 0.0 0.0 0.0 0.125 0.750 0.875 0.814 2.0 0.173 0.049 1.000
0.0 0.0 0.0 1.0 0.0 0.0 0.0 0.0 0.0 0.0 0.125 0.750 0.875 0.814 2.0 0.173 0.049 1.000
0.0 0.0 0.0 1.0 0.0 0.0 0.0 0.0 0.0 0.0 0.094 0.781 0.906 0.846 2.0 0.173 0.049 1.000
0.0 1.0 0.0 0.0 0.0 0.0 0.0 0.0 0.0 0.0 0.125 0.750 0.875 0.814 1.0 0.173 0.049 1.000
0.0 0.0 0.0 1.0 0.0 0.0 0.0 0.0 0.0 0.0 0.094 0.781 0.906 0.846 2.0 0.135 0.049 1.000
0.0 0.0 0.0 1.0 0.0 0.0 0.0 0.0 0.0 0.0 0.094 0.781 0.906 0.846 2.0 0.173 0.049 1.000
0.0 0.0 0.0 1.0 0.0 0.0 0.0 0.0 0.0 0.0 0.125 0.750 0.875 0.814 2.0 0.192 0.049 1.000
0.0 0.0 0.0 1.0 0.0 0.0 0.0 0.0 0.0 0.0 0.094 0.781 0.906 0.846 2.0 0.173 0.049 1.000
0.0 0.0 0.0 1.0 0.0 0.0 0.0 0.0 0.0 0.0 0.094 0.781 0.906 0.846 2.0 0.173 0.049 1.000
0.0 0.0 0.0 1.0 0.0 0.0 0.0 0.0 0.0 0.0 0.094 0.781 0.906 0.846 2.0 0.173 0.049 1.000
0.0 0.0 0.0 1.0 0.0 0.0 0.0 0.0 0.0 0.0 0.156 0.719 0.844 0.783 2.0 0.173 0.098 1.000
0.0 1.0 0.0 0.0 0.0 0.0 0.0 0.0 0.0 0.0 0.188 0.688 0.812 0.752 1.0 0.135 0.098 1.000
0.0 0.0 1.0 0.0 0.0 0.0 0.0 0.0 0.0 0.0 0.156 0.719 0.844 0.783 2.0 0.192 0.098 1.000
0.0 1.0 0.0 0.0 0.0 0.0 0.0 0.0 0.0 0.0 0.188 0.688 0.812 0.752 1.0 0.135 0.098 1.000
0.0 0.0 1.0 0.0 0.0 0.0 0.0 0.0 0.0 0.0 0.156 0.719 0.844 0.783 2.0 0.192 0.098 1.000
0.0 0.0 0.0 1.0 0.0 0.0 0.0 0.0 0.0 0.0 0.125 0.750 0.875 0.814 2.0 0.192 0.098 1.000
0.0 0.0 0.0 1.0 0.0 0.0 0.0 0.0 0.0 0.0 0.125 0.750 0.875 0.814 2.0 0.192 0.098 1.000
0.0 0.0 0.0 1.0 0.0 0.0 0.0 0.0 0.0 0.0 0.156 0.719 0.844 0.783 2.0 0.192 0.098 1.000
0.0 0.0 0.0 1.0 0.0 0.0 0.0 0.0 0.0 0.0 0.156 0.719 0.844 0.783 2.0 0.192 0.098 1.000
0.0 0.0 0.0 1.0 0.0 0.0 0.0 0.0 0.0 0.0 0.156 0.719 0.844 0.783 2.0 0.192 0.098 1.000
0.0 0.0 0.0 1.0 0.0 0.0 0.0 0.0 0.0 0.0 0.156 0.719 0.844 0.783 2.0 0.192 0.098 1.000
0.0 0.0 0.0 1.0 0.0 0.0 0.0 0.0 0.0 0.0 0.125 0.750 0.875 0.814 2.0 0.192 0.098 1.000
0.0 0.0 0.0 1.0 0.0 0.0 0.0 0.0 0.0 0.0 0.125 0.750 0.875 0.814 2.0 0.192 0.098 1.000
0.0 0.0 0.0 1.0 0.0 0.0 0.0 0.0 0.0 0.0 0.188 0.688 0.812 0.752 2.0 0.173 0.098 1.000
0.0 1.0 0.0 0.0 0.0 0.0 0.0 0.0 0.0 0.0 0.188 0.688 0.812 0.752 1.0 0.135 0.098 1.000
0.0 0.0 1.0 0.0 0.0 0.0 0.0 0.0 0.0 0.0 0.156 0.719 0.844 0.783 2.0 0.192 0.098 1.000
0.0 0.0 0.0 1.0 0.0 0.0 0.0 0.0 0.0 0.0 0.156 0.719 0.844 0.783 2.0 0.173 0.098 1.000
0.0 1.0 0.0 0.0 0.0 0.0 0.0 0.0 0.0 0.0 0.188 0.688 0.812 0.752 1.0 0.135 0.098 1.000
0.0 0.0 1.0 0.0 0.0 0.0 0.0 0.0 0.0 0.0 0.156 0.719 0.844 0.783 2.0 0.192 0.098 1.000
0.0 0.0 0.0 1.0 0.0 0.0 0.0 0.0 0.0 0.0 0.125 0.750 0.875 0.814 2.0 0.192 0.098 1.000
0.0 0.0 0.0 1.0 0.0 0.0 0.0 0.0 0.0 0.0 0.188 0.688 0.812 0.752 2.0 0.212 0.098 1.000
0.0 0.0 0.0 1.0 0.0 0.0 0.0 0.0 0.0 0.0 0.188 0.688 0.812 0.752 2.0 0.231 0.098 1.000
0.0 0.0 0.0 1.0 0.0 0.0 0.0 0.0 0.0 0.0 0.219 0.656 0.781 0.721 2.0 0.231 0.098 1.000
0.0 0.0 0.0 1.0 0.0 0.0 0.0 0.0 0.0 0.0 0.219 0.656 0.781 0.721 2.0 0.231 0.098 1.000
0.0 0.0 0.0 1.0 0.0 0.0 0.0 0.0 0.0 0.0 0.219 0.656 0.781 0.721 2.0 0.231 0.098 1.000
0.0 0.0 0.0 1.0 0.0 0.0 0.0 0.0 0.0 0.0 0.219 0.656 0.781 0.721 2.0 0.231 0.098 1.000
0.0 0.0 0.0 1.0 0.0 0.0 0.0 0.0 0.0 0.0 0.156 0.719 0.844 0.783 2.0 0.231 0.098 1.000
0.0 0.0 0.0 1.0 0.0 0.0 0.0 0.0 0.0 0.0 0.156 0.719 0.844 0.783 2.0 0.231 0.098 1.000
0.0 0.0 0.0 1.0 0.0 0.0 0.0 0.0 0.0 0.0 0.156 0.719 0.844 0.783 2.0 0.231 0.098 1.000
0.0 0.0 0.0 1.0 0.0 0.0 0.0 0.0 0.0 0.0 0.156 0.719 0.844 0.783 2.0 0.231 0.098 1.000
0.0 0.0 0.0 1.0 0.0 0.0 0.0 0.0 0.0 0.0 0.188 0.688 0.812 0.752 2.0 0.173 0.098 1.000
0.0 0.0 0.0 1.0 0.0 0.0 0.0 0.0 0.0 0.0 0.188 0.688 0.812 0.752 2.0 0.173 0.098 1.000
0.0 0.0 0.0 1.0 0.0 0.0 0.0 0.0 0.0 0.0 0.188 0.688 0.812 0.752 2.0 0.231 0.098 1.000
0.0 0.0 0.0 1.0 0.0 0.0 0.0 0.0 0.0 0.0 0.188 0.688 0.812 0.752 2.0 0.231 0.098 1.000
0.0 0.0 0.0 1.0 0.0 0.0 0.0 0.0 0.0 0.0 0.188 0.688 0.812 0.752 2.0 0.231 0.098 1.000
0.0 0.0 0.0 1.0 0.0 0.0 0.0 0.0 0.0 0.0 0.188 0.688 0.812 0.752 2.0 0.231 0.098 1.000
0.0 0.0 0.0 1.0 0.0 0.0 0.0 0.0 0.0 0.0 0.188 0.688 0.812 0.752 2.0 0.192 0.098 1.000
0.0 0.0 0.0 1.0 0.0 0.0 0.0 0.0 0.0 0.0 0.188 0.688 0.812 0.752 2.0 0.192 0.098 1.000
0.0 0.0 0.0 1.0 0.0 0.0 0.0 0.0 0.0 0.0 0.156 0.719 0.844 0.783 2.0 0.192 0.098 1.000
0.0 0.0 0.0 1.0 0.0 0.0 0.0 0.0 0.0 0.0 0.156 0.719 0.844 0.783 2.0 0.192 0.098 1.000
0.0 0.0 0.0 1.0 0.0 0.0 0.0 0.0 0.0 0.0 0.156 0.719 0.844 0.783 2.0 0.192 0.098 1.000
0.0 0.0 0.0 1.0 0.0 0.0 0.0 0.0 0.0 0.0 0.156 0.719 0.844 0.783 2.0 0.192 0.098 1.000
0.0 0.0 0.0 1.0 0.0 0.0 0.0 0.0 0.0 0.0 0.219 0.656 0.781 0.721 2.0 0.173 0.098 1.000
0.0 0.0 0.0 1.0 0.0 0.0 0.0 0.0 0.0 0.0 0.219 0.656 0.781 0.721 2.0 0.192 0.098 1.000
0.0 0.0 0.0 1.0 0.0 0.0 0.0 0.0 0.0 0.0 0.219 0.656 0.781 0.721 2.0 0.192 0.098 1.000
0.0 0.0 0.0 1.0 0.0 0.0 0.0 0.0 0.0 0.0 0.219 0.656 0.781 0.721 2.0 0.192 0.098 1.000
0.0 0.0 0.0 1.0 0.0 0.0 0.0 0.0 0.0 0.0 0.188 0.688 0.812 0.752 2.0 0.173 0.098 1.000
0.0 0.0 0.0 1.0 0.0 0.0 0.0 0.0 0.0 0.0 0.188 0.688 0.812 0.752 2.0 0.192 0.098 1.000
0.0 0.0 0.0 1.0 0.0 0.0 0.0 0.0 0.0 0.0 0.219 0.656 0.781 0.721 2.0 0.192 0.098 1.000
0.0 0.0 0.0 1.0 0.0 0.0 0.0 0.0 0.0 0.0 0.219 0.656 0.781 0.721 2.0 0.192 0.098 1.000
0.0 0.0 0.0 1.0 0.0 0.0 0.0 0.0 0.0 0.0 0.156 0.719 0.844 0.783 2.0 0.192 0.098 1.000
0.0 0.0 0.0 1.0 0.0 0.0 0.0 0.0 0.0 0.0 0.156 0.719 0.844 0.783 2.0 0.192 0.098 1.000
0.0 0.0 0.0 1.0 0.0 0.0 0.0 0.0 0.0 0.0 0.219 0.656 0.781 0.721 2.0 0.308 0.098 1.000
0.0 0.0 0.0 1.0 0.0 0.0 0.0 0.0 0.0 0.0 0.250 0.625 0.750 0.689 2.0 0.308 0.098 1.000
0.0 0.0 0.0 1.0 0.0 0.0 0.0 0.0 0.0 0.0 0.250 0.625 0.750 0.689 2.0 0.308 0.098 1.000
0.0 0.0 0.0 1.0 0.0 0.0 0.0 0.0 0.0 0.0 0.188 0.688 0.812 0.752 2.0 0.308 0.098 1.000
0.0 0.0 0.0 1.0 0.0 0.0 0.0 0.0 0.0 0.0 0.188 0.688 0.812 0.752 2.0 0.308 0.098 1.000
0.0 1.0 0.0 0.0 0.0 0.0 0.0 0.0 0.0 0.0 0.250 0.625 0.750 0.689 1.0 0.269 0.098 1.000
0.0 0.0 0.0 1.0 0.0 0.0 0.0 0.0 0.0 0.0 0.219 0.656 0.781 0.721 2.0 0.212 0.098 1.000
0.0 0.0 0.0 1.0 0.0 0.0 0.0 0.0 0.0 0.0 0.219 0.656 0.781 0.721 2.0 0.308 0.098 1.000
0.0 0.0 0.0 1.0 0.0 0.0 0.0 0.0 0.0 0.0 0.219 0.656 0.781 0.721 2.0 0.308 0.098 1.000
0.0 0.0 0.0 1.0 0.0 0.0 0.0 0.0 0.0 0.0 0.219 0.656 0.781 0.721 2.0 0.212 0.098 1.000
0.0 0.0 0.0 1.0 0.0 0.0 0.0 0.0 0.0 0.0 0.188 0.688 0.812 0.752 2.0 0.212 0.098 1.000
0.0 0.0 0.0 1.0 0.0 0.0 0.0 0.0 0.0 0.0 0.188 0.688 0.812 0.752 2.0 0.212 0.098 1.000
0.0 0.0 0.0 1.0 0.0 0.0 0.0 0.0 0.0 0.0 0.250 0.625 0.750 0.689 2.0 0.212 0.098 1.000
0.0 0.0 0.0 1.0 0.0 0.0 0.0 0.0 0.0 0.0 0.250 0.625 0.750 0.689 2.0 0.212 0.098 1.000
0.0 0.0 0.0 1.0 0.0 0.0 0.0 0.0 0.0 0.0 0.219 0.656 0.781 0.721 2.0 0.212 0.098 1.000
0.0 0.0 0.0 1.0 0.0 0.0 0.0 0.0 0.0 0.0 0.250 0.625 0.750 0.689 2.0 0.212 0.098 1.000
0.0 0.0 0.0 1.0 0.0 0.0 0.0 0.0 0.0 0.0 0.188 0.688 0.812 0.752 2.0 0.212 0.098 1.000
0.0 0.0 0.0 1.0 0.0 0.0 0.0 0.0 0.0 0.0 0.281 0.594 0.719 0.658 2.0 0.269 0.195 1.000
0.0 0.0 0.0 1.0 0.0 0.0 0.0 0.0 0.0 0.0 0.281 0.594 0.719 0.658 2.0 0.269 0.195 1.000
0.0 0.0 0.0 1.0 0.0 0.0 0.0 0.0 0.0 0.0 0.281 0.594 0.719 0.658 2.0 0.269 0.195 1.000
0.0 0.0 0.0 1.0 0.0 0.0 0.0 0.0 0.0 0.0 0.281 0.594 0.719 0.658 2.0 0.269 0.195 1.000
0.0 0.0 0.0 1.0 0.0 0.0 0.0 0.0 0.0 0.0 0.281 0.594 0.719 0.658 2.0 0.250 0.195 1.000
0.0 1.0 0.0 0.0 0.0 0.0 0.0 0.0 0.0 0.0 0.281 0.594 0.719 0.658 1.0 0.135 0.195 1.000
0.0 0.0 1.0 0.0 0.0 0.0 0.0 0.0 0.0 0.0 0.250 0.625 0.750 0.689 2.0 0.269 0.195 1.000
0.0 0.0 0.0 1.0 0.0 0.0 0.0 0.0 0.0 0.0 0.250 0.625 0.750 0.689 2.0 0.269 0.195 1.000
0.0 0.0 0.0 1.0 0.0 0.0 0.0 0.0 0.0 0.0 0.281 0.594 0.719 0.658 2.0 0.250 0.195 1.000
0.0 0.0 0.0 1.0 0.0 0.0 0.0 0.0 0.0 0.0 0.312 0.562 0.688 0.627 2.0 0.231 0.195 1.000
0.0 0.0 0.0 1.0 0.0 0.0 0.0 0.0 0.0 0.0 0.312 0.562 0.688 0.627 2.0 0.231 0.195 1.000
0.0 0.0 0.0 1.0 0.0 0.0 0.0 0.0 0.0 0.0 0.312 0.562 0.688 0.627 2.0 0.231 0.195 1.000
0.0 0.0 0.0 1.0 0.0 0.0 0.0 0.0 0.0 0.0 0.312 0.562 0.688 0.627 2.0 0.231 0.195 1.000
0.0 0.0 0.0 1.0 0.0 0.0 0.0 0.0 0.0 0.0 0.312 0.562 0.688 0.627 2.0 0.212 0.195 1.000
0.0 0.0 0.0 1.0 0.0 0.0 0.0 0.0 0.0 0.0 0.312 0.562 0.688 0.627 2.0 0.212 0.195 1.000
0.0 0.0 0.0 1.0 0.0 0.0 0.0 0.0 0.0 0.0 0.312 0.562 0.688 0.627 2.0 0.231 0.195 1.000
0.0 0.0 0.0 1.0 0.0 0.0 0.0 0.0 0.0 0.0 0.312 0.562 0.688 0.627 2.0 0.231 0.195 1.000
0.0 0.0 0.0 1.0 0.0 0.0 0.0 0.0 0.0 0.0 0.312 0.562 0.688 0.627 2.0 0.231 0.195 1.000
0.0 0.0 0.0 1.0 0.0 0.0 0.0 0.0 0.0 0.0 0.312 0.562 0.688 0.627 2.0 0.212 0.195 1.000
0.0 0.0 0.0 1.0 0.0 0.0 0.0 0.0 0.0 0.0 0.312 0.562 0.688 0.627 2.0 0.231 0.195 1.000
0.0 0.0 0.0 1.0 0.0 0.0 0.0 0.0 0.0 0.0 0.312 0.562 0.688 0.627 2.0 0.231 0.195 1.000
0.0 0.0 0.0 1.0 0.0 0.0 0.0 0.0 0.0 0.0 0.281 0.594 0.719 0.658 2.0 0.231 0.195 1.000
0.0 0.0 0.0 1.0 0.0 0.0 0.0 0.0 0.0 0.0 0.281 0.594 0.719 0.658 2.0 0.231 0.195 1.000
0.0 0.0 0.0 1.0 0.0 0.0 0.0 0.0 0.0 0.0 0.312 0.562 0.688 0.627 2.0 0.192 0.195 1.000
0.0 0.0 0.0 1.0 0.0 0.0 0.0 0.0 0.0 0.0 0.312 0.562 0.688 0.627 2.0 0.212 0.195 1.000
0.0 0.0 0.0 1.0 0.0 0.0 0.0 0.0 0.0 0.0 0.344 0.531 0.656 0.596 2.0 0.212 0.195 1.000
0.0 0.0 0.0 1.0 0.0 0.0 0.0 0.0 0.0 0.0 0.344 0.531 0.656 0.596 2.0 0.212 0.195 1.000
0.0 1.0 0.0 0.0 0.0 0.0 0.0 0.0 0.0 0.0 0.375 0.500 0.625 0.564 1.0 0.173 0.195 1.000
0.0 0.0 0.0 1.0 0.0 0.0 0.0 0.0 0.0 0.0 0.344 0.531 0.656 0.596 2.0 0.173 0.195 1.000
0.0 0.0 0.0 1.0 0.0 0.0 0.0 0.0 0.0 0.0 0.344 0.531 0.656 0.596 2.0 0.212 0.195 1.000
0.0 0.0 0.0 1.0 0.0 0.0 0.0 0.0 0.0 0.0 0.344 0.531 0.656 0.596 2.0 0.212 0.195 1.000
0.0 0.0 0.0 1.0 0.0 0.0 0.0 0.0 0.0 0.0 0.344 0.531 0.656 0.596 2.0 0.212 0.195 1.000
0.0 0.0 0.0 1.0 0.0 0.0 0.0 0.0 0.0 0.0 0.312 0.562 0.688 0.627 2.0 0.212 0.195 1.000
0.0 1.0 0.0 0.0 0.0 0.0 0.0 0.0 0.0 0.0 0.375 0.500 0.625 0.564 1.0 0.173 0.195 1.000
0.0 0.0 0.0 1.0 0.0 0.0 0.0 0.0 0.0 0.0 0.344 0.531 0.656 0.596 2.0 0.173 0.195 1.000
0.0 0.0 0.0 1.0 0.0 0.0 0.0 0.0 0.0 0.0 0.375 0.500 0.625 0.564 2.0 0.192 0.244 1.000
0.0 0.0 0.0 1.0 0.0 0.0 0.0 0.0 0.0 0.0 0.375 0.500 0.625 0.564 2.0 0.154 0.244 1.000
0.0 0.0 0.0 1.0 0.0 0.0 0.0 0.0 0.0 0.0 0.344 0.531 0.656 0.596 2.0 0.173 0.244 1.000
0.0 0.0 0.0 1.0 0.0 0.0 0.0 0.0 0.0 0.0 0.406 0.469 0.594 0.533 2.0 0.154 0.244 1.000
0.0 1.0 0.0 0.0 0.0 0.0 0.0 0.0 0.0 0.0 0.406 0.469 0.594 0.533 1.0 0.135 0.244 1.000
0.0 0.0 0.0 1.0 0.0 0.0 0.0 0.0 0.0 0.0 0.375 0.500 0.625 0.564 2.0 0.154 0.244 1.000
0.0 0.0 0.0 1.0 0.0 0.0 0.0 0.0 0.0 0.0 0.375 0.500 0.625 0.564 2.0 0.173 0.244 1.000
0.0 1.0 0.0 0.0 0.0 0.0 0.0 0.0 0.0 0.0 0.438 0.438 0.562 0.502 1.0 0.154 0.244 1.000
0.0 0.0 1.0 0.0 0.0 0.0 0.0 0.0 0.0 0.0 0.406 0.469 0.594 0.533 2.0 0.135 0.244 1.000
0.0 1.0 0.0 0.0 0.0 0.0 0.0 0.0 0.0 0.0 0.406 0.469 0.594 0.533 1.0 0.154 0.244 1.000
0.0 0.0 0.0 1.0 0.0 0.0 0.0 0.0 0.0 0.0 0.375 0.500 0.625 0.564 2.0 0.173 0.244 1.000
0.0 0.0 0.0 1.0 0.0 0.0 0.0 0.0 0.0 0.0 0.406 0.469 0.594 0.533 2.0 0.192 0.244 1.000
0.0 1.0 0.0 0.0 0.0 0.0 0.0 0.0 0.0 0.0 0.438 0.438 0.562 0.502 1.0 0.154 0.244 1.000
0.0 0.0 0.0 1.0 0.0 0.0 0.0 0.0 0.0 0.0 0.406 0.469 0.594 0.533 2.0 0.173 0.244 1.000
0.0 0.0 0.0 1.0 0.0 0.0 0.0 0.0 0.0 0.0 0.406 0.469 0.594 0.533 2.0 0.154 0.244 1.000
0.0 0.0 0.0 1.0 0.0 0.0 0.0 0.0 0.0 0.0 0.406 0.469 0.594 0.533 2.0 0.192 0.244 1.000
0.0 1.0 0.0 0.0 0.0 0.0 0.0 0.0 0.0 0.0 0.406 0.469 0.594 0.533 1.0 0.154 0.244 1.000
0.0 0.0 1.0 0.0 0.0 0.0 0.0 0.0 0.0 0.0 0.375 0.500 0.625 0.564 2.0 0.135 0.244 1.000
0.0 0.0 0.0 1.0 0.0 0.0 0.0 0.0 0.0 0.0 0.375 0.500 0.625 0.564 2.0 0.212 0.244 1.000
0.0 1.0 0.0 0.0 0.0 0.0 0.0 0.0 0.0 0.0 0.469 0.406 0.531 0.471 1.0 0.154 0.244 1.000
0.0 0.0 0.0 1.0 0.0 0.0 0.0 0.0 0.0 0.0 0.438 0.438 0.562 0.502 2.0 0.135 0.244 1.000
0.0 1.0 0.0 0.0 0.0 0.0 0.0 0.0 0.0 0.0 0.469 0.406 0.531 0.471 1.0 0.154 0.244 1.000
0.0 0.0 1.0 0.0 0.0 0.0 0.0 0.0 0.0 0.0 0.438 0.438 0.562 0.502 2.0 0.154 0.244 1.000
0.0 0.0 0.0 1.0 0.0 0.0 0.0 0.0 0.0 0.0 0.438 0.438 0.562 0.502 2.0 0.154 0.244 1.000
0.0 0.0 0.0 1.0 0.0 0.0 0.0 0.0 0.0 0.0 0.438 0.438 0.562 0.502 2.0 0.192 0.244 1.000
0.0 0.0 0.0 1.0 0.0 0.0 0.0 0.0 0.0 0.0 0.406 0.469 0.594 0.533 2.0 0.173 0.244 1.000
0.0 1.0 0.0 0.0 0.0 0.0 0.0 0.0 0.0 0.0 0.438 0.438 0.562 0.502 1.0 0.154 0.244 1.000
0.0 0.0 0.0 1.0 0.0 0.0 0.0 0.0 0.0 0.0 0.406 0.469 0.594 0.533 2.0 0.173 0.244 1.000
0.0 1.0 0.0 0.0 0.0 0.0 0.0 0.0 0.0 0.0 0.500 0.375 0.500 0.439 1.0 0.154 0.244 1.000
0.0 0.0 0.0 1.0 0.0 0.0 0.0 0.0 0.0 0.0 0.469 0.406 0.531 0.471 2.0 0.135 0.244 1.000
0.0 0.0 0.0 1.0 0.0 0.0 0.0 0.0 0.0 0.0 0.469 0.406 0.531 0.471 2.0 0.192 0.244 1.000
0.0 1.0 0.0 0.0 0.0 0.0 0.0 0.0 0.0 0.0 0.469 0.406 0.531 0.471 1.0 0.135 0.244 1.000
0.0 0.0 1.0 0.0 0.0 0.0 0.0 0.0 0.0 0.0 0.438 0.438 0.562 0.502 2.0 0.154 0.244 1.000
0.0 0.0 0.0 1.0 0.0 0.0 0.0 0.0 0.0 0.0 0.438 0.438 0.562 0.502 2.0 0.192 0.244 1.000
0.0 0.0 0.0 1.0 0.0 0.0 0.0 0.0 0.0 0.0 0.469 0.406 0.531 0.471 2.0 0.212 0.244 1.000
0.0 0.0 0.0 1.0 0.0 0.0 0.0 0.0 0.0 0.0 0.438 0.438 0.562 0.502 2.0 0.212 0.244 1.000
0.0 0.0 0.0 1.0 0.0 0.0 0.0 0.0 0.0 0.0 0.438 0.438 0.562 0.502 2.0 0.212 0.244 1.000
0.0 0.0 0.0 1.0 0.0 0.0 0.0 0.0 0.0 0.0 0.500 0.375 0.500 0.439 2.0 0.192 0.244 1.000
0.0 0.0 0.0 1.0 0.0 0.0 0.0 0.0 0.0 0.0 0.469 0.406 0.531 0.471 2.0 0.212 0.244 1.000
0.0 0.0 0.0 1.0 0.0 0.0 0.0 0.0 0.0 0.0 0.469 0.406 0.531 0.471 2.0 0.212 0.244 1.000
0.0 0.0 0.0 1.0 0.0 0.0 0.0 0.0 0.0 0.0 0.531 0.344 0.469 0.408 2.0 0.212 0.244 1.000
0.0 1.0 0.0 0.0 0.0 0.0 0.0 0.0 0.0 0.0 0.531 0.344 0.469 0.408 1.0 0.173 0.244 1.000
0.0 0.0 0.0 1.0 0.0 0.0 0.0 0.0 0.0 0.0 0.500 0.375 0.500 0.439 2.0 0.173 0.244 1.000
0.0 0.0 0.0 1.0 0.0 0.0 0.0 0.0 0.0 0.0 0.500 0.375 0.500 0.439 2.0 0.212 0.341 1.000
0.0 0.0 0.0 1.0 0.0 0.0 0.0 0.0 0.0 0.0 0.469 0.406 0.531 0.471 2.0 0.192 0.341 1.000
0.0 0.0 0.0 1.0 0.0 0.0 0.0 0.0 0.0 0.0 0.469 0.406 0.531 0.471 2.0 0.212 0.341 1.000
0.0 0.0 0.0 1.0 0.0 0.0 0.0 0.0 0.0 0.0 0.531 0.344 0.469 0.408 2.0 0.192 0.341 1.000
0.0 0.0 0.0 1.0 0.0 0.0 0.0 0.0 0.0 0.0 0.500 0.375 0.500 0.439 2.0 0.192 0.341 1.000
0.0 0.0 0.0 1.0 0.0 0.0 0.0 0.0 0.0 0.0 0.500 0.375 0.500 0.439 2.0 0.212 0.341 1.000
0.0 0.0 0.0 1.0 0.0 0.0 0.0 0.0 0.0 0.0 0.562 0.312 0.438 0.377 2.0 0.192 0.341 1.000
0.0 0.0 0.0 1.0 0.0 0.0 0.0 0.0 0.0 0.0 0.562 0.312 0.438 0.377 2.0 0.173 0.341 1.000
0.0 0.0 0.0 1.0 0.0 0.0 0.0 0.0 0.0 0.0 0.531 0.344 0.469 0.408 2.0 0.404 0.341 1.000
0.0 1.0 0.0 0.0 0.0 0.0 0.0 0.0 0.0 0.0 0.562 0.312 0.438 0.377 1.0 0.346 0.341 1.000
0.0 0.0 0.0 1.0 0.0 0.0 0.0 0.0 0.0 0.0 0.531 0.344 0.469 0.408 2.0 0.173 0.341 1.000
0.0 0.0 0.0 1.0 0.0 0.0 0.0 0.0 0.0 0.0 0.500 0.375 0.500 0.439 2.0 0.385 0.341 1.000
0.0 0.0 0.0 1.0 0.0 0.0 0.0 0.0 0.0 0.0 0.500 0.375 0.500 0.439 2.0 0.385 0.341 1.000
0.0 1.0 0.0 0.0 0.0 0.0 0.0 0.0 0.0 0.0 0.531 0.344 0.469 0.408 1.0 0.346 0.341 1.000
0.0 0.0 0.0 1.0 0.0 0.0 0.0 0.0 0.0 0.0 0.500 0.375 0.500 0.439 2.0 0.173 0.341 1.000
0.0 1.0 0.0 0.0 0.0 0.0 0.0 0.0 0.0 0.0 0.531 0.344 0.469 0.408 1.0 0.346 0.341 1.000
0.0 0.0 0.0 1.0 0.0 0.0 0.0 0.0 0.0 0.0 0.500 0.375 0.500 0.439 2.0 0.173 0.341 1.000
0.0 0.0 0.0 1.0 0.0 0.0 0.0 0.0 0.0 0.0 0.562 0.312 0.438 0.377 2.0 0.385 0.341 1.000
0.0 0.0 0.0 1.0 0.0 0.0 0.0 0.0 0.0 0.0 0.562 0.312 0.438 0.377 2.0 0.385 0.341 1.000
0.0 0.0 0.0 1.0 0.0 0.0 0.0 0.0 0.0 0.0 0.531 0.344 0.469 0.408 2.0 0.173 0.341 1.000
0.0 0.0 0.0 1.0 0.0 0.0 0.0 0.0 0.0 0.0 0.531 0.344 0.469 0.408 2.0 0.173 0.341 1.000
0.0 1.0 0.0 0.0 0.0 0.0 0.0 0.0 0.0 0.0 0.562 0.312 0.438 0.377 1.0 0.346 0.341 1.000
0.0 0.0 0.0 1.0 0.0 0.0 0.0 0.0 0.0 0.0 0.531 0.344 0.469 0.408 2.0 0.173 0.341 1.000
0.0 0.0 0.0 1.0 0.0 0.0 0.0 0.0 0.0 0.0 0.531 0.344 0.469 0.408 2.0 0.404 0.341 1.000
0.0 0.0 0.0 1.0 0.0 0.0 0.0 0.0 0.0 0.0 0.594 0.281 0.406 0.346 2.0 0.385 0.341 1.000
0.0 0.0 0.0 1.0 0.0 0.0 0.0 0.0 0.0 0.0 0.594 0.281 0.406 0.346 2.0 0.385 0.341 1.000
0.0 0.0 0.0 1.0 0.0 0.0 0.0 0.0 0.0 0.0 0.594 0.281 0.406 0.346 2.0 0.173 0.341 1.000
0.0 0.0 0.0 1.0 0.0 0.0 0.0 0.0 0.0 0.0 0.594 0.281 0.406 0.346 2.0 0.154 0.341 1.000
0.0 0.0 0.0 1.0 0.0 0.0 0.0 0.0 0.0 0.0 0.594 0.281 0.406 0.346 2.0 0.827 0.341 1.000
0.0 0.0 0.0 1.0 0.0 0.0 0.0 0.0 0.0 0.0 0.531 0.344 0.469 0.408 2.0 0.827 0.341 1.000
0.0 0.0 0.0 1.0 0.0 0.0 0.0 0.0 0.0 0.0 0.562 0.312 0.438 0.377 2.0 0.962 0.341 1.000
0.0 0.0 0.0 1.0 0.0 0.0 0.0 0.0 0.0 0.0 0.594 0.281 0.406 0.346 2.0 1.000 0.341 1.000
0.0 0.0 0.0 1.0 0.0 0.0 0.0 0.0 0.0 0.0 0.594 0.281 0.406 0.346 2.0 0.827 0.341 1.000
0.0 1.0 0.0 0.0 0.0 0.0 0.0 0.0 0.0 0.0 0.656 0.219 0.344 0.283 1.0 0.942 0.341 1.000
0.0 0.0 0.0 1.0 0.0 0.0 0.0 0.0 0.0 0.0 0.625 0.250 0.375 0.314 2.0 0.365 0.341 1.000
0.0 0.0 0.0 1.0 0.0 0.0 0.0 0.0 0.0 0.0 0.625 0.250 0.375 0.314 2.0 1.000 0.341 1.000
0.0 1.0 0.0 0.0 0.0 0.0 0.0 0.0 0.0 0.0 0.594 0.281 0.406 0.346 1.0 0.788 0.341 1.000
0.0 0.0 0.0 1.0 0.0 0.0 0.0 0.0 0.0 0.0 0.562 0.312 0.438 0.377 2.0 0.365 0.341 1.000
0.0 1.0 0.0 0.0 0.0 0.0 0.0 0.0 0.0 0.0 0.625 0.250 0.312 0.268 1.0 0.385 0.341 0.500
0.0 1.0 0.0 0.0 0.0 0.0 0.0 0.0 0.0 0.0 0.562 0.312 0.375 0.330 1.0 0.385 0.341 0.500
0.0 1.0 0.0 0.0 0.0 0.0 0.0 0.0 0.0 0.0 0.594 0.281 0.344 0.299 1.0 0.385 0.341 0.500
0.0 1.0 0.0 0.0 0.0 0.0 0.0 0.0 0.0 0.0 0.625 0.250 0.312 0.268 1.0 0.385 0.341 0.500
0.0 1.0 0.0 0.0 0.0 0.0 0.0 0.0 0.0 0.0 0.562 0.312 0.375 0.330 1.0 0.385 0.341 0.500
0.0 1.0 0.0 0.0 0.0 0.0 0.0 0.0 0.0 0.0 0.625 0.250 0.312 0.268 1.0 0.385 0.341 0.500
0.0 1.0 0.0 0.0 0.0 0.0 0.0 0.0 0.0 0.0 0.625 0.250 0.312 0.268 1.0 0.385 0.341 0.500
0.0 1.0 0.0 0.0 0.0 0.0 0.0 0.0 0.0 0.0 0.594 0.281 0.344 0.299 1.0 0.385 0.341 0.500
0.0 1.0 0.0 0.0 0.0 0.0 0.0 0.0 0.0 0.0 0.625 0.250 0.312 0.268 1.0 0.385 0.341 0.500
0.0 1.0 0.0 0.0 0.0 0.0 0.0 0.0 0.0 0.0 0.562 0.312 0.375 0.330 1.0 0.385 0.341 0.500
0.0 1.0 0.0 0.0 0.0 0.0 0.0 0.0 0.0 0.0 0.594 0.281 0.344 0.299 1.0 0.385 0.341 0.500
0.0 1.0 0.0 0.0 0.0 0.0 0.0 0.0 0.0 0.0 0.625 0.250 0.312 0.268 1.0 0.385 0.341 0.500
0.0 1.0 0.0 0.0 0.0 0.0 0.0 0.0 0.0 0.0 0.625 0.250 0.281 0.273 1.0 0.346 0.341 0.125
0.0 1.0 0.0 0.0 0.0 0.0 0.0 0.0 0.0 0.0 0.688 0.188 0.219 0.211 1.0 0.423 0.341 0.125
0.0 1.0 0.0 0.0 0.0 0.0 0.0 0.0 0.0 0.0 0.625 0.250 0.281 0.266 1.0 0.346 0.341 0.125
0.0 1.0 0.0 0.0 0.0 0.0 0.0 0.0 0.0 0.0 0.656 0.219 0.250 0.234 1.0 0.442 0.341 0.125
0.0 1.0 0.0 0.0 0.0 0.0 0.0 0.0 0.0 0.0 0.625 0.250 0.250 0.250 1.0 0.327 0.341 0.125
0.0 1.0 0.0 0.0 0.0 0.0 0.0 0.0 0.0 0.0 0.688 0.188 0.188 0.188 1.0 0.423 0.341 0.125
0.0 1.0 0.0 0.0 0.0 0.0 0.0 0.0 0.0 0.0 0.625 0.250 0.312 0.281 1.0 0.327 0.341 0.125
0.0 1.0 0.0 0.0 0.0 0.0 0.0 0.0 0.0 0.0 0.656 0.219 0.281 0.250 1.0 0.442 0.341 0.125
0.0 1.0 0.0 0.0 0.0 0.0 0.0 0.0 0.0 0.0 0.625 0.344 0.375 0.361 1.0 0.365 0.341 0.500
0.0 1.0 0.0 0.0 0.0 0.0 0.0 0.0 0.0 0.0 0.625 0.344 0.375 0.361 1.0 0.385 0.341 0.500
0.0 1.0 0.0 0.0 0.0 0.0 0.0 0.0 0.0 0.0 0.656 0.312 0.344 0.330 1.0 0.385 0.341 0.500
0.0 1.0 0.0 0.0 0.0 0.0 0.0 0.0 0.0 0.0 0.625 0.344 0.375 0.361 1.0 0.365 0.341 0.500
0.0 1.0 0.0 0.0 0.0 0.0 0.0 0.0 0.0 0.0 0.625 0.344 0.375 0.361 1.0 0.385 0.341 0.500
0.0 1.0 0.0 0.0 0.0 0.0 0.0 0.0 0.0 0.0 0.688 0.281 0.312 0.299 1.0 0.365 0.341 0.500
0.0 1.0 0.0 0.0 0.0 0.0 0.0 0.0 0.0 0.0 0.625 0.344 0.375 0.361 1.0 0.365 0.341 0.500
0.0 1.0 0.0 0.0 0.0 0.0 0.0 0.0 0.0 0.0 0.656 0.312 0.344 0.330 1.0 0.385 0.341 0.500
0.0 1.0 0.0 0.0 0.0 0.0 0.0 0.0 0.0 0.0 0.688 0.281 0.312 0.299 1.0 0.365 0.341 0.500
0.0 1.0 0.0 0.0 0.0 0.0 0.0 0.0 0.0 0.0 0.625 0.344 0.375 0.361 1.0 0.385 0.341 0.500
0.0 1.0 0.0 0.0 0.0 0.0 0.0 0.0 0.0 0.0 0.656 0.312 0.344 0.330 1.0 0.385 0.341 0.500
0.0 1.0 0.0 0.0 0.0 0.0 0.0 0.0 0.0 0.0 0.688 0.281 0.312 0.299 1.0 0.365 0.341 0.500
0.0 1.0 0.0 0.0 0.0 0.0 0.0 0.0 0.0 0.0 0.562 0.406 0.438 0.422 1.0 0.346 0.341 0.125
0.0 1.0 0.0 0.0 0.0 0.0 0.0 0.0 0.0 0.0 0.625 0.344 0.375 0.359 1.0 0.442 0.341 0.125
0.0 1.0 0.0 0.0 0.0 0.0 0.0 0.0 0.0 0.0 0.562 0.406 0.438 0.414 1.0 0.346 0.341 0.125
0.0 1.0 0.0 0.0 0.0 0.0 0.0 0.0 0.0 0.0 0.594 0.375 0.406 0.383 1.0 0.442 0.341 0.125
0.0 1.0 0.0 0.0 0.0 0.0 0.0 0.0 0.0 0.0 0.625 0.344 0.375 0.367 1.0 0.346 0.341 0.125
0.0 1.0 0.0 0.0 0.0 0.0 0.0 0.0 0.0 0.0 0.625 0.344 0.375 0.367 1.0 0.442 0.341 0.125
0.0 1.0 0.0 0.0 0.0 0.0 0.0 0.0 0.0 0.0 0.625 0.344 0.375 0.367 1.0 0.346 0.341 0.125
0.0 1.0 0.0 0.0 0.0 0.0 0.0 0.0 0.0 0.0 0.594 0.375 0.406 0.398 1.0 0.442 0.341 0.125
0.0 0.0 1.0 0.0 0.0 0.0 0.0 0.0 0.0 0.0 0.656 0.219 0.281 0.236 4.0 0.558 0.902 0.500
0.0 0.0 1.0 0.0 0.0 0.0 0.0 0.0 0.0 0.0 0.656 0.219 0.281 0.236 4.0 0.558 0.902 0.500
0.0 0.0 1.0 0.0 0.0 0.0 0.0 0.0 0.0 0.0 0.656 0.219 0.281 0.236 4.0 0.558 0.902 0.500
0.0 0.0 1.0 0.0 0.0 0.0 0.0 0.0 0.0 0.0 0.656 0.219 0.281 0.236 4.0 0.558 0.902 0.500
0.0 0.0 1.0 0.0 0.0 0.0 0.0 0.0 0.0 0.0 0.688 0.281 0.312 0.299 4.0 0.538 0.902 0.500
0.0 1.0 0.0 0.0 0.0 0.0 0.0 0.0 0.0 0.0 0.750 0.219 0.250 0.236 1.0 0.269 0.902 0.500
0.0 0.0 1.0 0.0 0.0 0.0 0.0 0.0 0.0 0.0 0.719 0.250 0.281 0.268 4.0 0.442 0.902 0.500
0.0 0.0 1.0 0.0 0.0 0.0 0.0 0.0 0.0 0.0 0.719 0.250 0.281 0.268 4.0 0.558 0.902 0.500
0.0 0.0 1.0 0.0 0.0 0.0 0.0 0.0 0.0 0.0 0.719 0.250 0.281 0.268 4.0 0.538 0.902 0.500
0.0 0.0 0.0 0.0 1.0 0.0 0.0 0.0 0.0 0.0 0.688 0.188 0.250 0.205 4.0 0.981 0.902 0.500
0.0 0.0 0.0 0.0 1.0 0.0 0.0 0.0 0.0 0.0 0.781 0.188 0.219 0.205 4.0 0.923 0.902 0.500
0.0 0.0 1.0 0.0 0.0 0.0 0.0 0.0 0.0 0.0 0.719 0.156 0.188 0.180 4.0 0.827 1.000 0.125
0.0 0.0 1.0 0.0 0.0 0.0 0.0 0.0 0.0 0.0 0.656 0.219 0.250 0.242 2.0 0.462 0.659 0.125
0.0 0.0 1.0 0.0 0.0 0.0 0.0 0.0 0.0 0.0 0.719 0.156 0.188 0.172 4.0 0.788 1.000 0.125
0.0 0.0 1.0 0.0 0.0 0.0 0.0 0.0 0.0 0.0 0.656 0.219 0.250 0.234 2.0 0.462 0.659 0.125
0.0 0.0 1.0 0.0 0.0 0.0 0.0 0.0 0.0 0.0 0.719 0.156 0.156 0.156 4.0 0.827 1.000 0.125
0.0 0.0 1.0 0.0 0.0 0.0 0.0 0.0 0.0 0.0 0.656 0.219 0.219 0.219 2.0 0.481 0.659 0.125
0.0 0.0 1.0 0.0 0.0 0.0 0.0 0.0 0.0 0.0 0.719 0.156 0.219 0.188 4.0 0.788 1.000 0.125
0.0 1.0 0.0 0.0 0.0 0.0 0.0 0.0 0.0 0.0 0.688 0.188 0.250 0.219 1.0 0.231 0.659 0.125
0.0 0.0 0.0 1.0 0.0 0.0 0.0 0.0 0.0 0.0 0.656 0.219 0.281 0.250 2.0 0.365 0.659 0.125
0.0 0.0 1.0 0.0 0.0 0.0 0.0 0.0 0.0 0.0 0.812 0.156 0.188 0.172 4.0 0.808 1.000 0.125
0.0 1.0 0.0 0.0 0.0 0.0 0.0 0.0 0.0 0.0 0.656 0.312 0.344 0.328 1.0 0.231 0.659 0.125
0.0 0.0 1.0 0.0 0.0 0.0 0.0 0.0 0.0 0.0 0.625 0.344 0.375 0.359 2.0 0.365 0.659 0.125
0.0 0.0 1.0 0.0 0.0 0.0 0.0 0.0 0.0 0.0 0.812 0.156 0.188 0.164 4.0 0.827 1.000 0.125
0.0 0.0 1.0 0.0 0.0 0.0 0.0 0.0 0.0 0.0 0.625 0.344 0.375 0.352 2.0 0.481 0.659 0.125
0.0 0.0 1.0 0.0 0.0 0.0 0.0 0.0 0.0 0.0 0.812 0.156 0.188 0.180 4.0 0.808 1.000 0.125
0.0 0.0 1.0 0.0 0.0 0.0 0.0 0.0 0.0 0.0 0.656 0.312 0.344 0.336 2.0 0.481 0.659 0.125
0.0 0.0 1.0 0.0 0.0 0.0 0.0 0.0 0.0 0.0 0.812 0.156 0.188 0.180 4.0 0.827 1.000 0.125
0.0 0.0 1.0 0.0 0.0 0.0 0.0 0.0 0.0 0.0 0.656 0.312 0.344 0.336 2.0 0.481 0.659 0.125
0.0 0.0 1.0 0.0 0.0 0.0 0.0 0.0 0.0 0.0 0.750 0.156 0.156 0.156 2.0 0.519 1.000 0.031
0.0 0.0 1.0 0.0 0.0 0.0 0.0 0.0 0.0 0.0 0.750 0.156 0.156 0.156 2.0 0.519 1.000 0.031
0.0 0.0 1.0 0.0 0.0 0.0 0.0 0.0 0.0 0.0 0.750 0.125 0.125 0.125 2.0 0.519 1.000 0.031
0.0 0.0 1.0 0.0 0.0 0.0 0.0 0.0 0.0 0.0 0.750 0.156 0.156 0.156 2.0 0.519 1.000 0.031
0.0 0.0 1.0 0.0 0.0 0.0 0.0 0.0 0.0 0.0 0.750 0.125 0.125 0.125 2.0 0.519 1.000 0.031
0.0 0.0 1.0 0.0 0.0 0.0 0.0 0.0 0.0 0.0 0.750 0.156 0.156 0.156 2.0 0.519 1.000 0.031
0.0 1.0 0.0 0.0 0.0 0.0 0.0 0.0 0.0 0.0 0.781 0.125 0.125 0.125 1.0 0.154 1.000 0.031
0.0 0.0 1.0 0.0 0.0 0.0 0.0 0.0 0.0 0.0 0.750 0.156 0.156 0.156 2.0 0.500 1.000 0.031
0.0 0.0 1.0 0.0 0.0 0.0 0.0 0.0 0.0 0.0 0.750 0.125 0.125 0.125 2.0 0.519 1.000 0.031
0.0 0.0 1.0 0.0 0.0 0.0 0.0 0.0 0.0 0.0 0.750 0.125 0.125 0.125 2.0 0.519 1.000 0.031
0.0 0.0 1.0 0.0 0.0 0.0 0.0 0.0 0.0 0.0 0.750 0.125 0.125 0.125 2.0 0.519 1.000 0.031
0.0 0.0 1.0 0.0 0.0 0.0 0.0 0.0 0.0 0.0 0.750 0.125 0.125 0.125 2.0 0.519 1.000 0.031
0.0 0.0 1.0 0.0 0.0 0.0 0.0 0.0 0.0 0.0 0.750 0.125 0.125 0.125 2.0 0.519 1.000 0.031
0.0 0.0 1.0 0.0 0.0 0.0 0.0 0.0 0.0 0.0 0.750 0.156 0.156 0.156 2.0 0.519 1.000 0.031
0.0 0.0 1.0 0.0 0.0 0.0 0.0 0.0 0.0 0.0 0.750 0.188 0.188 0.188 2.0 0.519 1.000 0.031
0.0 0.0 1.0 0.0 0.0 0.0 0.0 0.0 0.0 0.0 0.750 0.156 0.156 0.156 2.0 0.519 1.000 0.031
0.0 0.0 1.0 0.0 0.0 0.0 0.0 0.0 0.0 0.0 0.750 0.125 0.125 0.125 2.0 0.519 1.000 0.031
0.0 0.0 1.0 0.0 0.0 0.0 0.0 0.0 0.0 0.0 0.844 0.156 0.156 0.156 2.0 0.500 1.000 0.031
0.0 0.0 1.0 0.0 0.0 0.0 0.0 0.0 0.0 0.0 0.844 0.125 0.125 0.125 2.0 0.519 1.000 0.031
0.0 0.0 1.0 0.0 0.0 0.0 0.0 0.0 0.0 0.0 0.844 0.156 0.156 0.156 2.0 0.519 1.000 0.031
0.0 0.0 1.0 0.0 0.0 0.0 0.0 0.0 0.0 0.0 0.844 0.125 0.125 0.125 2.0 0.500 1.000 0.031
0.0 0.0 1.0 0.0 0.0 0.0 0.0 0.0 0.0 0.0 0.844 0.125 0.125 0.125 2.0 0.500 1.000 0.031
0.0 0.0 1.0 0.0 0.0 0.0 0.0 0.0 0.0 0.0 0.844 0.156 0.156 0.156 2.0 0.519 1.000 0.031
0.0 0.0 1.0 0.0 0.0 0.0 0.0 0.0 0.0 0.0 0.844 0.125 0.125 0.125 2.0 0.519 1.000 0.031
0.0 0.0 1.0 0.0 0.0 0.0 0.0 0.0 0.0 0.0 0.844 0.125 0.125 0.125 2.0 0.500 1.000 0.031
0.0 0.0 1.0 0.0 0.0 0.0 0.0 0.0 0.0 0.0 0.844 0.156 0.156 0.156 2.0 0.500 1.000 0.031
0.0 0.0 1.0 0.0 0.0 0.0 0.0 0.0 0.0 0.0 0.844 0.125 0.125 0.125 2.0 0.519 1.000 0.031
0.0 0.0 1.0 0.0 0.0 0.0 0.0 0.0 0.0 0.0 0.844 0.156 0.156 0.156 2.0 0.519 1.000 0.031
0.0 1.0 0.0 0.0 0.0 0.0 0.0 0.0 0.0 0.0 0.875 0.125 0.125 0.125 1.0 0.154 1.000 0.031
0.0 0.0 1.0 0.0 0.0 0.0 0.0 0.0 0.0 0.0 0.844 0.156 0.156 0.156 2.0 0.481 1.000 0.031
0.0 0.0 1.0 0.0 0.0 0.0 0.0 0.0 0.0 0.0 0.844 0.156 0.156 0.156 2.0 0.500 1.000 0.031
0.0 0.0 1.0 0.0 0.0 0.0 0.0 0.0 0.0 0.0 0.844 0.156 0.156 0.156 2.0 0.519 1.000 0.031
0.0 0.0 1.0 0.0 0.0 0.0 0.0 0.0 0.0 0.0 0.844 0.125 0.125 0.125 2.0 0.519 1.000 0.031
0.0 0.0 1.0 0.0 0.0 0.0 0.0 0.0 0.0 0.0 0.844 0.156 0.156 0.156 2.0 0.500 1.000 0.031
0.0 0.0 0.0 1.0 0.0 0.0 0.0 0.0 1.0 0.0 0.781 0.125 0.125 0.125 2.0 0.154 1.000 0.031
0.0 1.0 0.0 0.0 0.0 0.0 0.0 0.0 0.0 0.0 0.812 0.094 0.094 0.094 1.0 0.115 1.000 0.031
0.0 0.0 0.0 1.0 0.0 0.0 0.0 0.0 1.0 0.0 0.781 0.125 0.125 0.125 2.0 0.135 1.000 0.031
0.0 0.0 0.0 1.0 0.0 0.0 0.0 0.0 1.0 0.0 0.781 0.094 0.094 0.094 2.0 0.135 1.000 0.031
0.0 0.0 0.0 1.0 0.0 0.0 0.0 0.0 1.0 0.0 0.781 0.125 0.125 0.125 2.0 0.135 1.000 0.031
0.0 0.0 0.0 1.0 0.0 0.0 0.0 0.0 1.0 0.0 0.781 0.094 0.094 0.094 2.0 0.135 1.000 0.031
0.0 0.0 0.0 1.0 0.0 0.0 0.0 0.0 1.0 0.0 0.781 0.125 0.125 0.125 2.0 0.135 1.000 0.031
0.0 0.0 0.0 1.0 0.0 0.0 0.0 0.0 1.0 0.0 0.812 0.094 0.094 0.094 2.0 0.115 1.000 0.031
0.0 0.0 0.0 1.0 0.0 0.0 0.0 0.0 1.0 0.0 0.781 0.094 0.094 0.094 2.0 0.135 1.000 0.031
0.0 0.0 0.0 1.0 0.0 0.0 0.0 0.0 1.0 0.0 0.781 0.094 0.094 0.094 2.0 0.135 1.000 0.031
0.0 0.0 0.0 1.0 0.0 0.0 0.0 0.0 1.0 0.0 0.781 0.094 0.094 0.094 2.0 0.135 1.000 0.031
0.0 0.0 0.0 1.0 0.0 0.0 0.0 0.0 1.0 0.0 0.781 0.094 0.094 0.094 2.0 0.135 1.000 0.031
0.0 0.0 0.0 1.0 0.0 0.0 0.0 0.0 1.0 0.0 0.781 0.094 0.094 0.094 2.0 0.135 1.000 0.031
0.0 0.0 0.0 1.0 0.0 0.0 0.0 0.0 1.0 0.0 0.781 0.125 0.125 0.125 2.0 0.154 1.000 0.031
0.0 0.0 0.0 1.0 0.0 0.0 0.0 0.0 1.0 0.0 0.781 0.156 0.156 0.156 2.0 0.154 1.000 0.031
0.0 0.0 0.0 1.0 0.0 0.0 0.0 0.0 1.0 0.0 0.781 0.125 0.125 0.125 2.0 0.154 1.000 0.031
0.0 0.0 0.0 1.0 0.0 0.0 0.0 0.0 1.0 0.0 0.781 0.094 0.094 0.094 2.0 0.135 1.000 0.031
0.0 0.0 0.0 1.0 0.0 0.0 0.0 0.0 1.0 0.0 0.875 0.125 0.125 0.125 2.0 0.154 1.000 0.031
0.0 0.0 0.0 1.0 0.0 0.0 0.0 0.0 1.0 0.0 0.875 0.094 0.094 0.094 2.0 0.135 1.000 0.031
0.0 0.0 0.0 1.0 0.0 0.0 0.0 0.0 1.0 0.0 0.875 0.125 0.125 0.125 2.0 0.154 1.000 0.031
0.0 0.0 0.0 1.0 0.0 0.0 0.0 0.0 1.0 0.0 0.875 0.094 0.094 0.094 2.0 0.135 1.000 0.031
0.0 0.0 0.0 1.0 0.0 0.0 0.0 0.0 1.0 0.0 0.875 0.094 0.094 0.094 2.0 0.135 1.000 0.031
0.0 0.0 0.0 1.0 0.0 0.0 0.0 0.0 1.0 0.0 0.875 0.125 0.125 0.125 2.0 0.154 1.000 0.031
0.0 0.0 0.0 1.0 0.0 0.0 0.0 0.0 1.0 0.0 0.875 0.094 0.094 0.094 2.0 0.135 1.000 0.031
0.0 0.0 0.0 1.0 0.0 0.0 0.0 0.0 1.0 0.0 0.875 0.094 0.094 0.094 2.0 0.135 1.000 0.031
0.0 0.0 0.0 1.0 0.0 0.0 0.0 0.0 1.0 0.0 0.875 0.125 0.125 0.125 2.0 0.154 1.000 0.031
0.0 0.0 0.0 1.0 0.0 0.0 0.0 0.0 1.0 0.0 0.875 0.094 0.094 0.094 2.0 0.135 1.000 0.031
0.0 0.0 0.0 1.0 0.0 0.0 0.0 0.0 1.0 0.0 0.875 0.125 0.125 0.125 2.0 0.135 1.000 0.031
0.0 0.0 0.0 1.0 0.0 0.0 0.0 0.0 1.0 0.0 0.906 0.094 0.094 0.094 2.0 0.115 1.000 0.031
0.0 1.0 0.0 0.0 0.0 0.0 0.0 0.0 0.0 0.0 0.906 0.094 0.094 0.094 1.0 0.115 1.000 0.031
0.0 0.0 1.0 0.0 0.0 0.0 0.0 0.0 1.0 0.0 0.875 0.125 0.125 0.125 2.0 0.135 1.000 0.031
0.0 1.0 0.0 0.0 0.0 0.0 0.0 0.0 0.0 0.0 0.906 0.094 0.094 0.094 1.0 0.115 1.000 0.031
0.0 0.0 1.0 0.0 0.0 0.0 0.0 0.0 1.0 0.0 0.875 0.125 0.125 0.125 2.0 0.135 1.000 0.031
0.0 0.0 0.0 1.0 0.0 0.0 0.0 0.0 1.0 0.0 0.875 0.094 0.094 0.094 2.0 0.135 1.000 0.031
0.0 0.0 0.0 1.0 0.0 0.0 0.0 0.0 1.0 0.0 0.875 0.125 0.125 0.125 2.0 0.154 1.000 0.031
0.0 0.0 0.0 1.0 0.0 0.0 0.0 0.0 1.0 0.0 0.812 0.094 0.094 0.094 2.0 0.135 1.000 0.031
0.0 1.0 0.0 0.0 0.0 0.0 0.0 0.0 0.0 0.0 0.844 0.062 0.062 0.062 1.0 0.135 1.000 0.031
0.0 0.0 1.0 0.0 0.0 0.0 0.0 0.0 0.0 0.0 0.812 0.094 0.094 0.094 2.0 0.154 1.000 0.031
0.0 0.0 0.0 1.0 0.0 0.0 0.0 0.0 1.0 0.0 0.844 0.062 0.062 0.062 2.0 0.115 1.000 0.031
0.0 0.0 0.0 1.0 0.0 0.0 0.0 0.0 0.0 0.0 0.844 0.062 0.062 0.062 2.0 0.173 1.000 0.031
0.0 0.0 0.0 1.0 0.0 0.0 0.0 0.0 1.0 0.0 0.812 0.062 0.062 0.062 2.0 0.115 1.000 0.031
0.0 0.0 0.0 1.0 0.0 0.0 0.0 0.0 0.0 0.0 0.812 0.062 0.062 0.062 2.0 0.154 1.000 0.031
0.0 0.0 0.0 1.0 0.0 0.0 0.0 0.0 1.0 0.0 0.812 0.094 0.094 0.094 2.0 0.115 1.000 0.031
0.0 0.0 0.0 1.0 0.0 0.0 0.0 0.0 0.0 0.0 0.812 0.094 0.094 0.094 2.0 0.154 1.000 0.031
0.0 0.0 0.0 1.0 0.0 0.0 0.0 0.0 1.0 0.0 0.812 0.062 0.062 0.062 2.0 0.115 1.000 0.031
0.0 0.0 0.0 1.0 0.0 0.0 0.0 0.0 0.0 0.0 0.812 0.062 0.062 0.062 2.0 0.154 1.000 0.031
0.0 0.0 0.0 1.0 0.0 0.0 0.0 0.0 1.0 0.0 0.812 0.094 0.094 0.094 2.0 0.115 1.000 0.031
0.0 0.0 0.0 1.0 0.0 0.0 0.0 0.0 0.0 0.0 0.812 0.094 0.094 0.094 2.0 0.154 1.000 0.031
0.0 0.0 0.0 1.0 0.0 0.0 0.0 0.0 1.0 0.0 0.844 0.062 0.062 0.062 2.0 0.115 1.000 0.031
0.0 0.0 0.0 1.0 0.0 0.0 0.0 0.0 0.0 0.0 0.844 0.062 0.062 0.062 2.0 0.135 1.000 0.031
0.0 0.0 0.0 1.0 0.0 0.0 0.0 0.0 1.0 0.0 0.812 0.062 0.062 0.062 2.0 0.115 1.000 0.031
0.0 0.0 0.0 1.0 0.0 0.0 0.0 0.0 0.0 0.0 0.812 0.062 0.062 0.062 2.0 0.154 1.000 0.031
0.0 0.0 0.0 1.0 0.0 0.0 0.0 0.0 1.0 0.0 0.812 0.062 0.062 0.062 2.0 0.115 1.000 0.031
0.0 0.0 0.0 1.0 0.0 0.0 0.0 0.0 0.0 0.0 0.812 0.062 0.062 0.062 2.0 0.154 1.000 0.031
0.0 0.0 0.0 1.0 0.0 0.0 0.0 0.0 1.0 0.0 0.812 0.062 0.062 0.062 2.0 0.115 1.000 0.031
0.0 0.0 0.0 1.0 0.0 0.0 0.0 0.0 0.0 0.0 0.812 0.062 0.062 0.062 2.0 0.154 1.000 0.031
0.0 0.0 0.0 1.0 0.0 0.0 0.0 0.0 1.0 0.0 0.812 0.062 0.062 0.062 2.0 0.115 1.000 0.031
0.0 0.0 0.0 1.0 0.0 0.0 0.0 0.0 0.0 0.0 0.812 0.062 0.062 0.062 2.0 0.154 1.000 0.031
0.0 0.0 0.0 1.0 0.0 0.0 0.0 0.0 1.0 0.0 0.812 0.062 0.062 0.062 2.0 0.115 1.000 0.031
0.0 0.0 0.0 1.0 0.0 0.0 0.0 0.0 0.0 0.0 0.812 0.062 0.062 0.062 2.0 0.154 1.000 0.031
0.0 1.0 0.0 0.0 0.0 0.0 0.0 0.0 0.0 0.0 0.844 0.062 0.062 0.062 1.0 0.115 1.000 0.031
0.0 0.0 1.0 0.0 0.0 0.0 0.0 0.0 1.0 0.0 0.812 0.094 0.094 0.094 2.0 0.115 1.000 0.031
0.0 0.0 0.0 1.0 0.0 0.0 0.0 0.0 0.0 0.0 0.812 0.094 0.094 0.094 2.0 0.173 1.000 0.031
0.0 0.0 0.0 1.0 0.0 0.0 0.0 0.0 1.0 0.0 0.812 0.125 0.125 0.125 2.0 0.135 1.000 0.031
0.0 1.0 0.0 0.0 0.0 0.0 0.0 0.0 0.0 0.0 0.844 0.094 0.094 0.094 1.0 0.135 1.000 0.031
0.0 0.0 0.0 1.0 0.0 0.0 0.0 0.0 0.0 0.0 0.812 0.125 0.125 0.125 2.0 0.154 1.000 0.031
0.0 1.0 0.0 0.0 0.0 0.0 0.0 0.0 0.0 0.0 0.844 0.062 0.062 0.062 1.0 0.115 1.000 0.031
0.0 0.0 1.0 0.0 0.0 0.0 0.0 0.0 1.0 0.0 0.812 0.094 0.094 0.094 2.0 0.115 1.000 0.031
0.0 0.0 0.0 1.0 0.0 0.0 0.0 0.0 0.0 0.0 0.812 0.094 0.094 0.094 2.0 0.173 1.000 0.031
0.0 0.0 0.0 1.0 0.0 0.0 0.0 0.0 1.0 0.0 0.812 0.062 0.062 0.062 2.0 0.115 1.000 0.031
0.0 0.0 0.0 1.0 0.0 0.0 0.0 0.0 0.0 0.0 0.812 0.062 0.062 0.062 2.0 0.154 1.000 0.031
0.0 1.0 0.0 0.0 0.0 0.0 0.0 0.0 0.0 0.0 0.938 0.062 0.062 0.062 1.0 0.115 1.000 0.031
0.0 0.0 0.0 1.0 0.0 0.0 0.0 0.0 1.0 0.0 0.906 0.094 0.094 0.094 2.0 0.115 1.000 0.031
0.0 0.0 0.0 1.0 0.0 0.0 0.0 0.0 0.0 0.0 0.906 0.094 0.094 0.094 2.0 0.173 1.000 0.031
0.0 0.0 0.0 1.0 0.0 0.0 0.0 0.0 1.0 0.0 0.906 0.062 0.062 0.062 2.0 0.115 1.000 0.031
0.0 0.0 0.0 1.0 0.0 0.0 0.0 0.0 0.0 0.0 0.906 0.062 0.062 0.062 2.0 0.154 1.000 0.031
0.0 1.0 0.0 0.0 0.0 0.0 0.0 0.0 0.0 0.0 0.938 0.062 0.062 0.062 1.0 0.115 1.000 0.031
0.0 0.0 1.0 0.0 0.0 0.0 0.0 0.0 1.0 0.0 0.906 0.094 0.094 0.094 2.0 0.115 1.000 0.031
0.0 0.0 0.0 1.0 0.0 0.0 0.0 0.0 0.0 0.0 0.906 0.094 0.094 0.094 2.0 0.173 1.000 0.031
0.0 0.0 0.0 1.0 0.0 0.0 0.0 0.0 1.0 0.0 0.906 0.062 0.062 0.062 2.0 0.115 1.000 0.031
0.0 0.0 0.0 1.0 0.0 0.0 0.0 0.0 0.0 0.0 0.906 0.062 0.062 0.062 2.0 0.154 1.000 0.031
0.0 0.0 0.0 1.0 0.0 0.0 0.0 0.0 1.0 0.0 0.906 0.062 0.062 0.062 2.0 0.115 1.000 0.031
0.0 0.0 0.0 1.0 0.0 0.0 0.0 0.0 0.0 0.0 0.906 0.062 0.062 0.062 2.0 0.154 1.000 0.031
0.0 0.0 0.0 1.0 0.0 0.0 0.0 0.0 1.0 0.0 0.906 0.094 0.094 0.094 2.0 0.135 1.000 0.031
0.0 1.0 0.0 0.0 0.0 0.0 0.0 0.0 0.0 0.0 0.938 0.062 0.062 0.062 1.0 0.135 1.000 0.031
0.0 0.0 1.0 0.0 0.0 0.0 0.0 0.0 0.0 0.0 0.906 0.094 0.094 0.094 2.0 0.154 1.000 0.031
0.0 0.0 0.0 1.0 0.0 0.0 0.0 0.0 1.0 0.0 0.906 0.062 0.062 0.062 2.0 0.115 1.000 0.031
0.0 0.0 0.0 1.0 0.0 0.0 0.0 0.0 0.0 0.0 0.906 0.062 0.062 0.062 2.0 0.154 1.000 0.031
0.0 0.0 0.0 1.0 0.0 0.0 0.0 0.0 1.0 0.0 0.906 0.062 0.062 0.062 2.0 0.115 1.000 0.031
0.0 0.0 0.0 1.0 0.0 0.0 0.0 0.0 0.0 0.0 0.906 0.062 0.062 0.062 2.0 0.154 1.000 0.031
0.0 0.0 0.0 1.0 0.0 0.0 0.0 0.0 1.0 0.0 0.906 0.094 0.094 0.094 2.0 0.135 1.000 0.031
0.0 1.0 0.0 0.0 0.0 0.0 0.0 0.0 0.0 0.0 0.938 0.062 0.062 0.062 1.0 0.135 1.000 0.031
0.0 0.0 1.0 0.0 0.0 0.0 0.0 0.0 0.0 0.0 0.906 0.094 0.094 0.094 2.0 0.154 1.000 0.031
0.0 0.0 0.0 1.0 0.0 0.0 0.0 0.0 1.0 0.0 0.906 0.062 0.062 0.062 2.0 0.115 1.000 0.031
0.0 0.0 0.0 1.0 0.0 0.0 0.0 0.0 0.0 0.0 0.906 0.062 0.062 0.062 2.0 0.154 1.000 0.031
0.0 0.0 0.0 1.0 0.0 0.0 0.0 0.0 1.0 0.0 0.906 0.094 0.094 0.094 2.0 0.115 1.000 0.031
0.0 0.0 0.0 1.0 0.0 0.0 0.0 0.0 0.0 0.0 0.906 0.094 0.094 0.094 2.0 0.154 1.000 0.031
0.0 0.0 0.0 1.0 0.0 0.0 0.0 0.0 1.0 0.0 0.938 0.062 0.062 0.062 2.0 0.115 1.000 0.031
0.0 0.0 0.0 1.0 0.0 0.0 0.0 0.0 0.0 0.0 0.938 0.062 0.062 0.062 2.0 0.135 1.000 0.031
0.0 0.0 0.0 1.0 0.0 0.0 0.0 0.0 1.0 0.0 0.938 0.062 0.062 0.062 2.0 0.115 1.000 0.031
0.0 0.0 0.0 1.0 0.0 0.0 0.0 0.0 0.0 0.0 0.938 0.062 0.062 0.062 2.0 0.173 1.000 0.031
0.0 0.0 0.0 1.0 0.0 0.0 0.0 0.0 1.0 0.0 0.938 0.062 0.062 0.062 2.0 0.115 1.000 0.031
0.0 0.0 0.0 1.0 0.0 0.0 0.0 0.0 0.0 0.0 0.938 0.062 0.062 0.062 2.0 0.173 1.000 0.031
0.0 0.0 0.0 1.0 0.0 0.0 0.0 0.0 1.0 0.0 0.906 0.062 0.062 0.062 2.0 0.115 1.000 0.031
0.0 0.0 0.0 1.0 0.0 0.0 0.0 0.0 0.0 0.0 0.906 0.062 0.062 0.062 2.0 0.154 1.000 0.031
0.0 1.0 0.0 0.0 0.0 0.0 0.0 0.0 0.0 0.0 0.938 0.062 0.062 0.062 1.0 0.115 1.000 0.031
0.0 0.0 0.0 1.0 0.0 0.0 0.0 0.0 1.0 0.0 0.906 0.094 0.094 0.094 2.0 0.115 1.000 0.031
0.0 0.0 0.0 1.0 0.0 0.0 0.0 0.0 0.0 0.0 0.906 0.094 0.094 0.094 2.0 0.173 1.000 0.031
0.0 0.0 0.0 1.0 0.0 0.0 0.0 0.0 0.0 0.0 0.875 0.031 0.031 0.031 2.0 0.115 1.000 0.031
0.0 0.0 0.0 1.0 0.0 0.0 0.0 0.0 0.0 0.0 0.875 0.031 0.031 0.031 2.0 0.115 1.000 0.031
0.0 0.0 0.0 1.0 0.0 0.0 0.0 0.0 0.0 0.0 0.844 0.031 0.031 0.031 2.0 0.115 1.000 0.031
0.0 1.0 0.0 0.0 0.0 0.0 0.0 0.0 0.0 0.0 0.875 0.031 0.031 0.031 1.0 0.096 1.000 0.031
0.0 0.0 0.0 1.0 0.0 0.0 0.0 0.0 0.0 0.0 0.844 0.062 0.062 0.062 2.0 0.135 1.000 0.031
0.0 0.0 0.0 1.0 0.0 0.0 0.0 0.0 0.0 0.0 0.844 0.031 0.031 0.031 2.0 0.115 1.000 0.031
0.0 1.0 0.0 0.0 0.0 0.0 0.0 0.0 0.0 0.0 0.875 0.031 0.031 0.031 1.0 0.096 1.000 0.031
0.0 0.0 1.0 0.0 0.0 0.0 0.0 0.0 0.0 0.0 0.844 0.062 0.062 0.062 2.0 0.135 1.000 0.031
0.0 0.0 0.0 1.0 0.0 0.0 0.0 0.0 0.0 0.0 0.875 0.031 0.031 0.031 2.0 0.115 1.000 0.031
0.0 0.0 0.0 1.0 0.0 0.0 0.0 0.0 0.0 0.0 0.844 0.031 0.031 0.031 2.0 0.115 1.000 0.031
0.0 0.0 0.0 1.0 0.0 0.0 0.0 0.0 0.0 0.0 0.844 0.031 0.031 0.031 2.0 0.115 1.000 0.031
0.0 0.0 0.0 1.0 0.0 0.0 0.0 0.0 0.0 0.0 0.844 0.031 0.031 0.031 2.0 0.115 1.000 0.031
0.0 0.0 0.0 1.0 0.0 0.0 0.0 0.0 0.0 0.0 0.844 0.031 0.031 0.031 2.0 0.115 1.000 0.031
0.0 0.0 0.0 1.0 0.0 0.0 0.0 0.0 0.0 0.0 0.844 0.031 0.031 0.031 2.0 0.115 1.000 0.031
0.0 0.0 0.0 1.0 0.0 0.0 0.0 0.0 0.0 0.0 0.875 0.031 0.031 0.031 2.0 0.135 1.000 0.031
0.0 1.0 0.0 0.0 0.0 0.0 0.0 0.0 0.0 0.0 0.906 0.031 0.031 0.031 1.0 0.096 1.000 0.031
0.0 0.0 0.0 1.0 0.0 0.0 0.0 0.0 0.0 0.0 0.875 0.062 0.062 0.062 2.0 0.135 1.000 0.031
0.0 0.0 0.0 1.0 0.0 0.0 0.0 0.0 0.0 0.0 0.875 0.031 0.031 0.031 2.0 0.135 1.000 0.031
0.0 0.0 0.0 1.0 0.0 0.0 0.0 0.0 0.0 0.0 0.844 0.031 0.031 0.031 2.0 0.115 1.000 0.031
0.0 0.0 0.0 1.0 0.0 0.0 0.0 0.0 0.0 0.0 0.969 0.031 0.031 0.031 2.0 0.135 1.000 0.031
0.0 0.0 0.0 1.0 0.0 0.0 0.0 0.0 0.0 0.0 0.938 0.031 0.031 0.031 2.0 0.115 1.000 0.031
0.0 0.0 0.0 1.0 0.0 0.0 0.0 0.0 0.0 0.0 0.969 0.031 0.031 0.031 2.0 0.135 1.000 0.031
0.0 0.0 0.0 1.0 0.0 0.0 0.0 0.0 0.0 0.0 0.938 0.031 0.031 0.031 2.0 0.115 1.000 0.031
0.0 0.0 0.0 1.0 0.0 0.0 0.0 0.0 0.0 0.0 0.938 0.031 0.031 0.031 2.0 0.115 1.000 0.031
0.0 0.0 0.0 1.0 0.0 0.0 0.0 0.0 0.0 0.0 0.969 0.031 0.031 0.031 2.0 0.115 1.000 0.031
0.0 0.0 0.0 1.0 0.0 0.0 0.0 0.0 0.0 0.0 0.938 0.031 0.031 0.031 2.0 0.115 1.000 0.031
0.0 0.0 0.0 1.0 0.0 0.0 0.0 0.0 0.0 0.0 0.938 0.031 0.031 0.031 2.0 0.115 1.000 0.031
0.0 0.0 0.0 1.0 0.0 0.0 0.0 0.0 0.0 0.0 0.969 0.031 0.031 0.031 2.0 0.115 1.000 0.031
0.0 0.0 0.0 1.0 0.0 0.0 0.0 0.0 0.0 0.0 0.938 0.031 0.031 0.031 2.0 0.115 1.000 0.031
0.0 1.0 0.0 0.0 0.0 0.0 0.0 0.0 0.0 0.0 0.969 0.031 0.031 0.031 1.0 0.096 1.000 0.031
0.0 0.0 1.0 0.0 0.0 0.0 0.0 0.0 0.0 0.0 0.938 0.062 0.062 0.062 2.0 0.135 1.000 0.031
0.0 0.0 0.0 1.0 0.0 0.0 0.0 0.0 0.0 0.0 0.969 0.031 0.031 0.031 2.0 0.115 1.000 0.031
0.0 0.0 0.0 1.0 0.0 0.0 0.0 0.0 0.0 0.0 0.969 0.031 0.031 0.031 2.0 0.115 1.000 0.031
0.0 0.0 0.0 1.0 0.0 0.0 0.0 0.0 0.0 0.0 0.969 0.031 0.031 0.031 2.0 0.115 1.000 0.031
0.0 0.0 0.0 1.0 0.0 0.0 0.0 0.0 0.0 0.0 0.938 0.031 0.031 0.031 2.0 0.115 1.000 0.031
0.0 0.0 0.0 1.0 0.0 0.0 0.0 0.0 0.0 0.0 0.969 0.031 0.031 0.031 2.0 0.135 1.000 0.031
1.0 0.0 0.0 0.0 0.0 0.0 0.0 0.0 0.0 1.0 0.906 0.000 0.000 0.000 1.0 0.077 1.000 0.031
1.0 0.0 0.0 0.0 0.0 0.0 0.0 0.0 0.0 1.0 0.906 0.000 0.000 0.000 1.0 0.077 1.000 0.031
1.0 0.0 0.0 0.0 0.0 0.0 0.0 0.0 0.0 1.0 0.875 0.000 0.000 0.000 1.0 0.077 1.000 0.031
1.0 0.0 0.0 0.0 0.0 0.0 0.0 0.0 0.0 1.0 0.906 0.000 0.000 0.000 1.0 0.058 1.000 0.031
1.0 0.0 0.0 0.0 0.0 0.0 0.0 0.0 0.0 1.0 0.875 0.000 0.000 0.000 1.0 0.077 1.000 0.031
1.0 0.0 0.0 0.0 0.0 0.0 0.0 0.0 0.0 1.0 0.906 0.000 0.000 0.000 1.0 0.058 1.000 0.031
1.0 0.0 0.0 0.0 0.0 0.0 0.0 0.0 0.0 1.0 0.906 0.000 0.000 0.000 1.0 0.077 1.000 0.031
1.0 0.0 0.0 0.0 0.0 0.0 0.0 0.0 0.0 1.0 0.875 0.000 0.000 0.000 1.0 0.077 1.000 0.031
1.0 0.0 0.0 0.0 0.0 0.0 0.0 0.0 0.0 1.0 0.875 0.000 0.000 0.000 1.0 0.077 1.000 0.031
1.0 0.0 0.0 0.0 0.0 0.0 0.0 0.0 0.0 1.0 0.875 0.000 0.000 0.000 1.0 0.077 1.000 0.031
1.0 0.0 0.0 0.0 0.0 0.0 0.0 0.0 0.0 1.0 0.875 0.000 0.000 0.000 1.0 0.077 1.000 0.031
1.0 0.0 0.0 0.0 0.0 0.0 0.0 0.0 0.0 1.0 0.875 0.000 0.000 0.000 1.0 0.077 1.000 0.031
1.0 0.0 0.0 0.0 0.0 0.0 0.0 0.0 0.0 1.0 0.906 0.000 0.000 0.000 1.0 0.077 1.000 0.031
1.0 0.0 0.0 0.0 0.0 0.0 0.0 0.0 0.0 1.0 0.938 0.000 0.000 0.000 1.0 0.058 1.000 0.031
1.0 0.0 0.0 0.0 0.0 0.0 0.0 0.0 0.0 1.0 0.906 0.000 0.000 0.000 1.0 0.077 1.000 0.031
1.0 0.0 0.0 0.0 0.0 0.0 0.0 0.0 0.0 1.0 0.875 0.000 0.000 0.000 1.0 0.077 1.000 0.031
1.0 0.0 0.0 0.0 0.0 0.0 0.0 0.0 0.0 1.0 1.000 0.000 0.000 0.000 1.0 0.077 1.000 0.031
1.0 0.0 0.0 0.0 0.0 0.0 0.0 0.0 0.0 1.0 0.969 0.000 0.000 0.000 1.0 0.077 1.000 0.031
1.0 0.0 0.0 0.0 0.0 0.0 0.0 0.0 0.0 1.0 1.000 0.000 0.000 0.000 1.0 0.077 1.000 0.031
1.0 0.0 0.0 0.0 0.0 0.0 0.0 0.0 0.0 1.0 0.969 0.000 0.000 0.000 1.0 0.077 1.000 0.031
1.0 0.0 0.0 0.0 0.0 0.0 0.0 0.0 0.0 1.0 0.969 0.000 0.000 0.000 1.0 0.077 1.000 0.031
1.0 0.0 0.0 0.0 0.0 0.0 0.0 0.0 0.0 1.0 1.000 0.000 0.000 0.000 1.0 0.077 1.000 0.031
1.0 0.0 0.0 0.0 0.0 0.0 0.0 0.0 0.0 1.0 0.969 0.000 0.000 0.000 1.0 0.077 1.000 0.031
1.0 0.0 0.0 0.0 0.0 0.0 0.0 0.0 0.0 1.0 0.969 0.000 0.000 0.000 1.0 0.077 1.000 0.031
1.0 0.0 0.0 0.0 0.0 0.0 0.0 0.0 0.0 1.0 1.000 0.000 0.000 0.000 1.0 0.077 1.000 0.031
1.0 0.0 0.0 0.0 0.0 0.0 0.0 0.0 0.0 1.0 0.969 0.000 0.000 0.000 1.0 0.077 1.000 0.031
1.0 0.0 0.0 0.0 0.0 0.0 0.0 0.0 0.0 1.0 1.000 0.000 0.000 0.000 1.0 0.058 1.000 0.031
1.0 0.0 0.0 0.0 0.0 0.0 0.0 0.0 0.0 1.0 1.000 0.000 0.000 0.000 1.0 0.077 1.000 0.031
1.0 0.0 0.0 0.0 0.0 0.0 0.0 0.0 0.0 1.0 1.000 0.000 0.000 0.000 1.0 0.077 1.000 0.031
1.0 0.0 0.0 0.0 0.0 0.0 0.0 0.0 0.0 1.0 1.000 0.000 0.000 0.000 1.0 0.077 1.000 0.031
1.0 0.0 0.0 0.0 0.0 0.0 0.0 0.0 0.0 1.0 0.969 0.000 0.000 0.000 1.0 0.077 1.000 0.031
1.0 0.0 0.0 0.0 0.0 0.0 0.0 0.0 0.0 1.0 1.000 0.000 0.000 0.000 1.0 0.077 1.000 0.031
