0.0 0.0 0.0 1.0 0.0 0.0 0.0 0.0 0.0 0.0 0.077 0.513 0.923 0.641 4.0 1.000 0.192 0.724
0.0 0.0 0.0 1.0 0.0 0.0 0.0 0.0 0.0 0.0 0.179 0.821 0.821 0.821 2.0 0.191 0.346 0.034
0.0 0.0 0.0 1.0 0.0 0.0 0.0 0.0 0.0 0.0 0.179 0.692 0.821 0.756 2.0 0.176 0.346 0.069
0.0 0.0 0.0 1.0 0.0 0.0 0.0 0.0 0.0 0.0 0.205 0.590 0.795 0.684 2.0 0.176 0.346 0.103
0.0 0.0 0.0 1.0 0.0 0.0 0.0 0.0 0.0 0.0 0.205 0.538 0.795 0.615 4.0 0.265 0.462 0.207
0.0 1.0 0.0 0.0 0.0 0.0 0.0 0.0 0.0 0.0 0.256 0.436 0.744 0.533 1.0 0.176 0.462 0.310
0.0 0.0 0.0 1.0 0.0 0.0 0.0 0.0 0.0 0.0 0.231 0.462 0.769 0.558 4.0 0.221 0.462 0.310
0.0 0.0 1.0 0.0 0.0 0.0 0.0 0.0 0.0 0.0 0.103 0.590 0.897 0.687 2.0 0.265 0.154 0.310
0.0 0.0 0.0 1.0 0.0 0.0 0.0 0.0 0.0 0.0 0.205 0.436 0.795 0.562 4.0 0.279 0.462 0.414
0.0 0.0 0.0 1.0 0.0 0.0 0.0 0.0 0.0 0.0 0.205 0.385 0.795 0.540 4.0 0.294 0.462 0.517
0.0 0.0 0.0 1.0 0.0 0.0 0.0 0.0 0.0 0.0 0.205 0.385 0.795 0.526 4.0 0.338 0.462 0.621
0.0 0.0 0.0 1.0 0.0 0.0 0.0 0.0 0.0 0.0 0.205 0.385 0.795 0.513 4.0 0.279 0.462 0.724
0.0 0.0 1.0 0.0 0.0 0.0 0.0 0.0 1.0 0.0 0.179 0.821 0.821 0.821 2.0 0.294 0.269 0.034
0.0 0.0 1.0 0.0 0.0 0.0 0.0 0.0 1.0 0.0 0.179 0.692 0.821 0.756 2.0 0.309 0.269 0.069
0.0 0.0 1.0 0.0 0.0 0.0 0.0 0.0 1.0 0.0 0.179 0.615 0.821 0.709 2.0 0.294 0.269 0.103
0.0 0.0 0.0 1.0 0.0 0.0 0.0 0.0 0.0 0.0 0.205 0.538 0.795 0.615 2.0 0.191 0.308 0.207
0.0 0.0 0.0 1.0 0.0 0.0 0.0 0.0 0.0 0.0 0.205 0.487 0.795 0.584 3.0 0.235 0.346 0.310
0.0 0.0 0.0 1.0 0.0 0.0 0.0 0.0 0.0 0.0 0.205 0.436 0.795 0.562 3.0 0.250 0.308 0.414
0.0 0.0 0.0 1.0 0.0 0.0 0.0 0.0 0.0 0.0 0.205 0.385 0.795 0.540 4.0 0.309 0.269 0.517
0.0 0.0 0.0 1.0 0.0 0.0 0.0 0.0 0.0 0.0 0.205 0.385 0.795 0.526 3.0 0.279 0.308 0.621
0.0 0.0 0.0 1.0 0.0 0.0 0.0 0.0 0.0 0.0 0.205 0.385 0.795 0.513 4.0 0.338 0.423 0.724
0.0 0.0 0.0 1.0 0.0 0.0 0.0 0.0 0.0 0.0 0.077 0.513 0.923 0.632 2.0 0.221 0.115 0.793
0.0 0.0 1.0 0.0 0.0 0.0 0.0 0.0 1.0 0.0 0.026 0.564 0.974 0.683 2.0 0.147 0.077 0.793
0.0 0.0 1.0 0.0 0.0 0.0 0.0 0.0 1.0 0.0 0.026 0.564 0.974 0.683 2.0 0.088 0.077 0.793
0.0 0.0 1.0 0.0 0.0 0.0 0.0 0.0 1.0 0.0 0.026 0.564 0.974 0.683 2.0 0.059 0.077 0.793
0.0 1.0 0.0 0.0 0.0 0.0 0.0 0.0 0.0 0.0 0.231 0.359 0.769 0.478 1.0 0.147 0.423 0.793
0.0 0.0 1.0 0.0 0.0 0.0 0.0 0.0 0.0 0.0 0.205 0.385 0.795 0.504 3.0 0.279 0.423 0.793
0.0 0.0 0.0 1.0 0.0 0.0 0.0 0.0 0.0 0.0 0.205 0.385 0.795 0.504 3.0 0.191 0.423 0.793
0.0 1.0 0.0 0.0 0.0 0.0 0.0 0.0 0.0 0.0 0.231 0.359 0.769 0.478 1.0 0.147 0.423 0.793
0.0 0.0 0.0 1.0 0.0 0.0 0.0 0.0 0.0 0.0 0.205 0.385 0.795 0.504 3.0 0.191 0.423 0.793
0.0 0.0 0.0 1.0 0.0 0.0 0.0 0.0 0.0 0.0 0.205 0.385 0.795 0.504 3.0 0.250 0.423 0.793
0.0 0.0 0.0 1.0 0.0 0.0 0.0 0.0 0.0 0.0 0.205 0.385 0.795 0.504 3.0 0.221 0.423 0.793
0.0 0.0 0.0 1.0 0.0 0.0 0.0 0.0 0.0 0.0 0.205 0.385 0.795 0.504 3.0 0.221 0.423 0.793
0.0 1.0 0.0 0.0 0.0 0.0 0.0 0.0 0.0 0.0 0.128 0.462 0.872 0.581 1.0 0.147 0.154 0.793
0.0 0.0 0.0 1.0 0.0 0.0 0.0 0.0 1.0 0.0 0.103 0.487 0.897 0.606 2.0 0.235 0.154 0.793
0.0 0.0 1.0 0.0 0.0 0.0 0.0 0.0 1.0 0.0 0.103 0.487 0.897 0.606 2.0 0.235 0.154 0.793
0.0 0.0 1.0 0.0 0.0 0.0 0.0 0.0 1.0 0.0 0.103 0.487 0.897 0.606 2.0 0.265 0.154 0.793
0.0 0.0 0.0 1.0 0.0 0.0 0.0 0.0 0.0 0.0 0.205 0.385 0.795 0.504 2.0 0.118 0.385 0.793
0.0 0.0 0.0 1.0 0.0 0.0 0.0 0.0 0.0 0.0 0.205 0.385 0.795 0.504 3.0 0.221 0.385 0.793
0.0 1.0 0.0 0.0 0.0 0.0 0.0 0.0 0.0 0.0 0.231 0.359 0.769 0.478 1.0 0.118 0.385 0.793
0.0 0.0 1.0 0.0 0.0 0.0 0.0 0.0 0.0 0.0 0.205 0.385 0.795 0.504 3.0 0.176 0.385 0.793
0.0 0.0 0.0 1.0 0.0 0.0 0.0 0.0 0.0 0.0 0.179 0.410 0.821 0.530 2.0 0.147 0.385 0.793
0.0 0.0 0.0 1.0 0.0 0.0 0.0 0.0 0.0 0.0 0.205 0.385 0.795 0.504 2.0 0.118 0.385 0.793
0.0 0.0 0.0 1.0 0.0 0.0 0.0 0.0 0.0 0.0 0.205 0.385 0.795 0.504 3.0 0.206 0.385 0.793
0.0 0.0 0.0 1.0 0.0 0.0 0.0 0.0 0.0 1.0 0.154 0.000 0.000 0.000 2.0 0.118 0.346 0.034
0.0 0.0 0.0 1.0 0.0 0.0 0.0 0.0 0.0 1.0 0.103 0.000 0.000 0.000 3.0 0.132 0.115 0.034
0.0 0.0 0.0 1.0 0.0 0.0 0.0 0.0 0.0 1.0 0.641 0.000 0.000 0.000 4.0 0.206 1.000 0.034
0.0 0.0 0.0 1.0 0.0 0.0 0.0 0.0 0.0 1.0 0.590 0.000 0.000 0.000 4.0 0.206 1.000 0.034
0.0 0.0 0.0 1.0 0.0 0.0 0.0 0.0 0.0 1.0 0.744 0.000 0.000 0.000 2.0 0.088 0.962 0.034
0.0 0.0 0.0 1.0 0.0 0.0 0.0 0.0 0.0 1.0 0.692 0.000 0.000 0.000 2.0 0.088 0.962 0.034
0.0 0.0 0.0 1.0 0.0 0.0 0.0 0.0 0.0 1.0 0.667 0.000 0.000 0.000 2.0 0.074 0.962 0.034
0.0 0.0 0.0 1.0 0.0 0.0 0.0 0.0 0.0 1.0 0.590 0.000 0.000 0.000 2.0 0.088 0.962 0.034
0.0 0.0 0.0 1.0 0.0 0.0 0.0 0.0 0.0 1.0 0.615 0.000 0.000 0.000 2.0 0.074 0.962 0.034
0.0 0.0 0.0 1.0 0.0 0.0 0.0 0.0 0.0 1.0 0.590 0.000 0.000 0.000 2.0 0.088 0.962 0.034
0.0 0.0 0.0 1.0 0.0 0.0 0.0 0.0 0.0 1.0 1.000 0.000 0.000 0.000 2.0 0.088 0.962 0.034
0.0 0.0 0.0 1.0 0.0 0.0 0.0 0.0 0.0 1.0 0.872 0.000 0.000 0.000 2.0 0.088 0.962 0.034
0.0 0.0 0.0 1.0 0.0 0.0 0.0 0.0 0.0 1.0 0.795 0.000 0.000 0.000 3.0 0.118 0.962 0.034
0.0 0.0 0.0 1.0 0.0 0.0 0.0 0.0 0.0 1.0 0.769 0.000 0.000 0.000 4.0 0.147 0.962 0.034
0.0 1.0 0.0 0.0 0.0 0.0 0.0 0.0 0.0 0.0 0.744 0.026 0.026 0.026 1.0 0.118 0.962 0.034
0.0 0.0 1.0 0.0 0.0 0.0 0.0 0.0 0.0 0.0 0.718 0.051 0.051 0.051 2.0 0.103 0.962 0.034
0.0 0.0 0.0 1.0 0.0 0.0 0.0 0.0 0.0 1.0 0.744 0.000 0.000 0.000 4.0 0.162 0.962 0.034
0.0 0.0 1.0 0.0 0.0 0.0 0.0 0.0 0.0 0.0 0.718 0.026 0.026 0.026 2.0 0.132 0.962 0.034
0.0 1.0 0.0 0.0 0.0 0.0 0.0 0.0 0.0 1.0 0.795 0.000 0.000 0.000 1.0 0.088 0.962 0.034
0.0 0.0 1.0 0.0 0.0 0.0 0.0 0.0 0.0 0.0 0.769 0.026 0.026 0.026 4.0 0.176 0.962 0.034
0.0 0.0 1.0 0.0 0.0 0.0 0.0 0.0 0.0 0.0 0.744 0.051 0.051 0.051 2.0 0.147 0.962 0.034
0.0 0.0 0.0 1.0 0.0 0.0 0.0 0.0 0.0 1.0 0.744 0.000 0.000 0.000 4.0 0.162 0.962 0.034
0.0 0.0 1.0 0.0 0.0 0.0 0.0 0.0 0.0 0.0 0.718 0.026 0.026 0.026 2.0 0.132 0.962 0.034
0.0 0.0 0.0 1.0 0.0 0.0 0.0 0.0 0.0 1.0 0.744 0.000 0.000 0.000 4.0 0.162 0.962 0.034
0.0 0.0 1.0 0.0 0.0 0.0 0.0 0.0 0.0 0.0 0.718 0.026 0.026 0.026 2.0 0.132 0.962 0.034
0.0 0.0 0.0 1.0 0.0 0.0 0.0 0.0 0.0 1.0 0.718 0.000 0.000 0.000 4.0 0.147 0.962 0.034
0.0 0.0 0.0 1.0 0.0 0.0 0.0 0.0 0.0 1.0 0.744 0.000 0.000 0.000 3.0 0.118 1.000 0.034
0.0 1.0 0.0 0.0 0.0 0.0 0.0 0.0 0.0 1.0 0.744 0.000 0.000 0.000 1.0 0.074 1.000 0.034
0.0 0.0 0.0 1.0 0.0 0.0 0.0 0.0 0.0 0.0 0.718 0.026 0.026 0.026 3.0 0.118 1.000 0.034
0.0 0.0 0.0 1.0 0.0 0.0 0.0 0.0 0.0 1.0 0.641 0.000 0.000 0.000 3.0 0.118 1.000 0.034
0.0 1.0 0.0 0.0 0.0 0.0 0.0 0.0 0.0 1.0 0.641 0.000 0.000 0.000 1.0 0.074 1.000 0.034
0.0 0.0 1.0 0.0 0.0 0.0 0.0 0.0 0.0 0.0 0.615 0.026 0.026 0.026 3.0 0.132 1.000 0.034
0.0 0.0 0.0 1.0 0.0 0.0 0.0 0.0 0.0 1.0 0.615 0.000 0.000 0.000 3.0 0.118 1.000 0.034
0.0 0.0 0.0 1.0 0.0 0.0 0.0 0.0 0.0 1.0 0.615 0.000 0.000 0.000 3.0 0.118 1.000 0.034
0.0 0.0 1.0 0.0 0.0 0.0 0.0 0.0 0.0 0.0 0.103 0.051 0.897 0.583 3.0 0.412 0.231 0.828
0.0 1.0 0.0 0.0 0.0 0.0 0.0 0.0 1.0 0.0 0.026 0.077 0.974 0.637 1.0 0.647 0.038 0.862
0.0 0.0 0.0 0.0 0.0 1.0 0.0 0.0 1.0 0.0 0.051 0.051 0.949 0.611 2.0 0.471 0.077 0.862
0.0 1.0 0.0 0.0 0.0 0.0 0.0 0.0 1.0 0.0 0.026 0.077 0.974 0.637 1.0 0.309 0.038 0.862
0.0 1.0 0.0 0.0 0.0 0.0 0.0 0.0 1.0 0.0 0.026 0.128 0.974 0.639 1.0 0.353 0.038 0.862
0.0 1.0 0.0 0.0 0.0 0.0 0.0 0.0 1.0 0.0 0.026 0.128 0.974 0.639 1.0 0.279 0.038 0.862
0.0 1.0 0.0 0.0 0.0 0.0 0.0 0.0 1.0 0.0 0.026 0.077 0.974 0.637 1.0 0.221 0.038 0.862
0.0 1.0 0.0 0.0 0.0 0.0 0.0 0.0 1.0 0.0 0.026 0.077 0.974 0.695 1.0 0.147 0.038 0.345
0.0 0.0 1.0 0.0 0.0 0.0 0.0 0.0 0.0 0.0 0.077 0.077 0.667 0.510 2.0 0.382 0.115 0.310
0.0 1.0 0.0 0.0 0.0 0.0 0.0 0.0 1.0 0.0 0.026 0.077 0.974 0.637 1.0 0.456 0.038 0.862
0.0 0.0 0.0 0.0 1.0 0.0 0.0 0.0 0.0 0.0 0.051 0.103 0.949 0.635 2.0 0.662 0.077 0.828
0.0 1.0 0.0 0.0 0.0 0.0 0.0 0.0 1.0 0.0 0.026 0.128 0.974 0.660 1.0 0.618 0.038 0.828
0.0 1.0 0.0 0.0 0.0 0.0 0.0 0.0 0.0 0.0 0.538 0.051 0.205 0.115 1.0 0.309 0.923 0.276
0.0 0.0 0.0 0.0 1.0 0.0 0.0 0.0 1.0 0.0 0.051 0.538 0.949 0.658 2.0 0.574 0.077 0.793
0.0 0.0 0.0 0.0 1.0 0.0 0.0 0.0 1.0 0.0 0.051 0.051 0.949 0.664 2.0 0.235 0.077 0.379
0.0 0.0 0.0 0.0 1.0 0.0 0.0 0.0 1.0 0.0 0.077 0.513 0.923 0.632 2.0 0.382 0.115 0.793
0.0 0.0 0.0 0.0 0.0 1.0 0.0 0.0 0.0 0.0 0.590 0.128 0.410 0.208 2.0 0.721 0.962 0.310
0.0 0.0 1.0 0.0 0.0 0.0 0.0 0.0 0.0 0.0 0.564 0.154 0.436 0.234 4.0 0.779 0.962 0.310
0.0 1.0 0.0 0.0 0.0 0.0 0.0 0.0 0.0 0.0 0.615 0.103 0.179 0.143 1.0 0.206 0.962 0.241
0.0 0.0 0.0 0.0 0.0 1.0 0.0 0.0 1.0 0.0 0.590 0.128 0.205 0.168 3.0 0.412 0.962 0.241
0.0 0.0 1.0 0.0 0.0 0.0 0.0 0.0 1.0 0.0 0.641 0.103 0.154 0.124 2.0 0.235 0.962 0.207
0.0 1.0 0.0 0.0 0.0 0.0 0.0 0.0 0.0 0.0 0.667 0.051 0.128 0.085 1.0 0.235 0.962 0.207
0.0 0.0 1.0 0.0 0.0 0.0 0.0 0.0 0.0 0.0 0.641 0.077 0.154 0.111 2.0 0.235 0.962 0.207
0.0 0.0 0.0 0.0 0.0 1.0 0.0 0.0 1.0 0.0 0.590 0.128 0.205 0.162 3.0 0.426 0.962 0.207
0.0 0.0 0.0 1.0 0.0 0.0 0.0 0.0 0.0 0.0 0.051 0.538 0.692 0.604 3.0 0.574 0.115 0.241
0.0 1.0 0.0 0.0 0.0 0.0 0.0 0.0 1.0 0.0 0.026 0.564 0.974 0.683 1.0 0.368 0.038 0.793
0.0 0.0 0.0 0.0 0.0 1.0 0.0 0.0 0.0 0.0 0.077 0.538 0.667 0.590 2.0 0.382 0.154 0.207
0.0 0.0 1.0 0.0 0.0 0.0 0.0 0.0 0.0 0.0 0.564 0.051 0.179 0.103 2.0 0.397 0.962 0.207
0.0 1.0 0.0 0.0 0.0 0.0 0.0 0.0 0.0 0.0 0.564 0.051 0.179 0.103 1.0 0.235 0.962 0.207
0.0 0.0 0.0 1.0 0.0 0.0 0.0 0.0 0.0 0.0 0.538 0.077 0.205 0.128 2.0 0.265 0.962 0.207
0.0 0.0 0.0 0.0 1.0 0.0 0.0 0.0 1.0 0.0 0.026 0.077 0.974 0.561 2.0 0.632 0.077 1.000
0.0 0.0 0.0 0.0 0.0 1.0 0.0 0.0 1.0 0.0 0.051 0.051 0.692 0.333 2.0 0.500 0.115 0.414
0.0 0.0 0.0 0.0 0.0 1.0 0.0 0.0 0.0 0.0 0.538 0.051 0.205 0.111 3.0 0.603 0.962 0.207
0.0 0.0 1.0 0.0 0.0 0.0 0.0 0.0 0.0 0.0 0.154 0.436 0.590 0.496 2.0 0.426 0.385 0.207
0.0 0.0 0.0 0.0 0.0 1.0 0.0 0.0 1.0 0.0 0.128 0.462 0.872 0.581 3.0 0.368 0.308 0.793
0.0 0.0 0.0 0.0 0.0 1.0 0.0 0.0 1.0 0.0 0.154 0.436 0.846 0.555 3.0 0.412 0.308 0.793
0.0 0.0 0.0 1.0 0.0 0.0 0.0 0.0 0.0 0.0 0.077 0.513 0.923 0.632 2.0 0.544 0.115 0.793
0.0 0.0 0.0 0.0 0.0 1.0 0.0 0.0 0.0 0.0 0.154 0.436 0.846 0.555 2.0 0.500 0.346 0.793
0.0 0.0 0.0 0.0 1.0 0.0 0.0 0.0 0.0 0.0 0.051 0.538 0.949 0.667 2.0 0.706 0.077 0.724
0.0 1.0 0.0 0.0 0.0 0.0 0.0 0.0 0.0 0.0 0.128 0.462 0.872 0.590 1.0 0.397 0.154 0.724
0.0 0.0 1.0 0.0 0.0 0.0 0.0 0.0 0.0 0.0 0.103 0.487 0.897 0.615 2.0 0.235 0.154 0.724
0.0 0.0 0.0 0.0 1.0 0.0 0.0 0.0 1.0 0.0 0.051 0.538 0.949 0.667 3.0 0.397 0.154 0.724
0.0 0.0 1.0 0.0 0.0 0.0 0.0 0.0 0.0 0.0 0.103 0.487 0.897 0.615 2.0 0.412 0.192 0.724
0.0 0.0 0.0 1.0 0.0 0.0 0.0 0.0 0.0 0.0 0.128 0.462 0.872 0.590 3.0 0.471 0.269 0.724
0.0 0.0 0.0 0.0 1.0 0.0 0.0 0.0 1.0 0.0 0.051 0.538 0.949 0.667 3.0 0.632 0.154 0.724
0.0 0.0 0.0 1.0 0.0 0.0 0.0 0.0 0.0 1.0 0.103 0.000 0.000 0.000 2.0 0.074 0.192 0.034
0.0 0.0 0.0 1.0 0.0 0.0 0.0 0.0 0.0 1.0 0.103 0.000 0.000 0.000 2.0 0.074 0.192 0.034
0.0 0.0 0.0 1.0 0.0 0.0 0.0 0.0 0.0 1.0 0.103 0.000 0.000 0.000 2.0 0.074 0.192 0.034
0.0 1.0 0.0 0.0 0.0 0.0 0.0 0.0 0.0 1.0 0.154 0.000 0.000 0.000 1.0 0.059 0.192 0.034
0.0 0.0 0.0 1.0 0.0 0.0 0.0 0.0 0.0 0.0 0.128 0.026 0.026 0.026 2.0 0.088 0.192 0.034
0.0 1.0 0.0 0.0 0.0 0.0 0.0 0.0 0.0 1.0 0.154 0.000 0.000 0.000 1.0 0.059 0.192 0.034
0.0 0.0 1.0 0.0 0.0 0.0 0.0 0.0 0.0 0.0 0.128 0.026 0.026 0.026 2.0 0.088 0.192 0.034
0.0 0.0 0.0 1.0 0.0 0.0 0.0 0.0 0.0 1.0 0.103 0.000 0.000 0.000 2.0 0.074 0.192 0.034
0.0 0.0 1.0 0.0 0.0 0.0 0.0 0.0 0.0 0.0 0.077 0.077 0.923 0.609 4.0 0.235 0.192 0.828
0.0 0.0 1.0 0.0 0.0 0.0 0.0 0.0 0.0 0.0 0.103 0.487 0.487 0.487 3.0 0.279 0.154 0.034
0.0 0.0 0.0 0.0 1.0 0.0 0.0 0.0 1.0 0.0 0.077 0.513 0.923 0.641 3.0 0.324 0.154 0.724
0.0 1.0 0.0 0.0 0.0 0.0 0.0 0.0 0.0 0.0 0.179 0.410 0.821 0.530 1.0 0.412 0.308 0.793
0.0 0.0 0.0 0.0 1.0 0.0 0.0 0.0 1.0 0.0 0.077 0.513 0.923 0.641 3.0 0.515 0.154 0.724
0.0 0.0 0.0 0.0 1.0 0.0 0.0 0.0 0.0 0.0 0.077 0.513 0.923 0.641 3.0 0.397 0.154 0.724
0.0 0.0 0.0 0.0 1.0 0.0 0.0 0.0 1.0 0.0 0.077 0.513 0.923 0.641 3.0 0.529 0.154 0.724
0.0 0.0 0.0 1.0 0.0 0.0 0.0 0.0 1.0 0.0 0.026 0.564 0.974 0.683 2.0 0.250 0.077 0.793
0.0 1.0 0.0 0.0 0.0 0.0 0.0 0.0 0.0 0.0 0.128 0.462 0.872 0.581 1.0 0.324 0.231 0.793
0.0 0.0 0.0 0.0 1.0 0.0 0.0 0.0 0.0 0.0 0.077 0.077 0.077 0.077 2.0 0.294 0.115 0.034
0.0 0.0 0.0 0.0 1.0 0.0 0.0 0.0 0.0 0.0 0.564 0.077 0.077 0.077 2.0 0.221 0.962 0.034
0.0 0.0 0.0 1.0 0.0 0.0 0.0 0.0 0.0 0.0 0.051 0.590 0.590 0.590 2.0 0.279 0.077 0.034
0.0 0.0 0.0 1.0 0.0 0.0 0.0 0.0 0.0 0.0 0.590 0.051 0.051 0.051 2.0 0.132 0.962 0.034
0.0 0.0 0.0 1.0 0.0 0.0 0.0 0.0 0.0 0.0 0.538 0.103 0.103 0.103 3.0 0.279 0.962 0.034
0.0 0.0 0.0 1.0 0.0 0.0 0.0 0.0 0.0 0.0 0.154 0.436 0.436 0.436 2.0 0.191 0.346 0.034
0.0 0.0 0.0 0.0 1.0 0.0 0.0 0.0 0.0 0.0 0.077 0.513 0.513 0.513 2.0 0.221 0.115 0.034
0.0 0.0 0.0 0.0 1.0 0.0 0.0 0.0 0.0 0.0 0.564 0.026 0.026 0.026 2.0 0.206 0.962 0.034
0.0 0.0 0.0 0.0 1.0 0.0 0.0 0.0 1.0 0.0 0.077 0.641 0.923 0.721 2.0 0.309 0.115 0.310
0.0 0.0 0.0 1.0 0.0 0.0 0.0 0.0 0.0 0.0 0.128 0.590 0.872 0.670 2.0 0.426 0.308 0.310
0.0 0.0 0.0 0.0 1.0 0.0 0.0 0.0 0.0 0.0 0.538 0.179 0.462 0.259 2.0 0.441 0.923 0.310
0.0 0.0 0.0 1.0 0.0 0.0 0.0 0.0 0.0 0.0 0.974 0.026 0.026 0.026 2.0 0.235 0.962 0.034
0.0 0.0 0.0 1.0 0.0 0.0 0.0 0.0 1.0 0.0 0.590 0.410 0.410 0.410 2.0 0.279 0.962 0.034
0.0 0.0 0.0 1.0 0.0 0.0 0.0 0.0 0.0 0.0 0.846 0.026 0.026 0.026 2.0 0.250 0.962 0.034
0.0 0.0 0.0 1.0 0.0 0.0 0.0 0.0 1.0 0.0 0.590 0.282 0.282 0.282 2.0 0.279 0.962 0.034
0.0 0.0 0.0 1.0 0.0 0.0 0.0 0.0 1.0 0.0 0.667 0.128 0.128 0.128 2.0 0.162 0.962 0.034
0.0 0.0 0.0 1.0 0.0 0.0 0.0 0.0 0.0 0.0 0.769 0.026 0.026 0.026 2.0 0.265 0.962 0.034
0.0 0.0 0.0 1.0 0.0 0.0 0.0 0.0 1.0 0.0 0.590 0.205 0.205 0.205 2.0 0.294 0.962 0.034
0.0 0.0 0.0 1.0 0.0 0.0 0.0 0.0 1.0 0.0 0.692 0.077 0.077 0.077 2.0 0.162 0.962 0.034
0.0 0.0 0.0 1.0 0.0 0.0 0.0 0.0 1.0 0.0 0.667 0.103 0.103 0.103 2.0 0.162 0.962 0.034
0.0 0.0 0.0 1.0 0.0 0.0 0.0 0.0 0.0 0.0 0.718 0.051 0.051 0.051 2.0 0.309 0.962 0.034
0.0 0.0 0.0 1.0 0.0 0.0 0.0 0.0 1.0 0.0 0.615 0.154 0.154 0.154 2.0 0.176 0.962 0.034
0.0 1.0 0.0 0.0 0.0 0.0 0.0 0.0 0.0 0.0 0.615 0.154 0.154 0.154 1.0 0.103 0.962 0.034
0.0 0.0 0.0 1.0 0.0 0.0 0.0 0.0 1.0 0.0 0.590 0.179 0.179 0.179 2.0 0.279 0.962 0.034
0.0 0.0 0.0 1.0 0.0 0.0 0.0 0.0 1.0 0.0 0.692 0.051 0.051 0.051 2.0 0.162 0.962 0.034
0.0 0.0 0.0 1.0 0.0 0.0 0.0 0.0 1.0 0.0 0.667 0.077 0.077 0.077 2.0 0.162 0.962 0.034
0.0 0.0 0.0 1.0 0.0 0.0 0.0 0.0 0.0 0.0 0.667 0.077 0.077 0.077 2.0 0.309 0.962 0.034
0.0 0.0 0.0 1.0 0.0 0.0 0.0 0.0 1.0 0.0 0.615 0.128 0.128 0.128 2.0 0.176 0.962 0.034
0.0 0.0 0.0 1.0 0.0 0.0 0.0 0.0 1.0 0.0 0.590 0.154 0.154 0.154 2.0 0.309 0.962 0.034
0.0 1.0 0.0 0.0 0.0 0.0 0.0 0.0 0.0 0.0 0.718 0.077 0.077 0.077 1.0 0.088 0.962 0.034
0.0 0.0 0.0 1.0 0.0 0.0 0.0 0.0 1.0 0.0 0.692 0.103 0.103 0.103 2.0 0.147 0.962 0.034
0.0 0.0 0.0 1.0 0.0 0.0 0.0 0.0 1.0 0.0 0.667 0.128 0.128 0.128 2.0 0.162 0.962 0.034
0.0 0.0 0.0 1.0 0.0 0.0 0.0 0.0 0.0 0.0 0.615 0.179 0.179 0.179 2.0 0.324 0.962 0.034
0.0 0.0 0.0 1.0 0.0 0.0 0.0 0.0 1.0 0.0 0.615 0.179 0.179 0.179 2.0 0.191 0.962 0.034
0.0 0.0 0.0 1.0 0.0 0.0 0.0 0.0 1.0 0.0 0.590 0.205 0.205 0.205 2.0 0.324 0.962 0.034
0.0 0.0 0.0 1.0 0.0 0.0 0.0 0.0 1.0 0.0 0.692 0.051 0.051 0.051 2.0 0.162 0.962 0.034
0.0 0.0 0.0 1.0 0.0 0.0 0.0 0.0 1.0 0.0 0.667 0.077 0.077 0.077 2.0 0.162 0.962 0.034
0.0 0.0 0.0 1.0 0.0 0.0 0.0 0.0 0.0 0.0 0.615 0.128 0.128 0.128 2.0 0.294 0.962 0.034
0.0 0.0 0.0 1.0 0.0 0.0 0.0 0.0 1.0 0.0 0.615 0.128 0.128 0.128 2.0 0.176 0.962 0.034
0.0 0.0 0.0 1.0 0.0 0.0 0.0 0.0 1.0 0.0 0.590 0.154 0.154 0.154 2.0 0.309 0.962 0.034
0.0 0.0 0.0 1.0 0.0 0.0 0.0 0.0 1.0 0.0 0.692 0.051 0.051 0.051 2.0 0.162 0.962 0.034
0.0 1.0 0.0 0.0 0.0 0.0 0.0 0.0 0.0 0.0 0.692 0.051 0.051 0.051 1.0 0.088 0.962 0.034
0.0 0.0 0.0 1.0 0.0 0.0 0.0 0.0 1.0 0.0 0.667 0.077 0.077 0.077 2.0 0.147 0.962 0.034
0.0 0.0 0.0 1.0 0.0 0.0 0.0 0.0 0.0 0.0 0.615 0.128 0.128 0.128 2.0 0.309 0.962 0.034
0.0 0.0 0.0 1.0 0.0 0.0 0.0 0.0 1.0 0.0 0.615 0.128 0.128 0.128 2.0 0.176 0.962 0.034
0.0 0.0 0.0 1.0 0.0 0.0 0.0 0.0 1.0 0.0 0.590 0.154 0.154 0.154 2.0 0.309 0.962 0.034
0.0 0.0 0.0 1.0 0.0 0.0 0.0 0.0 1.0 0.0 0.692 0.026 0.026 0.026 2.0 0.176 0.962 0.034
0.0 0.0 0.0 1.0 0.0 0.0 0.0 0.0 0.0 0.0 0.615 0.103 0.103 0.103 2.0 0.309 0.962 0.034
0.0 0.0 0.0 1.0 0.0 0.0 0.0 0.0 1.0 0.0 0.615 0.103 0.103 0.103 2.0 0.176 0.962 0.034
0.0 0.0 0.0 1.0 0.0 0.0 0.0 0.0 1.0 0.0 0.590 0.128 0.128 0.128 2.0 0.309 0.962 0.034
0.0 0.0 0.0 1.0 0.0 0.0 0.0 0.0 0.0 0.0 0.718 0.026 0.026 0.026 2.0 0.250 0.962 0.034
0.0 0.0 0.0 1.0 0.0 0.0 0.0 0.0 1.0 0.0 0.590 0.154 0.154 0.154 2.0 0.162 0.962 0.034
0.0 1.0 0.0 0.0 0.0 0.0 0.0 0.0 0.0 0.0 0.103 0.641 0.641 0.641 1.0 0.088 0.154 0.034
0.0 0.0 1.0 0.0 0.0 0.0 0.0 0.0 1.0 0.0 0.077 0.667 0.667 0.667 2.0 0.206 0.154 0.034
0.0 1.0 0.0 0.0 0.0 0.0 0.0 0.0 0.0 0.0 0.692 0.051 0.051 0.051 1.0 0.118 0.962 0.034
0.0 0.0 1.0 0.0 0.0 0.0 0.0 0.0 0.0 0.0 0.667 0.077 0.077 0.077 2.0 0.235 0.962 0.034
0.0 1.0 0.0 0.0 0.0 0.0 0.0 0.0 0.0 0.0 0.615 0.128 0.128 0.128 1.0 0.103 0.962 0.034
0.0 0.0 0.0 1.0 0.0 0.0 0.0 0.0 1.0 0.0 0.590 0.154 0.154 0.154 2.0 0.147 0.962 0.034
0.0 0.0 0.0 1.0 0.0 0.0 0.0 0.0 1.0 0.0 0.077 0.667 0.667 0.667 2.0 0.235 0.154 0.034
0.0 0.0 0.0 1.0 0.0 0.0 0.0 0.0 0.0 0.0 0.615 0.026 0.026 0.026 2.0 0.250 0.962 0.034
0.0 1.0 0.0 0.0 0.0 0.0 0.0 0.0 0.0 0.0 0.615 0.026 0.026 0.026 1.0 0.088 0.962 0.034
0.0 0.0 0.0 1.0 0.0 0.0 0.0 0.0 1.0 0.0 0.590 0.051 0.051 0.051 2.0 0.147 0.962 0.034
0.0 1.0 0.0 0.0 0.0 0.0 0.0 0.0 0.0 0.0 0.103 0.538 0.538 0.538 1.0 0.088 0.154 0.034
0.0 0.0 0.0 1.0 0.0 0.0 0.0 0.0 1.0 0.0 0.077 0.564 0.564 0.564 2.0 0.206 0.154 0.034
0.0 0.0 0.0 1.0 0.0 0.0 0.0 0.0 0.0 0.0 0.590 0.051 0.051 0.051 2.0 0.250 0.962 0.034
0.0 0.0 0.0 1.0 0.0 0.0 0.0 0.0 1.0 0.0 0.590 0.051 0.051 0.051 2.0 0.176 0.962 0.034
0.0 0.0 0.0 1.0 0.0 0.0 0.0 0.0 1.0 0.0 0.077 0.564 0.564 0.564 2.0 0.235 0.154 0.034
0.0 0.0 0.0 1.0 0.0 0.0 0.0 0.0 0.0 0.0 0.590 0.026 0.026 0.026 2.0 0.250 0.962 0.034
0.0 0.0 0.0 1.0 0.0 0.0 0.0 0.0 1.0 0.0 0.590 0.026 0.026 0.026 2.0 0.162 0.962 0.034
0.0 0.0 0.0 1.0 0.0 0.0 0.0 0.0 1.0 0.0 0.077 0.538 0.538 0.538 2.0 0.221 0.154 0.034
0.0 0.0 0.0 1.0 0.0 0.0 0.0 0.0 0.0 0.0 0.590 0.026 0.026 0.026 2.0 0.250 0.962 0.034
0.0 0.0 0.0 1.0 0.0 0.0 0.0 0.0 1.0 0.0 0.590 0.026 0.026 0.026 2.0 0.162 0.962 0.034
0.0 1.0 0.0 0.0 0.0 0.0 0.0 0.0 0.0 0.0 0.103 0.513 0.513 0.513 1.0 0.088 0.154 0.034
0.0 0.0 0.0 1.0 0.0 0.0 0.0 0.0 1.0 0.0 0.077 0.538 0.538 0.538 2.0 0.206 0.154 0.034
0.0 0.0 0.0 1.0 0.0 0.0 0.0 0.0 0.0 0.0 0.077 0.513 0.667 0.573 2.0 0.485 0.154 0.207
0.0 0.0 0.0 1.0 0.0 0.0 0.0 0.0 0.0 0.0 0.128 0.026 0.615 0.451 2.0 0.353 0.346 0.241
0.0 0.0 0.0 1.0 0.0 0.0 0.0 0.0 0.0 0.0 0.718 0.026 0.026 0.026 2.0 0.250 0.962 0.034
0.0 1.0 0.0 0.0 0.0 0.0 0.0 0.0 0.0 0.0 0.205 0.538 0.538 0.538 1.0 0.074 0.423 0.034
0.0 0.0 0.0 1.0 0.0 0.0 0.0 0.0 1.0 0.0 0.179 0.564 0.564 0.564 2.0 0.176 0.423 0.034
0.0 0.0 0.0 1.0 0.0 0.0 0.0 0.0 0.0 0.0 0.667 0.026 0.026 0.026 2.0 0.250 0.962 0.034
0.0 0.0 0.0 1.0 0.0 0.0 0.0 0.0 1.0 0.0 0.179 0.513 0.513 0.513 2.0 0.176 0.423 0.034
0.0 1.0 0.0 0.0 0.0 0.0 0.0 0.0 0.0 0.0 0.641 0.026 0.026 0.026 1.0 0.088 0.962 0.034
0.0 0.0 1.0 0.0 0.0 0.0 0.0 0.0 0.0 0.0 0.615 0.051 0.051 0.051 2.0 0.250 0.962 0.034
0.0 0.0 0.0 1.0 0.0 0.0 0.0 0.0 1.0 0.0 0.179 0.487 0.487 0.487 2.0 0.176 0.423 0.034
0.0 0.0 0.0 1.0 0.0 0.0 0.0 0.0 0.0 0.0 0.564 0.026 0.026 0.026 2.0 0.235 0.962 0.034
0.0 1.0 0.0 0.0 0.0 0.0 0.0 0.0 0.0 0.0 0.205 0.385 0.385 0.385 1.0 0.074 0.423 0.034
0.0 0.0 0.0 1.0 0.0 0.0 0.0 0.0 1.0 0.0 0.179 0.410 0.410 0.410 2.0 0.176 0.423 0.034
0.0 1.0 0.0 0.0 0.0 0.0 0.0 0.0 0.0 0.0 0.590 0.026 0.026 0.026 1.0 0.088 0.962 0.034
0.0 0.0 1.0 0.0 0.0 0.0 0.0 0.0 0.0 0.0 0.564 0.051 0.051 0.051 2.0 0.250 0.962 0.034
0.0 0.0 0.0 1.0 0.0 0.0 0.0 0.0 1.0 0.0 0.179 0.436 0.436 0.436 2.0 0.176 0.423 0.034
0.0 0.0 0.0 1.0 0.0 0.0 0.0 0.0 0.0 0.0 0.564 0.026 0.026 0.026 2.0 0.250 0.962 0.034
0.0 0.0 0.0 1.0 0.0 0.0 0.0 0.0 1.0 0.0 0.179 0.410 0.410 0.410 2.0 0.176 0.423 0.034
0.0 0.0 0.0 1.0 0.0 0.0 0.0 0.0 1.0 0.0 0.103 0.487 0.897 0.606 2.0 0.235 0.154 0.793
0.0 1.0 0.0 0.0 0.0 0.0 0.0 0.0 0.0 0.0 0.179 0.410 0.821 0.530 1.0 0.088 0.308 0.793
0.0 0.0 0.0 1.0 0.0 0.0 0.0 0.0 1.0 0.0 0.154 0.436 0.846 0.555 2.0 0.162 0.308 0.793
0.0 0.0 0.0 1.0 0.0 0.0 0.0 0.0 1.0 0.0 0.103 0.487 0.897 0.606 2.0 0.265 0.154 0.793
0.0 0.0 0.0 1.0 0.0 0.0 0.0 0.0 1.0 0.0 0.154 0.436 0.846 0.555 2.0 0.206 0.308 0.793
0.0 0.0 0.0 1.0 0.0 0.0 0.0 0.0 1.0 0.0 0.103 0.487 0.897 0.606 2.0 0.250 0.154 0.793
0.0 0.0 0.0 1.0 0.0 0.0 0.0 0.0 1.0 0.0 0.154 0.436 0.846 0.555 2.0 0.191 0.308 0.793
0.0 0.0 0.0 1.0 0.0 0.0 0.0 0.0 1.0 0.0 0.103 0.487 0.897 0.606 2.0 0.250 0.154 0.793
0.0 0.0 0.0 1.0 0.0 0.0 0.0 0.0 1.0 0.0 0.154 0.436 0.846 0.555 2.0 0.191 0.308 0.793
0.0 0.0 0.0 1.0 0.0 0.0 0.0 0.0 1.0 0.0 0.103 0.487 0.897 0.606 2.0 0.235 0.154 0.793
0.0 1.0 0.0 0.0 0.0 0.0 0.0 0.0 0.0 0.0 0.179 0.410 0.821 0.530 1.0 0.088 0.308 0.793
0.0 0.0 1.0 0.0 0.0 0.0 0.0 0.0 1.0 0.0 0.154 0.436 0.846 0.555 2.0 0.162 0.308 0.793
0.0 0.0 0.0 1.0 0.0 0.0 0.0 0.0 1.0 0.0 0.103 0.487 0.897 0.606 2.0 0.250 0.154 0.793
0.0 0.0 0.0 1.0 0.0 0.0 0.0 0.0 1.0 0.0 0.154 0.436 0.846 0.555 2.0 0.191 0.308 0.793
0.0 0.0 0.0 1.0 0.0 0.0 0.0 0.0 1.0 0.0 0.026 0.564 0.974 0.683 2.0 0.074 0.077 0.793
0.0 0.0 0.0 1.0 0.0 0.0 0.0 0.0 1.0 0.0 0.026 0.564 0.974 0.683 2.0 0.074 0.077 0.793
0.0 1.0 0.0 0.0 0.0 0.0 0.0 0.0 0.0 0.0 0.051 0.538 0.949 0.658 1.0 0.088 0.077 0.793
0.0 0.0 0.0 1.0 0.0 0.0 0.0 0.0 1.0 0.0 0.026 0.564 0.974 0.683 2.0 0.044 0.077 0.793
0.0 0.0 0.0 1.0 0.0 0.0 0.0 0.0 1.0 0.0 0.026 0.564 0.974 0.683 2.0 0.088 0.077 0.793
0.0 0.0 0.0 1.0 0.0 0.0 0.0 0.0 1.0 0.0 0.026 0.564 0.974 0.683 2.0 0.074 0.077 0.793
0.0 0.0 0.0 1.0 0.0 0.0 0.0 0.0 0.0 0.0 0.154 0.436 0.846 0.564 3.0 0.574 0.231 0.724
0.0 0.0 0.0 1.0 0.0 0.0 0.0 0.0 1.0 0.0 0.179 0.564 0.821 0.641 2.0 0.250 0.269 0.207
0.0 0.0 0.0 0.0 1.0 0.0 0.0 0.0 0.0 0.0 0.077 0.667 0.923 0.744 2.0 0.250 0.192 0.207
0.0 0.0 0.0 1.0 0.0 0.0 0.0 0.0 1.0 0.0 0.179 0.513 0.821 0.610 2.0 0.265 0.269 0.310
0.0 0.0 0.0 0.0 1.0 0.0 0.0 0.0 0.0 0.0 0.077 0.615 0.923 0.712 2.0 0.235 0.192 0.310
0.0 0.0 0.0 1.0 0.0 0.0 0.0 0.0 1.0 0.0 0.179 0.462 0.821 0.588 2.0 0.265 0.269 0.414
0.0 1.0 0.0 0.0 0.0 0.0 0.0 0.0 0.0 0.0 0.103 0.538 0.897 0.665 1.0 0.132 0.192 0.414
0.0 0.0 0.0 0.0 0.0 1.0 0.0 0.0 0.0 0.0 0.077 0.564 0.923 0.690 2.0 0.235 0.192 0.414
0.0 0.0 0.0 1.0 0.0 0.0 0.0 0.0 1.0 0.0 0.179 0.410 0.821 0.566 2.0 0.279 0.269 0.517
0.0 0.0 0.0 0.0 1.0 0.0 0.0 0.0 0.0 0.0 0.077 0.513 0.923 0.668 2.0 0.279 0.192 0.517
0.0 0.0 0.0 1.0 0.0 0.0 0.0 0.0 1.0 0.0 0.179 0.410 0.821 0.551 2.0 0.265 0.269 0.621
0.0 0.0 0.0 1.0 0.0 0.0 0.0 0.0 1.0 0.0 0.179 0.410 0.821 0.538 2.0 0.279 0.269 0.724
0.0 0.0 0.0 0.0 1.0 0.0 0.0 0.0 0.0 0.0 0.077 0.513 0.923 0.641 2.0 0.279 0.192 0.724
0.0 0.0 0.0 1.0 0.0 0.0 0.0 0.0 1.0 0.0 0.154 0.846 0.846 0.846 2.0 0.176 0.308 0.034
0.0 0.0 0.0 1.0 0.0 0.0 0.0 0.0 1.0 0.0 0.154 0.718 0.846 0.782 2.0 0.176 0.308 0.069
0.0 1.0 0.0 0.0 0.0 0.0 0.0 0.0 0.0 0.0 0.179 0.615 0.821 0.709 1.0 0.103 0.308 0.103
0.0 0.0 0.0 1.0 0.0 0.0 0.0 0.0 1.0 0.0 0.154 0.641 0.846 0.735 2.0 0.147 0.308 0.103
0.0 0.0 0.0 0.0 1.0 0.0 0.0 0.0 1.0 0.0 0.154 0.436 0.846 0.564 2.0 0.294 0.269 0.724
0.0 0.0 0.0 1.0 0.0 0.0 0.0 0.0 1.0 0.0 0.179 0.564 0.821 0.641 2.0 0.206 0.308 0.207
0.0 0.0 0.0 1.0 0.0 0.0 0.0 0.0 1.0 0.0 0.179 0.410 0.821 0.530 2.0 0.279 0.346 0.793
0.0 0.0 0.0 0.0 1.0 0.0 0.0 0.0 0.0 0.0 0.077 0.667 0.923 0.744 2.0 0.309 0.192 0.207
0.0 1.0 0.0 0.0 0.0 0.0 0.0 0.0 0.0 0.0 0.205 0.487 0.795 0.584 1.0 0.118 0.308 0.310
0.0 0.0 1.0 0.0 0.0 0.0 0.0 0.0 1.0 0.0 0.179 0.513 0.821 0.610 2.0 0.147 0.308 0.310
0.0 0.0 0.0 1.0 0.0 0.0 0.0 0.0 1.0 0.0 0.179 0.410 0.821 0.530 2.0 0.265 0.346 0.793
0.0 0.0 0.0 0.0 1.0 0.0 0.0 0.0 0.0 0.0 0.077 0.615 0.923 0.712 2.0 0.265 0.192 0.310
0.0 0.0 0.0 1.0 0.0 0.0 0.0 0.0 1.0 0.0 0.179 0.462 0.821 0.588 2.0 0.206 0.308 0.414
0.0 0.0 0.0 1.0 0.0 0.0 0.0 0.0 1.0 0.0 0.179 0.410 0.821 0.530 2.0 0.279 0.346 0.793
0.0 0.0 0.0 0.0 1.0 0.0 0.0 0.0 0.0 0.0 0.077 0.564 0.923 0.690 2.0 0.324 0.192 0.414
0.0 0.0 0.0 1.0 0.0 0.0 0.0 0.0 1.0 0.0 0.179 0.410 0.821 0.566 2.0 0.206 0.308 0.517
0.0 0.0 0.0 1.0 0.0 0.0 0.0 0.0 1.0 0.0 0.179 0.410 0.821 0.530 2.0 0.279 0.346 0.793
0.0 0.0 0.0 0.0 1.0 0.0 0.0 0.0 0.0 0.0 0.077 0.513 0.923 0.668 2.0 0.324 0.192 0.517
0.0 0.0 0.0 1.0 0.0 0.0 0.0 0.0 1.0 0.0 0.179 0.410 0.821 0.551 2.0 0.206 0.308 0.621
0.0 0.0 0.0 1.0 0.0 0.0 0.0 0.0 1.0 0.0 0.179 0.410 0.821 0.530 2.0 0.294 0.346 0.793
0.0 0.0 0.0 1.0 0.0 0.0 0.0 0.0 1.0 0.0 0.179 0.410 0.821 0.538 2.0 0.206 0.308 0.724
0.0 0.0 0.0 1.0 0.0 0.0 0.0 0.0 1.0 0.0 0.179 0.410 0.821 0.530 2.0 0.279 0.346 0.793
0.0 0.0 0.0 0.0 1.0 0.0 0.0 0.0 0.0 0.0 0.077 0.513 0.923 0.641 2.0 0.309 0.192 0.724
0.0 0.0 0.0 1.0 0.0 0.0 0.0 0.0 0.0 0.0 0.051 0.538 0.949 0.667 2.0 0.441 0.077 0.724
0.0 0.0 0.0 0.0 1.0 0.0 0.0 0.0 1.0 0.0 0.051 0.538 0.949 0.667 2.0 0.368 0.077 0.724
0.0 0.0 0.0 0.0 1.0 0.0 0.0 0.0 1.0 0.0 0.051 0.103 0.949 0.635 2.0 0.176 0.077 0.828
0.0 0.0 0.0 1.0 0.0 0.0 0.0 0.0 1.0 0.0 0.051 0.103 0.949 0.635 2.0 0.176 0.077 0.828
0.0 0.0 0.0 0.0 1.0 0.0 0.0 0.0 1.0 0.0 0.051 0.103 0.949 0.635 2.0 0.176 0.077 0.828
0.0 0.0 0.0 0.0 1.0 0.0 0.0 0.0 1.0 0.0 0.051 0.103 0.949 0.635 2.0 0.176 0.077 0.828
0.0 0.0 0.0 0.0 1.0 0.0 0.0 0.0 1.0 0.0 0.051 0.103 0.949 0.635 2.0 0.162 0.077 0.828
0.0 0.0 0.0 0.0 1.0 0.0 0.0 0.0 1.0 0.0 0.051 0.103 0.949 0.635 2.0 0.176 0.077 0.828
0.0 1.0 0.0 0.0 0.0 0.0 0.0 0.0 0.0 0.0 0.077 0.026 0.026 0.026 1.0 0.088 0.077 0.034
0.0 0.0 0.0 0.0 0.0 1.0 0.0 0.0 1.0 0.0 0.051 0.051 0.051 0.051 2.0 0.147 0.077 0.034
0.0 0.0 0.0 1.0 0.0 0.0 0.0 0.0 1.0 0.0 0.077 0.026 0.026 0.026 2.0 0.147 0.115 0.034
0.0 0.0 0.0 1.0 0.0 0.0 0.0 0.0 1.0 0.0 0.615 0.026 0.026 0.026 2.0 0.118 0.962 0.034
0.0 1.0 0.0 0.0 0.0 0.0 0.0 0.0 0.0 0.0 0.103 0.538 0.538 0.538 1.0 0.103 0.154 0.034
0.0 0.0 0.0 0.0 1.0 0.0 0.0 0.0 1.0 0.0 0.077 0.564 0.564 0.564 3.0 0.147 0.154 0.034
0.0 0.0 0.0 1.0 0.0 0.0 0.0 0.0 1.0 0.0 0.051 0.538 0.538 0.538 3.0 0.221 0.115 0.034
0.0 0.0 0.0 0.0 1.0 0.0 0.0 0.0 0.0 0.0 0.077 0.513 0.513 0.513 2.0 0.250 0.115 0.034
0.0 0.0 0.0 0.0 1.0 0.0 0.0 0.0 0.0 0.0 0.077 0.026 0.026 0.026 2.0 0.309 0.154 0.034
0.0 0.0 0.0 1.0 0.0 0.0 0.0 0.0 1.0 0.0 0.077 0.026 0.026 0.026 2.0 0.235 0.154 0.034
0.0 0.0 0.0 0.0 1.0 0.0 0.0 0.0 0.0 0.0 0.077 0.026 0.026 0.026 2.0 0.279 0.154 0.034
0.0 0.0 0.0 1.0 0.0 0.0 0.0 0.0 1.0 0.0 0.077 0.026 0.026 0.026 2.0 0.235 0.154 0.034
0.0 0.0 0.0 0.0 1.0 0.0 0.0 0.0 0.0 0.0 0.077 0.026 0.026 0.026 2.0 0.324 0.154 0.034
0.0 0.0 0.0 1.0 0.0 0.0 0.0 0.0 1.0 0.0 0.077 0.026 0.026 0.026 2.0 0.235 0.154 0.034
0.0 1.0 0.0 0.0 0.0 0.0 0.0 0.0 0.0 0.0 0.103 0.051 0.051 0.051 1.0 0.103 0.154 0.034
0.0 0.0 0.0 0.0 0.0 1.0 0.0 0.0 0.0 0.0 0.077 0.077 0.077 0.077 2.0 0.338 0.154 0.034
0.0 0.0 0.0 1.0 0.0 0.0 0.0 0.0 1.0 0.0 0.077 0.077 0.077 0.077 2.0 0.265 0.154 0.034
0.0 1.0 0.0 0.0 0.0 0.0 0.0 0.0 0.0 0.0 0.103 0.051 0.051 0.051 1.0 0.103 0.154 0.034
0.0 0.0 0.0 0.0 0.0 1.0 0.0 0.0 0.0 0.0 0.077 0.077 0.077 0.077 2.0 0.338 0.154 0.034
0.0 0.0 0.0 1.0 0.0 0.0 0.0 0.0 1.0 0.0 0.077 0.077 0.077 0.077 2.0 0.265 0.154 0.034
0.0 0.0 0.0 0.0 1.0 0.0 0.0 0.0 0.0 0.0 0.077 0.026 0.026 0.026 2.0 0.309 0.154 0.034
0.0 0.0 0.0 1.0 0.0 0.0 0.0 0.0 1.0 0.0 0.077 0.026 0.026 0.026 2.0 0.235 0.154 0.034
0.0 1.0 0.0 0.0 0.0 0.0 0.0 0.0 1.0 0.0 0.026 0.077 0.974 0.637 1.0 0.191 0.038 0.862
0.0 0.0 0.0 1.0 0.0 0.0 0.0 0.0 0.0 0.0 0.179 0.410 0.821 0.530 2.0 0.176 0.154 0.793
0.0 0.0 0.0 0.0 1.0 0.0 0.0 0.0 0.0 0.0 0.103 0.487 0.897 0.606 2.0 0.162 0.154 0.793
0.0 0.0 1.0 0.0 0.0 0.0 0.0 0.0 0.0 0.0 0.821 0.051 0.051 0.051 2.0 0.147 0.923 0.034
0.0 1.0 0.0 0.0 0.0 0.0 0.0 0.0 0.0 0.0 0.949 0.051 0.051 0.051 1.0 0.103 0.962 0.034
0.0 0.0 0.0 1.0 0.0 0.0 0.0 0.0 0.0 0.0 0.923 0.077 0.077 0.077 2.0 0.132 0.962 0.034
0.0 1.0 0.0 0.0 0.0 0.0 0.0 0.0 0.0 0.0 0.103 0.487 0.897 0.615 1.0 0.750 0.192 0.724
0.0 1.0 0.0 0.0 0.0 0.0 0.0 0.0 0.0 0.0 0.205 0.667 0.795 0.731 1.0 0.132 0.269 0.069
0.0 1.0 0.0 0.0 0.0 0.0 0.0 0.0 0.0 0.0 0.231 0.359 0.769 0.487 1.0 0.162 0.423 0.724
0.0 1.0 0.0 0.0 0.0 0.0 0.0 0.0 0.0 0.0 0.231 0.359 0.769 0.500 1.0 0.147 0.308 0.621
0.0 1.0 0.0 0.0 0.0 0.0 0.0 0.0 0.0 0.0 0.231 0.359 0.769 0.515 1.0 0.162 0.269 0.517
0.0 1.0 0.0 0.0 0.0 0.0 0.0 0.0 0.0 0.0 0.231 0.410 0.769 0.536 1.0 0.176 0.308 0.414
0.0 1.0 0.0 0.0 0.0 0.0 0.0 0.0 0.0 0.0 0.231 0.462 0.769 0.558 1.0 0.176 0.346 0.310
0.0 1.0 0.0 0.0 0.0 0.0 0.0 0.0 0.0 0.0 0.231 0.513 0.769 0.590 1.0 0.132 0.308 0.207
0.0 1.0 0.0 0.0 0.0 0.0 0.0 0.0 0.0 0.0 0.205 0.590 0.795 0.684 1.0 0.147 0.269 0.103
0.0 0.0 0.0 0.0 0.0 1.0 0.0 0.0 0.0 0.0 0.744 0.128 0.256 0.192 2.0 0.279 0.923 0.069
0.0 0.0 1.0 0.0 0.0 0.0 0.0 0.0 0.0 0.0 0.718 0.154 0.282 0.218 2.0 0.250 0.885 0.069
0.0 0.0 0.0 1.0 0.0 0.0 0.0 0.0 0.0 0.0 0.436 0.154 0.282 0.205 2.0 0.235 0.462 0.103
0.0 0.0 0.0 1.0 0.0 0.0 0.0 0.0 0.0 0.0 0.744 0.051 0.051 0.051 2.0 0.162 0.885 0.034
0.0 0.0 0.0 1.0 0.0 0.0 0.0 0.0 0.0 0.0 0.692 0.051 0.077 0.060 2.0 0.250 0.846 0.103
0.0 0.0 0.0 1.0 0.0 0.0 0.0 0.0 0.0 0.0 0.641 0.051 0.103 0.085 2.0 0.250 0.769 0.103
0.0 0.0 0.0 1.0 0.0 0.0 0.0 0.0 0.0 0.0 0.590 0.051 0.205 0.111 2.0 0.250 0.692 0.103
0.0 1.0 0.0 0.0 0.0 0.0 0.0 0.0 0.0 0.0 0.538 0.051 0.205 0.120 1.0 0.191 0.615 0.103
0.0 0.0 0.0 1.0 0.0 0.0 0.0 0.0 0.0 0.0 0.513 0.077 0.231 0.145 2.0 0.176 0.615 0.103
0.0 0.0 0.0 1.0 0.0 0.0 0.0 0.0 0.0 0.0 0.462 0.154 0.282 0.197 2.0 0.250 0.538 0.103
0.0 1.0 0.0 0.0 0.0 0.0 0.0 0.0 0.0 0.0 0.205 0.795 0.795 0.795 1.0 0.132 0.346 0.034
0.0 1.0 0.0 0.0 0.0 0.0 0.0 0.0 0.0 0.0 0.205 0.667 0.795 0.731 1.0 0.132 0.346 0.069
0.0 1.0 0.0 0.0 0.0 0.0 0.0 0.0 0.0 0.0 0.231 0.359 0.769 0.487 1.0 0.162 0.462 0.724
0.0 1.0 0.0 0.0 0.0 0.0 0.0 0.0 0.0 0.0 0.231 0.359 0.769 0.500 1.0 0.162 0.462 0.621
0.0 1.0 0.0 0.0 0.0 0.0 0.0 0.0 0.0 0.0 0.231 0.359 0.769 0.515 1.0 0.162 0.462 0.517
0.0 1.0 0.0 0.0 0.0 0.0 0.0 0.0 0.0 0.0 0.231 0.410 0.769 0.536 1.0 0.162 0.462 0.414
0.0 1.0 0.0 0.0 0.0 0.0 0.0 0.0 0.0 0.0 0.282 0.410 0.718 0.507 1.0 0.118 0.462 0.310
0.0 1.0 0.0 0.0 0.0 0.0 0.0 0.0 0.0 0.0 0.231 0.513 0.769 0.590 1.0 0.162 0.462 0.207
0.0 1.0 0.0 0.0 0.0 0.0 0.0 0.0 0.0 0.0 0.231 0.564 0.769 0.658 1.0 0.132 0.346 0.103
0.0 0.0 0.0 1.0 0.0 0.0 0.0 0.0 0.0 0.0 0.667 0.128 0.333 0.222 2.0 0.250 0.846 0.103
0.0 0.0 0.0 1.0 0.0 0.0 0.0 0.0 0.0 0.0 0.615 0.128 0.385 0.205 2.0 0.235 0.769 0.207
0.0 0.0 0.0 1.0 0.0 0.0 0.0 0.0 0.0 0.0 0.564 0.128 0.436 0.225 2.0 0.250 0.692 0.310
0.0 0.0 0.0 1.0 0.0 0.0 0.0 0.0 0.0 0.0 0.513 0.128 0.487 0.254 2.0 0.235 0.615 0.414
0.0 0.0 0.0 1.0 0.0 0.0 0.0 0.0 0.0 0.0 0.436 0.154 0.564 0.309 2.0 0.235 0.538 0.517
0.0 0.0 0.0 1.0 0.0 0.0 0.0 0.0 0.0 0.0 0.385 0.205 0.615 0.346 2.0 0.221 0.462 0.621
0.0 1.0 0.0 0.0 0.0 0.0 0.0 0.0 0.0 0.0 0.359 0.231 0.359 0.282 1.0 0.132 0.462 0.103
0.0 0.0 0.0 1.0 0.0 0.0 0.0 0.0 0.0 0.0 0.333 0.256 0.385 0.308 2.0 0.162 0.462 0.103
0.0 0.0 1.0 0.0 0.0 0.0 0.0 0.0 0.0 0.0 0.282 0.590 0.718 0.654 2.0 0.294 0.346 0.069
0.0 1.0 0.0 0.0 0.0 0.0 0.0 0.0 0.0 0.0 0.308 0.282 0.692 0.410 1.0 0.162 0.462 0.724
0.0 0.0 0.0 1.0 0.0 0.0 0.0 0.0 0.0 0.0 0.282 0.308 0.718 0.436 3.0 0.176 0.462 0.724
0.0 0.0 0.0 1.0 0.0 0.0 0.0 0.0 0.0 0.0 0.308 0.282 0.692 0.410 2.0 0.265 0.462 0.724
0.0 1.0 0.0 0.0 0.0 0.0 0.0 0.0 0.0 0.0 0.359 0.231 0.641 0.372 1.0 0.132 0.462 0.621
0.0 0.0 0.0 1.0 0.0 0.0 0.0 0.0 0.0 0.0 0.333 0.256 0.667 0.397 2.0 0.324 0.462 0.621
0.0 1.0 0.0 0.0 0.0 0.0 0.0 0.0 0.0 0.0 0.410 0.205 0.333 0.248 1.0 0.147 0.462 0.103
0.0 1.0 0.0 0.0 0.0 0.0 0.0 0.0 0.0 0.0 0.308 0.282 0.692 0.423 1.0 0.206 0.462 0.621
0.0 0.0 1.0 0.0 0.0 0.0 0.0 0.0 0.0 0.0 0.282 0.308 0.718 0.449 3.0 0.191 0.462 0.621
0.0 1.0 0.0 0.0 0.0 0.0 0.0 0.0 0.0 0.0 0.359 0.231 0.641 0.372 1.0 0.221 0.462 0.621
0.0 0.0 1.0 0.0 0.0 0.0 0.0 0.0 0.0 0.0 0.333 0.256 0.667 0.397 2.0 0.176 0.462 0.621
0.0 0.0 0.0 1.0 0.0 0.0 0.0 0.0 0.0 0.0 0.410 0.179 0.590 0.335 2.0 0.221 0.538 0.517
0.0 1.0 0.0 0.0 0.0 0.0 0.0 0.0 0.0 0.0 0.462 0.128 0.282 0.197 1.0 0.147 0.538 0.103
0.0 1.0 0.0 0.0 0.0 0.0 0.0 0.0 0.0 0.0 0.308 0.282 0.692 0.438 1.0 0.206 0.462 0.517
0.0 0.0 0.0 1.0 0.0 0.0 0.0 0.0 0.0 0.0 0.282 0.308 0.718 0.463 3.0 0.206 0.462 0.517
0.0 0.0 0.0 1.0 0.0 0.0 0.0 0.0 0.0 0.0 0.308 0.282 0.692 0.438 2.0 0.309 0.462 0.517
0.0 1.0 0.0 0.0 0.0 0.0 0.0 0.0 0.0 0.0 0.487 0.154 0.513 0.280 1.0 0.132 0.615 0.414
0.0 0.0 1.0 0.0 0.0 0.0 0.0 0.0 0.0 0.0 0.462 0.179 0.538 0.306 2.0 0.176 0.615 0.414
0.0 1.0 0.0 0.0 0.0 0.0 0.0 0.0 0.0 0.0 0.538 0.103 0.256 0.162 1.0 0.147 0.615 0.103
0.0 0.0 0.0 1.0 0.0 0.0 0.0 0.0 0.0 0.0 0.282 0.359 0.718 0.485 3.0 0.279 0.462 0.414
0.0 0.0 0.0 1.0 0.0 0.0 0.0 0.0 0.0 0.0 0.333 0.308 0.667 0.434 2.0 0.279 0.462 0.414
0.0 0.0 0.0 1.0 0.0 0.0 0.0 0.0 0.0 0.0 0.538 0.154 0.462 0.251 2.0 0.250 0.692 0.310
0.0 1.0 0.0 0.0 0.0 0.0 0.0 0.0 0.0 0.0 0.590 0.103 0.154 0.137 1.0 0.147 0.692 0.103
0.0 0.0 0.0 1.0 0.0 0.0 0.0 0.0 0.0 0.0 0.333 0.359 0.667 0.456 3.0 0.279 0.462 0.310
0.0 1.0 0.0 0.0 0.0 0.0 0.0 0.0 0.0 0.0 0.410 0.282 0.590 0.379 1.0 0.221 0.462 0.310
0.0 0.0 0.0 1.0 0.0 0.0 0.0 0.0 0.0 0.0 0.385 0.308 0.615 0.405 2.0 0.176 0.462 0.310
0.0 0.0 0.0 1.0 0.0 0.0 0.0 0.0 0.0 0.0 0.590 0.154 0.410 0.231 2.0 0.250 0.769 0.207
0.0 1.0 0.0 0.0 0.0 0.0 0.0 0.0 0.0 0.0 0.641 0.103 0.128 0.111 1.0 0.147 0.769 0.103
0.0 1.0 0.0 0.0 0.0 0.0 0.0 0.0 0.0 0.0 0.308 0.436 0.692 0.513 1.0 0.206 0.462 0.207
0.0 0.0 1.0 0.0 0.0 0.0 0.0 0.0 0.0 0.0 0.282 0.462 0.718 0.538 3.0 0.191 0.462 0.207
0.0 0.0 0.0 1.0 0.0 0.0 0.0 0.0 0.0 0.0 0.308 0.436 0.692 0.513 2.0 0.279 0.462 0.207
0.0 0.0 0.0 1.0 0.0 0.0 0.0 0.0 0.0 0.0 0.641 0.154 0.359 0.248 2.0 0.221 0.846 0.103
0.0 1.0 0.0 0.0 0.0 0.0 0.0 0.0 0.0 0.0 0.692 0.103 0.103 0.103 1.0 0.147 0.846 0.034
0.0 0.0 0.0 1.0 0.0 0.0 0.0 0.0 0.0 0.0 0.282 0.513 0.718 0.607 3.0 0.265 0.346 0.103
0.0 0.0 0.0 1.0 0.0 0.0 0.0 0.0 0.0 0.0 0.308 0.487 0.692 0.581 2.0 0.250 0.346 0.103
0.0 0.0 0.0 1.0 0.0 0.0 0.0 0.0 0.0 0.0 0.692 0.179 0.308 0.244 2.0 0.235 0.885 0.069
0.0 0.0 1.0 0.0 0.0 0.0 0.0 0.0 0.0 0.0 0.256 0.615 0.744 0.679 3.0 0.250 0.346 0.069
0.0 1.0 0.0 0.0 0.0 0.0 0.0 0.0 0.0 0.0 0.795 0.205 0.205 0.205 1.0 0.118 0.923 0.034
0.0 0.0 0.0 0.0 0.0 1.0 0.0 0.0 0.0 0.0 0.769 0.231 0.231 0.231 2.0 0.191 0.923 0.034
0.0 0.0 0.0 1.0 0.0 0.0 0.0 0.0 0.0 0.0 0.821 0.179 0.179 0.179 2.0 0.162 0.962 0.034
0.0 0.0 0.0 0.0 1.0 0.0 0.0 0.0 0.0 0.0 0.769 0.231 0.231 0.231 3.0 0.279 0.962 0.034
0.0 0.0 0.0 1.0 0.0 0.0 0.0 0.0 0.0 0.0 0.846 0.154 0.154 0.154 3.0 0.206 0.962 0.034
0.0 0.0 0.0 1.0 0.0 0.0 0.0 0.0 0.0 0.0 0.846 0.154 0.154 0.154 2.0 0.176 0.962 0.034
0.0 1.0 0.0 0.0 0.0 0.0 0.0 0.0 0.0 0.0 0.897 0.103 0.103 0.103 1.0 0.118 0.962 0.034
0.0 0.0 1.0 0.0 0.0 0.0 0.0 0.0 0.0 0.0 0.872 0.128 0.128 0.128 3.0 0.191 0.962 0.034
0.0 0.0 0.0 0.0 1.0 0.0 0.0 0.0 0.0 0.0 0.795 0.077 0.077 0.077 2.0 0.176 0.923 0.034
0.0 0.0 0.0 0.0 1.0 0.0 0.0 0.0 0.0 0.0 0.308 0.564 0.564 0.564 2.0 0.221 0.346 0.034
0.0 0.0 0.0 1.0 0.0 0.0 0.0 0.0 0.0 0.0 0.744 0.128 0.128 0.128 2.0 0.162 0.923 0.034
0.0 1.0 0.0 0.0 0.0 0.0 0.0 0.0 0.0 0.0 0.385 0.205 0.333 0.256 1.0 0.103 0.462 0.103
0.0 0.0 0.0 1.0 0.0 0.0 0.0 0.0 0.0 0.0 0.333 0.462 0.462 0.462 2.0 0.206 0.346 0.034
0.0 0.0 0.0 1.0 0.0 0.0 0.0 0.0 0.0 0.0 0.333 0.410 0.436 0.419 2.0 0.176 0.462 0.103
0.0 0.0 0.0 1.0 0.0 0.0 0.0 0.0 0.0 0.0 0.436 0.256 0.308 0.291 2.0 0.191 0.462 0.103
0.0 1.0 0.0 0.0 0.0 0.0 0.0 0.0 0.0 0.0 0.385 0.256 0.410 0.316 1.0 0.103 0.462 0.103
0.0 0.0 1.0 0.0 0.0 0.0 0.0 0.0 0.0 0.0 0.359 0.282 0.436 0.342 2.0 0.191 0.462 0.103
0.0 0.0 0.0 1.0 0.0 0.0 0.0 0.0 0.0 0.0 0.333 0.256 0.410 0.325 2.0 0.176 0.462 0.103
0.0 0.0 0.0 1.0 0.0 0.0 0.0 0.0 0.0 0.0 0.385 0.231 0.359 0.274 2.0 0.162 0.462 0.103
0.0 0.0 0.0 1.0 0.0 0.0 0.0 0.0 0.0 0.0 0.231 0.769 0.769 0.769 2.0 0.368 0.346 0.034
0.0 0.0 0.0 1.0 0.0 0.0 0.0 0.0 0.0 0.0 0.205 0.795 0.795 0.795 2.0 0.324 0.346 0.034
0.0 0.0 0.0 1.0 0.0 0.0 0.0 0.0 0.0 0.0 0.256 0.744 0.744 0.744 2.0 0.176 0.346 0.034
0.0 0.0 0.0 1.0 0.0 0.0 0.0 0.0 0.0 0.0 0.256 0.615 0.744 0.679 2.0 0.191 0.346 0.069
0.0 0.0 0.0 1.0 0.0 0.0 0.0 0.0 0.0 0.0 0.231 0.641 0.769 0.705 2.0 0.382 0.346 0.069
0.0 1.0 0.0 0.0 0.0 0.0 0.0 0.0 0.0 0.0 0.231 0.641 0.769 0.705 1.0 0.162 0.346 0.069
0.0 0.0 1.0 0.0 0.0 0.0 0.0 0.0 0.0 0.0 0.205 0.667 0.795 0.731 2.0 0.279 0.346 0.069
0.0 0.0 0.0 1.0 0.0 0.0 0.0 0.0 0.0 0.0 0.256 0.333 0.744 0.462 2.0 0.368 0.462 0.724
0.0 1.0 0.0 0.0 0.0 0.0 0.0 0.0 0.0 0.0 0.256 0.333 0.744 0.462 1.0 0.147 0.462 0.724
0.0 0.0 0.0 1.0 0.0 0.0 0.0 0.0 0.0 0.0 0.231 0.359 0.769 0.487 2.0 0.309 0.462 0.724
0.0 0.0 0.0 1.0 0.0 0.0 0.0 0.0 0.0 0.0 0.282 0.308 0.718 0.436 2.0 0.162 0.462 0.724
0.0 0.0 0.0 1.0 0.0 0.0 0.0 0.0 0.0 0.0 0.256 0.333 0.744 0.474 2.0 0.368 0.462 0.621
0.0 1.0 0.0 0.0 0.0 0.0 0.0 0.0 0.0 0.0 0.256 0.333 0.744 0.474 1.0 0.147 0.462 0.621
0.0 0.0 1.0 0.0 0.0 0.0 0.0 0.0 0.0 0.0 0.231 0.359 0.769 0.500 2.0 0.309 0.462 0.621
0.0 1.0 0.0 0.0 0.0 0.0 0.0 0.0 0.0 0.0 0.308 0.282 0.692 0.423 1.0 0.103 0.462 0.621
0.0 0.0 0.0 1.0 0.0 0.0 0.0 0.0 0.0 0.0 0.282 0.308 0.718 0.449 2.0 0.132 0.462 0.621
0.0 0.0 0.0 1.0 0.0 0.0 0.0 0.0 0.0 0.0 0.256 0.333 0.744 0.489 2.0 0.368 0.462 0.517
0.0 0.0 0.0 1.0 0.0 0.0 0.0 0.0 0.0 0.0 0.231 0.359 0.769 0.515 2.0 0.353 0.462 0.517
0.0 0.0 0.0 1.0 0.0 0.0 0.0 0.0 0.0 0.0 0.282 0.308 0.718 0.463 2.0 0.191 0.462 0.517
0.0 0.0 0.0 1.0 0.0 0.0 0.0 0.0 0.0 0.0 0.256 0.385 0.744 0.511 2.0 0.397 0.462 0.414
0.0 0.0 0.0 1.0 0.0 0.0 0.0 0.0 0.0 0.0 0.231 0.410 0.769 0.536 2.0 0.382 0.462 0.414
0.0 1.0 0.0 0.0 0.0 0.0 0.0 0.0 0.0 0.0 0.308 0.333 0.692 0.459 1.0 0.132 0.462 0.414
0.0 0.0 0.0 1.0 0.0 0.0 0.0 0.0 0.0 0.0 0.282 0.359 0.718 0.485 2.0 0.147 0.462 0.414
0.0 0.0 0.0 1.0 0.0 0.0 0.0 0.0 0.0 0.0 0.308 0.385 0.692 0.481 2.0 0.397 0.462 0.310
0.0 0.0 0.0 1.0 0.0 0.0 0.0 0.0 0.0 0.0 0.282 0.410 0.718 0.507 2.0 0.338 0.462 0.310
0.0 1.0 0.0 0.0 0.0 0.0 0.0 0.0 0.0 0.0 0.359 0.333 0.641 0.430 1.0 0.103 0.462 0.310
0.0 0.0 0.0 1.0 0.0 0.0 0.0 0.0 0.0 0.0 0.333 0.359 0.667 0.456 2.0 0.147 0.462 0.310
0.0 0.0 0.0 1.0 0.0 0.0 0.0 0.0 0.0 0.0 0.256 0.487 0.744 0.564 2.0 0.368 0.462 0.207
0.0 1.0 0.0 0.0 0.0 0.0 0.0 0.0 0.0 0.0 0.256 0.487 0.744 0.564 1.0 0.147 0.462 0.207
0.0 0.0 0.0 1.0 0.0 0.0 0.0 0.0 0.0 0.0 0.231 0.513 0.769 0.590 2.0 0.309 0.462 0.207
0.0 0.0 0.0 1.0 0.0 0.0 0.0 0.0 0.0 0.0 0.282 0.462 0.718 0.538 2.0 0.176 0.462 0.207
0.0 0.0 0.0 1.0 0.0 0.0 0.0 0.0 0.0 0.0 0.256 0.538 0.744 0.632 2.0 0.397 0.346 0.103
0.0 1.0 0.0 0.0 0.0 0.0 0.0 0.0 0.0 0.0 0.256 0.538 0.744 0.632 1.0 0.176 0.346 0.103
0.0 0.0 0.0 1.0 0.0 0.0 0.0 0.0 0.0 0.0 0.231 0.564 0.769 0.658 2.0 0.279 0.346 0.103
0.0 0.0 0.0 1.0 0.0 0.0 0.0 0.0 0.0 0.0 0.282 0.513 0.718 0.607 2.0 0.176 0.346 0.103
0.0 0.0 0.0 1.0 0.0 0.0 0.0 0.0 0.0 0.0 0.692 0.103 0.103 0.103 2.0 0.176 0.885 0.034
0.0 0.0 0.0 1.0 0.0 0.0 0.0 0.0 0.0 0.0 0.718 0.077 0.077 0.077 3.0 0.235 0.885 0.034
0.0 0.0 0.0 1.0 0.0 0.0 0.0 0.0 0.0 0.0 0.641 0.103 0.128 0.111 2.0 0.206 0.846 0.103
0.0 0.0 0.0 1.0 0.0 0.0 0.0 0.0 0.0 0.0 0.667 0.077 0.103 0.085 3.0 0.235 0.846 0.103
0.0 0.0 0.0 1.0 0.0 0.0 0.0 0.0 0.0 0.0 0.590 0.103 0.154 0.137 2.0 0.206 0.769 0.103
0.0 0.0 0.0 1.0 0.0 0.0 0.0 0.0 0.0 0.0 0.615 0.077 0.128 0.111 3.0 0.250 0.769 0.103
0.0 0.0 0.0 1.0 0.0 0.0 0.0 0.0 0.0 0.0 0.538 0.103 0.256 0.162 2.0 0.191 0.692 0.103
0.0 0.0 0.0 1.0 0.0 0.0 0.0 0.0 0.0 0.0 0.564 0.077 0.231 0.137 3.0 0.265 0.692 0.103
0.0 0.0 0.0 1.0 0.0 0.0 0.0 0.0 0.0 0.0 0.462 0.128 0.282 0.197 2.0 0.176 0.615 0.103
0.0 0.0 0.0 1.0 0.0 0.0 0.0 0.0 0.0 0.0 0.487 0.103 0.256 0.171 3.0 0.206 0.615 0.103
0.0 0.0 0.0 1.0 0.0 0.0 0.0 0.0 0.0 0.0 0.410 0.205 0.333 0.248 2.0 0.206 0.538 0.103
0.0 0.0 0.0 1.0 0.0 0.0 0.0 0.0 0.0 0.0 0.436 0.179 0.308 0.222 3.0 0.221 0.538 0.103
0.0 0.0 0.0 1.0 0.0 0.0 0.0 0.0 0.0 0.0 0.385 0.205 0.333 0.256 2.0 0.368 0.462 0.103
0.0 0.0 0.0 1.0 0.0 0.0 0.0 0.0 0.0 0.0 0.410 0.179 0.308 0.231 2.0 0.279 0.462 0.103
0.0 1.0 0.0 0.0 0.0 0.0 0.0 0.0 0.0 0.0 0.769 0.103 0.103 0.103 1.0 0.132 0.923 0.034
0.0 1.0 0.0 0.0 0.0 0.0 0.0 0.0 0.0 0.0 0.513 0.077 0.487 0.196 1.0 0.397 0.923 0.793
0.0 0.0 0.0 1.0 0.0 0.0 0.0 0.0 0.0 0.0 0.487 0.103 0.513 0.222 2.0 0.235 0.923 0.793
0.0 1.0 0.0 0.0 0.0 0.0 0.0 0.0 0.0 0.0 0.231 0.359 0.769 0.478 1.0 0.132 0.385 0.793
0.0 1.0 0.0 0.0 0.0 0.0 0.0 0.0 0.0 0.0 0.231 0.359 0.769 0.478 1.0 0.147 0.423 0.793
0.0 1.0 0.0 0.0 0.0 0.0 0.0 0.0 0.0 0.0 0.256 0.333 0.744 0.453 1.0 0.118 0.385 0.793
0.0 1.0 0.0 0.0 0.0 0.0 0.0 0.0 0.0 0.0 0.231 0.359 0.769 0.478 1.0 0.147 0.423 0.793
0.0 1.0 0.0 0.0 0.0 0.0 0.0 0.0 0.0 0.0 0.231 0.359 0.769 0.478 1.0 0.132 0.385 0.793
0.0 1.0 0.0 0.0 0.0 0.0 0.0 0.0 0.0 0.0 0.051 0.538 0.949 0.658 1.0 0.103 0.077 0.793
0.0 1.0 0.0 0.0 0.0 0.0 0.0 0.0 0.0 0.0 0.128 0.462 0.872 0.581 1.0 0.118 0.154 0.793
0.0 1.0 0.0 0.0 0.0 0.0 0.0 0.0 0.0 0.0 0.051 0.538 0.949 0.658 1.0 0.147 0.077 0.793
0.0 1.0 0.0 0.0 0.0 0.0 0.0 0.0 0.0 0.0 0.154 0.436 0.846 0.555 1.0 0.191 0.154 0.793
0.0 1.0 0.0 0.0 0.0 0.0 0.0 0.0 0.0 0.0 0.231 0.359 0.769 0.478 1.0 0.132 0.423 0.793
0.0 0.0 0.0 1.0 0.0 0.0 0.0 0.0 0.0 0.0 0.256 0.333 0.744 0.453 2.0 0.176 0.423 0.793
0.0 0.0 0.0 1.0 0.0 0.0 0.0 0.0 0.0 0.0 0.282 0.308 0.718 0.427 3.0 0.206 0.500 0.793
0.0 1.0 0.0 0.0 0.0 0.0 0.0 0.0 0.0 0.0 0.282 0.308 0.718 0.427 1.0 0.118 0.423 0.793
0.0 0.0 0.0 0.0 1.0 0.0 0.0 0.0 0.0 0.0 0.256 0.333 0.744 0.453 2.0 0.147 0.423 0.793
0.0 0.0 0.0 1.0 0.0 0.0 0.0 0.0 0.0 0.0 0.256 0.333 0.744 0.453 2.0 0.162 0.423 0.793
0.0 0.0 0.0 1.0 0.0 0.0 0.0 0.0 0.0 0.0 0.308 0.282 0.692 0.401 3.0 0.206 0.577 0.793
0.0 0.0 0.0 0.0 1.0 0.0 0.0 0.0 0.0 0.0 0.256 0.333 0.744 0.453 2.0 0.162 0.423 0.793
0.0 0.0 0.0 1.0 0.0 0.0 0.0 0.0 0.0 0.0 0.282 0.308 0.718 0.427 2.0 0.147 0.423 0.793
0.0 0.0 0.0 1.0 0.0 0.0 0.0 0.0 0.0 0.0 0.333 0.256 0.667 0.376 3.0 0.221 0.654 0.793
0.0 0.0 0.0 0.0 1.0 0.0 0.0 0.0 0.0 0.0 0.282 0.308 0.718 0.427 2.0 0.147 0.423 0.793
0.0 0.0 0.0 1.0 0.0 0.0 0.0 0.0 0.0 0.0 0.256 0.333 0.744 0.453 2.0 0.176 0.423 0.793
0.0 0.0 0.0 1.0 0.0 0.0 0.0 0.0 0.0 0.0 0.359 0.231 0.641 0.350 3.0 0.221 0.731 0.793
0.0 0.0 0.0 0.0 1.0 0.0 0.0 0.0 0.0 0.0 0.256 0.333 0.744 0.453 2.0 0.176 0.423 0.793
0.0 0.0 0.0 1.0 0.0 0.0 0.0 0.0 0.0 0.0 0.256 0.333 0.744 0.453 2.0 0.147 0.423 0.793
0.0 0.0 0.0 1.0 0.0 0.0 0.0 0.0 0.0 0.0 0.385 0.205 0.615 0.324 3.0 0.221 0.808 0.793
0.0 0.0 0.0 0.0 1.0 0.0 0.0 0.0 0.0 0.0 0.256 0.333 0.744 0.453 2.0 0.147 0.423 0.793
0.0 0.0 0.0 1.0 0.0 0.0 0.0 0.0 0.0 0.0 0.128 0.462 0.872 0.581 2.0 0.147 0.154 0.793
0.0 0.0 0.0 1.0 0.0 0.0 0.0 0.0 0.0 0.0 0.410 0.179 0.590 0.299 3.0 0.221 0.846 0.793
0.0 1.0 0.0 0.0 0.0 0.0 0.0 0.0 0.0 0.0 0.154 0.436 0.846 0.555 1.0 0.118 0.154 0.793
0.0 0.0 0.0 0.0 0.0 1.0 0.0 0.0 0.0 0.0 0.128 0.462 0.872 0.581 2.0 0.118 0.154 0.793
0.0 0.0 0.0 1.0 0.0 0.0 0.0 0.0 0.0 0.0 0.154 0.436 0.846 0.555 2.0 0.132 0.154 0.793
0.0 0.0 0.0 1.0 0.0 0.0 0.0 0.0 0.0 0.0 0.436 0.154 0.564 0.273 3.0 0.221 0.885 0.793
0.0 0.0 0.0 0.0 1.0 0.0 0.0 0.0 0.0 0.0 0.154 0.436 0.846 0.555 2.0 0.147 0.154 0.793
0.0 0.0 0.0 1.0 0.0 0.0 0.0 0.0 0.0 0.0 0.462 0.128 0.538 0.247 4.0 0.250 0.923 0.793
0.0 0.0 0.0 1.0 0.0 0.0 0.0 0.0 0.0 0.0 0.231 0.359 0.769 0.478 3.0 0.162 0.154 0.793
0.0 1.0 0.0 0.0 0.0 0.0 0.0 0.0 0.0 0.0 0.205 0.385 0.795 0.504 1.0 0.118 0.154 0.793
0.0 0.0 0.0 0.0 1.0 0.0 0.0 0.0 0.0 0.0 0.179 0.410 0.821 0.530 2.0 0.147 0.154 0.793
0.0 0.0 0.0 0.0 1.0 0.0 0.0 0.0 0.0 0.0 0.154 0.436 0.846 0.555 2.0 0.176 0.154 0.793
0.0 0.0 0.0 0.0 1.0 0.0 0.0 0.0 0.0 0.0 0.179 0.410 0.821 0.530 2.0 0.191 0.154 0.793
