0.0 0.0 0.0 1.0 0.0 0.0 0.0 0.0 0.0 0.0 0.644 0.104 0.237 2.0 0.444 0.579 0.323
0.0 0.0 1.0 0.0 0.0 0.0 0.0 0.0 0.0 0.0 0.652 0.096 0.230 2.0 0.500 0.589 0.355
0.0 0.0 0.0 0.0 1.0 0.0 0.0 0.0 0.0 0.0 0.659 0.089 0.222 2.0 0.389 0.600 0.387
0.0 1.0 0.0 0.0 0.0 0.0 0.0 0.0 0.0 0.0 0.667 0.081 0.215 2.0 0.333 0.611 0.419
0.0 0.0 0.0 0.0 0.0 1.0 0.0 0.0 0.0 0.0 0.674 0.074 0.207 2.0 0.278 0.621 0.452
0.0 0.0 0.0 0.0 0.0 0.0 1.0 0.0 0.0 0.0 0.681 0.067 0.200 2.0 0.222 0.632 0.484
0.0 0.0 0.0 0.0 0.0 0.0 0.0 1.0 0.0 0.0 0.689 0.059 0.193 2.0 0.167 0.642 0.516
1.0 0.0 0.0 0.0 0.0 0.0 0.0 0.0 0.0 0.0 0.696 0.052 0.185 2.0 0.111 0.653 0.548
0.0 0.0 1.0 0.0 0.0 0.0 0.0 0.0 0.0 0.0 0.704 0.044 0.178 2.0 0.056 0.663 0.581
0.0 0.0 0.0 1.0 0.0 0.0 0.0 0.0 0.0 1.0 0.711 0.037 0.170 2.0 0.000 0.674 0.613
0.0 0.0 0.0 0.0 1.0 0.0 0.0 0.0 0.0 0.0 0.719 0.030 0.163 2.0 0.000 0.684 0.645
