0.0 0.0 0.0 1.0 0.0 0.0 0.0 0.0 0.0 0.0 0.311 0.481 0.644 2.0 0.778 0.232 0.452
0.0 0.0 0.0 1.0 0.0 0.0 0.0 0.0 0.0 0.0 0.319 0.474 0.637 2.0 0.667 0.221 0.419
0.0 0.0 1.0 0.0 0.0 0.0 0.0 0.0 0.0 0.0 0.333 0.459 0.622 2.0 0.611 0.211 0.387
0.0 0.0 0.0 1.0 0.0 0.0 0.0 0.0 0.0 0.0 0.326 0.467 0.630 2.0 0.722 0.232 0.419
0.0 0.0 0.0 1.0 0.0 0.0 0.0 0.0 0.0 0.0 0.341 0.452 0.615 2.0 0.667 0.200 0.387
0.0 0.0 0.0 1.0 0.0 0.0 0.0 0.0 0.0 0.0 0.348 0.444 0.607 2.0 0.778 0.242 0.387
0.0 0.0 0.0 1.0 0.0 0.0 0.0 0.0 0.0 0.0 0.356 0.437 0.600 2.0 0.611 0.242 0.387
0.0 0.0 0.0 1.0 0.0 0.0 0.0 0.0 0.0 0.0 0.363 0.430 0.593 2.0 0.556 0.242 0.387
0.0 0.0 0.0 1.0 0.0 0.0 0.0 0.0 0.0 0.0 0.370 0.422 0.585 2.0 0.667 0.242 0.387
0.0 0.0 0.0 1.0 0.0 0.0 0.0 0.0 0.0 0.0 0.385 0.415 0.570 2.0 0.889 0.253 0.355
