5
8
10
18
32
64
94
203
219
221
229
237
316
422
430
478
584
675
761
787
818
822
1015
1020
1021
1022
1306
1307
1308
1412
1444
1446
1449
1450
1452
1509
1521
1527
1575
1577
1581
1582
1584
1625
1633
1653
1655
1686
1704
1706
1710
1711
1713
1723
1732
1784
1813
1815
1818
1819
1821
1909
1910
1912
1914
1917
1962
2001
2003
2006
2007
2009
2017
2024
2087
2089
2092
2093
2095
2110
2156
2158
2161
2162
2164
2218
2220
2223
2224
2226
2270
2272
2276
2277
2279
2298
2315
2317
2320
2321
2323
2348
2350
2353
2354
2356
2371
2373
2376
2377
2379
2384
2386
2390
2391
2393
