0.0 0.0 0.0 0.0 1.0 0.0 0.0 0.0 0.0 0.0 0.343 0.229 0.343 1.0 0.273 0.133 0.571
0.0 0.0 0.0 0.0 1.0 0.0 0.0 0.0 0.0 0.0 0.343 0.229 0.343 1.0 0.273 0.133 0.571
0.0 0.0 0.0 0.0 1.0 0.0 0.0 0.0 0.0 0.0 0.371 0.200 0.314 1.0 0.455 0.133 0.571
0.0 0.0 1.0 0.0 0.0 0.0 0.0 0.0 0.0 0.0 0.400 0.171 0.257 1.0 0.273 0.133 0.286
0.0 0.0 1.0 0.0 0.0 0.0 0.0 0.0 0.0 0.0 0.400 0.171 0.257 1.0 0.218 0.147 0.286
0.0 0.0 1.0 0.0 0.0 0.0 0.0 0.0 0.0 0.0 0.400 0.171 0.257 1.0 0.218 0.147 0.286
0.0 0.0 1.0 0.0 0.0 0.0 0.0 0.0 0.0 0.0 0.400 0.257 0.286 1.0 0.218 0.147 0.086
0.0 0.0 1.0 0.0 0.0 0.0 0.0 0.0 0.0 0.0 0.429 0.229 0.257 1.0 0.145 0.147 0.086
0.0 0.0 1.0 0.0 0.0 0.0 0.0 0.0 0.0 0.0 0.400 0.257 0.286 1.0 0.327 0.133 0.086
0.0 0.0 0.0 1.0 0.0 0.0 0.0 0.0 0.0 0.0 0.429 0.143 0.229 2.0 0.364 0.400 0.286
0.0 0.0 0.0 1.0 0.0 0.0 0.0 0.0 0.0 0.0 0.571 0.086 0.171 2.0 0.545 0.667 0.086
0.0 0.0 0.0 1.0 0.0 0.0 0.0 0.0 0.0 0.0 0.571 0.086 0.143 2.0 0.527 0.667 0.086
0.0 0.0 0.0 1.0 0.0 0.0 0.0 0.0 0.0 0.0 0.571 0.086 0.086 2.0 0.564 0.667 0.086
0.0 0.0 0.0 1.0 0.0 0.0 0.0 0.0 0.0 0.0 0.543 0.114 0.114 1.0 0.327 0.600 0.029
0.0 0.0 0.0 1.0 0.0 0.0 0.0 0.0 0.0 0.0 0.571 0.057 0.057 1.0 0.364 0.613 0.029
0.0 0.0 0.0 1.0 0.0 0.0 0.0 0.0 0.0 0.0 0.514 0.143 0.143 1.0 0.364 0.613 0.029
