0.0 1.0 0.0 0.0 0.0 0.0 0.0 0.0 1.0 0.0 0.020 0.735 0.980 0.795 1.0 0.139 0.014 1.000
0.0 1.0 0.0 0.0 0.0 0.0 0.0 0.0 1.0 0.0 0.020 0.735 0.980 0.795 2.0 0.056 0.027 1.000
0.0 1.0 0.0 0.0 0.0 0.0 0.0 0.0 0.0 0.0 0.041 0.714 0.959 0.775 1.0 0.111 0.027 1.000
0.0 1.0 0.0 0.0 0.0 0.0 0.0 0.0 1.0 0.0 0.020 0.735 0.980 0.795 2.0 0.069 0.027 1.000
0.0 1.0 0.0 0.0 0.0 0.0 0.0 0.0 0.0 0.0 0.041 0.714 0.959 0.775 1.0 0.153 0.027 1.000
0.0 1.0 0.0 0.0 0.0 0.0 0.0 0.0 1.0 0.0 0.020 0.735 0.980 0.795 1.0 0.181 0.014 1.000
0.0 1.0 0.0 0.0 0.0 0.0 0.0 0.0 1.0 0.0 0.020 0.735 0.980 0.795 1.0 0.097 0.014 1.000
0.0 1.0 0.0 0.0 0.0 0.0 0.0 0.0 1.0 0.0 0.020 0.735 0.980 0.795 1.0 0.097 0.014 1.000
0.0 1.0 0.0 0.0 0.0 0.0 0.0 0.0 1.0 0.0 0.020 0.735 0.980 0.795 2.0 0.069 0.027 1.000
0.0 1.0 0.0 0.0 0.0 0.0 0.0 0.0 0.0 0.0 0.041 0.714 0.959 0.775 1.0 0.153 0.027 1.000
0.0 1.0 0.0 0.0 0.0 0.0 0.0 0.0 1.0 0.0 0.020 0.735 0.980 0.795 1.0 0.139 0.014 1.000
0.0 1.0 0.0 0.0 0.0 0.0 0.0 0.0 1.0 0.0 0.020 0.735 0.980 0.795 1.0 0.181 0.014 1.000
0.0 1.0 0.0 0.0 0.0 0.0 0.0 0.0 1.0 0.0 0.020 0.735 0.980 0.795 1.0 0.139 0.014 1.000
0.0 1.0 0.0 0.0 0.0 0.0 0.0 0.0 1.0 0.0 0.020 0.735 0.980 0.795 1.0 0.097 0.014 1.000
0.0 1.0 0.0 0.0 0.0 0.0 0.0 0.0 1.0 0.0 0.020 0.735 0.980 0.795 1.0 0.097 0.014 1.000
0.0 1.0 0.0 0.0 0.0 0.0 0.0 0.0 1.0 0.0 0.020 0.735 0.980 0.795 1.0 0.139 0.014 1.000
0.0 1.0 0.0 0.0 0.0 0.0 0.0 0.0 1.0 0.0 0.020 0.735 0.980 0.795 1.0 0.139 0.014 1.000
0.0 1.0 0.0 0.0 0.0 0.0 0.0 0.0 1.0 0.0 0.020 0.735 0.980 0.795 1.0 0.139 0.014 1.000
0.0 1.0 0.0 0.0 0.0 0.0 0.0 0.0 1.0 0.0 0.020 0.735 0.980 0.795 1.0 0.139 0.014 1.000
0.0 0.0 0.0 1.0 0.0 0.0 0.0 0.0 1.0 0.0 0.020 0.898 0.898 0.898 2.0 0.069 0.027 0.040
0.0 0.0 0.0 1.0 0.0 0.0 0.0 0.0 1.0 0.0 0.020 0.878 0.878 0.878 2.0 0.069 0.027 0.040
0.0 1.0 0.0 0.0 0.0 0.0 0.0 0.0 1.0 0.0 0.020 0.735 0.980 0.795 1.0 0.111 0.014 1.000
0.0 1.0 0.0 0.0 0.0 0.0 0.0 0.0 1.0 0.0 0.020 0.735 0.980 0.795 1.0 0.083 0.014 1.000
1.0 0.0 0.0 0.0 0.0 0.0 0.0 0.0 1.0 0.0 0.020 0.735 0.980 0.795 1.0 0.097 0.014 1.000
1.0 0.0 0.0 0.0 0.0 0.0 0.0 0.0 1.0 0.0 0.020 0.735 0.980 0.795 1.0 0.153 0.014 1.000
0.0 1.0 0.0 0.0 0.0 0.0 0.0 0.0 1.0 0.0 0.020 0.735 0.980 0.795 1.0 0.097 0.014 1.000
0.0 1.0 0.0 0.0 0.0 0.0 0.0 0.0 1.0 0.0 0.020 0.735 0.980 0.795 1.0 0.097 0.014 1.000
0.0 1.0 0.0 0.0 0.0 0.0 0.0 0.0 1.0 0.0 0.020 0.735 0.980 0.795 2.0 0.056 0.027 1.000
0.0 1.0 0.0 0.0 0.0 0.0 0.0 0.0 0.0 0.0 0.041 0.714 0.959 0.775 1.0 0.111 0.027 1.000
0.0 1.0 0.0 0.0 0.0 0.0 0.0 0.0 1.0 0.0 0.020 0.735 0.980 0.795 1.0 0.097 0.014 1.000
0.0 1.0 0.0 0.0 0.0 0.0 0.0 0.0 1.0 0.0 0.020 0.898 0.898 0.898 1.0 0.069 0.014 0.040
0.0 1.0 0.0 0.0 0.0 0.0 0.0 0.0 1.0 0.0 0.020 0.878 0.878 0.878 1.0 0.069 0.014 0.040
0.0 1.0 0.0 0.0 0.0 0.0 0.0 0.0 1.0 0.0 0.020 0.735 0.980 0.814 1.0 0.111 0.014 0.640
0.0 1.0 0.0 0.0 0.0 0.0 0.0 0.0 1.0 0.0 0.020 0.735 0.980 0.811 1.0 0.111 0.014 0.640
1.0 0.0 0.0 0.0 0.0 0.0 0.0 0.0 1.0 0.0 0.020 0.857 0.980 0.884 1.0 0.306 0.014 0.240
0.0 1.0 0.0 0.0 0.0 0.0 0.0 0.0 1.0 0.0 0.020 0.735 0.980 0.795 1.0 0.347 0.014 1.000
1.0 0.0 0.0 0.0 0.0 0.0 0.0 0.0 1.0 0.0 0.020 0.735 0.980 0.795 1.0 0.125 0.014 1.000
0.0 1.0 0.0 0.0 0.0 0.0 0.0 0.0 1.0 0.0 0.020 0.735 0.980 0.795 1.0 0.153 0.014 1.000
1.0 0.0 0.0 0.0 0.0 0.0 0.0 0.0 1.0 0.0 0.020 0.735 0.980 0.795 1.0 0.208 0.014 1.000
0.0 1.0 0.0 0.0 0.0 0.0 0.0 0.0 1.0 0.0 0.020 0.857 0.980 0.884 1.0 0.194 0.014 0.240
0.0 1.0 0.0 0.0 0.0 0.0 0.0 0.0 1.0 0.0 0.020 0.816 0.816 0.816 1.0 0.069 0.014 0.040
1.0 0.0 0.0 0.0 0.0 0.0 0.0 0.0 1.0 0.0 0.020 0.878 0.898 0.888 1.0 0.125 0.014 0.080
0.0 1.0 0.0 0.0 0.0 0.0 0.0 0.0 1.0 0.0 0.020 0.735 0.980 0.795 1.0 0.278 0.014 1.000
1.0 0.0 0.0 0.0 0.0 0.0 0.0 0.0 1.0 0.0 0.020 0.735 0.980 0.795 1.0 0.181 0.014 1.000
1.0 0.0 0.0 0.0 0.0 0.0 0.0 0.0 1.0 0.0 0.020 0.857 0.980 0.884 1.0 0.194 0.014 0.240
0.0 1.0 0.0 0.0 0.0 0.0 0.0 0.0 1.0 0.0 0.020 0.735 0.980 0.795 1.0 0.292 0.014 1.000
1.0 0.0 0.0 0.0 0.0 0.0 0.0 0.0 1.0 0.0 0.020 0.735 0.735 0.735 1.0 0.083 0.014 0.040
1.0 0.0 0.0 0.0 0.0 0.0 0.0 0.0 1.0 0.0 0.020 0.735 0.735 0.735 1.0 0.083 0.014 0.040
1.0 0.0 0.0 0.0 0.0 0.0 0.0 0.0 1.0 0.0 0.020 0.735 0.735 0.735 1.0 0.083 0.014 0.040
1.0 0.0 0.0 0.0 0.0 0.0 0.0 0.0 1.0 0.0 0.020 0.735 0.735 0.735 1.0 0.083 0.014 0.040
1.0 0.0 0.0 0.0 0.0 0.0 0.0 0.0 1.0 0.0 0.020 0.776 0.776 0.776 1.0 0.083 0.014 0.040
1.0 0.0 0.0 0.0 0.0 0.0 0.0 0.0 1.0 0.0 0.020 0.755 0.755 0.755 1.0 0.083 0.014 0.040
1.0 0.0 0.0 0.0 0.0 0.0 0.0 0.0 1.0 0.0 0.020 0.776 0.776 0.776 1.0 0.083 0.014 0.040
1.0 0.0 0.0 0.0 0.0 0.0 0.0 0.0 1.0 0.0 0.020 0.755 0.755 0.755 1.0 0.083 0.014 0.040
1.0 0.0 0.0 0.0 0.0 0.0 0.0 0.0 1.0 0.0 0.020 0.755 0.755 0.755 1.0 0.083 0.014 0.040
1.0 0.0 0.0 0.0 0.0 0.0 0.0 0.0 1.0 0.0 0.020 0.755 0.755 0.755 1.0 0.083 0.014 0.040
1.0 0.0 0.0 0.0 0.0 0.0 0.0 0.0 1.0 0.0 0.020 0.755 0.755 0.755 1.0 0.083 0.014 0.040
1.0 0.0 0.0 0.0 0.0 0.0 0.0 0.0 1.0 0.0 0.020 0.755 0.755 0.755 1.0 0.083 0.014 0.040
1.0 0.0 0.0 0.0 0.0 0.0 0.0 0.0 1.0 0.0 0.020 0.735 0.735 0.735 1.0 0.083 0.014 0.040
1.0 0.0 0.0 0.0 0.0 0.0 0.0 0.0 1.0 0.0 0.020 0.735 0.735 0.735 1.0 0.083 0.014 0.040
1.0 0.0 0.0 0.0 0.0 0.0 0.0 0.0 1.0 0.0 0.020 0.755 0.755 0.755 1.0 0.083 0.014 0.040
1.0 0.0 0.0 0.0 0.0 0.0 0.0 0.0 1.0 0.0 0.020 0.735 0.735 0.735 1.0 0.083 0.014 0.040
0.0 1.0 0.0 0.0 0.0 0.0 0.0 0.0 0.0 0.0 0.041 0.714 0.714 0.714 2.0 0.069 0.027 0.040
0.0 1.0 0.0 0.0 0.0 0.0 0.0 0.0 0.0 0.0 0.061 0.694 0.694 0.694 1.0 0.083 0.027 0.040
0.0 1.0 0.0 0.0 0.0 0.0 0.0 0.0 0.0 0.0 0.041 0.714 0.714 0.714 1.0 0.083 0.014 0.040
0.0 1.0 0.0 0.0 0.0 0.0 0.0 0.0 0.0 0.0 0.041 0.714 0.714 0.714 2.0 0.069 0.027 0.040
0.0 1.0 0.0 0.0 0.0 0.0 0.0 0.0 0.0 0.0 0.061 0.694 0.694 0.694 1.0 0.083 0.027 0.040
0.0 1.0 0.0 0.0 0.0 0.0 0.0 0.0 0.0 0.0 0.041 0.714 0.714 0.714 1.0 0.083 0.014 0.040
0.0 1.0 0.0 0.0 0.0 0.0 0.0 0.0 0.0 0.0 0.041 0.755 0.755 0.755 1.0 0.083 0.014 0.040
0.0 1.0 0.0 0.0 0.0 0.0 0.0 0.0 0.0 0.0 0.041 0.735 0.735 0.735 1.0 0.083 0.014 0.040
0.0 1.0 0.0 0.0 0.0 0.0 0.0 0.0 0.0 0.0 0.041 0.755 0.755 0.755 2.0 0.069 0.027 0.040
0.0 1.0 0.0 0.0 0.0 0.0 0.0 0.0 0.0 0.0 0.061 0.735 0.735 0.735 1.0 0.083 0.027 0.040
0.0 1.0 0.0 0.0 0.0 0.0 0.0 0.0 0.0 0.0 0.041 0.735 0.735 0.735 1.0 0.083 0.014 0.040
0.0 1.0 0.0 0.0 0.0 0.0 0.0 0.0 0.0 0.0 0.041 0.735 0.735 0.735 1.0 0.083 0.014 0.040
0.0 1.0 0.0 0.0 0.0 0.0 0.0 0.0 0.0 0.0 0.041 0.735 0.735 0.735 2.0 0.069 0.027 0.040
0.0 1.0 0.0 0.0 0.0 0.0 0.0 0.0 0.0 0.0 0.061 0.714 0.714 0.714 1.0 0.083 0.027 0.040
0.0 1.0 0.0 0.0 0.0 0.0 0.0 0.0 0.0 0.0 0.041 0.735 0.735 0.735 1.0 0.083 0.014 0.040
0.0 1.0 0.0 0.0 0.0 0.0 0.0 0.0 0.0 0.0 0.041 0.735 0.735 0.735 1.0 0.083 0.014 0.040
0.0 1.0 0.0 0.0 0.0 0.0 0.0 0.0 0.0 0.0 0.041 0.714 0.714 0.714 1.0 0.083 0.014 0.040
0.0 1.0 0.0 0.0 0.0 0.0 0.0 0.0 0.0 0.0 0.041 0.714 0.714 0.714 1.0 0.083 0.014 0.040
0.0 1.0 0.0 0.0 0.0 0.0 0.0 0.0 0.0 0.0 0.041 0.735 0.735 0.735 1.0 0.083 0.014 0.040
0.0 1.0 0.0 0.0 0.0 0.0 0.0 0.0 0.0 0.0 0.041 0.714 0.714 0.714 1.0 0.083 0.014 0.040
0.0 0.0 0.0 1.0 0.0 0.0 0.0 0.0 0.0 0.0 0.041 0.837 0.837 0.837 2.0 0.139 0.027 0.040
0.0 0.0 0.0 1.0 0.0 0.0 0.0 0.0 0.0 0.0 0.041 0.837 0.837 0.837 2.0 0.139 0.027 0.040
0.0 0.0 0.0 1.0 0.0 0.0 0.0 0.0 0.0 0.0 0.041 0.959 0.959 0.959 2.0 0.153 0.027 0.040
0.0 0.0 0.0 1.0 0.0 0.0 0.0 0.0 0.0 0.0 0.041 0.857 0.857 0.857 2.0 0.139 0.027 0.040
0.0 0.0 0.0 1.0 0.0 0.0 0.0 0.0 0.0 0.0 0.041 0.837 0.837 0.837 2.0 0.139 0.027 0.040
0.0 0.0 0.0 1.0 0.0 0.0 0.0 0.0 0.0 0.0 0.041 0.857 0.857 0.857 2.0 0.139 0.027 0.040
1.0 0.0 0.0 0.0 0.0 0.0 0.0 0.0 0.0 0.0 0.041 0.714 0.959 0.775 1.0 0.139 0.014 1.000
1.0 0.0 0.0 0.0 0.0 0.0 0.0 0.0 0.0 0.0 0.061 0.694 0.939 0.754 1.0 0.139 0.027 1.000
1.0 0.0 0.0 0.0 0.0 0.0 0.0 0.0 0.0 0.0 0.041 0.714 0.959 0.775 1.0 0.125 0.014 1.000
1.0 0.0 0.0 0.0 0.0 0.0 0.0 0.0 0.0 0.0 0.041 0.714 0.959 0.775 1.0 0.125 0.014 1.000
1.0 0.0 0.0 0.0 0.0 0.0 0.0 0.0 0.0 0.0 0.041 0.714 0.959 0.775 1.0 0.139 0.014 1.000
1.0 0.0 0.0 0.0 0.0 0.0 0.0 0.0 0.0 0.0 0.041 0.714 0.959 0.775 1.0 0.139 0.014 1.000
0.0 0.0 1.0 0.0 0.0 0.0 0.0 0.0 1.0 0.0 0.041 0.714 0.959 0.775 2.0 0.181 0.027 1.000
1.0 0.0 0.0 0.0 0.0 0.0 0.0 0.0 0.0 0.0 0.041 0.714 0.959 0.775 1.0 0.153 0.014 1.000
1.0 0.0 0.0 0.0 0.0 0.0 0.0 0.0 0.0 0.0 0.041 0.714 0.959 0.775 1.0 0.125 0.014 1.000
1.0 0.0 0.0 0.0 0.0 0.0 0.0 0.0 0.0 0.0 0.041 0.714 0.959 0.775 1.0 0.111 0.014 1.000
0.0 0.0 1.0 0.0 0.0 0.0 0.0 0.0 1.0 0.0 0.041 0.714 0.959 0.775 2.0 0.167 0.027 1.000
1.0 0.0 0.0 0.0 0.0 0.0 0.0 0.0 0.0 0.0 0.041 0.714 0.959 0.775 1.0 0.139 0.014 1.000
0.0 0.0 1.0 0.0 0.0 0.0 0.0 0.0 1.0 0.0 0.041 0.714 0.959 0.775 3.0 0.181 0.041 1.000
1.0 0.0 0.0 0.0 0.0 0.0 0.0 0.0 0.0 0.0 0.041 0.714 0.959 0.775 1.0 0.125 0.014 1.000
1.0 0.0 0.0 0.0 0.0 0.0 0.0 0.0 0.0 0.0 0.041 0.714 0.959 0.775 1.0 0.139 0.014 1.000
0.0 0.0 0.0 1.0 0.0 0.0 0.0 0.0 0.0 0.0 0.041 0.878 0.878 0.878 2.0 0.139 0.027 0.040
0.0 0.0 0.0 1.0 0.0 0.0 0.0 0.0 0.0 0.0 0.041 0.857 0.857 0.857 2.0 0.139 0.027 0.040
0.0 0.0 0.0 1.0 0.0 0.0 0.0 0.0 1.0 0.0 0.041 0.714 0.959 0.775 2.0 0.319 0.027 1.000
0.0 0.0 0.0 1.0 0.0 0.0 0.0 0.0 0.0 0.0 0.041 0.714 0.959 0.775 2.0 0.194 0.027 1.000
0.0 0.0 0.0 1.0 0.0 0.0 0.0 0.0 0.0 0.0 0.041 0.714 0.959 0.775 2.0 0.181 0.027 1.000
1.0 0.0 0.0 0.0 0.0 0.0 0.0 0.0 0.0 0.0 0.041 0.714 0.959 0.775 1.0 0.139 0.014 1.000
1.0 0.0 0.0 0.0 0.0 0.0 0.0 0.0 0.0 0.0 0.041 0.714 0.959 0.775 1.0 0.125 0.014 1.000
1.0 0.0 0.0 0.0 0.0 0.0 0.0 0.0 0.0 0.0 0.041 0.857 0.857 0.857 1.0 0.139 0.014 0.040
1.0 0.0 0.0 0.0 0.0 0.0 0.0 0.0 0.0 0.0 0.041 0.857 0.857 0.857 1.0 0.125 0.014 0.040
1.0 0.0 0.0 0.0 0.0 0.0 0.0 0.0 0.0 0.0 0.041 0.959 0.959 0.959 1.0 0.125 0.014 0.040
1.0 0.0 0.0 0.0 0.0 0.0 0.0 0.0 0.0 0.0 0.041 0.714 0.959 0.775 1.0 0.125 0.014 1.000
1.0 0.0 0.0 0.0 0.0 0.0 0.0 0.0 0.0 0.0 0.061 0.694 0.939 0.754 1.0 0.125 0.027 1.000
1.0 0.0 0.0 0.0 0.0 0.0 0.0 0.0 0.0 0.0 0.041 0.714 0.959 0.775 1.0 0.111 0.014 1.000
1.0 0.0 0.0 0.0 0.0 0.0 0.0 0.0 0.0 0.0 0.061 0.694 0.939 0.754 1.0 0.139 0.027 1.000
0.0 1.0 0.0 0.0 0.0 0.0 0.0 0.0 0.0 0.0 0.061 0.694 0.939 0.754 2.0 0.125 0.055 1.000
0.0 0.0 1.0 0.0 0.0 0.0 0.0 0.0 1.0 0.0 0.041 0.714 0.959 0.775 3.0 0.153 0.041 1.000
1.0 0.0 0.0 0.0 0.0 0.0 0.0 0.0 0.0 0.0 0.041 0.714 0.959 0.775 1.0 0.111 0.014 1.000
1.0 0.0 0.0 0.0 0.0 0.0 0.0 0.0 0.0 0.0 0.041 0.714 0.959 0.775 1.0 0.139 0.014 1.000
1.0 0.0 0.0 0.0 0.0 0.0 0.0 0.0 0.0 0.0 0.041 0.714 0.959 0.775 1.0 0.125 0.014 1.000
0.0 0.0 1.0 0.0 0.0 0.0 0.0 0.0 1.0 0.0 0.041 0.714 0.959 0.775 3.0 0.181 0.041 1.000
1.0 0.0 0.0 0.0 0.0 0.0 0.0 0.0 0.0 0.0 0.041 0.714 0.959 0.775 1.0 0.111 0.014 1.000
1.0 0.0 0.0 0.0 0.0 0.0 0.0 0.0 0.0 0.0 0.041 0.796 0.796 0.796 1.0 0.111 0.014 0.040
1.0 0.0 0.0 0.0 0.0 0.0 0.0 0.0 0.0 0.0 0.041 0.714 0.959 0.775 1.0 0.111 0.014 1.000
1.0 0.0 0.0 0.0 0.0 0.0 0.0 0.0 0.0 0.0 0.041 0.796 0.796 0.796 1.0 0.111 0.014 0.040
1.0 0.0 0.0 0.0 0.0 0.0 0.0 0.0 0.0 0.0 0.061 0.694 0.939 0.754 1.0 0.125 0.027 1.000
1.0 0.0 0.0 0.0 0.0 0.0 0.0 0.0 0.0 0.0 0.061 0.776 0.776 0.776 1.0 0.125 0.027 0.040
1.0 0.0 0.0 0.0 0.0 0.0 0.0 0.0 0.0 0.0 0.041 0.714 0.959 0.775 1.0 0.111 0.014 1.000
1.0 0.0 0.0 0.0 0.0 0.0 0.0 0.0 0.0 0.0 0.041 0.796 0.796 0.796 1.0 0.111 0.014 0.040
0.0 0.0 1.0 0.0 0.0 0.0 0.0 0.0 0.0 0.0 0.041 0.878 0.878 0.878 2.0 0.125 0.041 0.040
0.0 0.0 1.0 0.0 0.0 0.0 0.0 0.0 0.0 0.0 0.041 0.857 0.857 0.857 2.0 0.125 0.041 0.040
1.0 0.0 0.0 0.0 0.0 0.0 0.0 0.0 0.0 0.0 0.061 0.694 0.939 0.754 1.0 0.139 0.027 1.000
1.0 0.0 0.0 0.0 0.0 0.0 0.0 0.0 0.0 0.0 0.061 0.694 0.939 0.754 1.0 0.139 0.027 1.000
1.0 0.0 0.0 0.0 0.0 0.0 0.0 0.0 0.0 0.0 0.061 0.694 0.939 0.754 1.0 0.139 0.027 1.000
1.0 0.0 0.0 0.0 0.0 0.0 0.0 0.0 0.0 0.0 0.061 0.694 0.939 0.754 1.0 0.139 0.027 1.000
1.0 0.0 0.0 0.0 0.0 0.0 0.0 0.0 0.0 0.0 0.041 0.714 0.959 0.775 1.0 0.125 0.014 1.000
1.0 0.0 0.0 0.0 0.0 0.0 0.0 0.0 0.0 0.0 0.041 0.714 0.959 0.775 1.0 0.125 0.014 1.000
1.0 0.0 0.0 0.0 0.0 0.0 0.0 0.0 0.0 0.0 0.041 0.857 0.857 0.857 1.0 0.125 0.014 0.040
1.0 0.0 0.0 0.0 0.0 0.0 0.0 0.0 0.0 0.0 0.041 0.714 0.959 0.775 1.0 0.125 0.014 1.000
1.0 0.0 0.0 0.0 0.0 0.0 0.0 0.0 0.0 0.0 0.041 0.714 0.959 0.775 1.0 0.139 0.014 1.000
1.0 0.0 0.0 0.0 0.0 0.0 0.0 0.0 0.0 0.0 0.041 0.837 0.837 0.837 1.0 0.139 0.014 0.040
1.0 0.0 0.0 0.0 0.0 0.0 0.0 0.0 0.0 0.0 0.041 0.714 0.959 0.775 1.0 0.111 0.014 1.000
1.0 0.0 0.0 0.0 0.0 0.0 0.0 0.0 0.0 0.0 0.041 0.714 0.959 0.775 1.0 0.125 0.014 1.000
0.0 0.0 1.0 0.0 0.0 0.0 0.0 0.0 1.0 0.0 0.041 0.714 0.959 0.775 3.0 0.181 0.041 1.000
1.0 0.0 0.0 0.0 0.0 0.0 0.0 0.0 0.0 0.0 0.041 0.714 0.959 0.775 1.0 0.125 0.014 1.000
1.0 0.0 0.0 0.0 0.0 0.0 0.0 0.0 0.0 0.0 0.041 0.714 0.959 0.775 1.0 0.139 0.014 1.000
1.0 0.0 0.0 0.0 0.0 0.0 0.0 0.0 0.0 0.0 0.041 0.714 0.959 0.775 1.0 0.139 0.014 1.000
1.0 0.0 0.0 0.0 0.0 0.0 0.0 0.0 0.0 0.0 0.041 0.714 0.959 0.775 1.0 0.111 0.014 1.000
1.0 0.0 0.0 0.0 0.0 0.0 0.0 0.0 0.0 0.0 0.041 0.714 0.959 0.775 1.0 0.125 0.014 1.000
1.0 0.0 0.0 0.0 0.0 0.0 0.0 0.0 0.0 0.0 0.041 0.714 0.959 0.775 1.0 0.125 0.014 1.000
1.0 0.0 0.0 0.0 0.0 0.0 0.0 0.0 0.0 0.0 0.041 0.714 0.959 0.775 1.0 0.125 0.014 1.000
1.0 0.0 0.0 0.0 0.0 0.0 0.0 0.0 0.0 0.0 0.061 0.694 0.939 0.754 1.0 0.139 0.027 1.000
1.0 0.0 0.0 0.0 0.0 0.0 0.0 0.0 0.0 0.0 0.041 0.714 0.959 0.775 1.0 0.125 0.014 1.000
0.0 1.0 0.0 0.0 0.0 0.0 0.0 0.0 0.0 0.0 0.061 0.857 0.857 0.857 1.0 0.111 0.041 0.040
0.0 1.0 0.0 0.0 0.0 0.0 0.0 0.0 0.0 0.0 0.061 0.837 0.837 0.837 1.0 0.111 0.041 0.040
0.0 1.0 0.0 0.0 0.0 0.0 0.0 0.0 0.0 0.0 0.061 0.694 0.939 0.754 1.0 0.097 0.014 1.000
0.0 1.0 0.0 0.0 0.0 0.0 0.0 0.0 0.0 0.0 0.061 0.694 0.939 0.754 1.0 0.097 0.014 1.000
0.0 1.0 0.0 0.0 0.0 0.0 0.0 0.0 0.0 0.0 0.061 0.837 0.837 0.837 1.0 0.097 0.014 0.040
0.0 1.0 0.0 0.0 0.0 0.0 0.0 0.0 0.0 0.0 0.061 0.837 0.837 0.837 1.0 0.097 0.014 0.040
0.0 1.0 0.0 0.0 0.0 0.0 0.0 0.0 0.0 0.0 0.061 0.694 0.939 0.754 1.0 0.097 0.014 1.000
0.0 1.0 0.0 0.0 0.0 0.0 0.0 0.0 0.0 0.0 0.082 0.673 0.918 0.734 1.0 0.097 0.055 1.000
0.0 1.0 0.0 0.0 0.0 0.0 0.0 0.0 0.0 0.0 0.061 0.694 0.939 0.754 1.0 0.097 0.014 1.000
0.0 1.0 0.0 0.0 0.0 0.0 0.0 0.0 0.0 0.0 0.061 0.694 0.939 0.754 1.0 0.097 0.014 1.000
0.0 1.0 0.0 0.0 0.0 0.0 0.0 0.0 0.0 0.0 0.061 0.694 0.939 0.754 1.0 0.111 0.041 1.000
0.0 0.0 1.0 0.0 0.0 0.0 0.0 0.0 1.0 0.0 0.061 0.816 0.816 0.816 2.0 0.153 0.041 0.040
0.0 0.0 1.0 0.0 0.0 0.0 0.0 0.0 1.0 0.0 0.061 0.837 0.837 0.837 2.0 0.153 0.041 0.040
0.0 0.0 0.0 1.0 0.0 0.0 0.0 0.0 1.0 0.0 0.061 0.694 0.939 0.754 2.0 0.222 0.041 1.000
0.0 0.0 0.0 1.0 0.0 0.0 0.0 0.0 1.0 0.0 0.061 0.694 0.939 0.754 2.0 0.236 0.041 1.000
0.0 0.0 0.0 1.0 0.0 0.0 0.0 0.0 1.0 0.0 0.061 0.694 0.939 0.754 2.0 0.167 0.041 1.000
0.0 0.0 0.0 1.0 0.0 0.0 0.0 0.0 1.0 0.0 0.061 0.694 0.939 0.754 2.0 0.167 0.041 1.000
0.0 1.0 0.0 0.0 0.0 0.0 0.0 0.0 0.0 0.0 0.061 0.776 0.776 0.776 1.0 0.097 0.014 0.040
0.0 1.0 0.0 0.0 0.0 0.0 0.0 0.0 0.0 0.0 0.061 0.694 0.939 0.754 1.0 0.097 0.014 1.000
0.0 1.0 0.0 0.0 0.0 0.0 0.0 0.0 0.0 0.0 0.061 0.776 0.776 0.776 1.0 0.097 0.014 0.040
0.0 1.0 0.0 0.0 0.0 0.0 0.0 0.0 0.0 0.0 0.061 0.694 0.939 0.754 1.0 0.097 0.014 1.000
0.0 1.0 0.0 0.0 0.0 0.0 0.0 0.0 0.0 0.0 0.082 0.755 0.755 0.755 1.0 0.097 0.027 0.040
0.0 1.0 0.0 0.0 0.0 0.0 0.0 0.0 0.0 0.0 0.082 0.673 0.918 0.734 2.0 0.097 0.041 1.000
0.0 1.0 0.0 0.0 0.0 0.0 0.0 0.0 0.0 0.0 0.061 0.776 0.776 0.776 1.0 0.097 0.014 0.040
0.0 1.0 0.0 0.0 0.0 0.0 0.0 0.0 0.0 0.0 0.061 0.694 0.939 0.754 1.0 0.097 0.014 1.000
0.0 0.0 0.0 1.0 0.0 0.0 0.0 0.0 0.0 0.0 0.061 0.694 0.939 0.773 4.0 0.389 0.068 0.640
0.0 0.0 0.0 1.0 0.0 0.0 0.0 0.0 0.0 0.0 0.061 0.694 0.939 0.770 4.0 0.389 0.068 0.640
0.0 0.0 0.0 1.0 0.0 0.0 0.0 0.0 0.0 0.0 0.061 0.694 0.939 0.754 3.0 0.611 0.055 1.000
0.0 0.0 1.0 0.0 0.0 0.0 0.0 0.0 0.0 0.0 0.061 0.776 0.776 0.776 3.0 0.500 0.055 0.040
1.0 0.0 0.0 0.0 0.0 0.0 0.0 0.0 0.0 0.0 0.061 0.694 0.939 0.754 1.0 0.125 0.014 1.000
0.0 1.0 0.0 0.0 0.0 0.0 0.0 0.0 0.0 0.0 0.082 0.673 0.918 0.734 1.0 0.097 0.027 1.000
1.0 0.0 0.0 0.0 0.0 0.0 0.0 0.0 0.0 0.0 0.061 0.694 0.939 0.754 1.0 0.125 0.014 1.000
0.0 1.0 0.0 0.0 0.0 0.0 0.0 0.0 0.0 0.0 0.082 0.673 0.918 0.734 1.0 0.097 0.027 1.000
1.0 0.0 0.0 0.0 0.0 0.0 0.0 0.0 0.0 0.0 0.061 0.694 0.939 0.754 1.0 0.125 0.014 1.000
0.0 1.0 0.0 0.0 0.0 0.0 0.0 0.0 0.0 0.0 0.082 0.673 0.918 0.734 1.0 0.097 0.027 1.000
1.0 0.0 0.0 0.0 0.0 0.0 0.0 0.0 0.0 0.0 0.061 0.694 0.939 0.754 1.0 0.125 0.014 1.000
0.0 1.0 0.0 0.0 0.0 0.0 0.0 0.0 0.0 0.0 0.082 0.673 0.918 0.734 1.0 0.097 0.027 1.000
1.0 0.0 0.0 0.0 0.0 0.0 0.0 0.0 0.0 0.0 0.061 0.694 0.939 0.754 1.0 0.125 0.014 1.000
0.0 1.0 0.0 0.0 0.0 0.0 0.0 0.0 0.0 0.0 0.061 0.694 0.939 0.754 1.0 0.097 0.014 1.000
1.0 0.0 0.0 0.0 0.0 0.0 0.0 0.0 0.0 0.0 0.061 0.694 0.939 0.754 1.0 0.125 0.014 1.000
0.0 1.0 0.0 0.0 0.0 0.0 0.0 0.0 0.0 0.0 0.061 0.694 0.939 0.754 1.0 0.097 0.014 1.000
1.0 0.0 0.0 0.0 0.0 0.0 0.0 0.0 0.0 0.0 0.061 0.816 0.816 0.816 1.0 0.125 0.027 0.040
1.0 0.0 0.0 0.0 0.0 0.0 0.0 0.0 0.0 0.0 0.061 0.694 0.939 0.754 1.0 0.125 0.027 1.000
1.0 0.0 0.0 0.0 0.0 0.0 0.0 0.0 0.0 0.0 0.061 0.837 0.837 0.837 1.0 0.125 0.014 0.040
0.0 1.0 0.0 0.0 0.0 0.0 0.0 0.0 0.0 0.0 0.061 0.837 0.837 0.837 1.0 0.097 0.014 0.040
1.0 0.0 0.0 0.0 0.0 0.0 0.0 0.0 0.0 0.0 0.061 0.694 0.939 0.754 1.0 0.125 0.014 1.000
0.0 1.0 0.0 0.0 0.0 0.0 0.0 0.0 0.0 0.0 0.061 0.694 0.939 0.754 1.0 0.097 0.014 1.000
0.0 1.0 0.0 0.0 0.0 0.0 0.0 0.0 0.0 0.0 0.082 0.673 0.918 0.734 2.0 0.111 0.041 1.000
1.0 0.0 0.0 0.0 0.0 0.0 0.0 0.0 0.0 0.0 0.061 0.694 0.939 0.754 1.0 0.097 0.027 1.000
0.0 1.0 0.0 0.0 0.0 0.0 0.0 0.0 0.0 0.0 0.061 0.694 0.939 0.754 1.0 0.097 0.014 1.000
1.0 0.0 0.0 0.0 0.0 0.0 0.0 0.0 0.0 0.0 0.061 0.816 0.816 0.816 1.0 0.125 0.027 0.040
0.0 1.0 0.0 0.0 0.0 0.0 0.0 0.0 0.0 0.0 0.061 0.816 0.816 0.816 1.0 0.097 0.014 0.040
0.0 1.0 0.0 0.0 0.0 0.0 0.0 0.0 0.0 0.0 0.082 0.918 0.918 0.918 2.0 0.111 0.055 0.040
1.0 0.0 0.0 0.0 0.0 0.0 0.0 0.0 0.0 0.0 0.061 0.939 0.939 0.939 1.0 0.111 0.041 0.040
0.0 1.0 0.0 0.0 0.0 0.0 0.0 0.0 0.0 0.0 0.061 0.939 0.939 0.939 1.0 0.097 0.014 0.040
1.0 0.0 0.0 0.0 0.0 0.0 0.0 0.0 0.0 0.0 0.061 0.694 0.939 0.754 1.0 0.139 0.041 1.000
0.0 1.0 0.0 0.0 0.0 0.0 0.0 0.0 0.0 0.0 0.061 0.694 0.939 0.754 1.0 0.097 0.014 1.000
0.0 1.0 0.0 0.0 0.0 0.0 0.0 0.0 0.0 0.0 0.061 0.694 0.939 0.754 1.0 0.097 0.014 1.000
0.0 1.0 0.0 0.0 0.0 0.0 0.0 0.0 0.0 0.0 0.082 0.673 0.918 0.734 1.0 0.097 0.027 1.000
0.0 1.0 0.0 0.0 0.0 0.0 0.0 0.0 0.0 0.0 0.061 0.694 0.939 0.754 2.0 0.097 0.055 1.000
0.0 1.0 0.0 0.0 0.0 0.0 0.0 0.0 0.0 0.0 0.082 0.673 0.918 0.734 1.0 0.083 0.055 1.000
0.0 1.0 0.0 0.0 0.0 0.0 0.0 0.0 0.0 0.0 0.061 0.694 0.939 0.754 1.0 0.097 0.014 1.000
0.0 1.0 0.0 0.0 0.0 0.0 0.0 0.0 0.0 0.0 0.061 0.694 0.939 0.754 1.0 0.097 0.014 1.000
1.0 0.0 0.0 0.0 0.0 0.0 0.0 0.0 0.0 0.0 0.061 0.694 0.939 0.754 1.0 0.125 0.014 1.000
0.0 1.0 0.0 0.0 0.0 0.0 0.0 0.0 0.0 0.0 0.061 0.694 0.939 0.754 1.0 0.097 0.014 1.000
0.0 1.0 0.0 0.0 0.0 0.0 0.0 0.0 0.0 0.0 0.082 0.673 0.918 0.734 2.0 0.111 0.027 1.000
1.0 0.0 0.0 0.0 0.0 0.0 0.0 0.0 0.0 0.0 0.061 0.694 0.939 0.754 1.0 0.097 0.014 1.000
0.0 1.0 0.0 0.0 0.0 0.0 0.0 0.0 0.0 0.0 0.061 0.694 0.939 0.754 1.0 0.097 0.014 1.000
0.0 1.0 0.0 0.0 0.0 0.0 0.0 0.0 0.0 0.0 0.061 0.694 0.939 0.754 1.0 0.097 0.014 1.000
0.0 1.0 0.0 0.0 0.0 0.0 0.0 0.0 0.0 0.0 0.061 0.694 0.939 0.754 1.0 0.097 0.014 1.000
0.0 1.0 0.0 0.0 0.0 0.0 0.0 0.0 0.0 0.0 0.082 0.673 0.918 0.734 1.0 0.097 0.027 1.000
0.0 1.0 0.0 0.0 0.0 0.0 0.0 0.0 0.0 0.0 0.061 0.694 0.939 0.754 1.0 0.097 0.014 1.000
0.0 1.0 0.0 0.0 0.0 0.0 0.0 0.0 0.0 0.0 0.061 0.694 0.939 0.754 1.0 0.097 0.014 1.000
0.0 1.0 0.0 0.0 0.0 0.0 0.0 0.0 0.0 0.0 0.061 0.694 0.939 0.754 1.0 0.097 0.014 1.000
0.0 1.0 0.0 0.0 0.0 0.0 0.0 0.0 0.0 0.0 0.082 0.673 0.918 0.734 1.0 0.097 0.027 1.000
0.0 1.0 0.0 0.0 0.0 0.0 0.0 0.0 0.0 0.0 0.061 0.694 0.939 0.754 1.0 0.097 0.014 1.000
1.0 0.0 0.0 0.0 0.0 0.0 0.0 0.0 0.0 0.0 0.082 0.673 0.918 0.734 1.0 0.125 0.027 1.000
1.0 0.0 0.0 0.0 0.0 0.0 0.0 0.0 0.0 0.0 0.082 0.673 0.918 0.734 1.0 0.125 0.027 1.000
1.0 0.0 0.0 0.0 0.0 0.0 0.0 0.0 0.0 0.0 0.061 0.694 0.939 0.754 1.0 0.125 0.014 1.000
1.0 0.0 0.0 0.0 0.0 0.0 0.0 0.0 0.0 0.0 0.061 0.694 0.939 0.754 1.0 0.125 0.014 1.000
1.0 0.0 0.0 0.0 0.0 0.0 0.0 0.0 0.0 0.0 0.061 0.694 0.939 0.754 1.0 0.125 0.014 1.000
1.0 0.0 0.0 0.0 0.0 0.0 0.0 0.0 0.0 0.0 0.061 0.694 0.939 0.754 1.0 0.125 0.014 1.000
1.0 0.0 0.0 0.0 0.0 0.0 0.0 0.0 0.0 0.0 0.061 0.816 0.816 0.816 1.0 0.125 0.014 0.040
1.0 0.0 0.0 0.0 0.0 0.0 0.0 0.0 0.0 0.0 0.061 0.694 0.939 0.754 1.0 0.125 0.014 1.000
1.0 0.0 0.0 0.0 0.0 0.0 0.0 0.0 0.0 0.0 0.061 0.837 0.837 0.837 1.0 0.125 0.014 0.040
0.0 1.0 0.0 0.0 0.0 0.0 0.0 0.0 0.0 0.0 0.082 0.673 0.918 0.734 2.0 0.111 0.027 1.000
1.0 0.0 0.0 0.0 0.0 0.0 0.0 0.0 0.0 0.0 0.061 0.694 0.939 0.754 1.0 0.097 0.014 1.000
1.0 0.0 0.0 0.0 0.0 0.0 0.0 0.0 0.0 0.0 0.061 0.694 0.939 0.754 1.0 0.125 0.014 1.000
1.0 0.0 0.0 0.0 0.0 0.0 0.0 0.0 0.0 0.0 0.061 0.816 0.816 0.816 1.0 0.125 0.014 0.040
1.0 0.0 0.0 0.0 0.0 0.0 0.0 0.0 0.0 0.0 0.061 0.694 0.939 0.754 1.0 0.125 0.014 1.000
1.0 0.0 0.0 0.0 0.0 0.0 0.0 0.0 0.0 0.0 0.061 0.694 0.939 0.754 1.0 0.125 0.014 1.000
0.0 0.0 0.0 1.0 0.0 0.0 0.0 0.0 0.0 0.0 0.082 0.673 0.918 0.734 2.0 0.125 0.027 1.000
0.0 0.0 0.0 1.0 0.0 0.0 0.0 0.0 0.0 0.0 0.082 0.673 0.918 0.734 2.0 0.125 0.027 1.000
0.0 0.0 0.0 1.0 0.0 0.0 0.0 0.0 0.0 0.0 0.082 0.816 0.816 0.816 2.0 0.125 0.027 0.040
0.0 0.0 0.0 1.0 0.0 0.0 0.0 0.0 0.0 0.0 0.082 0.816 0.816 0.816 2.0 0.125 0.027 0.040
0.0 0.0 0.0 1.0 0.0 0.0 0.0 0.0 0.0 0.0 0.082 0.673 0.918 0.734 2.0 0.139 0.055 1.000
0.0 0.0 0.0 1.0 0.0 0.0 0.0 0.0 0.0 0.0 0.082 0.673 0.918 0.734 2.0 0.125 0.055 1.000
0.0 0.0 0.0 1.0 0.0 0.0 0.0 0.0 0.0 0.0 0.082 0.673 0.918 0.734 2.0 0.139 0.027 1.000
0.0 0.0 0.0 1.0 0.0 0.0 0.0 0.0 0.0 0.0 0.082 0.673 0.918 0.734 2.0 0.139 0.027 1.000
0.0 0.0 0.0 1.0 0.0 0.0 0.0 0.0 0.0 0.0 0.102 0.653 0.898 0.713 2.0 0.139 0.068 1.000
0.0 0.0 0.0 1.0 0.0 0.0 0.0 0.0 0.0 0.0 0.082 0.673 0.918 0.734 2.0 0.153 0.055 1.000
0.0 0.0 0.0 1.0 0.0 0.0 0.0 0.0 0.0 0.0 0.082 0.673 0.918 0.734 2.0 0.139 0.027 1.000
0.0 0.0 0.0 1.0 0.0 0.0 0.0 0.0 0.0 0.0 0.082 0.673 0.918 0.734 2.0 0.139 0.027 1.000
0.0 0.0 0.0 1.0 0.0 0.0 0.0 0.0 0.0 0.0 0.082 0.673 0.918 0.734 2.0 0.139 0.027 1.000
0.0 0.0 0.0 1.0 0.0 0.0 0.0 0.0 0.0 0.0 0.082 0.673 0.918 0.734 2.0 0.139 0.027 1.000
0.0 0.0 0.0 1.0 0.0 0.0 0.0 0.0 0.0 0.0 0.102 0.653 0.898 0.713 2.0 0.139 0.041 1.000
0.0 0.0 0.0 1.0 0.0 0.0 0.0 0.0 0.0 0.0 0.082 0.673 0.918 0.734 2.0 0.139 0.041 1.000
0.0 1.0 0.0 0.0 0.0 0.0 0.0 0.0 0.0 0.0 0.082 0.673 0.918 0.734 1.0 0.097 0.014 1.000
0.0 1.0 0.0 0.0 0.0 0.0 0.0 0.0 0.0 0.0 0.082 0.673 0.918 0.734 1.0 0.097 0.014 1.000
0.0 0.0 0.0 1.0 0.0 0.0 0.0 0.0 0.0 0.0 0.102 0.653 0.898 0.713 2.0 0.125 0.027 1.000
0.0 1.0 0.0 0.0 0.0 0.0 0.0 0.0 0.0 0.0 0.082 0.673 0.918 0.734 1.0 0.097 0.014 1.000
0.0 1.0 0.0 0.0 0.0 0.0 0.0 0.0 0.0 0.0 0.082 0.673 0.918 0.734 1.0 0.097 0.014 1.000
0.0 1.0 0.0 0.0 0.0 0.0 0.0 0.0 0.0 0.0 0.082 0.673 0.918 0.734 1.0 0.097 0.014 1.000
0.0 1.0 0.0 0.0 0.0 0.0 0.0 0.0 0.0 0.0 0.082 0.673 0.918 0.734 1.0 0.097 0.014 1.000
0.0 1.0 0.0 0.0 0.0 0.0 0.0 0.0 0.0 0.0 0.082 0.673 0.918 0.734 1.0 0.097 0.027 1.000
0.0 1.0 0.0 0.0 0.0 0.0 0.0 0.0 0.0 0.0 0.082 0.673 0.918 0.734 1.0 0.097 0.014 1.000
0.0 1.0 0.0 0.0 0.0 0.0 0.0 0.0 0.0 0.0 0.082 0.796 0.796 0.796 1.0 0.097 0.027 0.040
0.0 0.0 0.0 1.0 0.0 0.0 0.0 0.0 0.0 0.0 0.102 0.796 0.796 0.796 2.0 0.139 0.027 0.040
0.0 1.0 0.0 0.0 0.0 0.0 0.0 0.0 0.0 0.0 0.082 0.673 0.918 0.734 1.0 0.097 0.041 1.000
0.0 0.0 0.0 1.0 0.0 0.0 0.0 0.0 0.0 0.0 0.082 0.673 0.918 0.734 2.0 0.125 0.055 1.000
0.0 1.0 0.0 0.0 0.0 0.0 0.0 0.0 0.0 0.0 0.102 0.653 0.898 0.713 1.0 0.097 0.027 1.000
0.0 1.0 0.0 0.0 0.0 0.0 0.0 0.0 0.0 0.0 0.122 0.633 0.878 0.693 2.0 0.097 0.068 1.000
0.0 0.0 0.0 1.0 0.0 0.0 0.0 0.0 0.0 0.0 0.102 0.653 0.898 0.713 2.0 0.125 0.055 1.000
0.0 1.0 0.0 0.0 0.0 0.0 0.0 0.0 0.0 0.0 0.082 0.755 0.755 0.755 1.0 0.111 0.041 0.040
1.0 0.0 0.0 0.0 0.0 0.0 0.0 0.0 0.0 0.0 0.082 0.673 0.918 0.734 1.0 0.347 0.041 1.000
0.0 1.0 0.0 0.0 0.0 0.0 0.0 0.0 0.0 0.0 0.082 0.755 0.755 0.755 1.0 0.111 0.041 0.040
1.0 0.0 0.0 0.0 0.0 0.0 0.0 0.0 0.0 0.0 0.082 0.673 0.918 0.734 1.0 0.375 0.041 1.000
0.0 0.0 0.0 1.0 0.0 0.0 0.0 0.0 0.0 0.0 0.082 0.673 0.918 0.753 2.0 0.986 0.082 0.640
0.0 0.0 0.0 1.0 0.0 0.0 0.0 0.0 0.0 0.0 0.082 0.673 0.918 0.750 2.0 1.000 0.082 0.640
0.0 1.0 0.0 0.0 0.0 0.0 0.0 0.0 0.0 0.0 0.102 0.653 0.898 0.713 1.0 0.097 0.027 1.000
0.0 0.0 0.0 1.0 0.0 0.0 0.0 0.0 0.0 0.0 0.102 0.653 0.898 0.713 2.0 0.139 0.055 1.000
0.0 1.0 0.0 0.0 0.0 0.0 0.0 0.0 0.0 0.0 0.102 0.653 0.898 0.713 1.0 0.097 0.027 1.000
0.0 0.0 0.0 1.0 0.0 0.0 0.0 0.0 0.0 0.0 0.102 0.653 0.898 0.713 2.0 0.139 0.055 1.000
0.0 1.0 0.0 0.0 0.0 0.0 0.0 0.0 0.0 0.0 0.082 0.673 0.918 0.734 1.0 0.097 0.014 1.000
0.0 0.0 0.0 1.0 0.0 0.0 0.0 0.0 0.0 0.0 0.102 0.653 0.898 0.713 2.0 0.139 0.041 1.000
0.0 1.0 0.0 0.0 0.0 0.0 0.0 0.0 0.0 0.0 0.082 0.673 0.918 0.734 2.0 0.083 0.027 1.000
0.0 1.0 0.0 0.0 0.0 0.0 0.0 0.0 0.0 0.0 0.102 0.653 0.898 0.713 1.0 0.083 0.027 1.000
0.0 0.0 0.0 1.0 0.0 0.0 0.0 0.0 0.0 0.0 0.102 0.653 0.898 0.713 2.0 0.139 0.041 1.000
0.0 1.0 0.0 0.0 0.0 0.0 0.0 0.0 0.0 0.0 0.082 0.673 0.918 0.734 2.0 0.083 0.027 1.000
0.0 1.0 0.0 0.0 0.0 0.0 0.0 0.0 0.0 0.0 0.102 0.653 0.898 0.713 1.0 0.083 0.027 1.000
0.0 0.0 0.0 1.0 0.0 0.0 0.0 0.0 0.0 0.0 0.082 0.673 0.918 0.734 2.0 0.139 0.027 1.000
0.0 1.0 0.0 0.0 0.0 0.0 0.0 0.0 0.0 0.0 0.082 0.673 0.918 0.734 2.0 0.083 0.027 1.000
0.0 1.0 0.0 0.0 0.0 0.0 0.0 0.0 0.0 0.0 0.102 0.653 0.898 0.713 1.0 0.083 0.027 1.000
0.0 0.0 0.0 1.0 0.0 0.0 0.0 0.0 0.0 0.0 0.082 0.673 0.918 0.734 2.0 0.139 0.027 1.000
0.0 1.0 0.0 0.0 0.0 0.0 0.0 0.0 0.0 0.0 0.082 0.796 0.796 0.796 1.0 0.097 0.014 0.040
0.0 1.0 0.0 0.0 0.0 0.0 0.0 0.0 0.0 0.0 0.082 0.796 0.796 0.796 1.0 0.097 0.027 0.040
0.0 1.0 0.0 0.0 0.0 0.0 0.0 0.0 0.0 0.0 0.082 0.673 0.918 0.734 1.0 0.097 0.014 1.000
0.0 1.0 0.0 0.0 0.0 0.0 0.0 0.0 0.0 0.0 0.082 0.816 0.816 0.816 1.0 0.097 0.014 0.040
0.0 0.0 0.0 1.0 0.0 0.0 0.0 0.0 0.0 0.0 0.082 0.816 0.816 0.816 2.0 0.139 0.027 0.040
0.0 1.0 0.0 0.0 0.0 0.0 0.0 0.0 0.0 0.0 0.082 0.816 0.816 0.816 1.0 0.097 0.014 0.040
0.0 1.0 0.0 0.0 0.0 0.0 0.0 0.0 0.0 0.0 0.102 0.653 0.898 0.713 1.0 0.097 0.027 1.000
0.0 0.0 0.0 1.0 0.0 0.0 0.0 0.0 0.0 0.0 0.102 0.653 0.898 0.713 2.0 0.139 0.041 1.000
0.0 1.0 0.0 0.0 0.0 0.0 0.0 0.0 0.0 0.0 0.082 0.673 0.918 0.734 1.0 0.097 0.014 1.000
0.0 1.0 0.0 0.0 0.0 0.0 0.0 0.0 0.0 0.0 0.102 0.653 0.898 0.713 2.0 0.111 0.041 1.000
0.0 0.0 0.0 1.0 0.0 0.0 0.0 0.0 0.0 0.0 0.082 0.673 0.918 0.734 2.0 0.111 0.027 1.000
0.0 1.0 0.0 0.0 0.0 0.0 0.0 0.0 0.0 0.0 0.102 0.653 0.898 0.713 1.0 0.097 0.041 1.000
0.0 1.0 0.0 0.0 0.0 0.0 0.0 0.0 0.0 0.0 0.082 0.796 0.796 0.796 2.0 0.083 0.027 0.040
0.0 1.0 0.0 0.0 0.0 0.0 0.0 0.0 0.0 0.0 0.102 0.776 0.776 0.776 1.0 0.083 0.027 0.040
0.0 0.0 0.0 1.0 0.0 0.0 0.0 0.0 0.0 0.0 0.082 0.796 0.796 0.796 2.0 0.139 0.027 0.040
0.0 1.0 0.0 0.0 0.0 0.0 0.0 0.0 0.0 0.0 0.102 0.898 0.898 0.898 1.0 0.097 0.055 0.040
0.0 1.0 0.0 0.0 0.0 0.0 0.0 0.0 0.0 0.0 0.122 0.878 0.878 0.878 2.0 0.111 0.082 0.040
0.0 0.0 0.0 1.0 0.0 0.0 0.0 0.0 0.0 0.0 0.102 0.898 0.898 0.898 2.0 0.111 0.068 0.040
0.0 0.0 0.0 1.0 0.0 0.0 0.0 0.0 0.0 0.0 0.102 0.653 0.898 0.713 2.0 0.167 0.027 1.000
0.0 0.0 0.0 1.0 0.0 0.0 0.0 0.0 0.0 0.0 0.122 0.633 0.878 0.693 2.0 0.167 0.068 1.000
0.0 1.0 0.0 0.0 0.0 0.0 0.0 0.0 0.0 0.0 0.082 0.673 0.918 0.734 1.0 0.097 0.014 1.000
0.0 0.0 0.0 1.0 0.0 0.0 0.0 0.0 0.0 0.0 0.082 0.673 0.918 0.734 2.0 0.139 0.027 1.000
0.0 1.0 0.0 0.0 0.0 0.0 0.0 0.0 0.0 0.0 0.082 0.673 0.918 0.734 1.0 0.097 0.014 1.000
0.0 1.0 0.0 0.0 0.0 0.0 0.0 0.0 0.0 0.0 0.082 0.673 0.918 0.734 1.0 0.097 0.014 1.000
0.0 0.0 0.0 1.0 0.0 0.0 0.0 0.0 0.0 0.0 0.082 0.673 0.918 0.734 2.0 0.139 0.027 1.000
0.0 0.0 0.0 1.0 0.0 0.0 0.0 0.0 0.0 0.0 0.102 0.653 0.898 0.713 2.0 0.167 0.027 1.000
0.0 0.0 0.0 1.0 0.0 0.0 0.0 0.0 0.0 0.0 0.102 0.653 0.898 0.713 2.0 0.167 0.027 1.000
0.0 0.0 0.0 1.0 0.0 0.0 0.0 0.0 0.0 0.0 0.122 0.633 0.878 0.693 2.0 0.167 0.041 1.000
1.0 0.0 0.0 0.0 0.0 0.0 0.0 0.0 0.0 0.0 0.082 0.673 0.918 0.734 1.0 0.125 0.041 1.000
1.0 0.0 0.0 0.0 0.0 0.0 0.0 0.0 0.0 0.0 0.082 0.755 0.755 0.755 1.0 0.125 0.041 0.040
1.0 0.0 0.0 0.0 0.0 0.0 0.0 0.0 0.0 0.0 0.082 0.673 0.918 0.734 1.0 0.125 0.041 1.000
1.0 0.0 0.0 0.0 0.0 0.0 0.0 0.0 0.0 0.0 0.082 0.755 0.755 0.755 1.0 0.125 0.041 0.040
0.0 1.0 0.0 0.0 0.0 0.0 0.0 0.0 0.0 0.0 0.122 0.633 0.878 0.693 2.0 0.097 0.041 1.000
0.0 1.0 0.0 0.0 0.0 0.0 0.0 0.0 0.0 0.0 0.143 0.612 0.857 0.673 1.0 0.125 0.041 1.000
0.0 0.0 0.0 1.0 0.0 0.0 0.0 0.0 0.0 0.0 0.102 0.653 0.898 0.713 2.0 0.125 0.055 1.000
0.0 0.0 0.0 1.0 0.0 0.0 0.0 0.0 0.0 0.0 0.122 0.633 0.878 0.693 2.0 0.139 0.055 1.000
0.0 0.0 0.0 1.0 0.0 0.0 0.0 0.0 0.0 0.0 0.122 0.633 0.878 0.693 2.0 0.139 0.055 1.000
0.0 0.0 0.0 1.0 0.0 0.0 0.0 0.0 0.0 0.0 0.102 0.653 0.898 0.713 2.0 0.139 0.041 1.000
0.0 0.0 0.0 1.0 0.0 0.0 0.0 0.0 0.0 0.0 0.122 0.633 0.878 0.693 2.0 0.139 0.055 1.000
0.0 0.0 0.0 1.0 0.0 0.0 0.0 0.0 0.0 0.0 0.122 0.633 0.878 0.693 2.0 0.139 0.041 1.000
0.0 0.0 0.0 1.0 0.0 0.0 0.0 0.0 0.0 0.0 0.122 0.633 0.878 0.693 2.0 0.139 0.041 1.000
0.0 0.0 0.0 1.0 0.0 0.0 0.0 0.0 0.0 0.0 0.102 0.796 0.796 0.796 2.0 0.139 0.027 0.040
0.0 0.0 0.0 1.0 0.0 0.0 0.0 0.0 0.0 0.0 0.122 0.633 0.878 0.693 2.0 0.139 0.041 1.000
0.0 0.0 0.0 1.0 0.0 0.0 0.0 0.0 0.0 0.0 0.102 0.653 0.898 0.713 2.0 0.139 0.027 1.000
0.0 0.0 0.0 1.0 0.0 0.0 0.0 0.0 0.0 0.0 0.122 0.755 0.755 0.755 2.0 0.139 0.041 0.040
0.0 1.0 0.0 0.0 0.0 0.0 0.0 0.0 0.0 0.0 0.122 0.776 0.776 0.776 1.0 0.125 0.027 0.040
0.0 0.0 0.0 1.0 0.0 0.0 0.0 0.0 0.0 0.0 0.122 0.878 0.878 0.878 2.0 0.139 0.068 0.040
0.0 0.0 0.0 1.0 0.0 0.0 0.0 0.0 0.0 0.0 0.102 0.653 0.898 0.713 2.0 0.139 0.027 1.000
0.0 0.0 0.0 1.0 0.0 0.0 0.0 0.0 0.0 0.0 0.102 0.653 0.898 0.713 2.0 0.139 0.027 1.000
0.0 1.0 0.0 0.0 0.0 0.0 0.0 0.0 0.0 0.0 0.143 0.612 0.857 0.673 1.0 0.111 0.068 1.000
0.0 0.0 0.0 1.0 0.0 0.0 0.0 0.0 0.0 0.0 0.122 0.633 0.878 0.693 2.0 0.139 0.055 1.000
0.0 0.0 0.0 1.0 0.0 0.0 0.0 0.0 0.0 0.0 0.143 0.612 0.857 0.673 2.0 0.139 0.055 1.000
0.0 1.0 0.0 0.0 0.0 0.0 0.0 0.0 0.0 0.0 0.143 0.612 0.857 0.673 1.0 0.111 0.041 1.000
0.0 1.0 0.0 0.0 0.0 0.0 0.0 0.0 0.0 0.0 0.102 0.735 0.735 0.735 1.0 0.097 0.041 0.040
0.0 1.0 0.0 0.0 0.0 0.0 0.0 0.0 0.0 0.0 0.102 0.653 0.898 0.713 2.0 0.083 0.055 1.000
0.0 1.0 0.0 0.0 0.0 0.0 0.0 0.0 0.0 0.0 0.122 0.633 0.878 0.693 1.0 0.083 0.055 1.000
0.0 1.0 0.0 0.0 0.0 0.0 0.0 0.0 0.0 0.0 0.102 0.735 0.735 0.735 1.0 0.097 0.041 0.040
0.0 1.0 0.0 0.0 0.0 0.0 0.0 0.0 0.0 0.0 0.102 0.653 0.898 0.713 1.0 0.097 0.041 1.000
0.0 0.0 0.0 1.0 0.0 0.0 0.0 0.0 0.0 0.0 0.143 0.612 0.857 0.673 2.0 0.167 0.055 1.000
0.0 0.0 0.0 1.0 0.0 0.0 0.0 0.0 0.0 0.0 0.143 0.612 0.857 0.673 2.0 0.167 0.055 1.000
0.0 0.0 0.0 1.0 0.0 0.0 0.0 0.0 0.0 0.0 0.122 0.633 0.878 0.693 2.0 0.167 0.041 1.000
0.0 0.0 0.0 1.0 0.0 0.0 0.0 0.0 0.0 0.0 0.143 0.612 0.857 0.673 2.0 0.167 0.055 1.000
0.0 0.0 0.0 1.0 0.0 0.0 0.0 0.0 0.0 0.0 0.143 0.612 0.857 0.673 2.0 0.167 0.041 1.000
0.0 0.0 0.0 1.0 0.0 0.0 0.0 0.0 0.0 0.0 0.143 0.612 0.857 0.673 2.0 0.167 0.041 1.000
0.0 0.0 0.0 1.0 0.0 0.0 0.0 0.0 0.0 0.0 0.122 0.776 0.776 0.776 2.0 0.167 0.027 0.040
0.0 0.0 0.0 1.0 0.0 0.0 0.0 0.0 0.0 0.0 0.143 0.612 0.857 0.673 2.0 0.167 0.041 1.000
0.0 0.0 0.0 1.0 0.0 0.0 0.0 0.0 0.0 0.0 0.122 0.633 0.878 0.693 2.0 0.153 0.041 1.000
0.0 0.0 0.0 1.0 0.0 0.0 0.0 0.0 0.0 0.0 0.143 0.735 0.735 0.735 2.0 0.167 0.041 0.040
0.0 0.0 0.0 1.0 0.0 0.0 0.0 0.0 0.0 0.0 0.143 0.857 0.857 0.857 2.0 0.153 0.082 0.040
0.0 1.0 0.0 0.0 0.0 0.0 0.0 0.0 0.0 0.0 0.122 0.633 0.878 0.693 2.0 0.097 0.041 1.000
0.0 1.0 0.0 0.0 0.0 0.0 0.0 0.0 0.0 0.0 0.143 0.612 0.857 0.673 1.0 0.083 0.041 1.000
0.0 0.0 0.0 1.0 0.0 0.0 0.0 0.0 0.0 0.0 0.122 0.633 0.878 0.693 2.0 0.153 0.055 1.000
0.0 1.0 0.0 0.0 0.0 0.0 0.0 0.0 0.0 0.0 0.143 0.612 0.857 0.673 1.0 0.111 0.068 1.000
0.0 0.0 0.0 1.0 0.0 0.0 0.0 0.0 0.0 0.0 0.143 0.612 0.857 0.673 2.0 0.153 0.082 1.000
0.0 0.0 0.0 1.0 0.0 0.0 0.0 0.0 0.0 0.0 0.122 0.633 0.878 0.693 2.0 0.167 0.027 1.000
0.0 0.0 0.0 1.0 0.0 0.0 0.0 0.0 0.0 0.0 0.122 0.633 0.878 0.693 2.0 0.167 0.027 1.000
0.0 1.0 0.0 0.0 0.0 0.0 0.0 0.0 0.0 0.0 0.122 0.633 0.878 0.693 1.0 0.111 0.027 1.000
0.0 0.0 0.0 1.0 0.0 0.0 0.0 0.0 0.0 0.0 0.122 0.633 0.878 0.693 2.0 0.153 0.055 1.000
0.0 1.0 0.0 0.0 0.0 0.0 0.0 0.0 0.0 0.0 0.122 0.633 0.878 0.693 1.0 0.111 0.027 1.000
0.0 0.0 0.0 1.0 0.0 0.0 0.0 0.0 0.0 0.0 0.122 0.633 0.878 0.693 2.0 0.153 0.041 1.000
0.0 1.0 0.0 0.0 0.0 0.0 0.0 0.0 0.0 0.0 0.143 0.755 0.755 0.755 1.0 0.097 0.027 0.040
0.0 0.0 0.0 1.0 0.0 0.0 0.0 0.0 0.0 0.0 0.163 0.592 0.837 0.652 2.0 0.125 0.055 1.000
0.0 1.0 0.0 0.0 0.0 0.0 0.0 0.0 0.0 0.0 0.163 0.592 0.837 0.652 1.0 0.097 0.068 1.000
1.0 0.0 0.0 0.0 0.0 0.0 0.0 0.0 0.0 0.0 0.163 0.592 0.837 0.652 1.0 0.125 0.041 1.000
1.0 0.0 0.0 0.0 0.0 0.0 0.0 0.0 0.0 0.0 0.163 0.755 0.755 0.755 1.0 0.125 0.041 0.040
0.0 0.0 0.0 1.0 0.0 0.0 0.0 0.0 0.0 0.0 0.163 0.592 0.837 0.652 2.0 0.139 0.068 1.000
0.0 0.0 0.0 1.0 0.0 0.0 0.0 0.0 0.0 0.0 0.163 0.592 0.837 0.652 2.0 0.139 0.082 1.000
0.0 0.0 0.0 1.0 0.0 0.0 0.0 0.0 0.0 0.0 0.143 0.612 0.857 0.673 2.0 0.139 0.055 1.000
0.0 0.0 0.0 1.0 0.0 0.0 0.0 0.0 0.0 0.0 0.143 0.612 0.857 0.673 2.0 0.139 0.041 1.000
0.0 1.0 0.0 0.0 0.0 0.0 0.0 0.0 0.0 0.0 0.143 0.612 0.857 0.673 1.0 0.125 0.055 1.000
0.0 0.0 0.0 1.0 0.0 0.0 0.0 0.0 0.0 0.0 0.163 0.592 0.837 0.652 2.0 0.139 0.068 1.000
0.0 1.0 0.0 0.0 0.0 0.0 0.0 0.0 0.0 0.0 0.163 0.592 0.837 0.652 1.0 0.111 0.055 1.000
0.0 0.0 0.0 1.0 0.0 0.0 0.0 0.0 0.0 0.0 0.163 0.592 0.837 0.652 2.0 0.153 0.068 1.000
0.0 1.0 0.0 0.0 0.0 0.0 0.0 0.0 0.0 0.0 0.163 0.592 0.837 0.652 1.0 0.111 0.055 1.000
0.0 1.0 0.0 0.0 0.0 0.0 0.0 0.0 0.0 0.0 0.163 0.592 0.837 0.652 2.0 0.111 0.068 1.000
0.0 0.0 0.0 1.0 0.0 0.0 0.0 0.0 0.0 0.0 0.143 0.612 0.857 0.673 2.0 0.125 0.055 1.000
0.0 1.0 0.0 0.0 0.0 0.0 0.0 0.0 0.0 0.0 0.143 0.612 0.857 0.673 1.0 0.111 0.041 1.000
0.0 0.0 0.0 1.0 0.0 0.0 0.0 0.0 0.0 0.0 0.163 0.592 0.837 0.652 2.0 0.139 0.068 1.000
0.0 1.0 0.0 0.0 0.0 0.0 0.0 0.0 0.0 0.0 0.163 0.592 0.837 0.652 1.0 0.111 0.055 1.000
0.0 0.0 0.0 1.0 0.0 0.0 0.0 0.0 0.0 0.0 0.163 0.592 0.837 0.652 2.0 0.139 0.055 1.000
0.0 1.0 0.0 0.0 0.0 0.0 0.0 0.0 0.0 0.0 0.163 0.592 0.837 0.652 1.0 0.111 0.041 1.000
0.0 0.0 0.0 1.0 0.0 0.0 0.0 0.0 0.0 0.0 0.163 0.592 0.837 0.652 2.0 0.167 0.055 1.000
0.0 1.0 0.0 0.0 0.0 0.0 0.0 0.0 0.0 0.0 0.163 0.592 0.837 0.652 1.0 0.111 0.041 1.000
0.0 0.0 0.0 1.0 0.0 0.0 0.0 0.0 0.0 0.0 0.163 0.592 0.837 0.652 2.0 0.139 0.055 1.000
0.0 1.0 0.0 0.0 0.0 0.0 0.0 0.0 0.0 0.0 0.163 0.592 0.837 0.652 1.0 0.111 0.041 1.000
0.0 0.0 0.0 1.0 0.0 0.0 0.0 0.0 0.0 0.0 0.163 0.714 0.714 0.714 2.0 0.139 0.068 0.040
0.0 1.0 0.0 0.0 0.0 0.0 0.0 0.0 0.0 0.0 0.163 0.714 0.714 0.714 1.0 0.111 0.041 0.040
0.0 1.0 0.0 0.0 0.0 0.0 0.0 0.0 0.0 0.0 0.163 0.837 0.837 0.837 1.0 0.111 0.082 0.040
0.0 0.0 0.0 1.0 0.0 0.0 0.0 0.0 0.0 0.0 0.143 0.612 0.857 0.673 2.0 0.139 0.055 1.000
0.0 1.0 0.0 0.0 0.0 0.0 0.0 0.0 0.0 0.0 0.143 0.612 0.857 0.673 1.0 0.111 0.027 1.000
0.0 0.0 0.0 1.0 0.0 0.0 0.0 0.0 0.0 0.0 0.184 0.571 0.816 0.632 2.0 0.139 0.055 1.000
0.0 1.0 0.0 0.0 0.0 0.0 0.0 0.0 0.0 0.0 0.143 0.755 0.755 0.755 1.0 0.111 0.027 0.040
0.0 0.0 0.0 1.0 0.0 0.0 0.0 0.0 0.0 0.0 0.143 0.755 0.755 0.755 2.0 0.153 0.041 0.040
0.0 1.0 0.0 0.0 0.0 0.0 0.0 0.0 0.0 0.0 0.143 0.612 0.857 0.673 1.0 0.111 0.041 1.000
0.0 0.0 0.0 1.0 0.0 0.0 0.0 0.0 0.0 0.0 0.143 0.612 0.857 0.673 2.0 0.153 0.082 1.000
0.0 0.0 0.0 1.0 0.0 0.0 0.0 0.0 0.0 0.0 0.184 0.571 0.816 0.632 2.0 0.167 0.068 1.000
0.0 1.0 0.0 0.0 0.0 0.0 0.0 0.0 0.0 0.0 0.143 0.612 0.857 0.673 1.0 0.111 0.027 1.000
0.0 0.0 0.0 1.0 0.0 0.0 0.0 0.0 0.0 0.0 0.143 0.612 0.857 0.673 2.0 0.153 0.041 1.000
0.0 0.0 0.0 1.0 0.0 0.0 0.0 0.0 0.0 0.0 0.184 0.571 0.816 0.632 2.0 0.167 0.082 1.000
0.0 0.0 0.0 1.0 0.0 0.0 0.0 0.0 0.0 0.0 0.163 0.592 0.837 0.652 2.0 0.167 0.041 1.000
0.0 0.0 0.0 1.0 0.0 0.0 0.0 0.0 0.0 0.0 0.163 0.592 0.837 0.652 2.0 0.167 0.055 1.000
0.0 1.0 0.0 0.0 0.0 0.0 0.0 0.0 0.0 0.0 0.204 0.551 0.796 0.611 2.0 0.097 0.082 1.000
0.0 0.0 0.0 1.0 0.0 0.0 0.0 0.0 0.0 0.0 0.184 0.571 0.816 0.632 2.0 0.111 0.068 1.000
0.0 1.0 0.0 0.0 0.0 0.0 0.0 0.0 0.0 0.0 0.204 0.551 0.796 0.611 2.0 0.111 0.082 1.000
0.0 0.0 0.0 1.0 0.0 0.0 0.0 0.0 0.0 0.0 0.184 0.571 0.816 0.632 2.0 0.111 0.068 1.000
0.0 0.0 0.0 1.0 0.0 0.0 0.0 0.0 0.0 0.0 0.163 0.592 0.837 0.652 2.0 0.139 0.055 1.000
0.0 1.0 0.0 0.0 0.0 0.0 0.0 0.0 0.0 0.0 0.184 0.735 0.735 0.735 2.0 0.083 0.055 0.040
0.0 1.0 0.0 0.0 0.0 0.0 0.0 0.0 0.0 0.0 0.204 0.714 0.714 0.714 1.0 0.083 0.055 0.040
0.0 1.0 0.0 0.0 0.0 0.0 0.0 0.0 0.0 0.0 0.184 0.571 0.816 0.632 1.0 0.097 0.041 1.000
0.0 0.0 0.0 1.0 0.0 0.0 0.0 0.0 0.0 0.0 0.184 0.571 0.816 0.632 2.0 0.125 0.068 1.000
0.0 0.0 0.0 1.0 0.0 0.0 0.0 0.0 0.0 0.0 0.184 0.571 0.816 0.632 2.0 0.125 0.055 1.000
0.0 0.0 0.0 1.0 0.0 0.0 0.0 0.0 0.0 0.0 0.184 0.571 0.816 0.632 2.0 0.153 0.055 1.000
0.0 0.0 0.0 1.0 0.0 0.0 0.0 0.0 0.0 0.0 0.184 0.571 0.816 0.632 2.0 0.125 0.055 1.000
0.0 0.0 0.0 1.0 0.0 0.0 0.0 0.0 0.0 0.0 0.184 0.694 0.694 0.694 2.0 0.125 0.068 0.040
0.0 0.0 0.0 1.0 0.0 0.0 0.0 0.0 0.0 0.0 0.163 0.592 0.837 0.652 2.0 0.125 0.055 1.000
0.0 1.0 0.0 0.0 0.0 0.0 0.0 0.0 0.0 0.0 0.163 0.592 0.837 0.652 1.0 0.097 0.055 1.000
0.0 0.0 0.0 1.0 0.0 0.0 0.0 0.0 0.0 0.0 0.163 0.735 0.735 0.735 2.0 0.139 0.041 0.040
0.0 0.0 0.0 1.0 0.0 0.0 0.0 0.0 0.0 0.0 0.163 0.592 0.837 0.652 2.0 0.139 0.082 1.000
0.0 0.0 0.0 1.0 0.0 0.0 0.0 0.0 0.0 0.0 0.163 0.592 0.837 0.652 2.0 0.139 0.041 1.000
0.0 1.0 0.0 0.0 0.0 0.0 0.0 0.0 0.0 0.0 0.204 0.551 0.796 0.611 1.0 0.125 0.055 1.000
0.0 0.0 0.0 1.0 0.0 0.0 0.0 0.0 0.0 0.0 0.224 0.531 0.776 0.591 2.0 0.125 0.082 1.000
0.0 0.0 0.0 1.0 0.0 0.0 0.0 0.0 0.0 0.0 0.224 0.531 0.776 0.591 2.0 0.153 0.082 1.000
0.0 0.0 0.0 1.0 0.0 0.0 0.0 0.0 0.0 0.0 0.184 0.571 0.816 0.632 2.0 0.167 0.068 1.000
0.0 0.0 0.0 1.0 0.0 0.0 0.0 0.0 0.0 0.0 0.204 0.551 0.796 0.611 2.0 0.139 0.068 1.000
0.0 0.0 0.0 1.0 0.0 0.0 0.0 0.0 0.0 0.0 0.204 0.551 0.796 0.611 2.0 0.139 0.055 1.000
0.0 0.0 0.0 1.0 0.0 0.0 0.0 0.0 0.0 0.0 0.204 0.551 0.796 0.611 2.0 0.208 0.055 1.000
0.0 0.0 0.0 1.0 0.0 0.0 0.0 0.0 0.0 0.0 0.204 0.551 0.796 0.611 2.0 0.153 0.055 1.000
0.0 0.0 0.0 1.0 0.0 0.0 0.0 0.0 0.0 0.0 0.204 0.673 0.673 0.673 2.0 0.139 0.068 0.040
0.0 1.0 0.0 0.0 0.0 0.0 0.0 0.0 0.0 0.0 0.204 0.551 0.796 0.611 1.0 0.111 0.068 1.000
0.0 0.0 0.0 1.0 0.0 0.0 0.0 0.0 0.0 0.0 0.184 0.571 0.816 0.632 2.0 0.139 0.055 1.000
0.0 1.0 0.0 0.0 0.0 0.0 0.0 0.0 0.0 0.0 0.204 0.551 0.796 0.611 1.0 0.111 0.082 1.000
0.0 1.0 0.0 0.0 0.0 0.0 0.0 0.0 0.0 0.0 0.184 0.571 0.816 0.632 1.0 0.111 0.041 1.000
0.0 1.0 0.0 0.0 0.0 0.0 0.0 0.0 0.0 0.0 0.184 0.571 0.816 0.632 2.0 0.097 0.068 1.000
0.0 1.0 0.0 0.0 0.0 0.0 0.0 0.0 0.0 0.0 0.204 0.551 0.796 0.611 1.0 0.083 0.068 1.000
0.0 0.0 0.0 1.0 0.0 0.0 0.0 0.0 0.0 0.0 0.184 0.571 0.816 0.632 2.0 0.167 0.082 1.000
0.0 0.0 0.0 1.0 0.0 0.0 0.0 0.0 0.0 0.0 0.184 0.714 0.714 0.714 2.0 0.167 0.041 0.040
0.0 0.0 0.0 1.0 0.0 0.0 0.0 0.0 0.0 0.0 0.184 0.571 0.816 0.632 2.0 0.167 0.041 1.000
0.0 1.0 0.0 0.0 0.0 0.0 0.0 0.0 0.0 0.0 0.245 0.510 0.755 0.571 1.0 0.139 0.082 1.000
0.0 1.0 0.0 0.0 0.0 0.0 0.0 0.0 0.0 0.0 0.224 0.531 0.776 0.591 1.0 0.139 0.055 1.000
0.0 1.0 0.0 0.0 0.0 0.0 0.0 0.0 0.0 0.0 0.224 0.531 0.776 0.591 1.0 0.181 0.055 1.000
0.0 1.0 0.0 0.0 0.0 0.0 0.0 0.0 0.0 0.0 0.224 0.531 0.776 0.591 1.0 0.139 0.068 1.000
0.0 0.0 0.0 1.0 0.0 0.0 0.0 0.0 0.0 0.0 0.204 0.551 0.796 0.611 2.0 0.153 0.096 1.000
0.0 0.0 0.0 1.0 0.0 0.0 0.0 0.0 0.0 0.0 0.224 0.531 0.776 0.591 2.0 0.153 0.110 1.000
0.0 1.0 0.0 0.0 0.0 0.0 0.0 0.0 0.0 0.0 0.224 0.531 0.776 0.591 1.0 0.097 0.055 1.000
0.0 1.0 0.0 0.0 0.0 0.0 0.0 0.0 0.0 0.0 0.224 0.653 0.653 0.653 1.0 0.125 0.068 0.040
0.0 1.0 0.0 0.0 0.0 0.0 0.0 0.0 0.0 0.0 0.204 0.551 0.796 0.611 1.0 0.125 0.055 1.000
1.0 0.0 0.0 0.0 0.0 0.0 0.0 0.0 0.0 0.0 0.224 0.531 0.776 0.591 1.0 0.167 0.055 1.000
0.0 1.0 0.0 0.0 0.0 0.0 0.0 0.0 0.0 0.0 0.204 0.551 0.796 0.611 1.0 0.111 0.082 1.000
0.0 1.0 0.0 0.0 0.0 0.0 0.0 0.0 0.0 0.0 0.204 0.694 0.694 0.694 1.0 0.111 0.041 0.040
0.0 0.0 0.0 1.0 0.0 0.0 0.0 0.0 0.0 0.0 0.224 0.531 0.776 0.591 2.0 0.153 0.123 1.000
0.0 1.0 0.0 0.0 0.0 0.0 0.0 0.0 0.0 0.0 0.204 0.551 0.796 0.611 2.0 0.097 0.055 1.000
0.0 1.0 0.0 0.0 0.0 0.0 0.0 0.0 0.0 0.0 0.224 0.531 0.776 0.591 1.0 0.083 0.055 1.000
0.0 0.0 0.0 1.0 0.0 0.0 0.0 0.0 0.0 0.0 0.245 0.510 0.755 0.571 2.0 0.167 0.110 1.000
1.0 0.0 0.0 0.0 0.0 0.0 0.0 0.0 0.0 0.0 0.204 0.551 0.796 0.611 1.0 0.139 0.068 1.000
1.0 0.0 0.0 0.0 0.0 0.0 0.0 0.0 0.0 0.0 0.204 0.714 0.714 0.714 1.0 0.139 0.068 0.040
1.0 0.0 0.0 0.0 0.0 0.0 0.0 0.0 0.0 0.0 0.224 0.653 0.653 0.653 1.0 0.153 0.055 0.040
0.0 1.0 0.0 0.0 0.0 0.0 0.0 0.0 0.0 0.0 0.245 0.510 0.755 0.571 2.0 0.111 0.068 1.000
1.0 0.0 0.0 0.0 0.0 0.0 0.0 0.0 0.0 0.0 0.224 0.531 0.776 0.591 1.0 0.125 0.055 1.000
0.0 1.0 0.0 0.0 0.0 0.0 0.0 0.0 0.0 0.0 0.265 0.612 0.612 0.612 2.0 0.111 0.096 0.040
1.0 0.0 0.0 0.0 0.0 0.0 0.0 0.0 0.0 0.0 0.245 0.633 0.633 0.633 1.0 0.111 0.082 0.040
1.0 0.0 0.0 0.0 0.0 0.0 0.0 0.0 0.0 0.0 0.245 0.510 0.755 0.571 1.0 0.139 0.082 1.000
1.0 0.0 0.0 0.0 0.0 0.0 0.0 0.0 0.0 0.0 0.245 0.510 0.755 0.571 1.0 0.139 0.055 1.000
1.0 0.0 0.0 0.0 0.0 0.0 0.0 0.0 0.0 0.0 0.245 0.510 0.755 0.571 1.0 0.139 0.055 1.000
0.0 1.0 0.0 0.0 0.0 0.0 0.0 0.0 0.0 0.0 0.245 0.633 0.633 0.633 1.0 0.097 0.068 0.040
0.0 0.0 0.0 1.0 0.0 0.0 0.0 0.0 0.0 0.0 0.245 0.510 0.755 0.571 2.0 0.153 0.137 1.000
0.0 0.0 0.0 1.0 0.0 0.0 0.0 0.0 0.0 0.0 0.245 0.510 0.755 0.571 2.0 0.139 0.110 1.000
0.0 1.0 0.0 0.0 0.0 0.0 0.0 0.0 0.0 0.0 0.224 0.531 0.776 0.591 2.0 0.083 0.068 1.000
0.0 1.0 0.0 0.0 0.0 0.0 0.0 0.0 0.0 0.0 0.245 0.510 0.755 0.571 1.0 0.083 0.068 1.000
1.0 0.0 0.0 0.0 0.0 0.0 0.0 0.0 0.0 0.0 0.245 0.755 0.755 0.755 1.0 0.125 0.068 0.040
1.0 0.0 0.0 0.0 0.0 0.0 0.0 0.0 0.0 0.0 0.245 0.510 0.755 0.571 1.0 0.125 0.068 1.000
1.0 0.0 0.0 0.0 0.0 0.0 0.0 0.0 0.0 0.0 0.265 0.490 0.735 0.550 1.0 0.125 0.082 1.000
1.0 0.0 0.0 0.0 0.0 0.0 0.0 0.0 0.0 0.0 0.265 0.653 0.653 0.653 1.0 0.125 0.082 0.040
1.0 0.0 0.0 0.0 0.0 0.0 0.0 0.0 0.0 0.0 0.245 0.653 0.653 0.653 1.0 0.125 0.055 0.040
1.0 0.0 0.0 0.0 0.0 0.0 0.0 0.0 0.0 0.0 0.245 0.755 0.755 0.755 1.0 0.139 0.055 0.040
1.0 0.0 0.0 0.0 0.0 0.0 0.0 0.0 0.0 0.0 0.245 0.510 0.755 0.571 1.0 0.139 0.055 1.000
0.0 0.0 0.0 1.0 0.0 0.0 0.0 0.0 0.0 0.0 0.265 0.490 0.735 0.550 2.0 0.153 0.164 1.000
0.0 1.0 0.0 0.0 0.0 0.0 0.0 0.0 0.0 0.0 0.265 0.490 0.735 0.550 1.0 0.111 0.110 1.000
0.0 1.0 0.0 0.0 0.0 0.0 0.0 0.0 0.0 0.0 0.224 0.531 0.776 0.591 1.0 0.097 0.068 1.000
0.0 1.0 0.0 0.0 0.0 0.0 0.0 0.0 0.0 0.0 0.224 0.694 0.694 0.694 1.0 0.097 0.068 0.040
0.0 0.0 0.0 1.0 0.0 0.0 0.0 0.0 0.0 0.0 0.245 0.633 0.633 0.633 2.0 0.125 0.068 0.040
0.0 1.0 0.0 0.0 0.0 0.0 0.0 0.0 0.0 0.0 0.245 0.633 0.633 0.633 1.0 0.097 0.055 0.040
0.0 0.0 0.0 1.0 0.0 0.0 0.0 0.0 0.0 0.0 0.265 0.490 0.735 0.550 2.0 0.139 0.082 1.000
0.0 1.0 0.0 0.0 0.0 0.0 0.0 0.0 0.0 0.0 0.265 0.490 0.735 0.550 1.0 0.097 0.068 1.000
0.0 1.0 0.0 0.0 0.0 0.0 0.0 0.0 0.0 0.0 0.286 0.592 0.592 0.592 2.0 0.083 0.110 0.040
0.0 1.0 0.0 0.0 0.0 0.0 0.0 0.0 0.0 0.0 0.306 0.571 0.571 0.571 1.0 0.083 0.110 0.040
0.0 1.0 0.0 0.0 0.0 0.0 0.0 0.0 0.0 0.0 0.265 0.490 0.735 0.550 1.0 0.097 0.082 1.000
0.0 0.0 0.0 1.0 0.0 0.0 0.0 0.0 0.0 0.0 0.265 0.490 0.735 0.550 2.0 0.167 0.137 1.000
0.0 0.0 0.0 1.0 0.0 0.0 0.0 0.0 0.0 0.0 0.265 0.490 0.735 0.550 2.0 0.139 0.123 1.000
1.0 0.0 0.0 0.0 0.0 0.0 0.0 0.0 0.0 0.0 0.245 0.755 0.755 0.755 1.0 0.125 0.055 0.040
1.0 0.0 0.0 0.0 0.0 0.0 0.0 0.0 0.0 0.0 0.245 0.510 0.755 0.571 1.0 0.125 0.055 1.000
0.0 0.0 0.0 1.0 0.0 0.0 0.0 0.0 0.0 0.0 0.286 0.469 0.714 0.530 2.0 0.139 0.164 1.000
0.0 1.0 0.0 0.0 0.0 0.0 0.0 0.0 0.0 0.0 0.265 0.490 0.735 0.550 1.0 0.097 0.068 1.000
0.0 0.0 0.0 1.0 0.0 0.0 0.0 0.0 0.0 0.0 0.286 0.469 0.714 0.530 2.0 0.139 0.151 1.000
0.0 1.0 0.0 0.0 0.0 0.0 0.0 0.0 0.0 0.0 0.286 0.469 0.714 0.530 2.0 0.083 0.096 1.000
0.0 1.0 0.0 0.0 0.0 0.0 0.0 0.0 0.0 0.0 0.306 0.449 0.694 0.509 1.0 0.083 0.096 1.000
0.0 0.0 0.0 1.0 0.0 0.0 0.0 0.0 0.0 0.0 0.286 0.633 0.633 0.633 2.0 0.139 0.151 0.040
0.0 1.0 0.0 0.0 0.0 0.0 0.0 0.0 0.0 0.0 0.286 0.633 0.633 0.633 1.0 0.097 0.082 0.040
0.0 0.0 0.0 1.0 0.0 0.0 0.0 0.0 0.0 0.0 0.265 0.612 0.612 0.612 2.0 0.125 0.068 0.040
0.0 0.0 0.0 1.0 0.0 0.0 0.0 0.0 0.0 0.0 0.286 0.469 0.714 0.530 2.0 0.139 0.082 1.000
1.0 0.0 0.0 0.0 0.0 0.0 0.0 0.0 0.0 0.0 0.265 0.612 0.612 0.612 1.0 0.125 0.055 0.040
0.0 1.0 0.0 0.0 0.0 0.0 0.0 0.0 0.0 0.0 0.286 0.469 0.714 0.530 2.0 0.111 0.068 1.000
1.0 0.0 0.0 0.0 0.0 0.0 0.0 0.0 0.0 0.0 0.265 0.490 0.735 0.550 1.0 0.097 0.055 1.000
0.0 0.0 0.0 1.0 0.0 0.0 0.0 0.0 0.0 0.0 0.265 0.633 0.633 0.633 2.0 0.139 0.096 0.040
0.0 1.0 0.0 0.0 0.0 0.0 0.0 0.0 0.0 0.0 0.265 0.633 0.633 0.633 1.0 0.097 0.055 0.040
0.0 0.0 0.0 1.0 0.0 0.0 0.0 0.0 0.0 0.0 0.286 0.469 0.714 0.530 2.0 0.167 0.123 1.000
0.0 1.0 0.0 0.0 0.0 0.0 0.0 0.0 0.0 0.0 0.265 0.735 0.735 0.735 2.0 0.083 0.068 0.040
0.0 1.0 0.0 0.0 0.0 0.0 0.0 0.0 0.0 0.0 0.286 0.714 0.714 0.714 1.0 0.083 0.068 0.040
0.0 1.0 0.0 0.0 0.0 0.0 0.0 0.0 0.0 0.0 0.265 0.735 0.735 0.735 1.0 0.097 0.068 0.040
0.0 1.0 0.0 0.0 0.0 0.0 0.0 0.0 0.0 0.0 0.265 0.490 0.735 0.550 1.0 0.097 0.055 1.000
1.0 0.0 0.0 0.0 0.0 0.0 0.0 0.0 0.0 0.0 0.265 0.612 0.612 0.612 1.0 0.125 0.055 0.040
1.0 0.0 0.0 0.0 0.0 0.0 0.0 0.0 0.0 0.0 0.265 0.490 0.735 0.550 1.0 0.125 0.055 1.000
0.0 0.0 0.0 1.0 0.0 0.0 0.0 0.0 0.0 0.0 0.286 0.469 0.714 0.530 2.0 0.153 0.205 1.000
0.0 1.0 0.0 0.0 0.0 0.0 0.0 0.0 0.0 0.0 0.286 0.469 0.714 0.530 1.0 0.111 0.137 1.000
0.0 0.0 0.0 1.0 0.0 0.0 0.0 0.0 0.0 0.0 0.306 0.449 0.694 0.509 2.0 0.194 0.164 1.000
0.0 0.0 0.0 1.0 0.0 0.0 0.0 0.0 0.0 0.0 0.327 0.429 0.673 0.489 2.0 0.139 0.164 1.000
0.0 0.0 0.0 1.0 0.0 0.0 0.0 0.0 0.0 0.0 0.306 0.612 0.612 0.612 2.0 0.139 0.151 0.040
0.0 1.0 0.0 0.0 0.0 0.0 0.0 0.0 0.0 0.0 0.306 0.571 0.571 0.571 2.0 0.125 0.082 0.040
0.0 0.0 0.0 1.0 0.0 0.0 0.0 0.0 0.0 0.0 0.286 0.592 0.592 0.592 2.0 0.139 0.068 0.040
0.0 0.0 0.0 1.0 0.0 0.0 0.0 0.0 0.0 0.0 0.306 0.449 0.694 0.509 2.0 0.167 0.082 1.000
0.0 0.0 0.0 1.0 0.0 0.0 0.0 0.0 0.0 0.0 0.286 0.612 0.612 0.612 2.0 0.153 0.096 0.040
0.0 1.0 0.0 0.0 0.0 0.0 0.0 0.0 0.0 0.0 0.265 0.735 0.735 0.735 1.0 0.097 0.055 0.040
0.0 0.0 0.0 1.0 0.0 0.0 0.0 0.0 0.0 0.0 0.306 0.694 0.694 0.694 2.0 0.139 0.123 0.040
0.0 1.0 0.0 0.0 0.0 0.0 0.0 0.0 0.0 0.0 0.265 0.490 0.735 0.550 1.0 0.097 0.055 1.000
0.0 0.0 0.0 1.0 0.0 0.0 0.0 0.0 0.0 0.0 0.286 0.469 0.714 0.530 2.0 0.139 0.110 1.000
0.0 1.0 0.0 0.0 0.0 0.0 0.0 0.0 0.0 0.0 0.306 0.449 0.694 0.509 1.0 0.097 0.068 1.000
0.0 0.0 0.0 1.0 0.0 0.0 0.0 0.0 0.0 0.0 0.306 0.449 0.694 0.509 2.0 0.153 0.205 1.000
0.0 0.0 0.0 1.0 0.0 0.0 0.0 0.0 0.0 0.0 0.306 0.449 0.694 0.509 2.0 0.153 0.192 1.000
0.0 1.0 0.0 0.0 0.0 0.0 0.0 0.0 0.0 0.0 0.306 0.449 0.694 0.509 1.0 0.111 0.123 1.000
0.0 0.0 0.0 1.0 0.0 0.0 0.0 0.0 0.0 0.0 0.347 0.408 0.653 0.469 2.0 0.167 0.164 1.000
0.0 0.0 0.0 1.0 0.0 0.0 0.0 0.0 0.0 0.0 0.327 0.592 0.592 0.592 2.0 0.167 0.151 0.040
0.0 1.0 0.0 0.0 0.0 0.0 0.0 0.0 0.0 0.0 0.286 0.592 0.592 0.592 1.0 0.097 0.055 0.040
0.0 0.0 0.0 1.0 0.0 0.0 0.0 0.0 0.0 0.0 0.327 0.551 0.551 0.551 2.0 0.139 0.164 0.040
0.0 1.0 0.0 0.0 0.0 0.0 0.0 0.0 0.0 0.0 0.286 0.592 0.592 0.592 1.0 0.097 0.055 0.040
0.0 1.0 0.0 0.0 0.0 0.0 0.0 0.0 0.0 0.0 0.286 0.469 0.714 0.530 2.0 0.083 0.068 1.000
0.0 1.0 0.0 0.0 0.0 0.0 0.0 0.0 0.0 0.0 0.306 0.449 0.694 0.509 1.0 0.083 0.068 1.000
0.0 0.0 0.0 1.0 0.0 0.0 0.0 0.0 0.0 0.0 0.286 0.469 0.714 0.530 2.0 0.139 0.137 1.000
0.0 0.0 0.0 1.0 0.0 0.0 0.0 0.0 0.0 0.0 0.306 0.592 0.592 0.592 2.0 0.167 0.096 0.040
0.0 0.0 0.0 1.0 0.0 0.0 0.0 0.0 0.0 0.0 0.286 0.714 0.714 0.714 2.0 0.139 0.110 0.040
0.0 0.0 0.0 1.0 0.0 0.0 0.0 0.0 0.0 0.0 0.286 0.469 0.714 0.530 2.0 0.139 0.110 1.000
0.0 0.0 0.0 1.0 0.0 0.0 0.0 0.0 0.0 0.0 0.327 0.429 0.673 0.489 2.0 0.139 0.110 1.000
0.0 1.0 0.0 0.0 0.0 0.0 0.0 0.0 0.0 0.0 0.327 0.429 0.673 0.489 1.0 0.111 0.082 1.000
0.0 0.0 0.0 1.0 0.0 0.0 0.0 0.0 0.0 0.0 0.327 0.429 0.673 0.489 2.0 0.194 0.205 1.000
0.0 0.0 0.0 1.0 0.0 0.0 0.0 0.0 0.0 0.0 0.327 0.429 0.673 0.489 2.0 0.139 0.192 1.000
0.0 0.0 0.0 1.0 0.0 0.0 0.0 0.0 0.0 0.0 0.327 0.429 0.673 0.489 2.0 0.236 0.178 1.000
0.0 1.0 0.0 0.0 0.0 0.0 0.0 0.0 0.0 0.0 0.327 0.551 0.551 0.551 1.0 0.097 0.082 0.040
0.0 0.0 0.0 1.0 0.0 0.0 0.0 0.0 0.0 0.0 0.327 0.551 0.551 0.551 2.0 0.139 0.110 0.040
0.0 0.0 0.0 1.0 0.0 0.0 0.0 0.0 0.0 0.0 0.306 0.571 0.571 0.571 2.0 0.139 0.151 0.040
0.0 0.0 0.0 1.0 0.0 0.0 0.0 0.0 0.0 0.0 0.327 0.429 0.673 0.489 2.0 0.139 0.151 1.000
0.0 0.0 0.0 1.0 0.0 0.0 0.0 0.0 0.0 0.0 0.327 0.673 0.673 0.673 2.0 0.167 0.123 0.040
0.0 0.0 0.0 1.0 0.0 0.0 0.0 0.0 0.0 0.0 0.306 0.449 0.694 0.509 2.0 0.167 0.110 1.000
1.0 0.0 0.0 0.0 0.0 0.0 0.0 0.0 0.0 0.0 0.327 0.551 0.551 0.551 1.0 0.139 0.164 0.040
0.0 0.0 0.0 1.0 0.0 0.0 0.0 0.0 0.0 0.0 0.347 0.571 0.571 0.571 2.0 0.139 0.205 0.040
0.0 1.0 0.0 0.0 0.0 0.0 0.0 0.0 0.0 0.0 0.347 0.571 0.571 0.571 1.0 0.111 0.151 0.040
0.0 0.0 0.0 1.0 0.0 0.0 0.0 0.0 0.0 0.0 0.367 0.388 0.633 0.448 2.0 0.153 0.205 1.000
0.0 1.0 0.0 0.0 0.0 0.0 0.0 0.0 0.0 0.0 0.367 0.388 0.633 0.448 1.0 0.111 0.164 1.000
0.0 0.0 0.0 1.0 0.0 0.0 0.0 0.0 0.0 0.0 0.347 0.408 0.653 0.469 2.0 0.125 0.110 1.000
0.0 1.0 0.0 0.0 0.0 0.0 0.0 0.0 0.0 0.0 0.347 0.551 0.551 0.551 2.0 0.097 0.137 0.040
0.0 0.0 0.0 1.0 0.0 0.0 0.0 0.0 0.0 0.0 0.327 0.571 0.571 0.571 2.0 0.125 0.123 0.040
0.0 1.0 0.0 0.0 0.0 0.0 0.0 0.0 0.0 0.0 0.327 0.571 0.571 0.571 1.0 0.111 0.096 0.040
0.0 0.0 0.0 1.0 0.0 0.0 0.0 0.0 0.0 0.0 0.347 0.408 0.653 0.469 2.0 0.194 0.192 1.000
0.0 0.0 0.0 1.0 0.0 0.0 0.0 0.0 0.0 0.0 0.347 0.531 0.531 0.531 2.0 0.139 0.110 0.040
0.0 0.0 0.0 1.0 0.0 0.0 0.0 0.0 0.0 0.0 0.347 0.531 0.531 0.531 2.0 0.167 0.164 0.040
0.0 0.0 0.0 1.0 0.0 0.0 0.0 0.0 0.0 0.0 0.347 0.408 0.653 0.469 2.0 0.167 0.151 1.000
0.0 0.0 0.0 1.0 0.0 0.0 0.0 0.0 0.0 0.0 0.367 0.551 0.551 0.551 2.0 0.125 0.192 0.040
0.0 0.0 0.0 1.0 0.0 0.0 0.0 0.0 0.0 0.0 0.388 0.367 0.612 0.428 2.0 0.139 0.205 1.000
0.0 0.0 0.0 1.0 0.0 0.0 0.0 0.0 0.0 0.0 0.367 0.388 0.633 0.448 2.0 0.139 0.110 1.000
0.0 0.0 0.0 1.0 0.0 0.0 0.0 0.0 0.0 0.0 0.347 0.551 0.551 0.551 2.0 0.125 0.123 0.040
0.0 0.0 0.0 1.0 0.0 0.0 0.0 0.0 0.0 0.0 0.327 0.429 0.673 0.489 2.0 0.139 0.178 1.000
0.0 1.0 0.0 0.0 0.0 0.0 0.0 0.0 0.0 0.0 0.327 0.429 0.673 0.489 1.0 0.111 0.110 1.000
0.0 1.0 0.0 0.0 0.0 0.0 0.0 0.0 0.0 0.0 0.347 0.531 0.531 0.531 1.0 0.097 0.164 0.040
0.0 0.0 0.0 1.0 0.0 0.0 0.0 0.0 0.0 0.0 0.347 0.408 0.653 0.469 2.0 0.236 0.219 1.000
0.0 1.0 0.0 0.0 0.0 0.0 0.0 0.0 0.0 0.0 0.347 0.653 0.653 0.653 1.0 0.111 0.123 0.040
0.0 0.0 0.0 1.0 0.0 0.0 0.0 0.0 0.0 0.0 0.347 0.653 0.653 0.653 2.0 0.153 0.192 0.040
1.0 0.0 0.0 0.0 0.0 0.0 0.0 0.0 0.0 0.0 0.347 0.551 0.551 0.551 1.0 0.139 0.205 0.040
1.0 0.0 0.0 0.0 0.0 0.0 0.0 0.0 0.0 0.0 0.347 0.408 0.653 0.469 1.0 0.139 0.178 1.000
1.0 0.0 0.0 0.0 0.0 0.0 0.0 0.0 0.0 0.0 0.347 0.490 0.490 0.490 1.0 0.139 0.178 0.040
0.0 0.0 0.0 1.0 0.0 0.0 0.0 0.0 0.0 0.0 0.367 0.510 0.510 0.510 2.0 0.167 0.110 0.040
0.0 0.0 0.0 1.0 0.0 0.0 0.0 0.0 0.0 0.0 0.388 0.531 0.531 0.531 2.0 0.125 0.205 0.040
0.0 0.0 0.0 1.0 0.0 0.0 0.0 0.0 0.0 0.0 0.408 0.347 0.592 0.407 2.0 0.181 0.205 1.000
0.0 0.0 0.0 1.0 0.0 0.0 0.0 0.0 0.0 0.0 0.367 0.388 0.633 0.448 2.0 0.139 0.219 1.000
0.0 1.0 0.0 0.0 0.0 0.0 0.0 0.0 0.0 0.0 0.367 0.388 0.633 0.448 2.0 0.097 0.164 1.000
0.0 1.0 0.0 0.0 0.0 0.0 0.0 0.0 0.0 0.0 0.388 0.367 0.612 0.428 1.0 0.083 0.164 1.000
0.0 0.0 0.0 1.0 0.0 0.0 0.0 0.0 0.0 0.0 0.367 0.531 0.531 0.531 2.0 0.111 0.137 0.040
0.0 0.0 0.0 1.0 0.0 0.0 0.0 0.0 0.0 0.0 0.347 0.408 0.653 0.469 2.0 0.125 0.178 1.000
0.0 0.0 0.0 1.0 0.0 0.0 0.0 0.0 0.0 0.0 0.367 0.388 0.633 0.448 2.0 0.236 0.205 1.000
0.0 1.0 0.0 0.0 0.0 0.0 0.0 0.0 0.0 0.0 0.367 0.510 0.510 0.510 1.0 0.111 0.164 0.040
0.0 0.0 0.0 1.0 0.0 0.0 0.0 0.0 0.0 0.0 0.367 0.510 0.510 0.510 2.0 0.153 0.219 0.040
0.0 0.0 0.0 1.0 0.0 0.0 0.0 0.0 0.0 0.0 0.367 0.633 0.633 0.633 2.0 0.139 0.192 0.040
0.0 1.0 0.0 0.0 0.0 0.0 0.0 0.0 0.0 0.0 0.388 0.367 0.612 0.428 1.0 0.125 0.110 1.000
1.0 0.0 0.0 0.0 0.0 0.0 0.0 0.0 0.0 0.0 0.367 0.531 0.531 0.531 1.0 0.139 0.192 0.040
0.0 1.0 0.0 0.0 0.0 0.0 0.0 0.0 0.0 0.0 0.408 0.510 0.510 0.510 1.0 0.111 0.205 0.040
0.0 0.0 0.0 1.0 0.0 0.0 0.0 0.0 0.0 0.0 0.408 0.347 0.592 0.407 2.0 0.125 0.233 1.000
0.0 1.0 0.0 0.0 0.0 0.0 0.0 0.0 0.0 0.0 0.388 0.510 0.510 0.510 1.0 0.111 0.137 0.040
0.0 0.0 0.0 1.0 0.0 0.0 0.0 0.0 0.0 0.0 0.367 0.388 0.633 0.448 2.0 0.139 0.178 1.000
0.0 1.0 0.0 0.0 0.0 0.0 0.0 0.0 0.0 0.0 0.367 0.531 0.531 0.531 1.0 0.097 0.205 0.040
0.0 0.0 0.0 1.0 0.0 0.0 0.0 0.0 0.0 0.0 0.367 0.469 0.469 0.469 2.0 0.125 0.192 0.040
0.0 1.0 0.0 0.0 0.0 0.0 0.0 0.0 0.0 0.0 0.367 0.469 0.469 0.469 1.0 0.097 0.178 0.040
0.0 0.0 0.0 1.0 0.0 0.0 0.0 0.0 0.0 0.0 0.367 0.388 0.633 0.448 2.0 0.139 0.192 1.000
0.0 1.0 0.0 0.0 0.0 0.0 0.0 0.0 0.0 0.0 0.367 0.388 0.633 0.448 1.0 0.097 0.178 1.000
0.0 1.0 0.0 0.0 0.0 0.0 0.0 0.0 0.0 0.0 0.388 0.490 0.490 0.490 1.0 0.111 0.110 0.040
0.0 0.0 0.0 1.0 0.0 0.0 0.0 0.0 0.0 0.0 0.388 0.490 0.490 0.490 2.0 0.139 0.219 0.040
1.0 0.0 0.0 0.0 0.0 0.0 0.0 0.0 0.0 0.0 0.367 0.388 0.633 0.448 1.0 0.139 0.219 1.000
1.0 0.0 0.0 0.0 0.0 0.0 0.0 0.0 0.0 0.0 0.367 0.469 0.469 0.469 1.0 0.139 0.219 0.040
0.0 0.0 0.0 1.0 0.0 0.0 0.0 0.0 0.0 0.0 0.388 0.612 0.612 0.612 2.0 0.167 0.192 0.040
0.0 0.0 0.0 1.0 0.0 0.0 0.0 0.0 0.0 0.0 0.429 0.327 0.571 0.387 2.0 0.139 0.233 1.000
0.0 1.0 0.0 0.0 0.0 0.0 0.0 0.0 0.0 0.0 0.408 0.347 0.592 0.407 1.0 0.097 0.110 1.000
0.0 1.0 0.0 0.0 0.0 0.0 0.0 0.0 0.0 0.0 0.388 0.510 0.510 0.510 1.0 0.097 0.192 0.040
0.0 0.0 0.0 1.0 0.0 0.0 0.0 0.0 0.0 0.0 0.388 0.449 0.449 0.449 2.0 0.125 0.192 0.040
0.0 0.0 0.0 1.0 0.0 0.0 0.0 0.0 0.0 0.0 0.388 0.367 0.612 0.428 2.0 0.139 0.192 1.000
1.0 0.0 0.0 0.0 0.0 0.0 0.0 0.0 0.0 0.0 0.429 0.327 0.571 0.387 1.0 0.139 0.205 1.000
0.0 1.0 0.0 0.0 0.0 0.0 0.0 0.0 0.0 0.0 0.388 0.367 0.612 0.428 1.0 0.125 0.178 1.000
1.0 0.0 0.0 0.0 0.0 0.0 0.0 0.0 0.0 0.0 0.388 0.367 0.612 0.428 1.0 0.139 0.205 1.000
1.0 0.0 0.0 0.0 0.0 0.0 0.0 0.0 0.0 0.0 0.388 0.449 0.449 0.449 1.0 0.139 0.205 0.040
1.0 0.0 0.0 0.0 0.0 0.0 0.0 0.0 0.0 0.0 0.429 0.449 0.449 0.449 1.0 0.139 0.205 0.040
0.0 0.0 0.0 1.0 0.0 0.0 0.0 0.0 0.0 0.0 0.408 0.469 0.469 0.469 2.0 0.167 0.219 0.040
0.0 0.0 1.0 0.0 0.0 0.0 0.0 0.0 0.0 0.0 0.429 0.490 0.490 0.490 2.0 0.153 0.233 0.040
0.0 0.0 1.0 0.0 0.0 0.0 0.0 0.0 0.0 0.0 0.408 0.490 0.490 0.490 2.0 0.153 0.164 0.040
0.0 0.0 0.0 1.0 0.0 0.0 0.0 0.0 0.0 0.0 0.388 0.449 0.449 0.449 2.0 0.125 0.247 0.040
0.0 1.0 0.0 0.0 0.0 0.0 0.0 0.0 0.0 0.0 0.388 0.449 0.449 0.449 1.0 0.097 0.219 0.040
0.0 0.0 0.0 1.0 0.0 0.0 0.0 0.0 0.0 0.0 0.388 0.367 0.612 0.428 2.0 0.139 0.260 1.000
0.0 1.0 0.0 0.0 0.0 0.0 0.0 0.0 0.0 0.0 0.388 0.367 0.612 0.428 2.0 0.083 0.233 1.000
0.0 1.0 0.0 0.0 0.0 0.0 0.0 0.0 0.0 0.0 0.408 0.347 0.592 0.407 1.0 0.083 0.233 1.000
0.0 0.0 0.0 1.0 0.0 0.0 0.0 0.0 0.0 0.0 0.408 0.429 0.429 0.429 2.0 0.125 0.192 0.040
0.0 0.0 0.0 1.0 0.0 0.0 0.0 0.0 0.0 0.0 0.408 0.347 0.592 0.407 2.0 0.181 0.192 1.000
0.0 1.0 0.0 0.0 0.0 0.0 0.0 0.0 0.0 0.0 0.408 0.592 0.592 0.592 1.0 0.111 0.192 0.040
0.0 1.0 0.0 0.0 0.0 0.0 0.0 0.0 0.0 0.0 0.449 0.306 0.551 0.367 1.0 0.125 0.233 1.000
0.0 1.0 0.0 0.0 0.0 0.0 0.0 0.0 0.0 0.0 0.449 0.306 0.551 0.367 1.0 0.097 0.205 1.000
0.0 0.0 0.0 1.0 0.0 0.0 0.0 0.0 0.0 0.0 0.449 0.306 0.551 0.367 2.0 0.125 0.315 1.000
0.0 1.0 0.0 0.0 0.0 0.0 0.0 0.0 0.0 0.0 0.408 0.347 0.592 0.407 1.0 0.097 0.178 1.000
0.0 0.0 0.0 1.0 0.0 0.0 0.0 0.0 0.0 0.0 0.408 0.347 0.592 0.407 2.0 0.125 0.233 1.000
0.0 0.0 0.0 1.0 0.0 0.0 0.0 0.0 0.0 0.0 0.408 0.429 0.429 0.429 2.0 0.125 0.219 0.040
0.0 1.0 0.0 0.0 0.0 0.0 0.0 0.0 0.0 0.0 0.408 0.429 0.429 0.429 1.0 0.097 0.205 0.040
0.0 0.0 0.0 1.0 0.0 0.0 0.0 0.0 0.0 0.0 0.408 0.347 0.592 0.407 2.0 0.139 0.219 1.000
0.0 1.0 0.0 0.0 0.0 0.0 0.0 0.0 0.0 0.0 0.408 0.347 0.592 0.407 2.0 0.083 0.219 1.000
0.0 1.0 0.0 0.0 0.0 0.0 0.0 0.0 0.0 0.0 0.429 0.327 0.571 0.387 1.0 0.083 0.219 1.000
0.0 0.0 0.0 1.0 0.0 0.0 0.0 0.0 0.0 0.0 0.408 0.429 0.429 0.429 2.0 0.125 0.247 0.040
0.0 0.0 0.0 1.0 0.0 0.0 0.0 0.0 0.0 0.0 0.429 0.327 0.571 0.387 2.0 0.139 0.260 1.000
0.0 1.0 0.0 0.0 0.0 0.0 0.0 0.0 0.0 0.0 0.429 0.408 0.408 0.408 1.0 0.097 0.192 0.040
0.0 1.0 0.0 0.0 0.0 0.0 0.0 0.0 0.0 0.0 0.449 0.429 0.429 0.429 1.0 0.097 0.205 0.040
0.0 0.0 0.0 1.0 0.0 0.0 0.0 0.0 0.0 0.0 0.449 0.429 0.429 0.429 2.0 0.139 0.315 0.040
0.0 1.0 0.0 0.0 0.0 0.0 0.0 0.0 0.0 0.0 0.429 0.449 0.449 0.449 1.0 0.111 0.219 0.040
0.0 0.0 0.0 1.0 0.0 0.0 0.0 0.0 0.0 0.0 0.429 0.449 0.449 0.449 2.0 0.153 0.288 0.040
0.0 1.0 0.0 0.0 0.0 0.0 0.0 0.0 0.0 0.0 0.449 0.469 0.469 0.469 1.0 0.111 0.233 0.040
0.0 1.0 0.0 0.0 0.0 0.0 0.0 0.0 0.0 0.0 0.429 0.469 0.469 0.469 1.0 0.111 0.164 0.040
0.0 0.0 0.0 1.0 0.0 0.0 0.0 0.0 0.0 0.0 0.469 0.286 0.531 0.346 2.0 0.125 0.315 1.000
0.0 1.0 0.0 0.0 0.0 0.0 0.0 0.0 0.0 0.0 0.469 0.286 0.531 0.346 1.0 0.097 0.233 1.000
0.0 0.0 0.0 1.0 0.0 0.0 0.0 0.0 0.0 0.0 0.469 0.286 0.531 0.346 2.0 0.125 0.315 1.000
0.0 0.0 0.0 1.0 0.0 0.0 0.0 0.0 0.0 0.0 0.429 0.327 0.571 0.387 2.0 0.125 0.233 1.000
0.0 0.0 0.0 1.0 0.0 0.0 0.0 0.0 0.0 0.0 0.429 0.408 0.408 0.408 2.0 0.125 0.219 0.040
0.0 0.0 0.0 1.0 0.0 0.0 0.0 0.0 0.0 0.0 0.449 0.306 0.551 0.367 2.0 0.139 0.233 1.000
0.0 0.0 0.0 1.0 0.0 0.0 0.0 0.0 0.0 0.0 0.429 0.408 0.408 0.408 2.0 0.125 0.247 0.040
0.0 0.0 0.0 1.0 0.0 0.0 0.0 0.0 0.0 0.0 0.449 0.306 0.551 0.367 2.0 0.181 0.274 1.000
0.0 1.0 0.0 0.0 0.0 0.0 0.0 0.0 0.0 0.0 0.429 0.327 0.571 0.401 1.0 0.500 0.192 0.760
1.0 0.0 0.0 0.0 0.0 0.0 0.0 0.0 0.0 0.0 0.429 0.327 0.571 0.419 1.0 0.306 0.192 0.600
0.0 0.0 0.0 1.0 0.0 0.0 0.0 0.0 0.0 0.0 0.469 0.408 0.408 0.408 2.0 0.153 0.315 0.040
0.0 0.0 0.0 1.0 0.0 0.0 0.0 0.0 0.0 0.0 0.449 0.429 0.429 0.429 2.0 0.139 0.288 0.040
0.0 0.0 0.0 1.0 0.0 0.0 0.0 0.0 0.0 0.0 0.490 0.265 0.510 0.326 2.0 0.125 0.315 1.000
0.0 0.0 0.0 1.0 0.0 0.0 0.0 0.0 0.0 0.0 0.490 0.265 0.510 0.326 2.0 0.139 0.315 1.000
0.0 0.0 0.0 1.0 0.0 0.0 0.0 0.0 0.0 0.0 0.449 0.306 0.551 0.367 2.0 0.153 0.233 1.000
0.0 0.0 0.0 1.0 0.0 0.0 0.0 0.0 0.0 0.0 0.449 0.388 0.388 0.388 2.0 0.125 0.219 0.040
0.0 0.0 0.0 1.0 0.0 0.0 0.0 0.0 0.0 0.0 0.469 0.286 0.531 0.346 2.0 0.181 0.233 1.000
0.0 1.0 0.0 0.0 0.0 0.0 0.0 0.0 0.0 0.0 0.449 0.388 0.388 0.388 1.0 0.125 0.247 0.040
0.0 0.0 0.0 1.0 0.0 0.0 0.0 0.0 0.0 0.0 0.490 0.388 0.388 0.388 2.0 0.167 0.315 0.040
0.0 0.0 0.0 1.0 0.0 0.0 0.0 0.0 0.0 0.0 0.469 0.408 0.408 0.408 2.0 0.167 0.288 0.040
0.0 1.0 0.0 0.0 0.0 0.0 0.0 0.0 0.0 0.0 0.510 0.245 0.490 0.305 1.0 0.111 0.315 1.000
0.0 0.0 0.0 1.0 0.0 0.0 0.0 0.0 0.0 0.0 0.510 0.245 0.490 0.305 2.0 0.153 0.315 1.000
0.0 0.0 0.0 1.0 0.0 0.0 0.0 0.0 0.0 0.0 0.469 0.286 0.531 0.346 2.0 0.208 0.247 1.000
0.0 1.0 0.0 0.0 0.0 0.0 0.0 0.0 0.0 0.0 0.469 0.367 0.367 0.367 1.0 0.097 0.219 0.040
0.0 1.0 0.0 0.0 0.0 0.0 0.0 0.0 0.0 0.0 0.469 0.286 0.531 0.367 1.0 0.444 0.274 0.680
1.0 0.0 0.0 0.0 0.0 0.0 0.0 0.0 0.0 0.0 0.469 0.286 0.531 0.369 1.0 0.361 0.274 0.680
0.0 1.0 0.0 0.0 0.0 0.0 0.0 0.0 0.0 0.0 0.510 0.367 0.367 0.367 1.0 0.111 0.315 0.040
0.0 1.0 0.0 0.0 0.0 0.0 0.0 0.0 0.0 0.0 0.490 0.388 0.388 0.388 1.0 0.111 0.288 0.040
0.0 0.0 0.0 1.0 0.0 0.0 0.0 0.0 0.0 0.0 0.531 0.224 0.469 0.285 2.0 0.208 0.329 1.000
0.0 0.0 0.0 1.0 0.0 0.0 0.0 0.0 0.0 0.0 0.531 0.224 0.469 0.285 2.0 0.208 0.329 1.000
0.0 1.0 0.0 0.0 0.0 0.0 0.0 0.0 0.0 0.0 0.490 0.265 0.510 0.345 1.0 0.472 0.233 0.720
1.0 0.0 0.0 0.0 0.0 0.0 0.0 0.0 0.0 0.0 0.490 0.265 0.510 0.351 1.0 0.333 0.233 0.640
0.0 0.0 1.0 0.0 0.0 0.0 0.0 0.0 0.0 0.0 0.490 0.265 0.510 0.367 2.0 0.847 0.411 0.520
0.0 0.0 1.0 0.0 0.0 0.0 0.0 0.0 0.0 0.0 0.490 0.265 0.510 0.369 2.0 0.639 0.411 0.520
0.0 0.0 1.0 0.0 0.0 0.0 0.0 0.0 0.0 0.0 0.490 0.265 0.510 0.356 2.0 0.889 0.411 0.600
0.0 0.0 1.0 0.0 0.0 0.0 0.0 0.0 0.0 0.0 0.490 0.286 0.510 0.386 2.0 0.375 0.411 0.440
1.0 0.0 0.0 0.0 0.0 0.0 0.0 0.0 0.0 0.0 0.490 0.265 0.510 0.326 1.0 0.139 0.247 1.000
0.0 1.0 0.0 0.0 0.0 0.0 0.0 0.0 0.0 0.0 0.510 0.327 0.327 0.327 2.0 0.111 0.260 0.040
1.0 0.0 0.0 0.0 0.0 0.0 0.0 0.0 0.0 0.0 0.490 0.347 0.347 0.347 1.0 0.111 0.247 0.040
1.0 0.0 0.0 0.0 0.0 0.0 0.0 0.0 0.0 0.0 0.551 0.204 0.449 0.264 1.0 0.139 0.329 1.000
1.0 0.0 0.0 0.0 0.0 0.0 0.0 0.0 0.0 0.0 0.551 0.286 0.286 0.286 1.0 0.139 0.329 0.040
1.0 0.0 0.0 0.0 0.0 0.0 0.0 0.0 0.0 0.0 0.551 0.204 0.449 0.264 1.0 0.139 0.329 1.000
0.0 1.0 0.0 0.0 0.0 0.0 0.0 0.0 0.0 0.0 0.592 0.245 0.245 0.245 1.0 0.111 0.342 0.040
0.0 1.0 0.0 0.0 0.0 0.0 0.0 0.0 0.0 0.0 0.571 0.265 0.265 0.265 2.0 0.083 0.342 0.040
1.0 0.0 0.0 0.0 0.0 0.0 0.0 0.0 0.0 0.0 0.551 0.286 0.286 0.286 1.0 0.097 0.329 0.040
0.0 0.0 0.0 1.0 0.0 0.0 0.0 0.0 0.0 0.0 0.531 0.306 0.306 0.306 2.0 0.125 0.274 0.040
0.0 1.0 0.0 0.0 0.0 0.0 0.0 0.0 0.0 0.0 0.531 0.306 0.306 0.306 1.0 0.097 0.260 0.040
0.0 0.0 0.0 1.0 0.0 0.0 0.0 0.0 0.0 0.0 0.510 0.245 0.490 0.305 2.0 0.139 0.260 1.000
0.0 1.0 0.0 0.0 0.0 0.0 0.0 0.0 0.0 0.0 0.510 0.245 0.490 0.305 1.0 0.097 0.247 1.000
0.0 0.0 0.0 1.0 0.0 0.0 0.0 0.0 0.0 0.0 0.571 0.265 0.265 0.265 2.0 0.125 0.356 0.040
0.0 1.0 0.0 0.0 0.0 0.0 0.0 0.0 0.0 0.0 0.571 0.265 0.265 0.265 1.0 0.097 0.329 0.040
0.0 0.0 0.0 1.0 0.0 0.0 0.0 0.0 0.0 0.0 0.571 0.184 0.429 0.244 2.0 0.139 0.370 1.000
0.0 1.0 0.0 0.0 0.0 0.0 0.0 0.0 0.0 0.0 0.571 0.184 0.429 0.244 1.0 0.097 0.329 1.000
0.0 0.0 0.0 1.0 0.0 0.0 0.0 0.0 0.0 0.0 0.612 0.224 0.224 0.224 2.0 0.125 0.356 0.040
0.0 1.0 0.0 0.0 0.0 0.0 0.0 0.0 0.0 0.0 0.612 0.224 0.224 0.224 1.0 0.097 0.342 0.040
0.0 0.0 0.0 1.0 0.0 0.0 0.0 0.0 0.0 0.0 0.571 0.184 0.429 0.244 2.0 0.139 0.342 1.000
0.0 1.0 0.0 0.0 0.0 0.0 0.0 0.0 0.0 0.0 0.571 0.184 0.429 0.244 1.0 0.097 0.329 1.000
0.0 0.0 0.0 1.0 0.0 0.0 0.0 0.0 0.0 0.0 0.551 0.286 0.286 0.286 2.0 0.125 0.274 0.040
0.0 0.0 0.0 1.0 0.0 0.0 0.0 0.0 0.0 0.0 0.531 0.224 0.469 0.285 2.0 0.139 0.260 1.000
0.0 0.0 0.0 1.0 0.0 0.0 0.0 0.0 0.0 0.0 0.592 0.245 0.245 0.245 2.0 0.125 0.356 0.040
0.0 0.0 0.0 1.0 0.0 0.0 0.0 0.0 0.0 0.0 0.592 0.163 0.408 0.224 2.0 0.139 0.356 1.000
0.0 0.0 0.0 1.0 0.0 0.0 0.0 0.0 0.0 0.0 0.633 0.204 0.204 0.204 2.0 0.125 0.356 0.040
0.0 0.0 0.0 1.0 0.0 0.0 0.0 0.0 0.0 0.0 0.592 0.163 0.408 0.224 2.0 0.139 0.342 1.000
0.0 0.0 0.0 1.0 0.0 0.0 0.0 0.0 0.0 0.0 0.571 0.265 0.265 0.265 2.0 0.125 0.274 0.040
0.0 0.0 0.0 1.0 0.0 0.0 0.0 0.0 0.0 0.0 0.551 0.204 0.449 0.264 2.0 0.181 0.260 1.000
0.0 0.0 0.0 1.0 0.0 0.0 0.0 0.0 0.0 0.0 0.612 0.224 0.224 0.224 2.0 0.125 0.356 0.040
0.0 0.0 0.0 1.0 0.0 0.0 0.0 0.0 0.0 0.0 0.612 0.143 0.388 0.203 2.0 0.194 0.370 1.000
0.0 0.0 0.0 1.0 0.0 0.0 0.0 0.0 0.0 0.0 0.653 0.184 0.184 0.184 2.0 0.125 0.356 0.040
0.0 0.0 0.0 1.0 0.0 0.0 0.0 0.0 0.0 0.0 0.612 0.143 0.388 0.203 2.0 0.181 0.342 1.000
0.0 1.0 0.0 0.0 0.0 0.0 0.0 0.0 0.0 0.0 0.592 0.245 0.245 0.245 1.0 0.125 0.274 0.040
0.0 1.0 0.0 0.0 0.0 0.0 0.0 0.0 0.0 0.0 0.633 0.204 0.204 0.204 1.0 0.139 0.356 0.040
0.0 1.0 0.0 0.0 0.0 0.0 0.0 0.0 0.0 0.0 0.673 0.163 0.163 0.163 1.0 0.125 0.356 0.040
0.0 1.0 0.0 0.0 0.0 0.0 0.0 0.0 0.0 0.0 0.571 0.184 0.429 0.272 1.0 0.389 0.260 0.600
1.0 0.0 0.0 0.0 0.0 0.0 0.0 0.0 0.0 0.0 0.571 0.184 0.429 0.261 1.0 0.417 0.260 0.760
0.0 1.0 0.0 0.0 0.0 0.0 0.0 0.0 0.0 0.0 0.633 0.122 0.367 0.219 1.0 0.333 0.370 0.480
0.0 0.0 1.0 0.0 0.0 0.0 0.0 0.0 0.0 0.0 0.633 0.122 0.367 0.192 2.0 0.486 0.384 0.840
0.0 1.0 0.0 0.0 0.0 0.0 0.0 0.0 0.0 0.0 0.633 0.143 0.367 0.224 2.0 0.111 0.356 0.560
0.0 1.0 0.0 0.0 0.0 0.0 0.0 0.0 0.0 0.0 0.653 0.122 0.347 0.204 1.0 0.333 0.356 0.560
0.0 0.0 1.0 0.0 0.0 0.0 0.0 0.0 0.0 0.0 0.633 0.122 0.367 0.191 2.0 0.458 0.370 0.800
0.0 0.0 0.0 1.0 0.0 0.0 0.0 0.0 0.0 0.0 0.714 0.122 0.122 0.122 4.0 0.292 0.808 0.040
0.0 0.0 1.0 0.0 0.0 0.0 0.0 0.0 0.0 0.0 0.694 0.143 0.143 0.143 4.0 0.236 0.603 0.040
0.0 0.0 1.0 0.0 0.0 0.0 0.0 0.0 0.0 0.0 0.490 0.347 0.347 0.347 2.0 0.153 0.342 0.040
1.0 0.0 0.0 0.0 0.0 0.0 0.0 0.0 0.0 0.0 0.653 0.102 0.347 0.193 1.0 0.375 0.384 0.520
1.0 0.0 0.0 0.0 0.0 0.0 0.0 0.0 0.0 0.0 0.653 0.102 0.347 0.191 1.0 0.528 0.384 0.640
1.0 0.0 0.0 0.0 0.0 0.0 0.0 0.0 0.0 0.0 0.653 0.102 0.347 0.195 1.0 0.375 0.370 0.560
1.0 0.0 0.0 0.0 0.0 0.0 0.0 0.0 0.0 0.0 0.653 0.102 0.347 0.187 1.0 0.458 0.370 0.560
0.0 0.0 1.0 0.0 0.0 0.0 0.0 0.0 0.0 0.0 0.592 0.163 0.408 0.269 2.0 0.722 0.397 0.440
0.0 0.0 1.0 0.0 0.0 0.0 0.0 0.0 0.0 0.0 0.592 0.163 0.408 0.272 2.0 0.528 0.397 0.480
0.0 0.0 1.0 0.0 0.0 0.0 0.0 0.0 0.0 0.0 0.592 0.163 0.408 0.257 2.0 0.847 0.397 0.600
0.0 0.0 1.0 0.0 0.0 0.0 0.0 0.0 0.0 0.0 0.592 0.163 0.408 0.267 2.0 0.597 0.397 0.520
0.0 0.0 1.0 0.0 0.0 0.0 0.0 0.0 0.0 0.0 0.735 0.102 0.102 0.102 4.0 0.167 0.822 0.040
0.0 0.0 1.0 0.0 0.0 0.0 0.0 0.0 0.0 0.0 0.653 0.184 0.184 0.184 2.0 0.125 0.384 0.040
0.0 0.0 1.0 0.0 0.0 0.0 0.0 0.0 0.0 0.0 0.653 0.102 0.347 0.199 2.0 0.528 0.384 0.480
0.0 0.0 1.0 0.0 0.0 0.0 0.0 0.0 0.0 0.0 0.673 0.163 0.163 0.163 2.0 0.125 0.384 0.040
0.0 0.0 1.0 0.0 0.0 0.0 0.0 0.0 0.0 0.0 0.673 0.102 0.327 0.184 2.0 0.597 0.384 0.560
0.0 0.0 0.0 1.0 0.0 0.0 0.0 0.0 0.0 0.0 0.694 0.143 0.306 0.204 4.0 0.639 0.863 0.320
0.0 0.0 1.0 0.0 0.0 0.0 0.0 0.0 0.0 0.0 0.673 0.163 0.327 0.224 2.0 0.306 0.603 0.320
0.0 0.0 0.0 1.0 0.0 0.0 0.0 0.0 0.0 0.0 0.694 0.143 0.306 0.204 4.0 0.639 0.863 0.320
0.0 0.0 1.0 0.0 0.0 0.0 0.0 0.0 0.0 0.0 0.673 0.163 0.327 0.224 2.0 0.306 0.603 0.320
0.0 0.0 0.0 1.0 0.0 0.0 0.0 0.0 0.0 0.0 0.694 0.143 0.306 0.204 4.0 0.583 0.863 0.320
0.0 0.0 1.0 0.0 0.0 0.0 0.0 0.0 0.0 0.0 0.673 0.163 0.327 0.224 2.0 0.306 0.603 0.320
0.0 0.0 0.0 1.0 0.0 0.0 0.0 0.0 0.0 0.0 0.714 0.122 0.286 0.184 4.0 0.597 0.877 0.320
0.0 1.0 0.0 0.0 0.0 0.0 0.0 0.0 0.0 0.0 0.694 0.143 0.306 0.204 2.0 0.139 0.616 0.320
0.0 0.0 1.0 0.0 0.0 0.0 0.0 0.0 0.0 0.0 0.673 0.163 0.327 0.224 2.0 0.250 0.603 0.320
0.0 0.0 0.0 1.0 0.0 0.0 0.0 0.0 0.0 0.0 0.694 0.143 0.306 0.202 4.0 0.542 0.863 0.320
0.0 0.0 1.0 0.0 0.0 0.0 0.0 0.0 0.0 0.0 0.673 0.163 0.327 0.222 2.0 0.458 0.603 0.320
0.0 0.0 0.0 1.0 0.0 0.0 0.0 0.0 0.0 0.0 0.694 0.143 0.306 0.202 4.0 0.639 0.863 0.320
0.0 0.0 1.0 0.0 0.0 0.0 0.0 0.0 0.0 0.0 0.673 0.163 0.327 0.222 2.0 0.472 0.603 0.320
0.0 0.0 0.0 1.0 0.0 0.0 0.0 0.0 0.0 0.0 0.694 0.143 0.306 0.202 4.0 0.611 0.863 0.320
0.0 0.0 1.0 0.0 0.0 0.0 0.0 0.0 0.0 0.0 0.673 0.163 0.327 0.222 2.0 0.472 0.603 0.320
0.0 0.0 1.0 0.0 0.0 0.0 0.0 0.0 0.0 0.0 0.694 0.061 0.061 0.061 4.0 0.653 0.863 0.040
0.0 0.0 1.0 0.0 0.0 0.0 0.0 0.0 0.0 0.0 0.673 0.082 0.082 0.082 2.0 0.306 0.603 0.040
0.0 0.0 1.0 0.0 0.0 0.0 0.0 0.0 0.0 0.0 0.694 0.061 0.061 0.061 4.0 0.653 0.863 0.040
0.0 0.0 1.0 0.0 0.0 0.0 0.0 0.0 0.0 0.0 0.673 0.082 0.082 0.082 2.0 0.306 0.603 0.040
0.0 0.0 1.0 0.0 0.0 0.0 0.0 0.0 0.0 0.0 0.694 0.061 0.061 0.061 4.0 0.597 0.863 0.040
0.0 0.0 1.0 0.0 0.0 0.0 0.0 0.0 0.0 0.0 0.673 0.082 0.082 0.082 2.0 0.306 0.603 0.040
0.0 0.0 1.0 0.0 0.0 0.0 0.0 0.0 0.0 0.0 0.694 0.061 0.061 0.061 4.0 0.625 0.863 0.040
0.0 0.0 1.0 0.0 0.0 0.0 0.0 0.0 0.0 0.0 0.673 0.082 0.082 0.082 2.0 0.306 0.603 0.040
0.0 0.0 1.0 0.0 0.0 0.0 0.0 0.0 0.0 0.0 0.694 0.082 0.082 0.082 4.0 0.556 0.863 0.040
0.0 0.0 1.0 0.0 0.0 0.0 0.0 0.0 0.0 0.0 0.673 0.102 0.102 0.102 2.0 0.458 0.603 0.040
0.0 0.0 1.0 0.0 0.0 0.0 0.0 0.0 0.0 0.0 0.694 0.082 0.082 0.082 4.0 0.583 0.863 0.040
0.0 0.0 1.0 0.0 0.0 0.0 0.0 0.0 0.0 0.0 0.673 0.102 0.102 0.102 2.0 0.472 0.603 0.040
0.0 0.0 1.0 0.0 0.0 0.0 0.0 0.0 0.0 0.0 0.694 0.061 0.061 0.061 4.0 0.556 0.863 0.040
0.0 0.0 1.0 0.0 0.0 0.0 0.0 0.0 0.0 0.0 0.673 0.082 0.082 0.082 2.0 0.472 0.603 0.040
0.0 0.0 0.0 1.0 0.0 0.0 0.0 0.0 0.0 0.0 0.714 0.122 0.286 0.184 4.0 0.639 0.877 0.320
0.0 0.0 1.0 0.0 0.0 0.0 0.0 0.0 0.0 0.0 0.694 0.143 0.306 0.204 2.0 0.486 0.616 0.320
0.0 0.0 0.0 1.0 0.0 0.0 0.0 0.0 0.0 0.0 0.714 0.122 0.286 0.184 4.0 0.583 0.877 0.320
0.0 0.0 1.0 0.0 0.0 0.0 0.0 0.0 0.0 0.0 0.694 0.143 0.306 0.204 2.0 0.458 0.616 0.320
0.0 0.0 0.0 1.0 0.0 0.0 0.0 0.0 0.0 0.0 0.714 0.122 0.286 0.184 4.0 0.681 0.877 0.320
0.0 0.0 1.0 0.0 0.0 0.0 0.0 0.0 0.0 0.0 0.694 0.143 0.306 0.204 2.0 0.458 0.616 0.320
0.0 0.0 0.0 1.0 0.0 0.0 0.0 0.0 0.0 0.0 0.714 0.122 0.286 0.184 4.0 0.625 0.877 0.320
0.0 0.0 1.0 0.0 0.0 0.0 0.0 0.0 0.0 0.0 0.694 0.143 0.306 0.204 2.0 0.458 0.616 0.320
0.0 0.0 0.0 1.0 0.0 0.0 0.0 0.0 0.0 0.0 0.714 0.122 0.286 0.181 4.0 0.556 0.877 0.320
0.0 0.0 1.0 0.0 0.0 0.0 0.0 0.0 0.0 0.0 0.694 0.143 0.306 0.202 2.0 0.458 0.616 0.320
0.0 0.0 0.0 1.0 0.0 0.0 0.0 0.0 0.0 0.0 0.694 0.143 0.306 0.202 4.0 0.597 0.863 0.320
0.0 0.0 1.0 0.0 0.0 0.0 0.0 0.0 0.0 0.0 0.673 0.163 0.327 0.222 2.0 0.403 0.603 0.320
0.0 0.0 0.0 1.0 0.0 0.0 0.0 0.0 0.0 0.0 0.694 0.143 0.306 0.202 4.0 0.597 0.863 0.320
0.0 0.0 1.0 0.0 0.0 0.0 0.0 0.0 0.0 0.0 0.673 0.163 0.327 0.222 2.0 0.403 0.603 0.320
0.0 0.0 0.0 1.0 0.0 0.0 0.0 0.0 0.0 0.0 0.694 0.143 0.306 0.202 4.0 0.625 0.863 0.320
0.0 0.0 1.0 0.0 0.0 0.0 0.0 0.0 0.0 0.0 0.673 0.163 0.327 0.222 2.0 0.403 0.603 0.320
0.0 1.0 0.0 0.0 0.0 0.0 0.0 0.0 0.0 0.0 0.714 0.122 0.286 0.181 2.0 0.181 0.877 0.320
0.0 0.0 0.0 1.0 0.0 0.0 0.0 0.0 0.0 0.0 0.694 0.143 0.306 0.202 4.0 0.542 0.863 0.320
0.0 0.0 1.0 0.0 0.0 0.0 0.0 0.0 0.0 0.0 0.673 0.163 0.327 0.222 2.0 0.389 0.603 0.320
0.0 0.0 0.0 1.0 0.0 0.0 0.0 0.0 0.0 0.0 0.714 0.122 0.122 0.122 4.0 0.514 0.863 0.040
0.0 0.0 1.0 0.0 0.0 0.0 0.0 0.0 0.0 0.0 0.694 0.143 0.143 0.143 2.0 0.444 0.616 0.040
0.0 0.0 0.0 1.0 0.0 0.0 0.0 0.0 0.0 0.0 0.694 0.143 0.143 0.143 4.0 0.514 0.849 0.040
0.0 0.0 1.0 0.0 0.0 0.0 0.0 0.0 0.0 0.0 0.673 0.163 0.163 0.163 2.0 0.389 0.603 0.040
0.0 1.0 0.0 0.0 0.0 0.0 0.0 0.0 0.0 0.0 0.735 0.102 0.102 0.102 2.0 0.153 0.877 0.040
0.0 0.0 0.0 1.0 0.0 0.0 0.0 0.0 0.0 0.0 0.714 0.122 0.122 0.122 4.0 0.569 0.863 0.040
0.0 0.0 1.0 0.0 0.0 0.0 0.0 0.0 0.0 0.0 0.694 0.143 0.143 0.143 2.0 0.514 0.616 0.040
0.0 0.0 0.0 1.0 0.0 0.0 0.0 0.0 0.0 0.0 0.714 0.122 0.122 0.122 4.0 0.556 0.863 0.040
0.0 0.0 1.0 0.0 0.0 0.0 0.0 0.0 0.0 0.0 0.694 0.143 0.143 0.143 2.0 0.514 0.616 0.040
0.0 0.0 0.0 1.0 0.0 0.0 0.0 0.0 0.0 0.0 0.714 0.122 0.122 0.122 4.0 0.500 0.863 0.040
0.0 0.0 1.0 0.0 0.0 0.0 0.0 0.0 0.0 0.0 0.694 0.143 0.143 0.143 2.0 0.514 0.616 0.040
0.0 0.0 0.0 1.0 0.0 0.0 0.0 0.0 0.0 0.0 0.714 0.122 0.122 0.122 4.0 0.500 0.863 0.040
0.0 0.0 1.0 0.0 0.0 0.0 0.0 0.0 0.0 0.0 0.694 0.143 0.143 0.143 2.0 0.514 0.616 0.040
0.0 0.0 0.0 1.0 0.0 0.0 0.0 0.0 0.0 0.0 0.714 0.122 0.122 0.122 4.0 0.542 0.863 0.040
0.0 0.0 1.0 0.0 0.0 0.0 0.0 0.0 0.0 0.0 0.694 0.143 0.143 0.143 2.0 0.347 0.616 0.040
0.0 0.0 0.0 1.0 0.0 0.0 0.0 0.0 0.0 0.0 0.714 0.122 0.122 0.122 4.0 0.542 0.863 0.040
0.0 0.0 1.0 0.0 0.0 0.0 0.0 0.0 0.0 0.0 0.694 0.143 0.143 0.143 2.0 0.375 0.616 0.040
0.0 0.0 1.0 0.0 0.0 0.0 0.0 0.0 0.0 0.0 0.714 0.082 0.082 0.082 4.0 0.653 0.877 0.040
0.0 0.0 1.0 0.0 0.0 0.0 0.0 0.0 0.0 0.0 0.694 0.102 0.102 0.102 2.0 0.486 0.616 0.040
0.0 0.0 1.0 0.0 0.0 0.0 0.0 0.0 0.0 0.0 0.714 0.061 0.061 0.061 4.0 0.597 0.877 0.040
0.0 0.0 1.0 0.0 0.0 0.0 0.0 0.0 0.0 0.0 0.694 0.082 0.082 0.082 2.0 0.458 0.616 0.040
0.0 1.0 0.0 0.0 0.0 0.0 0.0 0.0 0.0 0.0 0.735 0.061 0.061 0.061 2.0 0.153 0.890 0.040
0.0 0.0 1.0 0.0 0.0 0.0 0.0 0.0 0.0 0.0 0.714 0.082 0.082 0.082 4.0 0.597 0.877 0.040
0.0 0.0 1.0 0.0 0.0 0.0 0.0 0.0 0.0 0.0 0.694 0.102 0.102 0.102 2.0 0.444 0.616 0.040
0.0 0.0 1.0 0.0 0.0 0.0 0.0 0.0 0.0 0.0 0.714 0.061 0.061 0.061 4.0 0.569 0.877 0.040
0.0 0.0 1.0 0.0 0.0 0.0 0.0 0.0 0.0 0.0 0.694 0.082 0.082 0.082 2.0 0.458 0.616 0.040
0.0 0.0 1.0 0.0 0.0 0.0 0.0 0.0 0.0 0.0 0.714 0.061 0.061 0.061 4.0 0.569 0.877 0.040
0.0 0.0 1.0 0.0 0.0 0.0 0.0 0.0 0.0 0.0 0.694 0.082 0.082 0.082 2.0 0.458 0.616 0.040
0.0 0.0 1.0 0.0 0.0 0.0 0.0 0.0 0.0 0.0 0.694 0.082 0.082 0.082 4.0 0.597 0.863 0.040
0.0 0.0 1.0 0.0 0.0 0.0 0.0 0.0 0.0 0.0 0.673 0.102 0.102 0.102 2.0 0.403 0.603 0.040
0.0 0.0 1.0 0.0 0.0 0.0 0.0 0.0 0.0 0.0 0.694 0.082 0.082 0.082 4.0 0.597 0.863 0.040
0.0 0.0 1.0 0.0 0.0 0.0 0.0 0.0 0.0 0.0 0.673 0.102 0.102 0.102 2.0 0.403 0.603 0.040
0.0 0.0 1.0 0.0 0.0 0.0 0.0 0.0 0.0 0.0 0.694 0.061 0.061 0.061 4.0 0.625 0.863 0.040
0.0 0.0 1.0 0.0 0.0 0.0 0.0 0.0 0.0 0.0 0.673 0.082 0.082 0.082 2.0 0.403 0.603 0.040
0.0 0.0 1.0 0.0 0.0 0.0 0.0 0.0 0.0 0.0 0.694 0.061 0.061 0.061 4.0 0.569 0.863 0.040
0.0 0.0 1.0 0.0 0.0 0.0 0.0 0.0 0.0 0.0 0.673 0.082 0.082 0.082 2.0 0.403 0.603 0.040
0.0 0.0 0.0 1.0 0.0 0.0 0.0 0.0 0.0 0.0 0.714 0.041 0.041 0.041 2.0 0.153 0.877 0.040
0.0 1.0 0.0 0.0 0.0 0.0 0.0 0.0 0.0 0.0 0.714 0.041 0.041 0.041 1.0 0.139 0.863 0.040
0.0 0.0 0.0 1.0 0.0 0.0 0.0 0.0 0.0 0.0 0.714 0.041 0.041 0.041 2.0 0.153 0.863 0.040
0.0 1.0 0.0 0.0 0.0 0.0 0.0 0.0 0.0 0.0 0.714 0.041 0.041 0.041 1.0 0.139 0.863 0.040
0.0 0.0 0.0 1.0 0.0 0.0 0.0 0.0 0.0 0.0 0.714 0.041 0.041 0.041 2.0 0.153 0.877 0.040
0.0 1.0 0.0 0.0 0.0 0.0 0.0 0.0 0.0 0.0 0.714 0.041 0.041 0.041 1.0 0.139 0.863 0.040
0.0 0.0 0.0 1.0 0.0 0.0 0.0 0.0 0.0 0.0 0.714 0.041 0.041 0.041 2.0 0.153 0.863 0.040
0.0 1.0 0.0 0.0 0.0 0.0 0.0 0.0 0.0 0.0 0.714 0.041 0.041 0.041 1.0 0.139 0.863 0.040
0.0 0.0 0.0 1.0 0.0 0.0 0.0 0.0 0.0 0.0 0.714 0.061 0.061 0.061 2.0 0.153 0.877 0.040
0.0 1.0 0.0 0.0 0.0 0.0 0.0 0.0 0.0 0.0 0.714 0.061 0.061 0.061 2.0 0.125 0.877 0.040
0.0 1.0 0.0 0.0 0.0 0.0 0.0 0.0 0.0 0.0 0.735 0.041 0.041 0.041 1.0 0.083 0.877 0.040
0.0 0.0 0.0 1.0 0.0 0.0 0.0 0.0 0.0 0.0 0.714 0.061 0.061 0.061 2.0 0.167 0.863 0.040
0.0 1.0 0.0 0.0 0.0 0.0 0.0 0.0 0.0 0.0 0.714 0.061 0.061 0.061 1.0 0.139 0.863 0.040
0.0 0.0 0.0 1.0 0.0 0.0 0.0 0.0 0.0 0.0 0.714 0.041 0.041 0.041 2.0 0.153 0.863 0.040
0.0 1.0 0.0 0.0 0.0 0.0 0.0 0.0 0.0 0.0 0.714 0.041 0.041 0.041 1.0 0.139 0.863 0.040
0.0 0.0 1.0 0.0 0.0 0.0 0.0 0.0 0.0 0.0 0.776 0.061 0.061 0.061 4.0 0.278 0.877 0.040
0.0 0.0 1.0 0.0 0.0 0.0 0.0 0.0 0.0 0.0 0.755 0.082 0.082 0.082 4.0 0.278 0.877 0.040
0.0 0.0 1.0 0.0 0.0 0.0 0.0 0.0 0.0 0.0 0.735 0.102 0.102 0.102 2.0 0.181 0.863 0.040
0.0 0.0 0.0 1.0 0.0 0.0 0.0 0.0 0.0 0.0 0.735 0.020 0.020 0.020 2.0 0.097 0.863 0.040
0.0 0.0 0.0 1.0 0.0 0.0 0.0 0.0 0.0 0.0 0.735 0.020 0.020 0.020 2.0 0.097 0.863 0.040
0.0 0.0 0.0 1.0 0.0 0.0 0.0 0.0 0.0 0.0 0.735 0.020 0.020 0.020 2.0 0.097 0.863 0.040
0.0 0.0 0.0 1.0 0.0 0.0 0.0 0.0 0.0 0.0 0.735 0.020 0.020 0.020 2.0 0.097 0.863 0.040
0.0 0.0 0.0 1.0 0.0 0.0 0.0 0.0 0.0 0.0 0.735 0.061 0.061 0.061 2.0 0.153 0.877 0.040
0.0 1.0 0.0 0.0 0.0 0.0 0.0 0.0 0.0 0.0 0.735 0.061 0.061 0.061 2.0 0.125 0.890 0.040
0.0 1.0 0.0 0.0 0.0 0.0 0.0 0.0 0.0 0.0 0.755 0.041 0.041 0.041 1.0 0.083 0.890 0.040
0.0 0.0 0.0 1.0 0.0 0.0 0.0 0.0 0.0 0.0 0.735 0.041 0.041 0.041 2.0 0.153 0.877 0.040
0.0 1.0 0.0 0.0 0.0 0.0 0.0 0.0 0.0 0.0 0.735 0.041 0.041 0.041 1.0 0.139 0.877 0.040
0.0 0.0 0.0 1.0 0.0 0.0 0.0 0.0 0.0 0.0 0.755 0.041 0.041 0.041 2.0 0.111 0.904 0.040
0.0 1.0 0.0 0.0 0.0 0.0 0.0 0.0 0.0 0.0 0.755 0.041 0.041 0.041 1.0 0.097 0.890 0.040
0.0 1.0 0.0 0.0 0.0 0.0 0.0 0.0 0.0 0.0 0.755 0.020 0.020 0.020 2.0 0.083 0.890 0.040
0.0 0.0 0.0 1.0 0.0 0.0 0.0 0.0 0.0 0.0 0.735 0.041 0.041 0.041 2.0 0.153 0.877 0.040
0.0 1.0 0.0 0.0 0.0 0.0 0.0 0.0 0.0 0.0 0.735 0.041 0.041 0.041 1.0 0.139 0.877 0.040
0.0 0.0 0.0 1.0 0.0 0.0 0.0 0.0 0.0 0.0 0.735 0.041 0.041 0.041 2.0 0.153 0.877 0.040
0.0 1.0 0.0 0.0 0.0 0.0 0.0 0.0 0.0 0.0 0.735 0.041 0.041 0.041 1.0 0.139 0.877 0.040
0.0 0.0 0.0 1.0 0.0 0.0 0.0 0.0 0.0 0.0 0.755 0.020 0.020 0.020 2.0 0.097 0.877 0.040
0.0 1.0 0.0 0.0 0.0 0.0 0.0 0.0 0.0 0.0 0.735 0.041 0.041 0.041 2.0 0.097 0.877 0.040
0.0 0.0 0.0 1.0 0.0 0.0 0.0 0.0 0.0 0.0 0.714 0.061 0.061 0.061 2.0 0.153 0.863 0.040
0.0 1.0 0.0 0.0 0.0 0.0 0.0 0.0 0.0 0.0 0.714 0.061 0.061 0.061 1.0 0.139 0.863 0.040
0.0 0.0 0.0 1.0 0.0 0.0 0.0 0.0 0.0 0.0 0.714 0.061 0.061 0.061 2.0 0.153 0.863 0.040
0.0 1.0 0.0 0.0 0.0 0.0 0.0 0.0 0.0 0.0 0.714 0.061 0.061 0.061 1.0 0.139 0.863 0.040
0.0 0.0 0.0 1.0 0.0 0.0 0.0 0.0 0.0 0.0 0.714 0.041 0.041 0.041 2.0 0.153 0.863 0.040
0.0 1.0 0.0 0.0 0.0 0.0 0.0 0.0 0.0 0.0 0.714 0.041 0.041 0.041 1.0 0.139 0.863 0.040
0.0 0.0 0.0 1.0 0.0 0.0 0.0 0.0 0.0 0.0 0.714 0.041 0.041 0.041 2.0 0.153 0.863 0.040
0.0 1.0 0.0 0.0 0.0 0.0 0.0 0.0 0.0 0.0 0.714 0.041 0.041 0.041 1.0 0.139 0.863 0.040
0.0 0.0 0.0 1.0 0.0 0.0 0.0 0.0 0.0 0.0 0.735 0.041 0.041 0.041 2.0 0.111 0.863 0.040
0.0 0.0 0.0 1.0 0.0 0.0 0.0 0.0 0.0 0.0 0.735 0.020 0.020 0.020 2.0 0.097 0.863 0.040
0.0 0.0 0.0 1.0 0.0 0.0 0.0 0.0 0.0 0.0 0.755 0.163 0.163 0.163 4.0 0.319 0.890 0.040
0.0 0.0 1.0 0.0 0.0 0.0 0.0 0.0 0.0 0.0 0.735 0.184 0.184 0.184 4.0 0.306 0.890 0.040
0.0 0.0 1.0 0.0 0.0 0.0 0.0 0.0 0.0 0.0 0.714 0.204 0.204 0.204 2.0 0.222 0.863 0.040
0.0 0.0 0.0 1.0 0.0 0.0 0.0 0.0 0.0 0.0 0.755 0.143 0.143 0.143 4.0 0.319 0.890 0.040
0.0 0.0 1.0 0.0 0.0 0.0 0.0 0.0 0.0 0.0 0.735 0.163 0.163 0.163 4.0 0.292 0.877 0.040
0.0 0.0 1.0 0.0 0.0 0.0 0.0 0.0 0.0 0.0 0.735 0.163 0.163 0.163 2.0 0.222 0.877 0.040
0.0 0.0 1.0 0.0 0.0 0.0 0.0 0.0 0.0 0.0 0.755 0.082 0.245 0.140 4.0 0.417 0.890 0.280
0.0 0.0 1.0 0.0 0.0 0.0 0.0 0.0 0.0 0.0 0.735 0.102 0.265 0.160 4.0 0.319 0.890 0.280
0.0 0.0 1.0 0.0 0.0 0.0 0.0 0.0 0.0 0.0 0.714 0.122 0.286 0.181 2.0 0.236 0.863 0.280
0.0 0.0 1.0 0.0 0.0 0.0 0.0 0.0 0.0 0.0 0.755 0.082 0.245 0.140 4.0 0.417 0.890 0.280
0.0 0.0 1.0 0.0 0.0 0.0 0.0 0.0 0.0 0.0 0.735 0.102 0.265 0.160 4.0 0.306 0.877 0.280
0.0 0.0 1.0 0.0 0.0 0.0 0.0 0.0 0.0 0.0 0.735 0.102 0.265 0.160 2.0 0.236 0.877 0.280
0.0 0.0 0.0 1.0 0.0 0.0 0.0 0.0 0.0 1.0 0.755 0.000 0.000 0.000 2.0 0.097 0.877 0.040
0.0 0.0 0.0 1.0 0.0 0.0 0.0 0.0 0.0 1.0 0.755 0.000 0.000 0.000 2.0 0.097 0.863 0.040
0.0 0.0 0.0 1.0 0.0 0.0 0.0 0.0 0.0 1.0 0.755 0.000 0.000 0.000 2.0 0.097 0.877 0.040
0.0 0.0 0.0 1.0 0.0 0.0 0.0 0.0 0.0 1.0 0.755 0.000 0.000 0.000 2.0 0.097 0.863 0.040
0.0 0.0 0.0 1.0 0.0 0.0 0.0 0.0 0.0 0.0 0.776 0.020 0.020 0.020 2.0 0.097 0.890 0.040
0.0 0.0 0.0 1.0 0.0 0.0 0.0 0.0 0.0 0.0 0.755 0.020 0.020 0.020 2.0 0.097 0.877 0.040
0.0 0.0 0.0 1.0 0.0 0.0 0.0 0.0 0.0 0.0 0.776 0.020 0.020 0.020 2.0 0.097 0.890 0.040
0.0 0.0 0.0 1.0 0.0 0.0 0.0 0.0 0.0 0.0 0.755 0.020 0.020 0.020 2.0 0.097 0.877 0.040
0.0 0.0 0.0 1.0 0.0 0.0 0.0 0.0 0.0 0.0 0.755 0.020 0.020 0.020 2.0 0.097 0.877 0.040
0.0 0.0 0.0 1.0 0.0 0.0 0.0 0.0 0.0 1.0 0.776 0.000 0.000 0.000 2.0 0.097 0.890 0.040
0.0 0.0 0.0 1.0 0.0 0.0 0.0 0.0 0.0 0.0 0.735 0.041 0.041 0.041 2.0 0.111 0.863 0.040
0.0 1.0 0.0 0.0 0.0 0.0 0.0 0.0 0.0 0.0 0.755 0.020 0.020 0.020 2.0 0.083 0.877 0.040
0.0 0.0 0.0 1.0 0.0 0.0 0.0 0.0 0.0 0.0 0.735 0.041 0.041 0.041 2.0 0.097 0.863 0.040
0.0 0.0 0.0 1.0 0.0 0.0 0.0 0.0 0.0 0.0 0.735 0.020 0.020 0.020 2.0 0.097 0.863 0.040
0.0 0.0 0.0 1.0 0.0 0.0 0.0 0.0 0.0 0.0 0.735 0.020 0.020 0.020 2.0 0.097 0.863 0.040
0.0 1.0 0.0 0.0 0.0 0.0 0.0 0.0 0.0 1.0 0.776 0.000 0.000 0.000 2.0 0.056 0.877 0.040
0.0 0.0 0.0 1.0 0.0 0.0 0.0 0.0 0.0 0.0 0.755 0.020 0.020 0.020 2.0 0.111 0.863 0.040
0.0 0.0 0.0 1.0 0.0 0.0 0.0 0.0 0.0 1.0 0.755 0.000 0.000 0.000 2.0 0.097 0.863 0.040
0.0 0.0 1.0 0.0 0.0 0.0 0.0 0.0 0.0 0.0 0.776 0.143 0.143 0.143 2.0 0.167 0.890 0.040
0.0 0.0 1.0 0.0 0.0 0.0 0.0 0.0 0.0 0.0 0.776 0.122 0.122 0.122 2.0 0.167 0.890 0.040
0.0 0.0 0.0 1.0 0.0 0.0 0.0 0.0 0.0 1.0 0.796 0.000 0.000 0.000 2.0 0.097 0.890 0.040
0.0 0.0 0.0 1.0 0.0 0.0 0.0 0.0 0.0 1.0 0.776 0.000 0.000 0.000 2.0 0.097 0.877 0.040
0.0 0.0 0.0 1.0 0.0 0.0 0.0 0.0 0.0 1.0 0.796 0.000 0.000 0.000 2.0 0.097 0.904 0.040
0.0 0.0 0.0 1.0 0.0 0.0 0.0 0.0 0.0 1.0 0.776 0.000 0.000 0.000 2.0 0.083 0.890 0.040
0.0 0.0 0.0 1.0 0.0 0.0 0.0 0.0 0.0 1.0 0.776 0.000 0.000 0.000 2.0 0.097 0.877 0.040
0.0 1.0 0.0 0.0 0.0 0.0 0.0 0.0 0.0 1.0 0.776 0.000 0.000 0.000 2.0 0.056 0.890 0.040
0.0 0.0 0.0 1.0 0.0 0.0 0.0 0.0 0.0 0.0 0.755 0.020 0.020 0.020 2.0 0.097 0.877 0.040
0.0 0.0 0.0 1.0 0.0 0.0 0.0 0.0 0.0 1.0 0.776 0.000 0.000 0.000 2.0 0.083 0.877 0.040
0.0 0.0 0.0 1.0 0.0 0.0 0.0 0.0 0.0 1.0 0.755 0.000 0.000 0.000 2.0 0.097 0.863 0.040
0.0 0.0 0.0 1.0 0.0 0.0 0.0 0.0 0.0 1.0 0.755 0.000 0.000 0.000 2.0 0.097 0.863 0.040
0.0 0.0 1.0 0.0 0.0 0.0 0.0 0.0 0.0 0.0 0.796 0.041 0.041 0.041 3.0 0.292 0.932 0.040
0.0 0.0 0.0 1.0 0.0 0.0 0.0 0.0 0.0 0.0 0.776 0.102 0.224 0.129 2.0 0.458 0.918 0.240
0.0 0.0 1.0 0.0 0.0 0.0 0.0 0.0 1.0 0.0 0.816 0.020 0.020 0.020 4.0 0.208 0.959 0.040
0.0 0.0 0.0 1.0 0.0 0.0 0.0 0.0 0.0 0.0 0.796 0.122 0.122 0.122 2.0 0.139 0.904 0.040
0.0 1.0 0.0 0.0 0.0 0.0 0.0 0.0 0.0 0.0 0.796 0.122 0.122 0.122 1.0 0.111 0.890 0.040
0.0 0.0 0.0 1.0 0.0 0.0 0.0 0.0 0.0 0.0 0.796 0.102 0.102 0.102 2.0 0.153 0.904 0.040
0.0 1.0 0.0 0.0 0.0 0.0 0.0 0.0 0.0 0.0 0.796 0.102 0.102 0.102 1.0 0.111 0.890 0.040
0.0 0.0 0.0 0.0 0.0 1.0 0.0 0.0 0.0 1.0 0.837 0.000 0.000 0.000 2.0 0.097 0.959 0.040
0.0 0.0 1.0 0.0 0.0 0.0 0.0 0.0 0.0 0.0 0.796 0.082 0.082 0.082 3.0 0.236 0.918 0.040
0.0 0.0 1.0 0.0 0.0 0.0 0.0 0.0 1.0 0.0 0.796 0.082 0.082 0.082 3.0 0.208 0.918 0.040
0.0 0.0 1.0 0.0 0.0 0.0 0.0 0.0 1.0 0.0 0.796 0.102 0.102 0.102 3.0 0.208 0.918 0.040
0.0 0.0 1.0 0.0 0.0 0.0 0.0 0.0 1.0 0.0 0.796 0.082 0.082 0.082 3.0 0.208 0.918 0.040
0.0 0.0 1.0 0.0 0.0 0.0 0.0 0.0 0.0 0.0 0.796 0.102 0.102 0.102 3.0 0.236 0.918 0.040
0.0 0.0 0.0 1.0 0.0 0.0 0.0 0.0 0.0 0.0 0.816 0.102 0.102 0.102 2.0 0.139 0.904 0.040
0.0 0.0 0.0 1.0 0.0 0.0 0.0 0.0 0.0 0.0 0.816 0.082 0.082 0.082 2.0 0.153 0.904 0.040
0.0 0.0 1.0 0.0 0.0 0.0 0.0 0.0 1.0 0.0 0.796 0.204 0.204 0.204 3.0 0.208 0.918 0.040
0.0 1.0 0.0 0.0 0.0 0.0 0.0 0.0 0.0 0.0 0.857 0.061 0.061 0.061 2.0 0.125 0.918 0.040
0.0 0.0 0.0 1.0 0.0 0.0 0.0 0.0 0.0 0.0 0.837 0.082 0.082 0.082 2.0 0.139 0.904 0.040
0.0 0.0 0.0 1.0 0.0 0.0 0.0 0.0 0.0 0.0 0.837 0.061 0.061 0.061 2.0 0.167 0.904 0.040
0.0 0.0 0.0 1.0 0.0 0.0 0.0 0.0 0.0 0.0 0.816 0.061 0.061 0.061 2.0 0.153 0.932 0.040
0.0 0.0 0.0 1.0 0.0 0.0 0.0 0.0 0.0 0.0 0.816 0.061 0.061 0.061 2.0 0.139 0.959 0.040
0.0 0.0 0.0 1.0 0.0 0.0 0.0 0.0 0.0 0.0 0.816 0.082 0.082 0.082 2.0 0.139 0.918 0.040
0.0 0.0 0.0 1.0 0.0 0.0 0.0 0.0 0.0 0.0 0.816 0.061 0.061 0.061 2.0 0.139 0.918 0.040
0.0 0.0 0.0 1.0 0.0 0.0 0.0 0.0 0.0 0.0 0.816 0.082 0.082 0.082 2.0 0.153 0.918 0.040
0.0 1.0 0.0 0.0 0.0 0.0 0.0 0.0 0.0 0.0 0.816 0.061 0.061 0.061 1.0 0.125 0.918 0.040
0.0 1.0 0.0 0.0 0.0 0.0 0.0 0.0 0.0 0.0 0.816 0.061 0.061 0.061 1.0 0.111 0.918 0.040
0.0 1.0 0.0 0.0 0.0 0.0 0.0 0.0 0.0 0.0 0.816 0.082 0.082 0.082 1.0 0.111 0.918 0.040
0.0 1.0 0.0 0.0 0.0 0.0 0.0 0.0 0.0 0.0 0.816 0.061 0.061 0.061 1.0 0.111 0.918 0.040
0.0 1.0 0.0 0.0 0.0 0.0 0.0 0.0 0.0 0.0 0.816 0.082 0.082 0.082 1.0 0.125 0.918 0.040
0.0 1.0 0.0 0.0 0.0 0.0 0.0 0.0 0.0 0.0 0.816 0.184 0.184 0.184 2.0 0.097 0.932 0.040
0.0 1.0 0.0 0.0 0.0 0.0 0.0 0.0 0.0 0.0 0.837 0.163 0.163 0.163 1.0 0.083 0.932 0.040
0.0 0.0 0.0 1.0 0.0 0.0 0.0 0.0 0.0 0.0 0.816 0.184 0.184 0.184 2.0 0.153 0.932 0.040
0.0 0.0 0.0 1.0 0.0 0.0 0.0 0.0 0.0 0.0 0.837 0.041 0.041 0.041 2.0 0.139 0.932 0.040
0.0 0.0 0.0 1.0 0.0 0.0 0.0 0.0 0.0 0.0 0.837 0.041 0.041 0.041 2.0 0.139 0.959 0.040
0.0 0.0 0.0 1.0 0.0 0.0 0.0 0.0 0.0 0.0 0.837 0.061 0.061 0.061 2.0 0.125 0.918 0.040
0.0 0.0 0.0 1.0 0.0 0.0 0.0 0.0 0.0 0.0 0.837 0.041 0.041 0.041 2.0 0.125 0.918 0.040
0.0 1.0 0.0 0.0 0.0 0.0 0.0 0.0 0.0 0.0 0.857 0.041 0.041 0.041 2.0 0.097 0.932 0.040
0.0 0.0 0.0 1.0 0.0 0.0 0.0 0.0 0.0 0.0 0.837 0.061 0.061 0.061 2.0 0.111 0.918 0.040
0.0 0.0 0.0 1.0 0.0 0.0 0.0 0.0 0.0 0.0 0.878 0.041 0.041 0.041 2.0 0.111 0.918 0.040
0.0 1.0 0.0 0.0 0.0 0.0 0.0 0.0 0.0 0.0 0.878 0.041 0.041 0.041 1.0 0.097 0.918 0.040
0.0 0.0 0.0 1.0 0.0 0.0 0.0 0.0 0.0 0.0 0.857 0.041 0.041 0.041 2.0 0.125 0.904 0.040
0.0 1.0 0.0 0.0 0.0 0.0 0.0 0.0 0.0 0.0 0.857 0.041 0.041 0.041 1.0 0.111 0.904 0.040
0.0 1.0 0.0 0.0 0.0 0.0 0.0 0.0 0.0 0.0 0.878 0.122 0.122 0.122 2.0 0.111 0.959 0.040
0.0 0.0 0.0 1.0 0.0 0.0 0.0 0.0 0.0 0.0 0.857 0.143 0.143 0.143 2.0 0.125 0.945 0.040
0.0 0.0 0.0 1.0 0.0 0.0 0.0 0.0 0.0 0.0 0.857 0.020 0.020 0.020 2.0 0.125 0.932 0.040
0.0 0.0 0.0 1.0 0.0 0.0 0.0 0.0 0.0 0.0 0.857 0.020 0.020 0.020 2.0 0.125 0.959 0.040
0.0 1.0 0.0 0.0 0.0 0.0 0.0 0.0 0.0 0.0 0.878 0.020 0.020 0.020 2.0 0.083 0.932 0.040
0.0 0.0 0.0 1.0 0.0 0.0 0.0 0.0 0.0 0.0 0.857 0.041 0.041 0.041 2.0 0.125 0.918 0.040
0.0 0.0 0.0 1.0 0.0 0.0 0.0 0.0 0.0 0.0 0.857 0.020 0.020 0.020 2.0 0.125 0.918 0.040
0.0 0.0 0.0 1.0 0.0 0.0 0.0 0.0 0.0 0.0 0.878 0.020 0.020 0.020 2.0 0.111 0.932 0.040
0.0 0.0 0.0 1.0 0.0 0.0 0.0 0.0 0.0 0.0 0.898 0.020 0.020 0.020 2.0 0.125 0.918 0.040
0.0 0.0 0.0 1.0 0.0 0.0 0.0 0.0 0.0 0.0 0.878 0.020 0.020 0.020 2.0 0.125 0.904 0.040
0.0 0.0 0.0 1.0 0.0 0.0 0.0 0.0 0.0 0.0 0.898 0.102 0.102 0.102 2.0 0.153 0.959 0.040
0.0 0.0 1.0 0.0 0.0 0.0 0.0 0.0 0.0 1.0 0.878 0.000 0.000 0.000 2.0 0.097 0.932 0.040
0.0 0.0 1.0 0.0 0.0 0.0 0.0 0.0 0.0 1.0 0.878 0.000 0.000 0.000 2.0 0.097 0.959 0.040
0.0 0.0 1.0 0.0 0.0 0.0 0.0 0.0 0.0 1.0 0.898 0.000 0.000 0.000 2.0 0.083 0.932 0.040
0.0 0.0 1.0 0.0 0.0 0.0 0.0 0.0 0.0 1.0 0.878 0.000 0.000 0.000 2.0 0.097 0.918 0.040
0.0 0.0 1.0 0.0 0.0 0.0 0.0 0.0 0.0 1.0 0.898 0.000 0.000 0.000 2.0 0.097 0.932 0.040
0.0 0.0 0.0 1.0 0.0 0.0 0.0 0.0 0.0 1.0 0.918 0.000 0.000 0.000 2.0 0.097 0.918 0.040
0.0 0.0 0.0 1.0 0.0 0.0 0.0 0.0 0.0 1.0 0.898 0.000 0.000 0.000 2.0 0.097 0.904 0.040
0.0 0.0 0.0 1.0 0.0 0.0 0.0 0.0 0.0 0.0 0.918 0.082 0.082 0.082 2.0 0.139 0.986 0.040
0.0 1.0 0.0 0.0 0.0 0.0 0.0 0.0 0.0 0.0 0.918 0.082 0.082 0.082 1.0 0.111 0.959 0.040
0.0 0.0 0.0 1.0 0.0 0.0 0.0 0.0 0.0 0.0 0.939 0.061 0.061 0.061 2.0 0.139 0.986 0.040
0.0 0.0 0.0 1.0 0.0 0.0 0.0 0.0 0.0 0.0 0.959 0.041 0.041 0.041 2.0 0.139 0.986 0.040
0.0 1.0 0.0 0.0 0.0 0.0 0.0 0.0 0.0 1.0 1.000 0.000 0.000 0.000 2.0 0.056 1.000 0.040
0.0 0.0 1.0 0.0 0.0 0.0 0.0 0.0 0.0 0.0 0.980 0.020 0.020 0.020 2.0 0.111 0.986 0.040
