0.0 0.0 0.0 1.0 0.0 0.0 0.0 0.0 0.0 0.0 0.333 0.370 0.481 2.0 0.556 0.211 0.323
0.0 0.0 0.0 0.0 1.0 0.0 0.0 0.0 0.0 0.0 0.341 0.363 0.474 2.0 0.667 0.221 0.323
0.0 0.0 1.0 0.0 0.0 0.0 0.0 0.0 0.0 0.0 0.348 0.356 0.467 1.0 0.444 0.232 0.323
0.0 1.0 0.0 0.0 0.0 0.0 0.0 0.0 0.0 0.0 0.356 0.348 0.459 2.0 0.389 0.232 0.323
0.0 0.0 0.0 0.0 0.0 1.0 0.0 0.0 0.0 0.0 0.363 0.341 0.452 2.0 0.611 0.221 0.323
0.0 0.0 0.0 0.0 0.0 0.0 1.0 0.0 0.0 0.0 0.370 0.333 0.444 2.0 0.722 0.232 0.323
0.0 0.0 0.0 0.0 0.0 0.0 0.0 1.0 0.0 0.0 0.378 0.326 0.437 2.0 0.778 0.242 0.323
1.0 0.0 0.0 0.0 0.0 0.0 0.0 0.0 0.0 0.0 0.385 0.319 0.430 2.0 0.833 0.253 0.323
0.0 0.0 0.0 1.0 0.0 0.0 0.0 0.0 0.0 0.0 0.393 0.311 0.422 2.0 0.889 0.263 0.323
0.0 0.0 0.0 0.0 1.0 0.0 0.0 0.0 0.0 0.0 0.400 0.304 0.415 2.0 0.944 0.274 0.323
