0.0 0.0 0.0 0.0 0.0 0.0 0.0 1.0 1.0 0.0 0.677 0.000 0.000 0.000 2.0 0.146 0.867 0.000
0.0 0.0 0.0 0.0 0.0 1.0 0.0 0.0 0.0 0.0 0.871 0.000 0.000 0.000 2.0 0.171 0.960 0.000
0.0 0.0 0.0 0.0 0.0 1.0 0.0 0.0 0.0 0.0 0.839 0.000 0.000 0.000 4.0 0.561 0.960 0.000
0.0 0.0 0.0 1.0 0.0 0.0 0.0 0.0 0.0 0.0 0.806 0.000 0.000 0.000 3.0 0.610 0.880 0.000
0.0 0.0 0.0 1.0 0.0 0.0 0.0 0.0 0.0 0.0 0.774 0.000 0.000 0.000 3.0 0.317 0.853 0.000
0.0 1.0 0.0 0.0 0.0 0.0 0.0 0.0 0.0 0.0 0.097 0.000 0.000 0.000 1.0 0.244 0.053 0.000
0.0 0.0 0.0 1.0 0.0 0.0 0.0 0.0 0.0 0.0 0.677 0.000 0.000 0.000 2.0 0.366 0.840 0.000
0.0 0.0 0.0 1.0 0.0 0.0 0.0 0.0 0.0 0.0 0.645 0.000 0.000 0.000 4.0 0.683 0.840 0.000
0.0 0.0 0.0 0.0 0.0 1.0 0.0 0.0 0.0 0.0 0.452 0.000 0.000 0.000 2.0 0.293 0.320 0.000
0.0 0.0 0.0 0.0 0.0 1.0 0.0 0.0 0.0 0.0 0.387 0.000 0.000 0.000 2.0 0.293 0.293 0.000
0.0 0.0 0.0 0.0 0.0 1.0 0.0 0.0 0.0 0.0 0.419 0.000 0.000 0.000 2.0 0.317 0.320 0.000
0.0 0.0 1.0 0.0 0.0 0.0 0.0 0.0 0.0 0.0 0.387 0.000 0.000 0.000 2.0 0.293 0.293 0.000
0.0 0.0 0.0 1.0 0.0 0.0 0.0 0.0 0.0 0.0 0.742 0.000 0.000 0.000 2.0 0.293 0.840 0.000
0.0 0.0 0.0 1.0 0.0 0.0 0.0 0.0 0.0 0.0 0.710 0.000 0.000 0.000 2.0 0.268 0.787 0.000
0.0 0.0 0.0 1.0 0.0 0.0 0.0 0.0 0.0 0.0 0.677 0.000 0.000 0.000 2.0 0.341 0.787 0.000
0.0 0.0 0.0 1.0 0.0 0.0 0.0 0.0 0.0 0.0 0.645 0.000 0.000 0.000 2.0 0.463 0.720 0.000
0.0 0.0 0.0 1.0 0.0 0.0 0.0 0.0 0.0 0.0 0.677 0.000 0.000 0.000 3.0 0.390 0.787 0.000
0.0 0.0 0.0 1.0 0.0 0.0 0.0 0.0 0.0 0.0 0.645 0.000 0.000 0.000 2.0 0.390 0.720 0.000
0.0 0.0 0.0 0.0 1.0 0.0 0.0 0.0 0.0 0.0 0.452 0.000 0.000 0.000 2.0 0.488 0.427 0.000
0.0 0.0 0.0 1.0 0.0 0.0 0.0 0.0 0.0 0.0 0.645 0.000 0.000 0.000 2.0 0.390 0.720 0.000
0.0 0.0 0.0 0.0 1.0 0.0 0.0 0.0 0.0 0.0 0.613 0.000 0.000 0.000 2.0 0.415 0.493 0.000
0.0 0.0 0.0 0.0 0.0 1.0 0.0 0.0 1.0 0.0 0.613 0.000 0.000 0.000 3.0 0.122 0.880 0.000
0.0 1.0 0.0 0.0 0.0 0.0 0.0 0.0 0.0 0.0 0.581 0.000 0.000 0.000 2.0 0.293 0.867 0.000
0.0 0.0 0.0 1.0 0.0 0.0 0.0 0.0 0.0 0.0 0.548 0.000 0.000 0.000 4.0 0.390 0.853 0.000
0.0 0.0 0.0 0.0 0.0 1.0 0.0 0.0 0.0 0.0 0.452 0.000 0.000 0.000 3.0 0.561 0.480 0.000
0.0 1.0 0.0 0.0 0.0 0.0 0.0 0.0 0.0 0.0 0.419 0.000 0.000 0.000 2.0 0.293 0.280 0.000
0.0 1.0 0.0 0.0 0.0 0.0 0.0 0.0 0.0 0.0 0.387 0.000 0.000 0.000 2.0 0.244 0.307 0.000
0.0 0.0 0.0 0.0 0.0 0.0 1.0 0.0 1.0 0.0 0.516 0.000 0.000 0.000 2.0 0.220 0.347 0.000
0.0 0.0 0.0 1.0 0.0 0.0 0.0 0.0 0.0 0.0 1.000 0.000 0.000 0.000 2.0 0.171 0.920 0.000
0.0 0.0 0.0 1.0 0.0 0.0 0.0 0.0 0.0 0.0 0.935 0.000 0.000 0.000 2.0 0.220 0.920 0.000
0.0 1.0 0.0 0.0 0.0 0.0 0.0 0.0 1.0 0.0 0.065 0.000 0.000 0.000 3.0 0.122 0.053 0.000
0.0 0.0 0.0 1.0 0.0 0.0 0.0 0.0 1.0 0.0 0.032 0.000 0.000 0.000 2.0 0.073 0.027 0.000
0.0 1.0 0.0 0.0 0.0 0.0 0.0 0.0 0.0 0.0 0.968 0.000 0.000 0.000 3.0 0.195 0.920 0.000
0.0 1.0 0.0 0.0 0.0 0.0 0.0 0.0 0.0 0.0 0.935 0.000 0.000 0.000 1.0 0.195 0.907 0.000
0.0 0.0 0.0 1.0 0.0 0.0 0.0 0.0 0.0 0.0 0.903 0.000 0.000 0.000 2.0 0.293 0.907 0.000
0.0 0.0 0.0 1.0 0.0 0.0 0.0 0.0 0.0 0.0 0.742 0.000 0.000 0.000 3.0 0.683 0.880 0.000
0.0 1.0 0.0 0.0 0.0 0.0 0.0 0.0 0.0 0.0 0.871 0.000 0.000 0.000 2.0 0.220 0.907 0.000
0.0 0.0 0.0 0.0 0.0 1.0 0.0 0.0 0.0 0.0 0.839 0.000 0.000 0.000 3.0 0.317 0.893 0.000
0.0 0.0 0.0 0.0 0.0 0.0 0.0 1.0 0.0 0.0 0.161 0.000 0.000 0.000 2.0 0.366 0.120 0.000
0.0 0.0 0.0 0.0 0.0 0.0 0.0 1.0 0.0 0.0 0.097 0.000 0.000 0.000 2.0 0.244 0.040 0.000
0.0 0.0 0.0 0.0 0.0 0.0 0.0 1.0 1.0 0.0 0.065 0.000 0.000 0.000 2.0 0.220 0.027 0.000
0.0 0.0 0.0 0.0 0.0 0.0 1.0 0.0 0.0 0.0 0.129 0.000 0.000 0.000 2.0 0.268 0.080 0.000
0.0 1.0 0.0 0.0 0.0 0.0 0.0 0.0 0.0 0.0 0.806 0.000 0.000 0.000 2.0 0.171 0.893 0.000
0.0 0.0 0.0 0.0 0.0 1.0 0.0 0.0 1.0 0.0 0.774 0.000 0.000 0.000 2.0 0.146 0.880 0.000
0.0 0.0 0.0 1.0 0.0 0.0 0.0 0.0 0.0 0.0 0.129 0.000 0.000 0.000 2.0 0.195 0.040 0.000
0.0 0.0 0.0 0.0 1.0 0.0 0.0 0.0 1.0 0.0 0.065 0.000 0.000 0.000 2.0 0.390 0.027 0.000
0.0 1.0 0.0 0.0 0.0 0.0 0.0 0.0 0.0 0.0 0.097 0.000 0.000 0.000 1.0 0.195 0.027 0.000
0.0 1.0 0.0 0.0 0.0 0.0 0.0 0.0 0.0 0.0 0.871 0.000 0.000 0.000 2.0 0.098 0.920 0.000
0.0 0.0 0.0 0.0 0.0 0.0 1.0 0.0 0.0 0.0 0.839 0.000 0.000 0.000 2.0 0.195 0.907 0.000
0.0 1.0 0.0 0.0 0.0 0.0 0.0 0.0 0.0 0.0 0.097 0.000 0.000 0.000 3.0 0.463 0.053 0.000
0.0 0.0 0.0 0.0 0.0 1.0 0.0 0.0 0.0 0.0 0.065 0.000 0.000 0.000 2.0 0.220 0.027 0.000
0.0 0.0 0.0 1.0 0.0 0.0 0.0 0.0 0.0 0.0 0.806 0.000 0.000 0.000 2.0 0.244 0.893 0.000
0.0 0.0 0.0 1.0 0.0 0.0 0.0 0.0 0.0 0.0 0.774 0.000 0.000 0.000 2.0 0.439 0.893 0.000
0.0 0.0 0.0 0.0 0.0 0.0 1.0 0.0 0.0 0.0 0.742 0.000 0.000 0.000 2.0 0.244 0.893 0.000
0.0 0.0 0.0 0.0 0.0 1.0 0.0 0.0 0.0 0.0 0.710 0.000 0.000 0.000 2.0 0.415 0.880 0.000
0.0 0.0 0.0 0.0 1.0 0.0 0.0 0.0 0.0 0.0 0.226 0.000 0.000 0.000 3.0 0.512 0.173 0.000
0.0 1.0 0.0 0.0 0.0 0.0 0.0 0.0 0.0 0.0 0.194 0.000 0.000 0.000 2.0 0.317 0.147 0.000
0.0 0.0 0.0 0.0 0.0 1.0 0.0 0.0 0.0 0.0 0.935 0.000 0.000 0.000 2.0 0.268 0.933 0.000
0.0 0.0 0.0 0.0 0.0 0.0 1.0 0.0 0.0 0.0 0.903 0.000 0.000 0.000 2.0 0.220 0.920 0.000
0.0 0.0 0.0 1.0 0.0 0.0 0.0 0.0 1.0 0.0 0.871 0.000 0.000 0.000 2.0 0.244 0.920 0.000
0.0 0.0 0.0 0.0 0.0 1.0 0.0 0.0 0.0 0.0 0.903 0.000 0.000 0.000 2.0 0.268 0.960 0.000
0.0 0.0 0.0 0.0 0.0 0.0 1.0 0.0 0.0 0.0 0.871 0.000 0.000 0.000 2.0 0.195 0.947 0.000
0.0 1.0 0.0 0.0 0.0 0.0 0.0 0.0 0.0 0.0 0.323 0.000 0.000 0.000 2.0 0.195 0.160 0.000
0.0 1.0 0.0 0.0 0.0 0.0 0.0 0.0 0.0 0.0 0.839 0.000 0.000 0.000 3.0 0.220 0.933 0.000
0.0 0.0 0.0 0.0 0.0 1.0 0.0 0.0 0.0 0.0 0.968 0.000 0.000 0.000 2.0 0.268 0.947 0.000
0.0 0.0 0.0 0.0 0.0 1.0 0.0 0.0 0.0 0.0 0.935 0.000 0.000 0.000 2.0 0.195 0.933 0.000
0.0 0.0 0.0 0.0 0.0 0.0 1.0 0.0 0.0 0.0 0.903 0.000 0.000 0.000 2.0 0.195 0.933 0.000
0.0 1.0 0.0 0.0 0.0 0.0 0.0 0.0 0.0 0.0 0.290 0.000 0.000 0.000 2.0 0.220 0.267 0.000
0.0 0.0 0.0 1.0 0.0 0.0 0.0 0.0 1.0 0.0 0.871 0.000 0.000 0.000 2.0 0.244 0.920 0.000
0.0 1.0 0.0 0.0 0.0 0.0 0.0 0.0 0.0 0.0 0.290 0.000 0.000 0.000 2.0 0.220 0.267 0.000
0.0 0.0 0.0 0.0 0.0 0.0 0.0 1.0 1.0 0.0 0.677 0.000 0.000 0.000 2.0 0.146 0.867 0.000
0.0 0.0 0.0 0.0 0.0 1.0 0.0 0.0 0.0 0.0 0.968 0.000 0.000 0.000 2.0 0.268 0.960 0.000
0.0 0.0 0.0 0.0 0.0 0.0 1.0 0.0 0.0 0.0 0.935 0.000 0.000 0.000 2.0 0.195 0.947 0.000
0.0 0.0 0.0 0.0 0.0 0.0 0.0 1.0 1.0 0.0 0.097 0.000 0.000 0.000 2.0 0.195 0.067 0.000
0.0 0.0 0.0 0.0 0.0 0.0 1.0 0.0 0.0 0.0 0.903 0.000 0.000 0.000 2.0 0.220 0.947 0.000
0.0 0.0 0.0 0.0 0.0 1.0 0.0 0.0 0.0 0.0 0.323 0.000 0.000 0.000 2.0 0.220 0.213 0.000
0.0 1.0 0.0 0.0 0.0 0.0 0.0 0.0 0.0 0.0 0.290 0.000 0.000 0.000 2.0 0.171 0.213 0.000
0.0 0.0 1.0 0.0 0.0 0.0 0.0 0.0 0.0 0.0 0.258 0.000 0.000 0.000 2.0 0.268 0.200 0.000
0.0 0.0 0.0 0.0 0.0 1.0 0.0 0.0 0.0 0.0 0.258 0.000 0.000 0.000 2.0 0.293 0.200 0.000
0.0 0.0 0.0 0.0 0.0 0.0 1.0 0.0 0.0 0.0 0.226 0.000 0.000 0.000 2.0 0.317 0.133 0.000
0.0 1.0 0.0 0.0 0.0 0.0 0.0 0.0 0.0 0.0 0.194 0.000 0.000 0.000 2.0 0.268 0.067 0.000
0.0 0.0 0.0 1.0 0.0 0.0 0.0 0.0 1.0 0.0 0.871 0.000 0.000 0.000 2.0 0.244 0.920 0.000
0.0 0.0 0.0 0.0 0.0 1.0 0.0 0.0 0.0 0.0 0.968 0.000 0.000 0.000 2.0 0.268 1.000 0.000
0.0 0.0 0.0 0.0 0.0 1.0 0.0 0.0 0.0 0.0 0.935 0.000 0.000 0.000 2.0 0.195 0.987 0.000
0.0 0.0 0.0 0.0 0.0 0.0 1.0 0.0 0.0 0.0 0.903 0.000 0.000 0.000 2.0 0.195 0.987 0.000
0.0 1.0 0.0 0.0 0.0 0.0 0.0 0.0 0.0 0.0 0.323 0.000 0.000 0.000 2.0 0.195 0.280 0.000
0.0 0.0 0.0 1.0 0.0 0.0 0.0 0.0 1.0 0.0 0.871 0.000 0.000 0.000 2.0 0.244 0.920 0.000
0.0 1.0 0.0 0.0 0.0 0.0 0.0 0.0 0.0 0.0 0.323 0.000 0.000 0.000 2.0 0.195 0.280 0.000
0.0 0.0 0.0 0.0 0.0 0.0 1.0 0.0 0.0 0.0 0.290 0.000 0.000 0.000 2.0 0.293 0.267 0.000
0.0 0.0 0.0 0.0 0.0 0.0 1.0 0.0 0.0 0.0 0.258 0.000 0.000 0.000 2.0 0.244 0.173 0.000
0.0 0.0 0.0 0.0 0.0 1.0 0.0 0.0 0.0 0.0 0.161 0.000 0.000 0.000 2.0 0.220 0.080 0.000
0.0 0.0 0.0 0.0 0.0 0.0 1.0 0.0 0.0 0.0 0.129 0.000 0.000 0.000 2.0 0.220 0.080 0.000
0.0 1.0 0.0 0.0 0.0 0.0 0.0 0.0 0.0 0.0 0.097 0.000 0.000 0.000 2.0 0.171 0.053 0.000
0.0 1.0 0.0 0.0 0.0 0.0 0.0 0.0 0.0 0.0 0.097 0.000 0.000 0.000 2.0 0.171 0.053 0.000
0.0 1.0 0.0 0.0 0.0 0.0 0.0 0.0 0.0 0.0 0.065 0.000 0.000 0.000 2.0 0.171 0.040 0.000
0.0 1.0 0.0 0.0 0.0 0.0 0.0 0.0 0.0 0.0 0.226 0.000 0.000 0.000 2.0 0.146 0.093 0.000
0.0 1.0 0.0 0.0 0.0 0.0 0.0 0.0 0.0 0.0 0.194 0.000 0.000 0.000 2.0 0.171 0.080 0.000
0.0 0.0 0.0 0.0 0.0 1.0 0.0 0.0 0.0 0.0 0.968 0.000 0.000 0.000 2.0 0.268 0.960 0.000
0.0 0.0 0.0 0.0 0.0 0.0 1.0 0.0 0.0 0.0 0.935 0.000 0.000 0.000 2.0 0.195 0.947 0.000
0.0 0.0 0.0 0.0 0.0 0.0 1.0 0.0 0.0 0.0 0.903 0.000 0.000 0.000 2.0 0.268 0.920 0.000
0.0 0.0 0.0 1.0 0.0 0.0 0.0 0.0 1.0 0.0 0.871 0.000 0.000 0.000 2.0 0.244 0.920 0.000
0.0 1.0 0.0 0.0 0.0 0.0 0.0 0.0 0.0 0.0 0.839 0.000 0.000 0.000 1.0 0.341 0.920 0.000
0.0 0.0 0.0 1.0 0.0 0.0 0.0 0.0 1.0 0.0 0.806 0.000 0.000 0.000 2.0 0.341 0.920 0.000
0.0 0.0 0.0 1.0 0.0 0.0 0.0 0.0 0.0 0.0 0.774 0.000 0.000 0.000 3.0 0.293 0.920 0.000
0.0 1.0 0.0 0.0 0.0 0.0 0.0 0.0 0.0 0.0 0.742 0.000 0.000 0.000 1.0 0.341 0.880 0.000
0.0 0.0 0.0 1.0 0.0 0.0 0.0 0.0 0.0 0.0 0.710 0.000 0.000 0.000 4.0 0.780 0.880 0.000
0.0 0.0 0.0 0.0 0.0 1.0 0.0 0.0 0.0 0.0 0.677 0.000 0.000 0.000 4.0 0.512 0.880 0.000
0.0 1.0 0.0 0.0 0.0 0.0 0.0 0.0 0.0 0.0 0.645 0.000 0.000 0.000 1.0 0.268 0.880 0.000
0.0 0.0 0.0 0.0 0.0 1.0 0.0 0.0 0.0 0.0 0.677 0.000 0.000 0.000 2.0 0.415 0.880 0.000
0.0 1.0 0.0 0.0 0.0 0.0 0.0 0.0 0.0 0.0 0.710 0.000 0.000 0.000 2.0 0.366 0.880 0.000
0.0 0.0 0.0 1.0 0.0 0.0 0.0 0.0 0.0 0.0 0.677 0.000 0.000 0.000 4.0 0.561 0.867 0.000
0.0 0.0 0.0 1.0 0.0 0.0 0.0 0.0 0.0 0.0 0.645 0.000 0.000 0.000 3.0 0.659 0.867 0.000
0.0 1.0 0.0 0.0 0.0 0.0 0.0 0.0 0.0 0.0 0.710 0.000 0.000 0.000 1.0 0.293 0.880 0.000
0.0 0.0 0.0 1.0 0.0 0.0 0.0 0.0 0.0 0.0 0.677 0.000 0.000 0.000 4.0 0.634 0.880 0.000
0.0 0.0 0.0 1.0 0.0 0.0 0.0 0.0 0.0 0.0 0.645 0.000 0.000 0.000 3.0 0.756 0.867 0.000
0.0 1.0 0.0 0.0 0.0 0.0 0.0 0.0 0.0 0.0 0.645 0.000 0.000 0.000 2.0 0.317 0.880 0.000
0.0 1.0 0.0 0.0 0.0 0.0 0.0 0.0 0.0 0.0 0.290 0.000 0.000 0.000 2.0 0.146 0.120 0.000
0.0 1.0 0.0 0.0 0.0 0.0 0.0 0.0 0.0 0.0 0.258 0.000 0.000 0.000 2.0 0.171 0.107 0.000
0.0 0.0 1.0 0.0 0.0 0.0 0.0 0.0 1.0 0.0 0.065 0.000 0.000 0.000 2.0 0.341 0.040 0.000
0.0 1.0 0.0 0.0 0.0 0.0 0.0 0.0 1.0 0.0 0.032 0.000 0.000 0.000 2.0 0.195 0.027 0.000
0.0 0.0 0.0 0.0 0.0 0.0 1.0 0.0 1.0 0.0 0.677 0.000 0.000 0.000 2.0 0.122 0.880 0.000
0.0 0.0 1.0 0.0 0.0 0.0 0.0 0.0 0.0 0.0 0.645 0.000 0.000 0.000 2.0 0.512 0.880 0.000
0.0 0.0 0.0 0.0 0.0 0.0 0.0 1.0 1.0 0.0 0.645 0.000 0.000 0.000 2.0 0.146 0.880 0.000
0.0 0.0 0.0 1.0 0.0 0.0 0.0 0.0 0.0 0.0 0.613 0.000 0.000 0.000 3.0 0.585 0.880 0.000
0.0 0.0 0.0 0.0 0.0 1.0 0.0 0.0 0.0 0.0 0.452 0.000 0.000 0.000 3.0 0.463 0.560 0.000
0.0 0.0 0.0 0.0 0.0 0.0 0.0 1.0 0.0 0.0 0.645 0.000 0.000 0.000 2.0 0.171 0.893 0.000
0.0 1.0 0.0 0.0 0.0 0.0 0.0 0.0 1.0 0.0 0.032 0.000 0.000 0.000 2.0 0.073 0.027 0.000
0.0 0.0 1.0 0.0 0.0 0.0 0.0 0.0 0.0 0.0 0.613 0.000 0.000 0.000 3.0 0.634 0.880 0.000
0.0 0.0 0.0 0.0 0.0 0.0 0.0 1.0 0.0 1.0 0.677 0.000 0.000 0.000 2.0 0.244 0.880 0.500
0.0 0.0 1.0 0.0 0.0 0.0 0.0 0.0 0.0 0.0 0.645 0.032 0.032 0.032 2.0 0.463 0.880 0.500
0.0 0.0 0.0 0.0 0.0 0.0 0.0 1.0 1.0 0.0 0.645 0.000 0.000 0.000 2.0 0.146 0.880 0.000
0.0 0.0 0.0 1.0 0.0 0.0 0.0 0.0 0.0 0.0 0.613 0.000 0.000 0.000 3.0 0.732 0.880 0.000
0.0 0.0 0.0 0.0 0.0 0.0 1.0 0.0 0.0 0.0 0.645 0.000 0.000 0.000 2.0 0.195 0.893 0.000
0.0 1.0 0.0 0.0 0.0 0.0 0.0 0.0 0.0 0.0 0.065 0.000 0.000 0.000 2.0 0.146 0.027 0.000
0.0 0.0 1.0 0.0 0.0 0.0 0.0 0.0 0.0 0.0 0.613 0.000 0.000 0.000 3.0 0.683 0.880 0.000
0.0 0.0 1.0 0.0 0.0 0.0 0.0 0.0 0.0 0.0 0.452 0.226 0.226 0.226 3.0 0.780 0.507 0.500
0.0 1.0 0.0 0.0 0.0 0.0 0.0 0.0 0.0 0.0 0.419 0.258 0.258 0.258 1.0 0.512 0.320 0.500
0.0 0.0 0.0 1.0 0.0 0.0 0.0 0.0 0.0 0.0 0.387 0.290 0.290 0.290 3.0 0.512 0.320 0.500
0.0 1.0 0.0 0.0 0.0 0.0 0.0 0.0 0.0 0.0 0.355 0.323 0.323 0.323 1.0 0.366 0.280 0.500
0.0 0.0 0.0 0.0 0.0 0.0 1.0 0.0 0.0 0.0 0.677 0.000 0.000 0.000 2.0 0.171 0.893 0.000
0.0 1.0 0.0 0.0 0.0 0.0 0.0 0.0 0.0 0.0 0.065 0.000 0.000 0.000 2.0 0.122 0.027 0.000
0.0 0.0 1.0 0.0 0.0 0.0 0.0 0.0 0.0 0.0 0.645 0.000 0.000 0.000 2.0 0.463 0.880 0.000
0.0 0.0 1.0 0.0 0.0 0.0 0.0 0.0 0.0 0.0 0.613 0.000 0.000 0.000 4.0 0.805 0.707 0.000
0.0 0.0 0.0 0.0 0.0 0.0 0.0 1.0 1.0 1.0 0.645 0.000 0.000 0.000 2.0 0.146 0.867 0.500
0.0 0.0 0.0 1.0 0.0 0.0 0.0 0.0 0.0 0.0 0.613 0.032 0.032 0.032 3.0 0.659 0.867 0.500
0.0 0.0 0.0 0.0 0.0 0.0 0.0 1.0 1.0 0.0 0.645 0.000 0.000 0.000 2.0 0.171 0.880 0.000
0.0 0.0 0.0 1.0 0.0 0.0 0.0 0.0 0.0 0.0 0.613 0.000 0.000 0.000 4.0 0.878 0.880 0.000
0.0 0.0 1.0 0.0 0.0 0.0 0.0 0.0 0.0 0.0 0.355 0.000 0.000 0.000 4.0 0.902 0.360 0.000
0.0 0.0 0.0 1.0 0.0 0.0 0.0 0.0 0.0 0.0 0.161 0.516 0.516 0.516 2.0 0.537 0.093 0.500
0.0 1.0 0.0 0.0 0.0 0.0 0.0 0.0 0.0 0.0 0.129 0.548 0.548 0.548 2.0 0.195 0.080 0.500
0.0 0.0 0.0 1.0 0.0 0.0 0.0 0.0 1.0 0.0 0.097 0.581 0.581 0.581 3.0 0.244 0.067 0.500
0.0 0.0 0.0 0.0 0.0 1.0 0.0 0.0 1.0 0.0 0.065 0.613 0.613 0.613 2.0 0.537 0.027 0.500
0.0 0.0 0.0 0.0 0.0 0.0 0.0 1.0 1.0 0.0 0.677 0.000 0.000 0.000 2.0 0.171 0.867 0.000
0.0 0.0 0.0 1.0 0.0 0.0 0.0 0.0 0.0 0.0 0.645 0.000 0.000 0.000 4.0 0.829 0.867 0.000
0.0 0.0 0.0 0.0 0.0 1.0 0.0 0.0 0.0 0.0 0.613 0.000 0.000 0.000 2.0 0.854 0.493 0.000
0.0 0.0 0.0 0.0 0.0 0.0 0.0 1.0 1.0 0.0 0.677 0.000 0.000 0.000 2.0 0.122 0.867 0.000
0.0 0.0 0.0 1.0 0.0 0.0 0.0 0.0 0.0 0.0 0.645 0.000 0.000 0.000 2.0 0.488 0.867 0.000
0.0 0.0 1.0 0.0 0.0 0.0 0.0 0.0 0.0 0.0 0.613 0.065 0.065 0.065 3.0 0.659 0.720 0.500
0.0 1.0 0.0 0.0 0.0 0.0 0.0 0.0 0.0 0.0 0.581 0.097 0.097 0.097 1.0 0.537 0.360 0.500
0.0 0.0 0.0 0.0 0.0 0.0 0.0 1.0 1.0 0.0 0.645 0.000 0.000 0.000 2.0 0.146 0.867 0.000
0.0 0.0 0.0 1.0 0.0 0.0 0.0 0.0 0.0 0.0 0.613 0.000 0.000 0.000 3.0 0.659 0.867 0.000
0.0 0.0 0.0 0.0 0.0 1.0 0.0 0.0 0.0 0.0 0.419 0.000 0.000 0.000 2.0 0.732 0.427 0.000
0.0 1.0 0.0 0.0 0.0 0.0 0.0 0.0 0.0 0.0 0.387 0.000 0.000 0.000 1.0 0.463 0.187 0.000
0.0 0.0 0.0 0.0 0.0 0.0 0.0 1.0 1.0 0.0 0.645 0.000 0.000 0.000 2.0 0.146 0.867 0.000
0.0 0.0 0.0 1.0 0.0 0.0 0.0 0.0 0.0 0.0 0.613 0.000 0.000 0.000 3.0 0.732 0.867 0.000
0.0 0.0 1.0 0.0 0.0 0.0 0.0 0.0 0.0 0.0 0.452 0.000 0.000 0.000 3.0 0.829 0.493 0.000
0.0 1.0 0.0 0.0 0.0 0.0 0.0 0.0 0.0 0.0 0.419 0.000 0.000 0.000 1.0 0.829 0.267 0.000
0.0 0.0 0.0 0.0 0.0 1.0 0.0 0.0 0.0 0.0 0.581 0.065 0.065 0.065 2.0 0.951 0.493 0.500
0.0 0.0 0.0 0.0 0.0 1.0 0.0 0.0 0.0 0.0 0.387 0.000 0.000 0.000 2.0 1.000 0.427 0.000
0.0 1.0 0.0 0.0 0.0 0.0 0.0 0.0 0.0 0.0 0.355 0.000 0.000 0.000 1.0 0.537 0.293 0.000
0.0 0.0 0.0 0.0 0.0 0.0 0.0 1.0 1.0 0.0 0.645 0.000 0.000 0.000 2.0 0.146 0.867 0.000
0.0 0.0 0.0 1.0 0.0 0.0 0.0 0.0 0.0 0.0 0.613 0.000 0.000 0.000 3.0 0.659 0.867 0.000
0.0 0.0 0.0 0.0 0.0 1.0 0.0 0.0 0.0 0.0 0.387 0.258 0.290 0.274 2.0 0.902 0.427 1.000
0.0 0.0 0.0 0.0 0.0 0.0 0.0 1.0 0.0 0.0 0.323 0.323 0.355 0.339 2.0 0.707 0.293 1.000
0.0 1.0 0.0 0.0 0.0 0.0 0.0 0.0 1.0 0.0 0.032 0.613 0.645 0.629 2.0 0.171 0.027 1.000
0.0 0.0 0.0 1.0 0.0 0.0 0.0 0.0 0.0 0.0 0.290 0.355 0.387 0.371 2.0 0.463 0.267 1.000
0.0 0.0 0.0 0.0 0.0 0.0 1.0 0.0 0.0 0.0 0.258 0.387 0.419 0.403 2.0 0.341 0.253 1.000
0.0 0.0 0.0 0.0 0.0 0.0 0.0 1.0 0.0 0.0 0.226 0.419 0.452 0.435 2.0 0.293 0.187 1.000
0.0 1.0 0.0 0.0 0.0 0.0 0.0 0.0 0.0 0.0 0.194 0.452 0.484 0.468 2.0 0.146 0.067 1.000
0.0 0.0 0.0 0.0 0.0 0.0 1.0 0.0 1.0 0.0 0.161 0.484 0.516 0.500 2.0 0.146 0.053 1.000
0.0 0.0 0.0 1.0 0.0 0.0 0.0 0.0 0.0 0.0 0.129 0.516 0.548 0.532 2.0 0.171 0.040 1.000
0.0 0.0 0.0 1.0 0.0 0.0 0.0 0.0 1.0 0.0 0.065 0.581 0.613 0.597 2.0 0.146 0.027 1.000
0.0 1.0 0.0 0.0 0.0 0.0 0.0 0.0 0.0 0.0 0.097 0.548 0.581 0.565 2.0 0.146 0.040 1.000
0.0 0.0 0.0 1.0 0.0 0.0 0.0 0.0 1.0 0.0 0.065 0.581 0.613 0.597 2.0 0.171 0.027 1.000
0.0 1.0 0.0 0.0 0.0 0.0 0.0 0.0 0.0 0.0 0.161 0.484 0.516 0.500 4.0 0.220 0.120 1.000
1.0 0.0 0.0 0.0 0.0 0.0 0.0 0.0 0.0 0.0 0.129 0.516 0.548 0.532 3.0 0.244 0.107 1.000
0.0 1.0 0.0 0.0 0.0 0.0 0.0 0.0 1.0 0.0 0.032 0.613 0.645 0.629 2.0 0.122 0.027 1.000
0.0 0.0 0.0 1.0 0.0 0.0 0.0 0.0 0.0 0.0 0.129 0.516 0.548 0.532 2.0 0.244 0.093 1.000
0.0 1.0 0.0 0.0 0.0 0.0 0.0 0.0 0.0 0.0 0.065 0.581 0.613 0.597 2.0 0.195 0.027 1.000
0.0 1.0 0.0 0.0 0.0 0.0 0.0 0.0 1.0 0.0 0.032 0.613 0.645 0.629 1.0 0.220 0.013 1.000
0.0 0.0 0.0 0.0 0.0 0.0 1.0 0.0 0.0 0.0 0.097 0.548 0.581 0.565 2.0 0.268 0.067 1.000
0.0 0.0 0.0 1.0 0.0 0.0 0.0 0.0 1.0 0.0 0.065 0.581 0.613 0.597 3.0 0.439 0.053 1.000
0.0 0.0 0.0 0.0 0.0 0.0 1.0 0.0 0.0 0.0 0.097 0.548 0.581 0.565 2.0 0.220 0.067 1.000
0.0 1.0 0.0 0.0 0.0 0.0 0.0 0.0 0.0 0.0 0.065 0.581 0.613 0.597 2.0 0.146 0.040 1.000
0.0 0.0 0.0 0.0 0.0 0.0 0.0 1.0 1.0 0.0 0.032 0.613 0.645 0.629 2.0 0.146 0.027 1.000
0.0 1.0 0.0 0.0 0.0 0.0 0.0 0.0 1.0 0.0 0.032 0.613 0.645 0.629 2.0 0.098 0.027 1.000
0.0 0.0 0.0 0.0 0.0 0.0 0.0 1.0 0.0 0.0 0.355 0.290 0.323 0.306 2.0 0.854 0.187 1.000
0.0 1.0 0.0 0.0 0.0 0.0 0.0 0.0 0.0 0.0 0.065 0.581 0.613 0.597 2.0 0.244 0.027 1.000
0.0 1.0 0.0 0.0 0.0 0.0 0.0 0.0 1.0 0.0 0.032 0.613 0.645 0.629 1.0 0.146 0.013 1.000
0.0 0.0 0.0 1.0 0.0 0.0 0.0 0.0 0.0 0.0 0.323 0.323 0.355 0.339 2.0 0.463 0.160 1.000
0.0 0.0 0.0 1.0 0.0 0.0 0.0 0.0 0.0 0.0 0.290 0.355 0.387 0.371 2.0 0.268 0.147 1.000
0.0 0.0 0.0 1.0 0.0 0.0 0.0 0.0 0.0 0.0 0.226 0.419 0.452 0.435 2.0 0.293 0.133 1.000
0.0 1.0 0.0 0.0 0.0 0.0 0.0 0.0 0.0 0.0 0.258 0.387 0.419 0.403 2.0 0.195 0.147 1.000
0.0 0.0 0.0 0.0 0.0 1.0 0.0 0.0 0.0 0.0 0.226 0.419 0.452 0.435 2.0 0.244 0.133 1.000
0.0 0.0 0.0 0.0 0.0 0.0 0.0 1.0 0.0 0.0 0.194 0.452 0.484 0.468 2.0 0.244 0.093 1.000
0.0 0.0 0.0 0.0 0.0 0.0 0.0 1.0 0.0 0.0 0.161 0.484 0.516 0.500 2.0 0.268 0.067 1.000
0.0 0.0 0.0 1.0 0.0 0.0 0.0 0.0 0.0 0.0 0.129 0.516 0.548 0.532 2.0 0.195 0.040 1.000
0.0 0.0 0.0 1.0 0.0 0.0 0.0 0.0 1.0 0.0 0.065 0.581 0.613 0.597 2.0 0.146 0.027 1.000
0.0 1.0 0.0 0.0 0.0 0.0 0.0 0.0 1.0 0.0 0.032 0.613 0.645 0.629 1.0 0.122 0.013 1.000
0.0 1.0 0.0 0.0 0.0 0.0 0.0 0.0 0.0 0.0 0.097 0.548 0.581 0.565 2.0 0.146 0.040 1.000
0.0 0.0 0.0 1.0 0.0 0.0 0.0 0.0 1.0 0.0 0.065 0.581 0.613 0.597 2.0 0.146 0.027 1.000
0.0 0.0 0.0 0.0 0.0 0.0 0.0 1.0 1.0 0.0 0.032 0.613 0.645 0.629 2.0 0.122 0.027 1.000
0.0 0.0 0.0 0.0 0.0 1.0 0.0 0.0 1.0 0.0 0.065 0.581 0.613 0.597 3.0 0.244 0.040 1.000
0.0 0.0 1.0 0.0 0.0 0.0 0.0 0.0 0.0 0.0 0.419 0.226 0.226 0.226 3.0 0.854 0.493 0.500
0.0 0.0 1.0 0.0 0.0 0.0 0.0 0.0 0.0 0.0 0.355 0.290 0.290 0.290 3.0 0.659 0.333 0.500
0.0 0.0 0.0 0.0 0.0 0.0 0.0 1.0 0.0 0.0 0.323 0.323 0.355 0.339 2.0 0.512 0.280 1.000
0.0 0.0 1.0 0.0 0.0 0.0 0.0 0.0 1.0 0.0 0.065 0.581 0.613 0.597 2.0 0.195 0.040 1.000
0.0 0.0 0.0 1.0 0.0 0.0 0.0 0.0 0.0 0.0 0.290 0.355 0.387 0.371 2.0 0.390 0.253 1.000
0.0 0.0 0.0 0.0 0.0 0.0 1.0 0.0 0.0 0.0 0.258 0.387 0.419 0.403 2.0 0.244 0.240 1.000
0.0 0.0 0.0 0.0 0.0 0.0 0.0 1.0 0.0 0.0 0.226 0.419 0.452 0.435 2.0 0.268 0.093 1.000
0.0 0.0 0.0 0.0 0.0 1.0 0.0 0.0 1.0 0.0 0.065 0.581 0.613 0.597 2.0 0.171 0.027 1.000
0.0 1.0 0.0 0.0 0.0 0.0 0.0 0.0 1.0 0.0 0.032 0.613 0.645 0.629 1.0 0.146 0.013 1.000
0.0 0.0 0.0 0.0 0.0 0.0 0.0 1.0 0.0 0.0 0.194 0.452 0.484 0.468 2.0 0.293 0.067 1.000
0.0 1.0 0.0 0.0 0.0 0.0 0.0 0.0 1.0 0.0 0.032 0.613 0.645 0.629 1.0 0.098 0.013 1.000
0.0 1.0 0.0 0.0 0.0 0.0 0.0 0.0 0.0 0.0 0.194 0.452 0.484 0.468 2.0 0.220 0.147 1.000
0.0 0.0 0.0 0.0 0.0 0.0 1.0 0.0 0.0 0.0 0.161 0.484 0.516 0.500 2.0 0.341 0.133 1.000
0.0 1.0 0.0 0.0 0.0 0.0 0.0 0.0 0.0 0.0 0.097 0.548 0.581 0.565 2.0 0.195 0.040 1.000
0.0 0.0 0.0 0.0 0.0 0.0 0.0 1.0 1.0 0.0 0.065 0.581 0.613 0.597 2.0 0.171 0.027 1.000
0.0 0.0 0.0 0.0 0.0 0.0 1.0 0.0 0.0 0.0 0.129 0.516 0.548 0.532 2.0 0.293 0.093 1.000
0.0 0.0 0.0 0.0 0.0 0.0 1.0 0.0 0.0 0.0 0.097 0.548 0.581 0.565 2.0 0.195 0.053 1.000
0.0 0.0 0.0 0.0 0.0 0.0 0.0 1.0 1.0 0.0 0.065 0.581 0.613 0.597 2.0 0.220 0.027 1.000
0.0 1.0 0.0 0.0 0.0 0.0 0.0 0.0 1.0 0.0 0.032 0.613 0.645 0.629 1.0 0.146 0.013 1.000
0.0 1.0 0.0 0.0 0.0 0.0 0.0 0.0 1.0 0.0 0.032 0.613 0.645 0.629 2.0 0.098 0.027 1.000
0.0 0.0 0.0 1.0 0.0 0.0 0.0 0.0 1.0 0.0 0.065 0.581 0.613 0.597 2.0 0.537 0.040 1.000
0.0 0.0 0.0 0.0 1.0 0.0 0.0 0.0 1.0 0.0 0.032 0.613 0.645 0.629 2.0 0.220 0.027 1.000
0.0 0.0 0.0 1.0 0.0 0.0 0.0 0.0 0.0 0.0 0.097 0.548 0.548 0.548 2.0 0.317 0.080 0.500
0.0 0.0 0.0 1.0 0.0 0.0 0.0 0.0 1.0 0.0 0.065 0.581 0.581 0.581 4.0 0.220 0.067 0.500
0.0 1.0 0.0 0.0 0.0 0.0 0.0 0.0 1.0 0.0 0.032 0.613 0.613 0.613 1.0 0.268 0.013 0.500
0.0 0.0 0.0 1.0 0.0 0.0 0.0 0.0 1.0 0.0 0.065 0.581 0.613 0.597 3.0 0.585 0.053 1.000
0.0 0.0 0.0 1.0 0.0 0.0 0.0 0.0 1.0 0.0 0.032 0.613 0.645 0.629 2.0 0.268 0.027 1.000
0.0 0.0 0.0 1.0 0.0 0.0 0.0 0.0 1.0 0.0 0.097 0.548 0.581 0.565 2.0 0.732 0.040 1.000
0.0 0.0 0.0 1.0 0.0 0.0 0.0 0.0 1.0 0.0 0.065 0.581 0.613 0.597 2.0 0.341 0.027 1.000
0.0 0.0 0.0 0.0 0.0 0.0 0.0 1.0 1.0 0.0 0.387 0.258 0.290 0.274 2.0 0.854 0.267 1.000
0.0 0.0 0.0 1.0 0.0 0.0 0.0 0.0 0.0 0.0 0.355 0.290 0.323 0.306 2.0 0.439 0.253 1.000
0.0 0.0 0.0 0.0 0.0 0.0 1.0 0.0 0.0 0.0 0.323 0.323 0.355 0.339 2.0 0.244 0.240 1.000
0.0 0.0 0.0 0.0 0.0 0.0 0.0 1.0 0.0 0.0 0.161 0.484 0.516 0.500 2.0 0.268 0.120 1.000
0.0 0.0 0.0 0.0 0.0 0.0 0.0 1.0 0.0 0.0 0.129 0.516 0.548 0.532 2.0 0.366 0.093 1.000
0.0 0.0 0.0 0.0 0.0 0.0 0.0 1.0 0.0 0.0 0.097 0.548 0.581 0.565 2.0 0.317 0.053 1.000
0.0 1.0 0.0 0.0 0.0 0.0 0.0 0.0 1.0 0.0 0.032 0.613 0.645 0.629 2.0 0.122 0.027 1.000
0.0 0.0 0.0 0.0 0.0 0.0 0.0 1.0 1.0 0.0 0.097 0.548 0.581 0.565 2.0 0.244 0.040 1.000
0.0 0.0 0.0 0.0 0.0 0.0 0.0 1.0 1.0 0.0 0.065 0.581 0.613 0.597 2.0 0.122 0.027 1.000
0.0 1.0 0.0 0.0 0.0 0.0 0.0 0.0 1.0 0.0 0.032 0.613 0.645 0.629 1.0 0.073 0.013 1.000
0.0 0.0 0.0 1.0 0.0 0.0 0.0 0.0 1.0 0.0 0.065 0.581 0.613 0.597 2.0 0.463 0.027 1.000
0.0 0.0 0.0 0.0 0.0 0.0 1.0 0.0 0.0 0.0 0.290 0.355 0.387 0.371 2.0 0.195 0.120 1.000
0.0 0.0 0.0 0.0 0.0 0.0 1.0 0.0 1.0 0.0 0.258 0.387 0.419 0.403 2.0 0.146 0.093 1.000
0.0 1.0 0.0 0.0 0.0 0.0 0.0 0.0 0.0 0.0 0.226 0.419 0.452 0.435 2.0 0.195 0.080 1.000
0.0 1.0 0.0 0.0 0.0 0.0 0.0 0.0 0.0 0.0 0.065 0.581 0.613 0.597 2.0 0.122 0.027 1.000
0.0 1.0 0.0 0.0 0.0 0.0 0.0 0.0 1.0 0.0 0.032 0.613 0.645 0.629 1.0 0.073 0.013 1.000
0.0 0.0 1.0 0.0 0.0 0.0 0.0 0.0 0.0 0.0 0.581 0.000 0.000 0.000 2.0 0.707 0.493 0.000
0.0 0.0 0.0 0.0 0.0 0.0 0.0 1.0 0.0 0.0 0.226 0.419 0.452 0.435 2.0 1.000 0.213 1.000
0.0 0.0 0.0 0.0 0.0 1.0 0.0 0.0 0.0 0.0 0.097 0.548 0.581 0.565 2.0 0.317 0.040 1.000
0.0 1.0 0.0 0.0 0.0 0.0 0.0 0.0 1.0 0.0 0.032 0.613 0.645 0.629 1.0 0.195 0.013 1.000
0.0 0.0 0.0 0.0 0.0 1.0 0.0 0.0 1.0 0.0 0.065 0.581 0.613 0.597 2.0 0.146 0.027 1.000
0.0 1.0 0.0 0.0 0.0 0.0 0.0 0.0 1.0 0.0 0.032 0.613 0.645 0.629 1.0 0.171 0.013 1.000
0.0 0.0 0.0 1.0 0.0 0.0 0.0 0.0 0.0 0.0 0.194 0.452 0.484 0.468 2.0 0.488 0.200 1.000
0.0 0.0 0.0 0.0 0.0 0.0 1.0 0.0 0.0 0.0 0.161 0.484 0.516 0.500 2.0 0.317 0.187 1.000
0.0 0.0 0.0 0.0 0.0 0.0 1.0 0.0 0.0 0.0 0.129 0.516 0.548 0.532 2.0 0.220 0.107 1.000
0.0 0.0 0.0 0.0 0.0 0.0 1.0 0.0 0.0 0.0 0.097 0.548 0.581 0.565 2.0 0.195 0.080 1.000
0.0 0.0 1.0 0.0 0.0 0.0 0.0 0.0 1.0 0.0 0.065 0.581 0.613 0.597 3.0 0.390 0.040 1.000
0.0 1.0 0.0 0.0 0.0 0.0 0.0 0.0 0.0 0.0 0.065 0.581 0.613 0.597 2.0 0.122 0.040 1.000
0.0 0.0 0.0 0.0 0.0 0.0 0.0 1.0 1.0 0.0 0.032 0.613 0.645 0.629 2.0 0.073 0.027 1.000
0.0 1.0 0.0 0.0 0.0 0.0 0.0 0.0 1.0 0.0 0.032 0.613 0.645 0.629 2.0 0.098 0.027 1.000
0.0 0.0 0.0 0.0 0.0 0.0 0.0 1.0 0.0 0.0 0.129 0.516 0.548 0.532 2.0 0.244 0.080 1.000
0.0 0.0 0.0 0.0 0.0 0.0 0.0 1.0 0.0 0.0 0.097 0.548 0.581 0.565 2.0 0.171 0.053 1.000
0.0 1.0 0.0 0.0 0.0 0.0 0.0 0.0 1.0 0.0 0.032 0.613 0.645 0.629 2.0 0.098 0.027 1.000
0.0 1.0 0.0 0.0 0.0 0.0 0.0 0.0 0.0 0.0 0.065 0.581 0.613 0.597 2.0 0.220 0.027 1.000
0.0 0.0 0.0 0.0 0.0 0.0 1.0 0.0 1.0 0.0 0.032 0.613 0.645 0.629 2.0 0.171 0.027 1.000
0.0 0.0 0.0 0.0 0.0 0.0 0.0 1.0 1.0 0.0 0.548 0.097 0.129 0.113 2.0 0.488 0.360 1.000
0.0 1.0 0.0 0.0 0.0 0.0 0.0 0.0 0.0 0.0 0.516 0.129 0.161 0.145 2.0 0.195 0.347 1.000
0.0 1.0 0.0 0.0 0.0 0.0 0.0 0.0 0.0 0.0 0.484 0.161 0.194 0.177 2.0 0.195 0.333 1.000
0.0 0.0 0.0 1.0 0.0 0.0 0.0 0.0 0.0 0.0 0.452 0.194 0.226 0.210 2.0 0.341 0.320 1.000
0.0 1.0 0.0 0.0 0.0 0.0 0.0 0.0 1.0 0.0 0.032 0.613 0.645 0.629 1.0 0.512 0.013 1.000
0.0 0.0 0.0 0.0 0.0 0.0 1.0 0.0 0.0 0.0 0.419 0.226 0.258 0.242 2.0 0.195 0.307 1.000
0.0 0.0 0.0 0.0 0.0 0.0 1.0 0.0 1.0 0.0 0.387 0.258 0.290 0.274 2.0 0.146 0.240 1.000
0.0 1.0 0.0 0.0 0.0 0.0 0.0 0.0 0.0 0.0 0.355 0.290 0.323 0.306 2.0 0.146 0.227 1.000
0.0 0.0 0.0 0.0 0.0 0.0 1.0 0.0 0.0 0.0 0.323 0.323 0.355 0.339 2.0 0.268 0.213 1.000
0.0 0.0 0.0 0.0 0.0 1.0 0.0 0.0 0.0 0.0 0.290 0.355 0.387 0.371 2.0 0.195 0.147 1.000
0.0 1.0 0.0 0.0 0.0 0.0 0.0 0.0 0.0 0.0 0.258 0.387 0.419 0.403 2.0 0.171 0.133 1.000
0.0 0.0 0.0 0.0 0.0 1.0 0.0 0.0 0.0 0.0 0.226 0.419 0.452 0.435 2.0 0.317 0.120 1.000
0.0 1.0 0.0 0.0 0.0 0.0 0.0 0.0 0.0 0.0 0.258 0.387 0.419 0.403 2.0 0.171 0.133 1.000
0.0 0.0 0.0 1.0 0.0 0.0 0.0 0.0 0.0 0.0 0.226 0.419 0.452 0.435 2.0 0.317 0.120 1.000
0.0 0.0 0.0 1.0 0.0 0.0 0.0 0.0 0.0 0.0 0.161 0.484 0.516 0.500 2.0 0.366 0.053 1.000
0.0 0.0 0.0 1.0 0.0 0.0 0.0 0.0 1.0 0.0 0.097 0.548 0.581 0.565 2.0 0.268 0.040 1.000
0.0 1.0 0.0 0.0 0.0 0.0 0.0 0.0 0.0 0.0 0.129 0.516 0.548 0.532 2.0 0.220 0.053 1.000
0.0 0.0 0.0 0.0 0.0 1.0 0.0 0.0 1.0 0.0 0.097 0.548 0.581 0.565 2.0 0.171 0.040 1.000
0.0 0.0 0.0 0.0 0.0 0.0 0.0 1.0 1.0 0.0 0.065 0.581 0.613 0.597 2.0 0.293 0.027 1.000
0.0 1.0 0.0 0.0 0.0 0.0 0.0 0.0 1.0 0.0 0.032 0.613 0.645 0.629 1.0 0.268 0.013 1.000
0.0 1.0 0.0 0.0 0.0 0.0 0.0 0.0 0.0 0.0 0.194 0.452 0.484 0.468 1.0 0.390 0.067 1.000
0.0 0.0 0.0 0.0 0.0 0.0 0.0 1.0 0.0 0.0 0.161 0.484 0.516 0.500 2.0 0.293 0.067 1.000
0.0 1.0 0.0 0.0 0.0 0.0 0.0 0.0 1.0 0.0 0.032 0.613 0.645 0.629 2.0 0.122 0.027 1.000
0.0 0.0 0.0 1.0 0.0 0.0 0.0 0.0 0.0 0.0 0.129 0.516 0.548 0.532 2.0 0.220 0.040 1.000
0.0 0.0 0.0 1.0 0.0 0.0 0.0 0.0 1.0 0.0 0.065 0.581 0.613 0.597 2.0 0.220 0.027 1.000
0.0 1.0 0.0 0.0 0.0 0.0 0.0 0.0 0.0 0.0 0.097 0.548 0.581 0.565 2.0 0.146 0.040 1.000
0.0 0.0 0.0 0.0 1.0 0.0 0.0 0.0 1.0 0.0 0.065 0.581 0.613 0.597 2.0 0.195 0.027 1.000
0.0 1.0 0.0 0.0 0.0 0.0 0.0 0.0 1.0 0.0 0.032 0.613 0.645 0.629 1.0 0.268 0.013 1.000
0.0 0.0 0.0 1.0 0.0 0.0 0.0 0.0 0.0 0.0 0.161 0.484 0.516 0.500 2.0 0.341 0.067 1.000
0.0 0.0 0.0 0.0 1.0 0.0 0.0 0.0 0.0 0.0 0.097 0.548 0.581 0.565 2.0 0.293 0.053 1.000
0.0 1.0 0.0 0.0 0.0 0.0 0.0 0.0 0.0 0.0 0.129 0.516 0.548 0.532 2.0 0.220 0.067 1.000
0.0 0.0 0.0 1.0 0.0 0.0 0.0 0.0 0.0 0.0 0.097 0.548 0.581 0.565 2.0 0.220 0.053 1.000
0.0 1.0 0.0 0.0 0.0 0.0 0.0 0.0 1.0 0.0 0.032 0.613 0.645 0.629 1.0 0.244 0.013 1.000
0.0 0.0 0.0 0.0 0.0 0.0 1.0 0.0 1.0 0.0 0.065 0.581 0.613 0.597 2.0 0.171 0.040 1.000
0.0 1.0 0.0 0.0 0.0 0.0 0.0 0.0 1.0 0.0 0.032 0.613 0.645 0.629 2.0 0.098 0.027 1.000
0.0 1.0 0.0 0.0 0.0 0.0 0.0 0.0 0.0 0.0 0.097 0.548 0.581 0.565 2.0 0.195 0.067 1.000
0.0 0.0 0.0 1.0 0.0 0.0 0.0 0.0 1.0 0.0 0.065 0.581 0.613 0.597 3.0 0.439 0.053 1.000
0.0 1.0 0.0 0.0 0.0 0.0 0.0 0.0 1.0 0.0 0.032 0.613 0.645 0.629 1.0 0.976 0.013 1.000
0.0 1.0 0.0 0.0 0.0 0.0 0.0 0.0 1.0 0.0 0.032 0.613 0.645 0.629 2.0 0.171 0.027 1.000
