0.0 0.0 1.0 0.0 0.0 0.0 0.0 0.0 0.0 0.0 0.429 0.286 0.486 1.0 0.364 0.200 0.857
0.0 0.0 1.0 0.0 0.0 0.0 0.0 0.0 0.0 0.0 0.457 0.257 0.457 2.0 0.727 0.200 0.857
0.0 0.0 0.0 0.0 1.0 0.0 0.0 0.0 0.0 0.0 0.486 0.229 0.429 1.0 0.327 0.213 0.429
0.0 0.0 0.0 0.0 1.0 0.0 0.0 0.0 0.0 0.0 0.486 0.229 0.429 2.0 0.291 0.213 0.429
0.0 0.0 0.0 0.0 0.0 0.0 1.0 0.0 0.0 0.0 0.514 0.200 0.400 1.0 0.309 0.227 0.400
0.0 0.0 0.0 0.0 0.0 0.0 1.0 0.0 0.0 0.0 0.514 0.200 0.400 2.0 0.273 0.227 0.400
0.0 1.0 0.0 0.0 0.0 0.0 0.0 0.0 0.0 0.0 0.514 0.286 0.371 2.0 0.291 0.213 0.143
0.0 1.0 0.0 0.0 0.0 0.0 0.0 0.0 0.0 0.0 0.543 0.257 0.343 1.0 0.091 0.213 0.143
0.0 1.0 0.0 0.0 0.0 0.0 0.0 0.0 0.0 0.0 0.514 0.286 0.371 2.0 0.309 0.213 0.143
0.0 0.0 0.0 1.0 0.0 0.0 0.0 0.0 0.0 0.0 0.543 0.200 0.371 4.0 0.509 0.587 0.429
0.0 0.0 0.0 1.0 0.0 0.0 0.0 0.0 0.0 0.0 0.571 0.257 0.286 2.0 0.436 0.413 0.143
0.0 0.0 0.0 1.0 0.0 0.0 0.0 0.0 0.0 0.0 0.543 0.286 0.429 2.0 0.436 0.413 0.143
0.0 0.0 0.0 1.0 0.0 0.0 0.0 0.0 0.0 0.0 0.571 0.257 0.314 2.0 0.436 0.413 0.143
0.0 0.0 0.0 1.0 0.0 0.0 0.0 0.0 0.0 0.0 0.657 0.086 0.086 2.0 0.473 0.880 0.029
0.0 0.0 0.0 1.0 0.0 0.0 0.0 0.0 0.0 0.0 0.714 0.086 0.086 2.0 0.418 0.893 0.029
