0.0 0.0 1.0 0.0 0.0 0.0 0.0 0.0 1.0 0.0 0.034 0.862 0.966 0.925 2.0 0.115 0.028 1.000
0.0 0.0 1.0 0.0 0.0 0.0 0.0 0.0 1.0 0.0 0.034 0.862 0.966 0.925 2.0 0.115 0.028 1.000
0.0 0.0 1.0 0.0 0.0 0.0 0.0 0.0 1.0 0.0 0.034 0.862 0.966 0.925 2.0 0.115 0.028 1.000
0.0 0.0 1.0 0.0 0.0 0.0 0.0 0.0 1.0 0.0 0.034 0.862 0.966 0.925 2.0 0.115 0.028 1.000
0.0 0.0 1.0 0.0 0.0 0.0 0.0 0.0 1.0 0.0 0.034 0.862 0.966 0.925 2.0 0.115 0.028 1.000
0.0 0.0 1.0 0.0 0.0 0.0 0.0 0.0 1.0 0.0 0.034 0.862 0.966 0.925 2.0 0.115 0.028 1.000
0.0 0.0 1.0 0.0 0.0 0.0 0.0 0.0 1.0 0.0 0.034 0.862 0.966 0.925 2.0 0.115 0.028 1.000
0.0 0.0 1.0 0.0 0.0 0.0 0.0 0.0 1.0 0.0 0.034 0.862 0.966 0.925 2.0 0.115 0.028 1.000
0.0 0.0 0.0 1.0 0.0 0.0 0.0 0.0 1.0 0.0 0.034 0.862 0.966 0.925 2.0 0.077 0.028 1.000
0.0 0.0 0.0 1.0 0.0 0.0 0.0 0.0 1.0 0.0 0.034 0.862 0.966 0.925 2.0 0.077 0.028 1.000
0.0 0.0 0.0 1.0 0.0 0.0 0.0 0.0 1.0 0.0 0.034 0.862 0.966 0.925 2.0 0.077 0.028 1.000
0.0 0.0 0.0 1.0 0.0 0.0 0.0 0.0 1.0 0.0 0.034 0.862 0.966 0.925 2.0 0.096 0.028 1.000
0.0 0.0 0.0 1.0 0.0 0.0 0.0 0.0 1.0 0.0 0.034 0.862 0.966 0.925 2.0 0.077 0.028 1.000
0.0 0.0 0.0 1.0 0.0 0.0 0.0 0.0 1.0 0.0 0.034 0.862 0.966 0.925 2.0 0.077 0.028 1.000
0.0 0.0 0.0 1.0 0.0 0.0 0.0 0.0 1.0 0.0 0.034 0.862 0.966 0.925 2.0 0.077 0.028 1.000
0.0 0.0 0.0 1.0 0.0 0.0 0.0 0.0 1.0 0.0 0.034 0.862 0.966 0.925 2.0 0.096 0.028 1.000
0.0 0.0 0.0 1.0 0.0 0.0 0.0 0.0 1.0 0.0 0.034 0.862 0.966 0.925 2.0 0.077 0.028 1.000
0.0 0.0 0.0 1.0 0.0 0.0 0.0 0.0 1.0 0.0 0.034 0.862 0.966 0.925 2.0 0.077 0.028 1.000
0.0 0.0 0.0 1.0 0.0 0.0 0.0 0.0 1.0 0.0 0.034 0.862 0.966 0.925 2.0 0.077 0.028 1.000
0.0 0.0 0.0 1.0 0.0 0.0 0.0 0.0 1.0 0.0 0.034 0.862 0.966 0.925 2.0 0.077 0.028 1.000
0.0 0.0 0.0 1.0 0.0 0.0 0.0 0.0 1.0 0.0 0.034 0.862 0.966 0.925 2.0 0.077 0.028 1.000
0.0 0.0 0.0 1.0 0.0 0.0 0.0 0.0 1.0 0.0 0.034 0.862 0.966 0.925 2.0 0.077 0.028 1.000
0.0 0.0 0.0 1.0 0.0 0.0 0.0 0.0 1.0 0.0 0.034 0.862 0.966 0.925 2.0 0.077 0.028 1.000
0.0 0.0 0.0 1.0 0.0 0.0 0.0 0.0 1.0 0.0 0.034 0.862 0.966 0.925 2.0 0.077 0.028 1.000
0.0 0.0 0.0 1.0 0.0 0.0 0.0 0.0 1.0 0.0 0.034 0.862 0.966 0.925 2.0 0.077 0.028 1.000
0.0 0.0 0.0 1.0 0.0 0.0 0.0 0.0 1.0 0.0 0.034 0.862 0.966 0.925 2.0 0.077 0.028 1.000
0.0 0.0 0.0 1.0 0.0 0.0 0.0 0.0 1.0 0.0 0.034 0.862 0.966 0.925 2.0 0.077 0.028 1.000
0.0 0.0 0.0 1.0 0.0 0.0 0.0 0.0 1.0 0.0 0.034 0.862 0.966 0.925 2.0 0.077 0.028 1.000
0.0 0.0 0.0 1.0 0.0 0.0 0.0 0.0 1.0 0.0 0.034 0.862 0.966 0.925 2.0 0.077 0.028 1.000
0.0 0.0 0.0 1.0 0.0 0.0 0.0 0.0 1.0 0.0 0.034 0.862 0.966 0.925 2.0 0.077 0.028 1.000
0.0 0.0 0.0 1.0 0.0 0.0 0.0 0.0 1.0 0.0 0.034 0.862 0.966 0.925 2.0 0.077 0.028 1.000
0.0 0.0 0.0 1.0 0.0 0.0 0.0 0.0 1.0 0.0 0.034 0.862 0.966 0.925 2.0 0.077 0.028 1.000
0.0 0.0 0.0 1.0 0.0 0.0 0.0 0.0 1.0 0.0 0.034 0.862 0.966 0.925 2.0 0.096 0.028 1.000
0.0 0.0 0.0 1.0 0.0 0.0 0.0 0.0 1.0 0.0 0.034 0.862 0.966 0.925 2.0 0.077 0.028 1.000
0.0 0.0 0.0 1.0 0.0 0.0 0.0 0.0 1.0 0.0 0.034 0.862 0.966 0.925 2.0 0.077 0.028 1.000
0.0 0.0 0.0 1.0 0.0 0.0 0.0 0.0 1.0 0.0 0.034 0.862 0.966 0.925 2.0 0.077 0.028 1.000
0.0 0.0 0.0 1.0 0.0 0.0 0.0 0.0 1.0 0.0 0.034 0.862 0.966 0.925 2.0 0.077 0.028 1.000
0.0 0.0 0.0 1.0 0.0 0.0 0.0 0.0 1.0 0.0 0.034 0.862 0.966 0.925 2.0 0.077 0.028 1.000
0.0 0.0 0.0 1.0 0.0 0.0 0.0 0.0 1.0 0.0 0.034 0.862 0.966 0.925 2.0 0.077 0.028 1.000
0.0 0.0 0.0 1.0 0.0 0.0 0.0 0.0 1.0 0.0 0.034 0.862 0.966 0.925 2.0 0.077 0.028 1.000
0.0 0.0 0.0 1.0 0.0 0.0 0.0 0.0 1.0 0.0 0.069 0.828 0.931 0.890 2.0 0.115 0.028 1.000
0.0 0.0 0.0 1.0 0.0 0.0 0.0 0.0 1.0 0.0 0.069 0.828 0.931 0.890 2.0 0.115 0.028 1.000
0.0 0.0 0.0 1.0 0.0 0.0 0.0 0.0 1.0 0.0 0.069 0.828 0.931 0.890 2.0 0.115 0.028 1.000
0.0 0.0 0.0 1.0 0.0 0.0 0.0 0.0 1.0 0.0 0.069 0.828 0.931 0.890 2.0 0.115 0.028 1.000
0.0 0.0 0.0 1.0 0.0 0.0 0.0 0.0 1.0 0.0 0.069 0.828 0.931 0.890 2.0 0.115 0.028 1.000
0.0 0.0 0.0 1.0 0.0 0.0 0.0 0.0 1.0 0.0 0.069 0.828 0.931 0.890 2.0 0.115 0.028 1.000
0.0 1.0 0.0 0.0 0.0 0.0 0.0 0.0 0.0 0.0 0.103 0.793 0.897 0.856 2.0 0.135 0.042 1.000
0.0 0.0 0.0 1.0 0.0 0.0 0.0 0.0 1.0 0.0 0.069 0.828 0.931 0.890 2.0 0.096 0.028 1.000
0.0 0.0 0.0 1.0 0.0 0.0 0.0 0.0 1.0 0.0 0.069 0.828 0.931 0.890 2.0 0.135 0.028 1.000
0.0 0.0 0.0 1.0 0.0 0.0 0.0 0.0 1.0 0.0 0.069 0.828 0.931 0.890 2.0 0.096 0.028 1.000
0.0 0.0 0.0 1.0 0.0 0.0 0.0 0.0 1.0 0.0 0.069 0.828 0.931 0.890 2.0 0.096 0.028 1.000
0.0 0.0 0.0 1.0 0.0 0.0 0.0 0.0 1.0 0.0 0.069 0.828 0.931 0.890 2.0 0.115 0.028 1.000
0.0 0.0 0.0 1.0 0.0 0.0 0.0 0.0 1.0 0.0 0.069 0.828 0.931 0.890 2.0 0.115 0.028 1.000
0.0 0.0 0.0 1.0 0.0 0.0 0.0 0.0 1.0 0.0 0.069 0.828 0.931 0.890 2.0 0.115 0.028 1.000
0.0 0.0 0.0 1.0 0.0 0.0 0.0 0.0 1.0 0.0 0.069 0.828 0.931 0.890 2.0 0.115 0.028 1.000
0.0 1.0 0.0 0.0 0.0 0.0 0.0 0.0 0.0 0.0 0.103 0.793 0.897 0.856 2.0 0.115 0.042 1.000
0.0 0.0 0.0 1.0 0.0 0.0 0.0 0.0 1.0 0.0 0.069 0.828 0.931 0.890 2.0 0.096 0.028 1.000
0.0 0.0 0.0 1.0 0.0 0.0 0.0 0.0 1.0 0.0 0.069 0.828 0.931 0.890 2.0 0.115 0.028 1.000
0.0 0.0 0.0 1.0 0.0 0.0 0.0 0.0 1.0 0.0 0.069 0.828 0.931 0.890 2.0 0.115 0.028 1.000
0.0 0.0 0.0 1.0 0.0 0.0 0.0 0.0 1.0 0.0 0.069 0.828 0.931 0.890 2.0 0.115 0.028 1.000
0.0 0.0 0.0 1.0 0.0 0.0 0.0 0.0 1.0 0.0 0.069 0.828 0.931 0.890 2.0 0.115 0.028 1.000
0.0 0.0 0.0 1.0 0.0 0.0 0.0 0.0 1.0 0.0 0.069 0.828 0.931 0.890 2.0 0.115 0.028 1.000
0.0 0.0 0.0 1.0 0.0 0.0 0.0 0.0 1.0 0.0 0.069 0.828 0.931 0.890 2.0 0.115 0.028 1.000
0.0 0.0 0.0 1.0 0.0 0.0 0.0 0.0 1.0 0.0 0.069 0.828 0.931 0.890 2.0 0.115 0.028 1.000
0.0 0.0 0.0 1.0 0.0 0.0 0.0 0.0 1.0 0.0 0.069 0.828 0.931 0.890 2.0 0.115 0.028 1.000
0.0 0.0 0.0 1.0 0.0 0.0 0.0 0.0 1.0 0.0 0.069 0.828 0.931 0.890 2.0 0.115 0.028 1.000
0.0 0.0 0.0 1.0 0.0 0.0 0.0 0.0 1.0 0.0 0.069 0.828 0.931 0.890 2.0 0.115 0.028 1.000
0.0 0.0 0.0 1.0 0.0 0.0 0.0 0.0 1.0 0.0 0.069 0.828 0.931 0.890 2.0 0.115 0.028 1.000
0.0 0.0 0.0 1.0 0.0 0.0 0.0 0.0 1.0 0.0 0.069 0.828 0.931 0.890 2.0 0.115 0.028 1.000
0.0 0.0 0.0 1.0 0.0 0.0 0.0 0.0 1.0 0.0 0.069 0.828 0.931 0.890 2.0 0.115 0.028 1.000
0.0 0.0 0.0 1.0 0.0 0.0 0.0 0.0 1.0 0.0 0.069 0.828 0.931 0.890 2.0 0.115 0.028 1.000
0.0 0.0 0.0 1.0 0.0 0.0 0.0 0.0 1.0 0.0 0.069 0.828 0.931 0.890 2.0 0.115 0.028 1.000
0.0 0.0 0.0 1.0 0.0 0.0 0.0 0.0 1.0 0.0 0.069 0.828 0.931 0.890 2.0 0.115 0.028 1.000
0.0 0.0 0.0 1.0 0.0 0.0 0.0 0.0 1.0 0.0 0.069 0.828 0.931 0.890 2.0 0.115 0.028 1.000
0.0 0.0 0.0 1.0 0.0 0.0 0.0 0.0 1.0 0.0 0.069 0.828 0.931 0.890 2.0 0.115 0.028 1.000
0.0 0.0 0.0 1.0 0.0 0.0 0.0 0.0 1.0 0.0 0.069 0.828 0.931 0.890 2.0 0.115 0.028 1.000
0.0 0.0 0.0 1.0 0.0 0.0 0.0 0.0 1.0 0.0 0.069 0.828 0.931 0.890 2.0 0.115 0.028 1.000
0.0 0.0 0.0 1.0 0.0 0.0 0.0 0.0 1.0 0.0 0.069 0.828 0.931 0.890 2.0 0.115 0.028 1.000
0.0 0.0 0.0 1.0 0.0 0.0 0.0 0.0 1.0 0.0 0.069 0.828 0.931 0.890 2.0 0.115 0.028 1.000
0.0 0.0 0.0 1.0 0.0 0.0 0.0 0.0 1.0 0.0 0.069 0.828 0.931 0.890 2.0 0.115 0.028 1.000
0.0 0.0 0.0 1.0 0.0 0.0 0.0 0.0 1.0 0.0 0.069 0.828 0.931 0.890 2.0 0.115 0.028 1.000
0.0 0.0 0.0 1.0 0.0 0.0 0.0 0.0 1.0 0.0 0.069 0.828 0.931 0.890 2.0 0.115 0.028 1.000
0.0 0.0 0.0 1.0 0.0 0.0 0.0 0.0 1.0 0.0 0.069 0.828 0.931 0.890 2.0 0.115 0.028 1.000
0.0 0.0 0.0 1.0 0.0 0.0 0.0 0.0 1.0 0.0 0.069 0.828 0.931 0.890 2.0 0.115 0.028 1.000
0.0 0.0 0.0 1.0 0.0 0.0 0.0 0.0 1.0 0.0 0.069 0.828 0.931 0.890 2.0 0.115 0.028 1.000
0.0 0.0 0.0 1.0 0.0 0.0 0.0 0.0 1.0 0.0 0.069 0.828 0.931 0.890 2.0 0.115 0.028 1.000
0.0 0.0 0.0 1.0 0.0 0.0 0.0 0.0 1.0 0.0 0.069 0.828 0.931 0.890 2.0 0.115 0.028 1.000
0.0 0.0 0.0 1.0 0.0 0.0 0.0 0.0 1.0 0.0 0.069 0.828 0.931 0.890 2.0 0.115 0.028 1.000
0.0 0.0 0.0 1.0 0.0 0.0 0.0 0.0 1.0 0.0 0.069 0.828 0.931 0.890 2.0 0.115 0.028 1.000
0.0 0.0 0.0 1.0 0.0 0.0 0.0 0.0 1.0 0.0 0.069 0.828 0.931 0.890 2.0 0.115 0.028 1.000
0.0 0.0 0.0 1.0 0.0 0.0 0.0 0.0 1.0 0.0 0.069 0.828 0.931 0.890 2.0 0.135 0.028 1.000
0.0 1.0 0.0 0.0 0.0 0.0 0.0 0.0 0.0 0.0 0.103 0.793 0.897 0.856 2.0 0.135 0.042 1.000
0.0 0.0 0.0 1.0 0.0 0.0 0.0 0.0 1.0 0.0 0.069 0.828 0.931 0.890 2.0 0.096 0.028 1.000
0.0 0.0 0.0 1.0 0.0 0.0 0.0 0.0 1.0 0.0 0.069 0.828 0.931 0.890 2.0 0.115 0.028 1.000
0.0 0.0 0.0 1.0 0.0 0.0 0.0 0.0 1.0 0.0 0.069 0.828 0.931 0.890 2.0 0.115 0.028 1.000
0.0 0.0 0.0 1.0 0.0 0.0 0.0 0.0 1.0 0.0 0.069 0.828 0.931 0.890 2.0 0.115 0.028 1.000
0.0 0.0 0.0 1.0 0.0 0.0 0.0 0.0 1.0 0.0 0.069 0.828 0.931 0.890 2.0 0.115 0.028 1.000
0.0 0.0 0.0 1.0 0.0 0.0 0.0 0.0 1.0 0.0 0.069 0.828 0.931 0.890 2.0 0.115 0.028 1.000
0.0 0.0 0.0 1.0 0.0 0.0 0.0 0.0 1.0 0.0 0.069 0.828 0.931 0.890 2.0 0.115 0.028 1.000
0.0 0.0 0.0 1.0 0.0 0.0 0.0 0.0 1.0 0.0 0.069 0.828 0.931 0.890 2.0 0.115 0.028 1.000
0.0 0.0 0.0 1.0 0.0 0.0 0.0 0.0 1.0 0.0 0.069 0.828 0.931 0.890 2.0 0.115 0.028 1.000
0.0 0.0 0.0 1.0 0.0 0.0 0.0 0.0 1.0 0.0 0.069 0.828 0.931 0.890 2.0 0.115 0.028 1.000
0.0 0.0 0.0 1.0 0.0 0.0 0.0 0.0 1.0 0.0 0.069 0.828 0.931 0.890 2.0 0.115 0.028 1.000
0.0 0.0 0.0 1.0 0.0 0.0 0.0 0.0 1.0 0.0 0.069 0.828 0.931 0.890 2.0 0.115 0.028 1.000
0.0 0.0 0.0 1.0 0.0 0.0 0.0 0.0 1.0 0.0 0.069 0.828 0.931 0.890 2.0 0.115 0.028 1.000
0.0 0.0 0.0 1.0 0.0 0.0 0.0 0.0 1.0 0.0 0.069 0.828 0.931 0.890 2.0 0.115 0.028 1.000
0.0 0.0 0.0 1.0 0.0 0.0 0.0 0.0 1.0 0.0 0.069 0.828 0.931 0.890 2.0 0.115 0.028 1.000
0.0 0.0 0.0 1.0 0.0 0.0 0.0 0.0 0.0 0.0 0.103 0.793 0.897 0.856 2.0 0.173 0.028 1.000
0.0 0.0 0.0 1.0 0.0 0.0 0.0 0.0 0.0 0.0 0.103 0.793 0.897 0.856 2.0 0.173 0.028 1.000
0.0 0.0 0.0 1.0 0.0 0.0 0.0 0.0 0.0 0.0 0.103 0.793 0.897 0.856 2.0 0.173 0.028 1.000
0.0 0.0 0.0 1.0 0.0 0.0 0.0 0.0 0.0 0.0 0.138 0.759 0.862 0.821 2.0 0.192 0.042 1.000
0.0 1.0 0.0 0.0 0.0 0.0 0.0 0.0 0.0 0.0 0.138 0.759 0.862 0.821 2.0 0.173 0.042 1.000
0.0 0.0 0.0 1.0 0.0 0.0 0.0 0.0 0.0 0.0 0.103 0.793 0.897 0.856 2.0 0.135 0.028 1.000
0.0 0.0 0.0 1.0 0.0 0.0 0.0 0.0 0.0 0.0 0.103 0.793 0.897 0.856 2.0 0.173 0.028 1.000
0.0 0.0 0.0 1.0 0.0 0.0 0.0 0.0 0.0 0.0 0.103 0.793 0.897 0.856 2.0 0.173 0.028 1.000
0.0 1.0 0.0 0.0 0.0 0.0 0.0 0.0 0.0 0.0 0.172 0.724 0.828 0.787 2.0 0.173 0.056 1.000
0.0 0.0 0.0 1.0 0.0 0.0 0.0 0.0 0.0 0.0 0.138 0.759 0.862 0.821 2.0 0.154 0.042 1.000
0.0 0.0 0.0 1.0 0.0 0.0 0.0 0.0 0.0 0.0 0.103 0.793 0.897 0.856 2.0 0.173 0.028 1.000
0.0 0.0 0.0 1.0 0.0 0.0 0.0 0.0 0.0 0.0 0.103 0.793 0.897 0.856 2.0 0.173 0.028 1.000
0.0 0.0 0.0 1.0 0.0 0.0 0.0 0.0 0.0 0.0 0.103 0.793 0.897 0.856 2.0 0.173 0.028 1.000
0.0 0.0 0.0 1.0 0.0 0.0 0.0 0.0 0.0 0.0 0.103 0.793 0.897 0.856 2.0 0.173 0.028 1.000
0.0 0.0 0.0 1.0 0.0 0.0 0.0 0.0 0.0 0.0 0.103 0.793 0.897 0.856 2.0 0.173 0.028 1.000
0.0 0.0 0.0 1.0 0.0 0.0 0.0 0.0 0.0 0.0 0.103 0.793 0.897 0.856 2.0 0.173 0.028 1.000
0.0 0.0 0.0 1.0 0.0 0.0 0.0 0.0 0.0 0.0 0.103 0.793 0.897 0.856 2.0 0.173 0.028 1.000
0.0 0.0 0.0 1.0 0.0 0.0 0.0 0.0 0.0 0.0 0.103 0.793 0.897 0.856 2.0 0.173 0.028 1.000
0.0 0.0 0.0 1.0 0.0 0.0 0.0 0.0 0.0 0.0 0.103 0.793 0.897 0.856 2.0 0.173 0.028 1.000
0.0 0.0 0.0 1.0 0.0 0.0 0.0 0.0 0.0 0.0 0.103 0.793 0.897 0.856 2.0 0.173 0.028 1.000
0.0 0.0 0.0 1.0 0.0 0.0 0.0 0.0 0.0 0.0 0.103 0.793 0.897 0.856 2.0 0.173 0.028 1.000
0.0 0.0 0.0 1.0 0.0 0.0 0.0 0.0 0.0 0.0 0.103 0.793 0.897 0.856 2.0 0.173 0.028 1.000
0.0 0.0 0.0 1.0 0.0 0.0 0.0 0.0 0.0 0.0 0.103 0.793 0.897 0.856 2.0 0.173 0.028 1.000
0.0 0.0 0.0 1.0 0.0 0.0 0.0 0.0 0.0 0.0 0.103 0.793 0.897 0.856 2.0 0.173 0.028 1.000
0.0 0.0 0.0 1.0 0.0 0.0 0.0 0.0 0.0 0.0 0.103 0.793 0.897 0.856 2.0 0.173 0.028 1.000
0.0 0.0 0.0 1.0 0.0 0.0 0.0 0.0 0.0 0.0 0.103 0.793 0.897 0.856 2.0 0.173 0.028 1.000
0.0 0.0 0.0 1.0 0.0 0.0 0.0 0.0 0.0 0.0 0.138 0.759 0.862 0.821 2.0 0.192 0.042 1.000
0.0 0.0 0.0 1.0 0.0 0.0 0.0 0.0 0.0 0.0 0.103 0.793 0.897 0.856 2.0 0.173 0.028 1.000
0.0 0.0 0.0 1.0 0.0 0.0 0.0 0.0 0.0 0.0 0.103 0.793 0.897 0.856 2.0 0.173 0.028 1.000
0.0 0.0 0.0 1.0 0.0 0.0 0.0 0.0 0.0 0.0 0.103 0.793 0.897 0.856 2.0 0.173 0.028 1.000
0.0 0.0 0.0 1.0 0.0 0.0 0.0 0.0 0.0 0.0 0.103 0.793 0.897 0.856 2.0 0.173 0.028 1.000
0.0 0.0 0.0 1.0 0.0 0.0 0.0 0.0 0.0 0.0 0.103 0.793 0.897 0.856 2.0 0.173 0.028 1.000
0.0 0.0 0.0 1.0 0.0 0.0 0.0 0.0 0.0 0.0 0.103 0.793 0.897 0.856 2.0 0.173 0.028 1.000
0.0 0.0 0.0 1.0 0.0 0.0 0.0 0.0 0.0 0.0 0.103 0.793 0.897 0.856 2.0 0.173 0.028 1.000
0.0 0.0 0.0 1.0 0.0 0.0 0.0 0.0 0.0 0.0 0.138 0.759 0.862 0.821 2.0 0.192 0.056 1.000
0.0 0.0 0.0 1.0 0.0 0.0 0.0 0.0 0.0 0.0 0.172 0.724 0.828 0.787 2.0 0.192 0.069 1.000
0.0 0.0 0.0 1.0 0.0 0.0 0.0 0.0 0.0 0.0 0.172 0.724 0.828 0.787 2.0 0.173 0.069 1.000
0.0 0.0 0.0 1.0 0.0 0.0 0.0 0.0 0.0 0.0 0.207 0.690 0.793 0.752 2.0 0.173 0.083 1.000
0.0 0.0 0.0 1.0 0.0 0.0 0.0 0.0 0.0 0.0 0.138 0.759 0.862 0.821 2.0 0.192 0.056 1.000
0.0 0.0 0.0 1.0 0.0 0.0 0.0 0.0 0.0 0.0 0.138 0.759 0.862 0.821 2.0 0.212 0.056 1.000
0.0 0.0 0.0 1.0 0.0 0.0 0.0 0.0 0.0 0.0 0.138 0.759 0.862 0.821 2.0 0.192 0.056 1.000
0.0 0.0 0.0 1.0 0.0 0.0 0.0 0.0 0.0 0.0 0.138 0.759 0.862 0.821 2.0 0.192 0.056 1.000
0.0 0.0 0.0 1.0 0.0 0.0 0.0 0.0 0.0 0.0 0.138 0.759 0.862 0.821 2.0 0.212 0.056 1.000
0.0 0.0 0.0 1.0 0.0 0.0 0.0 0.0 0.0 0.0 0.138 0.759 0.862 0.821 2.0 0.192 0.056 1.000
0.0 0.0 0.0 1.0 0.0 0.0 0.0 0.0 0.0 0.0 0.138 0.759 0.862 0.821 2.0 0.192 0.056 1.000
0.0 0.0 0.0 1.0 0.0 0.0 0.0 0.0 0.0 0.0 0.138 0.759 0.862 0.821 2.0 0.192 0.056 1.000
0.0 0.0 0.0 1.0 0.0 0.0 0.0 0.0 0.0 0.0 0.172 0.724 0.828 0.787 2.0 0.192 0.069 1.000
0.0 0.0 0.0 1.0 0.0 0.0 0.0 0.0 0.0 0.0 0.138 0.759 0.862 0.821 2.0 0.192 0.056 1.000
0.0 0.0 0.0 1.0 0.0 0.0 0.0 0.0 0.0 0.0 0.138 0.759 0.862 0.821 2.0 0.212 0.056 1.000
0.0 0.0 0.0 1.0 0.0 0.0 0.0 0.0 0.0 0.0 0.138 0.759 0.862 0.821 2.0 0.212 0.056 1.000
0.0 0.0 0.0 1.0 0.0 0.0 0.0 0.0 0.0 0.0 0.172 0.724 0.828 0.787 2.0 0.231 0.056 1.000
0.0 0.0 0.0 1.0 0.0 0.0 0.0 0.0 0.0 0.0 0.172 0.724 0.828 0.787 2.0 0.231 0.056 1.000
0.0 0.0 0.0 1.0 0.0 0.0 0.0 0.0 0.0 0.0 0.207 0.690 0.793 0.752 2.0 0.231 0.069 1.000
0.0 0.0 0.0 1.0 0.0 0.0 0.0 0.0 0.0 0.0 0.207 0.690 0.793 0.752 2.0 0.231 0.069 1.000
0.0 0.0 0.0 1.0 0.0 0.0 0.0 0.0 0.0 0.0 0.207 0.690 0.793 0.752 2.0 0.154 0.069 1.000
0.0 0.0 0.0 1.0 0.0 0.0 0.0 0.0 0.0 0.0 0.207 0.690 0.793 0.752 2.0 0.173 0.069 1.000
0.0 0.0 0.0 1.0 0.0 0.0 0.0 0.0 0.0 0.0 0.241 0.655 0.759 0.718 2.0 0.173 0.083 1.000
0.0 0.0 0.0 1.0 0.0 0.0 0.0 0.0 0.0 0.0 0.241 0.655 0.759 0.718 2.0 0.154 0.083 1.000
0.0 0.0 0.0 1.0 0.0 0.0 0.0 0.0 0.0 0.0 0.172 0.724 0.828 0.787 2.0 0.231 0.056 1.000
0.0 0.0 0.0 1.0 0.0 0.0 0.0 0.0 0.0 0.0 0.172 0.724 0.828 0.787 2.0 0.231 0.056 1.000
0.0 1.0 0.0 0.0 0.0 0.0 0.0 0.0 0.0 0.0 0.207 0.690 0.793 0.752 2.0 0.192 0.069 1.000
0.0 0.0 0.0 1.0 0.0 0.0 0.0 0.0 0.0 0.0 0.172 0.724 0.828 0.787 2.0 0.173 0.056 1.000
0.0 1.0 0.0 0.0 0.0 0.0 0.0 0.0 0.0 0.0 0.207 0.690 0.793 0.752 2.0 0.192 0.069 1.000
0.0 0.0 0.0 1.0 0.0 0.0 0.0 0.0 0.0 0.0 0.172 0.724 0.828 0.787 2.0 0.173 0.056 1.000
0.0 0.0 0.0 1.0 0.0 0.0 0.0 0.0 0.0 0.0 0.172 0.724 0.828 0.787 2.0 0.173 0.056 1.000
0.0 0.0 0.0 1.0 0.0 0.0 0.0 0.0 0.0 0.0 0.172 0.724 0.828 0.787 2.0 0.173 0.056 1.000
0.0 0.0 0.0 1.0 0.0 0.0 0.0 0.0 0.0 0.0 0.172 0.724 0.828 0.787 2.0 0.231 0.056 1.000
0.0 0.0 0.0 1.0 0.0 0.0 0.0 0.0 0.0 0.0 0.172 0.724 0.828 0.787 2.0 0.231 0.056 1.000
0.0 0.0 0.0 1.0 0.0 0.0 0.0 0.0 0.0 0.0 0.172 0.724 0.828 0.787 2.0 0.212 0.056 1.000
0.0 1.0 0.0 0.0 0.0 0.0 0.0 0.0 0.0 0.0 0.207 0.690 0.793 0.752 2.0 0.154 0.069 1.000
0.0 0.0 0.0 1.0 0.0 0.0 0.0 0.0 0.0 0.0 0.172 0.724 0.828 0.787 2.0 0.173 0.056 1.000
0.0 0.0 0.0 1.0 0.0 0.0 0.0 0.0 0.0 0.0 0.172 0.724 0.828 0.787 2.0 0.192 0.056 1.000
0.0 0.0 0.0 1.0 0.0 0.0 0.0 0.0 0.0 0.0 0.172 0.724 0.828 0.787 2.0 0.192 0.056 1.000
0.0 0.0 0.0 1.0 0.0 0.0 0.0 0.0 0.0 0.0 0.172 0.724 0.828 0.787 2.0 0.192 0.056 1.000
0.0 0.0 0.0 1.0 0.0 0.0 0.0 0.0 0.0 0.0 0.172 0.724 0.828 0.787 2.0 0.192 0.056 1.000
0.0 0.0 0.0 1.0 0.0 0.0 0.0 0.0 0.0 0.0 0.172 0.724 0.828 0.787 2.0 0.192 0.056 1.000
0.0 0.0 0.0 1.0 0.0 0.0 0.0 0.0 0.0 0.0 0.172 0.724 0.828 0.787 2.0 0.192 0.056 1.000
0.0 0.0 0.0 1.0 0.0 0.0 0.0 0.0 0.0 0.0 0.207 0.690 0.793 0.752 2.0 0.192 0.069 1.000
0.0 0.0 0.0 1.0 0.0 0.0 0.0 0.0 0.0 0.0 0.207 0.690 0.793 0.752 2.0 0.192 0.069 1.000
0.0 0.0 0.0 1.0 0.0 0.0 0.0 0.0 0.0 0.0 0.172 0.724 0.828 0.787 2.0 0.192 0.056 1.000
0.0 0.0 0.0 1.0 0.0 0.0 0.0 0.0 0.0 0.0 0.172 0.724 0.828 0.787 2.0 0.192 0.056 1.000
0.0 0.0 0.0 1.0 0.0 0.0 0.0 0.0 0.0 0.0 0.172 0.724 0.828 0.787 2.0 0.212 0.056 1.000
0.0 1.0 0.0 0.0 0.0 0.0 0.0 0.0 0.0 0.0 0.207 0.690 0.793 0.752 2.0 0.154 0.069 1.000
0.0 0.0 0.0 1.0 0.0 0.0 0.0 0.0 0.0 0.0 0.172 0.724 0.828 0.787 2.0 0.173 0.056 1.000
0.0 1.0 0.0 0.0 0.0 0.0 0.0 0.0 0.0 0.0 0.207 0.690 0.793 0.752 2.0 0.154 0.069 1.000
0.0 0.0 0.0 1.0 0.0 0.0 0.0 0.0 0.0 0.0 0.172 0.724 0.828 0.787 2.0 0.173 0.056 1.000
0.0 0.0 0.0 1.0 0.0 0.0 0.0 0.0 0.0 0.0 0.172 0.724 0.828 0.787 2.0 0.212 0.056 1.000
0.0 0.0 0.0 1.0 0.0 0.0 0.0 0.0 0.0 0.0 0.207 0.690 0.793 0.752 2.0 0.308 0.056 1.000
0.0 0.0 0.0 1.0 0.0 0.0 0.0 0.0 0.0 0.0 0.241 0.655 0.759 0.718 2.0 0.308 0.069 1.000
0.0 1.0 0.0 0.0 0.0 0.0 0.0 0.0 0.0 0.0 0.276 0.621 0.724 0.683 2.0 0.269 0.083 1.000
0.0 0.0 0.0 1.0 0.0 0.0 0.0 0.0 0.0 0.0 0.241 0.655 0.759 0.718 2.0 0.212 0.069 1.000
0.0 1.0 0.0 0.0 0.0 0.0 0.0 0.0 0.0 0.0 0.310 0.586 0.690 0.649 2.0 0.269 0.097 1.000
0.0 0.0 0.0 1.0 0.0 0.0 0.0 0.0 0.0 0.0 0.276 0.621 0.724 0.683 2.0 0.212 0.083 1.000
0.0 0.0 0.0 1.0 0.0 0.0 0.0 0.0 0.0 0.0 0.207 0.690 0.793 0.752 2.0 0.308 0.056 1.000
0.0 0.0 0.0 1.0 0.0 0.0 0.0 0.0 0.0 0.0 0.241 0.655 0.759 0.718 2.0 0.288 0.083 1.000
0.0 1.0 0.0 0.0 0.0 0.0 0.0 0.0 0.0 0.0 0.241 0.655 0.759 0.718 2.0 0.269 0.069 1.000
0.0 0.0 0.0 1.0 0.0 0.0 0.0 0.0 0.0 0.0 0.207 0.690 0.793 0.752 2.0 0.212 0.056 1.000
0.0 0.0 0.0 1.0 0.0 0.0 0.0 0.0 0.0 0.0 0.207 0.690 0.793 0.752 2.0 0.308 0.056 1.000
0.0 0.0 0.0 1.0 0.0 0.0 0.0 0.0 0.0 0.0 0.241 0.655 0.759 0.718 2.0 0.212 0.069 1.000
0.0 0.0 0.0 1.0 0.0 0.0 0.0 0.0 0.0 0.0 0.207 0.690 0.793 0.752 2.0 0.212 0.056 1.000
0.0 0.0 0.0 1.0 0.0 0.0 0.0 0.0 0.0 0.0 0.207 0.690 0.793 0.752 2.0 0.212 0.056 1.000
0.0 0.0 0.0 1.0 0.0 0.0 0.0 0.0 0.0 0.0 0.207 0.690 0.793 0.752 2.0 0.212 0.056 1.000
0.0 0.0 0.0 1.0 0.0 0.0 0.0 0.0 0.0 0.0 0.241 0.655 0.759 0.718 2.0 0.212 0.069 1.000
0.0 0.0 0.0 1.0 0.0 0.0 0.0 0.0 0.0 0.0 0.207 0.690 0.793 0.752 2.0 0.212 0.056 1.000
0.0 0.0 0.0 1.0 0.0 0.0 0.0 0.0 0.0 0.0 0.241 0.655 0.759 0.718 2.0 0.212 0.069 1.000
0.0 0.0 0.0 1.0 0.0 0.0 0.0 0.0 0.0 0.0 0.241 0.655 0.759 0.718 2.0 0.212 0.069 1.000
0.0 0.0 0.0 1.0 0.0 0.0 0.0 0.0 0.0 0.0 0.276 0.621 0.724 0.683 2.0 0.269 0.125 1.000
0.0 0.0 0.0 1.0 0.0 0.0 0.0 0.0 0.0 0.0 0.345 0.552 0.655 0.614 2.0 0.231 0.181 1.000
0.0 0.0 0.0 1.0 0.0 0.0 0.0 0.0 0.0 0.0 0.310 0.586 0.690 0.649 2.0 0.250 0.139 1.000
0.0 0.0 0.0 1.0 0.0 0.0 0.0 0.0 0.0 0.0 0.345 0.552 0.655 0.614 2.0 0.250 0.167 1.000
0.0 0.0 0.0 1.0 0.0 0.0 0.0 0.0 0.0 0.0 0.276 0.621 0.724 0.683 2.0 0.269 0.139 1.000
0.0 0.0 0.0 1.0 0.0 0.0 0.0 0.0 0.0 0.0 0.276 0.621 0.724 0.683 2.0 0.250 0.125 1.000
0.0 0.0 0.0 1.0 0.0 0.0 0.0 0.0 0.0 0.0 0.276 0.621 0.724 0.683 2.0 0.250 0.125 1.000
0.0 0.0 0.0 1.0 0.0 0.0 0.0 0.0 0.0 0.0 0.276 0.621 0.724 0.683 2.0 0.269 0.139 1.000
0.0 0.0 0.0 1.0 0.0 0.0 0.0 0.0 0.0 0.0 0.310 0.586 0.690 0.649 2.0 0.231 0.125 1.000
0.0 0.0 0.0 1.0 0.0 0.0 0.0 0.0 0.0 0.0 0.310 0.586 0.690 0.649 2.0 0.231 0.125 1.000
0.0 0.0 0.0 1.0 0.0 0.0 0.0 0.0 0.0 0.0 0.379 0.517 0.621 0.580 2.0 0.212 0.181 1.000
0.0 0.0 0.0 1.0 0.0 0.0 0.0 0.0 0.0 0.0 0.379 0.517 0.621 0.580 2.0 0.212 0.181 1.000
0.0 0.0 0.0 1.0 0.0 0.0 0.0 0.0 0.0 0.0 0.345 0.552 0.655 0.614 2.0 0.231 0.139 1.000
0.0 0.0 0.0 1.0 0.0 0.0 0.0 0.0 0.0 0.0 0.345 0.552 0.655 0.614 2.0 0.212 0.139 1.000
0.0 0.0 0.0 1.0 0.0 0.0 0.0 0.0 0.0 0.0 0.379 0.517 0.621 0.580 2.0 0.231 0.167 1.000
0.0 0.0 0.0 1.0 0.0 0.0 0.0 0.0 0.0 0.0 0.379 0.517 0.621 0.580 2.0 0.212 0.167 1.000
0.0 0.0 0.0 1.0 0.0 0.0 0.0 0.0 0.0 0.0 0.310 0.586 0.690 0.649 2.0 0.231 0.139 1.000
0.0 0.0 0.0 1.0 0.0 0.0 0.0 0.0 0.0 0.0 0.310 0.586 0.690 0.649 2.0 0.231 0.139 1.000
0.0 0.0 0.0 1.0 0.0 0.0 0.0 0.0 0.0 0.0 0.310 0.586 0.690 0.649 2.0 0.212 0.125 1.000
0.0 0.0 0.0 1.0 0.0 0.0 0.0 0.0 0.0 0.0 0.310 0.586 0.690 0.649 2.0 0.231 0.125 1.000
0.0 0.0 0.0 1.0 0.0 0.0 0.0 0.0 0.0 0.0 0.310 0.586 0.690 0.649 2.0 0.231 0.125 1.000
0.0 0.0 0.0 1.0 0.0 0.0 0.0 0.0 0.0 0.0 0.310 0.586 0.690 0.649 2.0 0.212 0.125 1.000
0.0 0.0 0.0 1.0 0.0 0.0 0.0 0.0 0.0 0.0 0.310 0.586 0.690 0.649 2.0 0.231 0.139 1.000
0.0 0.0 0.0 1.0 0.0 0.0 0.0 0.0 0.0 0.0 0.310 0.586 0.690 0.649 2.0 0.231 0.139 1.000
0.0 0.0 0.0 1.0 0.0 0.0 0.0 0.0 0.0 0.0 0.345 0.552 0.655 0.614 2.0 0.212 0.125 1.000
0.0 0.0 0.0 1.0 0.0 0.0 0.0 0.0 0.0 0.0 0.414 0.483 0.586 0.545 2.0 0.212 0.181 1.000
0.0 0.0 0.0 1.0 0.0 0.0 0.0 0.0 0.0 0.0 0.379 0.517 0.621 0.580 2.0 0.212 0.139 1.000
0.0 0.0 0.0 1.0 0.0 0.0 0.0 0.0 0.0 0.0 0.414 0.483 0.586 0.545 2.0 0.212 0.167 1.000
0.0 0.0 0.0 1.0 0.0 0.0 0.0 0.0 0.0 0.0 0.345 0.552 0.655 0.614 2.0 0.212 0.139 1.000
0.0 0.0 0.0 1.0 0.0 0.0 0.0 0.0 0.0 0.0 0.345 0.552 0.655 0.614 2.0 0.212 0.125 1.000
0.0 0.0 0.0 1.0 0.0 0.0 0.0 0.0 0.0 0.0 0.345 0.552 0.655 0.614 2.0 0.212 0.125 1.000
0.0 0.0 0.0 1.0 0.0 0.0 0.0 0.0 0.0 0.0 0.345 0.552 0.655 0.614 2.0 0.212 0.139 1.000
0.0 0.0 0.0 1.0 0.0 0.0 0.0 0.0 0.0 0.0 0.379 0.517 0.621 0.580 2.0 0.154 0.167 1.000
0.0 0.0 0.0 1.0 0.0 0.0 0.0 0.0 0.0 0.0 0.379 0.517 0.621 0.580 2.0 0.154 0.153 1.000
0.0 0.0 0.0 1.0 0.0 0.0 0.0 0.0 0.0 0.0 0.379 0.517 0.621 0.580 2.0 0.154 0.153 1.000
0.0 0.0 0.0 1.0 0.0 0.0 0.0 0.0 0.0 0.0 0.379 0.517 0.621 0.580 2.0 0.173 0.167 1.000
0.0 0.0 0.0 1.0 0.0 0.0 0.0 0.0 0.0 0.0 0.379 0.517 0.621 0.580 2.0 0.154 0.153 1.000
0.0 0.0 0.0 1.0 0.0 0.0 0.0 0.0 0.0 0.0 0.448 0.448 0.552 0.511 2.0 0.154 0.208 1.000
0.0 0.0 0.0 1.0 0.0 0.0 0.0 0.0 0.0 0.0 0.414 0.483 0.586 0.545 2.0 0.154 0.167 1.000
0.0 0.0 0.0 1.0 0.0 0.0 0.0 0.0 0.0 0.0 0.448 0.448 0.552 0.511 2.0 0.154 0.194 1.000
0.0 0.0 0.0 1.0 0.0 0.0 0.0 0.0 0.0 0.0 0.414 0.483 0.586 0.545 2.0 0.154 0.167 1.000
0.0 0.0 0.0 1.0 0.0 0.0 0.0 0.0 0.0 0.0 0.414 0.483 0.586 0.545 2.0 0.192 0.167 1.000
0.0 0.0 0.0 1.0 0.0 0.0 0.0 0.0 0.0 0.0 0.414 0.483 0.586 0.545 2.0 0.135 0.153 1.000
0.0 0.0 0.0 1.0 0.0 0.0 0.0 0.0 0.0 0.0 0.414 0.483 0.586 0.545 2.0 0.173 0.153 1.000
0.0 0.0 0.0 1.0 0.0 0.0 0.0 0.0 0.0 0.0 0.414 0.483 0.586 0.545 2.0 0.154 0.153 1.000
0.0 0.0 0.0 1.0 0.0 0.0 0.0 0.0 0.0 0.0 0.414 0.483 0.586 0.545 2.0 0.192 0.153 1.000
0.0 1.0 0.0 0.0 0.0 0.0 0.0 0.0 0.0 0.0 0.448 0.448 0.552 0.511 2.0 0.154 0.181 1.000
0.0 0.0 0.0 1.0 0.0 0.0 0.0 0.0 0.0 0.0 0.414 0.483 0.586 0.545 2.0 0.135 0.167 1.000
0.0 1.0 0.0 0.0 0.0 0.0 0.0 0.0 0.0 0.0 0.448 0.448 0.552 0.511 2.0 0.154 0.181 1.000
0.0 0.0 0.0 1.0 0.0 0.0 0.0 0.0 0.0 0.0 0.414 0.483 0.586 0.545 2.0 0.173 0.167 1.000
0.0 0.0 0.0 1.0 0.0 0.0 0.0 0.0 0.0 0.0 0.414 0.483 0.586 0.545 2.0 0.154 0.153 1.000
0.0 0.0 0.0 1.0 0.0 0.0 0.0 0.0 0.0 0.0 0.414 0.483 0.586 0.545 2.0 0.192 0.153 1.000
0.0 0.0 0.0 1.0 0.0 0.0 0.0 0.0 0.0 0.0 0.483 0.414 0.517 0.476 2.0 0.135 0.208 1.000
0.0 0.0 0.0 1.0 0.0 0.0 0.0 0.0 0.0 0.0 0.483 0.414 0.517 0.476 2.0 0.173 0.208 1.000
0.0 0.0 0.0 1.0 0.0 0.0 0.0 0.0 0.0 0.0 0.448 0.448 0.552 0.511 2.0 0.154 0.167 1.000
0.0 0.0 0.0 1.0 0.0 0.0 0.0 0.0 0.0 0.0 0.448 0.448 0.552 0.511 2.0 0.192 0.167 1.000
0.0 0.0 0.0 1.0 0.0 0.0 0.0 0.0 0.0 0.0 0.483 0.414 0.517 0.476 2.0 0.154 0.194 1.000
0.0 0.0 0.0 1.0 0.0 0.0 0.0 0.0 0.0 0.0 0.483 0.414 0.517 0.476 2.0 0.192 0.194 1.000
0.0 0.0 0.0 1.0 0.0 0.0 0.0 0.0 0.0 0.0 0.448 0.448 0.552 0.511 2.0 0.212 0.167 1.000
0.0 1.0 0.0 0.0 0.0 0.0 0.0 0.0 0.0 0.0 0.483 0.414 0.517 0.476 2.0 0.173 0.167 1.000
0.0 0.0 0.0 1.0 0.0 0.0 0.0 0.0 0.0 0.0 0.448 0.448 0.552 0.511 2.0 0.173 0.153 1.000
0.0 0.0 0.0 1.0 0.0 0.0 0.0 0.0 0.0 0.0 0.448 0.448 0.552 0.511 2.0 0.212 0.153 1.000
0.0 0.0 0.0 1.0 0.0 0.0 0.0 0.0 0.0 0.0 0.483 0.414 0.517 0.476 2.0 0.192 0.194 1.000
0.0 0.0 0.0 1.0 0.0 0.0 0.0 0.0 0.0 0.0 0.448 0.448 0.552 0.511 2.0 0.212 0.153 1.000
0.0 1.0 0.0 0.0 0.0 0.0 0.0 0.0 0.0 0.0 0.552 0.345 0.448 0.407 2.0 0.173 0.222 1.000
0.0 0.0 0.0 1.0 0.0 0.0 0.0 0.0 0.0 0.0 0.517 0.379 0.483 0.442 2.0 0.173 0.208 1.000
0.0 0.0 0.0 1.0 0.0 0.0 0.0 0.0 0.0 0.0 0.483 0.414 0.517 0.476 2.0 0.212 0.167 1.000
0.0 0.0 0.0 1.0 0.0 0.0 0.0 0.0 0.0 0.0 0.517 0.379 0.483 0.442 2.0 0.212 0.194 1.000
0.0 0.0 0.0 1.0 0.0 0.0 0.0 0.0 0.0 0.0 0.483 0.414 0.517 0.476 2.0 0.192 0.236 1.000
0.0 0.0 0.0 1.0 0.0 0.0 0.0 0.0 0.0 0.0 0.517 0.379 0.483 0.442 2.0 0.173 0.222 1.000
0.0 0.0 0.0 1.0 0.0 0.0 0.0 0.0 0.0 0.0 0.483 0.414 0.517 0.476 2.0 0.192 0.208 1.000
0.0 0.0 0.0 1.0 0.0 0.0 0.0 0.0 0.0 0.0 0.517 0.379 0.483 0.442 2.0 0.192 0.250 1.000
0.0 0.0 0.0 1.0 0.0 0.0 0.0 0.0 0.0 0.0 0.483 0.414 0.517 0.476 2.0 0.192 0.222 1.000
0.0 0.0 0.0 1.0 0.0 0.0 0.0 0.0 0.0 0.0 0.586 0.310 0.414 0.373 2.0 0.173 0.278 1.000
0.0 0.0 0.0 1.0 0.0 0.0 0.0 0.0 0.0 0.0 0.517 0.379 0.483 0.442 2.0 0.192 0.236 1.000
0.0 0.0 0.0 1.0 0.0 0.0 0.0 0.0 0.0 0.0 0.552 0.345 0.448 0.407 2.0 0.192 0.264 1.000
0.0 0.0 0.0 1.0 0.0 0.0 0.0 0.0 0.0 0.0 0.517 0.379 0.483 0.442 2.0 0.385 0.236 1.000
0.0 0.0 0.0 1.0 0.0 0.0 0.0 0.0 0.0 0.0 0.517 0.379 0.483 0.442 2.0 0.385 0.236 1.000
0.0 0.0 0.0 1.0 0.0 0.0 0.0 0.0 0.0 0.0 0.552 0.345 0.448 0.407 2.0 0.385 0.222 1.000
0.0 0.0 0.0 1.0 0.0 0.0 0.0 0.0 0.0 0.0 0.552 0.345 0.448 0.407 2.0 0.365 0.222 1.000
0.0 0.0 0.0 1.0 0.0 0.0 0.0 0.0 0.0 0.0 0.517 0.379 0.483 0.442 2.0 0.385 0.208 1.000
0.0 0.0 0.0 1.0 0.0 0.0 0.0 0.0 0.0 0.0 0.517 0.379 0.483 0.442 2.0 0.385 0.208 1.000
0.0 0.0 0.0 1.0 0.0 0.0 0.0 0.0 0.0 0.0 0.552 0.345 0.448 0.407 2.0 0.385 0.250 1.000
0.0 0.0 0.0 1.0 0.0 0.0 0.0 0.0 0.0 0.0 0.552 0.345 0.448 0.407 2.0 0.385 0.250 1.000
0.0 0.0 0.0 1.0 0.0 0.0 0.0 0.0 0.0 0.0 0.517 0.379 0.483 0.442 2.0 0.385 0.222 1.000
0.0 0.0 0.0 1.0 0.0 0.0 0.0 0.0 0.0 0.0 0.517 0.379 0.483 0.442 2.0 0.385 0.222 1.000
0.0 0.0 0.0 1.0 0.0 0.0 0.0 0.0 0.0 0.0 0.621 0.276 0.379 0.338 2.0 0.385 0.278 1.000
0.0 0.0 0.0 1.0 0.0 0.0 0.0 0.0 0.0 0.0 0.621 0.276 0.379 0.338 2.0 0.365 0.278 1.000
0.0 0.0 0.0 1.0 0.0 0.0 0.0 0.0 0.0 0.0 0.552 0.345 0.448 0.407 2.0 0.385 0.236 1.000
0.0 0.0 0.0 1.0 0.0 0.0 0.0 0.0 0.0 0.0 0.552 0.345 0.448 0.407 2.0 0.385 0.236 1.000
0.0 0.0 0.0 1.0 0.0 0.0 0.0 0.0 0.0 0.0 0.586 0.310 0.414 0.373 2.0 0.385 0.264 1.000
0.0 0.0 0.0 1.0 0.0 0.0 0.0 0.0 0.0 0.0 0.586 0.310 0.414 0.373 2.0 0.385 0.264 1.000
0.0 0.0 0.0 1.0 0.0 0.0 0.0 0.0 0.0 0.0 0.552 0.345 0.448 0.407 2.0 0.827 0.236 1.000
0.0 0.0 0.0 1.0 0.0 0.0 0.0 0.0 0.0 0.0 0.586 0.310 0.414 0.373 2.0 0.808 0.222 1.000
0.0 0.0 0.0 1.0 0.0 0.0 0.0 0.0 0.0 0.0 0.552 0.345 0.448 0.407 2.0 1.000 0.208 1.000
0.0 0.0 0.0 1.0 0.0 0.0 0.0 0.0 0.0 0.0 0.586 0.310 0.414 0.373 2.0 1.000 0.250 1.000
0.0 0.0 0.0 1.0 0.0 0.0 0.0 0.0 0.0 0.0 0.655 0.241 0.345 0.304 2.0 0.827 0.278 1.000
0.0 0.0 0.0 1.0 0.0 0.0 0.0 0.0 0.0 0.0 0.621 0.276 0.379 0.338 2.0 0.942 0.264 1.000
0.0 0.0 0.0 1.0 0.0 0.0 0.0 0.0 0.0 0.0 0.586 0.310 0.414 0.373 2.0 1.000 0.236 1.000
0.0 0.0 0.0 1.0 0.0 0.0 0.0 0.0 0.0 0.0 0.552 0.345 0.448 0.407 2.0 0.808 0.222 1.000
0.0 1.0 0.0 0.0 0.0 0.0 0.0 0.0 0.0 0.0 0.586 0.310 0.379 0.349 1.0 0.385 0.236 0.500
0.0 1.0 0.0 0.0 0.0 0.0 0.0 0.0 0.0 0.0 0.621 0.276 0.345 0.315 2.0 0.385 0.236 0.500
0.0 1.0 0.0 0.0 0.0 0.0 0.0 0.0 0.0 0.0 0.586 0.310 0.379 0.349 2.0 0.385 0.222 0.500
0.0 1.0 0.0 0.0 0.0 0.0 0.0 0.0 0.0 0.0 0.586 0.310 0.379 0.349 1.0 0.385 0.236 0.500
0.0 1.0 0.0 0.0 0.0 0.0 0.0 0.0 0.0 0.0 0.621 0.276 0.345 0.315 1.0 0.385 0.222 0.500
0.0 1.0 0.0 0.0 0.0 0.0 0.0 0.0 0.0 0.0 0.621 0.276 0.345 0.315 2.0 0.385 0.264 0.500
0.0 1.0 0.0 0.0 0.0 0.0 0.0 0.0 0.0 0.0 0.586 0.310 0.379 0.349 2.0 0.385 0.250 0.500
0.0 1.0 0.0 0.0 0.0 0.0 0.0 0.0 0.0 0.0 0.586 0.310 0.379 0.349 2.0 0.385 0.222 0.500
0.0 1.0 0.0 0.0 0.0 0.0 0.0 0.0 0.0 0.0 0.621 0.276 0.345 0.315 2.0 0.385 0.264 0.500
0.0 1.0 0.0 0.0 0.0 0.0 0.0 0.0 0.0 0.0 0.621 0.276 0.345 0.315 2.0 0.385 0.236 0.500
0.0 1.0 0.0 0.0 0.0 0.0 0.0 0.0 0.0 0.0 0.586 0.310 0.379 0.349 2.0 0.385 0.222 0.500
0.0 1.0 0.0 0.0 0.0 0.0 0.0 0.0 0.0 0.0 0.621 0.276 0.345 0.315 2.0 0.385 0.264 0.500
0.0 1.0 0.0 0.0 0.0 0.0 0.0 0.0 0.0 0.0 0.690 0.276 0.276 0.276 1.0 0.346 0.278 0.125
0.0 1.0 0.0 0.0 0.0 0.0 0.0 0.0 0.0 0.0 0.655 0.310 0.310 0.310 2.0 0.442 0.278 0.125
0.0 1.0 0.0 0.0 0.0 0.0 0.0 0.0 0.0 0.0 0.690 0.276 0.276 0.276 2.0 0.346 0.292 0.125
0.0 1.0 0.0 0.0 0.0 0.0 0.0 0.0 0.0 0.0 0.621 0.345 0.345 0.345 2.0 0.385 0.250 0.125
0.0 1.0 0.0 0.0 0.0 0.0 0.0 0.0 0.0 0.0 0.586 0.310 0.345 0.328 1.0 0.346 0.222 0.125
0.0 1.0 0.0 0.0 0.0 0.0 0.0 0.0 0.0 0.0 0.655 0.241 0.276 0.259 2.0 0.442 0.278 0.125
0.0 1.0 0.0 0.0 0.0 0.0 0.0 0.0 0.0 0.0 0.586 0.310 0.310 0.310 2.0 0.346 0.236 0.125
0.0 1.0 0.0 0.0 0.0 0.0 0.0 0.0 0.0 0.0 0.621 0.276 0.276 0.276 2.0 0.442 0.250 0.125
0.0 1.0 0.0 0.0 0.0 0.0 0.0 0.0 0.0 0.0 0.586 0.379 0.414 0.397 2.0 0.385 0.236 0.500
0.0 1.0 0.0 0.0 0.0 0.0 0.0 0.0 0.0 0.0 0.690 0.276 0.310 0.293 1.0 0.385 0.278 0.500
0.0 1.0 0.0 0.0 0.0 0.0 0.0 0.0 0.0 0.0 0.621 0.345 0.379 0.362 2.0 0.385 0.250 0.500
0.0 1.0 0.0 0.0 0.0 0.0 0.0 0.0 0.0 0.0 0.586 0.379 0.414 0.397 2.0 0.385 0.236 0.500
0.0 1.0 0.0 0.0 0.0 0.0 0.0 0.0 0.0 0.0 0.690 0.276 0.310 0.293 2.0 0.385 0.292 0.500
0.0 1.0 0.0 0.0 0.0 0.0 0.0 0.0 0.0 0.0 0.655 0.310 0.345 0.328 2.0 0.385 0.278 0.500
0.0 1.0 0.0 0.0 0.0 0.0 0.0 0.0 0.0 0.0 0.586 0.379 0.414 0.397 2.0 0.385 0.236 0.500
0.0 1.0 0.0 0.0 0.0 0.0 0.0 0.0 0.0 0.0 0.621 0.345 0.379 0.362 2.0 0.385 0.250 0.500
0.0 1.0 0.0 0.0 0.0 0.0 0.0 0.0 0.0 0.0 0.655 0.310 0.345 0.328 2.0 0.385 0.278 0.500
0.0 1.0 0.0 0.0 0.0 0.0 0.0 0.0 0.0 0.0 0.690 0.276 0.310 0.293 2.0 0.385 0.292 0.500
0.0 1.0 0.0 0.0 0.0 0.0 0.0 0.0 0.0 0.0 0.621 0.345 0.379 0.362 2.0 0.385 0.250 0.500
0.0 1.0 0.0 0.0 0.0 0.0 0.0 0.0 0.0 0.0 0.655 0.310 0.345 0.328 2.0 0.385 0.278 0.500
0.0 1.0 0.0 0.0 0.0 0.0 0.0 0.0 0.0 0.0 0.621 0.345 0.379 0.353 2.0 0.346 0.236 0.125
0.0 1.0 0.0 0.0 0.0 0.0 0.0 0.0 0.0 0.0 0.621 0.345 0.379 0.353 2.0 0.442 0.264 0.125
0.0 1.0 0.0 0.0 0.0 0.0 0.0 0.0 0.0 0.0 0.621 0.345 0.379 0.371 1.0 0.346 0.222 0.125
0.0 1.0 0.0 0.0 0.0 0.0 0.0 0.0 0.0 0.0 0.586 0.379 0.414 0.405 2.0 0.442 0.222 0.125
0.0 1.0 0.0 0.0 0.0 0.0 0.0 0.0 0.0 0.0 0.586 0.379 0.414 0.397 2.0 0.346 0.250 0.125
0.0 1.0 0.0 0.0 0.0 0.0 0.0 0.0 0.0 0.0 0.621 0.345 0.379 0.362 2.0 0.442 0.264 0.125
0.0 1.0 0.0 0.0 0.0 0.0 0.0 0.0 0.0 0.0 0.586 0.379 0.414 0.397 2.0 0.346 0.250 0.125
0.0 1.0 0.0 0.0 0.0 0.0 0.0 0.0 0.0 0.0 0.586 0.379 0.414 0.397 1.0 0.442 0.208 0.125
0.0 0.0 1.0 0.0 0.0 0.0 0.0 0.0 0.0 0.0 0.655 0.241 0.310 0.280 4.0 0.558 0.639 0.500
0.0 0.0 1.0 0.0 0.0 0.0 0.0 0.0 0.0 0.0 0.655 0.241 0.310 0.280 4.0 0.558 0.625 0.500
0.0 0.0 1.0 0.0 0.0 0.0 0.0 0.0 0.0 0.0 0.655 0.241 0.310 0.280 4.0 0.558 0.653 0.500
0.0 0.0 1.0 0.0 0.0 0.0 0.0 0.0 0.0 0.0 0.655 0.241 0.310 0.280 4.0 0.558 0.653 0.500
0.0 0.0 1.0 0.0 0.0 0.0 0.0 0.0 0.0 0.0 0.724 0.241 0.276 0.259 4.0 0.558 0.681 0.500
0.0 0.0 1.0 0.0 0.0 0.0 0.0 0.0 0.0 0.0 0.724 0.241 0.276 0.259 4.0 0.558 0.694 0.500
0.0 0.0 1.0 0.0 0.0 0.0 0.0 0.0 0.0 0.0 0.690 0.276 0.310 0.293 4.0 0.558 0.694 0.500
0.0 0.0 1.0 0.0 0.0 0.0 0.0 0.0 0.0 0.0 0.724 0.241 0.276 0.259 4.0 0.558 0.694 0.500
0.0 0.0 0.0 0.0 1.0 0.0 0.0 0.0 0.0 0.0 0.690 0.207 0.276 0.246 4.0 0.923 0.736 0.500
0.0 0.0 0.0 0.0 1.0 0.0 0.0 0.0 0.0 0.0 0.759 0.207 0.241 0.224 4.0 0.981 0.806 0.500
0.0 0.0 1.0 0.0 0.0 0.0 0.0 0.0 0.0 0.0 0.759 0.207 0.207 0.207 4.0 0.827 0.944 0.125
0.0 0.0 1.0 0.0 0.0 0.0 0.0 0.0 0.0 0.0 0.724 0.241 0.241 0.241 2.0 0.481 0.486 0.125
0.0 1.0 0.0 0.0 0.0 0.0 0.0 0.0 0.0 0.0 0.793 0.172 0.172 0.172 2.0 0.423 0.972 0.125
0.0 0.0 1.0 0.0 0.0 0.0 0.0 0.0 0.0 0.0 0.759 0.207 0.207 0.207 4.0 0.615 0.958 0.125
0.0 0.0 1.0 0.0 0.0 0.0 0.0 0.0 0.0 0.0 0.724 0.241 0.241 0.241 2.0 0.423 0.500 0.125
0.0 0.0 1.0 0.0 0.0 0.0 0.0 0.0 0.0 0.0 0.724 0.172 0.207 0.190 4.0 0.808 0.944 0.125
0.0 0.0 1.0 0.0 0.0 0.0 0.0 0.0 0.0 0.0 0.690 0.207 0.241 0.224 2.0 0.481 0.486 0.125
0.0 0.0 1.0 0.0 0.0 0.0 0.0 0.0 0.0 0.0 0.724 0.172 0.172 0.172 4.0 0.827 0.958 0.125
0.0 0.0 1.0 0.0 0.0 0.0 0.0 0.0 0.0 0.0 0.690 0.207 0.207 0.207 2.0 0.481 0.500 0.125
0.0 0.0 1.0 0.0 0.0 0.0 0.0 0.0 0.0 0.0 0.793 0.172 0.207 0.181 4.0 0.827 0.986 0.125
0.0 0.0 1.0 0.0 0.0 0.0 0.0 0.0 0.0 0.0 0.655 0.310 0.345 0.319 2.0 0.481 0.458 0.125
0.0 0.0 1.0 0.0 0.0 0.0 0.0 0.0 0.0 0.0 0.793 0.172 0.207 0.198 4.0 0.808 0.972 0.125
0.0 0.0 1.0 0.0 0.0 0.0 0.0 0.0 0.0 0.0 0.655 0.310 0.345 0.336 2.0 0.481 0.444 0.125
0.0 0.0 1.0 0.0 0.0 0.0 0.0 0.0 0.0 0.0 0.793 0.172 0.207 0.190 4.0 0.827 0.986 0.125
0.0 0.0 1.0 0.0 0.0 0.0 0.0 0.0 0.0 0.0 0.621 0.345 0.379 0.362 2.0 0.481 0.458 0.125
0.0 0.0 1.0 0.0 0.0 0.0 0.0 0.0 0.0 0.0 0.793 0.172 0.207 0.190 4.0 0.827 0.972 0.125
0.0 0.0 1.0 0.0 0.0 0.0 0.0 0.0 0.0 0.0 0.621 0.345 0.379 0.362 2.0 0.481 0.458 0.125
0.0 0.0 1.0 0.0 0.0 0.0 0.0 0.0 0.0 0.0 0.793 0.172 0.172 0.172 2.0 0.519 0.944 0.031
0.0 0.0 1.0 0.0 0.0 0.0 0.0 0.0 0.0 0.0 0.793 0.172 0.172 0.172 2.0 0.519 0.944 0.031
0.0 0.0 1.0 0.0 0.0 0.0 0.0 0.0 0.0 0.0 0.793 0.172 0.172 0.172 2.0 0.519 0.944 0.031
0.0 0.0 1.0 0.0 0.0 0.0 0.0 0.0 0.0 0.0 0.793 0.172 0.172 0.172 2.0 0.519 0.944 0.031
0.0 0.0 1.0 0.0 0.0 0.0 0.0 0.0 0.0 0.0 0.828 0.138 0.138 0.138 2.0 0.462 0.972 0.031
0.0 0.0 1.0 0.0 0.0 0.0 0.0 0.0 0.0 0.0 0.828 0.138 0.138 0.138 2.0 0.462 0.972 0.031
0.0 0.0 1.0 0.0 0.0 0.0 0.0 0.0 0.0 0.0 0.828 0.138 0.138 0.138 2.0 0.462 0.972 0.031
0.0 0.0 1.0 0.0 0.0 0.0 0.0 0.0 0.0 0.0 0.828 0.138 0.138 0.138 2.0 0.462 0.972 0.031
0.0 0.0 1.0 0.0 0.0 0.0 0.0 0.0 0.0 0.0 0.759 0.172 0.172 0.172 2.0 0.519 0.944 0.031
0.0 1.0 0.0 0.0 0.0 0.0 0.0 0.0 0.0 0.0 0.793 0.138 0.138 0.138 2.0 0.154 0.958 0.031
0.0 0.0 1.0 0.0 0.0 0.0 0.0 0.0 0.0 0.0 0.759 0.172 0.172 0.172 2.0 0.500 0.944 0.031
0.0 0.0 1.0 0.0 0.0 0.0 0.0 0.0 0.0 0.0 0.759 0.138 0.138 0.138 2.0 0.519 0.944 0.031
0.0 0.0 1.0 0.0 0.0 0.0 0.0 0.0 0.0 0.0 0.759 0.138 0.138 0.138 2.0 0.519 0.944 0.031
0.0 0.0 1.0 0.0 0.0 0.0 0.0 0.0 0.0 0.0 0.759 0.138 0.138 0.138 2.0 0.519 0.958 0.031
0.0 0.0 1.0 0.0 0.0 0.0 0.0 0.0 0.0 0.0 0.759 0.138 0.138 0.138 2.0 0.519 0.958 0.031
0.0 0.0 1.0 0.0 0.0 0.0 0.0 0.0 0.0 0.0 0.759 0.138 0.138 0.138 2.0 0.519 0.958 0.031
0.0 0.0 1.0 0.0 0.0 0.0 0.0 0.0 0.0 0.0 0.759 0.138 0.138 0.138 2.0 0.519 0.958 0.031
0.0 0.0 1.0 0.0 0.0 0.0 0.0 0.0 0.0 0.0 0.828 0.172 0.172 0.172 2.0 0.519 0.986 0.031
0.0 0.0 1.0 0.0 0.0 0.0 0.0 0.0 0.0 0.0 0.828 0.138 0.138 0.138 2.0 0.519 0.986 0.031
0.0 0.0 1.0 0.0 0.0 0.0 0.0 0.0 0.0 0.0 0.828 0.138 0.138 0.138 2.0 0.519 0.986 0.031
0.0 0.0 1.0 0.0 0.0 0.0 0.0 0.0 0.0 0.0 0.828 0.138 0.138 0.138 2.0 0.519 0.986 0.031
0.0 1.0 0.0 0.0 0.0 0.0 0.0 0.0 0.0 0.0 0.862 0.138 0.138 0.138 2.0 0.154 0.986 0.031
0.0 0.0 1.0 0.0 0.0 0.0 0.0 0.0 0.0 0.0 0.828 0.172 0.172 0.172 2.0 0.500 0.972 0.031
0.0 0.0 1.0 0.0 0.0 0.0 0.0 0.0 0.0 0.0 0.828 0.172 0.172 0.172 2.0 0.519 0.972 0.031
0.0 0.0 1.0 0.0 0.0 0.0 0.0 0.0 0.0 0.0 0.828 0.138 0.138 0.138 2.0 0.519 0.972 0.031
0.0 0.0 1.0 0.0 0.0 0.0 0.0 0.0 0.0 0.0 0.828 0.172 0.172 0.172 2.0 0.519 0.972 0.031
0.0 0.0 1.0 0.0 0.0 0.0 0.0 0.0 0.0 0.0 0.828 0.138 0.138 0.138 2.0 0.519 0.986 0.031
0.0 0.0 1.0 0.0 0.0 0.0 0.0 0.0 0.0 0.0 0.828 0.138 0.138 0.138 2.0 0.519 0.986 0.031
0.0 0.0 1.0 0.0 0.0 0.0 0.0 0.0 0.0 0.0 0.828 0.172 0.172 0.172 2.0 0.519 0.986 0.031
0.0 0.0 1.0 0.0 0.0 0.0 0.0 0.0 0.0 0.0 0.828 0.172 0.172 0.172 2.0 0.519 0.986 0.031
0.0 0.0 1.0 0.0 0.0 0.0 0.0 0.0 0.0 0.0 0.828 0.138 0.138 0.138 2.0 0.519 0.972 0.031
0.0 0.0 1.0 0.0 0.0 0.0 0.0 0.0 0.0 0.0 0.828 0.138 0.138 0.138 2.0 0.519 0.972 0.031
0.0 0.0 1.0 0.0 0.0 0.0 0.0 0.0 0.0 0.0 0.828 0.172 0.172 0.172 2.0 0.519 0.972 0.031
0.0 0.0 1.0 0.0 0.0 0.0 0.0 0.0 0.0 0.0 0.828 0.172 0.172 0.172 2.0 0.519 0.972 0.031
0.0 1.0 0.0 0.0 0.0 0.0 0.0 0.0 0.0 0.0 0.862 0.103 0.103 0.103 2.0 0.115 0.958 0.031
0.0 0.0 0.0 1.0 0.0 0.0 0.0 0.0 1.0 0.0 0.828 0.138 0.138 0.138 2.0 0.135 0.944 0.031
0.0 0.0 0.0 1.0 0.0 0.0 0.0 0.0 1.0 0.0 0.828 0.138 0.138 0.138 2.0 0.154 0.944 0.031
0.0 0.0 0.0 1.0 0.0 0.0 0.0 0.0 1.0 0.0 0.828 0.138 0.138 0.138 2.0 0.135 0.944 0.031
0.0 0.0 0.0 1.0 0.0 0.0 0.0 0.0 1.0 0.0 0.828 0.138 0.138 0.138 2.0 0.154 0.944 0.031
0.0 0.0 0.0 1.0 0.0 0.0 0.0 0.0 1.0 0.0 0.862 0.103 0.103 0.103 2.0 0.135 0.972 0.031
0.0 0.0 0.0 1.0 0.0 0.0 0.0 0.0 1.0 0.0 0.862 0.103 0.103 0.103 2.0 0.135 0.972 0.031
0.0 0.0 0.0 1.0 0.0 0.0 0.0 0.0 1.0 0.0 0.862 0.103 0.103 0.103 2.0 0.135 0.972 0.031
0.0 0.0 0.0 1.0 0.0 0.0 0.0 0.0 1.0 0.0 0.862 0.103 0.103 0.103 2.0 0.135 0.972 0.031
0.0 1.0 0.0 0.0 0.0 0.0 0.0 0.0 0.0 0.0 0.828 0.103 0.103 0.103 2.0 0.115 0.958 0.031
0.0 0.0 0.0 1.0 0.0 0.0 0.0 0.0 1.0 0.0 0.793 0.138 0.138 0.138 2.0 0.135 0.944 0.031
0.0 0.0 0.0 1.0 0.0 0.0 0.0 0.0 1.0 0.0 0.828 0.103 0.103 0.103 2.0 0.115 0.958 0.031
0.0 0.0 0.0 1.0 0.0 0.0 0.0 0.0 1.0 0.0 0.793 0.103 0.103 0.103 2.0 0.135 0.944 0.031
0.0 0.0 0.0 1.0 0.0 0.0 0.0 0.0 1.0 0.0 0.793 0.103 0.103 0.103 2.0 0.135 0.944 0.031
0.0 0.0 0.0 1.0 0.0 0.0 0.0 0.0 1.0 0.0 0.793 0.103 0.103 0.103 2.0 0.135 0.958 0.031
0.0 0.0 0.0 1.0 0.0 0.0 0.0 0.0 1.0 0.0 0.793 0.103 0.103 0.103 2.0 0.135 0.958 0.031
0.0 0.0 0.0 1.0 0.0 0.0 0.0 0.0 1.0 0.0 0.793 0.103 0.103 0.103 2.0 0.135 0.958 0.031
0.0 0.0 0.0 1.0 0.0 0.0 0.0 0.0 1.0 0.0 0.793 0.103 0.103 0.103 2.0 0.135 0.958 0.031
0.0 1.0 0.0 0.0 0.0 0.0 0.0 0.0 0.0 0.0 0.897 0.103 0.103 0.103 2.0 0.115 1.000 0.031
0.0 0.0 0.0 1.0 0.0 0.0 0.0 0.0 1.0 0.0 0.862 0.138 0.138 0.138 2.0 0.135 0.986 0.031
0.0 0.0 0.0 1.0 0.0 0.0 0.0 0.0 1.0 0.0 0.862 0.103 0.103 0.103 2.0 0.135 0.986 0.031
0.0 0.0 0.0 1.0 0.0 0.0 0.0 0.0 1.0 0.0 0.862 0.103 0.103 0.103 2.0 0.135 0.986 0.031
0.0 0.0 0.0 1.0 0.0 0.0 0.0 0.0 1.0 0.0 0.862 0.103 0.103 0.103 2.0 0.135 0.986 0.031
0.0 0.0 0.0 1.0 0.0 0.0 0.0 0.0 1.0 0.0 0.897 0.103 0.103 0.103 2.0 0.115 0.986 0.031
0.0 0.0 0.0 1.0 0.0 0.0 0.0 0.0 1.0 0.0 0.862 0.138 0.138 0.138 2.0 0.154 0.972 0.031
0.0 0.0 0.0 1.0 0.0 0.0 0.0 0.0 1.0 0.0 0.862 0.103 0.103 0.103 2.0 0.135 0.972 0.031
0.0 0.0 0.0 1.0 0.0 0.0 0.0 0.0 1.0 0.0 0.862 0.138 0.138 0.138 2.0 0.154 0.972 0.031
0.0 0.0 0.0 1.0 0.0 0.0 0.0 0.0 1.0 0.0 0.862 0.103 0.103 0.103 2.0 0.135 0.986 0.031
0.0 0.0 0.0 1.0 0.0 0.0 0.0 0.0 1.0 0.0 0.862 0.103 0.103 0.103 2.0 0.135 0.986 0.031
0.0 0.0 0.0 1.0 0.0 0.0 0.0 0.0 1.0 0.0 0.862 0.138 0.138 0.138 2.0 0.154 0.986 0.031
0.0 0.0 0.0 1.0 0.0 0.0 0.0 0.0 1.0 0.0 0.862 0.138 0.138 0.138 2.0 0.154 0.986 0.031
0.0 0.0 0.0 1.0 0.0 0.0 0.0 0.0 1.0 0.0 0.862 0.103 0.103 0.103 2.0 0.135 0.972 0.031
0.0 0.0 0.0 1.0 0.0 0.0 0.0 0.0 1.0 0.0 0.862 0.103 0.103 0.103 2.0 0.135 0.972 0.031
0.0 1.0 0.0 0.0 0.0 0.0 0.0 0.0 0.0 0.0 0.897 0.103 0.103 0.103 2.0 0.115 0.986 0.031
0.0 0.0 0.0 1.0 0.0 0.0 0.0 0.0 1.0 0.0 0.862 0.138 0.138 0.138 2.0 0.135 0.972 0.031
0.0 1.0 0.0 0.0 0.0 0.0 0.0 0.0 0.0 0.0 0.897 0.103 0.103 0.103 2.0 0.115 0.986 0.031
0.0 0.0 0.0 1.0 0.0 0.0 0.0 0.0 1.0 0.0 0.862 0.138 0.138 0.138 2.0 0.135 0.972 0.031
0.0 0.0 0.0 1.0 0.0 0.0 0.0 0.0 1.0 0.0 0.897 0.069 0.069 0.069 2.0 0.115 0.958 0.031
0.0 0.0 0.0 1.0 0.0 0.0 0.0 0.0 0.0 0.0 0.897 0.069 0.069 0.069 2.0 0.173 0.958 0.031
0.0 1.0 0.0 0.0 0.0 0.0 0.0 0.0 0.0 0.0 0.897 0.069 0.069 0.069 2.0 0.115 0.958 0.031
0.0 0.0 0.0 1.0 0.0 0.0 0.0 0.0 1.0 0.0 0.862 0.103 0.103 0.103 2.0 0.115 0.944 0.031
0.0 0.0 0.0 1.0 0.0 0.0 0.0 0.0 0.0 0.0 0.862 0.103 0.103 0.103 2.0 0.173 0.944 0.031
0.0 0.0 0.0 1.0 0.0 0.0 0.0 0.0 1.0 0.0 0.862 0.103 0.103 0.103 2.0 0.115 0.944 0.031
0.0 0.0 0.0 1.0 0.0 0.0 0.0 0.0 0.0 0.0 0.862 0.103 0.103 0.103 2.0 0.154 0.944 0.031
0.0 0.0 0.0 1.0 0.0 0.0 0.0 0.0 1.0 0.0 0.862 0.103 0.103 0.103 2.0 0.135 0.944 0.031
0.0 1.0 0.0 0.0 0.0 0.0 0.0 0.0 0.0 0.0 0.897 0.069 0.069 0.069 2.0 0.135 0.958 0.031
0.0 0.0 0.0 1.0 0.0 0.0 0.0 0.0 0.0 0.0 0.862 0.103 0.103 0.103 2.0 0.154 0.944 0.031
0.0 0.0 0.0 1.0 0.0 0.0 0.0 0.0 1.0 0.0 0.897 0.069 0.069 0.069 2.0 0.115 0.972 0.031
0.0 0.0 0.0 1.0 0.0 0.0 0.0 0.0 0.0 0.0 0.897 0.069 0.069 0.069 2.0 0.154 0.972 0.031
0.0 0.0 0.0 1.0 0.0 0.0 0.0 0.0 1.0 0.0 0.897 0.069 0.069 0.069 2.0 0.115 0.972 0.031
0.0 0.0 0.0 1.0 0.0 0.0 0.0 0.0 0.0 0.0 0.897 0.069 0.069 0.069 2.0 0.154 0.972 0.031
0.0 0.0 0.0 1.0 0.0 0.0 0.0 0.0 1.0 0.0 0.897 0.069 0.069 0.069 2.0 0.115 0.972 0.031
0.0 0.0 0.0 1.0 0.0 0.0 0.0 0.0 0.0 0.0 0.897 0.069 0.069 0.069 2.0 0.154 0.972 0.031
0.0 0.0 0.0 1.0 0.0 0.0 0.0 0.0 1.0 0.0 0.897 0.069 0.069 0.069 2.0 0.115 0.972 0.031
0.0 0.0 0.0 1.0 0.0 0.0 0.0 0.0 0.0 0.0 0.897 0.069 0.069 0.069 2.0 0.154 0.972 0.031
0.0 0.0 0.0 1.0 0.0 0.0 0.0 0.0 1.0 0.0 0.862 0.069 0.069 0.069 2.0 0.115 0.958 0.031
0.0 0.0 0.0 1.0 0.0 0.0 0.0 0.0 0.0 0.0 0.862 0.069 0.069 0.069 2.0 0.173 0.958 0.031
0.0 0.0 0.0 1.0 0.0 0.0 0.0 0.0 1.0 0.0 0.862 0.069 0.069 0.069 2.0 0.115 0.958 0.031
0.0 0.0 0.0 1.0 0.0 0.0 0.0 0.0 0.0 0.0 0.862 0.069 0.069 0.069 2.0 0.135 0.958 0.031
0.0 0.0 0.0 1.0 0.0 0.0 0.0 0.0 1.0 0.0 0.828 0.069 0.069 0.069 2.0 0.115 0.944 0.031
0.0 0.0 0.0 1.0 0.0 0.0 0.0 0.0 0.0 0.0 0.828 0.069 0.069 0.069 2.0 0.154 0.944 0.031
0.0 0.0 0.0 1.0 0.0 0.0 0.0 0.0 1.0 0.0 0.828 0.069 0.069 0.069 2.0 0.115 0.944 0.031
0.0 0.0 0.0 1.0 0.0 0.0 0.0 0.0 0.0 0.0 0.828 0.069 0.069 0.069 2.0 0.154 0.944 0.031
0.0 0.0 0.0 1.0 0.0 0.0 0.0 0.0 1.0 0.0 0.828 0.069 0.069 0.069 2.0 0.115 0.958 0.031
0.0 0.0 0.0 1.0 0.0 0.0 0.0 0.0 0.0 0.0 0.828 0.069 0.069 0.069 2.0 0.154 0.958 0.031
0.0 0.0 0.0 1.0 0.0 0.0 0.0 0.0 1.0 0.0 0.828 0.069 0.069 0.069 2.0 0.115 0.958 0.031
0.0 0.0 0.0 1.0 0.0 0.0 0.0 0.0 0.0 0.0 0.828 0.069 0.069 0.069 2.0 0.154 0.958 0.031
0.0 0.0 0.0 1.0 0.0 0.0 0.0 0.0 1.0 0.0 0.828 0.069 0.069 0.069 2.0 0.115 0.958 0.031
0.0 0.0 0.0 1.0 0.0 0.0 0.0 0.0 0.0 0.0 0.828 0.069 0.069 0.069 2.0 0.154 0.958 0.031
0.0 0.0 0.0 1.0 0.0 0.0 0.0 0.0 1.0 0.0 0.828 0.069 0.069 0.069 2.0 0.115 0.958 0.031
0.0 0.0 0.0 1.0 0.0 0.0 0.0 0.0 0.0 0.0 0.828 0.069 0.069 0.069 2.0 0.154 0.958 0.031
0.0 0.0 0.0 1.0 0.0 0.0 0.0 0.0 1.0 0.0 0.931 0.069 0.069 0.069 2.0 0.115 1.000 0.031
0.0 0.0 0.0 1.0 0.0 0.0 0.0 0.0 0.0 0.0 0.931 0.069 0.069 0.069 2.0 0.173 1.000 0.031
0.0 0.0 0.0 1.0 0.0 0.0 0.0 0.0 1.0 0.0 0.897 0.069 0.069 0.069 2.0 0.115 0.986 0.031
0.0 0.0 0.0 1.0 0.0 0.0 0.0 0.0 0.0 0.0 0.897 0.069 0.069 0.069 2.0 0.154 0.986 0.031
0.0 0.0 0.0 1.0 0.0 0.0 0.0 0.0 1.0 0.0 0.897 0.069 0.069 0.069 2.0 0.115 0.986 0.031
0.0 0.0 0.0 1.0 0.0 0.0 0.0 0.0 0.0 0.0 0.897 0.069 0.069 0.069 2.0 0.154 0.986 0.031
0.0 0.0 0.0 1.0 0.0 0.0 0.0 0.0 1.0 0.0 0.897 0.069 0.069 0.069 2.0 0.115 0.986 0.031
0.0 0.0 0.0 1.0 0.0 0.0 0.0 0.0 0.0 0.0 0.897 0.069 0.069 0.069 2.0 0.154 0.986 0.031
0.0 0.0 0.0 1.0 0.0 0.0 0.0 0.0 1.0 0.0 0.931 0.069 0.069 0.069 2.0 0.115 0.986 0.031
0.0 0.0 0.0 1.0 0.0 0.0 0.0 0.0 0.0 0.0 0.931 0.069 0.069 0.069 2.0 0.135 0.986 0.031
0.0 1.0 0.0 0.0 0.0 0.0 0.0 0.0 0.0 0.0 0.931 0.069 0.069 0.069 2.0 0.115 0.986 0.031
0.0 0.0 0.0 1.0 0.0 0.0 0.0 0.0 1.0 0.0 0.897 0.103 0.103 0.103 2.0 0.115 0.972 0.031
0.0 0.0 0.0 1.0 0.0 0.0 0.0 0.0 0.0 0.0 0.897 0.103 0.103 0.103 2.0 0.173 0.972 0.031
0.0 0.0 0.0 1.0 0.0 0.0 0.0 0.0 1.0 0.0 0.897 0.069 0.069 0.069 2.0 0.115 0.972 0.031
0.0 0.0 0.0 1.0 0.0 0.0 0.0 0.0 0.0 0.0 0.897 0.069 0.069 0.069 2.0 0.154 0.972 0.031
0.0 0.0 0.0 1.0 0.0 0.0 0.0 0.0 1.0 0.0 0.897 0.103 0.103 0.103 2.0 0.135 0.972 0.031
0.0 1.0 0.0 0.0 0.0 0.0 0.0 0.0 0.0 0.0 0.931 0.069 0.069 0.069 2.0 0.135 0.986 0.031
0.0 0.0 0.0 1.0 0.0 0.0 0.0 0.0 0.0 0.0 0.897 0.103 0.103 0.103 2.0 0.154 0.972 0.031
0.0 0.0 0.0 1.0 0.0 0.0 0.0 0.0 1.0 0.0 0.897 0.069 0.069 0.069 2.0 0.115 0.986 0.031
0.0 0.0 0.0 1.0 0.0 0.0 0.0 0.0 0.0 0.0 0.897 0.069 0.069 0.069 2.0 0.154 0.986 0.031
0.0 0.0 0.0 1.0 0.0 0.0 0.0 0.0 1.0 0.0 0.897 0.069 0.069 0.069 2.0 0.115 0.986 0.031
0.0 0.0 0.0 1.0 0.0 0.0 0.0 0.0 0.0 0.0 0.897 0.069 0.069 0.069 2.0 0.154 0.986 0.031
0.0 1.0 0.0 0.0 0.0 0.0 0.0 0.0 0.0 0.0 0.931 0.069 0.069 0.069 2.0 0.115 1.000 0.031
0.0 0.0 0.0 1.0 0.0 0.0 0.0 0.0 1.0 0.0 0.897 0.103 0.103 0.103 2.0 0.115 0.986 0.031
0.0 0.0 0.0 1.0 0.0 0.0 0.0 0.0 0.0 0.0 0.897 0.103 0.103 0.103 2.0 0.173 0.986 0.031
0.0 1.0 0.0 0.0 0.0 0.0 0.0 0.0 0.0 0.0 0.931 0.069 0.069 0.069 2.0 0.115 1.000 0.031
0.0 0.0 0.0 1.0 0.0 0.0 0.0 0.0 1.0 0.0 0.897 0.103 0.103 0.103 2.0 0.115 0.986 0.031
0.0 0.0 0.0 1.0 0.0 0.0 0.0 0.0 0.0 0.0 0.897 0.103 0.103 0.103 2.0 0.173 0.986 0.031
0.0 0.0 0.0 1.0 0.0 0.0 0.0 0.0 1.0 0.0 0.897 0.069 0.069 0.069 2.0 0.115 0.972 0.031
0.0 0.0 0.0 1.0 0.0 0.0 0.0 0.0 0.0 0.0 0.897 0.069 0.069 0.069 2.0 0.154 0.972 0.031
0.0 0.0 0.0 1.0 0.0 0.0 0.0 0.0 1.0 0.0 0.897 0.069 0.069 0.069 2.0 0.115 0.972 0.031
0.0 0.0 0.0 1.0 0.0 0.0 0.0 0.0 0.0 0.0 0.897 0.069 0.069 0.069 2.0 0.154 0.972 0.031
0.0 0.0 0.0 1.0 0.0 0.0 0.0 0.0 1.0 0.0 0.931 0.069 0.069 0.069 2.0 0.115 0.986 0.031
0.0 0.0 0.0 1.0 0.0 0.0 0.0 0.0 0.0 0.0 0.931 0.069 0.069 0.069 2.0 0.173 0.986 0.031
0.0 0.0 0.0 1.0 0.0 0.0 0.0 0.0 1.0 0.0 0.931 0.069 0.069 0.069 2.0 0.115 0.986 0.031
0.0 0.0 0.0 1.0 0.0 0.0 0.0 0.0 0.0 0.0 0.931 0.069 0.069 0.069 2.0 0.173 0.986 0.031
0.0 0.0 0.0 1.0 0.0 0.0 0.0 0.0 0.0 0.0 0.931 0.034 0.034 0.034 2.0 0.115 0.958 0.031
0.0 0.0 0.0 1.0 0.0 0.0 0.0 0.0 0.0 0.0 0.931 0.034 0.034 0.034 2.0 0.135 0.958 0.031
0.0 1.0 0.0 0.0 0.0 0.0 0.0 0.0 0.0 0.0 0.931 0.034 0.034 0.034 2.0 0.096 0.958 0.031
0.0 0.0 0.0 1.0 0.0 0.0 0.0 0.0 0.0 0.0 0.897 0.069 0.069 0.069 2.0 0.135 0.944 0.031
0.0 0.0 0.0 1.0 0.0 0.0 0.0 0.0 0.0 0.0 0.931 0.034 0.034 0.034 2.0 0.115 0.958 0.031
0.0 0.0 0.0 1.0 0.0 0.0 0.0 0.0 0.0 0.0 0.931 0.034 0.034 0.034 2.0 0.115 0.972 0.031
0.0 0.0 0.0 1.0 0.0 0.0 0.0 0.0 0.0 0.0 0.931 0.034 0.034 0.034 2.0 0.115 0.972 0.031
0.0 0.0 0.0 1.0 0.0 0.0 0.0 0.0 0.0 0.0 0.931 0.034 0.034 0.034 2.0 0.115 0.972 0.031
0.0 0.0 0.0 1.0 0.0 0.0 0.0 0.0 0.0 0.0 0.931 0.034 0.034 0.034 2.0 0.115 0.972 0.031
0.0 0.0 0.0 1.0 0.0 0.0 0.0 0.0 0.0 0.0 0.897 0.034 0.034 0.034 2.0 0.115 0.958 0.031
0.0 0.0 0.0 1.0 0.0 0.0 0.0 0.0 0.0 0.0 0.897 0.034 0.034 0.034 2.0 0.115 0.958 0.031
0.0 0.0 0.0 1.0 0.0 0.0 0.0 0.0 0.0 0.0 0.862 0.034 0.034 0.034 2.0 0.115 0.944 0.031
0.0 0.0 0.0 1.0 0.0 0.0 0.0 0.0 0.0 0.0 0.862 0.034 0.034 0.034 2.0 0.115 0.944 0.031
0.0 0.0 0.0 1.0 0.0 0.0 0.0 0.0 0.0 0.0 0.862 0.034 0.034 0.034 2.0 0.115 0.958 0.031
0.0 0.0 0.0 1.0 0.0 0.0 0.0 0.0 0.0 0.0 0.862 0.034 0.034 0.034 2.0 0.115 0.958 0.031
0.0 0.0 0.0 1.0 0.0 0.0 0.0 0.0 0.0 0.0 0.862 0.034 0.034 0.034 2.0 0.115 0.958 0.031
0.0 0.0 0.0 1.0 0.0 0.0 0.0 0.0 0.0 0.0 0.862 0.034 0.034 0.034 2.0 0.115 0.958 0.031
0.0 0.0 0.0 1.0 0.0 0.0 0.0 0.0 0.0 0.0 0.966 0.034 0.034 0.034 2.0 0.115 1.000 0.031
0.0 0.0 0.0 1.0 0.0 0.0 0.0 0.0 0.0 0.0 0.931 0.034 0.034 0.034 2.0 0.115 0.986 0.031
0.0 0.0 0.0 1.0 0.0 0.0 0.0 0.0 0.0 0.0 0.931 0.034 0.034 0.034 2.0 0.115 0.986 0.031
0.0 0.0 0.0 1.0 0.0 0.0 0.0 0.0 0.0 0.0 0.931 0.034 0.034 0.034 2.0 0.115 0.986 0.031
0.0 0.0 0.0 1.0 0.0 0.0 0.0 0.0 0.0 0.0 0.966 0.034 0.034 0.034 2.0 0.115 0.986 0.031
0.0 0.0 0.0 1.0 0.0 0.0 0.0 0.0 0.0 0.0 0.966 0.034 0.034 0.034 2.0 0.135 0.986 0.031
0.0 0.0 0.0 1.0 0.0 0.0 0.0 0.0 0.0 0.0 0.931 0.034 0.034 0.034 2.0 0.115 0.972 0.031
0.0 0.0 0.0 1.0 0.0 0.0 0.0 0.0 0.0 0.0 0.966 0.034 0.034 0.034 2.0 0.115 0.986 0.031
0.0 0.0 0.0 1.0 0.0 0.0 0.0 0.0 0.0 0.0 0.931 0.034 0.034 0.034 2.0 0.115 0.986 0.031
0.0 0.0 0.0 1.0 0.0 0.0 0.0 0.0 0.0 0.0 0.931 0.034 0.034 0.034 2.0 0.115 0.986 0.031
0.0 0.0 0.0 1.0 0.0 0.0 0.0 0.0 0.0 0.0 0.966 0.034 0.034 0.034 2.0 0.135 1.000 0.031
0.0 0.0 0.0 1.0 0.0 0.0 0.0 0.0 0.0 0.0 0.966 0.034 0.034 0.034 2.0 0.135 1.000 0.031
0.0 0.0 0.0 1.0 0.0 0.0 0.0 0.0 0.0 0.0 0.931 0.034 0.034 0.034 2.0 0.115 0.972 0.031
0.0 0.0 0.0 1.0 0.0 0.0 0.0 0.0 0.0 0.0 0.931 0.034 0.034 0.034 2.0 0.115 0.972 0.031
0.0 0.0 0.0 1.0 0.0 0.0 0.0 0.0 0.0 0.0 0.966 0.034 0.034 0.034 2.0 0.115 0.986 0.031
0.0 0.0 0.0 1.0 0.0 0.0 0.0 0.0 0.0 0.0 0.966 0.034 0.034 0.034 2.0 0.115 0.986 0.031
1.0 0.0 0.0 0.0 0.0 0.0 0.0 0.0 0.0 1.0 0.966 0.000 0.000 0.000 1.0 0.077 0.958 0.031
1.0 0.0 0.0 0.0 0.0 0.0 0.0 0.0 0.0 1.0 0.966 0.000 0.000 0.000 1.0 0.077 0.958 0.031
1.0 0.0 0.0 0.0 0.0 0.0 0.0 0.0 0.0 1.0 0.966 0.000 0.000 0.000 1.0 0.058 0.958 0.031
1.0 0.0 0.0 0.0 0.0 0.0 0.0 0.0 0.0 1.0 0.966 0.000 0.000 0.000 1.0 0.077 0.958 0.031
1.0 0.0 0.0 0.0 0.0 0.0 0.0 0.0 0.0 1.0 0.966 0.000 0.000 0.000 1.0 0.077 0.972 0.031
1.0 0.0 0.0 0.0 0.0 0.0 0.0 0.0 0.0 1.0 0.966 0.000 0.000 0.000 1.0 0.077 0.972 0.031
1.0 0.0 0.0 0.0 0.0 0.0 0.0 0.0 0.0 1.0 0.966 0.000 0.000 0.000 1.0 0.077 0.972 0.031
1.0 0.0 0.0 0.0 0.0 0.0 0.0 0.0 0.0 1.0 0.966 0.000 0.000 0.000 1.0 0.077 0.972 0.031
1.0 0.0 0.0 0.0 0.0 0.0 0.0 0.0 0.0 1.0 0.931 0.000 0.000 0.000 1.0 0.077 0.958 0.031
1.0 0.0 0.0 0.0 0.0 0.0 0.0 0.0 0.0 1.0 0.931 0.000 0.000 0.000 1.0 0.077 0.958 0.031
1.0 0.0 0.0 0.0 0.0 0.0 0.0 0.0 0.0 1.0 0.897 0.000 0.000 0.000 1.0 0.077 0.944 0.031
1.0 0.0 0.0 0.0 0.0 0.0 0.0 0.0 0.0 1.0 0.897 0.000 0.000 0.000 1.0 0.077 0.944 0.031
1.0 0.0 0.0 0.0 0.0 0.0 0.0 0.0 0.0 1.0 0.897 0.000 0.000 0.000 1.0 0.077 0.958 0.031
1.0 0.0 0.0 0.0 0.0 0.0 0.0 0.0 0.0 1.0 0.897 0.000 0.000 0.000 1.0 0.077 0.958 0.031
1.0 0.0 0.0 0.0 0.0 0.0 0.0 0.0 0.0 1.0 0.897 0.000 0.000 0.000 1.0 0.077 0.958 0.031
1.0 0.0 0.0 0.0 0.0 0.0 0.0 0.0 0.0 1.0 0.897 0.000 0.000 0.000 1.0 0.077 0.958 0.031
1.0 0.0 0.0 0.0 0.0 0.0 0.0 0.0 0.0 1.0 1.000 0.000 0.000 0.000 1.0 0.077 1.000 0.031
1.0 0.0 0.0 0.0 0.0 0.0 0.0 0.0 0.0 1.0 0.966 0.000 0.000 0.000 1.0 0.077 0.986 0.031
1.0 0.0 0.0 0.0 0.0 0.0 0.0 0.0 0.0 1.0 0.966 0.000 0.000 0.000 1.0 0.077 0.986 0.031
1.0 0.0 0.0 0.0 0.0 0.0 0.0 0.0 0.0 1.0 0.966 0.000 0.000 0.000 1.0 0.077 0.986 0.031
1.0 0.0 0.0 0.0 0.0 0.0 0.0 0.0 0.0 1.0 1.000 0.000 0.000 0.000 1.0 0.077 0.986 0.031
1.0 0.0 0.0 0.0 0.0 0.0 0.0 0.0 0.0 1.0 1.000 0.000 0.000 0.000 1.0 0.077 0.986 0.031
1.0 0.0 0.0 0.0 0.0 0.0 0.0 0.0 0.0 1.0 0.966 0.000 0.000 0.000 1.0 0.077 0.972 0.031
1.0 0.0 0.0 0.0 0.0 0.0 0.0 0.0 0.0 1.0 1.000 0.000 0.000 0.000 1.0 0.077 0.986 0.031
1.0 0.0 0.0 0.0 0.0 0.0 0.0 0.0 0.0 1.0 0.966 0.000 0.000 0.000 1.0 0.077 0.986 0.031
1.0 0.0 0.0 0.0 0.0 0.0 0.0 0.0 0.0 1.0 0.966 0.000 0.000 0.000 1.0 0.077 0.986 0.031
1.0 0.0 0.0 0.0 0.0 0.0 0.0 0.0 0.0 1.0 1.000 0.000 0.000 0.000 1.0 0.077 1.000 0.031
1.0 0.0 0.0 0.0 0.0 0.0 0.0 0.0 0.0 1.0 1.000 0.000 0.000 0.000 1.0 0.077 1.000 0.031
1.0 0.0 0.0 0.0 0.0 0.0 0.0 0.0 0.0 1.0 0.966 0.000 0.000 0.000 1.0 0.077 0.972 0.031
1.0 0.0 0.0 0.0 0.0 0.0 0.0 0.0 0.0 1.0 0.966 0.000 0.000 0.000 1.0 0.077 0.972 0.031
1.0 0.0 0.0 0.0 0.0 0.0 0.0 0.0 0.0 1.0 1.000 0.000 0.000 0.000 1.0 0.077 0.986 0.031
1.0 0.0 0.0 0.0 0.0 0.0 0.0 0.0 0.0 1.0 1.000 0.000 0.000 0.000 1.0 0.077 0.986 0.031
