0.0 0.0 0.0 0.0 0.0 0.0 0.0 1.0 0.0 0.0 0.542 0.250 0.333 0.317 2.0 0.808 0.231 1.000
0.0 0.0 0.0 1.0 0.0 0.0 0.0 0.0 0.0 0.0 0.917 0.000 0.000 0.000 2.0 0.096 0.936 0.000
1.0 0.0 0.0 0.0 0.0 0.0 0.0 0.0 1.0 0.0 0.042 0.000 0.000 0.000 2.0 0.058 0.026 0.000
0.0 0.0 0.0 0.0 0.0 0.0 1.0 0.0 0.0 0.0 0.875 0.000 0.000 0.000 2.0 0.135 0.936 0.000
0.0 0.0 0.0 0.0 0.0 1.0 0.0 0.0 0.0 0.0 0.833 0.000 0.000 0.000 2.0 0.385 0.923 0.000
0.0 1.0 0.0 0.0 0.0 0.0 0.0 0.0 1.0 0.0 0.042 0.000 0.000 0.000 2.0 0.077 0.026 0.000
0.0 0.0 0.0 0.0 0.0 0.0 1.0 0.0 1.0 0.0 0.875 0.000 0.000 0.000 2.0 0.077 0.923 0.000
0.0 0.0 0.0 0.0 0.0 1.0 0.0 0.0 0.0 0.0 0.833 0.000 0.000 0.000 2.0 0.404 0.923 0.000
0.0 0.0 0.0 0.0 0.0 0.0 1.0 0.0 1.0 0.0 0.875 0.000 0.000 0.000 2.0 0.077 0.923 0.000
0.0 0.0 0.0 0.0 0.0 1.0 0.0 0.0 0.0 0.0 0.833 0.000 0.000 0.000 2.0 0.462 0.923 0.000
0.0 0.0 0.0 0.0 0.0 0.0 1.0 0.0 1.0 1.0 0.875 0.000 0.000 0.000 2.0 0.077 0.923 0.200
0.0 0.0 0.0 0.0 0.0 1.0 0.0 0.0 0.0 0.0 0.833 0.042 0.042 0.042 2.0 0.423 0.923 0.200
0.0 0.0 0.0 1.0 0.0 0.0 0.0 0.0 0.0 0.0 0.792 0.083 0.083 0.083 4.0 0.635 0.923 0.200
0.0 0.0 0.0 0.0 0.0 1.0 0.0 0.0 0.0 0.0 0.750 0.125 0.125 0.125 2.0 0.423 0.385 0.200
0.0 1.0 0.0 0.0 0.0 0.0 0.0 0.0 0.0 0.0 0.708 0.167 0.167 0.167 2.0 0.231 0.269 0.200
0.0 1.0 0.0 0.0 0.0 0.0 0.0 0.0 0.0 0.0 0.375 0.500 0.500 0.500 2.0 0.346 0.231 0.200
0.0 0.0 0.0 0.0 0.0 0.0 1.0 0.0 1.0 0.0 0.875 0.000 0.000 0.000 2.0 0.077 0.923 0.000
0.0 0.0 0.0 0.0 0.0 1.0 0.0 0.0 0.0 0.0 0.833 0.000 0.000 0.000 2.0 0.346 0.923 0.000
0.0 0.0 0.0 0.0 0.0 0.0 1.0 0.0 1.0 0.0 0.875 0.000 0.000 0.000 2.0 0.077 0.923 0.000
0.0 0.0 0.0 0.0 0.0 1.0 0.0 0.0 0.0 0.0 0.833 0.000 0.000 0.000 2.0 0.404 0.923 0.000
0.0 0.0 0.0 0.0 0.0 0.0 1.0 0.0 1.0 0.0 0.875 0.000 0.000 0.000 2.0 0.077 0.923 0.000
0.0 0.0 0.0 0.0 0.0 1.0 0.0 0.0 0.0 0.0 0.833 0.000 0.000 0.000 2.0 0.462 0.923 0.000
0.0 0.0 0.0 0.0 0.0 0.0 1.0 0.0 1.0 0.0 0.875 0.000 0.000 0.000 2.0 0.077 0.923 0.000
0.0 0.0 0.0 0.0 0.0 1.0 0.0 0.0 0.0 0.0 0.833 0.000 0.000 0.000 2.0 0.423 0.923 0.000
0.0 0.0 0.0 1.0 0.0 0.0 0.0 0.0 0.0 0.0 0.792 0.000 0.000 0.000 4.0 0.731 0.923 0.000
0.0 0.0 0.0 0.0 0.0 1.0 0.0 0.0 0.0 0.0 0.750 0.000 0.000 0.000 2.0 0.250 0.397 0.000
0.0 1.0 0.0 0.0 0.0 0.0 0.0 0.0 0.0 0.0 0.458 0.000 0.000 0.000 2.0 0.173 0.218 0.000
0.0 1.0 0.0 0.0 0.0 0.0 0.0 0.0 0.0 0.0 0.708 0.000 0.000 0.000 2.0 0.231 0.269 0.000
0.0 0.0 0.0 0.0 0.0 0.0 1.0 0.0 1.0 0.0 0.792 0.000 0.000 0.000 2.0 0.077 0.923 0.000
0.0 0.0 0.0 0.0 0.0 1.0 0.0 0.0 0.0 0.0 0.750 0.000 0.000 0.000 2.0 0.346 0.923 0.000
0.0 0.0 0.0 0.0 0.0 0.0 0.0 1.0 0.0 0.0 0.792 0.000 0.000 0.000 2.0 0.154 0.923 0.000
0.0 0.0 0.0 0.0 0.0 1.0 0.0 0.0 0.0 0.0 0.750 0.000 0.000 0.000 2.0 0.423 0.923 0.000
0.0 0.0 0.0 0.0 0.0 0.0 1.0 0.0 1.0 1.0 0.792 0.000 0.000 0.000 2.0 0.077 0.923 0.200
0.0 0.0 0.0 0.0 0.0 1.0 0.0 0.0 0.0 0.0 0.750 0.042 0.042 0.042 2.0 0.462 0.923 0.200
0.0 0.0 0.0 0.0 0.0 0.0 0.0 1.0 0.0 0.0 0.792 0.000 0.000 0.000 2.0 0.154 0.923 0.000
0.0 0.0 0.0 0.0 0.0 1.0 0.0 0.0 0.0 0.0 0.750 0.000 0.000 0.000 2.0 0.442 0.923 0.000
0.0 0.0 0.0 1.0 0.0 0.0 0.0 0.0 0.0 0.0 0.708 0.083 0.083 0.083 4.0 0.596 0.923 0.200
0.0 0.0 0.0 0.0 0.0 1.0 0.0 0.0 0.0 0.0 0.417 0.375 0.375 0.375 2.0 0.423 0.346 0.200
0.0 1.0 0.0 0.0 0.0 0.0 0.0 0.0 0.0 0.0 0.333 0.458 0.458 0.458 2.0 0.231 0.205 0.200
0.0 1.0 0.0 0.0 0.0 0.0 0.0 0.0 0.0 0.0 0.375 0.417 0.417 0.417 2.0 0.346 0.231 0.200
0.0 0.0 0.0 0.0 0.0 0.0 0.0 1.0 0.0 0.0 0.792 0.000 0.000 0.000 2.0 0.154 0.910 0.000
0.0 0.0 0.0 0.0 0.0 1.0 0.0 0.0 0.0 0.0 0.750 0.000 0.000 0.000 2.0 0.385 0.910 0.000
0.0 0.0 0.0 0.0 0.0 0.0 1.0 0.0 1.0 0.0 0.792 0.000 0.000 0.000 2.0 0.077 0.910 0.000
0.0 0.0 0.0 0.0 0.0 1.0 0.0 0.0 0.0 0.0 0.750 0.000 0.000 0.000 2.0 0.423 0.910 0.000
0.0 0.0 0.0 0.0 0.0 0.0 1.0 0.0 0.0 0.0 0.792 0.000 0.000 0.000 2.0 0.096 0.923 0.000
0.0 1.0 0.0 0.0 0.0 0.0 0.0 0.0 1.0 0.0 0.042 0.000 0.000 0.000 2.0 0.058 0.026 0.000
0.0 0.0 0.0 0.0 0.0 1.0 0.0 0.0 0.0 0.0 0.750 0.000 0.000 0.000 2.0 0.500 0.910 0.000
0.0 1.0 0.0 0.0 0.0 0.0 0.0 0.0 0.0 0.0 0.875 0.000 0.000 0.000 2.0 0.096 0.949 0.000
0.0 0.0 0.0 0.0 0.0 1.0 0.0 0.0 0.0 0.0 0.833 0.000 0.000 0.000 3.0 0.192 0.936 0.000
0.0 1.0 0.0 0.0 0.0 0.0 0.0 0.0 1.0 0.0 0.042 0.000 0.000 0.000 2.0 0.096 0.026 0.000
0.0 0.0 0.0 0.0 0.0 1.0 0.0 0.0 0.0 0.0 0.750 0.000 0.000 0.000 3.0 0.538 0.936 0.000
0.0 0.0 0.0 0.0 0.0 1.0 0.0 0.0 0.0 0.0 0.125 0.000 0.000 0.000 2.0 0.192 0.038 0.000
0.0 1.0 0.0 0.0 0.0 0.0 0.0 0.0 0.0 0.0 0.083 0.000 0.000 0.000 2.0 0.115 0.026 0.000
0.0 0.0 0.0 0.0 0.0 1.0 0.0 0.0 0.0 0.0 0.792 0.000 0.000 0.000 2.0 0.212 0.936 0.000
1.0 0.0 0.0 0.0 0.0 0.0 0.0 0.0 0.0 0.0 0.083 0.000 0.000 0.000 2.0 0.154 0.038 0.000
0.0 1.0 0.0 0.0 0.0 0.0 0.0 0.0 1.0 0.0 0.042 0.000 0.000 0.000 2.0 0.077 0.026 0.000
0.0 0.0 0.0 0.0 0.0 1.0 0.0 0.0 0.0 0.0 0.750 0.000 0.000 0.000 2.0 0.462 0.910 0.000
0.0 0.0 0.0 1.0 0.0 0.0 0.0 0.0 0.0 0.0 0.708 0.000 0.000 0.000 4.0 0.827 0.910 0.000
0.0 0.0 0.0 0.0 0.0 1.0 0.0 0.0 0.0 0.0 0.375 0.000 0.000 0.000 2.0 0.404 0.346 0.000
0.0 1.0 0.0 0.0 0.0 0.0 0.0 0.0 0.0 0.0 0.333 0.000 0.000 0.000 2.0 0.231 0.205 0.000
0.0 0.0 0.0 1.0 0.0 0.0 0.0 0.0 0.0 0.0 0.667 0.125 0.208 0.167 4.0 1.000 0.744 0.400
0.0 0.0 0.0 1.0 0.0 0.0 0.0 0.0 0.0 0.0 0.625 0.167 0.250 0.208 4.0 0.442 0.667 0.400
0.0 1.0 0.0 0.0 0.0 0.0 0.0 0.0 0.0 0.0 0.542 0.250 0.333 0.292 2.0 0.327 0.244 0.400
0.0 1.0 0.0 0.0 0.0 0.0 0.0 0.0 0.0 0.0 0.583 0.208 0.292 0.250 2.0 0.212 0.256 0.400
0.0 1.0 0.0 0.0 0.0 0.0 0.0 0.0 0.0 0.0 0.583 0.208 0.292 0.250 2.0 0.385 0.244 0.400
0.0 0.0 0.0 1.0 0.0 0.0 0.0 0.0 0.0 0.0 0.625 0.167 0.250 0.208 4.0 0.500 0.654 0.400
0.0 1.0 0.0 0.0 0.0 0.0 0.0 0.0 0.0 0.0 0.542 0.250 0.333 0.292 2.0 0.327 0.244 0.400
0.0 1.0 0.0 0.0 0.0 0.0 0.0 0.0 0.0 0.0 0.583 0.208 0.292 0.250 2.0 0.385 0.244 0.400
0.0 0.0 0.0 1.0 0.0 0.0 0.0 0.0 0.0 0.0 0.625 0.167 0.250 0.208 4.0 0.500 0.654 0.400
0.0 1.0 0.0 0.0 0.0 0.0 0.0 0.0 0.0 0.0 0.583 0.208 0.292 0.250 2.0 0.269 0.244 0.400
0.0 1.0 0.0 0.0 0.0 0.0 0.0 0.0 0.0 0.0 0.583 0.208 0.292 0.250 1.0 0.385 0.231 0.400
0.0 1.0 0.0 0.0 0.0 0.0 0.0 0.0 0.0 0.0 0.583 0.208 0.292 0.250 2.0 0.212 0.256 0.400
0.0 0.0 0.0 1.0 0.0 0.0 0.0 0.0 0.0 0.0 0.625 0.167 0.250 0.208 4.0 0.577 0.654 0.400
0.0 1.0 0.0 0.0 0.0 0.0 0.0 0.0 0.0 0.0 0.542 0.250 0.333 0.292 2.0 0.269 0.244 0.400
0.0 1.0 0.0 0.0 0.0 0.0 0.0 0.0 0.0 0.0 0.583 0.208 0.292 0.250 2.0 0.385 0.244 0.400
0.0 0.0 0.0 0.0 0.0 0.0 1.0 0.0 0.0 0.0 0.875 0.000 0.000 0.000 2.0 0.096 0.987 0.000
0.0 0.0 0.0 0.0 0.0 1.0 0.0 0.0 0.0 0.0 0.833 0.000 0.000 0.000 2.0 0.423 0.974 0.000
0.0 1.0 0.0 0.0 0.0 0.0 0.0 0.0 1.0 0.0 0.042 0.000 0.000 0.000 2.0 0.058 0.026 0.000
0.0 0.0 0.0 0.0 0.0 0.0 1.0 0.0 1.0 1.0 0.875 0.000 0.000 0.000 2.0 0.077 0.974 0.200
0.0 0.0 0.0 0.0 0.0 1.0 0.0 0.0 0.0 0.0 0.833 0.042 0.042 0.042 2.0 0.365 0.974 0.200
0.0 0.0 0.0 0.0 0.0 0.0 1.0 0.0 1.0 0.0 0.875 0.000 0.000 0.000 2.0 0.077 0.974 0.000
0.0 0.0 0.0 0.0 0.0 1.0 0.0 0.0 0.0 0.0 0.833 0.000 0.000 0.000 2.0 0.346 0.974 0.000
0.0 0.0 0.0 1.0 0.0 0.0 0.0 0.0 0.0 0.0 0.917 0.000 0.000 0.000 2.0 0.096 0.987 0.000
1.0 0.0 0.0 0.0 0.0 0.0 0.0 0.0 1.0 0.0 0.042 0.000 0.000 0.000 2.0 0.058 0.026 0.000
0.0 0.0 0.0 0.0 0.0 0.0 1.0 0.0 0.0 0.0 0.875 0.000 0.000 0.000 2.0 0.135 0.987 0.000
0.0 0.0 0.0 0.0 0.0 1.0 0.0 0.0 0.0 0.0 0.833 0.000 0.000 0.000 2.0 0.385 0.974 0.000
0.0 0.0 0.0 1.0 0.0 0.0 0.0 0.0 0.0 0.0 0.792 0.083 0.083 0.083 4.0 0.615 0.974 0.200
0.0 0.0 0.0 0.0 0.0 1.0 0.0 0.0 0.0 0.0 0.625 0.250 0.250 0.250 2.0 0.481 0.385 0.200
0.0 1.0 0.0 0.0 0.0 0.0 0.0 0.0 0.0 0.0 0.583 0.292 0.292 0.292 2.0 0.173 0.244 0.200
0.0 1.0 0.0 0.0 0.0 0.0 0.0 0.0 0.0 0.0 0.542 0.333 0.333 0.333 2.0 0.404 0.256 0.200
0.0 1.0 0.0 0.0 0.0 0.0 0.0 0.0 1.0 0.0 0.042 0.000 0.000 0.000 2.0 0.077 0.026 0.000
0.0 0.0 0.0 1.0 0.0 0.0 0.0 0.0 0.0 0.0 0.917 0.000 0.000 0.000 2.0 0.096 0.987 0.000
1.0 0.0 0.0 0.0 0.0 0.0 0.0 0.0 1.0 0.0 0.042 0.000 0.000 0.000 2.0 0.058 0.026 0.000
0.0 0.0 0.0 0.0 0.0 0.0 1.0 0.0 0.0 0.0 0.875 0.000 0.000 0.000 2.0 0.135 0.987 0.000
0.0 0.0 0.0 0.0 0.0 1.0 0.0 0.0 0.0 0.0 0.833 0.000 0.000 0.000 2.0 0.442 0.974 0.000
0.0 1.0 0.0 0.0 0.0 0.0 0.0 0.0 1.0 0.0 0.042 0.000 0.000 0.000 2.0 0.077 0.026 0.000
0.0 0.0 0.0 0.0 0.0 0.0 1.0 0.0 1.0 0.0 0.875 0.000 0.000 0.000 2.0 0.077 0.974 0.000
0.0 0.0 0.0 0.0 0.0 1.0 0.0 0.0 0.0 0.0 0.833 0.000 0.000 0.000 2.0 0.365 0.974 0.000
0.0 1.0 0.0 0.0 0.0 0.0 0.0 0.0 0.0 0.0 0.958 0.000 0.000 0.000 2.0 0.077 1.000 0.000
0.0 0.0 0.0 0.0 0.0 1.0 0.0 0.0 0.0 0.0 0.917 0.000 0.000 0.000 2.0 0.115 0.987 0.000
0.0 0.0 0.0 0.0 0.0 0.0 1.0 0.0 0.0 0.0 0.875 0.000 0.000 0.000 2.0 0.154 0.987 0.000
1.0 0.0 0.0 0.0 0.0 0.0 0.0 0.0 1.0 0.0 0.042 0.000 0.000 0.000 2.0 0.077 0.026 0.000
0.0 0.0 0.0 0.0 0.0 1.0 0.0 0.0 0.0 0.0 0.833 0.000 0.000 0.000 2.0 0.385 0.974 0.000
0.0 1.0 0.0 0.0 0.0 0.0 0.0 0.0 1.0 0.0 0.042 0.000 0.000 0.000 2.0 0.077 0.026 0.000
0.0 0.0 0.0 0.0 0.0 0.0 0.0 1.0 0.0 0.0 0.875 0.000 0.000 0.000 2.0 0.135 0.974 0.000
0.0 0.0 0.0 0.0 0.0 1.0 0.0 0.0 0.0 0.0 0.833 0.000 0.000 0.000 2.0 0.365 0.974 0.000
0.0 0.0 0.0 1.0 0.0 0.0 0.0 0.0 0.0 0.0 0.792 0.000 0.000 0.000 4.0 0.500 0.974 0.000
0.0 0.0 0.0 0.0 0.0 1.0 0.0 0.0 0.0 0.0 0.583 0.000 0.000 0.000 2.0 0.654 0.372 0.000
0.0 1.0 0.0 0.0 0.0 0.0 0.0 0.0 0.0 0.0 0.542 0.000 0.000 0.000 2.0 0.404 0.256 0.000
0.0 1.0 0.0 0.0 0.0 0.0 0.0 0.0 0.0 0.0 0.542 0.000 0.000 0.000 2.0 0.327 0.244 0.000
0.0 0.0 0.0 0.0 0.0 0.0 1.0 0.0 1.0 1.0 0.875 0.000 0.000 0.000 2.0 0.077 0.962 0.200
0.0 0.0 0.0 0.0 0.0 1.0 0.0 0.0 0.0 0.0 0.833 0.042 0.042 0.042 2.0 0.404 0.962 0.200
0.0 0.0 0.0 0.0 0.0 0.0 1.0 0.0 1.0 0.0 0.875 0.000 0.000 0.000 2.0 0.077 0.962 0.000
0.0 0.0 0.0 0.0 0.0 1.0 0.0 0.0 0.0 0.0 0.833 0.000 0.000 0.000 2.0 0.365 0.962 0.000
0.0 0.0 0.0 0.0 0.0 0.0 0.0 1.0 0.0 0.0 0.875 0.000 0.000 0.000 2.0 0.154 0.962 0.000
0.0 0.0 0.0 0.0 0.0 1.0 0.0 0.0 0.0 0.0 0.833 0.000 0.000 0.000 2.0 0.365 0.962 0.000
0.0 0.0 0.0 0.0 0.0 0.0 1.0 0.0 1.0 0.0 0.875 0.000 0.000 0.000 2.0 0.077 0.962 0.000
0.0 0.0 0.0 0.0 0.0 1.0 0.0 0.0 0.0 0.0 0.833 0.000 0.000 0.000 2.0 0.346 0.962 0.000
0.0 0.0 0.0 1.0 0.0 0.0 0.0 0.0 0.0 0.0 0.792 0.083 0.083 0.083 4.0 0.558 0.962 0.200
0.0 0.0 0.0 0.0 0.0 1.0 0.0 0.0 0.0 0.0 0.583 0.292 0.292 0.292 2.0 0.423 0.449 0.200
0.0 1.0 0.0 0.0 0.0 0.0 0.0 0.0 0.0 0.0 0.542 0.250 0.333 0.306 1.0 0.596 0.231 0.600
0.0 1.0 0.0 0.0 0.0 0.0 0.0 0.0 0.0 0.0 0.542 0.250 0.333 0.306 1.0 0.577 0.244 0.600
0.0 1.0 0.0 0.0 0.0 0.0 0.0 0.0 0.0 0.0 0.583 0.292 0.292 0.292 2.0 0.442 0.244 0.200
0.0 0.0 0.0 0.0 0.0 0.0 0.0 1.0 0.0 0.0 0.875 0.000 0.000 0.000 2.0 0.115 0.962 0.000
0.0 0.0 0.0 0.0 0.0 1.0 0.0 0.0 0.0 0.0 0.833 0.000 0.000 0.000 2.0 0.423 0.962 0.000
0.0 1.0 0.0 0.0 0.0 0.0 0.0 0.0 0.0 0.0 1.000 0.000 0.000 0.000 2.0 0.077 0.987 0.000
0.0 0.0 0.0 1.0 0.0 0.0 0.0 0.0 0.0 0.0 0.958 0.000 0.000 0.000 2.0 0.135 0.974 0.000
0.0 0.0 0.0 1.0 0.0 0.0 0.0 0.0 0.0 0.0 0.875 0.000 0.000 0.000 2.0 0.212 0.962 0.000
0.0 1.0 0.0 0.0 0.0 0.0 0.0 0.0 0.0 0.0 0.917 0.000 0.000 0.000 2.0 0.135 0.974 0.000
0.0 0.0 0.0 0.0 0.0 1.0 0.0 0.0 0.0 0.0 0.875 0.000 0.000 0.000 2.0 0.192 0.962 0.000
0.0 0.0 0.0 0.0 1.0 0.0 0.0 0.0 0.0 0.0 0.833 0.000 0.000 0.000 2.0 0.442 0.962 0.000
0.0 0.0 0.0 0.0 0.0 0.0 1.0 0.0 1.0 0.0 0.875 0.000 0.000 0.000 2.0 0.077 0.962 0.000
0.0 0.0 0.0 0.0 0.0 1.0 0.0 0.0 0.0 0.0 0.833 0.000 0.000 0.000 2.0 0.346 0.962 0.000
0.0 0.0 0.0 0.0 0.0 0.0 1.0 0.0 1.0 1.0 0.875 0.000 0.000 0.000 2.0 0.077 0.962 0.200
0.0 0.0 0.0 0.0 0.0 1.0 0.0 0.0 0.0 0.0 0.833 0.042 0.042 0.042 2.0 0.346 0.962 0.200
0.0 0.0 0.0 1.0 0.0 0.0 0.0 0.0 0.0 0.0 0.792 0.083 0.083 0.083 4.0 0.808 0.962 0.200
0.0 0.0 0.0 0.0 0.0 1.0 0.0 0.0 0.0 0.0 0.583 0.292 0.292 0.292 2.0 0.442 0.410 0.200
0.0 1.0 0.0 0.0 0.0 0.0 0.0 0.0 0.0 0.0 0.542 0.333 0.333 0.333 2.0 0.231 0.244 0.200
0.0 0.0 0.0 1.0 0.0 0.0 0.0 0.0 0.0 0.0 0.500 0.292 0.375 0.358 2.0 0.635 0.231 1.000
0.0 0.0 0.0 1.0 0.0 0.0 0.0 0.0 0.0 0.0 0.417 0.375 0.458 0.442 2.0 0.308 0.218 1.000
0.0 1.0 0.0 0.0 0.0 0.0 0.0 0.0 0.0 0.0 0.458 0.333 0.417 0.400 2.0 0.231 0.231 1.000
0.0 0.0 0.0 0.0 0.0 1.0 0.0 0.0 0.0 0.0 0.417 0.375 0.458 0.442 2.0 0.192 0.218 1.000
0.0 0.0 0.0 0.0 0.0 0.0 0.0 1.0 0.0 0.0 0.125 0.667 0.750 0.733 2.0 0.173 0.051 1.000
0.0 0.0 0.0 0.0 0.0 0.0 0.0 1.0 1.0 0.0 0.083 0.708 0.792 0.775 2.0 0.173 0.026 1.000
0.0 0.0 0.0 0.0 0.0 0.0 0.0 1.0 1.0 0.0 0.042 0.750 0.833 0.817 2.0 0.096 0.026 1.000
0.0 0.0 1.0 0.0 0.0 0.0 0.0 0.0 0.0 0.0 0.375 0.417 0.500 0.483 2.0 0.212 0.167 1.000
0.0 1.0 0.0 0.0 0.0 0.0 0.0 0.0 0.0 0.0 0.292 0.500 0.583 0.567 2.0 0.173 0.141 1.000
0.0 0.0 0.0 0.0 0.0 0.0 1.0 0.0 0.0 0.0 0.333 0.458 0.542 0.525 2.0 0.154 0.167 1.000
0.0 1.0 0.0 0.0 0.0 0.0 0.0 0.0 0.0 0.0 0.292 0.500 0.583 0.567 2.0 0.154 0.141 1.000
0.0 0.0 0.0 0.0 0.0 0.0 1.0 0.0 0.0 0.0 0.250 0.542 0.625 0.608 2.0 0.212 0.128 1.000
0.0 0.0 0.0 0.0 0.0 0.0 0.0 1.0 0.0 0.0 0.208 0.583 0.667 0.650 2.0 0.212 0.064 1.000
0.0 0.0 0.0 0.0 0.0 0.0 0.0 1.0 0.0 0.0 0.125 0.667 0.750 0.733 2.0 0.192 0.064 1.000
0.0 1.0 0.0 0.0 0.0 0.0 0.0 0.0 0.0 0.0 0.083 0.708 0.792 0.775 1.0 0.115 0.026 1.000
0.0 0.0 0.0 1.0 0.0 0.0 0.0 0.0 1.0 0.0 0.042 0.750 0.833 0.817 2.0 0.077 0.026 1.000
0.0 0.0 0.0 1.0 0.0 0.0 0.0 0.0 0.0 0.0 0.500 0.292 0.375 0.358 2.0 0.731 0.244 1.000
0.0 0.0 0.0 1.0 0.0 0.0 0.0 0.0 0.0 0.0 0.417 0.375 0.458 0.442 2.0 0.385 0.231 1.000
0.0 1.0 0.0 0.0 0.0 0.0 0.0 0.0 0.0 0.0 0.458 0.333 0.417 0.400 2.0 0.308 0.244 1.000
0.0 0.0 0.0 0.0 0.0 1.0 0.0 0.0 0.0 0.0 0.417 0.375 0.458 0.442 2.0 0.192 0.231 1.000
0.0 0.0 0.0 0.0 0.0 0.0 0.0 1.0 0.0 0.0 0.208 0.583 0.667 0.650 2.0 0.192 0.064 1.000
0.0 0.0 0.0 0.0 0.0 0.0 1.0 0.0 1.0 0.0 0.042 0.750 0.833 0.817 2.0 0.096 0.026 1.000
0.0 0.0 0.0 1.0 0.0 0.0 0.0 0.0 0.0 0.0 0.167 0.625 0.708 0.692 2.0 0.173 0.038 1.000
0.0 0.0 0.0 1.0 0.0 0.0 0.0 0.0 1.0 0.0 0.083 0.708 0.792 0.775 2.0 0.154 0.026 1.000
0.0 1.0 0.0 0.0 0.0 0.0 0.0 0.0 0.0 0.0 0.125 0.667 0.750 0.733 2.0 0.115 0.038 1.000
0.0 0.0 0.0 0.0 0.0 1.0 0.0 0.0 1.0 0.0 0.083 0.708 0.792 0.775 2.0 0.135 0.026 1.000
0.0 0.0 0.0 0.0 0.0 0.0 1.0 0.0 0.0 0.0 0.375 0.417 0.500 0.483 2.0 0.192 0.167 1.000
0.0 0.0 0.0 0.0 0.0 1.0 0.0 0.0 0.0 0.0 0.333 0.458 0.542 0.525 2.0 0.192 0.141 1.000
0.0 1.0 0.0 0.0 0.0 0.0 0.0 0.0 0.0 0.0 0.292 0.500 0.583 0.567 2.0 0.135 0.141 1.000
0.0 0.0 0.0 1.0 0.0 0.0 0.0 0.0 0.0 0.0 0.250 0.542 0.625 0.608 2.0 0.212 0.128 1.000
0.0 0.0 0.0 0.0 0.0 1.0 0.0 0.0 0.0 0.0 0.250 0.542 0.625 0.608 2.0 0.231 0.128 1.000
0.0 0.0 0.0 0.0 0.0 0.0 1.0 0.0 0.0 0.0 0.208 0.583 0.667 0.650 2.0 0.212 0.064 1.000
0.0 0.0 0.0 0.0 0.0 0.0 1.0 0.0 1.0 0.0 0.042 0.750 0.833 0.817 2.0 0.096 0.026 1.000
0.0 0.0 0.0 1.0 0.0 0.0 0.0 0.0 0.0 0.0 0.167 0.625 0.708 0.692 2.0 0.231 0.038 1.000
0.0 0.0 0.0 1.0 0.0 0.0 0.0 0.0 1.0 0.0 0.083 0.708 0.792 0.775 2.0 0.173 0.026 1.000
0.0 1.0 0.0 0.0 0.0 0.0 0.0 0.0 0.0 0.0 0.125 0.667 0.750 0.733 2.0 0.135 0.038 1.000
0.0 0.0 0.0 0.0 0.0 1.0 0.0 0.0 1.0 0.0 0.083 0.708 0.792 0.775 2.0 0.135 0.026 1.000
0.0 0.0 0.0 1.0 0.0 0.0 0.0 0.0 1.0 0.0 0.042 0.750 0.833 0.817 2.0 0.096 0.026 1.000
0.0 1.0 0.0 0.0 0.0 0.0 0.0 0.0 0.0 0.0 0.542 0.250 0.333 0.317 1.0 0.577 0.231 1.000
0.0 0.0 0.0 1.0 0.0 0.0 0.0 0.0 0.0 0.0 0.500 0.292 0.375 0.358 2.0 0.673 0.231 1.000
0.0 0.0 0.0 1.0 0.0 0.0 0.0 0.0 0.0 0.0 0.417 0.375 0.458 0.442 2.0 0.365 0.218 1.000
0.0 1.0 0.0 0.0 0.0 0.0 0.0 0.0 0.0 0.0 0.458 0.333 0.417 0.400 2.0 0.288 0.231 1.000
0.0 0.0 0.0 0.0 0.0 1.0 0.0 0.0 0.0 0.0 0.417 0.375 0.458 0.442 2.0 0.192 0.218 1.000
0.0 0.0 0.0 0.0 0.0 0.0 1.0 0.0 0.0 0.0 0.375 0.417 0.500 0.483 2.0 0.269 0.167 1.000
0.0 0.0 0.0 0.0 0.0 0.0 0.0 1.0 0.0 0.0 0.333 0.458 0.542 0.525 2.0 0.212 0.103 1.000
0.0 0.0 0.0 1.0 0.0 0.0 0.0 0.0 1.0 0.0 0.042 0.750 0.833 0.817 2.0 0.077 0.026 1.000
0.0 0.0 0.0 0.0 0.0 0.0 1.0 0.0 0.0 0.0 0.208 0.583 0.667 0.650 2.0 0.269 0.064 1.000
0.0 0.0 0.0 0.0 0.0 0.0 1.0 0.0 1.0 0.0 0.042 0.750 0.833 0.817 2.0 0.115 0.026 1.000
0.0 0.0 0.0 1.0 0.0 0.0 0.0 0.0 0.0 0.0 0.167 0.625 0.708 0.692 2.0 0.192 0.038 1.000
0.0 0.0 0.0 1.0 0.0 0.0 0.0 0.0 1.0 0.0 0.083 0.708 0.792 0.775 2.0 0.115 0.026 1.000
0.0 1.0 0.0 0.0 0.0 0.0 0.0 0.0 1.0 0.0 0.042 0.750 0.833 0.817 1.0 0.096 0.013 1.000
0.0 1.0 0.0 0.0 0.0 0.0 0.0 0.0 0.0 0.0 0.125 0.667 0.750 0.733 2.0 0.115 0.038 1.000
0.0 0.0 0.0 1.0 0.0 0.0 0.0 0.0 1.0 0.0 0.083 0.708 0.792 0.775 2.0 0.135 0.026 1.000
0.0 0.0 0.0 0.0 0.0 0.0 1.0 0.0 0.0 0.0 0.125 0.667 0.750 0.733 2.0 0.173 0.051 1.000
0.0 0.0 0.0 0.0 0.0 0.0 0.0 1.0 1.0 0.0 0.083 0.708 0.792 0.775 2.0 0.173 0.026 1.000
0.0 0.0 0.0 0.0 0.0 0.0 0.0 1.0 1.0 0.0 0.042 0.750 0.833 0.817 2.0 0.096 0.026 1.000
0.0 0.0 0.0 0.0 0.0 0.0 1.0 0.0 1.0 0.0 0.083 0.708 0.792 0.775 2.0 0.308 0.038 1.000
0.0 0.0 0.0 0.0 0.0 0.0 1.0 0.0 1.0 0.0 0.042 0.750 0.833 0.817 2.0 0.058 0.026 1.000
0.0 0.0 0.0 0.0 0.0 0.0 1.0 0.0 0.0 0.0 0.500 0.292 0.375 0.358 2.0 0.346 0.192 1.000
0.0 0.0 0.0 0.0 0.0 0.0 0.0 1.0 1.0 0.0 0.458 0.333 0.417 0.400 2.0 0.135 0.167 1.000
0.0 0.0 0.0 1.0 0.0 0.0 0.0 0.0 0.0 0.0 0.417 0.375 0.458 0.442 2.0 0.154 0.154 1.000
0.0 0.0 0.0 1.0 0.0 0.0 0.0 0.0 0.0 0.0 0.333 0.458 0.542 0.525 2.0 0.231 0.141 1.000
0.0 1.0 0.0 0.0 0.0 0.0 0.0 0.0 0.0 0.0 0.375 0.417 0.500 0.483 2.0 0.135 0.154 1.000
0.0 0.0 0.0 0.0 0.0 1.0 0.0 0.0 0.0 0.0 0.333 0.458 0.542 0.525 2.0 0.212 0.141 1.000
0.0 0.0 0.0 1.0 0.0 0.0 0.0 0.0 0.0 0.0 0.292 0.500 0.583 0.567 2.0 0.269 0.077 1.000
0.0 0.0 0.0 1.0 0.0 0.0 0.0 0.0 0.0 0.0 0.208 0.583 0.667 0.650 2.0 0.212 0.064 1.000
0.0 1.0 0.0 0.0 0.0 0.0 0.0 0.0 0.0 0.0 0.250 0.542 0.625 0.608 2.0 0.173 0.077 1.000
0.0 0.0 0.0 0.0 0.0 1.0 0.0 0.0 0.0 0.0 0.208 0.583 0.667 0.650 2.0 0.154 0.064 1.000
0.0 0.0 0.0 0.0 0.0 0.0 0.0 1.0 1.0 0.0 0.042 0.750 0.833 0.817 2.0 0.115 0.026 1.000
0.0 0.0 1.0 0.0 0.0 0.0 0.0 0.0 0.0 0.0 0.167 0.625 0.708 0.692 2.0 0.192 0.038 1.000
0.0 0.0 0.0 1.0 0.0 0.0 0.0 0.0 1.0 0.0 0.083 0.708 0.792 0.775 2.0 0.154 0.026 1.000
0.0 1.0 0.0 0.0 0.0 0.0 0.0 0.0 0.0 0.0 0.125 0.667 0.750 0.733 2.0 0.135 0.038 1.000
0.0 0.0 0.0 0.0 0.0 1.0 0.0 0.0 1.0 0.0 0.083 0.708 0.792 0.775 2.0 0.115 0.026 1.000
0.0 1.0 0.0 0.0 0.0 0.0 0.0 0.0 1.0 0.0 0.042 0.750 0.833 0.817 1.0 0.135 0.013 1.000
0.0 0.0 0.0 0.0 0.0 0.0 1.0 0.0 0.0 0.0 0.125 0.667 0.750 0.733 2.0 0.212 0.064 1.000
0.0 0.0 0.0 0.0 0.0 0.0 0.0 1.0 1.0 0.0 0.083 0.708 0.792 0.775 2.0 0.115 0.026 1.000
0.0 1.0 0.0 0.0 0.0 0.0 0.0 0.0 1.0 0.0 0.042 0.750 0.833 0.817 1.0 0.058 0.013 1.000
0.0 0.0 0.0 0.0 0.0 0.0 0.0 1.0 1.0 0.0 0.083 0.708 0.792 0.775 2.0 0.173 0.038 1.000
0.0 1.0 0.0 0.0 0.0 0.0 0.0 0.0 1.0 0.0 0.042 0.750 0.833 0.817 2.0 0.077 0.026 1.000
0.0 0.0 0.0 1.0 0.0 0.0 0.0 0.0 1.0 0.0 0.042 0.750 0.833 0.817 2.0 0.077 0.026 1.000
0.0 0.0 0.0 1.0 0.0 0.0 0.0 0.0 0.0 0.0 0.750 0.125 0.125 0.125 2.0 0.750 0.744 0.600
0.0 0.0 0.0 1.0 0.0 0.0 0.0 0.0 0.0 0.0 0.667 0.208 0.208 0.208 2.0 0.346 0.705 0.600
0.0 0.0 0.0 1.0 0.0 0.0 0.0 0.0 0.0 0.0 0.542 0.333 0.333 0.333 4.0 0.269 0.603 0.600
0.0 0.0 0.0 1.0 0.0 0.0 0.0 0.0 0.0 0.0 0.500 0.375 0.375 0.375 3.0 0.231 0.513 0.600
0.0 1.0 0.0 0.0 0.0 0.0 0.0 0.0 0.0 0.0 0.333 0.542 0.542 0.542 2.0 0.231 0.231 0.600
0.0 1.0 0.0 0.0 0.0 0.0 0.0 0.0 0.0 0.0 0.458 0.417 0.417 0.417 2.0 0.192 0.218 0.600
0.0 1.0 0.0 0.0 0.0 0.0 0.0 0.0 0.0 0.0 0.375 0.500 0.500 0.500 2.0 0.250 0.205 0.600
0.0 1.0 0.0 0.0 0.0 0.0 0.0 0.0 0.0 0.0 0.500 0.375 0.375 0.375 2.0 0.212 0.487 0.600
0.0 1.0 0.0 0.0 0.0 0.0 0.0 0.0 0.0 0.0 0.500 0.375 0.375 0.375 2.0 0.212 0.513 0.600
0.0 1.0 0.0 0.0 0.0 0.0 0.0 0.0 0.0 0.0 0.500 0.375 0.375 0.375 2.0 0.212 0.513 0.600
0.0 0.0 0.0 1.0 0.0 0.0 0.0 0.0 0.0 0.0 0.708 0.167 0.167 0.167 2.0 0.365 0.667 0.600
0.0 0.0 0.0 1.0 0.0 0.0 0.0 0.0 0.0 0.0 0.542 0.333 0.333 0.333 3.0 0.192 0.564 0.600
0.0 1.0 0.0 0.0 0.0 0.0 0.0 0.0 0.0 0.0 0.500 0.375 0.375 0.375 2.0 0.192 0.513 0.600
0.0 0.0 1.0 0.0 0.0 0.0 0.0 0.0 0.0 0.0 0.458 0.417 0.417 0.417 3.0 0.308 0.500 0.600
0.0 1.0 0.0 0.0 0.0 0.0 0.0 0.0 0.0 0.0 0.417 0.458 0.458 0.458 2.0 0.327 0.218 0.600
0.0 1.0 0.0 0.0 0.0 0.0 0.0 0.0 0.0 0.0 0.375 0.500 0.500 0.500 2.0 0.269 0.205 0.600
0.0 1.0 0.0 0.0 0.0 0.0 0.0 0.0 0.0 0.0 0.500 0.375 0.375 0.375 2.0 0.192 0.487 0.600
0.0 0.0 0.0 0.0 0.0 1.0 0.0 0.0 0.0 0.0 0.458 0.417 0.417 0.417 3.0 0.481 0.474 0.600
0.0 1.0 0.0 0.0 0.0 0.0 0.0 0.0 0.0 0.0 0.333 0.542 0.542 0.542 1.0 0.577 0.192 0.600
0.0 1.0 0.0 0.0 0.0 0.0 0.0 0.0 0.0 0.0 0.500 0.375 0.375 0.375 2.0 0.192 0.513 0.600
0.0 0.0 1.0 0.0 0.0 0.0 0.0 0.0 0.0 0.0 0.458 0.417 0.417 0.417 3.0 0.269 0.500 0.600
0.0 1.0 0.0 0.0 0.0 0.0 0.0 0.0 0.0 0.0 0.333 0.542 0.542 0.542 2.0 0.269 0.205 0.600
0.0 0.0 0.0 0.0 0.0 0.0 0.0 1.0 0.0 0.0 0.292 0.500 0.583 0.567 2.0 0.692 0.192 1.000
0.0 0.0 0.0 0.0 0.0 0.0 0.0 1.0 0.0 0.0 0.250 0.542 0.625 0.608 2.0 0.308 0.141 1.000
0.0 0.0 0.0 0.0 0.0 0.0 0.0 1.0 0.0 0.0 0.208 0.583 0.667 0.650 2.0 0.173 0.090 1.000
0.0 0.0 0.0 1.0 0.0 0.0 0.0 0.0 1.0 0.0 0.042 0.750 0.833 0.817 2.0 0.077 0.026 1.000
0.0 0.0 0.0 0.0 0.0 0.0 1.0 0.0 0.0 0.0 0.125 0.667 0.750 0.733 2.0 0.231 0.051 1.000
0.0 0.0 0.0 0.0 0.0 0.0 0.0 1.0 1.0 0.0 0.083 0.708 0.792 0.775 2.0 0.154 0.026 1.000
0.0 1.0 0.0 0.0 0.0 0.0 0.0 0.0 1.0 0.0 0.042 0.750 0.833 0.817 1.0 0.173 0.013 1.000
0.0 0.0 0.0 0.0 0.0 0.0 0.0 1.0 1.0 0.0 0.042 0.750 0.833 0.817 2.0 0.077 0.026 1.000
0.0 1.0 0.0 0.0 0.0 0.0 0.0 0.0 0.0 0.0 0.375 0.500 0.500 0.500 2.0 0.288 0.231 0.600
0.0 1.0 0.0 0.0 0.0 0.0 0.0 0.0 0.0 0.0 0.333 0.458 0.542 0.525 1.0 0.577 0.218 1.000
0.0 0.0 0.0 0.0 0.0 0.0 0.0 1.0 0.0 0.0 0.292 0.500 0.583 0.567 2.0 0.692 0.218 1.000
0.0 0.0 0.0 0.0 0.0 0.0 1.0 0.0 0.0 0.0 0.250 0.542 0.625 0.608 2.0 0.231 0.103 1.000
0.0 0.0 0.0 0.0 0.0 0.0 0.0 1.0 0.0 0.0 0.208 0.583 0.667 0.650 2.0 0.231 0.077 1.000
0.0 1.0 0.0 0.0 0.0 0.0 0.0 0.0 1.0 0.0 0.042 0.750 0.833 0.817 1.0 0.212 0.013 1.000
0.0 0.0 0.0 1.0 0.0 0.0 0.0 0.0 0.0 0.0 0.167 0.625 0.708 0.692 2.0 0.231 0.064 1.000
0.0 0.0 0.0 1.0 0.0 0.0 0.0 0.0 0.0 0.0 0.083 0.708 0.792 0.775 2.0 0.154 0.051 1.000
0.0 1.0 0.0 0.0 0.0 0.0 0.0 0.0 0.0 0.0 0.125 0.667 0.750 0.733 2.0 0.154 0.064 1.000
0.0 0.0 0.0 0.0 0.0 1.0 0.0 0.0 0.0 0.0 0.083 0.708 0.792 0.775 2.0 0.115 0.051 1.000
0.0 0.0 0.0 0.0 0.0 0.0 0.0 1.0 1.0 0.0 0.042 0.750 0.833 0.817 2.0 0.115 0.026 1.000
0.0 0.0 0.0 0.0 0.0 0.0 0.0 1.0 1.0 0.0 0.042 0.750 0.833 0.817 2.0 0.115 0.026 1.000
0.0 1.0 0.0 0.0 0.0 0.0 0.0 0.0 1.0 0.0 0.042 0.750 0.833 0.817 2.0 0.077 0.026 1.000
0.0 0.0 0.0 0.0 0.0 0.0 0.0 1.0 0.0 0.0 0.250 0.542 0.625 0.608 2.0 0.308 0.115 1.000
0.0 0.0 0.0 0.0 0.0 0.0 0.0 1.0 0.0 0.0 0.083 0.708 0.792 0.775 2.0 0.135 0.051 1.000
0.0 0.0 0.0 0.0 0.0 0.0 1.0 0.0 1.0 0.0 0.042 0.750 0.833 0.817 2.0 0.115 0.026 1.000
0.0 0.0 0.0 1.0 0.0 0.0 0.0 0.0 1.0 0.0 0.042 0.750 0.833 0.817 2.0 0.077 0.026 1.000
0.0 1.0 0.0 0.0 0.0 0.0 0.0 0.0 0.0 0.0 0.417 0.458 0.458 0.458 1.0 0.500 0.205 0.600
0.0 0.0 0.0 0.0 0.0 0.0 0.0 1.0 0.0 0.0 0.375 0.417 0.500 0.483 2.0 0.788 0.205 1.000
0.0 0.0 0.0 0.0 0.0 0.0 0.0 1.0 0.0 0.0 0.333 0.458 0.542 0.525 2.0 0.346 0.103 1.000
0.0 0.0 0.0 0.0 0.0 0.0 0.0 1.0 1.0 0.0 0.042 0.750 0.833 0.817 2.0 0.077 0.026 1.000
0.0 0.0 0.0 0.0 0.0 0.0 1.0 0.0 0.0 0.0 0.125 0.667 0.750 0.733 2.0 0.365 0.103 1.000
0.0 0.0 0.0 0.0 0.0 0.0 0.0 1.0 0.0 0.0 0.083 0.708 0.792 0.775 2.0 0.173 0.051 1.000
0.0 0.0 0.0 0.0 0.0 0.0 1.0 0.0 1.0 0.0 0.042 0.750 0.833 0.817 2.0 0.096 0.026 1.000
0.0 0.0 0.0 0.0 0.0 0.0 0.0 1.0 1.0 0.0 0.042 0.750 0.833 0.817 2.0 0.096 0.026 1.000
0.0 0.0 0.0 0.0 0.0 0.0 1.0 0.0 0.0 0.0 0.083 0.708 0.792 0.775 2.0 0.135 0.051 1.000
0.0 0.0 0.0 0.0 0.0 0.0 1.0 0.0 1.0 0.0 0.042 0.750 0.833 0.817 2.0 0.135 0.026 1.000
0.0 0.0 0.0 1.0 0.0 0.0 0.0 0.0 1.0 0.0 0.042 0.750 0.833 0.817 2.0 0.077 0.026 1.000
0.0 1.0 0.0 0.0 0.0 0.0 0.0 0.0 0.0 0.0 0.667 0.208 0.208 0.208 1.0 0.500 0.256 0.800
0.0 0.0 0.0 1.0 0.0 0.0 0.0 0.0 0.0 0.0 0.625 0.167 0.250 0.233 2.0 0.635 0.256 1.000
0.0 0.0 0.0 1.0 0.0 0.0 0.0 0.0 0.0 0.0 0.542 0.250 0.333 0.317 2.0 0.269 0.244 1.000
0.0 1.0 0.0 0.0 0.0 0.0 0.0 0.0 0.0 0.0 0.583 0.208 0.292 0.275 2.0 0.192 0.256 1.000
0.0 0.0 0.0 0.0 0.0 1.0 0.0 0.0 0.0 0.0 0.542 0.250 0.333 0.317 2.0 0.192 0.244 1.000
0.0 0.0 0.0 0.0 0.0 0.0 0.0 1.0 0.0 0.0 0.125 0.667 0.750 0.733 2.0 0.173 0.064 1.000
0.0 0.0 0.0 0.0 0.0 0.0 1.0 0.0 1.0 0.0 0.042 0.750 0.833 0.817 2.0 0.096 0.026 1.000
0.0 0.0 0.0 0.0 0.0 0.0 0.0 1.0 1.0 0.0 0.083 0.708 0.792 0.775 2.0 0.115 0.038 1.000
0.0 1.0 0.0 0.0 0.0 0.0 0.0 0.0 1.0 0.0 0.042 0.750 0.833 0.817 2.0 0.058 0.026 1.000
0.0 0.0 1.0 0.0 0.0 0.0 0.0 0.0 0.0 0.0 0.500 0.292 0.375 0.358 2.0 0.231 0.179 1.000
0.0 0.0 0.0 1.0 0.0 0.0 0.0 0.0 1.0 0.0 0.417 0.375 0.458 0.442 4.0 0.212 0.179 1.000
0.0 0.0 0.0 1.0 0.0 0.0 0.0 0.0 0.0 0.0 0.458 0.333 0.417 0.400 2.0 0.173 0.179 1.000
0.0 0.0 0.0 1.0 0.0 0.0 0.0 0.0 0.0 0.0 0.417 0.375 0.458 0.442 2.0 0.192 0.154 1.000
0.0 0.0 0.0 1.0 0.0 0.0 0.0 0.0 0.0 0.0 0.333 0.458 0.542 0.525 2.0 0.288 0.141 1.000
0.0 1.0 0.0 0.0 0.0 0.0 0.0 0.0 0.0 0.0 0.375 0.417 0.500 0.483 2.0 0.173 0.154 1.000
0.0 0.0 0.0 0.0 1.0 0.0 0.0 0.0 0.0 0.0 0.333 0.458 0.542 0.525 2.0 0.250 0.141 1.000
0.0 0.0 1.0 0.0 0.0 0.0 0.0 0.0 0.0 0.0 0.292 0.500 0.583 0.567 2.0 0.288 0.077 1.000
0.0 0.0 0.0 1.0 0.0 0.0 0.0 0.0 0.0 0.0 0.208 0.583 0.667 0.650 2.0 0.231 0.064 1.000
0.0 1.0 0.0 0.0 0.0 0.0 0.0 0.0 0.0 0.0 0.250 0.542 0.625 0.608 2.0 0.173 0.077 1.000
0.0 0.0 0.0 0.0 0.0 1.0 0.0 0.0 0.0 0.0 0.208 0.583 0.667 0.650 2.0 0.173 0.064 1.000
0.0 0.0 0.0 0.0 0.0 0.0 0.0 1.0 1.0 0.0 0.083 0.708 0.792 0.775 2.0 0.192 0.026 1.000
0.0 1.0 0.0 0.0 0.0 0.0 0.0 0.0 1.0 0.0 0.042 0.750 0.833 0.817 1.0 0.192 0.013 1.000
0.0 0.0 1.0 0.0 0.0 0.0 0.0 0.0 0.0 0.0 0.167 0.625 0.708 0.692 2.0 0.192 0.038 1.000
0.0 0.0 0.0 1.0 0.0 0.0 0.0 0.0 1.0 0.0 0.083 0.708 0.792 0.775 2.0 0.173 0.026 1.000
0.0 1.0 0.0 0.0 0.0 0.0 0.0 0.0 0.0 0.0 0.125 0.667 0.750 0.733 2.0 0.135 0.038 1.000
0.0 0.0 0.0 0.0 0.0 1.0 0.0 0.0 1.0 0.0 0.083 0.708 0.792 0.775 2.0 0.135 0.026 1.000
0.0 1.0 0.0 0.0 0.0 0.0 0.0 0.0 1.0 0.0 0.042 0.750 0.833 0.817 1.0 0.173 0.013 1.000
0.0 0.0 0.0 0.0 0.0 0.0 0.0 1.0 0.0 0.0 0.208 0.583 0.667 0.650 2.0 0.288 0.064 1.000
0.0 0.0 0.0 0.0 0.0 0.0 0.0 1.0 1.0 0.0 0.083 0.708 0.792 0.775 2.0 0.154 0.026 1.000
0.0 1.0 0.0 0.0 0.0 0.0 0.0 0.0 1.0 0.0 0.042 0.750 0.833 0.817 1.0 0.096 0.013 1.000
0.0 0.0 0.0 1.0 0.0 0.0 0.0 0.0 0.0 0.0 0.167 0.625 0.708 0.692 2.0 0.192 0.038 1.000
0.0 0.0 0.0 1.0 0.0 0.0 0.0 0.0 1.0 0.0 0.083 0.708 0.792 0.775 2.0 0.154 0.026 1.000
0.0 1.0 0.0 0.0 0.0 0.0 0.0 0.0 0.0 0.0 0.125 0.667 0.750 0.733 2.0 0.115 0.038 1.000
0.0 0.0 0.0 0.0 0.0 1.0 0.0 0.0 1.0 0.0 0.083 0.708 0.792 0.775 2.0 0.135 0.026 1.000
0.0 1.0 0.0 0.0 0.0 0.0 0.0 0.0 1.0 0.0 0.042 0.750 0.833 0.817 1.0 0.173 0.013 1.000
0.0 0.0 0.0 1.0 0.0 0.0 0.0 0.0 1.0 0.0 0.042 0.750 0.833 0.817 2.0 0.077 0.026 1.000
