0.0 0.0 0.0 1.0 0.0 0.0 0.0 0.0 1.0 0.0 0.333 0.089 0.222 1.0 0.444 0.526 0.387
1.0 0.0 0.0 0.0 0.0 0.0 0.0 0.0 0.0 0.0 0.341 0.081 0.215 2.0 0.389 0.537 0.355
0.0 0.0 1.0 0.0 0.0 0.0 0.0 0.0 0.0 0.0 0.348 0.074 0.207 1.0 0.333 0.547 0.323
0.0 0.0 0.0 0.0 1.0 0.0 0.0 0.0 0.0 0.0 0.356 0.067 0.200 2.0 0.278 0.558 0.290
0.0 0.0 0.0 0.0 0.0 0.0 1.0 0.0 0.0 0.0 0.363 0.059 0.193 2.0 0.222 0.568 0.258
0.0 0.0 0.0 0.0 0.0 0.0 0.0 1.0 0.0 0.0 0.370 0.052 0.185 2.0 0.167 0.579 0.226
0.0 1.0 0.0 0.0 0.0 0.0 0.0 0.0 0.0 0.0 0.378 0.044 0.178 2.0 0.111 0.589 0.194
0.0 0.0 0.0 1.0 0.0 0.0 0.0 0.0 0.0 0.0 0.385 0.037 0.170 2.0 0.056 0.600 0.161
0.0 0.0 0.0 0.0 0.0 1.0 0.0 0.0 0.0 0.0 0.393 0.030 0.163 2.0 0.000 0.611 0.129
1.0 0.0 0.0 0.0 0.0 0.0 0.0 0.0 0.0 0.0 0.400 0.022 0.156 2.0 0.000 0.621 0.097
