0.0 0.0 0.0 1.0 0.0 0.0 0.0 0.0 0.0 0.0 0.286 0.229 0.343 2.0 0.273 0.267 0.714
0.0 0.0 0.0 1.0 0.0 0.0 0.0 0.0 0.0 0.0 0.286 0.229 0.343 2.0 0.291 0.267 0.714
0.0 0.0 0.0 1.0 0.0 0.0 0.0 0.0 0.0 0.0 0.314 0.200 0.314 2.0 0.327 0.267 0.714
0.0 0.0 0.0 1.0 0.0 0.0 0.0 0.0 0.0 0.0 0.314 0.200 0.314 2.0 0.327 0.267 0.714
0.0 1.0 0.0 0.0 0.0 0.0 0.0 0.0 0.0 0.0 0.343 0.171 0.286 2.0 0.255 0.280 0.143
0.0 1.0 0.0 0.0 0.0 0.0 0.0 0.0 0.0 0.0 0.343 0.171 0.257 1.0 0.255 0.267 0.143
0.0 1.0 0.0 0.0 0.0 0.0 0.0 0.0 0.0 0.0 0.343 0.229 0.314 2.0 0.291 0.280 0.429
0.0 1.0 0.0 0.0 0.0 0.0 0.0 0.0 0.0 0.0 0.343 0.229 0.314 1.0 0.291 0.267 0.429
0.0 1.0 0.0 0.0 0.0 0.0 0.0 0.0 0.0 0.0 0.343 0.229 0.314 2.0 0.236 0.280 0.429
0.0 0.0 1.0 0.0 0.0 0.0 0.0 0.0 0.0 0.0 0.429 0.143 0.200 4.0 0.400 0.467 0.429
0.0 0.0 1.0 0.0 0.0 0.0 0.0 0.0 0.0 0.0 0.371 0.171 0.200 2.0 0.327 0.333 0.143
0.0 0.0 1.0 0.0 0.0 0.0 0.0 0.0 0.0 0.0 0.371 0.171 0.229 2.0 0.327 0.333 0.143
0.0 0.0 1.0 0.0 0.0 0.0 0.0 0.0 0.0 0.0 0.429 0.114 0.171 4.0 0.545 0.667 0.143
0.0 0.0 1.0 0.0 0.0 0.0 0.0 0.0 0.0 0.0 0.371 0.171 0.257 2.0 0.327 0.333 0.143
0.0 0.0 1.0 0.0 0.0 0.0 0.0 0.0 0.0 0.0 0.514 0.086 0.086 2.0 0.364 0.667 0.029
0.0 0.0 1.0 0.0 0.0 0.0 0.0 0.0 0.0 0.0 0.514 0.086 0.086 2.0 0.364 0.667 0.029
0.0 0.0 1.0 0.0 0.0 0.0 0.0 0.0 0.0 0.0 0.514 0.086 0.086 2.0 0.364 0.667 0.029
0.0 0.0 1.0 0.0 0.0 0.0 0.0 0.0 0.0 0.0 0.514 0.114 0.114 2.0 0.364 0.667 0.029
