0.0 0.0 0.0 0.0 0.0 0.0 1.0 0.0 1.0 0.0 0.692 0.000 0.000 0.000 2.0 0.077 0.986 0.000
0.0 0.0 0.0 0.0 0.0 1.0 0.0 0.0 0.0 0.0 0.654 0.000 0.000 0.000 2.0 0.327 0.986 0.000
0.0 0.0 0.0 0.0 0.0 0.0 1.0 0.0 1.0 0.0 0.692 0.000 0.000 0.000 2.0 0.077 0.986 0.000
0.0 0.0 0.0 0.0 0.0 1.0 0.0 0.0 0.0 0.0 0.654 0.000 0.000 0.000 2.0 0.365 0.986 0.000
0.0 0.0 0.0 0.0 0.0 0.0 1.0 0.0 1.0 0.0 0.692 0.000 0.000 0.000 2.0 0.077 0.986 0.000
0.0 0.0 0.0 0.0 0.0 1.0 0.0 0.0 0.0 0.0 0.654 0.000 0.000 0.000 2.0 0.327 0.986 0.000
0.0 0.0 0.0 0.0 0.0 0.0 1.0 0.0 1.0 1.0 0.692 0.000 0.000 0.000 2.0 0.077 0.986 0.200
0.0 0.0 0.0 0.0 0.0 1.0 0.0 0.0 0.0 0.0 0.654 0.038 0.038 0.038 2.0 0.346 0.986 0.200
0.0 0.0 0.0 1.0 0.0 0.0 0.0 0.0 0.0 0.0 0.615 0.077 0.077 0.077 4.0 0.615 0.986 0.200
0.0 0.0 0.0 0.0 0.0 1.0 0.0 0.0 0.0 0.0 0.577 0.115 0.115 0.115 2.0 0.423 0.493 0.200
0.0 1.0 0.0 0.0 0.0 0.0 0.0 0.0 0.0 0.0 0.346 0.346 0.346 0.346 2.0 0.173 0.254 0.200
0.0 1.0 0.0 0.0 0.0 0.0 0.0 0.0 0.0 0.0 0.423 0.269 0.269 0.269 2.0 0.288 0.254 0.200
0.0 0.0 0.0 0.0 0.0 0.0 1.0 0.0 0.0 0.0 0.692 0.000 0.000 0.000 2.0 0.115 0.986 0.000
0.0 0.0 0.0 0.0 0.0 1.0 0.0 0.0 0.0 0.0 0.654 0.000 0.000 0.000 2.0 0.365 0.972 0.000
0.0 1.0 0.0 0.0 0.0 0.0 0.0 0.0 0.0 0.0 0.077 0.000 0.000 0.000 2.0 0.115 0.028 0.000
0.0 0.0 0.0 0.0 0.0 1.0 0.0 0.0 0.0 0.0 0.731 0.000 0.000 0.000 2.0 0.096 0.986 0.000
0.0 1.0 0.0 0.0 0.0 0.0 0.0 0.0 0.0 0.0 0.692 0.000 0.000 0.000 2.0 0.135 0.986 0.000
0.0 0.0 0.0 0.0 0.0 1.0 0.0 0.0 0.0 0.0 0.654 0.000 0.000 0.000 3.0 0.423 0.972 0.000
0.0 0.0 0.0 0.0 0.0 1.0 0.0 0.0 1.0 0.0 0.692 0.000 0.000 0.000 2.0 0.115 0.972 0.000
0.0 0.0 0.0 0.0 0.0 1.0 0.0 0.0 0.0 0.0 0.654 0.000 0.000 0.000 2.0 0.385 0.972 0.000
0.0 0.0 0.0 0.0 0.0 0.0 1.0 0.0 1.0 0.0 0.692 0.000 0.000 0.000 2.0 0.077 0.972 0.000
0.0 0.0 0.0 0.0 0.0 1.0 0.0 0.0 0.0 0.0 0.654 0.000 0.000 0.000 2.0 0.346 0.972 0.000
0.0 0.0 0.0 0.0 0.0 0.0 1.0 0.0 1.0 0.0 0.692 0.000 0.000 0.000 2.0 0.077 0.972 0.000
0.0 0.0 0.0 0.0 0.0 1.0 0.0 0.0 0.0 0.0 0.654 0.000 0.000 0.000 2.0 0.365 0.972 0.000
0.0 0.0 0.0 1.0 0.0 0.0 0.0 0.0 0.0 0.0 0.615 0.000 0.000 0.000 4.0 0.788 0.972 0.000
0.0 0.0 0.0 0.0 0.0 1.0 0.0 0.0 0.0 0.0 0.577 0.000 0.000 0.000 2.0 0.442 0.465 0.000
0.0 1.0 0.0 0.0 0.0 0.0 0.0 0.0 0.0 0.0 0.538 0.000 0.000 0.000 2.0 0.269 0.282 0.000
0.0 0.0 0.0 0.0 0.0 0.0 1.0 0.0 1.0 0.0 0.731 0.000 0.000 0.000 2.0 0.077 0.986 0.000
0.0 0.0 0.0 0.0 0.0 1.0 0.0 0.0 0.0 0.0 0.692 0.000 0.000 0.000 2.0 0.327 0.986 0.000
0.0 0.0 0.0 0.0 0.0 0.0 1.0 0.0 0.0 0.0 0.731 0.000 0.000 0.000 2.0 0.096 1.000 0.000
0.0 0.0 0.0 0.0 0.0 1.0 0.0 0.0 0.0 0.0 0.692 0.000 0.000 0.000 2.0 0.385 0.986 0.000
0.0 1.0 0.0 0.0 0.0 0.0 0.0 0.0 1.0 0.0 0.038 0.000 0.000 0.000 2.0 0.058 0.028 0.000
0.0 0.0 0.0 0.0 0.0 0.0 1.0 0.0 1.0 1.0 0.731 0.000 0.000 0.000 2.0 0.077 0.986 0.200
0.0 0.0 0.0 0.0 0.0 1.0 0.0 0.0 0.0 0.0 0.692 0.038 0.038 0.038 2.0 0.327 0.986 0.200
0.0 0.0 0.0 0.0 0.0 0.0 1.0 0.0 1.0 0.0 0.731 0.000 0.000 0.000 2.0 0.077 0.986 0.000
0.0 0.0 0.0 0.0 0.0 1.0 0.0 0.0 0.0 0.0 0.692 0.000 0.000 0.000 2.0 0.346 0.986 0.000
0.0 0.0 0.0 1.0 0.0 0.0 0.0 0.0 0.0 0.0 0.654 0.077 0.077 0.077 4.0 0.615 0.986 0.200
0.0 0.0 0.0 0.0 0.0 1.0 0.0 0.0 0.0 0.0 0.423 0.308 0.308 0.308 2.0 0.385 0.423 0.200
0.0 1.0 0.0 0.0 0.0 0.0 0.0 0.0 0.0 0.0 0.385 0.346 0.346 0.346 2.0 0.288 0.254 0.200
0.0 1.0 0.0 0.0 0.0 0.0 0.0 0.0 0.0 0.0 0.615 0.115 0.115 0.115 2.0 0.288 0.268 0.200
0.0 0.0 0.0 0.0 0.0 0.0 1.0 0.0 0.0 0.0 0.731 0.000 0.000 0.000 2.0 0.096 1.000 0.000
0.0 0.0 0.0 0.0 0.0 1.0 0.0 0.0 0.0 0.0 0.692 0.000 0.000 0.000 2.0 0.346 0.986 0.000
0.0 1.0 0.0 0.0 0.0 0.0 0.0 0.0 1.0 0.0 0.038 0.000 0.000 0.000 2.0 0.058 0.028 0.000
0.0 0.0 0.0 0.0 0.0 0.0 1.0 0.0 1.0 0.0 0.731 0.000 0.000 0.000 2.0 0.077 0.986 0.000
0.0 0.0 0.0 0.0 0.0 1.0 0.0 0.0 0.0 0.0 0.692 0.000 0.000 0.000 2.0 0.365 0.986 0.000
0.0 0.0 0.0 1.0 0.0 0.0 0.0 0.0 0.0 0.0 0.769 0.000 0.000 0.000 2.0 0.096 1.000 0.000
1.0 0.0 0.0 0.0 0.0 0.0 0.0 0.0 1.0 0.0 0.038 0.000 0.000 0.000 2.0 0.058 0.028 0.000
0.0 0.0 0.0 0.0 0.0 0.0 1.0 0.0 0.0 0.0 0.731 0.000 0.000 0.000 2.0 0.135 1.000 0.000
0.0 0.0 0.0 0.0 0.0 1.0 0.0 0.0 0.0 0.0 0.692 0.000 0.000 0.000 2.0 0.365 0.986 0.000
0.0 1.0 0.0 0.0 0.0 0.0 0.0 0.0 1.0 0.0 0.038 0.000 0.000 0.000 2.0 0.077 0.028 0.000
0.0 0.0 0.0 0.0 0.0 0.0 1.0 0.0 0.0 0.0 0.731 0.000 0.000 0.000 2.0 0.096 1.000 0.000
0.0 1.0 0.0 0.0 0.0 0.0 0.0 0.0 1.0 0.0 0.038 0.000 0.000 0.000 2.0 0.058 0.028 0.000
0.0 0.0 0.0 0.0 0.0 1.0 0.0 0.0 0.0 0.0 0.692 0.000 0.000 0.000 2.0 0.365 0.986 0.000
0.0 0.0 0.0 1.0 0.0 0.0 0.0 0.0 0.0 0.0 0.654 0.000 0.000 0.000 4.0 0.596 0.986 0.000
0.0 0.0 0.0 0.0 0.0 1.0 0.0 0.0 0.0 0.0 0.577 0.000 0.000 0.000 2.0 0.385 0.423 0.000
0.0 1.0 0.0 0.0 0.0 0.0 0.0 0.0 0.0 0.0 0.538 0.000 0.000 0.000 2.0 0.269 0.282 0.000
0.0 1.0 0.0 0.0 0.0 0.0 0.0 0.0 0.0 0.0 0.615 0.000 0.000 0.000 2.0 0.288 0.268 0.000
0.0 0.0 0.0 1.0 0.0 0.0 0.0 0.0 0.0 0.0 0.462 0.231 0.269 0.250 4.0 1.000 0.746 0.400
0.0 0.0 0.0 1.0 0.0 0.0 0.0 0.0 0.0 0.0 0.423 0.269 0.308 0.288 4.0 0.596 0.634 0.400
0.0 1.0 0.0 0.0 0.0 0.0 0.0 0.0 0.0 0.0 0.385 0.308 0.346 0.327 2.0 0.269 0.225 0.400
0.0 1.0 0.0 0.0 0.0 0.0 0.0 0.0 0.0 0.0 0.308 0.385 0.423 0.404 2.0 0.288 0.225 0.400
0.0 0.0 0.0 1.0 0.0 0.0 0.0 0.0 0.0 0.0 0.423 0.269 0.308 0.288 4.0 0.558 0.634 0.400
0.0 1.0 0.0 0.0 0.0 0.0 0.0 0.0 0.0 0.0 0.385 0.308 0.346 0.327 2.0 0.288 0.254 0.400
0.0 1.0 0.0 0.0 0.0 0.0 0.0 0.0 0.0 0.0 0.346 0.346 0.385 0.365 2.0 0.269 0.225 0.400
0.0 0.0 0.0 1.0 0.0 0.0 0.0 0.0 0.0 0.0 0.385 0.308 0.346 0.327 4.0 0.442 0.648 0.400
0.0 1.0 0.0 0.0 0.0 0.0 0.0 0.0 0.0 0.0 0.346 0.346 0.385 0.365 2.0 0.288 0.239 0.400
0.0 1.0 0.0 0.0 0.0 0.0 0.0 0.0 0.0 0.0 0.346 0.346 0.385 0.365 2.0 0.269 0.254 0.400
0.0 1.0 0.0 0.0 0.0 0.0 0.0 0.0 0.0 0.0 0.308 0.385 0.423 0.404 2.0 0.288 0.225 0.400
0.0 0.0 0.0 1.0 0.0 0.0 0.0 0.0 0.0 0.0 0.385 0.308 0.346 0.327 4.0 0.442 0.648 0.400
0.0 1.0 0.0 0.0 0.0 0.0 0.0 0.0 0.0 0.0 0.308 0.385 0.423 0.404 2.0 0.288 0.225 0.400
0.0 1.0 0.0 0.0 0.0 0.0 0.0 0.0 0.0 0.0 0.346 0.346 0.385 0.365 2.0 0.288 0.239 0.400
0.0 1.0 0.0 0.0 0.0 0.0 0.0 0.0 0.0 0.0 0.346 0.346 0.385 0.365 2.0 0.269 0.225 0.400
0.0 0.0 0.0 0.0 0.0 0.0 1.0 0.0 1.0 0.0 0.923 0.000 0.000 0.000 2.0 0.077 0.972 0.000
0.0 0.0 0.0 0.0 0.0 1.0 0.0 0.0 0.0 0.0 0.885 0.000 0.000 0.000 2.0 0.404 0.972 0.000
0.0 0.0 0.0 0.0 0.0 0.0 1.0 0.0 1.0 1.0 0.923 0.000 0.000 0.000 2.0 0.077 0.972 0.200
0.0 0.0 0.0 0.0 0.0 1.0 0.0 0.0 0.0 0.0 0.885 0.038 0.038 0.038 2.0 0.423 0.972 0.200
0.0 0.0 0.0 0.0 0.0 1.0 0.0 0.0 0.0 0.0 1.000 0.000 0.000 0.000 2.0 0.096 0.986 0.000
0.0 1.0 0.0 0.0 0.0 0.0 0.0 0.0 0.0 0.0 0.962 0.000 0.000 0.000 2.0 0.115 0.986 0.000
0.0 0.0 0.0 1.0 0.0 0.0 0.0 0.0 1.0 0.0 0.923 0.000 0.000 0.000 3.0 0.212 0.972 0.000
0.0 1.0 0.0 0.0 0.0 0.0 0.0 0.0 0.0 0.0 0.885 0.000 0.000 0.000 1.0 0.250 0.972 0.000
0.0 0.0 0.0 0.0 0.0 1.0 0.0 0.0 1.0 0.0 0.923 0.000 0.000 0.000 2.0 0.115 0.972 0.000
0.0 0.0 0.0 0.0 0.0 1.0 0.0 0.0 0.0 0.0 0.885 0.000 0.000 0.000 2.0 0.442 0.972 0.000
0.0 0.0 0.0 0.0 0.0 0.0 1.0 0.0 1.0 0.0 0.923 0.000 0.000 0.000 2.0 0.077 0.972 0.000
0.0 0.0 0.0 0.0 0.0 1.0 0.0 0.0 0.0 0.0 0.885 0.000 0.000 0.000 2.0 0.385 0.972 0.000
0.0 0.0 0.0 1.0 0.0 0.0 0.0 0.0 0.0 0.0 0.846 0.077 0.077 0.077 4.0 0.635 0.972 0.200
0.0 1.0 0.0 0.0 0.0 0.0 0.0 0.0 0.0 0.0 0.423 0.500 0.500 0.500 2.0 0.250 0.437 0.200
0.0 0.0 0.0 1.0 0.0 0.0 0.0 0.0 0.0 0.0 0.385 0.538 0.538 0.538 2.0 0.269 0.423 0.200
0.0 1.0 0.0 0.0 0.0 0.0 0.0 0.0 0.0 0.0 0.346 0.577 0.577 0.577 2.0 0.231 0.225 0.200
0.0 1.0 0.0 0.0 0.0 0.0 0.0 0.0 0.0 0.0 0.346 0.577 0.577 0.577 2.0 0.346 0.254 0.200
0.0 0.0 0.0 0.0 0.0 0.0 1.0 0.0 1.0 0.0 0.923 0.000 0.000 0.000 2.0 0.077 0.972 0.000
0.0 0.0 0.0 0.0 0.0 1.0 0.0 0.0 0.0 0.0 0.885 0.000 0.000 0.000 2.0 0.385 0.972 0.000
0.0 0.0 0.0 0.0 0.0 0.0 1.0 0.0 0.0 0.0 0.923 0.000 0.000 0.000 2.0 0.096 0.986 0.000
0.0 1.0 0.0 0.0 0.0 0.0 0.0 0.0 1.0 0.0 0.038 0.000 0.000 0.000 2.0 0.058 0.028 0.000
0.0 0.0 0.0 0.0 0.0 1.0 0.0 0.0 0.0 0.0 0.885 0.000 0.000 0.000 2.0 0.423 0.972 0.000
0.0 0.0 0.0 0.0 0.0 0.0 1.0 0.0 1.0 0.0 0.923 0.000 0.000 0.000 2.0 0.077 0.972 0.000
0.0 0.0 0.0 0.0 0.0 1.0 0.0 0.0 0.0 0.0 0.885 0.000 0.000 0.000 2.0 0.404 0.972 0.000
0.0 0.0 0.0 0.0 0.0 0.0 1.0 0.0 1.0 0.0 0.923 0.000 0.000 0.000 2.0 0.077 0.972 0.000
0.0 0.0 0.0 0.0 0.0 1.0 0.0 0.0 0.0 0.0 0.885 0.000 0.000 0.000 2.0 0.365 0.972 0.000
0.0 0.0 0.0 1.0 0.0 0.0 0.0 0.0 0.0 0.0 0.846 0.000 0.000 0.000 4.0 0.577 0.972 0.000
0.0 1.0 0.0 0.0 0.0 0.0 0.0 0.0 0.0 0.0 0.423 0.000 0.000 0.000 2.0 0.231 0.437 0.000
0.0 0.0 0.0 1.0 0.0 0.0 0.0 0.0 0.0 0.0 0.385 0.000 0.000 0.000 2.0 0.269 0.423 0.000
0.0 1.0 0.0 0.0 0.0 0.0 0.0 0.0 0.0 0.0 0.346 0.000 0.000 0.000 2.0 0.231 0.225 0.000
0.0 1.0 0.0 0.0 0.0 0.0 0.0 0.0 0.0 0.0 0.346 0.000 0.000 0.000 2.0 0.346 0.239 0.000
0.0 0.0 0.0 0.0 0.0 0.0 1.0 0.0 1.0 1.0 0.923 0.000 0.000 0.000 2.0 0.077 0.958 0.200
0.0 0.0 0.0 0.0 0.0 1.0 0.0 0.0 0.0 0.0 0.885 0.038 0.038 0.038 2.0 0.385 0.958 0.200
0.0 0.0 0.0 0.0 0.0 0.0 1.0 0.0 1.0 0.0 0.923 0.000 0.000 0.000 2.0 0.077 0.958 0.000
0.0 0.0 0.0 0.0 0.0 1.0 0.0 0.0 0.0 0.0 0.885 0.000 0.000 0.000 2.0 0.404 0.958 0.000
0.0 0.0 0.0 0.0 0.0 0.0 1.0 0.0 0.0 0.0 0.923 0.000 0.000 0.000 2.0 0.096 0.972 0.000
0.0 1.0 0.0 0.0 0.0 0.0 0.0 0.0 1.0 0.0 0.038 0.000 0.000 0.000 2.0 0.058 0.028 0.000
0.0 0.0 0.0 0.0 0.0 1.0 0.0 0.0 0.0 0.0 0.885 0.000 0.000 0.000 2.0 0.423 0.958 0.000
0.0 0.0 0.0 0.0 0.0 0.0 1.0 0.0 1.0 0.0 0.923 0.000 0.000 0.000 2.0 0.077 0.958 0.000
0.0 0.0 0.0 0.0 0.0 1.0 0.0 0.0 0.0 0.0 0.885 0.000 0.000 0.000 2.0 0.365 0.958 0.000
0.0 0.0 0.0 1.0 0.0 0.0 0.0 0.0 0.0 0.0 0.846 0.077 0.077 0.077 4.0 0.615 0.958 0.200
0.0 0.0 0.0 0.0 0.0 1.0 0.0 0.0 0.0 0.0 0.423 0.500 0.500 0.500 2.0 0.365 0.394 0.200
0.0 1.0 0.0 0.0 0.0 0.0 0.0 0.0 0.0 0.0 0.385 0.538 0.538 0.538 2.0 0.250 0.254 0.200
0.0 1.0 0.0 0.0 0.0 0.0 0.0 0.0 0.0 0.0 0.346 0.346 0.577 0.436 1.0 0.635 0.239 0.600
0.0 1.0 0.0 0.0 0.0 0.0 0.0 0.0 0.0 0.0 0.346 0.577 0.577 0.577 2.0 0.308 0.225 0.200
0.0 0.0 0.0 0.0 0.0 1.0 0.0 0.0 0.0 0.0 0.962 0.000 0.000 0.000 2.0 0.096 0.972 0.000
0.0 1.0 0.0 0.0 0.0 0.0 0.0 0.0 0.0 0.0 0.923 0.000 0.000 0.000 2.0 0.135 0.972 0.000
0.0 0.0 0.0 0.0 0.0 1.0 0.0 0.0 0.0 0.0 0.885 0.000 0.000 0.000 3.0 0.423 0.958 0.000
0.0 1.0 0.0 0.0 0.0 0.0 0.0 0.0 1.0 0.0 0.038 0.000 0.000 0.000 1.0 0.096 0.014 0.000
0.0 0.0 0.0 0.0 0.0 1.0 0.0 0.0 1.0 0.0 0.923 0.000 0.000 0.000 2.0 0.115 0.958 0.000
0.0 0.0 0.0 0.0 0.0 1.0 0.0 0.0 0.0 0.0 0.885 0.000 0.000 0.000 2.0 0.404 0.958 0.000
0.0 0.0 0.0 1.0 0.0 0.0 0.0 0.0 0.0 0.0 1.000 0.000 0.000 0.000 2.0 0.096 0.986 0.000
0.0 1.0 0.0 0.0 0.0 0.0 0.0 0.0 0.0 0.0 0.962 0.000 0.000 0.000 2.0 0.115 0.972 0.000
0.0 0.0 0.0 0.0 0.0 1.0 0.0 0.0 0.0 0.0 0.923 0.000 0.000 0.000 2.0 0.173 0.958 0.000
0.0 1.0 0.0 0.0 0.0 0.0 0.0 0.0 0.0 0.0 0.962 0.000 0.000 0.000 2.0 0.115 0.972 0.000
0.0 0.0 0.0 1.0 0.0 0.0 0.0 0.0 0.0 0.0 0.923 0.000 0.000 0.000 2.0 0.173 0.958 0.000
0.0 0.0 0.0 0.0 0.0 1.0 0.0 0.0 0.0 0.0 0.885 0.000 0.000 0.000 2.0 0.500 0.958 0.000
0.0 0.0 0.0 1.0 0.0 0.0 0.0 0.0 0.0 0.0 0.962 0.000 0.000 0.000 2.0 0.096 0.972 0.000
1.0 0.0 0.0 0.0 0.0 0.0 0.0 0.0 1.0 0.0 0.038 0.000 0.000 0.000 2.0 0.058 0.028 0.000
0.0 0.0 0.0 0.0 0.0 0.0 1.0 0.0 0.0 0.0 0.923 0.000 0.000 0.000 2.0 0.135 0.972 0.000
0.0 0.0 0.0 0.0 0.0 1.0 0.0 0.0 0.0 0.0 0.885 0.000 0.000 0.000 2.0 0.462 0.958 0.000
0.0 1.0 0.0 0.0 0.0 0.0 0.0 0.0 1.0 0.0 0.038 0.000 0.000 0.000 2.0 0.077 0.028 0.000
0.0 0.0 0.0 0.0 0.0 0.0 1.0 0.0 1.0 1.0 0.923 0.000 0.000 0.000 2.0 0.077 0.958 0.200
0.0 0.0 0.0 0.0 0.0 1.0 0.0 0.0 0.0 0.0 0.885 0.038 0.038 0.038 2.0 0.385 0.958 0.200
0.0 0.0 0.0 1.0 0.0 0.0 0.0 0.0 0.0 0.0 0.846 0.077 0.077 0.077 4.0 0.673 0.958 0.200
0.0 0.0 0.0 0.0 0.0 1.0 0.0 0.0 0.0 0.0 0.423 0.500 0.500 0.500 2.0 0.385 0.366 0.200
0.0 1.0 0.0 0.0 0.0 0.0 0.0 0.0 0.0 0.0 0.385 0.538 0.538 0.538 2.0 0.212 0.239 0.200
0.0 1.0 0.0 0.0 0.0 0.0 0.0 0.0 0.0 0.0 0.346 0.346 0.577 0.436 1.0 0.558 0.225 0.600
0.0 0.0 0.0 0.0 0.0 0.0 1.0 0.0 0.0 0.0 0.308 0.385 0.615 0.531 2.0 0.788 0.225 1.000
0.0 0.0 0.0 0.0 0.0 0.0 1.0 0.0 0.0 0.0 0.269 0.423 0.654 0.569 2.0 0.288 0.169 1.000
0.0 0.0 0.0 0.0 0.0 0.0 0.0 1.0 0.0 0.0 0.231 0.462 0.692 0.608 2.0 0.231 0.127 1.000
0.0 0.0 0.0 0.0 0.0 0.0 1.0 0.0 1.0 0.0 0.077 0.615 0.846 0.762 2.0 0.096 0.042 1.000
0.0 0.0 0.0 1.0 0.0 0.0 0.0 0.0 1.0 0.0 0.038 0.654 0.885 0.800 2.0 0.058 0.028 1.000
0.0 0.0 0.0 0.0 0.0 0.0 1.0 0.0 0.0 0.0 0.077 0.615 0.846 0.762 2.0 0.231 0.056 1.000
0.0 0.0 0.0 0.0 0.0 0.0 1.0 0.0 1.0 0.0 0.038 0.654 0.885 0.800 2.0 0.077 0.028 1.000
0.0 1.0 0.0 0.0 0.0 0.0 0.0 0.0 1.0 0.0 0.038 0.654 0.885 0.800 2.0 0.077 0.028 1.000
0.0 1.0 0.0 0.0 0.0 0.0 0.0 0.0 0.0 0.0 0.346 0.346 0.577 0.471 1.0 0.558 0.211 0.800
0.0 0.0 0.0 0.0 0.0 0.0 1.0 0.0 0.0 0.0 0.308 0.385 0.615 0.531 2.0 0.538 0.211 1.000
0.0 0.0 0.0 0.0 0.0 0.0 1.0 0.0 0.0 0.0 0.269 0.423 0.654 0.569 2.0 0.308 0.155 1.000
0.0 0.0 0.0 0.0 0.0 0.0 0.0 1.0 0.0 0.0 0.231 0.462 0.692 0.608 2.0 0.173 0.099 1.000
0.0 0.0 0.0 0.0 0.0 0.0 0.0 1.0 0.0 0.0 0.192 0.500 0.731 0.646 2.0 0.212 0.070 1.000
0.0 0.0 0.0 0.0 0.0 0.0 1.0 0.0 1.0 0.0 0.038 0.654 0.885 0.800 2.0 0.096 0.028 1.000
0.0 0.0 0.0 1.0 0.0 0.0 0.0 0.0 0.0 0.0 0.154 0.538 0.769 0.685 2.0 0.173 0.042 1.000
0.0 0.0 0.0 1.0 0.0 0.0 0.0 0.0 1.0 0.0 0.077 0.615 0.846 0.762 2.0 0.135 0.028 1.000
0.0 1.0 0.0 0.0 0.0 0.0 0.0 0.0 0.0 0.0 0.115 0.577 0.808 0.723 2.0 0.115 0.042 1.000
0.0 0.0 0.0 0.0 1.0 0.0 0.0 0.0 1.0 0.0 0.077 0.615 0.846 0.762 2.0 0.115 0.028 1.000
0.0 0.0 0.0 1.0 0.0 0.0 0.0 0.0 1.0 0.0 0.038 0.654 0.885 0.800 2.0 0.077 0.028 1.000
0.0 0.0 0.0 0.0 0.0 0.0 1.0 0.0 0.0 0.0 0.115 0.577 0.808 0.723 2.0 0.231 0.056 1.000
0.0 0.0 0.0 0.0 0.0 0.0 1.0 0.0 1.0 0.0 0.038 0.654 0.885 0.800 2.0 0.077 0.028 1.000
0.0 0.0 0.0 0.0 0.0 0.0 1.0 0.0 1.0 0.0 0.077 0.615 0.846 0.762 2.0 0.135 0.028 1.000
0.0 0.0 0.0 0.0 0.0 0.0 1.0 0.0 0.0 0.0 0.308 0.385 0.615 0.531 2.0 0.788 0.239 1.000
0.0 0.0 0.0 0.0 0.0 0.0 1.0 0.0 0.0 0.0 0.269 0.423 0.654 0.569 2.0 0.231 0.127 1.000
0.0 1.0 0.0 0.0 0.0 0.0 0.0 0.0 0.0 0.0 0.231 0.462 0.692 0.608 2.0 0.135 0.099 1.000
0.0 0.0 0.0 1.0 0.0 0.0 0.0 0.0 0.0 0.0 0.192 0.500 0.731 0.646 2.0 0.154 0.085 1.000
0.0 0.0 0.0 1.0 0.0 0.0 0.0 0.0 0.0 0.0 0.115 0.577 0.808 0.723 2.0 0.173 0.070 1.000
0.0 1.0 0.0 0.0 0.0 0.0 0.0 0.0 0.0 0.0 0.154 0.538 0.769 0.685 2.0 0.135 0.085 1.000
0.0 0.0 0.0 0.0 1.0 0.0 0.0 0.0 0.0 0.0 0.115 0.577 0.808 0.723 2.0 0.154 0.070 1.000
0.0 0.0 0.0 0.0 0.0 0.0 1.0 0.0 1.0 0.0 0.038 0.654 0.885 0.800 2.0 0.115 0.028 1.000
0.0 0.0 0.0 0.0 0.0 0.0 0.0 1.0 0.0 0.0 0.077 0.615 0.846 0.762 2.0 0.173 0.042 1.000
0.0 1.0 0.0 0.0 0.0 0.0 0.0 0.0 1.0 0.0 0.038 0.654 0.885 0.800 2.0 0.096 0.028 1.000
0.0 1.0 0.0 0.0 0.0 0.0 0.0 0.0 1.0 0.0 0.038 0.654 0.885 0.800 1.0 0.173 0.014 1.000
0.0 0.0 0.0 1.0 0.0 0.0 0.0 0.0 1.0 0.0 0.038 0.654 0.885 0.800 2.0 0.077 0.028 1.000
0.0 0.0 0.0 0.0 0.0 0.0 1.0 0.0 0.0 0.0 0.154 0.538 0.769 0.685 2.0 0.327 0.113 1.000
0.0 0.0 0.0 0.0 0.0 0.0 0.0 1.0 0.0 0.0 0.115 0.577 0.808 0.723 2.0 0.192 0.056 1.000
0.0 0.0 0.0 0.0 0.0 0.0 1.0 0.0 1.0 0.0 0.038 0.654 0.885 0.800 2.0 0.096 0.028 1.000
0.0 0.0 0.0 0.0 0.0 0.0 1.0 0.0 1.0 0.0 0.077 0.615 0.846 0.762 2.0 0.154 0.028 1.000
0.0 1.0 0.0 0.0 0.0 0.0 0.0 0.0 1.0 0.0 0.038 0.654 0.885 0.800 1.0 0.154 0.014 1.000
0.0 0.0 0.0 1.0 0.0 0.0 0.0 0.0 0.0 0.0 0.808 0.115 0.115 0.115 2.0 0.750 0.789 0.600
0.0 0.0 0.0 1.0 0.0 0.0 0.0 0.0 0.0 0.0 0.769 0.154 0.154 0.154 2.0 0.385 0.761 0.600
0.0 0.0 0.0 1.0 0.0 0.0 0.0 0.0 0.0 0.0 0.731 0.192 0.192 0.192 3.0 0.250 0.676 0.600
0.0 1.0 0.0 0.0 0.0 0.0 0.0 0.0 0.0 0.0 0.692 0.231 0.231 0.231 2.0 0.192 0.634 0.600
0.0 1.0 0.0 0.0 0.0 0.0 0.0 0.0 0.0 0.0 0.577 0.346 0.346 0.346 3.0 0.519 0.408 0.600
0.0 0.0 0.0 1.0 0.0 0.0 0.0 0.0 0.0 0.0 0.615 0.308 0.308 0.308 3.0 0.288 0.620 0.600
0.0 1.0 0.0 0.0 0.0 0.0 0.0 0.0 0.0 0.0 0.500 0.423 0.423 0.423 2.0 0.231 0.282 0.600
0.0 1.0 0.0 0.0 0.0 0.0 0.0 0.0 0.0 0.0 0.385 0.538 0.538 0.538 2.0 0.308 0.254 0.600
0.0 0.0 0.0 1.0 0.0 0.0 0.0 0.0 0.0 0.0 0.769 0.154 0.154 0.154 2.0 0.288 0.746 0.600
0.0 0.0 0.0 1.0 0.0 0.0 0.0 0.0 0.0 0.0 0.731 0.192 0.192 0.192 2.0 0.192 0.662 0.600
0.0 0.0 0.0 1.0 0.0 0.0 0.0 0.0 0.0 0.0 0.654 0.269 0.269 0.269 3.0 0.404 0.620 0.600
0.0 0.0 0.0 1.0 0.0 0.0 0.0 0.0 0.0 0.0 0.577 0.346 0.346 0.346 2.0 0.269 0.507 0.600
0.0 0.0 0.0 1.0 0.0 0.0 0.0 0.0 0.0 0.0 0.615 0.308 0.308 0.308 2.0 0.365 0.521 0.600
0.0 0.0 0.0 1.0 0.0 0.0 0.0 0.0 0.0 0.0 0.577 0.346 0.346 0.346 2.0 0.173 0.296 0.600
0.0 1.0 0.0 0.0 0.0 0.0 0.0 0.0 0.0 0.0 0.538 0.385 0.385 0.385 2.0 0.327 0.282 0.600
0.0 1.0 0.0 0.0 0.0 0.0 0.0 0.0 0.0 0.0 0.500 0.423 0.423 0.423 2.0 0.212 0.282 0.600
0.0 1.0 0.0 0.0 0.0 0.0 0.0 0.0 0.0 0.0 0.692 0.231 0.231 0.231 2.0 0.173 0.634 0.600
0.0 0.0 1.0 0.0 0.0 0.0 0.0 0.0 0.0 0.0 0.654 0.269 0.269 0.269 3.0 0.288 0.620 0.600
0.0 1.0 0.0 0.0 0.0 0.0 0.0 0.0 0.0 0.0 0.538 0.385 0.385 0.385 2.0 0.308 0.282 0.600
0.0 1.0 0.0 0.0 0.0 0.0 0.0 0.0 0.0 0.0 0.500 0.423 0.423 0.423 1.0 0.615 0.268 0.600
0.0 0.0 0.0 1.0 0.0 0.0 0.0 0.0 0.0 0.0 0.462 0.231 0.462 0.377 2.0 0.673 0.268 1.000
0.0 0.0 0.0 0.0 1.0 0.0 0.0 0.0 0.0 0.0 0.385 0.308 0.538 0.454 2.0 0.288 0.254 1.000
0.0 1.0 0.0 0.0 0.0 0.0 0.0 0.0 0.0 0.0 0.423 0.269 0.500 0.415 2.0 0.212 0.268 1.000
0.0 0.0 0.0 1.0 0.0 0.0 0.0 0.0 0.0 0.0 0.385 0.308 0.538 0.454 2.0 0.192 0.254 1.000
0.0 0.0 0.0 1.0 0.0 0.0 0.0 0.0 0.0 0.0 0.346 0.346 0.577 0.492 2.0 0.212 0.183 1.000
0.0 1.0 0.0 0.0 0.0 0.0 0.0 0.0 0.0 0.0 0.269 0.423 0.654 0.569 2.0 0.173 0.155 1.000
0.0 0.0 0.0 0.0 0.0 0.0 1.0 0.0 0.0 0.0 0.308 0.385 0.615 0.531 2.0 0.154 0.183 1.000
0.0 1.0 0.0 0.0 0.0 0.0 0.0 0.0 0.0 0.0 0.269 0.423 0.654 0.569 2.0 0.154 0.155 1.000
0.0 0.0 0.0 0.0 0.0 0.0 1.0 0.0 0.0 0.0 0.231 0.462 0.692 0.608 2.0 0.250 0.141 1.000
0.0 0.0 0.0 1.0 0.0 0.0 0.0 0.0 1.0 0.0 0.038 0.654 0.885 0.800 2.0 0.077 0.028 1.000
0.0 0.0 0.0 0.0 0.0 0.0 0.0 1.0 0.0 0.0 0.192 0.500 0.731 0.646 2.0 0.192 0.070 1.000
0.0 0.0 0.0 0.0 0.0 0.0 1.0 0.0 1.0 0.0 0.038 0.654 0.885 0.800 2.0 0.096 0.028 1.000
0.0 0.0 0.0 1.0 0.0 0.0 0.0 0.0 0.0 0.0 0.154 0.538 0.769 0.685 2.0 0.173 0.042 1.000
0.0 0.0 0.0 0.0 1.0 0.0 0.0 0.0 1.0 0.0 0.077 0.615 0.846 0.762 2.0 0.115 0.028 1.000
0.0 1.0 0.0 0.0 0.0 0.0 0.0 0.0 0.0 0.0 0.115 0.577 0.808 0.723 2.0 0.115 0.042 1.000
0.0 0.0 0.0 1.0 0.0 0.0 0.0 0.0 1.0 0.0 0.077 0.615 0.846 0.762 2.0 0.096 0.028 1.000
0.0 1.0 0.0 0.0 0.0 0.0 0.0 0.0 1.0 0.0 0.038 0.654 0.885 0.800 1.0 0.096 0.014 1.000
0.0 1.0 0.0 0.0 0.0 0.0 0.0 0.0 0.0 0.0 0.385 0.308 0.538 0.481 1.0 0.731 0.239 0.800
0.0 0.0 0.0 0.0 0.0 0.0 1.0 0.0 0.0 0.0 0.346 0.346 0.577 0.492 2.0 0.692 0.239 1.000
0.0 0.0 0.0 0.0 0.0 0.0 0.0 1.0 0.0 0.0 0.308 0.385 0.615 0.531 2.0 0.327 0.113 1.000
0.0 0.0 0.0 0.0 0.0 0.0 0.0 1.0 1.0 0.0 0.038 0.654 0.885 0.800 2.0 0.077 0.028 1.000
0.0 0.0 0.0 0.0 0.0 0.0 0.0 1.0 0.0 0.0 0.231 0.462 0.692 0.608 2.0 0.365 0.127 1.000
0.0 0.0 0.0 0.0 0.0 0.0 1.0 0.0 0.0 0.0 0.192 0.500 0.731 0.646 2.0 0.154 0.070 1.000
0.0 0.0 0.0 1.0 0.0 0.0 0.0 0.0 1.0 0.0 0.038 0.654 0.885 0.800 2.0 0.077 0.028 1.000
0.0 0.0 0.0 1.0 0.0 0.0 0.0 0.0 0.0 0.0 0.154 0.538 0.769 0.685 2.0 0.154 0.042 1.000
0.0 0.0 0.0 1.0 0.0 0.0 0.0 0.0 1.0 0.0 0.077 0.615 0.846 0.762 2.0 0.115 0.028 1.000
0.0 1.0 0.0 0.0 0.0 0.0 0.0 0.0 0.0 0.0 0.115 0.577 0.808 0.723 2.0 0.115 0.042 1.000
0.0 0.0 0.0 0.0 0.0 1.0 0.0 0.0 1.0 0.0 0.077 0.615 0.846 0.762 2.0 0.096 0.028 1.000
0.0 1.0 0.0 0.0 0.0 0.0 0.0 0.0 1.0 0.0 0.038 0.654 0.885 0.800 1.0 0.096 0.014 1.000
0.0 1.0 0.0 0.0 0.0 0.0 0.0 0.0 0.0 0.0 0.615 0.308 0.308 0.308 2.0 0.231 0.268 0.600
0.0 1.0 0.0 0.0 0.0 0.0 0.0 0.0 0.0 0.0 0.577 0.154 0.346 0.298 1.0 0.481 0.254 0.800
0.0 0.0 0.0 1.0 0.0 0.0 0.0 0.0 0.0 0.0 0.538 0.154 0.385 0.300 2.0 0.712 0.254 1.000
0.0 0.0 0.0 1.0 0.0 0.0 0.0 0.0 0.0 0.0 0.462 0.231 0.462 0.377 2.0 0.365 0.239 1.000
0.0 1.0 0.0 0.0 0.0 0.0 0.0 0.0 0.0 0.0 0.500 0.192 0.423 0.338 2.0 0.288 0.254 1.000
0.0 0.0 0.0 0.0 0.0 1.0 0.0 0.0 0.0 0.0 0.462 0.231 0.462 0.377 2.0 0.192 0.239 1.000
0.0 0.0 0.0 1.0 0.0 0.0 0.0 0.0 0.0 0.0 0.423 0.269 0.500 0.415 2.0 0.212 0.183 1.000
0.0 0.0 0.0 1.0 0.0 0.0 0.0 0.0 0.0 0.0 0.346 0.346 0.577 0.492 2.0 0.192 0.169 1.000
0.0 1.0 0.0 0.0 0.0 0.0 0.0 0.0 0.0 0.0 0.385 0.308 0.538 0.454 2.0 0.154 0.183 1.000
0.0 0.0 0.0 0.0 0.0 1.0 0.0 0.0 0.0 0.0 0.346 0.346 0.577 0.492 2.0 0.154 0.169 1.000
0.0 0.0 0.0 1.0 0.0 0.0 0.0 0.0 1.0 0.0 0.038 0.654 0.885 0.800 2.0 0.115 0.028 1.000
0.0 0.0 0.0 0.0 0.0 0.0 0.0 1.0 0.0 0.0 0.308 0.385 0.615 0.531 2.0 0.269 0.141 1.000
0.0 0.0 1.0 0.0 0.0 0.0 0.0 0.0 0.0 0.0 0.269 0.423 0.654 0.569 2.0 0.250 0.085 1.000
0.0 0.0 0.0 1.0 0.0 0.0 0.0 0.0 0.0 0.0 0.192 0.500 0.731 0.646 2.0 0.192 0.070 1.000
0.0 1.0 0.0 0.0 0.0 0.0 0.0 0.0 0.0 0.0 0.231 0.462 0.692 0.608 2.0 0.154 0.085 1.000
0.0 0.0 0.0 0.0 0.0 1.0 0.0 0.0 0.0 0.0 0.192 0.500 0.731 0.646 2.0 0.154 0.070 1.000
0.0 0.0 0.0 0.0 0.0 0.0 1.0 0.0 1.0 0.0 0.038 0.654 0.885 0.800 2.0 0.115 0.028 1.000
0.0 0.0 1.0 0.0 0.0 0.0 0.0 0.0 0.0 0.0 0.154 0.538 0.769 0.685 2.0 0.192 0.042 1.000
0.0 0.0 0.0 1.0 0.0 0.0 0.0 0.0 1.0 0.0 0.077 0.615 0.846 0.762 2.0 0.154 0.028 1.000
0.0 1.0 0.0 0.0 0.0 0.0 0.0 0.0 0.0 0.0 0.115 0.577 0.808 0.723 2.0 0.135 0.042 1.000
0.0 0.0 0.0 0.0 0.0 1.0 0.0 0.0 1.0 0.0 0.077 0.615 0.846 0.762 2.0 0.115 0.028 1.000
0.0 1.0 0.0 0.0 0.0 0.0 0.0 0.0 1.0 0.0 0.038 0.654 0.885 0.800 1.0 0.135 0.014 1.000
0.0 0.0 0.0 0.0 0.0 0.0 1.0 0.0 0.0 0.0 0.115 0.577 0.808 0.723 2.0 0.231 0.056 1.000
0.0 0.0 0.0 0.0 0.0 0.0 1.0 0.0 1.0 0.0 0.038 0.654 0.885 0.800 2.0 0.096 0.028 1.000
0.0 0.0 0.0 0.0 0.0 0.0 1.0 0.0 1.0 0.0 0.077 0.615 0.846 0.762 2.0 0.115 0.028 1.000
0.0 1.0 0.0 0.0 0.0 0.0 0.0 0.0 1.0 0.0 0.038 0.654 0.885 0.800 1.0 0.058 0.014 1.000
0.0 0.0 0.0 0.0 0.0 0.0 1.0 0.0 0.0 0.0 0.115 0.577 0.808 0.723 2.0 0.173 0.056 1.000
0.0 0.0 0.0 0.0 0.0 0.0 1.0 0.0 1.0 0.0 0.038 0.654 0.885 0.800 2.0 0.096 0.028 1.000
0.0 0.0 0.0 0.0 0.0 0.0 1.0 0.0 1.0 0.0 0.077 0.615 0.846 0.762 2.0 0.154 0.028 1.000
0.0 1.0 0.0 0.0 0.0 0.0 0.0 0.0 1.0 0.0 0.038 0.654 0.885 0.800 1.0 0.135 0.014 1.000
0.0 1.0 0.0 0.0 0.0 0.0 0.0 0.0 0.0 0.0 0.346 0.577 0.577 0.577 2.0 0.327 0.225 0.200
0.0 1.0 0.0 0.0 0.0 0.0 0.0 0.0 0.0 0.0 0.308 0.423 0.615 0.551 1.0 0.500 0.211 0.600
0.0 0.0 0.0 0.0 0.0 0.0 1.0 0.0 0.0 0.0 0.269 0.423 0.654 0.569 2.0 0.596 0.211 1.000
0.0 0.0 0.0 0.0 0.0 0.0 1.0 0.0 0.0 0.0 0.077 0.615 0.846 0.762 2.0 0.231 0.056 1.000
0.0 0.0 0.0 0.0 0.0 0.0 0.0 1.0 1.0 0.0 0.038 0.654 0.885 0.800 2.0 0.077 0.028 1.000
0.0 0.0 0.0 1.0 0.0 0.0 0.0 0.0 1.0 0.0 0.038 0.654 0.885 0.800 2.0 0.077 0.028 1.000
0.0 0.0 0.0 0.0 0.0 0.0 1.0 0.0 0.0 0.0 0.231 0.462 0.692 0.608 2.0 0.288 0.155 1.000
0.0 1.0 0.0 0.0 0.0 0.0 0.0 0.0 0.0 0.0 0.115 0.577 0.808 0.723 1.0 0.154 0.056 1.000
0.0 0.0 0.0 0.0 0.0 0.0 1.0 0.0 0.0 0.0 0.077 0.615 0.846 0.762 2.0 0.154 0.056 1.000
0.0 0.0 0.0 0.0 0.0 0.0 1.0 0.0 1.0 0.0 0.038 0.654 0.885 0.800 2.0 0.096 0.028 1.000
0.0 0.0 0.0 0.0 0.0 0.0 0.0 1.0 1.0 0.0 0.038 0.654 0.885 0.800 2.0 0.096 0.028 1.000
0.0 0.0 0.0 0.0 0.0 0.0 1.0 0.0 0.0 0.0 0.192 0.500 0.731 0.646 2.0 0.212 0.099 1.000
0.0 0.0 0.0 0.0 0.0 0.0 0.0 1.0 0.0 0.0 0.077 0.615 0.846 0.762 2.0 0.173 0.056 1.000
0.0 0.0 0.0 0.0 0.0 0.0 1.0 0.0 1.0 0.0 0.038 0.654 0.885 0.800 2.0 0.096 0.028 1.000
0.0 0.0 0.0 0.0 0.0 0.0 0.0 1.0 1.0 0.0 0.038 0.654 0.885 0.800 2.0 0.096 0.028 1.000
0.0 0.0 0.0 1.0 0.0 0.0 0.0 0.0 0.0 0.0 0.154 0.538 0.769 0.685 2.0 0.154 0.042 1.000
0.0 0.0 0.0 1.0 0.0 0.0 0.0 0.0 1.0 0.0 0.077 0.615 0.846 0.762 2.0 0.135 0.028 1.000
0.0 1.0 0.0 0.0 0.0 0.0 0.0 0.0 0.0 0.0 0.115 0.577 0.808 0.723 2.0 0.115 0.042 1.000
0.0 0.0 0.0 0.0 0.0 1.0 0.0 0.0 1.0 0.0 0.077 0.615 0.846 0.762 2.0 0.115 0.028 1.000
0.0 1.0 0.0 0.0 0.0 0.0 0.0 0.0 0.0 0.0 0.346 0.385 0.577 0.529 1.0 0.692 0.239 0.800
0.0 0.0 0.0 0.0 0.0 0.0 1.0 0.0 0.0 0.0 0.308 0.385 0.615 0.531 2.0 0.404 0.239 1.000
0.0 0.0 0.0 0.0 0.0 0.0 1.0 0.0 0.0 0.0 0.077 0.615 0.846 0.762 2.0 0.154 0.056 1.000
0.0 0.0 0.0 0.0 0.0 0.0 1.0 0.0 1.0 0.0 0.038 0.654 0.885 0.800 2.0 0.077 0.028 1.000
0.0 1.0 0.0 0.0 0.0 0.0 0.0 0.0 1.0 0.0 0.038 0.654 0.885 0.800 2.0 0.077 0.028 1.000
0.0 0.0 0.0 0.0 0.0 0.0 1.0 0.0 0.0 0.0 0.269 0.423 0.654 0.569 2.0 0.212 0.183 1.000
0.0 0.0 0.0 0.0 0.0 0.0 1.0 0.0 0.0 0.0 0.231 0.462 0.692 0.608 2.0 0.231 0.141 1.000
0.0 0.0 0.0 0.0 0.0 0.0 0.0 1.0 0.0 0.0 0.115 0.577 0.808 0.723 2.0 0.192 0.056 1.000
0.0 0.0 0.0 0.0 0.0 0.0 1.0 0.0 1.0 0.0 0.038 0.654 0.885 0.800 2.0 0.096 0.028 1.000
0.0 0.0 0.0 0.0 0.0 0.0 1.0 0.0 1.0 0.0 0.077 0.615 0.846 0.762 2.0 0.154 0.028 1.000
0.0 1.0 0.0 0.0 0.0 0.0 0.0 0.0 1.0 0.0 0.038 0.654 0.885 0.800 1.0 0.135 0.014 1.000
0.0 0.0 0.0 0.0 0.0 0.0 0.0 1.0 0.0 0.0 0.192 0.500 0.731 0.646 2.0 0.269 0.085 1.000
0.0 0.0 0.0 0.0 0.0 1.0 0.0 0.0 0.0 0.0 0.154 0.538 0.769 0.685 2.0 0.173 0.042 1.000
0.0 1.0 0.0 0.0 0.0 0.0 0.0 0.0 0.0 0.0 0.115 0.577 0.808 0.723 2.0 0.115 0.042 1.000
0.0 0.0 0.0 1.0 0.0 0.0 0.0 0.0 1.0 0.0 0.077 0.615 0.846 0.762 2.0 0.096 0.028 1.000
0.0 0.0 0.0 0.0 0.0 1.0 0.0 0.0 1.0 0.0 0.077 0.615 0.846 0.762 2.0 0.115 0.028 1.000
0.0 1.0 0.0 0.0 0.0 0.0 0.0 0.0 1.0 0.0 0.038 0.654 0.885 0.800 1.0 0.096 0.014 1.000
0.0 0.0 0.0 1.0 0.0 0.0 0.0 0.0 0.0 0.0 0.154 0.538 0.769 0.685 2.0 0.173 0.042 1.000
0.0 0.0 0.0 1.0 0.0 0.0 0.0 0.0 1.0 0.0 0.077 0.615 0.846 0.762 2.0 0.135 0.028 1.000
0.0 1.0 0.0 0.0 0.0 0.0 0.0 0.0 0.0 0.0 0.115 0.577 0.808 0.723 2.0 0.115 0.042 1.000
0.0 0.0 0.0 0.0 0.0 1.0 0.0 0.0 1.0 0.0 0.077 0.615 0.846 0.762 2.0 0.115 0.028 1.000
0.0 1.0 0.0 0.0 0.0 0.0 0.0 0.0 1.0 0.0 0.038 0.654 0.885 0.800 1.0 0.135 0.014 1.000
0.0 0.0 0.0 0.0 0.0 0.0 1.0 0.0 1.0 0.0 0.077 0.615 0.846 0.762 2.0 0.096 0.042 1.000
0.0 0.0 0.0 1.0 0.0 0.0 0.0 0.0 1.0 0.0 0.038 0.654 0.885 0.800 2.0 0.058 0.028 1.000
