0.0 0.0 1.0 0.0 0.0 0.0 0.0 0.0 0.0 0.0 0.343 0.229 0.286 1.0 0.273 0.160 0.686
0.0 0.0 1.0 0.0 0.0 0.0 0.0 0.0 0.0 0.0 0.343 0.229 0.286 1.0 0.273 0.160 0.686
0.0 0.0 1.0 0.0 0.0 0.0 0.0 0.0 0.0 0.0 0.371 0.200 0.257 1.0 0.327 0.160 0.686
1.0 0.0 0.0 0.0 0.0 0.0 0.0 0.0 0.0 0.0 0.400 0.171 0.229 3.0 0.364 0.160 0.457
1.0 0.0 0.0 0.0 0.0 0.0 0.0 0.0 0.0 0.0 0.400 0.171 0.229 1.0 0.218 0.173 0.457
1.0 0.0 0.0 0.0 0.0 0.0 0.0 0.0 0.0 0.0 0.400 0.171 0.229 1.0 0.218 0.173 0.457
1.0 0.0 0.0 0.0 0.0 0.0 0.0 0.0 0.0 0.0 0.400 0.171 0.229 1.0 0.273 0.173 0.457
1.0 0.0 0.0 0.0 0.0 0.0 0.0 0.0 0.0 0.0 0.400 0.171 0.229 1.0 0.218 0.173 0.457
1.0 0.0 0.0 0.0 0.0 0.0 0.0 0.0 0.0 0.0 0.429 0.143 0.200 1.0 0.109 0.173 0.457
0.0 1.0 0.0 0.0 0.0 0.0 0.0 0.0 0.0 0.0 0.429 0.143 0.200 2.0 0.364 0.400 0.457
0.0 1.0 0.0 0.0 0.0 0.0 0.0 0.0 0.0 0.0 0.457 0.114 0.171 2.0 0.364 0.387 0.457
0.0 1.0 0.0 0.0 0.0 0.0 0.0 0.0 0.0 0.0 0.514 0.086 0.086 2.0 0.545 0.600 0.457
0.0 1.0 0.0 0.0 0.0 0.0 0.0 0.0 0.0 0.0 0.514 0.086 0.143 2.0 0.545 0.600 0.457
0.0 1.0 0.0 0.0 0.0 0.0 0.0 0.0 0.0 0.0 0.543 0.086 0.086 1.0 0.327 0.667 0.029
0.0 1.0 0.0 0.0 0.0 0.0 0.0 0.0 0.0 0.0 0.543 0.057 0.057 1.0 0.327 0.667 0.029
0.0 1.0 0.0 0.0 0.0 0.0 0.0 0.0 0.0 0.0 0.543 0.057 0.057 1.0 0.327 0.667 0.029
