0.0 0.0 0.0 1.0 0.0 0.0 0.0 0.0 1.0 0.0 0.007 0.889 0.926 2.0 0.444 0.032 0.226
0.0 0.0 0.0 0.0 0.0 0.0 1.0 0.0 0.0 0.0 0.593 0.296 0.370 2.0 0.667 0.474 0.226
0.0 0.0 0.0 0.0 0.0 0.0 0.0 1.0 0.0 0.0 0.607 0.281 0.356 2.0 0.611 0.453 0.226
0.0 0.0 1.0 0.0 0.0 0.0 0.0 0.0 0.0 0.0 0.622 0.267 0.341 2.0 0.556 0.442 0.226
0.0 0.0 0.0 0.0 1.0 0.0 0.0 0.0 0.0 0.0 0.637 0.252 0.326 2.0 0.500 0.432 0.226
0.0 0.0 0.0 0.0 0.0 1.0 0.0 0.0 0.0 0.0 0.652 0.237 0.311 2.0 0.444 0.421 0.226
0.0 1.0 0.0 0.0 0.0 0.0 0.0 0.0 0.0 0.0 0.667 0.222 0.296 2.0 0.389 0.411 0.226
1.0 0.0 0.0 0.0 0.0 0.0 0.0 0.0 0.0 0.0 0.681 0.207 0.281 2.0 0.333 0.400 0.226
0.0 0.0 0.0 1.0 0.0 0.0 0.0 0.0 0.0 0.0 0.696 0.193 0.267 2.0 0.278 0.389 0.226
0.0 0.0 0.0 0.0 0.0 0.0 0.0 1.0 0.0 0.0 0.711 0.178 0.252 2.0 0.222 0.379 0.226
