0.0 0.0 0.0 1.0 0.0 0.0 0.0 0.0 1.0 0.0 0.007 0.444 0.926 2.0 0.444 0.021 0.774
0.0 0.0 0.0 0.0 0.0 0.0 1.0 0.0 0.0 0.0 0.407 0.037 0.548 2.0 0.611 0.442 0.774
0.0 0.0 0.0 0.0 0.0 0.0 1.0 0.0 0.0 0.0 0.407 0.037 0.548 2.0 0.611 0.442 0.774
0.0 0.0 1.0 0.0 0.0 0.0 0.0 0.0 0.0 0.0 0.422 0.022 0.533 2.0 0.611 0.453 0.774
0.0 0.0 0.0 0.0 0.0 0.0 1.0 0.0 0.0 0.0 0.415 0.030 0.541 2.0 0.556 0.442 0.774
0.0 0.0 0.0 0.0 0.0 0.0 1.0 0.0 0.0 0.0 0.430 0.015 0.526 2.0 0.667 0.463 0.774
0.0 0.0 0.0 0.0 0.0 0.0 1.0 0.0 0.0 0.0 0.437 0.007 0.007 2.0 0.500 0.463 0.032
0.0 0.0 0.0 0.0 0.0 0.0 1.0 0.0 0.0 0.0 0.437 0.007 0.007 2.0 0.444 0.463 0.032
0.0 0.0 0.0 0.0 0.0 0.0 1.0 0.0 0.0 0.0 0.437 0.052 0.519 2.0 0.944 0.463 0.742
0.0 0.0 0.0 0.0 0.0 0.0 1.0 0.0 0.0 1.0 0.444 0.000 0.000 2.0 0.389 0.463 0.032
