0.0 0.0 1.0 0.0 0.0 0.0 0.0 0.0 0.0 0.0 0.086 0.714 0.800 2.0 0.164 0.027 0.914
0.0 0.0 1.0 0.0 0.0 0.0 0.0 0.0 0.0 0.0 0.114 0.686 0.771 2.0 0.200 0.053 0.914
1.0 0.0 0.0 0.0 0.0 0.0 0.0 0.0 0.0 0.0 0.171 0.629 0.714 2.0 0.145 0.067 0.914
0.0 0.0 1.0 0.0 0.0 0.0 0.0 0.0 0.0 0.0 0.143 0.657 0.743 2.0 0.164 0.053 0.914
0.0 0.0 1.0 0.0 0.0 0.0 0.0 0.0 0.0 0.0 0.143 0.657 0.743 2.0 0.200 0.053 0.914
0.0 0.0 1.0 0.0 0.0 0.0 0.0 0.0 0.0 0.0 0.200 0.600 0.686 2.0 0.200 0.067 0.914
0.0 0.0 1.0 0.0 0.0 0.0 0.0 0.0 0.0 0.0 0.457 0.343 0.429 2.0 0.182 0.253 0.914
0.0 0.0 1.0 0.0 0.0 0.0 0.0 0.0 0.0 0.0 0.514 0.286 0.371 2.0 0.364 0.267 0.914
0.0 0.0 1.0 0.0 0.0 0.0 0.0 0.0 0.0 0.0 0.543 0.257 0.343 2.0 0.382 0.280 0.914
0.0 0.0 1.0 0.0 0.0 0.0 0.0 0.0 0.0 0.0 0.571 0.229 0.314 2.0 0.400 0.293 0.914
0.0 0.0 1.0 0.0 0.0 0.0 0.0 0.0 0.0 0.0 0.600 0.200 0.286 2.0 0.418 0.307 0.914
