0.0 0.0 1.0 0.0 0.0 0.0 0.0 0.0 0.0 0.0 0.343 0.229 0.286 1.0 0.273 0.267 0.143
0.0 0.0 0.0 1.0 0.0 0.0 0.0 0.0 0.0 0.0 0.371 0.200 0.257 2.0 0.327 0.293 0.171
0.0 1.0 0.0 0.0 0.0 0.0 0.0 0.0 0.0 0.0 0.400 0.171 0.229 2.0 0.364 0.333 0.200
0.0 0.0 0.0 0.0 1.0 0.0 0.0 0.0 0.0 0.0 0.429 0.143 0.200 3.0 0.455 0.400 0.229
0.0 0.0 0.0 0.0 0.0 1.0 0.0 0.0 0.0 0.0 0.457 0.114 0.171 2.0 0.509 0.467 0.257
0.0 0.0 0.0 0.0 0.0 0.0 1.0 0.0 0.0 0.0 0.486 0.086 0.143 1.0 0.545 0.533 0.286
0.0 0.0 0.0 0.0 0.0 0.0 0.0 1.0 0.0 0.0 0.514 0.057 0.114 2.0 0.636 0.600 0.314
1.0 0.0 0.0 0.0 0.0 0.0 0.0 0.0 0.0 0.0 0.543 0.029 0.086 3.0 0.727 0.667 0.343
0.0 1.0 0.0 0.0 0.0 0.0 0.0 0.0 0.0 0.0 0.571 0.000 0.057 2.0 0.818 0.733 0.371
0.0 0.0 1.0 0.0 0.0 0.0 0.0 0.0 0.0 0.0 0.600 0.029 0.029 1.0 0.909 0.800 0.400
0.0 0.0 0.0 1.0 0.0 0.0 0.0 0.0 0.0 0.0 0.629 0.057 0.000 2.0 1.000 0.867 0.429
0.0 0.0 0.0 0.0 1.0 0.0 0.0 0.0 0.0 0.0 0.657 0.086 0.029 3.0 1.091 0.933 0.457
0.0 0.0 0.0 0.0 0.0 1.0 0.0 0.0 0.0 0.0 0.686 0.114 0.057 2.0 1.182 1.000 0.486
0.0 0.0 0.0 0.0 0.0 0.0 1.0 0.0 0.0 0.0 0.714 0.143 0.086 1.0 1.273 1.067 0.514
0.0 0.0 0.0 0.0 0.0 0.0 0.0 1.0 0.0 0.0 0.743 0.171 0.114 2.0 1.364 1.133 0.543
1.0 0.0 0.0 0.0 0.0 0.0 0.0 0.0 0.0 0.0 0.771 0.200 0.143 3.0 1.455 1.200 0.571
