0.0 0.0 0.0 1.0 0.0 0.0 0.0 0.0 0.0 0.0 0.135 0.000 0.000 0.000 2.0 0.096 0.071 0.000
0.0 0.0 0.0 1.0 0.0 0.0 0.0 0.0 1.0 0.0 0.108 0.000 0.000 0.000 2.0 0.212 0.057 0.000
0.0 0.0 0.0 1.0 0.0 0.0 0.0 0.0 1.0 0.0 0.081 0.000 0.000 0.000 2.0 0.212 0.057 0.000
0.0 0.0 0.0 1.0 0.0 0.0 0.0 0.0 0.0 0.0 0.135 0.000 0.000 0.000 2.0 0.096 0.071 0.000
0.0 0.0 0.0 1.0 0.0 0.0 0.0 0.0 1.0 0.0 0.108 0.000 0.000 0.000 2.0 0.212 0.057 0.000
0.0 0.0 0.0 1.0 0.0 0.0 0.0 0.0 1.0 0.0 0.081 0.000 0.000 0.000 2.0 0.212 0.057 0.000
0.0 0.0 0.0 1.0 0.0 0.0 0.0 0.0 0.0 0.0 0.135 0.000 0.000 0.000 2.0 0.096 0.071 0.000
0.0 0.0 0.0 1.0 0.0 0.0 0.0 0.0 1.0 0.0 0.108 0.000 0.000 0.000 2.0 0.212 0.057 0.000
0.0 0.0 0.0 1.0 0.0 0.0 0.0 0.0 1.0 0.0 0.081 0.000 0.000 0.000 2.0 0.212 0.057 0.000
0.0 0.0 0.0 1.0 0.0 0.0 0.0 0.0 0.0 0.0 0.135 0.000 0.000 0.000 2.0 0.115 0.086 0.000
0.0 0.0 0.0 1.0 0.0 0.0 0.0 0.0 1.0 0.0 0.081 0.000 0.000 0.000 2.0 0.212 0.057 0.000
0.0 0.0 0.0 1.0 0.0 0.0 0.0 0.0 0.0 0.0 0.108 0.000 0.000 0.000 2.0 0.327 0.071 0.000
0.0 0.0 0.0 1.0 0.0 0.0 0.0 0.0 0.0 0.0 0.135 0.000 0.000 0.000 2.0 0.115 0.086 0.000
0.0 0.0 0.0 1.0 0.0 0.0 0.0 0.0 1.0 0.0 0.081 0.000 0.000 0.000 2.0 0.212 0.057 0.000
0.0 0.0 0.0 1.0 0.0 0.0 0.0 0.0 0.0 0.0 0.108 0.000 0.000 0.000 2.0 0.288 0.071 0.000
0.0 0.0 0.0 1.0 0.0 0.0 0.0 0.0 0.0 1.0 0.135 0.000 0.000 0.000 2.0 0.096 0.071 0.333
0.0 0.0 0.0 1.0 0.0 0.0 0.0 0.0 1.0 0.0 0.108 0.027 0.027 0.027 2.0 0.212 0.057 0.333
0.0 0.0 0.0 1.0 0.0 0.0 0.0 0.0 1.0 0.0 0.081 0.054 0.054 0.054 2.0 0.212 0.057 0.333
0.0 0.0 0.0 1.0 0.0 0.0 0.0 0.0 0.0 0.0 0.649 0.000 0.000 0.000 3.0 0.154 0.771 0.000
0.0 0.0 0.0 1.0 0.0 0.0 0.0 0.0 1.0 0.0 0.135 0.000 0.000 0.000 2.0 0.231 0.071 0.000
0.0 0.0 0.0 1.0 0.0 0.0 0.0 0.0 0.0 0.0 0.622 0.000 0.000 0.000 2.0 0.327 0.757 0.000
0.0 0.0 0.0 1.0 0.0 0.0 0.0 0.0 1.0 0.0 0.595 0.000 0.000 0.000 2.0 0.231 0.657 0.000
0.0 0.0 0.0 1.0 0.0 0.0 0.0 0.0 0.0 0.0 0.676 0.000 0.000 0.000 3.0 0.135 0.814 0.000
0.0 1.0 0.0 0.0 0.0 0.0 0.0 0.0 0.0 0.0 0.649 0.000 0.000 0.000 2.0 0.135 0.800 0.000
0.0 0.0 0.0 1.0 0.0 0.0 0.0 0.0 0.0 0.0 0.622 0.000 0.000 0.000 2.0 0.308 0.786 0.000
0.0 0.0 0.0 1.0 0.0 0.0 0.0 0.0 1.0 0.0 0.595 0.000 0.000 0.000 2.0 0.231 0.657 0.000
0.0 0.0 0.0 1.0 0.0 0.0 0.0 0.0 1.0 0.0 0.135 0.000 0.000 0.000 2.0 0.231 0.071 0.000
0.0 0.0 0.0 1.0 0.0 0.0 0.0 0.0 0.0 0.0 0.649 0.000 0.000 0.000 3.0 0.154 0.829 0.000
0.0 0.0 0.0 1.0 0.0 0.0 0.0 0.0 1.0 0.0 0.135 0.000 0.000 0.000 2.0 0.231 0.071 0.000
0.0 0.0 0.0 1.0 0.0 0.0 0.0 0.0 0.0 0.0 0.622 0.000 0.000 0.000 2.0 0.327 0.814 0.000
0.0 0.0 0.0 1.0 0.0 0.0 0.0 0.0 1.0 0.0 0.595 0.000 0.000 0.000 2.0 0.231 0.657 0.000
0.0 0.0 0.0 1.0 0.0 0.0 0.0 0.0 0.0 0.0 0.811 0.000 0.000 0.000 3.0 0.154 0.886 0.000
0.0 0.0 0.0 1.0 0.0 0.0 0.0 0.0 1.0 0.0 0.135 0.000 0.000 0.000 2.0 0.231 0.071 0.000
0.0 0.0 0.0 1.0 0.0 0.0 0.0 0.0 0.0 0.0 0.784 0.000 0.000 0.000 2.0 0.308 0.871 0.000
0.0 0.0 0.0 1.0 0.0 0.0 0.0 0.0 1.0 0.0 0.595 0.000 0.000 0.000 2.0 0.231 0.657 0.000
0.0 0.0 0.0 1.0 0.0 0.0 0.0 0.0 0.0 1.0 0.838 0.000 0.000 0.000 3.0 0.154 0.929 0.333
0.0 0.0 0.0 1.0 0.0 0.0 0.0 0.0 1.0 0.0 0.135 0.703 0.703 0.703 2.0 0.231 0.071 0.333
0.0 0.0 0.0 1.0 0.0 0.0 0.0 0.0 0.0 0.0 0.811 0.027 0.027 0.027 2.0 0.327 0.914 0.333
0.0 0.0 0.0 1.0 0.0 0.0 0.0 0.0 1.0 0.0 0.595 0.243 0.243 0.243 2.0 0.231 0.657 0.333
0.0 0.0 0.0 1.0 0.0 0.0 0.0 0.0 0.0 0.0 0.784 0.000 0.000 0.000 3.0 0.154 0.957 0.000
0.0 0.0 0.0 1.0 0.0 0.0 0.0 0.0 1.0 0.0 0.135 0.000 0.000 0.000 2.0 0.231 0.071 0.000
0.0 0.0 0.0 1.0 0.0 0.0 0.0 0.0 0.0 0.0 0.757 0.000 0.000 0.000 2.0 0.327 0.943 0.000
0.0 0.0 1.0 0.0 0.0 0.0 0.0 0.0 0.0 0.0 0.595 0.243 0.243 0.243 2.0 0.500 0.671 0.333
0.0 0.0 0.0 1.0 0.0 0.0 0.0 0.0 1.0 0.0 0.595 0.000 0.000 0.000 2.0 0.231 0.657 0.000
0.0 0.0 1.0 0.0 0.0 0.0 0.0 0.0 0.0 0.0 0.568 0.270 0.270 0.270 2.0 0.442 0.657 0.333
0.0 1.0 0.0 0.0 0.0 0.0 0.0 0.0 0.0 0.0 0.135 0.703 0.703 0.703 2.0 0.365 0.086 0.333
0.0 0.0 0.0 1.0 0.0 0.0 0.0 0.0 1.0 0.0 0.108 0.730 0.730 0.730 2.0 0.154 0.071 0.333
0.0 0.0 0.0 1.0 0.0 0.0 0.0 0.0 0.0 0.0 0.757 0.000 0.000 0.000 4.0 0.192 0.729 0.000
0.0 0.0 0.0 1.0 0.0 0.0 0.0 0.0 1.0 0.0 0.730 0.000 0.000 0.000 2.0 0.250 0.643 0.000
0.0 0.0 0.0 1.0 0.0 0.0 0.0 0.0 1.0 0.0 0.703 0.000 0.000 0.000 2.0 0.231 0.643 0.000
0.0 0.0 0.0 1.0 0.0 0.0 0.0 0.0 0.0 0.0 0.703 0.000 0.000 0.000 2.0 0.404 0.729 0.000
0.0 0.0 0.0 1.0 0.0 0.0 0.0 0.0 1.0 0.0 0.676 0.000 0.000 0.000 2.0 0.327 0.643 0.000
0.0 1.0 0.0 0.0 0.0 0.0 0.0 0.0 0.0 0.0 0.784 0.000 0.000 0.000 2.0 0.115 0.771 0.000
0.0 0.0 0.0 1.0 0.0 0.0 0.0 0.0 0.0 0.0 0.757 0.000 0.000 0.000 4.0 0.212 0.757 0.000
0.0 0.0 0.0 0.0 0.0 1.0 0.0 0.0 0.0 0.0 0.730 0.000 0.000 0.000 2.0 0.212 0.757 0.000
0.0 0.0 1.0 0.0 0.0 0.0 0.0 0.0 1.0 0.0 0.676 0.000 0.000 0.000 2.0 0.308 0.643 0.000
0.0 0.0 1.0 0.0 0.0 0.0 0.0 0.0 0.0 0.0 0.703 0.000 0.000 0.000 2.0 0.385 0.757 0.000
0.0 0.0 0.0 1.0 0.0 0.0 0.0 0.0 1.0 0.0 0.730 0.000 0.000 0.000 2.0 0.250 0.643 0.000
0.0 0.0 0.0 1.0 0.0 0.0 0.0 0.0 1.0 0.0 0.730 0.000 0.000 0.000 2.0 0.269 0.643 0.000
0.0 0.0 0.0 1.0 0.0 0.0 0.0 0.0 1.0 0.0 0.703 0.000 0.000 0.000 2.0 0.250 0.643 0.000
0.0 0.0 0.0 1.0 0.0 0.0 0.0 0.0 0.0 0.0 0.811 0.000 0.000 0.000 4.0 0.192 0.800 0.000
0.0 0.0 0.0 1.0 0.0 0.0 0.0 0.0 1.0 0.0 0.703 0.000 0.000 0.000 2.0 0.231 0.643 0.000
0.0 0.0 0.0 1.0 0.0 0.0 0.0 0.0 0.0 0.0 0.703 0.000 0.000 0.000 2.0 0.404 0.786 0.000
0.0 0.0 0.0 1.0 0.0 0.0 0.0 0.0 1.0 0.0 0.676 0.000 0.000 0.000 2.0 0.327 0.643 0.000
0.0 1.0 0.0 0.0 0.0 0.0 0.0 0.0 0.0 0.0 0.784 0.000 0.000 0.000 2.0 0.154 0.657 0.000
0.0 0.0 0.0 1.0 0.0 0.0 0.0 0.0 0.0 0.0 0.757 0.000 0.000 0.000 2.0 0.135 0.643 0.000
0.0 0.0 0.0 1.0 0.0 0.0 0.0 0.0 1.0 0.0 0.730 0.000 0.000 0.000 2.0 0.231 0.643 0.000
0.0 0.0 0.0 1.0 0.0 0.0 0.0 0.0 1.0 0.0 0.730 0.000 0.000 0.000 2.0 0.212 0.643 0.000
0.0 0.0 0.0 1.0 0.0 0.0 0.0 0.0 0.0 0.0 0.838 0.000 0.000 0.000 4.0 0.192 0.843 0.000
0.0 0.0 0.0 0.0 0.0 1.0 0.0 0.0 0.0 0.0 0.811 0.000 0.000 0.000 2.0 0.192 0.843 0.000
0.0 0.0 1.0 0.0 0.0 0.0 0.0 0.0 1.0 0.0 0.676 0.000 0.000 0.000 2.0 0.308 0.643 0.000
0.0 0.0 1.0 0.0 0.0 0.0 0.0 0.0 0.0 0.0 0.784 0.000 0.000 0.000 2.0 0.365 0.843 0.000
0.0 0.0 0.0 1.0 0.0 0.0 0.0 0.0 1.0 0.0 0.730 0.000 0.000 0.000 2.0 0.231 0.643 0.000
0.0 0.0 0.0 1.0 0.0 0.0 0.0 0.0 1.0 0.0 0.730 0.000 0.000 0.000 2.0 0.250 0.643 0.000
0.0 0.0 0.0 1.0 0.0 0.0 0.0 0.0 1.0 0.0 0.703 0.000 0.000 0.000 2.0 0.231 0.643 0.000
0.0 0.0 0.0 1.0 0.0 0.0 0.0 0.0 0.0 0.0 0.838 0.000 0.000 0.000 4.0 0.212 0.900 0.000
0.0 0.0 0.0 1.0 0.0 0.0 0.0 0.0 1.0 0.0 0.730 0.000 0.000 0.000 2.0 0.231 0.643 0.000
0.0 0.0 0.0 0.0 0.0 1.0 0.0 0.0 0.0 0.0 0.757 0.000 0.000 0.000 2.0 0.173 0.643 0.000
0.0 0.0 1.0 0.0 0.0 0.0 0.0 0.0 1.0 0.0 0.703 0.000 0.000 0.000 2.0 0.212 0.643 0.000
0.0 0.0 1.0 0.0 0.0 0.0 0.0 0.0 1.0 0.0 0.730 0.000 0.000 0.000 2.0 0.231 0.643 0.000
0.0 0.0 0.0 1.0 0.0 0.0 0.0 0.0 0.0 0.0 0.811 0.000 0.000 0.000 2.0 0.404 0.886 0.000
0.0 1.0 0.0 0.0 0.0 0.0 0.0 0.0 0.0 0.0 0.703 0.000 0.000 0.000 2.0 0.135 0.657 0.000
0.0 0.0 1.0 0.0 0.0 0.0 0.0 0.0 1.0 0.0 0.676 0.000 0.000 0.000 2.0 0.288 0.643 0.000
0.0 0.0 0.0 1.0 0.0 0.0 0.0 0.0 0.0 0.0 0.811 0.000 0.000 0.000 4.0 0.192 0.929 0.000
0.0 0.0 0.0 0.0 0.0 1.0 0.0 0.0 0.0 0.0 0.784 0.000 0.000 0.000 2.0 0.192 0.929 0.000
0.0 1.0 0.0 0.0 0.0 0.0 0.0 0.0 0.0 0.0 0.703 0.000 0.000 0.000 2.0 0.115 0.657 0.000
0.0 0.0 0.0 1.0 0.0 0.0 0.0 0.0 1.0 0.0 0.676 0.000 0.000 0.000 2.0 0.288 0.643 0.000
0.0 0.0 1.0 0.0 0.0 0.0 0.0 0.0 0.0 0.0 0.757 0.000 0.000 0.000 2.0 0.385 0.914 0.000
0.0 0.0 0.0 1.0 0.0 0.0 0.0 0.0 1.0 0.0 0.730 0.000 0.000 0.000 2.0 0.231 0.643 0.000
0.0 0.0 0.0 1.0 0.0 0.0 0.0 0.0 1.0 0.0 0.730 0.000 0.000 0.000 2.0 0.250 0.643 0.000
0.0 0.0 1.0 0.0 0.0 0.0 0.0 0.0 0.0 0.0 0.703 0.000 0.000 0.000 2.0 0.385 0.643 0.000
0.0 0.0 0.0 1.0 0.0 0.0 0.0 0.0 1.0 0.0 0.703 0.000 0.000 0.000 2.0 0.231 0.643 0.000
0.0 0.0 0.0 0.0 0.0 1.0 0.0 0.0 1.0 0.0 0.676 0.000 0.000 0.000 3.0 0.481 0.643 0.000
0.0 0.0 0.0 1.0 0.0 0.0 0.0 0.0 0.0 0.0 0.946 0.000 0.000 0.000 3.0 0.154 0.986 0.000
0.0 0.0 0.0 1.0 0.0 0.0 0.0 0.0 1.0 0.0 0.676 0.000 0.000 0.000 2.0 0.308 0.643 0.000
0.0 0.0 0.0 1.0 0.0 0.0 0.0 0.0 0.0 0.0 0.919 0.000 0.000 0.000 2.0 0.346 0.986 0.000
0.0 0.0 0.0 1.0 0.0 0.0 0.0 0.0 0.0 0.0 0.892 0.000 0.000 0.000 2.0 0.173 0.729 0.000
0.0 0.0 0.0 1.0 0.0 0.0 0.0 0.0 0.0 0.0 0.811 0.000 0.000 0.000 2.0 0.231 0.700 0.000
0.0 0.0 0.0 1.0 0.0 0.0 0.0 0.0 0.0 0.0 0.378 0.000 0.000 0.000 2.0 0.288 0.243 0.000
0.0 1.0 0.0 0.0 0.0 0.0 0.0 0.0 0.0 0.0 0.865 0.000 0.000 0.000 2.0 0.154 0.729 0.000
0.0 0.0 1.0 0.0 0.0 0.0 0.0 0.0 0.0 0.0 0.838 0.000 0.000 0.000 3.0 0.308 0.714 0.000
0.0 1.0 0.0 0.0 0.0 0.0 0.0 0.0 0.0 0.0 0.811 0.000 0.000 0.000 2.0 0.192 0.657 0.000
0.0 0.0 0.0 1.0 0.0 0.0 0.0 0.0 1.0 0.0 0.730 0.000 0.000 0.000 2.0 0.212 0.643 0.000
0.0 0.0 1.0 0.0 0.0 0.0 0.0 0.0 1.0 0.0 0.703 0.000 0.000 0.000 2.0 0.327 0.643 0.000
0.0 0.0 0.0 0.0 0.0 1.0 0.0 0.0 1.0 0.0 0.676 0.000 0.000 0.000 3.0 0.635 0.643 0.000
0.0 0.0 0.0 1.0 0.0 0.0 0.0 0.0 0.0 0.0 1.000 0.000 0.000 0.000 2.0 0.135 1.000 0.000
0.0 0.0 0.0 1.0 0.0 0.0 0.0 0.0 0.0 0.0 0.973 0.000 0.000 0.000 3.0 0.385 1.000 0.000
0.0 1.0 0.0 0.0 0.0 0.0 0.0 0.0 0.0 0.0 0.946 0.000 0.000 0.000 2.0 0.154 0.743 0.000
0.0 0.0 0.0 1.0 0.0 0.0 0.0 0.0 0.0 0.0 0.919 0.000 0.000 0.000 2.0 0.192 0.729 0.000
0.0 1.0 0.0 0.0 0.0 0.0 0.0 0.0 0.0 0.0 0.892 0.000 0.000 0.000 2.0 0.154 0.729 0.000
0.0 0.0 0.0 1.0 0.0 0.0 0.0 0.0 0.0 0.0 0.838 0.000 0.000 0.000 3.0 0.308 0.729 0.000
0.0 1.0 0.0 0.0 0.0 0.0 0.0 0.0 0.0 0.0 0.405 0.000 0.000 0.000 2.0 0.154 0.214 0.000
0.0 0.0 0.0 0.0 0.0 1.0 0.0 0.0 0.0 0.0 0.378 0.000 0.000 0.000 2.0 0.154 0.200 0.000
0.0 0.0 0.0 0.0 0.0 1.0 0.0 0.0 0.0 0.0 0.324 0.000 0.000 0.000 2.0 0.212 0.200 0.000
0.0 1.0 0.0 0.0 0.0 0.0 0.0 0.0 0.0 0.0 0.351 0.000 0.000 0.000 1.0 0.173 0.200 0.000
0.0 0.0 0.0 1.0 0.0 0.0 0.0 0.0 1.0 0.0 0.676 0.000 0.000 0.000 2.0 0.288 0.643 0.000
0.0 0.0 0.0 1.0 0.0 0.0 0.0 0.0 0.0 0.0 0.973 0.000 0.000 0.000 2.0 0.115 1.000 0.000
0.0 0.0 0.0 1.0 0.0 0.0 0.0 0.0 0.0 0.0 0.946 0.000 0.000 0.000 2.0 0.327 0.986 0.000
0.0 0.0 0.0 0.0 0.0 0.0 1.0 0.0 0.0 0.0 0.919 0.000 0.000 0.000 2.0 0.192 0.757 0.000
0.0 0.0 0.0 0.0 0.0 0.0 1.0 0.0 0.0 0.0 0.378 0.000 0.000 0.000 2.0 0.173 0.229 0.000
0.0 0.0 1.0 0.0 0.0 0.0 0.0 0.0 1.0 0.0 0.189 0.000 0.000 0.000 2.0 0.269 0.114 0.000
0.0 0.0 0.0 1.0 0.0 0.0 0.0 0.0 0.0 0.0 0.351 0.000 0.000 0.000 2.0 0.192 0.214 0.000
0.0 0.0 0.0 1.0 0.0 0.0 0.0 0.0 0.0 0.0 0.324 0.000 0.000 0.000 2.0 0.385 0.200 0.000
0.0 1.0 0.0 0.0 0.0 0.0 0.0 0.0 0.0 0.0 0.297 0.000 0.000 0.000 2.0 0.135 0.200 0.000
0.0 0.0 0.0 1.0 0.0 0.0 0.0 0.0 0.0 0.0 0.297 0.000 0.000 0.000 2.0 0.327 0.200 0.000
0.0 1.0 0.0 0.0 0.0 0.0 0.0 0.0 0.0 0.0 0.270 0.000 0.000 0.000 2.0 0.173 0.186 0.000
0.0 0.0 0.0 1.0 0.0 0.0 0.0 0.0 0.0 0.0 0.243 0.000 0.000 0.000 2.0 0.212 0.171 0.000
0.0 0.0 0.0 1.0 0.0 0.0 0.0 0.0 1.0 0.0 0.216 0.000 0.000 0.000 2.0 0.212 0.157 0.000
0.0 0.0 0.0 1.0 0.0 0.0 0.0 0.0 0.0 0.0 0.892 0.000 0.000 0.000 2.0 0.250 0.714 0.000
0.0 0.0 0.0 1.0 0.0 0.0 0.0 0.0 0.0 0.0 0.324 0.000 0.000 0.000 2.0 0.308 0.200 0.000
0.0 0.0 0.0 1.0 0.0 0.0 0.0 0.0 0.0 0.0 0.865 0.000 0.000 0.000 2.0 0.231 0.714 0.000
0.0 0.0 0.0 1.0 0.0 0.0 0.0 0.0 0.0 0.0 0.838 0.000 0.000 0.000 2.0 0.269 0.700 0.000
0.0 0.0 0.0 1.0 0.0 0.0 0.0 0.0 0.0 0.0 0.351 0.000 0.000 0.000 2.0 0.365 0.229 0.000
0.0 0.0 0.0 1.0 0.0 0.0 0.0 0.0 0.0 0.0 0.324 0.000 0.000 0.000 2.0 0.250 0.214 0.000
0.0 0.0 0.0 1.0 0.0 0.0 0.0 0.0 0.0 0.0 0.811 0.000 0.000 0.000 2.0 0.346 0.700 0.000
0.0 0.0 0.0 1.0 0.0 0.0 0.0 0.0 0.0 0.0 0.784 0.000 0.000 0.000 2.0 0.308 0.643 0.000
0.0 1.0 0.0 0.0 0.0 0.0 0.0 0.0 0.0 0.0 0.757 0.000 0.000 0.000 2.0 0.173 0.629 0.000
0.0 0.0 0.0 1.0 0.0 0.0 0.0 0.0 0.0 0.0 0.730 0.000 0.000 0.000 2.0 0.212 0.614 0.000
0.0 0.0 0.0 1.0 0.0 0.0 0.0 0.0 0.0 0.0 0.324 0.000 0.000 0.000 3.0 0.365 0.243 0.000
0.0 1.0 0.0 0.0 0.0 0.0 0.0 0.0 0.0 0.0 0.216 0.000 0.000 0.000 2.0 0.192 0.129 0.000
0.0 0.0 1.0 0.0 0.0 0.0 0.0 0.0 1.0 0.0 0.189 0.000 0.000 0.000 2.0 0.365 0.114 0.000
0.0 0.0 0.0 1.0 0.0 0.0 0.0 0.0 0.0 0.0 0.297 0.000 0.000 0.000 2.0 0.481 0.186 0.000
0.0 1.0 0.0 0.0 0.0 0.0 0.0 0.0 0.0 0.0 0.270 0.000 0.000 0.000 2.0 0.173 0.186 0.000
0.0 1.0 0.0 0.0 0.0 0.0 0.0 0.0 0.0 0.0 0.297 0.000 0.000 0.000 2.0 0.231 0.200 0.000
0.0 0.0 0.0 1.0 0.0 0.0 0.0 0.0 0.0 0.0 0.270 0.000 0.000 0.000 2.0 0.346 0.186 0.000
0.0 0.0 0.0 1.0 0.0 0.0 0.0 0.0 0.0 0.0 0.243 0.000 0.000 0.000 2.0 0.250 0.171 0.000
0.0 0.0 0.0 1.0 0.0 0.0 0.0 0.0 1.0 0.0 0.216 0.000 0.000 0.000 2.0 0.231 0.157 0.000
0.0 0.0 0.0 0.0 1.0 0.0 0.0 0.0 0.0 0.0 0.324 0.000 0.000 0.000 2.0 0.231 0.200 0.000
0.0 0.0 1.0 0.0 0.0 0.0 0.0 0.0 1.0 0.0 0.189 0.000 0.000 0.000 2.0 0.385 0.114 0.000
0.0 0.0 0.0 1.0 0.0 0.0 0.0 0.0 0.0 0.0 0.297 0.000 0.000 0.000 2.0 0.288 0.186 0.000
0.0 0.0 0.0 0.0 1.0 0.0 0.0 0.0 0.0 0.0 0.270 0.000 0.000 0.000 2.0 0.327 0.171 0.000
0.0 0.0 0.0 1.0 0.0 0.0 0.0 0.0 0.0 0.0 0.270 0.000 0.000 0.000 2.0 0.365 0.186 0.000
0.0 0.0 0.0 1.0 0.0 0.0 0.0 0.0 0.0 0.0 0.243 0.000 0.000 0.000 2.0 0.250 0.171 0.000
0.0 0.0 0.0 1.0 0.0 0.0 0.0 0.0 1.0 0.0 0.216 0.000 0.000 0.000 2.0 0.231 0.157 0.000
0.0 0.0 0.0 0.0 0.0 1.0 0.0 0.0 0.0 0.0 0.676 0.000 0.000 0.000 2.0 0.885 0.643 0.000
0.0 1.0 0.0 0.0 0.0 0.0 0.0 0.0 0.0 0.0 0.649 0.000 0.000 0.000 1.0 0.846 0.643 0.000
0.0 1.0 0.0 0.0 0.0 0.0 0.0 0.0 0.0 0.0 0.676 0.000 0.000 0.000 2.0 0.115 0.657 0.000
0.0 0.0 0.0 0.0 0.0 1.0 0.0 0.0 0.0 0.0 0.649 0.000 0.000 0.000 2.0 0.192 0.643 0.000
0.0 0.0 0.0 1.0 0.0 0.0 0.0 0.0 0.0 0.0 0.622 0.000 0.000 0.000 3.0 0.500 0.643 0.000
0.0 0.0 0.0 1.0 0.0 0.0 0.0 0.0 0.0 0.0 0.595 0.000 0.000 0.000 2.0 0.308 0.643 0.000
0.0 0.0 0.0 1.0 0.0 0.0 0.0 0.0 0.0 0.0 0.568 0.000 0.000 0.000 2.0 0.327 0.643 0.000
0.0 1.0 0.0 0.0 0.0 0.0 0.0 0.0 0.0 1.0 0.649 0.000 0.000 0.000 2.0 0.077 0.743 0.333
0.0 0.0 0.0 1.0 0.0 0.0 0.0 0.0 0.0 0.0 0.622 0.027 0.027 0.027 2.0 0.135 0.729 0.333
0.0 0.0 0.0 1.0 0.0 0.0 0.0 0.0 0.0 0.0 0.595 0.054 0.054 0.054 2.0 0.346 0.729 0.333
0.0 0.0 0.0 1.0 0.0 0.0 0.0 0.0 0.0 0.0 0.486 0.162 0.162 0.162 2.0 0.308 0.314 0.333
0.0 0.0 0.0 1.0 0.0 0.0 0.0 0.0 0.0 0.0 0.459 0.189 0.189 0.189 2.0 0.346 0.314 0.333
0.0 1.0 0.0 0.0 0.0 0.0 0.0 0.0 0.0 0.0 0.432 0.216 0.216 0.216 2.0 0.154 0.314 0.333
0.0 0.0 0.0 0.0 1.0 0.0 0.0 0.0 0.0 0.0 0.432 0.216 0.216 0.216 2.0 0.346 0.300 0.333
0.0 0.0 0.0 0.0 0.0 0.0 1.0 0.0 0.0 0.0 0.405 0.243 0.243 0.243 2.0 0.308 0.300 0.333
0.0 0.0 0.0 1.0 0.0 0.0 0.0 0.0 1.0 0.0 0.243 0.405 0.405 0.405 2.0 0.250 0.171 0.333
0.0 0.0 0.0 1.0 0.0 0.0 0.0 0.0 0.0 0.0 0.622 0.000 0.000 0.000 2.0 0.115 0.757 0.000
0.0 0.0 0.0 1.0 0.0 0.0 0.0 0.0 0.0 0.0 0.595 0.000 0.000 0.000 2.0 0.327 0.757 0.000
0.0 0.0 0.0 0.0 0.0 0.0 1.0 0.0 0.0 0.0 0.514 0.000 0.000 0.000 2.0 0.327 0.371 0.000
0.0 0.0 0.0 0.0 0.0 1.0 0.0 0.0 0.0 0.0 0.405 0.000 0.000 0.000 2.0 0.192 0.286 0.000
0.0 1.0 0.0 0.0 0.0 0.0 0.0 0.0 0.0 0.0 0.378 0.000 0.000 0.000 2.0 0.173 0.286 0.000
0.0 1.0 0.0 0.0 0.0 0.0 0.0 0.0 0.0 0.0 0.378 0.000 0.000 0.000 1.0 0.173 0.271 0.000
0.0 0.0 0.0 1.0 0.0 0.0 0.0 0.0 1.0 0.0 0.243 0.000 0.000 0.000 2.0 0.231 0.171 0.000
0.0 0.0 0.0 1.0 0.0 0.0 0.0 0.0 0.0 0.0 0.622 0.000 0.000 0.000 2.0 0.115 0.786 0.000
0.0 0.0 0.0 1.0 0.0 0.0 0.0 0.0 0.0 0.0 0.595 0.000 0.000 0.000 2.0 0.327 0.786 0.000
0.0 0.0 0.0 0.0 0.0 0.0 0.0 1.0 0.0 0.0 0.568 0.000 0.000 0.000 2.0 0.327 0.429 0.000
0.0 1.0 0.0 0.0 0.0 0.0 0.0 0.0 0.0 0.0 0.378 0.000 0.000 0.000 3.0 0.308 0.286 0.000
0.0 0.0 0.0 1.0 0.0 0.0 0.0 0.0 1.0 0.0 0.243 0.000 0.000 0.000 2.0 0.231 0.171 0.000
0.0 0.0 0.0 1.0 0.0 0.0 0.0 0.0 0.0 0.0 0.811 0.000 0.000 0.000 2.0 0.115 0.843 0.000
0.0 0.0 0.0 1.0 0.0 0.0 0.0 0.0 0.0 0.0 0.784 0.000 0.000 0.000 2.0 0.308 0.843 0.000
0.0 1.0 0.0 0.0 0.0 0.0 0.0 0.0 0.0 0.0 0.757 0.000 0.000 0.000 2.0 0.250 0.514 0.000
0.0 0.0 0.0 1.0 0.0 0.0 0.0 0.0 0.0 0.0 0.730 0.000 0.000 0.000 2.0 0.212 0.500 0.000
0.0 1.0 0.0 0.0 0.0 0.0 0.0 0.0 0.0 0.0 0.622 0.000 0.000 0.000 3.0 0.269 0.471 0.000
0.0 0.0 0.0 1.0 0.0 0.0 0.0 0.0 0.0 0.0 0.703 0.000 0.000 0.000 2.0 0.173 0.500 0.000
0.0 0.0 0.0 1.0 0.0 0.0 0.0 0.0 0.0 0.0 0.676 0.000 0.000 0.000 2.0 0.154 0.457 0.000
0.0 1.0 0.0 0.0 0.0 0.0 0.0 0.0 0.0 0.0 0.622 0.000 0.000 0.000 2.0 0.192 0.429 0.000
0.0 1.0 0.0 0.0 0.0 0.0 0.0 0.0 0.0 0.0 0.649 0.000 0.000 0.000 2.0 0.115 0.443 0.000
0.0 1.0 0.0 0.0 0.0 0.0 0.0 0.0 0.0 0.0 0.622 0.000 0.000 0.000 2.0 0.173 0.429 0.000
0.0 1.0 0.0 0.0 0.0 0.0 0.0 0.0 0.0 0.0 0.432 0.000 0.000 0.000 1.0 0.154 0.271 0.000
0.0 0.0 0.0 1.0 0.0 0.0 0.0 0.0 0.0 0.0 0.405 0.000 0.000 0.000 2.0 0.269 0.271 0.000
0.0 0.0 0.0 1.0 0.0 0.0 0.0 0.0 1.0 0.0 0.243 0.000 0.000 0.000 2.0 0.231 0.171 0.000
0.0 0.0 0.0 1.0 0.0 0.0 0.0 0.0 0.0 0.0 0.838 0.000 0.000 0.000 2.0 0.115 0.886 0.000
0.0 0.0 0.0 1.0 0.0 0.0 0.0 0.0 0.0 0.0 0.811 0.000 0.000 0.000 2.0 0.327 0.886 0.000
0.0 0.0 0.0 1.0 0.0 0.0 0.0 0.0 0.0 0.0 0.784 0.054 0.054 0.054 2.0 0.308 0.586 0.333
0.0 1.0 0.0 0.0 0.0 0.0 0.0 0.0 0.0 0.0 0.676 0.162 0.162 0.162 3.0 0.308 0.557 0.333
0.0 0.0 0.0 1.0 0.0 0.0 0.0 0.0 0.0 0.0 0.757 0.081 0.081 0.081 2.0 0.212 0.586 0.333
0.0 0.0 0.0 1.0 0.0 0.0 0.0 0.0 0.0 0.0 0.730 0.108 0.108 0.108 2.0 0.154 0.500 0.333
0.0 1.0 0.0 0.0 0.0 0.0 0.0 0.0 0.0 0.0 0.676 0.162 0.162 0.162 2.0 0.192 0.471 0.333
0.0 1.0 0.0 0.0 0.0 0.0 0.0 0.0 0.0 0.0 0.703 0.135 0.135 0.135 2.0 0.115 0.486 0.333
0.0 1.0 0.0 0.0 0.0 0.0 0.0 0.0 0.0 0.0 0.676 0.162 0.162 0.162 2.0 0.173 0.471 0.333
0.0 1.0 0.0 0.0 0.0 0.0 0.0 0.0 0.0 0.0 0.459 0.378 0.378 0.378 1.0 0.154 0.314 0.333
0.0 0.0 0.0 1.0 0.0 0.0 0.0 0.0 0.0 0.0 0.432 0.405 0.405 0.405 2.0 0.269 0.314 0.333
0.0 0.0 0.0 1.0 0.0 0.0 0.0 0.0 1.0 0.0 0.243 0.000 0.000 0.000 2.0 0.231 0.171 0.000
0.0 0.0 0.0 1.0 0.0 0.0 0.0 0.0 0.0 0.0 0.784 0.000 0.000 0.000 2.0 0.115 0.914 0.000
0.0 0.0 0.0 1.0 0.0 0.0 0.0 0.0 0.0 0.0 0.757 0.000 0.000 0.000 2.0 0.327 0.914 0.000
0.0 0.0 0.0 0.0 0.0 0.0 0.0 1.0 0.0 0.0 0.730 0.000 0.000 0.000 2.0 0.327 0.643 0.000
0.0 0.0 0.0 1.0 0.0 0.0 0.0 0.0 0.0 0.0 0.703 0.000 0.000 0.000 2.0 0.308 0.543 0.000
0.0 0.0 0.0 1.0 0.0 0.0 0.0 0.0 0.0 0.0 0.676 0.000 0.000 0.000 2.0 0.288 0.543 0.000
0.0 0.0 0.0 1.0 0.0 0.0 0.0 0.0 0.0 0.0 0.649 0.189 0.189 0.189 2.0 0.365 0.457 0.333
0.0 0.0 0.0 1.0 0.0 0.0 0.0 0.0 0.0 0.0 0.622 0.216 0.216 0.216 2.0 0.308 0.457 0.333
0.0 0.0 0.0 1.0 0.0 0.0 0.0 0.0 0.0 0.0 0.595 0.243 0.243 0.243 2.0 0.365 0.414 0.333
0.0 0.0 0.0 1.0 0.0 0.0 0.0 0.0 0.0 0.0 0.568 0.270 0.270 0.270 2.0 0.308 0.414 0.333
0.0 0.0 0.0 1.0 0.0 0.0 0.0 0.0 0.0 0.0 0.541 0.297 0.297 0.297 2.0 0.269 0.371 0.333
0.0 0.0 0.0 1.0 0.0 0.0 0.0 0.0 0.0 0.0 0.514 0.324 0.324 0.324 2.0 0.269 0.357 0.333
0.0 0.0 0.0 1.0 0.0 0.0 0.0 0.0 0.0 0.0 0.486 0.351 0.351 0.351 2.0 0.269 0.314 0.333
0.0 0.0 0.0 1.0 0.0 0.0 0.0 0.0 0.0 0.0 0.405 0.432 0.432 0.432 2.0 0.288 0.300 0.333
0.0 1.0 0.0 0.0 0.0 0.0 0.0 0.0 0.0 0.0 0.459 0.378 0.378 0.378 2.0 0.154 0.314 0.333
0.0 0.0 0.0 0.0 0.0 1.0 0.0 0.0 0.0 0.0 0.432 0.405 0.405 0.405 2.0 0.269 0.300 0.333
0.0 0.0 0.0 0.0 0.0 1.0 0.0 0.0 0.0 0.0 0.405 0.432 0.432 0.432 2.0 0.269 0.300 0.333
0.0 0.0 0.0 1.0 0.0 0.0 0.0 0.0 0.0 0.0 0.378 0.270 0.459 0.365 2.0 0.288 0.271 0.667
0.0 0.0 0.0 1.0 0.0 0.0 0.0 0.0 0.0 0.0 0.351 0.297 0.486 0.392 2.0 0.423 0.257 0.667
0.0 1.0 0.0 0.0 0.0 0.0 0.0 0.0 0.0 0.0 0.324 0.324 0.514 0.419 2.0 0.192 0.257 0.667
0.0 0.0 0.0 1.0 0.0 0.0 0.0 0.0 0.0 0.0 0.324 0.324 0.514 0.419 2.0 0.423 0.257 0.667
0.0 0.0 0.0 1.0 0.0 0.0 0.0 0.0 0.0 0.0 0.297 0.351 0.541 0.446 4.0 0.365 0.243 0.667
0.0 0.0 0.0 1.0 0.0 0.0 0.0 0.0 1.0 0.0 0.108 0.541 0.730 0.635 2.0 0.288 0.071 0.667
0.0 0.0 0.0 1.0 0.0 0.0 0.0 0.0 1.0 0.0 0.216 0.432 0.622 0.527 2.0 0.327 0.157 0.667
0.0 1.0 0.0 0.0 0.0 0.0 0.0 0.0 0.0 0.0 0.270 0.378 0.568 0.473 2.0 0.173 0.171 0.667
0.0 0.0 0.0 1.0 0.0 0.0 0.0 0.0 1.0 0.0 0.243 0.405 0.595 0.500 2.0 0.192 0.157 0.667
0.0 0.0 0.0 1.0 0.0 0.0 0.0 0.0 0.0 0.0 0.243 0.405 0.595 0.500 4.0 0.462 0.214 0.667
0.0 0.0 0.0 1.0 0.0 0.0 0.0 0.0 1.0 0.0 0.189 0.459 0.649 0.554 2.0 0.346 0.114 0.667
0.0 0.0 0.0 1.0 0.0 0.0 0.0 0.0 1.0 0.0 0.108 0.541 0.730 0.635 2.0 0.288 0.071 0.667
0.0 0.0 0.0 1.0 0.0 0.0 0.0 0.0 0.0 0.0 0.351 0.486 0.486 0.486 3.0 0.269 0.271 0.333
0.0 1.0 0.0 0.0 0.0 0.0 0.0 0.0 0.0 0.0 0.243 0.595 0.595 0.595 2.0 0.212 0.171 0.333
0.0 0.0 0.0 1.0 0.0 0.0 0.0 0.0 0.0 0.0 0.324 0.514 0.514 0.514 2.0 0.442 0.229 0.333
0.0 0.0 0.0 1.0 0.0 0.0 0.0 0.0 0.0 0.0 0.297 0.541 0.541 0.541 2.0 0.442 0.243 0.333
0.0 1.0 0.0 0.0 0.0 0.0 0.0 0.0 0.0 0.0 0.378 0.459 0.459 0.459 2.0 0.192 0.286 0.333
0.0 0.0 0.0 1.0 0.0 0.0 0.0 0.0 0.0 0.0 0.351 0.486 0.486 0.486 3.0 0.250 0.271 0.333
0.0 1.0 0.0 0.0 0.0 0.0 0.0 0.0 0.0 0.0 0.243 0.595 0.595 0.595 2.0 0.212 0.171 0.333
0.0 0.0 0.0 1.0 0.0 0.0 0.0 0.0 0.0 0.0 0.216 0.622 0.622 0.622 3.0 0.365 0.157 0.333
0.0 0.0 0.0 1.0 0.0 0.0 0.0 0.0 1.0 0.0 0.189 0.649 0.649 0.649 2.0 0.308 0.114 0.333
0.0 0.0 0.0 1.0 0.0 0.0 0.0 0.0 0.0 0.0 0.324 0.514 0.514 0.514 2.0 0.327 0.229 0.333
0.0 1.0 0.0 0.0 0.0 0.0 0.0 0.0 0.0 0.0 0.297 0.541 0.541 0.541 1.0 0.269 0.229 0.333
0.0 0.0 0.0 1.0 0.0 0.0 0.0 0.0 0.0 0.0 0.297 0.541 0.541 0.541 2.0 0.365 0.243 0.333
0.0 0.0 0.0 1.0 0.0 0.0 0.0 0.0 0.0 0.0 0.270 0.568 0.568 0.568 4.0 0.423 0.229 0.333
0.0 0.0 0.0 1.0 0.0 0.0 0.0 0.0 1.0 0.0 0.243 0.595 0.595 0.595 2.0 0.288 0.157 0.333
0.0 0.0 0.0 1.0 0.0 0.0 0.0 0.0 0.0 0.0 0.351 0.486 0.486 0.486 3.0 0.288 0.271 0.333
0.0 1.0 0.0 0.0 0.0 0.0 0.0 0.0 0.0 0.0 0.243 0.595 0.595 0.595 2.0 0.231 0.157 0.333
0.0 0.0 0.0 1.0 0.0 0.0 0.0 0.0 0.0 0.0 0.324 0.514 0.514 0.514 2.0 0.442 0.229 0.333
0.0 0.0 0.0 1.0 0.0 0.0 0.0 0.0 0.0 0.0 0.297 0.541 0.541 0.541 2.0 0.442 0.243 0.333
0.0 0.0 0.0 1.0 0.0 0.0 0.0 0.0 0.0 0.0 0.351 0.486 0.486 0.486 3.0 0.423 0.257 0.333
0.0 0.0 0.0 1.0 0.0 0.0 0.0 0.0 0.0 0.0 0.216 0.622 0.622 0.622 4.0 0.404 0.143 0.333
0.0 0.0 0.0 1.0 0.0 0.0 0.0 0.0 1.0 0.0 0.189 0.649 0.649 0.649 2.0 0.327 0.114 0.333
0.0 0.0 0.0 1.0 0.0 0.0 0.0 0.0 1.0 0.0 0.108 0.730 0.730 0.730 2.0 0.269 0.071 0.333
0.0 0.0 0.0 1.0 0.0 0.0 0.0 0.0 0.0 0.0 0.324 0.514 0.514 0.514 2.0 0.327 0.229 0.333
0.0 1.0 0.0 0.0 0.0 0.0 0.0 0.0 0.0 0.0 0.297 0.541 0.541 0.541 1.0 0.269 0.229 0.333
0.0 0.0 0.0 1.0 0.0 0.0 0.0 0.0 0.0 0.0 0.297 0.541 0.541 0.541 2.0 0.365 0.243 0.333
0.0 0.0 0.0 1.0 0.0 0.0 0.0 0.0 0.0 0.0 0.270 0.568 0.568 0.568 4.0 0.462 0.229 0.333
0.0 0.0 0.0 1.0 0.0 0.0 0.0 0.0 1.0 0.0 0.243 0.595 0.595 0.595 2.0 0.288 0.157 0.333
0.0 0.0 0.0 1.0 0.0 0.0 0.0 0.0 1.0 0.0 0.108 0.730 0.730 0.730 2.0 0.308 0.071 0.333
0.0 1.0 0.0 0.0 0.0 0.0 0.0 0.0 0.0 0.0 0.378 0.459 0.459 0.459 2.0 0.231 0.271 0.333
0.0 0.0 0.0 1.0 0.0 0.0 0.0 0.0 0.0 0.0 0.351 0.486 0.486 0.486 3.0 0.231 0.257 0.333
0.0 1.0 0.0 0.0 0.0 0.0 0.0 0.0 0.0 0.0 0.243 0.595 0.595 0.595 1.0 0.192 0.171 0.333
0.0 0.0 0.0 1.0 0.0 0.0 0.0 0.0 0.0 0.0 0.324 0.514 0.514 0.514 2.0 0.423 0.229 0.333
0.0 0.0 0.0 1.0 0.0 0.0 0.0 0.0 0.0 0.0 0.297 0.541 0.541 0.541 2.0 0.423 0.243 0.333
0.0 0.0 0.0 1.0 0.0 0.0 0.0 0.0 0.0 0.0 0.351 0.486 0.486 0.486 3.0 0.423 0.257 0.333
0.0 0.0 0.0 1.0 0.0 0.0 0.0 0.0 0.0 0.0 0.216 0.622 0.622 0.622 3.0 0.346 0.171 0.333
0.0 0.0 0.0 1.0 0.0 0.0 0.0 0.0 1.0 0.0 0.189 0.649 0.649 0.649 2.0 0.308 0.114 0.333
0.0 0.0 0.0 1.0 0.0 0.0 0.0 0.0 0.0 0.0 0.108 0.730 0.730 0.730 2.0 0.365 0.086 0.333
0.0 0.0 0.0 1.0 0.0 0.0 0.0 0.0 0.0 0.0 0.324 0.514 0.514 0.514 2.0 0.327 0.229 0.333
0.0 1.0 0.0 0.0 0.0 0.0 0.0 0.0 0.0 0.0 0.297 0.541 0.541 0.541 1.0 0.269 0.229 0.333
0.0 0.0 0.0 1.0 0.0 0.0 0.0 0.0 0.0 0.0 0.297 0.541 0.541 0.541 2.0 0.365 0.243 0.333
0.0 0.0 0.0 1.0 0.0 0.0 0.0 0.0 0.0 0.0 0.270 0.568 0.568 0.568 4.0 0.442 0.229 0.333
0.0 0.0 0.0 1.0 0.0 0.0 0.0 0.0 1.0 0.0 0.243 0.595 0.595 0.595 2.0 0.288 0.157 0.333
0.0 0.0 0.0 1.0 0.0 0.0 0.0 0.0 0.0 0.0 0.108 0.730 0.730 0.730 2.0 0.423 0.086 0.333
0.0 0.0 0.0 1.0 0.0 0.0 0.0 0.0 0.0 0.0 0.405 0.432 0.432 0.432 2.0 0.231 0.314 0.333
0.0 1.0 0.0 0.0 0.0 0.0 0.0 0.0 0.0 0.0 0.378 0.459 0.459 0.459 1.0 0.173 0.271 0.333
0.0 1.0 0.0 0.0 0.0 0.0 0.0 0.0 0.0 0.0 0.270 0.568 0.568 0.568 2.0 0.192 0.229 0.333
0.0 0.0 0.0 1.0 0.0 0.0 0.0 0.0 0.0 0.0 0.378 0.459 0.459 0.459 2.0 0.346 0.300 0.333
0.0 0.0 0.0 1.0 0.0 0.0 0.0 0.0 0.0 0.0 0.351 0.486 0.486 0.486 2.0 0.250 0.271 0.333
0.0 0.0 0.0 1.0 0.0 0.0 0.0 0.0 0.0 0.0 0.324 0.514 0.514 0.514 2.0 0.404 0.257 0.333
0.0 1.0 0.0 0.0 0.0 0.0 0.0 0.0 0.0 0.0 0.297 0.541 0.541 0.541 2.0 0.173 0.257 0.333
0.0 0.0 0.0 1.0 0.0 0.0 0.0 0.0 0.0 0.0 0.297 0.541 0.541 0.541 2.0 0.385 0.257 0.333
0.0 0.0 0.0 1.0 0.0 0.0 0.0 0.0 0.0 0.0 0.270 0.568 0.568 0.568 3.0 0.288 0.243 0.333
0.0 0.0 0.0 0.0 0.0 1.0 0.0 0.0 0.0 0.0 0.135 0.703 0.703 0.703 3.0 0.269 0.114 0.333
0.0 1.0 0.0 0.0 0.0 0.0 0.0 0.0 0.0 0.0 0.108 0.730 0.730 0.730 1.0 0.231 0.057 0.333
0.0 0.0 1.0 0.0 0.0 0.0 0.0 0.0 0.0 0.0 0.108 0.730 0.730 0.730 2.0 0.327 0.086 0.333
0.0 0.0 0.0 1.0 0.0 0.0 0.0 0.0 1.0 0.0 0.243 0.595 0.595 0.595 2.0 0.250 0.157 0.333
0.0 1.0 0.0 0.0 0.0 0.0 0.0 0.0 0.0 0.0 0.135 0.514 0.703 0.608 1.0 0.654 0.086 0.667
0.0 0.0 0.0 1.0 0.0 0.0 0.0 0.0 0.0 0.0 0.243 0.595 0.595 0.595 3.0 0.327 0.214 0.333
0.0 1.0 0.0 0.0 0.0 0.0 0.0 0.0 0.0 0.0 0.216 0.622 0.622 0.622 2.0 0.154 0.129 0.333
0.0 0.0 0.0 1.0 0.0 0.0 0.0 0.0 1.0 0.0 0.189 0.649 0.649 0.649 2.0 0.250 0.114 0.333
0.0 0.0 0.0 1.0 0.0 0.0 0.0 0.0 0.0 0.0 0.108 0.730 0.730 0.730 2.0 0.327 0.086 0.333
0.0 1.0 0.0 0.0 0.0 0.0 0.0 0.0 0.0 0.0 0.054 0.784 0.784 0.784 2.0 0.250 0.029 0.333
0.0 1.0 0.0 0.0 0.0 0.0 0.0 0.0 0.0 0.0 0.405 0.000 0.000 0.000 3.0 0.269 0.329 0.000
0.0 0.0 0.0 1.0 0.0 0.0 0.0 0.0 0.0 0.0 0.378 0.000 0.000 0.000 2.0 0.269 0.300 0.000
0.0 1.0 0.0 0.0 0.0 0.0 0.0 0.0 0.0 0.0 0.351 0.000 0.000 0.000 2.0 0.173 0.271 0.000
0.0 0.0 0.0 1.0 0.0 0.0 0.0 0.0 0.0 0.0 0.351 0.000 0.000 0.000 2.0 0.250 0.300 0.000
0.0 0.0 1.0 0.0 0.0 0.0 0.0 0.0 0.0 0.0 0.324 0.000 0.000 0.000 2.0 0.231 0.257 0.000
0.0 0.0 0.0 1.0 0.0 0.0 0.0 0.0 0.0 0.0 0.297 0.000 0.000 0.000 2.0 0.250 0.257 0.000
0.0 0.0 0.0 1.0 0.0 0.0 0.0 0.0 0.0 0.0 0.135 0.000 0.000 0.000 2.0 0.212 0.100 0.000
0.0 1.0 0.0 0.0 0.0 0.0 0.0 0.0 0.0 0.0 0.108 0.000 0.000 0.000 2.0 0.327 0.086 0.000
0.0 1.0 0.0 0.0 0.0 0.0 0.0 0.0 0.0 0.0 0.108 0.541 0.730 0.635 2.0 0.692 0.086 0.667
1.0 0.0 0.0 0.0 0.0 0.0 0.0 0.0 0.0 0.0 0.297 0.000 0.000 0.000 3.0 0.346 0.243 0.000
0.0 0.0 0.0 1.0 0.0 0.0 0.0 0.0 0.0 0.0 0.270 0.000 0.000 0.000 4.0 0.346 0.229 0.000
0.0 0.0 0.0 1.0 0.0 0.0 0.0 0.0 1.0 0.0 0.243 0.000 0.000 0.000 2.0 0.269 0.157 0.000
0.0 0.0 0.0 0.0 1.0 0.0 0.0 0.0 1.0 0.0 0.216 0.432 0.622 0.527 2.0 0.385 0.143 0.667
0.0 0.0 0.0 1.0 0.0 0.0 0.0 0.0 0.0 0.0 0.189 0.459 0.649 0.554 3.0 0.519 0.143 0.667
0.0 0.0 1.0 0.0 0.0 0.0 0.0 0.0 0.0 0.0 0.162 0.486 0.676 0.581 2.0 0.519 0.114 0.667
0.0 1.0 0.0 0.0 0.0 0.0 0.0 0.0 0.0 0.0 0.135 0.514 0.703 0.608 2.0 0.269 0.086 0.667
0.0 0.0 0.0 1.0 0.0 0.0 0.0 0.0 1.0 0.0 0.108 0.541 0.730 0.635 2.0 0.154 0.071 0.667
0.0 0.0 0.0 1.0 0.0 0.0 0.0 0.0 0.0 0.0 0.108 0.541 0.730 0.635 2.0 0.654 0.071 0.667
0.0 0.0 1.0 0.0 0.0 0.0 0.0 0.0 0.0 0.0 0.081 0.568 0.757 0.662 2.0 0.365 0.057 0.667
0.0 1.0 0.0 0.0 0.0 0.0 0.0 0.0 0.0 0.0 0.108 0.541 0.730 0.635 1.0 0.288 0.057 0.667
0.0 0.0 0.0 1.0 0.0 0.0 0.0 0.0 1.0 0.0 0.108 0.000 0.000 0.000 2.0 0.288 0.071 0.000
0.0 1.0 0.0 0.0 0.0 0.0 0.0 0.0 0.0 0.0 0.108 0.541 0.730 0.635 1.0 0.692 0.071 0.667
0.0 0.0 0.0 1.0 0.0 0.0 0.0 0.0 0.0 0.0 0.081 0.568 0.757 0.662 4.0 1.000 0.071 0.667
0.0 0.0 0.0 1.0 0.0 0.0 0.0 0.0 0.0 0.0 0.054 0.595 0.784 0.689 2.0 0.519 0.029 0.667
0.0 0.0 0.0 1.0 0.0 0.0 0.0 0.0 1.0 0.0 0.054 0.595 0.784 0.689 2.0 0.385 0.029 0.667
0.0 1.0 0.0 0.0 0.0 0.0 0.0 0.0 0.0 0.0 0.270 0.000 0.000 0.000 2.0 0.154 0.157 0.000
0.0 1.0 0.0 0.0 0.0 0.0 0.0 0.0 0.0 0.0 0.243 0.000 0.000 0.000 2.0 0.192 0.143 0.000
0.0 0.0 0.0 1.0 0.0 0.0 0.0 0.0 0.0 0.0 0.216 0.000 0.000 0.000 2.0 0.154 0.129 0.000
0.0 0.0 0.0 1.0 0.0 0.0 0.0 0.0 1.0 0.0 0.189 0.000 0.000 0.000 2.0 0.269 0.114 0.000
0.0 1.0 0.0 0.0 0.0 0.0 0.0 0.0 0.0 0.0 0.162 0.486 0.676 0.581 2.0 0.500 0.100 0.667
0.0 0.0 0.0 1.0 0.0 0.0 0.0 0.0 0.0 0.0 0.135 0.514 0.703 0.608 3.0 0.481 0.086 0.667
0.0 0.0 1.0 0.0 0.0 0.0 0.0 0.0 0.0 0.0 0.108 0.541 0.730 0.635 2.0 0.538 0.057 0.667
0.0 0.0 0.0 1.0 0.0 0.0 0.0 0.0 1.0 0.0 0.081 0.568 0.757 0.662 3.0 0.385 0.057 0.667
0.0 1.0 0.0 0.0 0.0 0.0 0.0 0.0 0.0 0.0 0.108 0.541 0.730 0.635 1.0 0.365 0.057 0.667
0.0 0.0 0.0 0.0 0.0 1.0 0.0 0.0 1.0 0.0 0.081 0.568 0.757 0.662 3.0 0.538 0.057 0.667
0.0 0.0 0.0 1.0 0.0 0.0 0.0 0.0 0.0 0.0 0.081 0.568 0.757 0.662 3.0 0.615 0.057 0.667
0.0 1.0 0.0 0.0 0.0 0.0 0.0 0.0 0.0 0.0 0.054 0.595 0.784 0.689 1.0 0.346 0.029 0.667
0.0 0.0 0.0 1.0 0.0 0.0 0.0 0.0 1.0 0.0 0.108 0.000 0.000 0.000 2.0 0.212 0.071 0.000
0.0 0.0 0.0 0.0 0.0 1.0 0.0 0.0 1.0 0.0 0.081 0.568 0.757 0.662 3.0 0.404 0.057 0.667
0.0 0.0 0.0 0.0 0.0 1.0 0.0 0.0 0.0 0.0 0.568 0.081 0.081 0.081 3.0 0.808 0.643 0.333
0.0 0.0 0.0 1.0 0.0 0.0 0.0 0.0 1.0 0.0 0.243 0.000 0.000 0.000 2.0 0.231 0.171 0.000
0.0 0.0 0.0 1.0 0.0 0.0 0.0 0.0 0.0 0.0 0.216 0.432 0.432 0.432 2.0 0.577 0.157 0.333
0.0 0.0 0.0 1.0 0.0 0.0 0.0 0.0 0.0 0.0 0.189 0.459 0.459 0.459 2.0 0.423 0.143 0.333
0.0 1.0 0.0 0.0 0.0 0.0 0.0 0.0 0.0 0.0 0.081 0.054 0.568 0.311 1.0 0.500 0.043 0.667
0.0 0.0 0.0 0.0 0.0 1.0 0.0 0.0 1.0 0.0 0.054 0.081 0.595 0.338 2.0 0.462 0.043 0.667
0.0 0.0 0.0 1.0 0.0 0.0 0.0 0.0 0.0 0.0 0.162 0.486 0.486 0.486 2.0 0.423 0.129 0.333
0.0 0.0 0.0 1.0 0.0 0.0 0.0 0.0 0.0 0.0 0.649 0.000 0.000 0.000 4.0 0.365 0.671 0.000
0.0 0.0 0.0 0.0 0.0 1.0 0.0 0.0 0.0 0.0 0.622 0.000 0.000 0.000 2.0 0.212 0.657 0.000
0.0 0.0 1.0 0.0 0.0 0.0 0.0 0.0 0.0 0.0 0.108 0.000 0.000 0.000 2.0 0.269 0.057 0.000
0.0 1.0 0.0 0.0 0.0 0.0 0.0 0.0 0.0 0.0 0.081 0.757 0.757 0.757 1.0 0.269 0.029 0.333
0.0 0.0 0.0 0.0 0.0 1.0 0.0 0.0 0.0 0.0 0.595 0.000 0.000 0.000 2.0 0.269 0.657 0.000
0.0 0.0 0.0 1.0 0.0 0.0 0.0 0.0 0.0 0.0 0.189 0.000 0.000 0.000 2.0 0.231 0.157 0.000
0.0 1.0 0.0 0.0 0.0 0.0 0.0 0.0 0.0 0.0 0.108 0.730 0.730 0.730 1.0 0.404 0.057 0.333
0.0 0.0 0.0 0.0 0.0 1.0 0.0 0.0 0.0 0.0 0.081 0.757 0.757 0.757 2.0 0.462 0.057 0.333
0.0 0.0 0.0 1.0 0.0 0.0 0.0 0.0 0.0 0.0 0.054 0.595 0.784 0.689 2.0 0.673 0.029 0.667
0.0 0.0 0.0 1.0 0.0 0.0 0.0 0.0 0.0 0.0 0.081 0.000 0.000 0.000 3.0 0.308 0.071 0.000
0.0 0.0 0.0 0.0 1.0 0.0 0.0 0.0 1.0 0.0 0.054 0.000 0.000 0.000 2.0 0.212 0.043 0.000
0.0 0.0 0.0 1.0 0.0 0.0 0.0 0.0 0.0 0.0 0.054 0.000 0.000 0.000 2.0 0.327 0.043 0.000
0.0 0.0 0.0 1.0 0.0 0.0 0.0 0.0 0.0 0.0 0.676 0.000 0.000 0.000 4.0 0.288 0.671 0.000
0.0 0.0 0.0 1.0 0.0 0.0 0.0 0.0 1.0 0.0 0.649 0.000 0.000 0.000 2.0 0.154 0.657 0.000
0.0 0.0 0.0 1.0 0.0 0.0 0.0 0.0 0.0 0.0 0.622 0.000 0.000 0.000 2.0 0.173 0.657 0.000
0.0 0.0 0.0 0.0 1.0 0.0 0.0 0.0 0.0 0.0 0.595 0.000 0.000 0.000 2.0 0.269 0.657 0.000
0.0 1.0 0.0 0.0 0.0 0.0 0.0 0.0 0.0 0.0 0.568 0.270 0.270 0.270 2.0 0.423 0.643 0.333
0.0 0.0 0.0 1.0 0.0 0.0 0.0 0.0 0.0 0.0 0.054 0.000 0.000 0.000 2.0 0.288 0.029 0.000
0.0 0.0 0.0 0.0 1.0 0.0 0.0 0.0 1.0 0.0 0.081 0.000 0.000 0.000 3.0 0.212 0.057 0.000
0.0 0.0 0.0 1.0 0.0 0.0 0.0 0.0 1.0 0.0 0.054 0.595 0.784 0.689 2.0 0.654 0.029 0.667
0.0 0.0 0.0 1.0 0.0 0.0 0.0 0.0 0.0 0.0 0.108 0.541 0.730 0.635 2.0 0.500 0.057 0.667
0.0 1.0 0.0 0.0 0.0 0.0 0.0 0.0 1.0 0.0 0.027 0.622 0.811 0.716 1.0 0.558 0.014 0.667
0.0 0.0 0.0 1.0 0.0 0.0 0.0 0.0 0.0 0.0 0.568 0.000 0.000 0.000 3.0 0.365 0.643 0.000
0.0 0.0 0.0 1.0 0.0 0.0 0.0 0.0 0.0 0.0 0.541 0.108 0.297 0.203 2.0 0.712 0.629 0.667
0.0 0.0 0.0 1.0 0.0 0.0 0.0 0.0 0.0 0.0 0.162 0.486 0.676 0.581 3.0 0.308 0.114 0.667
0.0 0.0 0.0 1.0 0.0 0.0 0.0 0.0 0.0 0.0 0.135 0.514 0.703 0.608 2.0 0.212 0.057 0.667
0.0 1.0 0.0 0.0 0.0 0.0 0.0 0.0 0.0 0.0 0.108 0.541 0.730 0.635 2.0 0.135 0.043 0.667
0.0 0.0 0.0 1.0 0.0 0.0 0.0 0.0 1.0 0.0 0.054 0.595 0.784 0.689 2.0 0.115 0.043 0.667
0.0 1.0 0.0 0.0 0.0 0.0 0.0 0.0 1.0 0.0 0.027 0.622 0.811 0.716 2.0 0.058 0.029 0.667
0.0 0.0 0.0 1.0 0.0 0.0 0.0 0.0 0.0 0.0 0.514 0.135 0.324 0.230 3.0 0.327 0.629 0.667
0.0 0.0 0.0 0.0 0.0 1.0 0.0 0.0 0.0 0.0 0.216 0.432 0.622 0.527 3.0 0.231 0.157 0.667
0.0 0.0 0.0 0.0 0.0 1.0 0.0 0.0 1.0 0.0 0.189 0.459 0.649 0.554 2.0 0.173 0.129 0.667
0.0 0.0 0.0 0.0 0.0 1.0 0.0 0.0 0.0 0.0 0.162 0.486 0.676 0.581 3.0 0.173 0.129 0.667
1.0 0.0 0.0 0.0 0.0 0.0 0.0 0.0 1.0 0.0 0.108 0.541 0.730 0.635 3.0 0.365 0.086 0.667
0.0 1.0 0.0 0.0 0.0 0.0 0.0 0.0 0.0 0.0 0.108 0.541 0.730 0.635 2.0 0.365 0.071 0.667
0.0 1.0 0.0 0.0 0.0 0.0 0.0 0.0 0.0 0.0 0.135 0.514 0.703 0.608 2.0 0.212 0.086 0.667
0.0 0.0 0.0 1.0 0.0 0.0 0.0 0.0 1.0 0.0 0.108 0.541 0.730 0.635 2.0 0.365 0.071 0.667
0.0 1.0 0.0 0.0 0.0 0.0 0.0 0.0 0.0 0.0 0.108 0.541 0.730 0.635 4.0 0.481 0.086 0.667
0.0 1.0 0.0 0.0 0.0 0.0 0.0 0.0 1.0 0.0 0.027 0.622 0.811 0.716 1.0 0.154 0.014 0.667
0.0 1.0 0.0 0.0 0.0 0.0 0.0 0.0 1.0 0.0 0.027 0.622 0.811 0.716 2.0 0.096 0.029 0.667
0.0 0.0 0.0 1.0 0.0 0.0 0.0 0.0 0.0 0.0 0.486 0.162 0.351 0.257 3.0 0.269 0.557 0.667
0.0 0.0 0.0 1.0 0.0 0.0 0.0 0.0 1.0 0.0 0.135 0.514 0.703 0.608 3.0 0.135 0.086 0.667
0.0 1.0 0.0 0.0 0.0 0.0 0.0 0.0 0.0 0.0 0.108 0.541 0.730 0.635 2.0 0.346 0.071 0.667
0.0 0.0 0.0 1.0 0.0 0.0 0.0 0.0 0.0 0.0 0.162 0.486 0.676 0.581 2.0 0.173 0.100 0.667
0.0 1.0 0.0 0.0 0.0 0.0 0.0 0.0 0.0 0.0 0.135 0.514 0.703 0.608 2.0 0.135 0.086 0.667
0.0 1.0 0.0 0.0 0.0 0.0 0.0 0.0 0.0 0.0 0.054 0.595 0.784 0.689 2.0 0.115 0.043 0.667
0.0 0.0 0.0 1.0 0.0 0.0 0.0 0.0 0.0 0.0 0.459 0.189 0.378 0.284 3.0 0.327 0.529 0.667
0.0 0.0 0.0 1.0 0.0 0.0 0.0 0.0 0.0 0.0 0.432 0.216 0.405 0.311 3.0 0.288 0.486 0.667
0.0 0.0 0.0 1.0 0.0 0.0 0.0 0.0 0.0 0.0 0.297 0.351 0.541 0.446 2.0 0.231 0.243 0.667
0.0 0.0 0.0 1.0 0.0 0.0 0.0 0.0 0.0 0.0 0.270 0.378 0.568 0.473 2.0 0.212 0.214 0.667
0.0 0.0 0.0 1.0 0.0 0.0 0.0 0.0 0.0 0.0 0.243 0.405 0.595 0.500 3.0 0.346 0.200 0.667
0.0 1.0 0.0 0.0 0.0 0.0 0.0 0.0 0.0 0.0 0.243 0.405 0.595 0.500 2.0 0.154 0.186 0.667
0.0 0.0 0.0 1.0 0.0 0.0 0.0 0.0 0.0 0.0 0.405 0.243 0.432 0.338 3.0 0.269 0.443 0.667
0.0 1.0 0.0 0.0 0.0 0.0 0.0 0.0 0.0 0.0 0.324 0.324 0.514 0.419 2.0 0.154 0.257 0.667
0.0 0.0 0.0 0.0 1.0 0.0 0.0 0.0 0.0 0.0 0.297 0.351 0.541 0.446 2.0 0.192 0.243 0.667
0.0 0.0 1.0 0.0 0.0 0.0 0.0 0.0 0.0 0.0 0.270 0.378 0.568 0.473 3.0 0.288 0.214 0.667
0.0 0.0 0.0 1.0 0.0 0.0 0.0 0.0 1.0 0.0 0.108 0.541 0.730 0.635 2.0 0.404 0.071 0.667
0.0 1.0 0.0 0.0 0.0 0.0 0.0 0.0 0.0 0.0 0.243 0.405 0.595 0.500 2.0 0.173 0.143 0.667
0.0 0.0 0.0 0.0 0.0 1.0 0.0 0.0 0.0 0.0 0.216 0.432 0.622 0.527 2.0 0.173 0.129 0.667
0.0 1.0 0.0 0.0 0.0 0.0 0.0 0.0 0.0 0.0 0.270 0.378 0.568 0.473 2.0 0.192 0.214 0.667
0.0 0.0 0.0 1.0 0.0 0.0 0.0 0.0 0.0 0.0 0.243 0.405 0.595 0.500 3.0 0.250 0.200 0.667
0.0 0.0 0.0 1.0 0.0 0.0 0.0 0.0 1.0 0.0 0.216 0.432 0.622 0.527 2.0 0.385 0.157 0.667
0.0 0.0 0.0 1.0 0.0 0.0 0.0 0.0 1.0 0.0 0.027 0.622 0.811 0.716 2.0 0.096 0.029 0.667
0.0 0.0 0.0 1.0 0.0 0.0 0.0 0.0 0.0 0.0 0.378 0.270 0.459 0.365 3.0 0.288 0.371 0.667
0.0 0.0 0.0 1.0 0.0 0.0 0.0 0.0 0.0 0.0 0.297 0.351 0.541 0.446 2.0 0.231 0.229 0.667
0.0 1.0 0.0 0.0 0.0 0.0 0.0 0.0 0.0 0.0 0.270 0.378 0.568 0.473 2.0 0.173 0.214 0.667
0.0 0.0 0.0 1.0 0.0 0.0 0.0 0.0 0.0 0.0 0.351 0.297 0.486 0.392 3.0 0.308 0.329 0.667
0.0 0.0 0.0 1.0 0.0 0.0 0.0 0.0 0.0 0.0 0.297 0.351 0.541 0.446 2.0 0.212 0.214 0.667
0.0 1.0 0.0 0.0 0.0 0.0 0.0 0.0 0.0 0.0 0.270 0.378 0.568 0.473 2.0 0.173 0.214 0.667
0.0 0.0 0.0 1.0 0.0 0.0 0.0 0.0 0.0 0.0 0.324 0.324 0.514 0.419 4.0 0.423 0.286 0.667
0.0 0.0 0.0 0.0 0.0 1.0 0.0 0.0 0.0 0.0 0.243 0.405 0.595 0.500 2.0 0.173 0.171 0.667
0.0 0.0 1.0 0.0 0.0 0.0 0.0 0.0 1.0 0.0 0.027 0.622 0.811 0.716 2.0 0.077 0.029 0.667
0.0 0.0 1.0 0.0 0.0 0.0 0.0 0.0 1.0 0.0 0.216 0.432 0.622 0.527 2.0 0.269 0.157 0.667
0.0 0.0 0.0 1.0 0.0 0.0 0.0 0.0 0.0 0.0 0.297 0.351 0.541 0.446 2.0 0.250 0.229 0.667
0.0 1.0 0.0 0.0 0.0 0.0 0.0 0.0 0.0 0.0 0.270 0.378 0.568 0.473 2.0 0.154 0.200 0.667
0.0 0.0 0.0 1.0 0.0 0.0 0.0 0.0 0.0 0.0 0.270 0.378 0.568 0.473 3.0 0.288 0.214 0.667
0.0 0.0 0.0 1.0 0.0 0.0 0.0 0.0 1.0 0.0 0.108 0.541 0.730 0.635 2.0 0.385 0.071 0.667
0.0 1.0 0.0 0.0 0.0 0.0 0.0 0.0 0.0 0.0 0.243 0.405 0.595 0.500 2.0 0.154 0.143 0.667
0.0 0.0 0.0 0.0 0.0 1.0 0.0 0.0 0.0 0.0 0.216 0.432 0.622 0.527 2.0 0.173 0.129 0.667
0.0 1.0 0.0 0.0 0.0 0.0 0.0 0.0 0.0 0.0 0.189 0.459 0.649 0.554 1.0 0.288 0.129 0.667
0.0 0.0 0.0 1.0 0.0 0.0 0.0 0.0 0.0 0.0 0.297 0.351 0.541 0.446 2.0 0.173 0.229 0.667
0.0 1.0 0.0 0.0 0.0 0.0 0.0 0.0 0.0 0.0 0.270 0.378 0.568 0.473 2.0 0.154 0.200 0.667
0.0 0.0 1.0 0.0 0.0 0.0 0.0 0.0 0.0 0.0 0.243 0.405 0.595 0.500 2.0 0.173 0.186 0.667
0.0 0.0 0.0 1.0 0.0 0.0 0.0 0.0 1.0 0.0 0.108 0.541 0.730 0.635 2.0 0.385 0.071 0.667
0.0 1.0 0.0 0.0 0.0 0.0 0.0 0.0 0.0 0.0 0.216 0.432 0.622 0.527 2.0 0.135 0.143 0.667
0.0 0.0 0.0 1.0 0.0 0.0 0.0 0.0 1.0 0.0 0.189 0.459 0.649 0.554 2.0 0.212 0.129 0.667
0.0 1.0 0.0 0.0 0.0 0.0 0.0 0.0 0.0 0.0 0.270 0.378 0.568 0.473 1.0 0.173 0.200 0.667
0.0 0.0 0.0 1.0 0.0 0.0 0.0 0.0 0.0 0.0 0.243 0.405 0.595 0.500 3.0 0.288 0.200 0.667
0.0 0.0 0.0 1.0 0.0 0.0 0.0 0.0 1.0 0.0 0.216 0.432 0.622 0.527 2.0 0.442 0.157 0.667
0.0 0.0 0.0 1.0 0.0 0.0 0.0 0.0 1.0 0.0 0.027 0.622 0.811 0.716 2.0 0.115 0.029 0.667
0.0 0.0 0.0 1.0 0.0 0.0 0.0 0.0 0.0 0.0 0.297 0.351 0.541 0.446 2.0 0.173 0.214 0.667
0.0 1.0 0.0 0.0 0.0 0.0 0.0 0.0 0.0 0.0 0.270 0.378 0.568 0.473 2.0 0.173 0.214 0.667
0.0 0.0 0.0 1.0 0.0 0.0 0.0 0.0 0.0 0.0 0.243 0.405 0.595 0.500 3.0 0.308 0.200 0.667
0.0 0.0 0.0 1.0 0.0 0.0 0.0 0.0 1.0 0.0 0.027 0.622 0.811 0.716 2.0 0.115 0.029 0.667
0.0 0.0 0.0 1.0 0.0 0.0 0.0 0.0 1.0 0.0 0.216 0.432 0.622 0.527 2.0 0.442 0.157 0.667
0.0 1.0 0.0 0.0 0.0 0.0 0.0 0.0 0.0 0.0 0.243 0.405 0.595 0.500 1.0 0.154 0.171 0.667
0.0 0.0 0.0 1.0 0.0 0.0 0.0 0.0 0.0 0.0 0.216 0.432 0.622 0.527 2.0 0.192 0.171 0.667
0.0 0.0 0.0 1.0 0.0 0.0 0.0 0.0 1.0 0.0 0.189 0.459 0.649 0.554 2.0 0.250 0.129 0.667
0.0 0.0 0.0 1.0 0.0 0.0 0.0 0.0 1.0 0.0 0.108 0.541 0.730 0.635 2.0 0.385 0.071 0.667
0.0 0.0 0.0 1.0 0.0 0.0 0.0 0.0 0.0 0.0 0.297 0.351 0.541 0.446 2.0 0.173 0.229 0.667
0.0 1.0 0.0 0.0 0.0 0.0 0.0 0.0 0.0 0.0 0.270 0.378 0.568 0.473 2.0 0.173 0.214 0.667
0.0 0.0 1.0 0.0 0.0 0.0 0.0 0.0 0.0 0.0 0.243 0.405 0.595 0.500 3.0 0.269 0.200 0.667
0.0 1.0 0.0 0.0 0.0 0.0 0.0 0.0 0.0 0.0 0.216 0.432 0.622 0.527 2.0 0.615 0.157 0.667
0.0 0.0 0.0 1.0 0.0 0.0 0.0 0.0 1.0 0.0 0.189 0.459 0.649 0.554 2.0 0.269 0.129 0.667
0.0 0.0 0.0 1.0 0.0 0.0 0.0 0.0 1.0 0.0 0.108 0.541 0.730 0.635 2.0 0.404 0.071 0.667
0.0 1.0 0.0 0.0 0.0 0.0 0.0 0.0 0.0 0.0 0.270 0.378 0.568 0.473 1.0 0.173 0.200 0.667
0.0 0.0 0.0 1.0 0.0 0.0 0.0 0.0 0.0 0.0 0.243 0.405 0.595 0.500 3.0 0.288 0.200 0.667
0.0 0.0 0.0 0.0 0.0 1.0 0.0 0.0 0.0 0.0 0.189 0.459 0.649 0.554 2.0 0.731 0.157 0.667
0.0 0.0 0.0 1.0 0.0 0.0 0.0 0.0 1.0 0.0 0.216 0.432 0.622 0.527 2.0 0.442 0.157 0.667
0.0 0.0 0.0 1.0 0.0 0.0 0.0 0.0 1.0 0.0 0.027 0.622 0.811 0.716 2.0 0.115 0.029 0.667
0.0 0.0 0.0 1.0 0.0 0.0 0.0 0.0 0.0 0.0 0.162 0.486 0.676 0.581 2.0 0.173 0.100 0.667
0.0 1.0 0.0 0.0 0.0 0.0 0.0 0.0 0.0 0.0 0.054 0.595 0.784 0.689 2.0 0.115 0.043 0.667
0.0 0.0 0.0 1.0 0.0 0.0 0.0 0.0 1.0 0.0 0.027 0.622 0.811 0.716 2.0 0.096 0.029 0.667
0.0 1.0 0.0 0.0 0.0 0.0 0.0 0.0 0.0 0.0 0.135 0.514 0.703 0.608 2.0 0.135 0.086 0.667
0.0 0.0 0.0 1.0 0.0 0.0 0.0 0.0 1.0 0.0 0.108 0.541 0.730 0.635 2.0 0.385 0.071 0.667
0.0 0.0 0.0 1.0 0.0 0.0 0.0 0.0 0.0 0.0 0.270 0.378 0.568 0.473 4.0 0.404 0.214 0.667
0.0 0.0 0.0 1.0 0.0 0.0 0.0 0.0 1.0 0.0 0.027 0.622 0.811 0.716 2.0 0.365 0.029 0.667
0.0 0.0 0.0 1.0 0.0 0.0 0.0 0.0 1.0 0.0 0.216 0.432 0.622 0.527 2.0 0.462 0.157 0.667
0.0 0.0 0.0 0.0 0.0 1.0 0.0 0.0 0.0 0.0 0.189 0.459 0.649 0.554 2.0 0.635 0.143 0.667
0.0 1.0 0.0 0.0 0.0 0.0 0.0 0.0 0.0 0.0 0.243 0.405 0.595 0.500 2.0 0.192 0.186 0.667
0.0 0.0 1.0 0.0 0.0 0.0 0.0 0.0 0.0 0.0 0.216 0.432 0.622 0.527 2.0 0.173 0.171 0.667
0.0 0.0 0.0 1.0 0.0 0.0 0.0 0.0 1.0 0.0 0.189 0.459 0.649 0.554 2.0 0.250 0.129 0.667
0.0 0.0 0.0 0.0 0.0 1.0 0.0 0.0 0.0 0.0 0.162 0.486 0.676 0.581 2.0 0.538 0.129 0.667
0.0 0.0 0.0 0.0 1.0 0.0 0.0 0.0 1.0 0.0 0.027 0.108 0.811 0.514 2.0 0.519 0.029 1.000
0.0 0.0 0.0 1.0 0.0 0.0 0.0 0.0 1.0 0.0 0.108 0.541 0.730 0.635 2.0 0.385 0.071 0.667
0.0 0.0 0.0 1.0 0.0 0.0 0.0 0.0 0.0 0.0 0.081 0.568 0.757 0.662 2.0 0.788 0.057 0.667
0.0 0.0 0.0 1.0 0.0 0.0 0.0 0.0 0.0 0.0 0.054 0.595 0.784 0.689 2.0 0.500 0.029 0.667
0.0 1.0 0.0 0.0 0.0 0.0 0.0 0.0 1.0 0.0 0.027 0.622 0.811 0.716 1.0 0.462 0.014 0.667
1.0 0.0 0.0 0.0 0.0 0.0 0.0 0.0 1.0 0.0 0.027 0.622 0.811 0.716 2.0 0.096 0.029 0.667
0.0 1.0 0.0 0.0 0.0 0.0 0.0 0.0 0.0 0.0 0.162 0.486 0.676 0.581 2.0 0.481 0.114 0.667
0.0 0.0 0.0 1.0 0.0 0.0 0.0 0.0 0.0 0.0 0.108 0.000 0.000 0.000 2.0 0.115 0.057 0.000
0.0 0.0 0.0 1.0 0.0 0.0 0.0 0.0 0.0 0.0 0.054 0.000 0.000 0.000 2.0 0.250 0.057 0.000
0.0 0.0 0.0 1.0 0.0 0.0 0.0 0.0 1.0 0.0 0.027 0.622 0.811 0.716 2.0 0.250 0.029 0.667
0.0 0.0 0.0 1.0 0.0 0.0 0.0 0.0 1.0 0.0 0.081 0.000 0.000 0.000 2.0 0.154 0.043 0.000
0.0 0.0 0.0 1.0 0.0 0.0 0.0 0.0 0.0 0.0 0.189 0.000 0.000 0.000 2.0 0.115 0.157 0.000
0.0 0.0 0.0 1.0 0.0 0.0 0.0 0.0 0.0 0.0 0.162 0.000 0.000 0.000 2.0 0.288 0.143 0.000
0.0 0.0 1.0 0.0 0.0 0.0 0.0 0.0 0.0 0.0 0.135 0.514 0.703 0.608 4.0 0.596 0.100 0.667
0.0 0.0 0.0 1.0 0.0 0.0 0.0 0.0 1.0 0.0 0.108 0.541 0.730 0.635 2.0 0.212 0.057 0.667
0.0 0.0 0.0 1.0 0.0 0.0 0.0 0.0 1.0 0.0 0.081 0.568 0.757 0.662 2.0 0.096 0.043 0.667
0.0 0.0 0.0 1.0 0.0 0.0 0.0 0.0 1.0 0.0 0.054 0.595 0.784 0.689 2.0 0.135 0.029 0.667
0.0 0.0 0.0 1.0 0.0 0.0 0.0 0.0 0.0 0.0 0.081 0.568 0.757 0.662 2.0 0.288 0.043 0.667
0.0 1.0 0.0 0.0 0.0 0.0 0.0 0.0 1.0 0.0 0.027 0.622 0.811 0.716 1.0 0.288 0.014 0.667
0.0 0.0 0.0 1.0 0.0 0.0 0.0 0.0 0.0 0.0 0.054 0.595 0.784 0.689 2.0 0.269 0.029 0.667
0.0 1.0 0.0 0.0 0.0 0.0 0.0 0.0 1.0 0.0 0.027 0.622 0.811 0.716 1.0 0.365 0.014 0.667
0.0 0.0 0.0 1.0 0.0 0.0 0.0 0.0 0.0 0.0 0.081 0.568 0.757 0.662 2.0 0.404 0.043 0.667
0.0 1.0 0.0 0.0 0.0 0.0 0.0 0.0 1.0 0.0 0.027 0.622 0.811 0.716 1.0 0.462 0.014 0.667
0.0 1.0 0.0 0.0 0.0 0.0 0.0 0.0 0.0 0.0 0.054 0.595 0.784 0.689 2.0 0.423 0.029 0.667
0.0 0.0 0.0 0.0 0.0 1.0 0.0 0.0 0.0 0.0 0.081 0.568 0.757 0.662 2.0 0.250 0.043 0.667
0.0 0.0 1.0 0.0 0.0 0.0 0.0 0.0 1.0 0.0 0.054 0.595 0.784 0.689 2.0 0.173 0.029 0.667
0.0 1.0 0.0 0.0 0.0 0.0 0.0 0.0 1.0 0.0 0.027 0.622 0.811 0.716 1.0 0.404 0.014 0.667
0.0 0.0 0.0 0.0 0.0 1.0 0.0 0.0 1.0 0.0 0.054 0.595 0.784 0.689 2.0 0.135 0.029 0.667
0.0 1.0 0.0 0.0 0.0 0.0 0.0 0.0 1.0 0.0 0.027 0.622 0.811 0.716 1.0 0.192 0.014 0.667
0.0 0.0 0.0 0.0 0.0 1.0 0.0 0.0 1.0 0.0 0.108 0.000 0.000 0.000 2.0 0.250 0.043 0.000
0.0 1.0 0.0 0.0 0.0 0.0 0.0 0.0 0.0 0.0 0.081 0.568 0.757 0.662 1.0 0.231 0.029 0.667
0.0 0.0 0.0 0.0 0.0 1.0 0.0 0.0 1.0 0.0 0.054 0.595 0.784 0.689 2.0 0.538 0.029 0.667
0.0 1.0 0.0 0.0 0.0 0.0 0.0 0.0 1.0 0.0 0.027 0.622 0.811 0.716 1.0 0.692 0.014 0.667
0.0 0.0 0.0 1.0 0.0 0.0 0.0 0.0 1.0 0.0 0.108 0.000 0.000 0.000 2.0 0.115 0.057 0.000
0.0 1.0 0.0 0.0 0.0 0.0 0.0 0.0 0.0 0.0 0.081 0.568 0.757 0.662 1.0 0.308 0.043 0.667
0.0 0.0 0.0 1.0 0.0 0.0 0.0 0.0 1.0 0.0 0.054 0.595 0.784 0.689 2.0 0.827 0.043 0.667
0.0 1.0 0.0 0.0 0.0 0.0 0.0 0.0 1.0 0.0 0.027 0.622 0.811 0.716 2.0 0.481 0.029 0.667
