0.0 0.0 0.0 1.0 0.0 0.0 0.0 0.0 1.0 0.0 0.519 0.281 0.481 2.0 1.000 0.579 0.484
0.0 0.0 0.0 1.0 0.0 0.0 0.0 0.0 0.0 0.0 0.556 0.244 0.444 2.0 0.889 0.632 0.484
0.0 0.0 0.0 1.0 0.0 0.0 0.0 0.0 0.0 0.0 0.563 0.237 0.437 2.0 0.722 0.632 0.484
0.0 0.0 1.0 0.0 0.0 0.0 0.0 0.0 0.0 0.0 0.570 0.230 0.430 2.0 0.500 0.642 0.484
0.0 0.0 0.0 1.0 0.0 0.0 0.0 0.0 0.0 0.0 0.563 0.237 0.437 2.0 0.611 0.632 0.484
0.0 0.0 0.0 1.0 0.0 0.0 0.0 0.0 0.0 0.0 0.578 0.222 0.422 2.0 0.722 0.642 0.484
0.0 0.0 0.0 1.0 0.0 0.0 0.0 0.0 0.0 0.0 0.585 0.215 0.415 2.0 0.722 0.653 0.484
0.0 0.0 0.0 1.0 0.0 0.0 0.0 0.0 0.0 0.0 0.593 0.207 0.407 2.0 0.667 0.653 0.484
0.0 0.0 0.0 1.0 0.0 0.0 0.0 0.0 0.0 0.0 0.600 0.200 0.400 2.0 0.611 0.663 0.484
0.0 0.0 0.0 1.0 0.0 0.0 0.0 0.0 0.0 0.0 0.607 0.193 0.393 2.0 0.556 0.663 0.484
