0.0 0.0 0.0 0.0 0.0 0.0 0.0 1.0 1.0 0.0 0.679 0.000 0.000 0.000 2.0 0.150 0.887 0.000
0.0 0.0 0.0 0.0 0.0 1.0 0.0 0.0 0.0 0.0 0.929 0.000 0.000 0.000 2.0 0.150 0.988 0.000
0.0 0.0 0.0 0.0 0.0 1.0 0.0 0.0 1.0 0.0 0.893 0.000 0.000 0.000 4.0 0.425 0.988 0.000
0.0 0.0 0.0 0.0 0.0 1.0 0.0 0.0 0.0 0.0 0.679 0.000 0.000 0.000 4.0 0.550 0.863 0.000
0.0 0.0 0.0 0.0 0.0 1.0 0.0 0.0 0.0 0.0 0.643 0.000 0.000 0.000 2.0 0.400 0.713 0.000
0.0 0.0 0.0 0.0 0.0 1.0 0.0 0.0 0.0 0.0 0.607 0.000 0.000 0.000 2.0 0.325 0.575 0.000
0.0 0.0 0.0 0.0 0.0 1.0 0.0 0.0 0.0 0.0 0.464 0.000 0.000 0.000 2.0 0.350 0.300 0.000
0.0 0.0 0.0 1.0 0.0 0.0 0.0 0.0 0.0 0.0 0.643 0.000 0.000 0.000 4.0 0.525 0.863 0.000
0.0 0.0 0.0 1.0 0.0 0.0 0.0 0.0 0.0 0.0 0.607 0.000 0.000 0.000 2.0 0.375 0.575 0.000
0.0 0.0 0.0 1.0 0.0 0.0 0.0 0.0 0.0 0.0 0.571 0.000 0.000 0.000 2.0 0.350 0.713 0.000
0.0 0.0 0.0 0.0 0.0 1.0 0.0 0.0 0.0 0.0 0.536 0.000 0.000 0.000 4.0 0.675 0.625 0.000
0.0 1.0 0.0 0.0 0.0 0.0 0.0 0.0 0.0 0.0 0.107 0.000 0.000 0.000 1.0 0.300 0.050 0.000
0.0 0.0 0.0 1.0 0.0 0.0 0.0 0.0 0.0 0.0 0.857 0.000 0.000 0.000 3.0 0.375 0.950 0.000
0.0 0.0 0.0 1.0 0.0 0.0 0.0 0.0 0.0 0.0 0.643 0.000 0.000 0.000 2.0 0.425 0.863 0.000
0.0 1.0 0.0 0.0 0.0 0.0 0.0 0.0 0.0 0.0 0.679 0.000 0.000 0.000 2.0 0.250 0.875 0.000
0.0 0.0 1.0 0.0 0.0 0.0 0.0 0.0 0.0 0.0 0.643 0.000 0.000 0.000 4.0 0.575 0.863 0.000
0.0 0.0 0.0 0.0 0.0 1.0 0.0 0.0 0.0 0.0 0.607 0.000 0.000 0.000 3.0 0.575 0.637 0.000
0.0 1.0 0.0 0.0 0.0 0.0 0.0 0.0 0.0 0.0 0.571 0.000 0.000 0.000 1.0 0.425 0.463 0.000
0.0 1.0 0.0 0.0 0.0 0.0 0.0 0.0 0.0 0.0 0.500 0.000 0.000 0.000 1.0 0.375 0.300 0.000
0.0 0.0 0.0 0.0 0.0 1.0 0.0 0.0 1.0 0.0 0.643 0.000 0.000 0.000 3.0 0.200 0.812 0.000
0.0 0.0 1.0 0.0 0.0 0.0 0.0 0.0 0.0 0.0 0.607 0.000 0.000 0.000 4.0 0.550 0.800 0.000
0.0 0.0 0.0 0.0 0.0 1.0 0.0 0.0 0.0 0.0 0.571 0.000 0.000 0.000 4.0 0.450 0.738 0.000
0.0 0.0 0.0 0.0 0.0 0.0 0.0 1.0 1.0 0.0 0.357 0.000 0.000 0.000 2.0 0.250 0.250 0.000
0.0 0.0 0.0 0.0 0.0 0.0 1.0 0.0 0.0 0.0 0.393 0.000 0.000 0.000 2.0 0.300 0.237 0.000
0.0 1.0 0.0 0.0 0.0 0.0 0.0 0.0 0.0 0.0 0.071 0.000 0.000 0.000 2.0 0.150 0.025 0.000
0.0 0.0 0.0 0.0 0.0 0.0 1.0 0.0 0.0 0.0 0.429 0.000 0.000 0.000 2.0 0.325 0.225 0.000
0.0 0.0 0.0 0.0 0.0 0.0 0.0 1.0 0.0 0.0 0.536 0.000 0.000 0.000 2.0 0.275 0.388 0.000
0.0 1.0 0.0 0.0 0.0 0.0 0.0 0.0 0.0 0.0 0.500 0.000 0.000 0.000 2.0 0.200 0.362 0.000
0.0 0.0 0.0 0.0 0.0 1.0 0.0 0.0 0.0 0.0 0.429 0.000 0.000 0.000 3.0 0.475 0.287 0.000
0.0 1.0 0.0 0.0 0.0 0.0 0.0 0.0 0.0 0.0 0.357 0.000 0.000 0.000 2.0 0.275 0.175 0.000
0.0 0.0 0.0 0.0 0.0 0.0 1.0 0.0 0.0 0.0 0.857 0.000 0.000 0.000 2.0 0.175 0.950 0.000
0.0 0.0 0.0 0.0 0.0 1.0 0.0 0.0 0.0 0.0 0.107 0.000 0.000 0.000 2.0 0.425 0.037 0.000
0.0 0.0 0.0 0.0 0.0 1.0 0.0 0.0 0.0 0.0 0.071 0.000 0.000 0.000 2.0 0.250 0.025 0.000
0.0 0.0 0.0 1.0 0.0 0.0 0.0 0.0 0.0 0.0 0.821 0.000 0.000 0.000 2.0 0.225 0.950 0.000
0.0 0.0 0.0 1.0 0.0 0.0 0.0 0.0 0.0 0.0 0.786 0.000 0.000 0.000 2.0 0.425 0.950 0.000
0.0 0.0 0.0 0.0 0.0 0.0 0.0 1.0 0.0 0.0 0.750 0.000 0.000 0.000 2.0 0.350 0.950 0.000
0.0 0.0 0.0 0.0 1.0 0.0 0.0 0.0 0.0 0.0 0.357 0.000 0.000 0.000 3.0 0.525 0.188 0.000
0.0 0.0 0.0 0.0 0.0 0.0 0.0 1.0 0.0 0.0 0.321 0.000 0.000 0.000 2.0 0.350 0.163 0.000
0.0 1.0 0.0 0.0 0.0 0.0 0.0 0.0 0.0 0.0 0.286 0.000 0.000 0.000 2.0 0.200 0.113 0.000
0.0 0.0 0.0 0.0 0.0 0.0 1.0 0.0 0.0 0.0 0.250 0.000 0.000 0.000 2.0 0.225 0.100 0.000
0.0 0.0 0.0 0.0 0.0 0.0 0.0 1.0 0.0 0.0 0.214 0.000 0.000 0.000 2.0 0.300 0.075 0.000
0.0 0.0 0.0 0.0 0.0 1.0 0.0 0.0 0.0 0.0 0.179 0.000 0.000 0.000 2.0 0.225 0.062 0.000
0.0 1.0 0.0 0.0 0.0 0.0 0.0 0.0 0.0 0.0 0.143 0.000 0.000 0.000 2.0 0.175 0.062 0.000
0.0 0.0 0.0 1.0 0.0 0.0 0.0 0.0 0.0 0.0 0.107 0.000 0.000 0.000 2.0 0.250 0.050 0.000
0.0 0.0 0.0 0.0 0.0 1.0 0.0 0.0 0.0 0.0 0.107 0.000 0.000 0.000 2.0 0.275 0.050 0.000
0.0 0.0 0.0 1.0 0.0 0.0 0.0 0.0 0.0 0.0 0.179 0.000 0.000 0.000 3.0 0.275 0.050 0.000
0.0 0.0 0.0 1.0 0.0 0.0 0.0 0.0 0.0 0.0 0.143 0.000 0.000 0.000 2.0 0.300 0.050 0.000
0.0 1.0 0.0 0.0 0.0 0.0 0.0 0.0 0.0 0.0 0.107 0.000 0.000 0.000 2.0 0.150 0.037 0.000
0.0 1.0 0.0 0.0 0.0 0.0 0.0 0.0 0.0 0.0 0.071 0.000 0.000 0.000 2.0 0.225 0.025 0.000
0.0 1.0 0.0 0.0 0.0 0.0 0.0 0.0 1.0 0.0 0.071 0.000 0.000 0.000 3.0 0.250 0.037 0.000
1.0 0.0 0.0 0.0 0.0 0.0 0.0 0.0 0.0 0.0 0.071 0.000 0.000 0.000 2.0 0.250 0.025 0.000
0.0 0.0 0.0 0.0 0.0 0.0 1.0 0.0 0.0 0.0 0.929 0.000 0.000 0.000 2.0 0.175 0.925 0.000
0.0 0.0 0.0 0.0 0.0 1.0 0.0 0.0 0.0 0.0 0.107 0.000 0.000 0.000 2.0 0.425 0.037 0.000
0.0 0.0 0.0 0.0 0.0 1.0 0.0 0.0 0.0 0.0 0.071 0.000 0.000 0.000 2.0 0.200 0.025 0.000
0.0 0.0 0.0 1.0 0.0 0.0 0.0 0.0 0.0 0.0 0.893 0.000 0.000 0.000 2.0 0.200 0.925 0.000
0.0 0.0 0.0 1.0 0.0 0.0 0.0 0.0 0.0 0.0 0.857 0.000 0.000 0.000 2.0 0.450 0.925 0.000
0.0 0.0 0.0 0.0 0.0 0.0 1.0 0.0 0.0 0.0 0.821 0.000 0.000 0.000 2.0 0.350 0.925 0.000
0.0 0.0 0.0 1.0 0.0 0.0 0.0 0.0 1.0 0.0 0.393 0.000 0.000 0.000 3.0 0.200 0.212 0.000
0.0 0.0 0.0 0.0 0.0 0.0 0.0 1.0 0.0 0.0 0.357 0.000 0.000 0.000 2.0 0.300 0.188 0.000
0.0 0.0 0.0 0.0 0.0 0.0 0.0 1.0 0.0 0.0 0.071 0.000 0.000 0.000 2.0 0.275 0.037 0.000
0.0 0.0 0.0 1.0 0.0 0.0 0.0 0.0 0.0 0.0 0.321 0.000 0.000 0.000 2.0 0.250 0.150 0.000
0.0 0.0 0.0 1.0 0.0 0.0 0.0 0.0 0.0 0.0 0.250 0.000 0.000 0.000 2.0 0.300 0.138 0.000
0.0 1.0 0.0 0.0 0.0 0.0 0.0 0.0 0.0 0.0 0.286 0.000 0.000 0.000 2.0 0.175 0.150 0.000
0.0 0.0 0.0 0.0 0.0 1.0 0.0 0.0 0.0 0.0 0.250 0.000 0.000 0.000 2.0 0.275 0.138 0.000
0.0 0.0 0.0 0.0 0.0 0.0 0.0 1.0 0.0 0.0 0.179 0.000 0.000 0.000 2.0 0.275 0.062 0.000
0.0 1.0 0.0 0.0 0.0 0.0 0.0 0.0 1.0 0.0 0.036 0.000 0.000 0.000 1.0 0.125 0.013 0.000
0.0 0.0 0.0 0.0 0.0 1.0 0.0 0.0 0.0 0.0 0.964 0.000 0.000 0.000 2.0 0.275 0.938 0.000
0.0 0.0 0.0 0.0 0.0 0.0 1.0 0.0 0.0 0.0 0.929 0.000 0.000 0.000 2.0 0.200 0.938 0.000
0.0 0.0 0.0 1.0 0.0 0.0 0.0 0.0 1.0 0.0 0.893 0.000 0.000 0.000 2.0 0.300 0.938 0.000
0.0 0.0 0.0 0.0 0.0 1.0 0.0 0.0 0.0 0.0 0.964 0.000 0.000 0.000 2.0 0.300 0.938 0.000
0.0 0.0 0.0 0.0 0.0 1.0 0.0 0.0 0.0 0.0 0.929 0.000 0.000 0.000 3.0 0.275 0.938 0.000
0.0 0.0 1.0 0.0 0.0 0.0 0.0 0.0 1.0 0.0 0.893 0.000 0.000 0.000 3.0 0.400 0.938 0.000
0.0 0.0 0.0 0.0 0.0 1.0 0.0 0.0 0.0 0.0 0.893 0.000 0.000 0.000 2.0 0.275 0.938 0.000
0.0 0.0 0.0 0.0 0.0 1.0 0.0 0.0 0.0 0.0 0.857 0.000 0.000 0.000 2.0 0.275 0.938 0.000
0.0 1.0 0.0 0.0 0.0 0.0 0.0 0.0 1.0 0.0 0.036 0.000 0.000 0.000 1.0 0.150 0.013 0.000
0.0 0.0 0.0 0.0 0.0 1.0 0.0 0.0 0.0 0.0 0.964 0.000 0.000 0.000 2.0 0.275 0.938 0.000
0.0 0.0 0.0 0.0 0.0 0.0 1.0 0.0 0.0 0.0 0.929 0.000 0.000 0.000 2.0 0.225 0.938 0.000
0.0 0.0 0.0 1.0 0.0 0.0 0.0 0.0 1.0 0.0 0.893 0.000 0.000 0.000 2.0 0.300 0.938 0.000
0.0 0.0 0.0 0.0 0.0 0.0 0.0 1.0 1.0 0.0 0.679 0.000 0.000 0.000 2.0 0.150 0.887 0.000
0.0 0.0 0.0 0.0 0.0 1.0 0.0 0.0 0.0 0.0 1.000 0.000 0.000 0.000 2.0 0.275 0.963 0.000
0.0 0.0 0.0 0.0 0.0 0.0 1.0 0.0 0.0 0.0 0.964 0.000 0.000 0.000 2.0 0.225 0.963 0.000
0.0 0.0 0.0 0.0 0.0 0.0 1.0 0.0 0.0 0.0 0.929 0.000 0.000 0.000 2.0 0.250 0.938 0.000
0.0 0.0 0.0 1.0 0.0 0.0 0.0 0.0 1.0 0.0 0.893 0.000 0.000 0.000 2.0 0.300 0.938 0.000
0.0 0.0 0.0 0.0 0.0 0.0 1.0 0.0 0.0 0.0 0.214 0.000 0.000 0.000 2.0 0.200 0.100 0.000
0.0 1.0 0.0 0.0 0.0 0.0 0.0 0.0 0.0 0.0 0.071 0.000 0.000 0.000 2.0 0.150 0.025 0.000
0.0 1.0 0.0 0.0 0.0 0.0 0.0 0.0 0.0 0.0 0.179 0.000 0.000 0.000 2.0 0.150 0.075 0.000
0.0 0.0 0.0 0.0 0.0 0.0 0.0 1.0 1.0 0.0 0.143 0.000 0.000 0.000 2.0 0.150 0.062 0.000
0.0 0.0 0.0 0.0 0.0 1.0 0.0 0.0 0.0 0.0 0.964 0.000 0.000 0.000 2.0 0.275 1.000 0.000
0.0 0.0 0.0 0.0 0.0 0.0 1.0 0.0 0.0 0.0 0.929 0.000 0.000 0.000 2.0 0.200 1.000 0.000
0.0 0.0 0.0 1.0 0.0 0.0 0.0 0.0 0.0 0.0 0.464 0.000 0.000 0.000 2.0 0.225 0.263 0.000
1.0 0.0 0.0 0.0 0.0 0.0 0.0 0.0 0.0 0.0 0.321 0.000 0.000 0.000 3.0 0.250 0.237 0.000
0.0 0.0 0.0 1.0 0.0 0.0 0.0 0.0 0.0 0.0 0.429 0.000 0.000 0.000 2.0 0.250 0.250 0.000
0.0 0.0 0.0 1.0 0.0 0.0 0.0 0.0 0.0 0.0 0.393 0.000 0.000 0.000 2.0 0.175 0.188 0.000
1.0 0.0 0.0 0.0 0.0 0.0 0.0 0.0 0.0 0.0 0.357 0.000 0.000 0.000 2.0 0.150 0.175 0.000
0.0 1.0 0.0 0.0 0.0 0.0 0.0 0.0 0.0 0.0 0.357 0.000 0.000 0.000 2.0 0.150 0.175 0.000
0.0 1.0 0.0 0.0 0.0 0.0 0.0 0.0 0.0 0.0 0.321 0.000 0.000 0.000 1.0 0.175 0.163 0.000
0.0 1.0 0.0 0.0 0.0 0.0 0.0 0.0 0.0 0.0 0.286 0.000 0.000 0.000 2.0 0.250 0.163 0.000
0.0 0.0 0.0 0.0 0.0 0.0 1.0 0.0 0.0 0.0 0.250 0.000 0.000 0.000 2.0 0.275 0.150 0.000
0.0 0.0 0.0 0.0 0.0 0.0 0.0 1.0 0.0 0.0 0.143 0.000 0.000 0.000 2.0 0.225 0.062 0.000
0.0 1.0 0.0 0.0 0.0 0.0 0.0 0.0 1.0 0.0 0.036 0.000 0.000 0.000 2.0 0.125 0.025 0.000
0.0 0.0 0.0 0.0 0.0 0.0 0.0 1.0 1.0 0.0 0.107 0.000 0.000 0.000 2.0 0.175 0.037 0.000
0.0 0.0 0.0 0.0 0.0 1.0 0.0 0.0 1.0 0.0 0.071 0.000 0.000 0.000 2.0 0.150 0.025 0.000
0.0 0.0 0.0 1.0 0.0 0.0 0.0 0.0 1.0 0.0 0.893 0.000 0.000 0.000 2.0 0.300 0.938 0.000
0.0 0.0 0.0 0.0 0.0 1.0 0.0 0.0 0.0 0.0 1.000 0.000 0.000 0.000 2.0 0.275 0.963 0.000
0.0 0.0 0.0 0.0 0.0 0.0 1.0 0.0 0.0 0.0 0.964 0.000 0.000 0.000 2.0 0.225 0.963 0.000
0.0 0.0 0.0 0.0 0.0 0.0 1.0 0.0 0.0 0.0 0.929 0.000 0.000 0.000 2.0 0.250 0.938 0.000
0.0 0.0 0.0 1.0 0.0 0.0 0.0 0.0 1.0 0.0 0.893 0.000 0.000 0.000 2.0 0.300 0.938 0.000
0.0 0.0 0.0 0.0 0.0 1.0 0.0 0.0 0.0 0.0 0.857 0.000 0.000 0.000 2.0 0.650 0.938 0.000
0.0 0.0 0.0 0.0 0.0 1.0 0.0 0.0 0.0 0.0 0.821 0.000 0.000 0.000 2.0 0.700 0.938 0.000
0.0 0.0 0.0 1.0 0.0 0.0 0.0 0.0 0.0 0.0 0.714 0.000 0.000 0.000 4.0 0.650 0.900 0.000
0.0 0.0 0.0 0.0 0.0 1.0 0.0 0.0 0.0 0.0 0.679 0.000 0.000 0.000 4.0 0.550 0.887 0.000
0.0 0.0 1.0 0.0 0.0 0.0 0.0 0.0 0.0 0.0 0.679 0.000 0.000 0.000 2.0 0.425 0.887 0.000
0.0 0.0 0.0 1.0 0.0 0.0 0.0 0.0 0.0 0.0 0.643 0.000 0.000 0.000 4.0 0.700 0.887 0.000
0.0 1.0 0.0 0.0 0.0 0.0 0.0 0.0 0.0 0.0 0.607 0.000 0.000 0.000 2.0 0.325 0.600 0.000
0.0 0.0 0.0 1.0 0.0 0.0 0.0 0.0 0.0 0.0 0.786 0.000 0.000 0.000 4.0 0.650 0.912 0.000
0.0 0.0 1.0 0.0 0.0 0.0 0.0 0.0 0.0 0.0 0.714 0.000 0.000 0.000 4.0 0.575 0.887 0.000
0.0 0.0 0.0 1.0 0.0 0.0 0.0 0.0 0.0 0.0 0.643 0.000 0.000 0.000 3.0 0.600 0.887 0.000
0.0 0.0 0.0 0.0 0.0 1.0 0.0 0.0 0.0 0.0 0.750 0.000 0.000 0.000 2.0 0.325 0.912 0.000
0.0 1.0 0.0 0.0 0.0 0.0 0.0 0.0 0.0 0.0 0.714 0.000 0.000 0.000 2.0 0.250 0.900 0.000
0.0 0.0 0.0 0.0 0.0 1.0 0.0 0.0 0.0 0.0 0.643 0.000 0.000 0.000 3.0 0.375 0.900 0.000
0.0 0.0 0.0 1.0 0.0 0.0 0.0 0.0 0.0 0.0 0.643 0.000 0.000 0.000 3.0 0.725 0.887 0.000
0.0 0.0 0.0 0.0 0.0 0.0 1.0 0.0 0.0 0.0 0.286 0.000 0.000 0.000 2.0 0.225 0.150 0.000
0.0 0.0 0.0 0.0 0.0 0.0 0.0 1.0 0.0 0.0 0.250 0.000 0.000 0.000 2.0 0.300 0.113 0.000
0.0 1.0 0.0 0.0 0.0 0.0 0.0 0.0 1.0 0.0 0.036 0.000 0.000 0.000 2.0 0.100 0.025 0.000
0.0 1.0 0.0 0.0 0.0 0.0 0.0 0.0 0.0 0.0 0.107 0.000 0.000 0.000 2.0 0.175 0.037 0.000
0.0 0.0 0.0 0.0 0.0 1.0 0.0 0.0 1.0 0.0 0.071 0.000 0.000 0.000 2.0 0.600 0.025 0.000
0.0 0.0 0.0 0.0 0.0 0.0 0.0 1.0 1.0 0.0 0.679 0.000 0.000 0.000 2.0 0.150 0.887 0.000
0.0 0.0 0.0 1.0 0.0 0.0 0.0 0.0 0.0 0.0 0.643 0.000 0.000 0.000 3.0 0.650 0.887 0.000
0.0 0.0 0.0 0.0 0.0 0.0 0.0 1.0 1.0 0.0 0.679 0.000 0.000 0.000 2.0 0.175 0.875 0.000
0.0 0.0 0.0 1.0 0.0 0.0 0.0 0.0 0.0 0.0 0.643 0.000 0.000 0.000 4.0 0.725 0.875 0.000
0.0 0.0 0.0 0.0 0.0 0.0 0.0 1.0 0.0 0.0 0.643 0.000 0.000 0.000 2.0 0.275 0.875 0.000
0.0 0.0 1.0 0.0 0.0 0.0 0.0 0.0 0.0 0.0 0.607 0.000 0.000 0.000 3.0 0.650 0.875 0.000
0.0 0.0 0.0 0.0 0.0 0.0 1.0 0.0 0.0 1.0 0.679 0.000 0.000 0.000 2.0 0.175 0.900 0.500
0.0 0.0 1.0 0.0 0.0 0.0 0.0 0.0 0.0 0.0 0.643 0.036 0.036 0.036 3.0 0.575 0.887 0.500
0.0 1.0 0.0 0.0 0.0 0.0 0.0 0.0 1.0 0.0 0.036 0.643 0.643 0.643 2.0 0.075 0.025 0.500
0.0 0.0 0.0 0.0 0.0 0.0 0.0 1.0 0.0 0.0 0.643 0.000 0.000 0.000 2.0 0.175 0.887 0.000
0.0 1.0 0.0 0.0 0.0 0.0 0.0 0.0 1.0 0.0 0.036 0.000 0.000 0.000 2.0 0.075 0.025 0.000
0.0 0.0 1.0 0.0 0.0 0.0 0.0 0.0 0.0 0.0 0.607 0.000 0.000 0.000 3.0 0.625 0.875 0.000
0.0 0.0 0.0 0.0 0.0 0.0 0.0 1.0 0.0 0.0 0.643 0.000 0.000 0.000 2.0 0.250 0.875 0.000
0.0 0.0 1.0 0.0 0.0 0.0 0.0 0.0 0.0 0.0 0.607 0.000 0.000 0.000 3.0 0.675 0.875 0.000
0.0 0.0 1.0 0.0 0.0 0.0 0.0 0.0 0.0 0.0 0.571 0.107 0.107 0.107 3.0 0.850 0.613 0.500
0.0 0.0 0.0 0.0 0.0 0.0 0.0 1.0 1.0 0.0 0.679 0.000 0.000 0.000 2.0 0.150 0.887 0.000
0.0 0.0 0.0 1.0 0.0 0.0 0.0 0.0 0.0 0.0 0.643 0.000 0.000 0.000 3.0 0.500 0.887 0.000
0.0 0.0 1.0 0.0 0.0 0.0 0.0 0.0 0.0 0.0 0.607 0.000 0.000 0.000 3.0 0.700 0.613 0.000
0.0 1.0 0.0 0.0 0.0 0.0 0.0 0.0 0.0 0.0 0.607 0.071 0.071 0.071 1.0 0.475 0.475 0.500
0.0 0.0 0.0 0.0 0.0 0.0 0.0 1.0 1.0 1.0 0.679 0.000 0.000 0.000 2.0 0.150 0.887 0.500
0.0 0.0 0.0 1.0 0.0 0.0 0.0 0.0 0.0 0.0 0.643 0.036 0.036 0.036 3.0 0.725 0.887 0.500
0.0 0.0 0.0 0.0 0.0 0.0 0.0 1.0 1.0 0.0 0.679 0.000 0.000 0.000 2.0 0.125 0.900 0.000
0.0 0.0 0.0 1.0 0.0 0.0 0.0 0.0 0.0 0.0 0.643 0.000 0.000 0.000 3.0 0.350 0.900 0.000
1.0 0.0 0.0 0.0 0.0 0.0 0.0 0.0 0.0 0.0 0.464 0.000 0.000 0.000 3.0 0.500 0.388 0.000
0.0 0.0 0.0 1.0 0.0 0.0 0.0 0.0 0.0 0.0 0.107 0.571 0.571 0.571 2.0 0.700 0.075 0.500
0.0 0.0 0.0 1.0 0.0 0.0 0.0 0.0 1.0 0.0 0.071 0.607 0.607 0.607 4.0 0.300 0.062 0.500
0.0 1.0 0.0 0.0 0.0 0.0 0.0 0.0 1.0 0.0 0.036 0.643 0.643 0.643 1.0 0.275 0.013 0.500
0.0 1.0 0.0 0.0 0.0 0.0 0.0 0.0 0.0 0.0 0.607 0.000 0.000 0.000 2.0 0.300 0.600 0.000
0.0 0.0 0.0 0.0 0.0 0.0 1.0 0.0 0.0 0.0 0.714 0.000 0.000 0.000 2.0 0.225 0.900 0.000
0.0 1.0 0.0 0.0 0.0 0.0 0.0 0.0 0.0 0.0 0.071 0.000 0.000 0.000 2.0 0.175 0.025 0.000
0.0 0.0 0.0 1.0 0.0 0.0 0.0 0.0 0.0 0.0 0.679 0.000 0.000 0.000 4.0 0.625 0.887 0.000
0.0 0.0 0.0 0.0 0.0 1.0 0.0 0.0 0.0 0.0 0.536 0.000 0.000 0.000 2.0 0.700 0.463 0.000
0.0 0.0 0.0 0.0 0.0 0.0 0.0 1.0 0.0 0.0 0.679 0.000 0.000 0.000 2.0 0.200 0.912 0.000
0.0 1.0 0.0 0.0 0.0 0.0 0.0 0.0 0.0 0.0 0.643 0.000 0.000 0.000 4.0 0.350 0.912 0.000
0.0 1.0 0.0 0.0 0.0 0.0 0.0 0.0 0.0 0.0 0.571 0.107 0.107 0.107 2.0 0.350 0.475 0.500
0.0 0.0 0.0 1.0 0.0 0.0 0.0 0.0 0.0 0.0 0.536 0.143 0.143 0.143 2.0 0.325 0.463 0.500
0.0 1.0 0.0 0.0 0.0 0.0 0.0 0.0 0.0 0.0 0.500 0.179 0.179 0.179 1.0 0.350 0.287 0.500
0.0 1.0 0.0 0.0 0.0 0.0 0.0 0.0 0.0 0.0 0.464 0.000 0.000 0.000 1.0 0.475 0.350 0.000
0.0 0.0 0.0 0.0 0.0 0.0 0.0 1.0 1.0 0.0 0.714 0.000 0.000 0.000 2.0 0.150 0.887 0.000
0.0 0.0 0.0 1.0 0.0 0.0 0.0 0.0 0.0 0.0 0.679 0.000 0.000 0.000 3.0 0.550 0.887 0.000
0.0 0.0 1.0 0.0 0.0 0.0 0.0 0.0 0.0 0.0 0.429 0.000 0.000 0.000 2.0 0.800 0.350 0.000
0.0 0.0 0.0 0.0 0.0 0.0 0.0 1.0 1.0 0.0 0.714 0.000 0.000 0.000 2.0 0.150 0.887 0.000
0.0 0.0 0.0 1.0 0.0 0.0 0.0 0.0 0.0 0.0 0.679 0.000 0.000 0.000 3.0 0.650 0.887 0.000
0.0 0.0 0.0 0.0 0.0 1.0 0.0 0.0 0.0 0.0 0.500 0.179 0.179 0.179 2.0 0.950 0.463 0.500
0.0 0.0 0.0 0.0 0.0 1.0 0.0 0.0 0.0 0.0 0.429 0.000 0.000 0.000 2.0 1.000 0.350 0.000
0.0 1.0 0.0 0.0 0.0 0.0 0.0 0.0 0.0 0.0 0.321 0.000 0.000 0.000 1.0 0.575 0.163 0.000
0.0 1.0 0.0 0.0 0.0 0.0 0.0 0.0 0.0 0.0 0.643 0.000 0.000 0.000 1.0 0.500 0.625 0.000
0.0 0.0 0.0 1.0 0.0 0.0 0.0 0.0 0.0 0.0 0.607 0.000 0.000 0.000 2.0 0.525 0.625 0.000
0.0 0.0 0.0 0.0 0.0 1.0 0.0 0.0 0.0 0.0 0.571 0.000 0.000 0.000 3.0 0.775 0.588 0.000
0.0 0.0 0.0 1.0 0.0 0.0 0.0 0.0 0.0 0.0 0.464 0.000 0.000 0.000 2.0 0.600 0.300 0.000
0.0 0.0 0.0 0.0 0.0 0.0 0.0 1.0 1.0 0.0 0.679 0.000 0.000 0.000 2.0 0.150 0.887 0.000
0.0 0.0 0.0 1.0 0.0 0.0 0.0 0.0 0.0 0.0 0.643 0.000 0.000 0.000 3.0 0.650 0.887 0.000
0.0 0.0 0.0 0.0 0.0 1.0 0.0 0.0 0.0 0.0 0.429 0.250 0.250 0.250 2.0 0.800 0.350 1.000
0.0 0.0 0.0 0.0 0.0 0.0 0.0 1.0 0.0 0.0 0.393 0.286 0.286 0.286 2.0 0.950 0.237 1.000
0.0 1.0 0.0 0.0 0.0 0.0 0.0 0.0 1.0 0.0 0.036 0.643 0.643 0.643 2.0 0.200 0.025 1.000
0.0 0.0 0.0 0.0 0.0 1.0 0.0 0.0 1.0 0.0 0.357 0.321 0.321 0.321 2.0 0.450 0.212 1.000
0.0 0.0 0.0 0.0 0.0 0.0 1.0 0.0 0.0 0.0 0.321 0.357 0.357 0.357 2.0 0.325 0.200 1.000
0.0 1.0 0.0 0.0 0.0 0.0 0.0 0.0 0.0 0.0 0.286 0.393 0.393 0.393 2.0 0.225 0.163 1.000
0.0 0.0 0.0 0.0 0.0 0.0 1.0 0.0 0.0 0.0 0.250 0.429 0.429 0.429 2.0 0.175 0.150 1.000
0.0 0.0 0.0 0.0 0.0 0.0 1.0 0.0 0.0 0.0 0.214 0.464 0.464 0.464 2.0 0.275 0.125 1.000
0.0 0.0 0.0 1.0 0.0 0.0 0.0 0.0 0.0 0.0 0.179 0.500 0.500 0.500 2.0 0.225 0.062 1.000
0.0 0.0 0.0 0.0 1.0 0.0 0.0 0.0 0.0 0.0 0.107 0.571 0.571 0.571 2.0 0.225 0.050 1.000
0.0 1.0 0.0 0.0 0.0 0.0 0.0 0.0 0.0 0.0 0.143 0.536 0.536 0.536 2.0 0.175 0.062 1.000
0.0 0.0 0.0 1.0 0.0 0.0 0.0 0.0 0.0 0.0 0.107 0.571 0.571 0.571 2.0 0.200 0.050 1.000
0.0 0.0 0.0 0.0 0.0 0.0 0.0 1.0 1.0 0.0 0.071 0.607 0.607 0.607 2.0 0.275 0.025 1.000
0.0 0.0 0.0 1.0 0.0 0.0 0.0 0.0 0.0 0.0 0.179 0.500 0.500 0.500 3.0 0.250 0.062 1.000
0.0 0.0 0.0 1.0 0.0 0.0 0.0 0.0 1.0 0.0 0.071 0.607 0.607 0.607 2.0 0.225 0.025 1.000
0.0 1.0 0.0 0.0 0.0 0.0 0.0 0.0 0.0 0.0 0.107 0.571 0.571 0.571 2.0 0.200 0.050 1.000
0.0 0.0 0.0 1.0 0.0 0.0 0.0 0.0 0.0 0.0 0.071 0.607 0.607 0.607 2.0 0.175 0.037 1.000
0.0 1.0 0.0 0.0 0.0 0.0 0.0 0.0 1.0 0.0 0.036 0.643 0.643 0.643 2.0 0.100 0.025 1.000
0.0 1.0 0.0 0.0 0.0 0.0 0.0 0.0 0.0 0.0 0.143 0.536 0.536 0.536 2.0 0.200 0.050 1.000
0.0 0.0 0.0 1.0 0.0 0.0 0.0 0.0 0.0 0.0 0.107 0.571 0.571 0.571 2.0 0.150 0.037 1.000
1.0 0.0 0.0 0.0 0.0 0.0 0.0 0.0 1.0 0.0 0.036 0.643 0.643 0.643 2.0 0.100 0.025 1.000
0.0 1.0 0.0 0.0 0.0 0.0 0.0 0.0 1.0 0.0 0.071 0.607 0.607 0.607 3.0 0.175 0.037 1.000
0.0 1.0 0.0 0.0 0.0 0.0 0.0 0.0 1.0 0.0 0.036 0.643 0.643 0.643 2.0 0.100 0.025 1.000
0.0 0.0 0.0 1.0 0.0 0.0 0.0 0.0 1.0 0.0 0.071 0.607 0.607 0.607 3.0 0.425 0.037 1.000
0.0 0.0 0.0 0.0 0.0 0.0 0.0 1.0 1.0 0.0 0.286 0.393 0.393 0.393 2.0 0.625 0.163 1.000
0.0 0.0 0.0 1.0 0.0 0.0 0.0 0.0 0.0 0.0 0.250 0.429 0.429 0.429 2.0 0.425 0.150 1.000
0.0 0.0 0.0 0.0 0.0 0.0 0.0 1.0 0.0 0.0 0.214 0.464 0.464 0.464 2.0 0.325 0.138 1.000
0.0 0.0 0.0 0.0 0.0 0.0 1.0 0.0 0.0 0.0 0.107 0.571 0.571 0.571 2.0 0.250 0.062 1.000
0.0 0.0 0.0 0.0 0.0 0.0 0.0 1.0 1.0 0.0 0.071 0.607 0.607 0.607 2.0 0.250 0.025 1.000
0.0 0.0 1.0 0.0 0.0 0.0 0.0 0.0 1.0 0.0 0.071 0.607 0.607 0.607 3.0 0.425 0.037 1.000
0.0 0.0 0.0 0.0 0.0 0.0 0.0 1.0 0.0 0.0 0.179 0.500 0.500 0.500 2.0 0.300 0.075 1.000
0.0 0.0 1.0 0.0 0.0 0.0 0.0 0.0 0.0 0.0 0.607 0.071 0.071 0.071 3.0 0.700 0.625 0.500
0.0 0.0 0.0 0.0 0.0 1.0 0.0 0.0 0.0 0.0 0.464 0.214 0.214 0.214 3.0 0.775 0.325 1.000
0.0 0.0 0.0 0.0 0.0 0.0 1.0 0.0 1.0 0.0 0.429 0.250 0.250 0.250 2.0 0.425 0.275 1.000
0.0 1.0 0.0 0.0 0.0 0.0 0.0 0.0 0.0 0.0 0.393 0.286 0.286 0.286 2.0 0.175 0.263 1.000
0.0 1.0 0.0 0.0 0.0 0.0 0.0 0.0 0.0 0.0 0.357 0.321 0.321 0.321 2.0 0.175 0.250 1.000
0.0 0.0 0.0 1.0 0.0 0.0 0.0 0.0 0.0 0.0 0.321 0.357 0.357 0.357 2.0 0.375 0.237 1.000
0.0 0.0 0.0 0.0 0.0 0.0 1.0 0.0 0.0 0.0 0.286 0.393 0.393 0.393 2.0 0.275 0.225 1.000
0.0 0.0 0.0 0.0 0.0 0.0 0.0 1.0 0.0 0.0 0.107 0.571 0.571 0.571 2.0 0.200 0.062 1.000
0.0 1.0 0.0 0.0 0.0 0.0 0.0 0.0 1.0 0.0 0.071 0.607 0.607 0.607 3.0 0.175 0.037 1.000
0.0 1.0 0.0 0.0 0.0 0.0 0.0 0.0 1.0 0.0 0.036 0.643 0.643 0.643 1.0 0.200 0.013 1.000
0.0 1.0 0.0 0.0 0.0 0.0 0.0 0.0 0.0 0.0 0.071 0.607 0.607 0.607 2.0 0.150 0.025 1.000
0.0 0.0 0.0 0.0 0.0 0.0 1.0 0.0 0.0 0.0 0.250 0.429 0.429 0.429 2.0 0.300 0.163 1.000
0.0 0.0 0.0 0.0 0.0 0.0 0.0 1.0 0.0 0.0 0.143 0.536 0.536 0.536 2.0 0.375 0.050 1.000
0.0 0.0 0.0 0.0 0.0 0.0 1.0 0.0 1.0 0.0 0.107 0.571 0.571 0.571 2.0 0.275 0.037 1.000
0.0 0.0 0.0 0.0 0.0 0.0 0.0 1.0 1.0 0.0 0.071 0.607 0.607 0.607 2.0 0.225 0.025 1.000
0.0 0.0 0.0 0.0 0.0 0.0 1.0 0.0 0.0 0.0 0.214 0.464 0.464 0.464 2.0 0.300 0.113 1.000
0.0 0.0 0.0 0.0 0.0 0.0 0.0 1.0 1.0 0.0 0.071 0.607 0.607 0.607 2.0 0.250 0.025 1.000
0.0 0.0 0.0 0.0 0.0 0.0 0.0 1.0 0.0 0.0 0.179 0.500 0.500 0.500 2.0 0.250 0.087 1.000
0.0 1.0 0.0 0.0 0.0 0.0 0.0 0.0 1.0 0.0 0.036 0.643 0.643 0.643 2.0 0.100 0.025 1.000
0.0 0.0 1.0 0.0 0.0 0.0 0.0 0.0 1.0 0.0 0.107 0.571 0.571 0.571 2.0 0.775 0.037 1.000
0.0 1.0 0.0 0.0 0.0 0.0 0.0 0.0 0.0 0.0 0.143 0.536 0.536 0.536 1.0 0.300 0.037 1.000
0.0 0.0 0.0 1.0 0.0 0.0 0.0 0.0 1.0 0.0 0.107 0.571 0.571 0.571 2.0 0.500 0.037 1.000
0.0 1.0 0.0 0.0 0.0 0.0 0.0 0.0 0.0 0.0 0.143 0.536 0.536 0.536 2.0 0.400 0.087 0.500
0.0 0.0 0.0 1.0 0.0 0.0 0.0 0.0 0.0 0.0 0.107 0.571 0.571 0.571 2.0 0.300 0.075 0.500
0.0 0.0 0.0 1.0 0.0 0.0 0.0 0.0 1.0 0.0 0.071 0.607 0.607 0.607 4.0 0.200 0.062 0.500
0.0 1.0 0.0 0.0 0.0 0.0 0.0 0.0 1.0 0.0 0.036 0.643 0.643 0.643 1.0 0.175 0.013 0.500
0.0 0.0 0.0 1.0 0.0 0.0 0.0 0.0 1.0 0.0 0.071 0.607 0.607 0.607 3.0 0.725 0.050 1.000
0.0 0.0 0.0 1.0 0.0 0.0 0.0 0.0 1.0 0.0 0.036 0.643 0.643 0.643 2.0 0.275 0.025 1.000
0.0 1.0 0.0 0.0 0.0 0.0 0.0 0.0 0.0 0.0 0.571 0.107 0.107 0.107 1.0 0.500 0.388 0.500
0.0 0.0 0.0 0.0 0.0 0.0 0.0 1.0 0.0 0.0 0.536 0.143 0.143 0.143 2.0 0.800 0.388 1.000
0.0 1.0 0.0 0.0 0.0 0.0 0.0 0.0 0.0 0.0 0.500 0.179 0.179 0.179 2.0 0.300 0.362 1.000
0.0 0.0 1.0 0.0 0.0 0.0 0.0 0.0 0.0 0.0 0.464 0.214 0.214 0.214 2.0 0.375 0.350 1.000
0.0 0.0 0.0 0.0 0.0 0.0 1.0 0.0 0.0 0.0 0.429 0.250 0.250 0.250 2.0 0.250 0.338 1.000
0.0 0.0 0.0 0.0 0.0 0.0 1.0 0.0 0.0 0.0 0.321 0.357 0.357 0.357 2.0 0.275 0.200 1.000
0.0 0.0 0.0 0.0 0.0 0.0 0.0 1.0 0.0 0.0 0.286 0.393 0.393 0.393 2.0 0.325 0.175 1.000
0.0 0.0 0.0 0.0 0.0 0.0 0.0 1.0 0.0 0.0 0.179 0.500 0.500 0.500 2.0 0.275 0.075 1.000
0.0 0.0 0.0 1.0 0.0 0.0 0.0 0.0 0.0 0.0 0.143 0.536 0.536 0.536 2.0 0.325 0.050 1.000
0.0 0.0 0.0 1.0 0.0 0.0 0.0 0.0 0.0 0.0 0.071 0.607 0.607 0.607 2.0 0.225 0.037 1.000
0.0 1.0 0.0 0.0 0.0 0.0 0.0 0.0 0.0 0.0 0.107 0.571 0.571 0.571 2.0 0.200 0.050 1.000
0.0 0.0 0.0 0.0 0.0 1.0 0.0 0.0 0.0 0.0 0.071 0.607 0.607 0.607 2.0 0.175 0.037 1.000
0.0 1.0 0.0 0.0 0.0 0.0 0.0 0.0 1.0 0.0 0.036 0.643 0.643 0.643 1.0 0.200 0.013 1.000
0.0 1.0 0.0 0.0 0.0 0.0 0.0 0.0 1.0 0.0 0.036 0.643 0.643 0.643 2.0 0.150 0.025 1.000
0.0 1.0 0.0 0.0 0.0 0.0 0.0 0.0 1.0 0.0 0.036 0.643 0.643 0.643 2.0 0.175 0.025 1.000
0.0 0.0 0.0 0.0 0.0 0.0 0.0 1.0 0.0 0.0 0.250 0.429 0.429 0.429 2.0 0.325 0.100 1.000
0.0 0.0 0.0 0.0 0.0 0.0 0.0 1.0 0.0 0.0 0.214 0.464 0.464 0.464 2.0 0.300 0.075 1.000
0.0 1.0 0.0 0.0 0.0 0.0 0.0 0.0 0.0 0.0 0.179 0.500 0.500 0.500 2.0 0.225 0.050 1.000
0.0 0.0 0.0 0.0 0.0 1.0 0.0 0.0 0.0 0.0 0.143 0.536 0.536 0.536 2.0 0.175 0.037 1.000
0.0 1.0 0.0 0.0 0.0 0.0 0.0 0.0 0.0 0.0 0.107 0.571 0.571 0.571 2.0 0.150 0.037 1.000
0.0 0.0 0.0 1.0 0.0 0.0 0.0 0.0 1.0 0.0 0.071 0.607 0.607 0.607 2.0 0.125 0.025 1.000
0.0 0.0 0.0 0.0 0.0 1.0 0.0 0.0 1.0 0.0 0.071 0.607 0.607 0.607 2.0 0.150 0.025 1.000
0.0 1.0 0.0 0.0 0.0 0.0 0.0 0.0 1.0 0.0 0.036 0.643 0.643 0.643 1.0 0.125 0.013 1.000
0.0 1.0 0.0 0.0 0.0 0.0 0.0 0.0 1.0 0.0 0.036 0.643 0.643 0.643 2.0 0.150 0.025 1.000
0.0 0.0 0.0 0.0 0.0 0.0 0.0 1.0 1.0 0.0 0.071 0.607 0.607 0.607 2.0 0.275 0.025 1.000
0.0 1.0 0.0 0.0 0.0 0.0 0.0 0.0 1.0 0.0 0.036 0.643 0.643 0.643 1.0 0.275 0.013 1.000
0.0 0.0 0.0 0.0 0.0 1.0 0.0 0.0 1.0 0.0 0.071 0.607 0.607 0.607 2.0 0.200 0.025 1.000
0.0 1.0 0.0 0.0 0.0 0.0 0.0 0.0 1.0 0.0 0.036 0.643 0.643 0.643 1.0 0.175 0.013 1.000
0.0 1.0 0.0 0.0 0.0 0.0 0.0 0.0 0.0 0.0 0.393 0.286 0.286 0.286 2.0 0.150 0.138 1.000
0.0 1.0 0.0 0.0 0.0 0.0 0.0 0.0 0.0 0.0 0.357 0.321 0.321 0.321 2.0 0.150 0.125 1.000
0.0 0.0 0.0 0.0 0.0 1.0 0.0 0.0 0.0 0.0 0.321 0.357 0.357 0.357 2.0 0.175 0.113 1.000
0.0 1.0 0.0 0.0 0.0 0.0 0.0 0.0 0.0 0.0 0.286 0.393 0.393 0.393 2.0 0.150 0.113 1.000
0.0 0.0 0.0 1.0 0.0 0.0 0.0 0.0 1.0 0.0 0.250 0.429 0.429 0.429 2.0 0.250 0.100 1.000
0.0 0.0 0.0 0.0 0.0 1.0 0.0 0.0 1.0 0.0 0.250 0.429 0.429 0.429 2.0 0.275 0.100 1.000
0.0 0.0 0.0 1.0 0.0 0.0 0.0 0.0 1.0 0.0 0.107 0.571 0.571 0.571 2.0 0.375 0.037 1.000
0.0 0.0 0.0 1.0 0.0 0.0 0.0 0.0 0.0 0.0 0.071 0.607 0.607 0.607 2.0 0.500 0.025 1.000
0.0 0.0 1.0 0.0 0.0 0.0 0.0 0.0 0.0 0.0 0.500 0.000 0.000 0.000 2.0 0.800 0.463 0.000
0.0 0.0 0.0 0.0 0.0 0.0 0.0 1.0 0.0 0.0 0.464 0.214 0.214 0.214 2.0 0.675 0.250 1.000
0.0 1.0 0.0 0.0 0.0 0.0 0.0 0.0 0.0 0.0 0.429 0.250 0.250 0.250 2.0 0.275 0.225 1.000
0.0 0.0 0.0 1.0 0.0 0.0 0.0 0.0 0.0 0.0 0.393 0.286 0.286 0.286 2.0 0.400 0.212 1.000
0.0 1.0 0.0 0.0 0.0 0.0 0.0 0.0 0.0 0.0 0.357 0.321 0.321 0.321 2.0 0.275 0.200 1.000
0.0 0.0 0.0 0.0 0.0 0.0 1.0 0.0 0.0 0.0 0.321 0.357 0.357 0.357 2.0 0.250 0.188 1.000
0.0 0.0 0.0 0.0 0.0 0.0 1.0 0.0 0.0 0.0 0.107 0.571 0.571 0.571 2.0 0.200 0.050 1.000
0.0 0.0 0.0 0.0 0.0 0.0 0.0 1.0 1.0 0.0 0.071 0.607 0.607 0.607 2.0 0.225 0.025 1.000
0.0 1.0 0.0 0.0 0.0 0.0 0.0 0.0 0.0 0.0 0.071 0.607 0.607 0.607 2.0 0.150 0.025 1.000
0.0 1.0 0.0 0.0 0.0 0.0 0.0 0.0 1.0 0.0 0.036 0.643 0.643 0.643 1.0 0.150 0.013 1.000
0.0 0.0 0.0 0.0 0.0 0.0 1.0 0.0 0.0 0.0 0.286 0.393 0.393 0.393 2.0 0.250 0.138 1.000
0.0 0.0 0.0 0.0 0.0 0.0 0.0 1.0 0.0 0.0 0.107 0.571 0.571 0.571 2.0 0.200 0.050 1.000
0.0 0.0 1.0 0.0 0.0 0.0 0.0 0.0 1.0 0.0 0.071 0.607 0.607 0.607 3.0 0.375 0.037 1.000
0.0 1.0 0.0 0.0 0.0 0.0 0.0 0.0 1.0 0.0 0.036 0.643 0.643 0.643 1.0 0.150 0.013 1.000
0.0 0.0 0.0 0.0 0.0 0.0 1.0 0.0 0.0 0.0 0.250 0.429 0.429 0.429 2.0 0.200 0.087 1.000
0.0 1.0 0.0 0.0 0.0 0.0 0.0 0.0 1.0 0.0 0.036 0.643 0.643 0.643 2.0 0.100 0.025 1.000
0.0 0.0 0.0 1.0 0.0 0.0 0.0 0.0 0.0 0.0 0.214 0.464 0.464 0.464 2.0 0.225 0.062 1.000
0.0 0.0 0.0 1.0 0.0 0.0 0.0 0.0 0.0 0.0 0.179 0.500 0.500 0.500 2.0 0.275 0.062 1.000
0.0 0.0 0.0 1.0 0.0 0.0 0.0 0.0 0.0 0.0 0.143 0.536 0.536 0.536 2.0 0.200 0.050 1.000
0.0 1.0 0.0 0.0 0.0 0.0 0.0 0.0 0.0 0.0 0.071 0.607 0.607 0.607 2.0 0.250 0.025 1.000
0.0 1.0 0.0 0.0 0.0 0.0 0.0 0.0 0.0 0.0 0.107 0.571 0.571 0.571 2.0 0.175 0.037 1.000
0.0 0.0 0.0 0.0 1.0 0.0 0.0 0.0 0.0 0.0 0.107 0.571 0.571 0.571 2.0 0.275 0.037 1.000
0.0 1.0 0.0 0.0 0.0 0.0 0.0 0.0 1.0 0.0 0.036 0.643 0.643 0.643 1.0 0.375 0.013 1.000
0.0 1.0 0.0 0.0 0.0 0.0 0.0 0.0 0.0 0.0 0.071 0.607 0.607 0.607 2.0 0.300 0.025 1.000
0.0 1.0 0.0 0.0 0.0 0.0 0.0 0.0 1.0 0.0 0.036 0.643 0.643 0.643 1.0 0.325 0.013 1.000
0.0 1.0 0.0 0.0 0.0 0.0 0.0 0.0 0.0 0.0 0.143 0.536 0.536 0.536 2.0 0.250 0.050 1.000
0.0 0.0 0.0 1.0 0.0 0.0 0.0 0.0 1.0 0.0 0.107 0.571 0.571 0.571 2.0 0.225 0.037 1.000
0.0 0.0 0.0 1.0 0.0 0.0 0.0 0.0 1.0 0.0 0.071 0.607 0.607 0.607 2.0 0.400 0.025 1.000
0.0 1.0 0.0 0.0 0.0 0.0 0.0 0.0 1.0 0.0 0.036 0.643 0.643 0.643 1.0 0.775 0.013 1.000
0.0 0.0 0.0 0.0 0.0 1.0 0.0 0.0 0.0 0.0 0.464 0.214 0.214 0.214 2.0 0.575 0.287 1.000
0.0 0.0 0.0 0.0 0.0 1.0 0.0 0.0 1.0 0.0 0.357 0.321 0.321 0.321 3.0 0.350 0.275 1.000
0.0 1.0 0.0 0.0 0.0 0.0 0.0 0.0 0.0 0.0 0.429 0.250 0.250 0.250 2.0 0.225 0.287 1.000
0.0 0.0 1.0 0.0 0.0 0.0 0.0 0.0 1.0 0.0 0.393 0.286 0.286 0.286 2.0 0.225 0.275 1.000
0.0 0.0 0.0 0.0 1.0 0.0 0.0 0.0 1.0 0.0 0.357 0.321 0.321 0.321 2.0 0.200 0.263 1.000
0.0 0.0 0.0 0.0 0.0 0.0 1.0 0.0 0.0 0.0 0.321 0.357 0.357 0.357 2.0 0.275 0.250 1.000
0.0 1.0 0.0 0.0 0.0 0.0 0.0 0.0 0.0 0.0 0.179 0.500 0.500 0.500 1.0 0.225 0.062 1.000
0.0 0.0 0.0 0.0 0.0 0.0 1.0 0.0 0.0 0.0 0.143 0.536 0.536 0.536 2.0 0.275 0.062 1.000
0.0 1.0 0.0 0.0 0.0 0.0 0.0 0.0 1.0 0.0 0.036 0.643 0.643 0.643 1.0 0.175 0.013 1.000
0.0 1.0 0.0 0.0 0.0 0.0 0.0 0.0 0.0 0.0 0.107 0.571 0.571 0.571 2.0 0.275 0.050 1.000
0.0 0.0 0.0 0.0 0.0 0.0 0.0 1.0 1.0 0.0 0.071 0.607 0.607 0.607 2.0 0.300 0.037 1.000
0.0 1.0 0.0 0.0 0.0 0.0 0.0 0.0 1.0 0.0 0.036 0.643 0.643 0.643 2.0 0.250 0.025 1.000
0.0 0.0 0.0 0.0 0.0 0.0 0.0 1.0 0.0 0.0 0.286 0.393 0.393 0.393 2.0 0.325 0.188 1.000
0.0 1.0 0.0 0.0 0.0 0.0 0.0 0.0 1.0 0.0 0.036 0.643 0.643 0.643 1.0 0.275 0.013 1.000
0.0 0.0 0.0 0.0 0.0 0.0 1.0 0.0 0.0 0.0 0.250 0.429 0.429 0.429 2.0 0.425 0.175 1.000
0.0 0.0 0.0 0.0 0.0 0.0 1.0 0.0 0.0 0.0 0.214 0.464 0.464 0.464 2.0 0.275 0.087 1.000
0.0 0.0 0.0 1.0 0.0 0.0 0.0 0.0 1.0 0.0 0.071 0.607 0.607 0.607 3.0 0.425 0.037 1.000
0.0 1.0 0.0 0.0 0.0 0.0 0.0 0.0 1.0 0.0 0.036 0.643 0.643 0.643 1.0 0.950 0.013 1.000
0.0 1.0 0.0 0.0 0.0 0.0 0.0 0.0 1.0 0.0 0.036 0.643 0.643 0.643 1.0 0.250 0.013 1.000
0.0 0.0 0.0 1.0 0.0 0.0 0.0 0.0 0.0 0.0 0.179 0.500 0.500 0.500 2.0 0.200 0.050 1.000
0.0 0.0 0.0 0.0 1.0 0.0 0.0 0.0 1.0 0.0 0.107 0.571 0.571 0.571 2.0 0.175 0.037 1.000
0.0 1.0 0.0 0.0 0.0 0.0 0.0 0.0 0.0 0.0 0.143 0.536 0.536 0.536 2.0 0.150 0.050 1.000
0.0 0.0 0.0 1.0 0.0 0.0 0.0 0.0 1.0 0.0 0.107 0.571 0.571 0.571 2.0 0.150 0.037 1.000
0.0 0.0 0.0 0.0 0.0 0.0 0.0 1.0 1.0 0.0 0.071 0.607 0.607 0.607 2.0 0.200 0.025 1.000
0.0 1.0 0.0 0.0 0.0 0.0 0.0 0.0 1.0 0.0 0.036 0.643 0.643 0.643 1.0 0.225 0.013 1.000
0.0 0.0 0.0 1.0 0.0 0.0 0.0 0.0 0.0 0.0 0.214 0.464 0.464 0.464 3.0 0.450 0.087 1.000
0.0 0.0 0.0 1.0 0.0 0.0 0.0 0.0 1.0 0.0 0.107 0.571 0.571 0.571 2.0 0.325 0.050 1.000
0.0 1.0 0.0 0.0 0.0 0.0 0.0 0.0 0.0 0.0 0.179 0.500 0.500 0.500 2.0 0.275 0.075 1.000
0.0 0.0 0.0 1.0 0.0 0.0 0.0 0.0 0.0 0.0 0.143 0.536 0.536 0.536 2.0 0.250 0.062 1.000
0.0 1.0 0.0 0.0 0.0 0.0 0.0 0.0 1.0 0.0 0.036 0.643 0.643 0.643 1.0 0.350 0.013 1.000
0.0 1.0 0.0 0.0 0.0 0.0 0.0 0.0 0.0 0.0 0.107 0.571 0.571 0.571 2.0 0.225 0.050 1.000
0.0 1.0 0.0 0.0 0.0 0.0 0.0 0.0 0.0 0.0 0.179 0.500 0.500 0.500 2.0 0.275 0.075 1.000
0.0 0.0 0.0 1.0 0.0 0.0 0.0 0.0 0.0 0.0 0.143 0.536 0.536 0.536 2.0 0.150 0.062 1.000
1.0 0.0 0.0 0.0 0.0 0.0 0.0 0.0 1.0 0.0 0.107 0.571 0.571 0.571 3.0 0.200 0.062 1.000
0.0 1.0 0.0 0.0 0.0 0.0 0.0 0.0 0.0 0.0 0.107 0.571 0.571 0.571 2.0 0.200 0.050 1.000
0.0 0.0 0.0 0.0 0.0 0.0 0.0 1.0 1.0 0.0 0.071 0.607 0.607 0.607 2.0 0.225 0.037 1.000
0.0 1.0 0.0 0.0 0.0 0.0 0.0 0.0 1.0 0.0 0.036 0.643 0.643 0.643 2.0 0.150 0.025 1.000
