0.0 0.0 0.0 1.0 0.0 0.0 0.0 0.0 0.0 0.0 0.333 0.444 0.630 2.0 0.667 0.316 0.516
0.0 0.0 0.0 1.0 0.0 0.0 0.0 0.0 0.0 0.0 0.341 0.437 0.622 2.0 0.722 0.326 0.516
0.0 0.0 1.0 0.0 0.0 0.0 0.0 0.0 0.0 0.0 0.356 0.422 0.607 2.0 0.444 0.337 0.516
0.0 0.0 0.0 1.0 0.0 0.0 0.0 0.0 0.0 0.0 0.348 0.430 0.615 2.0 0.556 0.326 0.516
0.0 0.0 0.0 1.0 0.0 0.0 0.0 0.0 0.0 0.0 0.348 0.430 0.615 2.0 0.556 0.326 0.516
0.0 0.0 0.0 1.0 0.0 0.0 0.0 0.0 0.0 0.0 0.363 0.415 0.600 2.0 0.667 0.337 0.516
0.0 0.0 0.0 1.0 0.0 0.0 0.0 0.0 0.0 0.0 0.378 0.400 0.585 2.0 0.778 0.368 0.516
0.0 0.0 0.0 1.0 0.0 0.0 0.0 0.0 0.0 0.0 0.385 0.393 0.578 2.0 0.611 0.368 0.516
0.0 0.0 0.0 1.0 0.0 0.0 0.0 0.0 0.0 0.0 0.393 0.385 0.570 2.0 0.667 0.379 0.516
0.0 0.0 0.0 1.0 0.0 0.0 0.0 0.0 0.0 0.0 0.400 0.378 0.563 2.0 0.722 0.379 0.516
0.0 0.0 0.0 1.0 0.0 0.0 0.0 0.0 0.0 0.0 0.407 0.370 0.556 2.0 0.778 0.389 0.516
0.0 0.0 0.0 1.0 0.0 0.0 0.0 0.0 0.0 0.0 0.415 0.363 0.548 2.0 0.833 0.389 0.516
0.0 0.0 0.0 1.0 0.0 0.0 0.0 0.0 0.0 0.0 0.422 0.356 0.541 2.0 0.889 0.400 0.516
