0.0 1.0 0.0 0.0 0.0 0.0 0.0 0.0 0.0 0.0 0.100 0.450 0.900 0.590 1.0 1.000 0.192 0.724
0.0 0.0 1.0 0.0 0.0 0.0 0.0 0.0 0.0 0.0 0.075 0.475 0.925 0.615 4.0 0.491 0.192 0.724
0.0 1.0 0.0 0.0 0.0 0.0 0.0 0.0 0.0 0.0 0.200 0.800 0.800 0.800 1.0 0.175 0.346 0.034
0.0 0.0 0.0 1.0 0.0 0.0 0.0 0.0 0.0 0.0 0.175 0.825 0.825 0.825 2.0 0.193 0.346 0.034
0.0 0.0 0.0 1.0 0.0 0.0 0.0 0.0 0.0 0.0 0.175 0.700 0.825 0.762 2.0 0.228 0.346 0.069
0.0 0.0 0.0 1.0 0.0 0.0 0.0 0.0 0.0 0.0 0.175 0.650 0.825 0.725 2.0 0.246 0.346 0.103
0.0 0.0 0.0 1.0 0.0 0.0 0.0 0.0 0.0 0.0 0.225 0.525 0.775 0.604 4.0 0.298 0.462 0.207
0.0 1.0 0.0 0.0 0.0 0.0 0.0 0.0 0.0 0.0 0.250 0.450 0.750 0.544 1.0 0.211 0.462 0.310
0.0 0.0 0.0 1.0 0.0 0.0 0.0 0.0 0.0 0.0 0.225 0.475 0.775 0.569 4.0 0.263 0.462 0.310
0.0 0.0 1.0 0.0 0.0 0.0 0.0 0.0 0.0 0.0 0.100 0.600 0.900 0.694 2.0 0.316 0.154 0.310
0.0 1.0 0.0 0.0 0.0 0.0 0.0 0.0 0.0 0.0 0.275 0.350 0.725 0.481 1.0 0.193 0.462 0.414
0.0 0.0 1.0 0.0 0.0 0.0 0.0 0.0 0.0 0.0 0.250 0.375 0.750 0.506 4.0 0.281 0.462 0.414
0.0 0.0 0.0 1.0 0.0 0.0 0.0 0.0 0.0 0.0 0.225 0.325 0.775 0.502 4.0 0.351 0.462 0.517
0.0 1.0 0.0 0.0 0.0 0.0 0.0 0.0 0.0 0.0 0.250 0.300 0.750 0.457 1.0 0.211 0.462 0.621
0.0 0.0 0.0 1.0 0.0 0.0 0.0 0.0 0.0 0.0 0.225 0.325 0.775 0.482 4.0 0.386 0.462 0.621
0.0 1.0 0.0 0.0 0.0 0.0 0.0 0.0 0.0 0.0 0.250 0.300 0.750 0.440 1.0 0.193 0.462 0.724
0.0 0.0 0.0 1.0 0.0 0.0 0.0 0.0 0.0 0.0 0.225 0.325 0.775 0.465 4.0 0.281 0.462 0.724
0.0 0.0 1.0 0.0 0.0 0.0 0.0 0.0 1.0 0.0 0.200 0.800 0.800 0.800 2.0 0.316 0.269 0.034
0.0 0.0 1.0 0.0 0.0 0.0 0.0 0.0 1.0 0.0 0.200 0.675 0.800 0.738 2.0 0.333 0.269 0.069
0.0 0.0 1.0 0.0 0.0 0.0 0.0 0.0 1.0 0.0 0.200 0.625 0.800 0.700 2.0 0.281 0.269 0.103
0.0 0.0 0.0 1.0 0.0 0.0 0.0 0.0 0.0 0.0 0.225 0.525 0.775 0.604 2.0 0.228 0.308 0.207
0.0 0.0 0.0 1.0 0.0 0.0 0.0 0.0 0.0 0.0 0.225 0.475 0.775 0.569 3.0 0.316 0.346 0.310
0.0 0.0 0.0 1.0 0.0 0.0 0.0 0.0 0.0 0.0 0.225 0.400 0.775 0.531 3.0 0.316 0.308 0.414
0.0 0.0 0.0 1.0 0.0 0.0 0.0 0.0 0.0 0.0 0.225 0.325 0.775 0.502 4.0 0.333 0.269 0.517
0.0 0.0 0.0 1.0 0.0 0.0 0.0 0.0 0.0 0.0 0.225 0.325 0.775 0.482 3.0 0.368 0.308 0.621
0.0 0.0 0.0 1.0 0.0 0.0 0.0 0.0 0.0 0.0 0.225 0.325 0.775 0.465 4.0 0.404 0.423 0.724
0.0 0.0 0.0 1.0 0.0 0.0 0.0 0.0 0.0 0.0 0.075 0.475 0.925 0.607 2.0 0.263 0.115 0.793
0.0 0.0 1.0 0.0 0.0 0.0 0.0 0.0 1.0 0.0 0.025 0.525 0.975 0.657 2.0 0.175 0.077 0.793
0.0 0.0 1.0 0.0 0.0 0.0 0.0 0.0 1.0 0.0 0.025 0.525 0.975 0.657 2.0 0.105 0.077 0.793
0.0 0.0 1.0 0.0 0.0 0.0 0.0 0.0 1.0 0.0 0.025 0.525 0.975 0.657 2.0 0.070 0.077 0.793
0.0 0.0 0.0 1.0 0.0 0.0 0.0 0.0 0.0 0.0 0.225 0.325 0.775 0.457 3.0 0.386 0.423 0.793
0.0 0.0 0.0 1.0 0.0 0.0 0.0 0.0 0.0 0.0 0.225 0.325 0.775 0.457 3.0 0.228 0.423 0.793
0.0 0.0 0.0 1.0 0.0 0.0 0.0 0.0 0.0 0.0 0.225 0.325 0.775 0.457 3.0 0.263 0.423 0.793
0.0 0.0 0.0 1.0 0.0 0.0 0.0 0.0 0.0 0.0 0.225 0.325 0.775 0.457 3.0 0.281 0.423 0.793
0.0 0.0 0.0 1.0 0.0 0.0 0.0 0.0 0.0 0.0 0.225 0.325 0.775 0.457 3.0 0.263 0.423 0.793
0.0 0.0 0.0 1.0 0.0 0.0 0.0 0.0 0.0 0.0 0.225 0.325 0.775 0.457 3.0 0.263 0.423 0.793
0.0 0.0 1.0 0.0 0.0 0.0 0.0 0.0 1.0 0.0 0.100 0.450 0.900 0.582 2.0 0.351 0.154 0.793
0.0 0.0 1.0 0.0 0.0 0.0 0.0 0.0 1.0 0.0 0.100 0.450 0.900 0.582 2.0 0.281 0.154 0.793
0.0 0.0 1.0 0.0 0.0 0.0 0.0 0.0 1.0 0.0 0.100 0.450 0.900 0.582 2.0 0.316 0.154 0.793
0.0 0.0 0.0 1.0 0.0 0.0 0.0 0.0 0.0 0.0 0.200 0.350 0.800 0.482 2.0 0.140 0.385 0.793
0.0 0.0 0.0 1.0 0.0 0.0 0.0 0.0 0.0 0.0 0.225 0.325 0.775 0.457 3.0 0.263 0.385 0.793
0.0 0.0 0.0 1.0 0.0 0.0 0.0 0.0 0.0 0.0 0.225 0.325 0.775 0.457 3.0 0.228 0.385 0.793
0.0 1.0 0.0 0.0 0.0 0.0 0.0 0.0 0.0 0.0 0.225 0.325 0.775 0.457 1.0 0.158 0.385 0.793
0.0 0.0 1.0 0.0 0.0 0.0 0.0 0.0 0.0 0.0 0.200 0.350 0.800 0.482 2.0 0.140 0.385 0.793
0.0 0.0 0.0 1.0 0.0 0.0 0.0 0.0 0.0 0.0 0.200 0.350 0.800 0.482 2.0 0.140 0.385 0.793
0.0 0.0 0.0 1.0 0.0 0.0 0.0 0.0 0.0 0.0 0.225 0.325 0.775 0.457 3.0 0.246 0.385 0.793
0.0 1.0 0.0 0.0 0.0 0.0 0.0 0.0 0.0 1.0 0.200 0.000 0.000 0.000 1.0 0.070 0.346 0.034
0.0 0.0 1.0 0.0 0.0 0.0 0.0 0.0 0.0 0.0 0.175 0.025 0.025 0.025 2.0 0.158 0.346 0.034
0.0 0.0 0.0 1.0 0.0 0.0 0.0 0.0 0.0 1.0 0.125 0.000 0.000 0.000 3.0 0.140 0.115 0.034
0.0 0.0 0.0 1.0 0.0 0.0 0.0 0.0 0.0 1.0 0.600 0.000 0.000 0.000 4.0 0.246 1.000 0.034
0.0 1.0 0.0 0.0 0.0 0.0 0.0 0.0 0.0 1.0 0.575 0.000 0.000 0.000 1.0 0.105 1.000 0.034
0.0 0.0 1.0 0.0 0.0 0.0 0.0 0.0 0.0 0.0 0.550 0.025 0.025 0.025 4.0 0.246 1.000 0.034
0.0 1.0 0.0 0.0 0.0 0.0 0.0 0.0 0.0 1.0 0.775 0.000 0.000 0.000 1.0 0.070 0.962 0.034
0.0 0.0 1.0 0.0 0.0 0.0 0.0 0.0 0.0 0.0 0.750 0.025 0.025 0.025 2.0 0.123 0.962 0.034
0.0 0.0 0.0 1.0 0.0 0.0 0.0 0.0 0.0 1.0 0.725 0.000 0.000 0.000 2.0 0.088 0.962 0.034
0.0 0.0 0.0 1.0 0.0 0.0 0.0 0.0 0.0 1.0 0.625 0.000 0.000 0.000 2.0 0.105 0.962 0.034
0.0 0.0 0.0 1.0 0.0 0.0 0.0 0.0 0.0 1.0 0.550 0.000 0.000 0.000 2.0 0.105 0.962 0.034
0.0 0.0 0.0 1.0 0.0 0.0 0.0 0.0 0.0 1.0 0.550 0.000 0.000 0.000 2.0 0.105 0.962 0.034
0.0 1.0 0.0 0.0 0.0 0.0 0.0 0.0 0.0 1.0 0.575 0.000 0.000 0.000 1.0 0.070 0.962 0.034
0.0 0.0 0.0 1.0 0.0 0.0 0.0 0.0 0.0 0.0 0.550 0.025 0.025 0.025 2.0 0.123 0.962 0.034
0.0 0.0 0.0 1.0 0.0 0.0 0.0 0.0 0.0 1.0 1.000 0.000 0.000 0.000 2.0 0.105 0.962 0.034
0.0 0.0 0.0 1.0 0.0 0.0 0.0 0.0 0.0 1.0 0.875 0.000 0.000 0.000 2.0 0.105 0.962 0.034
0.0 1.0 0.0 0.0 0.0 0.0 0.0 0.0 0.0 1.0 0.825 0.000 0.000 0.000 1.0 0.088 0.962 0.034
0.0 0.0 1.0 0.0 0.0 0.0 0.0 0.0 0.0 0.0 0.800 0.025 0.025 0.025 3.0 0.158 0.962 0.034
0.0 0.0 0.0 1.0 0.0 0.0 0.0 0.0 0.0 1.0 0.750 0.000 0.000 0.000 4.0 0.193 0.962 0.034
0.0 0.0 1.0 0.0 0.0 0.0 0.0 0.0 0.0 0.0 0.625 0.125 0.125 0.125 2.0 0.158 0.962 0.034
0.0 1.0 0.0 0.0 0.0 0.0 0.0 0.0 0.0 1.0 0.750 0.000 0.000 0.000 1.0 0.105 0.962 0.034
0.0 0.0 1.0 0.0 0.0 0.0 0.0 0.0 0.0 0.0 0.725 0.025 0.025 0.025 4.0 0.193 0.962 0.034
0.0 0.0 1.0 0.0 0.0 0.0 0.0 0.0 0.0 0.0 0.625 0.125 0.125 0.125 2.0 0.175 0.962 0.034
0.0 1.0 0.0 0.0 0.0 0.0 0.0 0.0 0.0 1.0 0.675 0.000 0.000 0.000 1.0 0.105 0.962 0.034
0.0 0.0 0.0 1.0 0.0 0.0 0.0 0.0 0.0 0.0 0.650 0.025 0.025 0.025 4.0 0.211 0.962 0.034
0.0 0.0 1.0 0.0 0.0 0.0 0.0 0.0 0.0 0.0 0.625 0.050 0.050 0.050 2.0 0.175 0.962 0.034
0.0 0.0 0.0 1.0 0.0 0.0 0.0 0.0 0.0 1.0 0.650 0.000 0.000 0.000 4.0 0.193 0.962 0.034
0.0 0.0 1.0 0.0 0.0 0.0 0.0 0.0 0.0 0.0 0.625 0.025 0.025 0.025 2.0 0.158 0.962 0.034
0.0 0.0 0.0 1.0 0.0 0.0 0.0 0.0 0.0 1.0 0.675 0.000 0.000 0.000 4.0 0.193 0.962 0.034
0.0 0.0 1.0 0.0 0.0 0.0 0.0 0.0 0.0 0.0 0.650 0.025 0.025 0.025 2.0 0.158 0.962 0.034
0.0 0.0 0.0 1.0 0.0 0.0 0.0 0.0 0.0 1.0 0.625 0.000 0.000 0.000 4.0 0.175 0.962 0.034
0.0 0.0 0.0 1.0 0.0 0.0 0.0 0.0 0.0 1.0 0.750 0.000 0.000 0.000 3.0 0.140 1.000 0.034
0.0 0.0 0.0 1.0 0.0 0.0 0.0 0.0 0.0 1.0 0.700 0.000 0.000 0.000 3.0 0.140 1.000 0.034
0.0 0.0 0.0 1.0 0.0 0.0 0.0 0.0 0.0 1.0 0.625 0.000 0.000 0.000 3.0 0.140 1.000 0.034
0.0 1.0 0.0 0.0 0.0 0.0 0.0 0.0 0.0 1.0 0.625 0.000 0.000 0.000 1.0 0.088 1.000 0.034
0.0 0.0 0.0 1.0 0.0 0.0 0.0 0.0 0.0 0.0 0.600 0.025 0.025 0.025 3.0 0.140 1.000 0.034
0.0 1.0 0.0 0.0 0.0 0.0 0.0 0.0 0.0 1.0 0.600 0.000 0.000 0.000 1.0 0.088 1.000 0.034
0.0 0.0 1.0 0.0 0.0 0.0 0.0 0.0 0.0 0.0 0.575 0.025 0.025 0.025 3.0 0.158 1.000 0.034
0.0 0.0 0.0 1.0 0.0 0.0 0.0 0.0 0.0 1.0 0.575 0.000 0.000 0.000 3.0 0.140 1.000 0.034
0.0 0.0 1.0 0.0 0.0 0.0 0.0 0.0 0.0 0.0 0.125 0.075 0.875 0.536 3.0 0.456 0.231 0.828
0.0 1.0 0.0 0.0 0.0 0.0 0.0 0.0 1.0 0.0 0.025 0.100 0.975 0.615 1.0 0.772 0.038 0.862
0.0 0.0 0.0 0.0 0.0 1.0 0.0 0.0 1.0 0.0 0.050 0.075 0.950 0.590 2.0 0.561 0.077 0.862
0.0 1.0 0.0 0.0 0.0 0.0 0.0 0.0 1.0 0.0 0.025 0.100 0.975 0.615 1.0 0.368 0.038 0.862
0.0 1.0 0.0 0.0 0.0 0.0 0.0 0.0 1.0 0.0 0.025 0.100 0.975 0.615 1.0 0.421 0.038 0.862
0.0 1.0 0.0 0.0 0.0 0.0 0.0 0.0 1.0 0.0 0.025 0.100 0.975 0.615 1.0 0.316 0.038 0.862
0.0 1.0 0.0 0.0 0.0 0.0 0.0 0.0 1.0 0.0 0.025 0.100 0.975 0.615 1.0 0.351 0.038 0.862
0.0 1.0 0.0 0.0 0.0 0.0 0.0 0.0 1.0 0.0 0.025 0.125 0.975 0.705 1.0 0.175 0.038 0.345
0.0 0.0 1.0 0.0 0.0 0.0 0.0 0.0 0.0 0.0 0.075 0.125 0.700 0.500 2.0 0.456 0.115 0.310
0.0 1.0 0.0 0.0 0.0 0.0 0.0 0.0 1.0 0.0 0.025 0.100 0.975 0.615 1.0 0.526 0.038 0.862
0.0 0.0 0.0 0.0 1.0 0.0 0.0 0.0 0.0 0.0 0.050 0.150 0.950 0.611 2.0 0.807 0.077 0.828
0.0 1.0 0.0 0.0 0.0 0.0 0.0 0.0 1.0 0.0 0.025 0.175 0.975 0.636 1.0 0.754 0.038 0.828
0.0 1.0 0.0 0.0 0.0 0.0 0.0 0.0 0.0 0.0 0.500 0.075 0.250 0.131 1.0 0.386 0.923 0.276
0.0 0.0 0.0 0.0 1.0 0.0 0.0 0.0 1.0 0.0 0.050 0.500 0.950 0.632 2.0 0.526 0.077 0.793
0.0 0.0 0.0 0.0 1.0 0.0 0.0 0.0 1.0 0.0 0.050 0.075 0.950 0.634 2.0 0.263 0.077 0.379
0.0 0.0 0.0 0.0 1.0 0.0 0.0 0.0 1.0 0.0 0.075 0.475 0.925 0.607 2.0 0.456 0.115 0.793
0.0 0.0 0.0 0.0 0.0 1.0 0.0 0.0 0.0 0.0 0.550 0.075 0.450 0.208 2.0 0.860 0.962 0.310
0.0 0.0 1.0 0.0 0.0 0.0 0.0 0.0 0.0 0.0 0.525 0.100 0.475 0.233 4.0 0.947 0.962 0.310
0.0 0.0 0.0 0.0 0.0 1.0 0.0 0.0 1.0 0.0 0.550 0.075 0.275 0.157 3.0 0.702 0.962 0.241
0.0 0.0 1.0 0.0 0.0 0.0 0.0 0.0 1.0 0.0 0.575 0.075 0.250 0.146 2.0 0.298 0.962 0.207
0.0 0.0 1.0 0.0 0.0 0.0 0.0 0.0 0.0 0.0 0.575 0.050 0.175 0.113 2.0 0.386 0.962 0.207
0.0 0.0 0.0 0.0 0.0 1.0 0.0 0.0 1.0 0.0 0.550 0.075 0.200 0.138 3.0 0.509 0.962 0.207
0.0 0.0 0.0 1.0 0.0 0.0 0.0 0.0 0.0 0.0 0.050 0.525 0.700 0.586 3.0 0.684 0.115 0.241
0.0 1.0 0.0 0.0 0.0 0.0 0.0 0.0 1.0 0.0 0.025 0.525 0.975 0.657 1.0 0.246 0.038 0.793
0.0 0.0 0.0 0.0 0.0 1.0 0.0 0.0 0.0 0.0 0.075 0.500 0.675 0.571 2.0 0.544 0.154 0.207
0.0 0.0 1.0 0.0 0.0 0.0 0.0 0.0 0.0 0.0 0.525 0.050 0.225 0.121 2.0 0.474 0.962 0.207
0.0 0.0 1.0 0.0 0.0 0.0 0.0 0.0 0.0 0.0 0.500 0.075 0.250 0.146 2.0 0.421 0.962 0.207
0.0 0.0 0.0 0.0 1.0 0.0 0.0 0.0 1.0 0.0 0.025 0.100 0.975 0.542 2.0 0.544 0.077 1.000
0.0 1.0 0.0 0.0 0.0 0.0 0.0 0.0 0.0 0.0 0.075 0.050 0.700 0.306 1.0 0.544 0.115 0.414
0.0 0.0 0.0 0.0 1.0 0.0 0.0 0.0 1.0 0.0 0.050 0.075 0.725 0.331 2.0 0.333 0.115 0.414
0.0 0.0 0.0 0.0 0.0 1.0 0.0 0.0 0.0 0.0 0.500 0.050 0.275 0.133 3.0 0.737 0.962 0.207
0.0 0.0 1.0 0.0 0.0 0.0 0.0 0.0 0.0 0.0 0.175 0.375 0.600 0.458 2.0 0.509 0.385 0.207
0.0 0.0 0.0 0.0 0.0 1.0 0.0 0.0 1.0 0.0 0.150 0.400 0.850 0.532 3.0 0.439 0.308 0.793
0.0 0.0 0.0 0.0 0.0 1.0 0.0 0.0 1.0 0.0 0.175 0.375 0.825 0.507 3.0 0.491 0.308 0.793
0.0 0.0 0.0 1.0 0.0 0.0 0.0 0.0 0.0 0.0 0.075 0.475 0.925 0.607 2.0 0.667 0.115 0.793
0.0 0.0 0.0 0.0 0.0 1.0 0.0 0.0 0.0 0.0 0.175 0.375 0.825 0.507 2.0 0.614 0.346 0.793
0.0 0.0 0.0 0.0 1.0 0.0 0.0 0.0 0.0 0.0 0.050 0.500 0.950 0.640 2.0 0.825 0.077 0.724
0.0 0.0 1.0 0.0 0.0 0.0 0.0 0.0 0.0 0.0 0.125 0.425 0.875 0.565 2.0 0.421 0.154 0.724
0.0 0.0 0.0 0.0 1.0 0.0 0.0 0.0 1.0 0.0 0.050 0.500 0.950 0.640 3.0 0.474 0.154 0.724
0.0 0.0 1.0 0.0 0.0 0.0 0.0 0.0 0.0 0.0 0.100 0.450 0.900 0.590 2.0 0.491 0.192 0.724
0.0 0.0 0.0 1.0 0.0 0.0 0.0 0.0 0.0 0.0 0.125 0.425 0.875 0.565 3.0 0.474 0.269 0.724
0.0 0.0 0.0 0.0 1.0 0.0 0.0 0.0 1.0 0.0 0.050 0.500 0.950 0.640 3.0 0.596 0.154 0.724
0.0 0.0 0.0 1.0 0.0 0.0 0.0 0.0 0.0 1.0 0.125 0.000 0.000 0.000 2.0 0.088 0.192 0.034
0.0 0.0 0.0 1.0 0.0 0.0 0.0 0.0 0.0 1.0 0.150 0.000 0.000 0.000 2.0 0.088 0.192 0.034
0.0 0.0 0.0 1.0 0.0 0.0 0.0 0.0 0.0 1.0 0.125 0.000 0.000 0.000 2.0 0.088 0.192 0.034
0.0 0.0 0.0 1.0 0.0 0.0 0.0 0.0 0.0 1.0 0.125 0.000 0.000 0.000 2.0 0.088 0.192 0.034
0.0 0.0 0.0 1.0 0.0 0.0 0.0 0.0 0.0 1.0 0.125 0.000 0.000 0.000 2.0 0.088 0.192 0.034
0.0 0.0 0.0 1.0 0.0 0.0 0.0 0.0 0.0 1.0 0.125 0.000 0.000 0.000 2.0 0.088 0.192 0.034
0.0 1.0 0.0 0.0 0.0 0.0 0.0 0.0 0.0 0.0 0.100 0.100 0.900 0.561 1.0 0.228 0.192 0.828
0.0 0.0 0.0 1.0 0.0 0.0 0.0 0.0 0.0 0.0 0.075 0.125 0.925 0.586 4.0 0.193 0.192 0.828
0.0 0.0 1.0 0.0 0.0 0.0 0.0 0.0 0.0 0.0 0.100 0.475 0.475 0.475 3.0 0.351 0.154 0.034
0.0 1.0 0.0 0.0 0.0 0.0 0.0 0.0 0.0 0.0 0.100 0.450 0.900 0.590 1.0 0.263 0.154 0.724
0.0 0.0 0.0 0.0 1.0 0.0 0.0 0.0 1.0 0.0 0.075 0.475 0.925 0.615 3.0 0.281 0.154 0.724
0.0 1.0 0.0 0.0 0.0 0.0 0.0 0.0 0.0 0.0 0.200 0.350 0.800 0.482 1.0 0.491 0.308 0.793
0.0 0.0 0.0 0.0 1.0 0.0 0.0 0.0 1.0 0.0 0.075 0.475 0.925 0.615 3.0 0.456 0.154 0.724
0.0 0.0 0.0 0.0 1.0 0.0 0.0 0.0 0.0 0.0 0.075 0.475 0.925 0.615 3.0 0.474 0.154 0.724
0.0 0.0 0.0 0.0 1.0 0.0 0.0 0.0 1.0 0.0 0.075 0.475 0.925 0.615 3.0 0.632 0.154 0.724
0.0 1.0 0.0 0.0 0.0 0.0 0.0 0.0 0.0 0.0 0.050 0.500 0.950 0.632 1.0 0.316 0.077 0.793
0.0 0.0 1.0 0.0 0.0 0.0 0.0 0.0 1.0 0.0 0.025 0.525 0.975 0.657 2.0 0.105 0.077 0.793
0.0 1.0 0.0 0.0 0.0 0.0 0.0 0.0 0.0 0.0 0.150 0.400 0.850 0.532 1.0 0.386 0.231 0.793
0.0 0.0 0.0 0.0 1.0 0.0 0.0 0.0 0.0 0.0 0.075 0.125 0.125 0.125 2.0 0.368 0.115 0.034
0.0 0.0 0.0 0.0 1.0 0.0 0.0 0.0 0.0 0.0 0.525 0.075 0.075 0.075 2.0 0.263 0.962 0.034
0.0 1.0 0.0 0.0 0.0 0.0 0.0 0.0 0.0 0.0 0.075 0.525 0.525 0.525 1.0 0.123 0.077 0.034
0.0 0.0 0.0 1.0 0.0 0.0 0.0 0.0 0.0 0.0 0.050 0.550 0.550 0.550 2.0 0.316 0.077 0.034
0.0 0.0 0.0 1.0 0.0 0.0 0.0 0.0 0.0 0.0 0.550 0.050 0.050 0.050 2.0 0.140 0.962 0.034
0.0 0.0 0.0 1.0 0.0 0.0 0.0 0.0 0.0 0.0 0.500 0.100 0.100 0.100 3.0 0.351 0.962 0.034
0.0 1.0 0.0 0.0 0.0 0.0 0.0 0.0 0.0 0.0 0.200 0.375 0.375 0.375 1.0 0.158 0.346 0.034
0.0 0.0 1.0 0.0 0.0 0.0 0.0 0.0 0.0 0.0 0.175 0.400 0.400 0.400 2.0 0.193 0.346 0.034
0.0 0.0 0.0 0.0 1.0 0.0 0.0 0.0 0.0 0.0 0.075 0.500 0.500 0.500 2.0 0.281 0.115 0.034
0.0 0.0 0.0 0.0 1.0 0.0 0.0 0.0 0.0 0.0 0.525 0.050 0.050 0.050 2.0 0.263 0.962 0.034
0.0 0.0 0.0 0.0 1.0 0.0 0.0 0.0 1.0 0.0 0.075 0.550 0.925 0.683 2.0 0.368 0.115 0.310
0.0 0.0 0.0 1.0 0.0 0.0 0.0 0.0 0.0 0.0 0.150 0.475 0.850 0.608 2.0 0.509 0.308 0.310
0.0 0.0 0.0 0.0 1.0 0.0 0.0 0.0 0.0 0.0 0.500 0.125 0.500 0.258 2.0 0.544 0.923 0.310
0.0 0.0 0.0 1.0 0.0 0.0 0.0 0.0 0.0 0.0 0.975 0.025 0.025 0.025 2.0 0.281 0.962 0.034
0.0 0.0 0.0 1.0 0.0 0.0 0.0 0.0 1.0 0.0 0.550 0.450 0.450 0.450 2.0 0.333 0.962 0.034
0.0 0.0 0.0 1.0 0.0 0.0 0.0 0.0 0.0 0.0 0.850 0.025 0.025 0.025 2.0 0.298 0.962 0.034
0.0 0.0 0.0 1.0 0.0 0.0 0.0 0.0 1.0 0.0 0.550 0.325 0.325 0.325 2.0 0.333 0.962 0.034
0.0 1.0 0.0 0.0 0.0 0.0 0.0 0.0 0.0 0.0 0.625 0.200 0.200 0.200 1.0 0.123 0.962 0.034
0.0 0.0 0.0 1.0 0.0 0.0 0.0 0.0 1.0 0.0 0.600 0.225 0.225 0.225 2.0 0.175 0.962 0.034
0.0 0.0 0.0 1.0 0.0 0.0 0.0 0.0 0.0 0.0 0.775 0.050 0.050 0.050 2.0 0.333 0.962 0.034
0.0 0.0 0.0 1.0 0.0 0.0 0.0 0.0 1.0 0.0 0.550 0.275 0.275 0.275 2.0 0.368 0.962 0.034
0.0 0.0 0.0 1.0 0.0 0.0 0.0 0.0 1.0 0.0 0.600 0.150 0.150 0.150 2.0 0.211 0.962 0.034
0.0 0.0 0.0 1.0 0.0 0.0 0.0 0.0 1.0 0.0 0.600 0.150 0.150 0.150 2.0 0.193 0.962 0.034
0.0 0.0 0.0 1.0 0.0 0.0 0.0 0.0 0.0 0.0 0.725 0.025 0.025 0.025 2.0 0.368 0.962 0.034
0.0 1.0 0.0 0.0 0.0 0.0 0.0 0.0 0.0 0.0 0.600 0.150 0.150 0.150 1.0 0.123 0.962 0.034
0.0 0.0 0.0 1.0 0.0 0.0 0.0 0.0 1.0 0.0 0.575 0.175 0.175 0.175 2.0 0.175 0.962 0.034
0.0 0.0 0.0 1.0 0.0 0.0 0.0 0.0 1.0 0.0 0.550 0.200 0.200 0.200 2.0 0.368 0.962 0.034
0.0 0.0 0.0 1.0 0.0 0.0 0.0 0.0 1.0 0.0 0.600 0.150 0.150 0.150 2.0 0.211 0.962 0.034
0.0 0.0 0.0 1.0 0.0 0.0 0.0 0.0 1.0 0.0 0.600 0.150 0.150 0.150 2.0 0.193 0.962 0.034
0.0 1.0 0.0 0.0 0.0 0.0 0.0 0.0 0.0 0.0 0.700 0.050 0.050 0.050 1.0 0.158 0.962 0.034
0.0 0.0 1.0 0.0 0.0 0.0 0.0 0.0 0.0 0.0 0.675 0.075 0.075 0.075 2.0 0.333 0.962 0.034
0.0 1.0 0.0 0.0 0.0 0.0 0.0 0.0 0.0 0.0 0.600 0.150 0.150 0.150 1.0 0.140 0.962 0.034
0.0 0.0 1.0 0.0 0.0 0.0 0.0 0.0 1.0 0.0 0.575 0.175 0.175 0.175 2.0 0.175 0.962 0.034
0.0 0.0 0.0 1.0 0.0 0.0 0.0 0.0 1.0 0.0 0.550 0.200 0.200 0.200 2.0 0.386 0.962 0.034
0.0 0.0 0.0 1.0 0.0 0.0 0.0 0.0 1.0 0.0 0.600 0.075 0.075 0.075 2.0 0.211 0.962 0.034
0.0 0.0 0.0 1.0 0.0 0.0 0.0 0.0 1.0 0.0 0.600 0.075 0.075 0.075 2.0 0.193 0.962 0.034
0.0 0.0 0.0 1.0 0.0 0.0 0.0 0.0 0.0 0.0 0.600 0.075 0.075 0.075 2.0 0.386 0.962 0.034
0.0 0.0 0.0 1.0 0.0 0.0 0.0 0.0 1.0 0.0 0.575 0.100 0.100 0.100 2.0 0.228 0.962 0.034
0.0 0.0 0.0 1.0 0.0 0.0 0.0 0.0 1.0 0.0 0.550 0.125 0.125 0.125 2.0 0.386 0.962 0.034
0.0 0.0 0.0 1.0 0.0 0.0 0.0 0.0 1.0 0.0 0.600 0.050 0.050 0.050 2.0 0.211 0.962 0.034
0.0 0.0 0.0 1.0 0.0 0.0 0.0 0.0 1.0 0.0 0.600 0.050 0.050 0.050 2.0 0.193 0.962 0.034
0.0 0.0 0.0 1.0 0.0 0.0 0.0 0.0 0.0 0.0 0.575 0.075 0.075 0.075 2.0 0.368 0.962 0.034
0.0 0.0 0.0 1.0 0.0 0.0 0.0 0.0 1.0 0.0 0.575 0.075 0.075 0.075 2.0 0.211 0.962 0.034
0.0 0.0 0.0 1.0 0.0 0.0 0.0 0.0 1.0 0.0 0.550 0.100 0.100 0.100 2.0 0.368 0.962 0.034
0.0 0.0 0.0 1.0 0.0 0.0 0.0 0.0 1.0 0.0 0.600 0.075 0.075 0.075 2.0 0.211 0.962 0.034
0.0 1.0 0.0 0.0 0.0 0.0 0.0 0.0 0.0 0.0 0.625 0.050 0.050 0.050 1.0 0.105 0.962 0.034
0.0 0.0 0.0 1.0 0.0 0.0 0.0 0.0 1.0 0.0 0.600 0.075 0.075 0.075 2.0 0.175 0.962 0.034
0.0 0.0 0.0 1.0 0.0 0.0 0.0 0.0 0.0 0.0 0.575 0.100 0.100 0.100 2.0 0.368 0.962 0.034
0.0 0.0 0.0 1.0 0.0 0.0 0.0 0.0 1.0 0.0 0.575 0.100 0.100 0.100 2.0 0.211 0.962 0.034
0.0 0.0 0.0 1.0 0.0 0.0 0.0 0.0 1.0 0.0 0.550 0.125 0.125 0.125 2.0 0.368 0.962 0.034
0.0 0.0 0.0 1.0 0.0 0.0 0.0 0.0 1.0 0.0 0.600 0.025 0.025 0.025 2.0 0.228 0.962 0.034
0.0 0.0 0.0 1.0 0.0 0.0 0.0 0.0 0.0 0.0 0.575 0.050 0.050 0.050 2.0 0.368 0.962 0.034
0.0 0.0 0.0 1.0 0.0 0.0 0.0 0.0 1.0 0.0 0.575 0.050 0.050 0.050 2.0 0.211 0.962 0.034
0.0 1.0 0.0 0.0 0.0 0.0 0.0 0.0 0.0 0.0 0.575 0.050 0.050 0.050 1.0 0.123 0.962 0.034
0.0 0.0 1.0 0.0 0.0 0.0 0.0 0.0 1.0 0.0 0.550 0.075 0.075 0.075 2.0 0.333 0.962 0.034
0.0 0.0 0.0 1.0 0.0 0.0 0.0 0.0 0.0 0.0 0.725 0.025 0.025 0.025 2.0 0.298 0.962 0.034
0.0 0.0 0.0 1.0 0.0 0.0 0.0 0.0 1.0 0.0 0.525 0.225 0.225 0.225 2.0 0.211 0.962 0.034
0.0 0.0 0.0 1.0 0.0 0.0 0.0 0.0 1.0 0.0 0.075 0.675 0.675 0.675 2.0 0.263 0.154 0.034
0.0 0.0 0.0 1.0 0.0 0.0 0.0 0.0 0.0 0.0 0.675 0.025 0.025 0.025 2.0 0.298 0.962 0.034
0.0 0.0 0.0 1.0 0.0 0.0 0.0 0.0 1.0 0.0 0.525 0.175 0.175 0.175 2.0 0.211 0.962 0.034
0.0 0.0 0.0 1.0 0.0 0.0 0.0 0.0 1.0 0.0 0.075 0.625 0.625 0.625 2.0 0.263 0.154 0.034
0.0 0.0 0.0 1.0 0.0 0.0 0.0 0.0 0.0 0.0 0.600 0.025 0.025 0.025 2.0 0.298 0.962 0.034
0.0 0.0 0.0 1.0 0.0 0.0 0.0 0.0 1.0 0.0 0.525 0.100 0.100 0.100 2.0 0.211 0.962 0.034
0.0 0.0 0.0 1.0 0.0 0.0 0.0 0.0 1.0 0.0 0.075 0.550 0.550 0.550 2.0 0.263 0.154 0.034
0.0 1.0 0.0 0.0 0.0 0.0 0.0 0.0 0.0 0.0 0.575 0.050 0.050 0.050 1.0 0.140 0.962 0.034
0.0 0.0 0.0 1.0 0.0 0.0 0.0 0.0 0.0 0.0 0.550 0.075 0.075 0.075 2.0 0.281 0.962 0.034
0.0 0.0 0.0 1.0 0.0 0.0 0.0 0.0 1.0 0.0 0.525 0.100 0.100 0.100 2.0 0.228 0.962 0.034
0.0 0.0 0.0 1.0 0.0 0.0 0.0 0.0 1.0 0.0 0.075 0.550 0.550 0.550 2.0 0.281 0.154 0.034
0.0 0.0 0.0 1.0 0.0 0.0 0.0 0.0 0.0 0.0 0.550 0.050 0.050 0.050 2.0 0.316 0.962 0.034
0.0 0.0 0.0 1.0 0.0 0.0 0.0 0.0 1.0 0.0 0.525 0.075 0.075 0.075 2.0 0.228 0.962 0.034
0.0 0.0 0.0 1.0 0.0 0.0 0.0 0.0 1.0 0.0 0.075 0.525 0.525 0.525 2.0 0.281 0.154 0.034
0.0 0.0 0.0 1.0 0.0 0.0 0.0 0.0 0.0 0.0 0.550 0.025 0.025 0.025 2.0 0.298 0.962 0.034
0.0 0.0 0.0 1.0 0.0 0.0 0.0 0.0 1.0 0.0 0.525 0.050 0.050 0.050 2.0 0.211 0.962 0.034
0.0 0.0 0.0 1.0 0.0 0.0 0.0 0.0 1.0 0.0 0.075 0.500 0.500 0.500 2.0 0.263 0.154 0.034
0.0 0.0 0.0 1.0 0.0 0.0 0.0 0.0 0.0 0.0 0.100 0.450 0.675 0.533 2.0 0.579 0.154 0.207
0.0 0.0 0.0 1.0 0.0 0.0 0.0 0.0 0.0 0.0 0.150 0.050 0.625 0.421 2.0 0.439 0.346 0.241
0.0 0.0 0.0 1.0 0.0 0.0 0.0 0.0 0.0 0.0 0.725 0.050 0.050 0.050 2.0 0.316 0.962 0.034
0.0 0.0 0.0 1.0 0.0 0.0 0.0 0.0 1.0 0.0 0.200 0.575 0.575 0.575 2.0 0.228 0.423 0.034
0.0 1.0 0.0 0.0 0.0 0.0 0.0 0.0 0.0 0.0 0.700 0.025 0.025 0.025 1.0 0.105 0.962 0.034
0.0 0.0 0.0 1.0 0.0 0.0 0.0 0.0 0.0 0.0 0.675 0.050 0.050 0.050 2.0 0.298 0.962 0.034
0.0 0.0 0.0 1.0 0.0 0.0 0.0 0.0 1.0 0.0 0.200 0.525 0.525 0.525 2.0 0.211 0.423 0.034
0.0 0.0 0.0 1.0 0.0 0.0 0.0 0.0 0.0 0.0 0.600 0.025 0.025 0.025 2.0 0.298 0.962 0.034
0.0 0.0 0.0 1.0 0.0 0.0 0.0 0.0 1.0 0.0 0.200 0.425 0.425 0.425 2.0 0.211 0.423 0.034
0.0 0.0 0.0 1.0 0.0 0.0 0.0 0.0 0.0 0.0 0.525 0.025 0.025 0.025 2.0 0.298 0.962 0.034
0.0 0.0 0.0 1.0 0.0 0.0 0.0 0.0 1.0 0.0 0.200 0.350 0.350 0.350 2.0 0.211 0.423 0.034
0.0 0.0 0.0 1.0 0.0 0.0 0.0 0.0 0.0 0.0 0.525 0.025 0.025 0.025 2.0 0.298 0.962 0.034
0.0 0.0 0.0 1.0 0.0 0.0 0.0 0.0 1.0 0.0 0.200 0.350 0.350 0.350 2.0 0.211 0.423 0.034
0.0 0.0 0.0 1.0 0.0 0.0 0.0 0.0 0.0 0.0 0.525 0.050 0.050 0.050 2.0 0.316 0.962 0.034
0.0 0.0 0.0 1.0 0.0 0.0 0.0 0.0 1.0 0.0 0.200 0.375 0.375 0.375 2.0 0.228 0.423 0.034
0.0 0.0 0.0 1.0 0.0 0.0 0.0 0.0 1.0 0.0 0.100 0.450 0.900 0.582 2.0 0.281 0.154 0.793
0.0 0.0 0.0 1.0 0.0 0.0 0.0 0.0 1.0 0.0 0.175 0.375 0.825 0.507 2.0 0.211 0.308 0.793
0.0 1.0 0.0 0.0 0.0 0.0 0.0 0.0 0.0 0.0 0.125 0.425 0.875 0.557 1.0 0.140 0.154 0.793
0.0 0.0 1.0 0.0 0.0 0.0 0.0 0.0 1.0 0.0 0.100 0.450 0.900 0.582 2.0 0.263 0.154 0.793
0.0 0.0 0.0 1.0 0.0 0.0 0.0 0.0 1.0 0.0 0.175 0.375 0.825 0.507 2.0 0.246 0.308 0.793
0.0 0.0 0.0 1.0 0.0 0.0 0.0 0.0 1.0 0.0 0.100 0.450 0.900 0.582 2.0 0.298 0.154 0.793
0.0 0.0 0.0 1.0 0.0 0.0 0.0 0.0 1.0 0.0 0.175 0.375 0.825 0.507 2.0 0.228 0.308 0.793
0.0 0.0 0.0 1.0 0.0 0.0 0.0 0.0 1.0 0.0 0.100 0.450 0.900 0.582 2.0 0.281 0.154 0.793
0.0 0.0 0.0 1.0 0.0 0.0 0.0 0.0 1.0 0.0 0.175 0.375 0.825 0.507 2.0 0.211 0.308 0.793
0.0 0.0 0.0 1.0 0.0 0.0 0.0 0.0 1.0 0.0 0.100 0.450 0.900 0.582 2.0 0.281 0.154 0.793
0.0 0.0 0.0 1.0 0.0 0.0 0.0 0.0 1.0 0.0 0.175 0.375 0.825 0.507 2.0 0.211 0.308 0.793
0.0 0.0 0.0 1.0 0.0 0.0 0.0 0.0 1.0 0.0 0.100 0.450 0.900 0.582 2.0 0.298 0.154 0.793
0.0 0.0 0.0 1.0 0.0 0.0 0.0 0.0 1.0 0.0 0.175 0.375 0.825 0.507 2.0 0.228 0.308 0.793
0.0 0.0 0.0 1.0 0.0 0.0 0.0 0.0 1.0 0.0 0.025 0.525 0.975 0.657 2.0 0.088 0.077 0.793
0.0 0.0 0.0 1.0 0.0 0.0 0.0 0.0 1.0 0.0 0.025 0.525 0.975 0.657 2.0 0.105 0.077 0.793
0.0 0.0 0.0 1.0 0.0 0.0 0.0 0.0 1.0 0.0 0.025 0.525 0.975 0.657 2.0 0.088 0.077 0.793
0.0 0.0 0.0 1.0 0.0 0.0 0.0 0.0 1.0 0.0 0.025 0.525 0.975 0.657 2.0 0.105 0.077 0.793
0.0 0.0 0.0 1.0 0.0 0.0 0.0 0.0 1.0 0.0 0.025 0.525 0.975 0.657 2.0 0.088 0.077 0.793
0.0 1.0 0.0 0.0 0.0 0.0 0.0 0.0 0.0 0.0 0.175 0.375 0.825 0.515 1.0 0.456 0.231 0.724
0.0 0.0 1.0 0.0 0.0 0.0 0.0 0.0 0.0 0.0 0.150 0.400 0.850 0.540 3.0 0.509 0.231 0.724
0.0 0.0 0.0 1.0 0.0 0.0 0.0 0.0 1.0 0.0 0.200 0.550 0.800 0.629 2.0 0.263 0.269 0.207
0.0 0.0 0.0 0.0 1.0 0.0 0.0 0.0 0.0 0.0 0.075 0.675 0.925 0.754 2.0 0.298 0.192 0.207
0.0 0.0 0.0 1.0 0.0 0.0 0.0 0.0 1.0 0.0 0.200 0.500 0.800 0.594 2.0 0.281 0.269 0.310
0.0 0.0 0.0 0.0 1.0 0.0 0.0 0.0 0.0 0.0 0.075 0.625 0.925 0.719 2.0 0.281 0.192 0.310
0.0 0.0 0.0 1.0 0.0 0.0 0.0 0.0 1.0 0.0 0.200 0.425 0.800 0.556 2.0 0.281 0.269 0.414
0.0 0.0 0.0 0.0 1.0 0.0 0.0 0.0 0.0 0.0 0.075 0.550 0.925 0.681 2.0 0.333 0.192 0.414
0.0 0.0 0.0 1.0 0.0 0.0 0.0 0.0 1.0 0.0 0.200 0.350 0.800 0.527 2.0 0.298 0.269 0.517
0.0 0.0 0.0 0.0 1.0 0.0 0.0 0.0 0.0 0.0 0.075 0.475 0.925 0.652 2.0 0.333 0.192 0.517
0.0 0.0 0.0 1.0 0.0 0.0 0.0 0.0 1.0 0.0 0.200 0.350 0.800 0.507 2.0 0.281 0.269 0.621
0.0 0.0 0.0 1.0 0.0 0.0 0.0 0.0 1.0 0.0 0.200 0.350 0.800 0.490 2.0 0.298 0.269 0.724
0.0 0.0 0.0 0.0 1.0 0.0 0.0 0.0 0.0 0.0 0.075 0.475 0.925 0.615 2.0 0.333 0.192 0.724
0.0 0.0 0.0 1.0 0.0 0.0 0.0 0.0 1.0 0.0 0.150 0.850 0.850 0.850 2.0 0.193 0.308 0.034
0.0 0.0 0.0 1.0 0.0 0.0 0.0 0.0 1.0 0.0 0.150 0.725 0.850 0.787 2.0 0.211 0.308 0.069
0.0 0.0 0.0 1.0 0.0 0.0 0.0 0.0 1.0 0.0 0.150 0.675 0.850 0.750 2.0 0.211 0.308 0.103
0.0 1.0 0.0 0.0 0.0 0.0 0.0 0.0 0.0 0.0 0.175 0.375 0.825 0.515 1.0 0.263 0.269 0.724
0.0 0.0 0.0 0.0 1.0 0.0 0.0 0.0 1.0 0.0 0.150 0.400 0.850 0.540 2.0 0.263 0.269 0.724
0.0 0.0 0.0 1.0 0.0 0.0 0.0 0.0 1.0 0.0 0.200 0.550 0.800 0.629 2.0 0.246 0.308 0.207
0.0 0.0 0.0 1.0 0.0 0.0 0.0 0.0 1.0 0.0 0.200 0.350 0.800 0.482 2.0 0.351 0.346 0.793
0.0 0.0 0.0 0.0 1.0 0.0 0.0 0.0 0.0 0.0 0.075 0.675 0.925 0.754 2.0 0.368 0.192 0.207
0.0 0.0 0.0 1.0 0.0 0.0 0.0 0.0 1.0 0.0 0.200 0.500 0.800 0.594 2.0 0.228 0.308 0.310
0.0 0.0 0.0 1.0 0.0 0.0 0.0 0.0 1.0 0.0 0.200 0.350 0.800 0.482 2.0 0.316 0.346 0.793
0.0 0.0 0.0 0.0 1.0 0.0 0.0 0.0 0.0 0.0 0.075 0.625 0.925 0.719 2.0 0.316 0.192 0.310
0.0 1.0 0.0 0.0 0.0 0.0 0.0 0.0 0.0 0.0 0.225 0.400 0.775 0.531 1.0 0.140 0.308 0.414
0.0 0.0 1.0 0.0 0.0 0.0 0.0 0.0 1.0 0.0 0.200 0.425 0.800 0.556 2.0 0.175 0.308 0.414
0.0 0.0 0.0 1.0 0.0 0.0 0.0 0.0 1.0 0.0 0.200 0.350 0.800 0.482 2.0 0.333 0.346 0.793
0.0 1.0 0.0 0.0 0.0 0.0 0.0 0.0 0.0 0.0 0.100 0.525 0.900 0.656 1.0 0.158 0.192 0.414
0.0 0.0 0.0 0.0 1.0 0.0 0.0 0.0 0.0 0.0 0.075 0.550 0.925 0.681 2.0 0.316 0.192 0.414
0.0 0.0 0.0 1.0 0.0 0.0 0.0 0.0 1.0 0.0 0.200 0.350 0.800 0.527 2.0 0.246 0.308 0.517
0.0 0.0 0.0 1.0 0.0 0.0 0.0 0.0 1.0 0.0 0.200 0.350 0.800 0.482 2.0 0.333 0.346 0.793
0.0 0.0 0.0 0.0 1.0 0.0 0.0 0.0 0.0 0.0 0.075 0.475 0.925 0.652 2.0 0.386 0.192 0.517
0.0 0.0 0.0 1.0 0.0 0.0 0.0 0.0 1.0 0.0 0.200 0.350 0.800 0.507 2.0 0.228 0.308 0.621
0.0 0.0 0.0 1.0 0.0 0.0 0.0 0.0 1.0 0.0 0.200 0.350 0.800 0.482 2.0 0.333 0.346 0.793
0.0 0.0 0.0 1.0 0.0 0.0 0.0 0.0 1.0 0.0 0.200 0.350 0.800 0.490 2.0 0.228 0.308 0.724
0.0 0.0 0.0 1.0 0.0 0.0 0.0 0.0 1.0 0.0 0.200 0.350 0.800 0.482 2.0 0.316 0.346 0.793
0.0 1.0 0.0 0.0 0.0 0.0 0.0 0.0 0.0 0.0 0.100 0.450 0.900 0.590 1.0 0.158 0.192 0.724
0.0 0.0 0.0 0.0 1.0 0.0 0.0 0.0 0.0 0.0 0.075 0.475 0.925 0.615 2.0 0.298 0.192 0.724
0.0 0.0 0.0 1.0 0.0 0.0 0.0 0.0 0.0 0.0 0.050 0.500 0.950 0.640 2.0 0.333 0.077 0.724
0.0 0.0 0.0 0.0 1.0 0.0 0.0 0.0 1.0 0.0 0.050 0.500 0.950 0.640 2.0 0.246 0.077 0.724
0.0 0.0 0.0 0.0 1.0 0.0 0.0 0.0 1.0 0.0 0.050 0.150 0.950 0.611 2.0 0.228 0.077 0.828
0.0 1.0 0.0 0.0 0.0 0.0 0.0 0.0 0.0 0.0 0.075 0.125 0.925 0.586 1.0 0.175 0.077 0.828
0.0 0.0 1.0 0.0 0.0 0.0 0.0 0.0 1.0 0.0 0.050 0.150 0.950 0.611 2.0 0.140 0.077 0.828
0.0 0.0 0.0 0.0 1.0 0.0 0.0 0.0 1.0 0.0 0.050 0.150 0.950 0.611 2.0 0.211 0.077 0.828
0.0 0.0 0.0 0.0 1.0 0.0 0.0 0.0 1.0 0.0 0.050 0.150 0.950 0.611 2.0 0.211 0.077 0.828
0.0 0.0 0.0 0.0 1.0 0.0 0.0 0.0 1.0 0.0 0.050 0.150 0.950 0.611 2.0 0.193 0.077 0.828
0.0 0.0 0.0 0.0 1.0 0.0 0.0 0.0 1.0 0.0 0.050 0.150 0.950 0.611 2.0 0.211 0.077 0.828
0.0 0.0 0.0 0.0 1.0 0.0 0.0 0.0 1.0 0.0 0.050 0.075 0.075 0.075 2.0 0.175 0.077 0.034
0.0 1.0 0.0 0.0 0.0 0.0 0.0 0.0 0.0 0.0 0.100 0.025 0.025 0.025 1.0 0.105 0.115 0.034
0.0 0.0 0.0 1.0 0.0 0.0 0.0 0.0 1.0 0.0 0.075 0.050 0.050 0.050 2.0 0.158 0.115 0.034
0.0 0.0 0.0 1.0 0.0 0.0 0.0 0.0 1.0 0.0 0.575 0.025 0.025 0.025 2.0 0.140 0.962 0.034
0.0 0.0 0.0 0.0 1.0 0.0 0.0 0.0 1.0 0.0 0.075 0.525 0.525 0.525 3.0 0.211 0.154 0.034
0.0 0.0 0.0 1.0 0.0 0.0 0.0 0.0 1.0 0.0 0.050 0.525 0.525 0.525 3.0 0.263 0.115 0.034
0.0 0.0 0.0 0.0 1.0 0.0 0.0 0.0 0.0 0.0 0.075 0.500 0.500 0.500 2.0 0.298 0.115 0.034
0.0 0.0 0.0 0.0 1.0 0.0 0.0 0.0 0.0 0.0 0.100 0.025 0.025 0.025 2.0 0.368 0.154 0.034
0.0 0.0 0.0 1.0 0.0 0.0 0.0 0.0 1.0 0.0 0.100 0.025 0.025 0.025 2.0 0.281 0.154 0.034
0.0 1.0 0.0 0.0 0.0 0.0 0.0 0.0 0.0 0.0 0.125 0.025 0.025 0.025 1.0 0.105 0.154 0.034
0.0 0.0 0.0 0.0 0.0 1.0 0.0 0.0 0.0 0.0 0.100 0.050 0.050 0.050 2.0 0.351 0.154 0.034
0.0 0.0 0.0 1.0 0.0 0.0 0.0 0.0 1.0 0.0 0.100 0.050 0.050 0.050 2.0 0.298 0.154 0.034
0.0 0.0 0.0 0.0 1.0 0.0 0.0 0.0 0.0 0.0 0.100 0.025 0.025 0.025 2.0 0.386 0.154 0.034
0.0 0.0 0.0 1.0 0.0 0.0 0.0 0.0 1.0 0.0 0.100 0.025 0.025 0.025 2.0 0.281 0.154 0.034
0.0 0.0 0.0 0.0 1.0 0.0 0.0 0.0 0.0 0.0 0.100 0.025 0.025 0.025 2.0 0.386 0.154 0.034
0.0 0.0 0.0 1.0 0.0 0.0 0.0 0.0 1.0 0.0 0.100 0.025 0.025 0.025 2.0 0.281 0.154 0.034
0.0 0.0 0.0 0.0 1.0 0.0 0.0 0.0 0.0 0.0 0.100 0.025 0.025 0.025 2.0 0.386 0.154 0.034
0.0 0.0 0.0 1.0 0.0 0.0 0.0 0.0 1.0 0.0 0.100 0.025 0.025 0.025 2.0 0.281 0.154 0.034
0.0 0.0 0.0 0.0 1.0 0.0 0.0 0.0 0.0 0.0 0.100 0.025 0.025 0.025 2.0 0.368 0.154 0.034
0.0 0.0 0.0 1.0 0.0 0.0 0.0 0.0 1.0 0.0 0.100 0.025 0.025 0.025 2.0 0.281 0.154 0.034
0.0 1.0 0.0 0.0 0.0 0.0 0.0 0.0 1.0 0.0 0.025 0.100 0.975 0.615 1.0 0.246 0.038 0.862
0.0 0.0 0.0 1.0 0.0 0.0 0.0 0.0 0.0 0.0 0.150 0.400 0.850 0.532 2.0 0.193 0.154 0.793
0.0 0.0 0.0 0.0 1.0 0.0 0.0 0.0 0.0 0.0 0.100 0.450 0.900 0.582 2.0 0.193 0.154 0.793
0.0 0.0 1.0 0.0 0.0 0.0 0.0 0.0 0.0 0.0 0.825 0.050 0.050 0.050 2.0 0.175 0.923 0.034
0.0 1.0 0.0 0.0 0.0 0.0 0.0 0.0 0.0 0.0 0.950 0.050 0.050 0.050 1.0 0.123 0.962 0.034
0.0 0.0 1.0 0.0 0.0 0.0 0.0 0.0 0.0 0.0 0.925 0.075 0.075 0.075 2.0 0.193 0.962 0.034
0.0 1.0 0.0 0.0 0.0 0.0 0.0 0.0 0.0 0.0 0.125 0.425 0.875 0.565 1.0 0.860 0.192 0.724
0.0 1.0 0.0 0.0 0.0 0.0 0.0 0.0 0.0 0.0 0.225 0.650 0.775 0.713 1.0 0.158 0.269 0.069
0.0 1.0 0.0 0.0 0.0 0.0 0.0 0.0 0.0 0.0 0.250 0.300 0.750 0.440 1.0 0.211 0.423 0.724
0.0 1.0 0.0 0.0 0.0 0.0 0.0 0.0 0.0 0.0 0.250 0.300 0.750 0.457 1.0 0.175 0.308 0.621
0.0 1.0 0.0 0.0 0.0 0.0 0.0 0.0 0.0 0.0 0.250 0.300 0.750 0.477 1.0 0.228 0.269 0.517
0.0 1.0 0.0 0.0 0.0 0.0 0.0 0.0 0.0 0.0 0.250 0.375 0.750 0.506 1.0 0.211 0.308 0.414
0.0 1.0 0.0 0.0 0.0 0.0 0.0 0.0 0.0 0.0 0.250 0.450 0.750 0.544 1.0 0.211 0.346 0.310
0.0 1.0 0.0 0.0 0.0 0.0 0.0 0.0 0.0 0.0 0.250 0.500 0.750 0.579 1.0 0.193 0.308 0.207
0.0 1.0 0.0 0.0 0.0 0.0 0.0 0.0 0.0 0.0 0.225 0.600 0.775 0.675 1.0 0.140 0.269 0.103
0.0 0.0 0.0 0.0 0.0 1.0 0.0 0.0 0.0 0.0 0.750 0.125 0.250 0.188 2.0 0.316 0.923 0.069
0.0 0.0 1.0 0.0 0.0 0.0 0.0 0.0 0.0 0.0 0.725 0.150 0.275 0.212 2.0 0.281 0.885 0.069
0.0 0.0 0.0 1.0 0.0 0.0 0.0 0.0 0.0 0.0 0.450 0.125 0.175 0.142 2.0 0.263 0.462 0.103
0.0 0.0 0.0 1.0 0.0 0.0 0.0 0.0 0.0 0.0 0.750 0.075 0.075 0.075 2.0 0.193 0.885 0.034
0.0 0.0 0.0 1.0 0.0 0.0 0.0 0.0 0.0 0.0 0.700 0.050 0.075 0.058 2.0 0.298 0.846 0.103
0.0 0.0 0.0 1.0 0.0 0.0 0.0 0.0 0.0 0.0 0.650 0.050 0.100 0.075 2.0 0.281 0.769 0.103
0.0 0.0 0.0 1.0 0.0 0.0 0.0 0.0 0.0 0.0 0.575 0.050 0.100 0.067 2.0 0.281 0.692 0.103
0.0 0.0 0.0 1.0 0.0 0.0 0.0 0.0 0.0 0.0 0.500 0.050 0.150 0.108 2.0 0.281 0.615 0.103
0.0 0.0 0.0 1.0 0.0 0.0 0.0 0.0 0.0 0.0 0.450 0.100 0.225 0.158 2.0 0.298 0.538 0.103
0.0 1.0 0.0 0.0 0.0 0.0 0.0 0.0 0.0 0.0 0.225 0.775 0.775 0.775 1.0 0.140 0.346 0.034
0.0 1.0 0.0 0.0 0.0 0.0 0.0 0.0 0.0 0.0 0.200 0.675 0.800 0.738 1.0 0.158 0.346 0.069
0.0 1.0 0.0 0.0 0.0 0.0 0.0 0.0 0.0 0.0 0.275 0.275 0.725 0.415 1.0 0.140 0.462 0.724
0.0 1.0 0.0 0.0 0.0 0.0 0.0 0.0 0.0 0.0 0.275 0.275 0.725 0.432 1.0 0.140 0.462 0.621
0.0 1.0 0.0 0.0 0.0 0.0 0.0 0.0 0.0 0.0 0.250 0.300 0.750 0.477 1.0 0.193 0.462 0.517
0.0 1.0 0.0 0.0 0.0 0.0 0.0 0.0 0.0 0.0 0.300 0.325 0.700 0.456 1.0 0.123 0.462 0.414
0.0 1.0 0.0 0.0 0.0 0.0 0.0 0.0 0.0 0.0 0.275 0.425 0.725 0.519 1.0 0.140 0.462 0.310
0.0 1.0 0.0 0.0 0.0 0.0 0.0 0.0 0.0 0.0 0.250 0.500 0.750 0.579 1.0 0.193 0.462 0.207
0.0 1.0 0.0 0.0 0.0 0.0 0.0 0.0 0.0 0.0 0.200 0.625 0.800 0.700 1.0 0.158 0.346 0.103
0.0 0.0 0.0 1.0 0.0 0.0 0.0 0.0 0.0 0.0 0.675 0.150 0.325 0.225 2.0 0.298 0.846 0.103
0.0 0.0 0.0 1.0 0.0 0.0 0.0 0.0 0.0 0.0 0.625 0.125 0.375 0.204 2.0 0.298 0.769 0.207
0.0 1.0 0.0 0.0 0.0 0.0 0.0 0.0 0.0 0.0 0.575 0.125 0.425 0.219 1.0 0.211 0.692 0.310
0.0 0.0 0.0 1.0 0.0 0.0 0.0 0.0 0.0 0.0 0.550 0.150 0.450 0.244 2.0 0.228 0.692 0.310
0.0 1.0 0.0 0.0 0.0 0.0 0.0 0.0 0.0 0.0 0.500 0.125 0.500 0.256 1.0 0.211 0.615 0.414
0.0 0.0 1.0 0.0 0.0 0.0 0.0 0.0 0.0 0.0 0.475 0.150 0.525 0.281 2.0 0.211 0.615 0.414
0.0 0.0 0.0 1.0 0.0 0.0 0.0 0.0 0.0 0.0 0.425 0.125 0.575 0.302 2.0 0.298 0.538 0.517
0.0 0.0 0.0 1.0 0.0 0.0 0.0 0.0 0.0 0.0 0.375 0.175 0.625 0.332 2.0 0.281 0.462 0.621
0.0 0.0 0.0 1.0 0.0 0.0 0.0 0.0 0.0 0.0 0.375 0.200 0.250 0.217 2.0 0.263 0.462 0.103
0.0 0.0 1.0 0.0 0.0 0.0 0.0 0.0 0.0 0.0 0.300 0.575 0.700 0.637 2.0 0.316 0.346 0.069
0.0 0.0 0.0 1.0 0.0 0.0 0.0 0.0 0.0 0.0 0.325 0.225 0.675 0.365 3.0 0.263 0.462 0.724
0.0 0.0 0.0 1.0 0.0 0.0 0.0 0.0 0.0 0.0 0.350 0.200 0.650 0.340 2.0 0.333 0.462 0.724
0.0 0.0 0.0 1.0 0.0 0.0 0.0 0.0 0.0 0.0 0.350 0.200 0.650 0.357 2.0 0.404 0.462 0.621
0.0 1.0 0.0 0.0 0.0 0.0 0.0 0.0 0.0 0.0 0.400 0.150 0.275 0.208 1.0 0.175 0.462 0.103
0.0 1.0 0.0 0.0 0.0 0.0 0.0 0.0 0.0 0.0 0.350 0.200 0.650 0.357 1.0 0.246 0.462 0.621
0.0 0.0 0.0 1.0 0.0 0.0 0.0 0.0 0.0 0.0 0.325 0.225 0.675 0.382 3.0 0.246 0.462 0.621
0.0 0.0 0.0 1.0 0.0 0.0 0.0 0.0 0.0 0.0 0.375 0.175 0.625 0.332 2.0 0.333 0.462 0.621
0.0 0.0 0.0 1.0 0.0 0.0 0.0 0.0 0.0 0.0 0.400 0.150 0.600 0.327 2.0 0.263 0.538 0.517
0.0 1.0 0.0 0.0 0.0 0.0 0.0 0.0 0.0 0.0 0.450 0.100 0.200 0.158 1.0 0.175 0.538 0.103
0.0 0.0 0.0 1.0 0.0 0.0 0.0 0.0 0.0 0.0 0.300 0.250 0.700 0.427 3.0 0.333 0.462 0.517
0.0 1.0 0.0 0.0 0.0 0.0 0.0 0.0 0.0 0.0 0.350 0.200 0.650 0.377 1.0 0.228 0.462 0.517
0.0 0.0 1.0 0.0 0.0 0.0 0.0 0.0 0.0 0.0 0.325 0.225 0.675 0.402 2.0 0.246 0.462 0.517
0.0 0.0 0.0 1.0 0.0 0.0 0.0 0.0 0.0 0.0 0.450 0.175 0.550 0.306 2.0 0.263 0.615 0.414
0.0 1.0 0.0 0.0 0.0 0.0 0.0 0.0 0.0 0.0 0.525 0.100 0.150 0.117 1.0 0.158 0.615 0.103
0.0 0.0 0.0 1.0 0.0 0.0 0.0 0.0 0.0 0.0 0.375 0.250 0.625 0.381 3.0 0.298 0.462 0.414
0.0 0.0 0.0 1.0 0.0 0.0 0.0 0.0 0.0 0.0 0.400 0.225 0.600 0.356 2.0 0.316 0.462 0.414
0.0 0.0 0.0 1.0 0.0 0.0 0.0 0.0 0.0 0.0 0.525 0.175 0.475 0.269 2.0 0.246 0.692 0.310
0.0 1.0 0.0 0.0 0.0 0.0 0.0 0.0 0.0 0.0 0.600 0.100 0.150 0.125 1.0 0.158 0.692 0.103
0.0 0.0 0.0 1.0 0.0 0.0 0.0 0.0 0.0 0.0 0.325 0.375 0.675 0.469 3.0 0.333 0.462 0.310
0.0 0.0 0.0 1.0 0.0 0.0 0.0 0.0 0.0 0.0 0.350 0.350 0.650 0.444 2.0 0.351 0.462 0.310
0.0 0.0 0.0 1.0 0.0 0.0 0.0 0.0 0.0 0.0 0.600 0.150 0.400 0.229 2.0 0.281 0.769 0.207
0.0 1.0 0.0 0.0 0.0 0.0 0.0 0.0 0.0 0.0 0.650 0.100 0.125 0.108 1.0 0.175 0.769 0.103
0.0 0.0 0.0 1.0 0.0 0.0 0.0 0.0 0.0 0.0 0.300 0.450 0.700 0.529 3.0 0.316 0.462 0.207
0.0 0.0 0.0 1.0 0.0 0.0 0.0 0.0 0.0 0.0 0.325 0.425 0.675 0.504 2.0 0.333 0.462 0.207
0.0 0.0 0.0 1.0 0.0 0.0 0.0 0.0 0.0 0.0 0.650 0.175 0.350 0.250 2.0 0.298 0.846 0.103
0.0 1.0 0.0 0.0 0.0 0.0 0.0 0.0 0.0 0.0 0.700 0.125 0.125 0.125 1.0 0.175 0.846 0.034
0.0 1.0 0.0 0.0 0.0 0.0 0.0 0.0 0.0 0.0 0.275 0.550 0.725 0.625 1.0 0.246 0.346 0.103
0.0 0.0 0.0 1.0 0.0 0.0 0.0 0.0 0.0 0.0 0.250 0.575 0.750 0.650 3.0 0.246 0.346 0.103
0.0 1.0 0.0 0.0 0.0 0.0 0.0 0.0 0.0 0.0 0.300 0.525 0.700 0.600 1.0 0.246 0.346 0.103
0.0 0.0 1.0 0.0 0.0 0.0 0.0 0.0 0.0 0.0 0.275 0.550 0.725 0.625 2.0 0.193 0.346 0.103
0.0 0.0 0.0 1.0 0.0 0.0 0.0 0.0 0.0 0.0 0.700 0.175 0.300 0.237 2.0 0.246 0.885 0.069
0.0 0.0 1.0 0.0 0.0 0.0 0.0 0.0 0.0 0.0 0.250 0.625 0.750 0.688 3.0 0.298 0.346 0.069
0.0 1.0 0.0 0.0 0.0 0.0 0.0 0.0 0.0 0.0 0.800 0.200 0.200 0.200 1.0 0.123 0.923 0.034
0.0 0.0 0.0 0.0 0.0 1.0 0.0 0.0 0.0 0.0 0.775 0.225 0.225 0.225 2.0 0.228 0.923 0.034
0.0 1.0 0.0 0.0 0.0 0.0 0.0 0.0 0.0 0.0 0.850 0.150 0.150 0.150 1.0 0.175 0.962 0.034
0.0 0.0 0.0 1.0 0.0 0.0 0.0 0.0 0.0 0.0 0.825 0.175 0.175 0.175 2.0 0.158 0.962 0.034
0.0 1.0 0.0 0.0 0.0 0.0 0.0 0.0 0.0 0.0 0.800 0.200 0.200 0.200 1.0 0.193 0.962 0.034
0.0 0.0 0.0 0.0 0.0 1.0 0.0 0.0 0.0 0.0 0.775 0.225 0.225 0.225 3.0 0.298 0.962 0.034
0.0 0.0 0.0 1.0 0.0 0.0 0.0 0.0 0.0 0.0 0.875 0.125 0.125 0.125 3.0 0.193 0.962 0.034
0.0 0.0 0.0 1.0 0.0 0.0 0.0 0.0 0.0 0.0 0.875 0.125 0.125 0.125 2.0 0.175 0.962 0.034
0.0 0.0 0.0 1.0 0.0 0.0 0.0 0.0 0.0 0.0 0.900 0.100 0.100 0.100 3.0 0.246 0.962 0.034
0.0 0.0 0.0 0.0 1.0 0.0 0.0 0.0 0.0 0.0 0.800 0.075 0.075 0.075 2.0 0.211 0.923 0.034
0.0 0.0 0.0 0.0 1.0 0.0 0.0 0.0 0.0 0.0 0.325 0.550 0.550 0.550 2.0 0.263 0.346 0.034
0.0 0.0 0.0 1.0 0.0 0.0 0.0 0.0 0.0 0.0 0.750 0.125 0.125 0.125 2.0 0.193 0.923 0.034
0.0 1.0 0.0 0.0 0.0 0.0 0.0 0.0 0.0 0.0 0.400 0.175 0.225 0.192 1.0 0.140 0.462 0.103
0.0 0.0 0.0 1.0 0.0 0.0 0.0 0.0 0.0 0.0 0.325 0.500 0.500 0.500 2.0 0.193 0.346 0.034
0.0 1.0 0.0 0.0 0.0 0.0 0.0 0.0 0.0 0.0 0.375 0.375 0.400 0.383 1.0 0.123 0.462 0.103
0.0 0.0 1.0 0.0 0.0 0.0 0.0 0.0 0.0 0.0 0.350 0.400 0.425 0.408 2.0 0.228 0.462 0.103
0.0 0.0 0.0 1.0 0.0 0.0 0.0 0.0 0.0 0.0 0.375 0.325 0.375 0.350 2.0 0.246 0.462 0.103
0.0 0.0 0.0 1.0 0.0 0.0 0.0 0.0 0.0 0.0 0.425 0.200 0.250 0.217 2.0 0.246 0.462 0.103
0.0 0.0 0.0 1.0 0.0 0.0 0.0 0.0 0.0 0.0 0.375 0.175 0.275 0.233 2.0 0.228 0.462 0.103
0.0 0.0 0.0 1.0 0.0 0.0 0.0 0.0 0.0 0.0 0.400 0.150 0.275 0.208 2.0 0.211 0.462 0.103
0.0 0.0 0.0 1.0 0.0 0.0 0.0 0.0 0.0 0.0 0.250 0.750 0.750 0.750 2.0 0.386 0.346 0.034
0.0 0.0 0.0 1.0 0.0 0.0 0.0 0.0 0.0 0.0 0.225 0.775 0.775 0.775 2.0 0.368 0.346 0.034
0.0 1.0 0.0 0.0 0.0 0.0 0.0 0.0 0.0 0.0 0.300 0.700 0.700 0.700 1.0 0.140 0.346 0.034
0.0 0.0 0.0 1.0 0.0 0.0 0.0 0.0 0.0 0.0 0.275 0.725 0.725 0.725 2.0 0.175 0.346 0.034
0.0 1.0 0.0 0.0 0.0 0.0 0.0 0.0 0.0 0.0 0.275 0.600 0.725 0.662 1.0 0.175 0.346 0.069
0.0 0.0 1.0 0.0 0.0 0.0 0.0 0.0 0.0 0.0 0.250 0.625 0.750 0.688 2.0 0.158 0.346 0.069
0.0 0.0 0.0 1.0 0.0 0.0 0.0 0.0 0.0 0.0 0.225 0.650 0.775 0.713 2.0 0.404 0.346 0.069
0.0 1.0 0.0 0.0 0.0 0.0 0.0 0.0 0.0 0.0 0.225 0.650 0.775 0.713 1.0 0.193 0.346 0.069
0.0 0.0 1.0 0.0 0.0 0.0 0.0 0.0 0.0 0.0 0.200 0.675 0.800 0.738 2.0 0.333 0.346 0.069
0.0 0.0 0.0 1.0 0.0 0.0 0.0 0.0 0.0 0.0 0.300 0.250 0.700 0.390 2.0 0.386 0.462 0.724
0.0 1.0 0.0 0.0 0.0 0.0 0.0 0.0 0.0 0.0 0.300 0.250 0.700 0.390 1.0 0.193 0.462 0.724
0.0 0.0 1.0 0.0 0.0 0.0 0.0 0.0 0.0 0.0 0.275 0.275 0.725 0.415 2.0 0.316 0.462 0.724
0.0 0.0 0.0 1.0 0.0 0.0 0.0 0.0 0.0 0.0 0.325 0.225 0.675 0.365 2.0 0.193 0.462 0.724
0.0 0.0 0.0 1.0 0.0 0.0 0.0 0.0 0.0 0.0 0.300 0.250 0.700 0.407 2.0 0.386 0.462 0.621
0.0 0.0 0.0 1.0 0.0 0.0 0.0 0.0 0.0 0.0 0.275 0.275 0.725 0.432 2.0 0.368 0.462 0.621
0.0 1.0 0.0 0.0 0.0 0.0 0.0 0.0 0.0 0.0 0.350 0.200 0.650 0.357 1.0 0.158 0.462 0.621
0.0 0.0 1.0 0.0 0.0 0.0 0.0 0.0 0.0 0.0 0.325 0.225 0.675 0.382 2.0 0.175 0.462 0.621
0.0 0.0 0.0 1.0 0.0 0.0 0.0 0.0 0.0 0.0 0.275 0.275 0.725 0.452 2.0 0.421 0.462 0.517
0.0 0.0 0.0 1.0 0.0 0.0 0.0 0.0 0.0 0.0 0.250 0.300 0.750 0.477 2.0 0.456 0.462 0.517
0.0 0.0 0.0 1.0 0.0 0.0 0.0 0.0 0.0 0.0 0.300 0.250 0.700 0.427 2.0 0.193 0.462 0.517
0.0 1.0 0.0 0.0 0.0 0.0 0.0 0.0 0.0 0.0 0.350 0.275 0.650 0.406 1.0 0.211 0.462 0.414
0.0 0.0 1.0 0.0 0.0 0.0 0.0 0.0 0.0 0.0 0.325 0.300 0.675 0.431 2.0 0.333 0.462 0.414
0.0 1.0 0.0 0.0 0.0 0.0 0.0 0.0 0.0 0.0 0.325 0.300 0.675 0.431 1.0 0.211 0.462 0.414
0.0 0.0 0.0 1.0 0.0 0.0 0.0 0.0 0.0 0.0 0.300 0.325 0.700 0.456 2.0 0.316 0.462 0.414
0.0 0.0 0.0 1.0 0.0 0.0 0.0 0.0 0.0 0.0 0.375 0.250 0.625 0.381 2.0 0.193 0.462 0.414
0.0 0.0 0.0 1.0 0.0 0.0 0.0 0.0 0.0 0.0 0.300 0.400 0.700 0.494 2.0 0.421 0.462 0.310
0.0 0.0 0.0 1.0 0.0 0.0 0.0 0.0 0.0 0.0 0.275 0.425 0.725 0.519 2.0 0.404 0.462 0.310
0.0 0.0 0.0 1.0 0.0 0.0 0.0 0.0 0.0 0.0 0.325 0.375 0.675 0.469 2.0 0.228 0.462 0.310
0.0 0.0 0.0 1.0 0.0 0.0 0.0 0.0 0.0 0.0 0.275 0.475 0.725 0.554 2.0 0.421 0.462 0.207
0.0 1.0 0.0 0.0 0.0 0.0 0.0 0.0 0.0 0.0 0.275 0.475 0.725 0.554 1.0 0.211 0.462 0.207
0.0 0.0 0.0 1.0 0.0 0.0 0.0 0.0 0.0 0.0 0.250 0.500 0.750 0.579 2.0 0.368 0.462 0.207
0.0 0.0 0.0 1.0 0.0 0.0 0.0 0.0 0.0 0.0 0.300 0.450 0.700 0.529 2.0 0.211 0.462 0.207
0.0 0.0 0.0 1.0 0.0 0.0 0.0 0.0 0.0 0.0 0.225 0.600 0.775 0.675 2.0 0.386 0.346 0.103
0.0 0.0 0.0 1.0 0.0 0.0 0.0 0.0 0.0 0.0 0.200 0.625 0.800 0.700 2.0 0.386 0.346 0.103
0.0 0.0 0.0 1.0 0.0 0.0 0.0 0.0 0.0 0.0 0.250 0.575 0.750 0.650 2.0 0.193 0.346 0.103
0.0 0.0 0.0 1.0 0.0 0.0 0.0 0.0 0.0 0.0 0.700 0.125 0.125 0.125 2.0 0.211 0.885 0.034
0.0 0.0 0.0 1.0 0.0 0.0 0.0 0.0 0.0 0.0 0.725 0.100 0.100 0.100 3.0 0.228 0.885 0.034
0.0 0.0 0.0 1.0 0.0 0.0 0.0 0.0 0.0 0.0 0.650 0.100 0.125 0.108 2.0 0.228 0.846 0.103
0.0 0.0 0.0 1.0 0.0 0.0 0.0 0.0 0.0 0.0 0.675 0.075 0.100 0.083 3.0 0.316 0.846 0.103
0.0 1.0 0.0 0.0 0.0 0.0 0.0 0.0 0.0 0.0 0.625 0.075 0.125 0.100 1.0 0.158 0.769 0.103
0.0 0.0 0.0 1.0 0.0 0.0 0.0 0.0 0.0 0.0 0.600 0.100 0.150 0.125 2.0 0.175 0.769 0.103
0.0 0.0 0.0 1.0 0.0 0.0 0.0 0.0 0.0 0.0 0.625 0.075 0.125 0.100 3.0 0.316 0.769 0.103
0.0 1.0 0.0 0.0 0.0 0.0 0.0 0.0 0.0 0.0 0.550 0.075 0.125 0.092 1.0 0.158 0.692 0.103
0.0 0.0 1.0 0.0 0.0 0.0 0.0 0.0 0.0 0.0 0.525 0.100 0.150 0.117 2.0 0.175 0.692 0.103
0.0 0.0 0.0 1.0 0.0 0.0 0.0 0.0 0.0 0.0 0.550 0.075 0.125 0.092 3.0 0.316 0.692 0.103
0.0 1.0 0.0 0.0 0.0 0.0 0.0 0.0 0.0 0.0 0.475 0.075 0.175 0.133 1.0 0.158 0.615 0.103
0.0 0.0 0.0 1.0 0.0 0.0 0.0 0.0 0.0 0.0 0.450 0.100 0.200 0.158 2.0 0.193 0.615 0.103
0.0 0.0 0.0 1.0 0.0 0.0 0.0 0.0 0.0 0.0 0.475 0.075 0.175 0.133 3.0 0.298 0.615 0.103
0.0 0.0 0.0 1.0 0.0 0.0 0.0 0.0 0.0 0.0 0.425 0.125 0.250 0.183 2.0 0.246 0.538 0.103
0.0 0.0 0.0 1.0 0.0 0.0 0.0 0.0 0.0 0.0 0.425 0.125 0.250 0.183 3.0 0.281 0.538 0.103
0.0 1.0 0.0 0.0 0.0 0.0 0.0 0.0 0.0 0.0 0.425 0.150 0.200 0.167 1.0 0.158 0.462 0.103
0.0 0.0 1.0 0.0 0.0 0.0 0.0 0.0 0.0 0.0 0.400 0.175 0.225 0.192 2.0 0.351 0.462 0.103
0.0 0.0 0.0 1.0 0.0 0.0 0.0 0.0 0.0 0.0 0.425 0.150 0.200 0.167 2.0 0.333 0.462 0.103
0.0 1.0 0.0 0.0 0.0 0.0 0.0 0.0 0.0 0.0 0.775 0.100 0.100 0.100 1.0 0.158 0.923 0.034
0.0 0.0 0.0 1.0 0.0 0.0 0.0 0.0 0.0 0.0 0.475 0.075 0.525 0.207 2.0 0.667 0.923 0.793
0.0 1.0 0.0 0.0 0.0 0.0 0.0 0.0 0.0 0.0 0.225 0.325 0.775 0.457 1.0 0.158 0.385 0.793
0.0 1.0 0.0 0.0 0.0 0.0 0.0 0.0 0.0 0.0 0.250 0.300 0.750 0.432 1.0 0.175 0.423 0.793
0.0 1.0 0.0 0.0 0.0 0.0 0.0 0.0 0.0 0.0 0.250 0.300 0.750 0.432 1.0 0.175 0.385 0.793
0.0 1.0 0.0 0.0 0.0 0.0 0.0 0.0 0.0 0.0 0.250 0.300 0.750 0.432 1.0 0.175 0.423 0.793
0.0 1.0 0.0 0.0 0.0 0.0 0.0 0.0 0.0 0.0 0.225 0.325 0.775 0.457 1.0 0.158 0.385 0.793
0.0 1.0 0.0 0.0 0.0 0.0 0.0 0.0 0.0 0.0 0.050 0.500 0.950 0.632 1.0 0.123 0.077 0.793
0.0 1.0 0.0 0.0 0.0 0.0 0.0 0.0 0.0 0.0 0.125 0.425 0.875 0.557 1.0 0.140 0.154 0.793
0.0 1.0 0.0 0.0 0.0 0.0 0.0 0.0 0.0 0.0 0.050 0.500 0.950 0.632 1.0 0.175 0.077 0.793
0.0 1.0 0.0 0.0 0.0 0.0 0.0 0.0 0.0 0.0 0.125 0.425 0.875 0.557 1.0 0.211 0.154 0.793
0.0 1.0 0.0 0.0 0.0 0.0 0.0 0.0 0.0 0.0 0.250 0.300 0.750 0.432 1.0 0.158 0.423 0.793
0.0 0.0 0.0 1.0 0.0 0.0 0.0 0.0 0.0 0.0 0.250 0.300 0.750 0.432 2.0 0.211 0.423 0.793
0.0 0.0 0.0 1.0 0.0 0.0 0.0 0.0 0.0 0.0 0.275 0.275 0.725 0.407 3.0 0.246 0.500 0.793
0.0 0.0 0.0 0.0 1.0 0.0 0.0 0.0 0.0 0.0 0.250 0.300 0.750 0.432 2.0 0.211 0.423 0.793
0.0 0.0 0.0 1.0 0.0 0.0 0.0 0.0 0.0 0.0 0.275 0.275 0.725 0.407 2.0 0.175 0.423 0.793
0.0 0.0 0.0 1.0 0.0 0.0 0.0 0.0 0.0 0.0 0.300 0.250 0.700 0.382 3.0 0.263 0.577 0.793
0.0 1.0 0.0 0.0 0.0 0.0 0.0 0.0 0.0 0.0 0.300 0.250 0.700 0.382 1.0 0.140 0.423 0.793
0.0 0.0 0.0 0.0 1.0 0.0 0.0 0.0 0.0 0.0 0.275 0.275 0.725 0.407 2.0 0.140 0.423 0.793
0.0 0.0 0.0 1.0 0.0 0.0 0.0 0.0 0.0 0.0 0.275 0.275 0.725 0.407 2.0 0.211 0.423 0.793
0.0 0.0 0.0 1.0 0.0 0.0 0.0 0.0 0.0 0.0 0.325 0.225 0.675 0.357 3.0 0.246 0.654 0.793
0.0 0.0 0.0 0.0 1.0 0.0 0.0 0.0 0.0 0.0 0.275 0.275 0.725 0.407 2.0 0.211 0.423 0.793
0.0 0.0 0.0 1.0 0.0 0.0 0.0 0.0 0.0 0.0 0.275 0.275 0.725 0.407 2.0 0.211 0.423 0.793
0.0 0.0 0.0 1.0 0.0 0.0 0.0 0.0 0.0 0.0 0.350 0.200 0.650 0.332 3.0 0.263 0.731 0.793
0.0 0.0 0.0 0.0 1.0 0.0 0.0 0.0 0.0 0.0 0.275 0.275 0.725 0.407 2.0 0.211 0.423 0.793
0.0 0.0 0.0 1.0 0.0 0.0 0.0 0.0 0.0 0.0 0.250 0.300 0.750 0.432 2.0 0.211 0.423 0.793
0.0 0.0 0.0 1.0 0.0 0.0 0.0 0.0 0.0 0.0 0.375 0.175 0.625 0.307 3.0 0.263 0.808 0.793
0.0 0.0 0.0 0.0 1.0 0.0 0.0 0.0 0.0 0.0 0.250 0.300 0.750 0.432 2.0 0.211 0.423 0.793
0.0 0.0 0.0 1.0 0.0 0.0 0.0 0.0 0.0 0.0 0.125 0.425 0.875 0.557 2.0 0.175 0.154 0.793
0.0 0.0 0.0 1.0 0.0 0.0 0.0 0.0 0.0 0.0 0.400 0.150 0.600 0.282 3.0 0.263 0.846 0.793
0.0 0.0 0.0 0.0 1.0 0.0 0.0 0.0 0.0 0.0 0.125 0.425 0.875 0.557 2.0 0.175 0.154 0.793
0.0 0.0 0.0 1.0 0.0 0.0 0.0 0.0 0.0 0.0 0.150 0.400 0.850 0.532 2.0 0.158 0.154 0.793
0.0 0.0 0.0 1.0 0.0 0.0 0.0 0.0 0.0 0.0 0.425 0.125 0.575 0.257 3.0 0.281 0.885 0.793
0.0 1.0 0.0 0.0 0.0 0.0 0.0 0.0 0.0 0.0 0.175 0.375 0.825 0.507 1.0 0.158 0.154 0.793
0.0 0.0 0.0 0.0 0.0 1.0 0.0 0.0 0.0 0.0 0.150 0.400 0.850 0.532 2.0 0.123 0.154 0.793
0.0 0.0 0.0 1.0 0.0 0.0 0.0 0.0 0.0 0.0 0.450 0.100 0.550 0.232 4.0 0.351 0.923 0.793
0.0 0.0 0.0 1.0 0.0 0.0 0.0 0.0 0.0 0.0 0.175 0.375 0.825 0.507 3.0 0.263 0.154 0.793
0.0 0.0 0.0 0.0 1.0 0.0 0.0 0.0 0.0 0.0 0.150 0.400 0.850 0.532 2.0 0.193 0.154 0.793
0.0 0.0 0.0 0.0 1.0 0.0 0.0 0.0 0.0 0.0 0.125 0.425 0.875 0.557 2.0 0.211 0.154 0.793
0.0 0.0 0.0 0.0 1.0 0.0 0.0 0.0 0.0 0.0 0.150 0.400 0.850 0.532 2.0 0.228 0.154 0.793
