0.0 0.0 0.0 1.0 0.0 0.0 0.0 0.0 0.0 0.0 0.158 0.000 0.000 0.000 2.0 0.075 0.075 0.000
0.0 0.0 0.0 1.0 0.0 0.0 0.0 0.0 1.0 0.0 0.132 0.000 0.000 0.000 2.0 0.149 0.060 0.000
0.0 0.0 0.0 1.0 0.0 0.0 0.0 0.0 1.0 0.0 0.105 0.000 0.000 0.000 2.0 0.179 0.060 0.000
0.0 0.0 0.0 1.0 0.0 0.0 0.0 0.0 0.0 0.0 0.158 0.000 0.000 0.000 2.0 0.075 0.075 0.000
0.0 0.0 0.0 1.0 0.0 0.0 0.0 0.0 1.0 0.0 0.132 0.000 0.000 0.000 2.0 0.149 0.060 0.000
0.0 0.0 0.0 1.0 0.0 0.0 0.0 0.0 1.0 0.0 0.105 0.000 0.000 0.000 2.0 0.179 0.060 0.000
0.0 0.0 0.0 1.0 0.0 0.0 0.0 0.0 0.0 0.0 0.158 0.000 0.000 0.000 2.0 0.090 0.090 0.000
0.0 0.0 0.0 1.0 0.0 0.0 0.0 0.0 1.0 0.0 0.105 0.000 0.000 0.000 2.0 0.179 0.060 0.000
0.0 0.0 0.0 1.0 0.0 0.0 0.0 0.0 0.0 0.0 0.132 0.000 0.000 0.000 2.0 0.254 0.075 0.000
0.0 0.0 0.0 1.0 0.0 0.0 0.0 0.0 0.0 0.0 0.158 0.000 0.000 0.000 2.0 0.075 0.075 0.000
0.0 0.0 0.0 1.0 0.0 0.0 0.0 0.0 1.0 0.0 0.132 0.000 0.000 0.000 2.0 0.149 0.060 0.000
0.0 0.0 0.0 1.0 0.0 0.0 0.0 0.0 1.0 0.0 0.105 0.000 0.000 0.000 2.0 0.179 0.060 0.000
0.0 0.0 0.0 1.0 0.0 0.0 0.0 0.0 0.0 0.0 0.158 0.000 0.000 0.000 2.0 0.090 0.090 0.000
0.0 0.0 0.0 1.0 0.0 0.0 0.0 0.0 1.0 0.0 0.105 0.000 0.000 0.000 2.0 0.179 0.060 0.000
0.0 0.0 0.0 1.0 0.0 0.0 0.0 0.0 0.0 0.0 0.132 0.000 0.000 0.000 2.0 0.209 0.075 0.000
0.0 0.0 0.0 1.0 0.0 0.0 0.0 0.0 0.0 1.0 0.158 0.000 0.000 0.000 2.0 0.075 0.075 0.333
0.0 0.0 0.0 1.0 0.0 0.0 0.0 0.0 1.0 0.0 0.132 0.026 0.026 0.026 2.0 0.149 0.060 0.333
0.0 1.0 0.0 0.0 0.0 0.0 0.0 0.0 0.0 0.0 0.105 0.053 0.053 0.053 1.0 0.358 0.045 0.333
0.0 0.0 0.0 1.0 0.0 0.0 0.0 0.0 1.0 0.0 0.105 0.053 0.053 0.053 2.0 0.179 0.060 0.333
0.0 0.0 0.0 1.0 0.0 0.0 0.0 0.0 0.0 0.0 0.868 0.000 0.000 0.000 3.0 0.119 0.776 0.000
0.0 0.0 0.0 1.0 0.0 0.0 0.0 0.0 1.0 0.0 0.132 0.000 0.000 0.000 2.0 0.239 0.104 0.000
0.0 0.0 0.0 1.0 0.0 0.0 0.0 0.0 0.0 0.0 0.842 0.000 0.000 0.000 2.0 0.269 0.761 0.000
0.0 0.0 0.0 1.0 0.0 0.0 0.0 0.0 1.0 0.0 0.816 0.000 0.000 0.000 2.0 0.194 0.642 0.000
0.0 0.0 0.0 1.0 0.0 0.0 0.0 0.0 0.0 0.0 0.895 0.000 0.000 0.000 3.0 0.104 0.791 0.000
0.0 1.0 0.0 0.0 0.0 0.0 0.0 0.0 0.0 0.0 0.868 0.000 0.000 0.000 2.0 0.104 0.776 0.000
0.0 0.0 0.0 1.0 0.0 0.0 0.0 0.0 0.0 0.0 0.842 0.000 0.000 0.000 2.0 0.254 0.761 0.000
0.0 0.0 0.0 1.0 0.0 0.0 0.0 0.0 1.0 0.0 0.816 0.000 0.000 0.000 2.0 0.194 0.642 0.000
0.0 0.0 0.0 1.0 0.0 0.0 0.0 0.0 1.0 0.0 0.132 0.000 0.000 0.000 2.0 0.239 0.104 0.000
0.0 0.0 0.0 1.0 0.0 0.0 0.0 0.0 0.0 0.0 0.868 0.000 0.000 0.000 3.0 0.119 0.836 0.000
0.0 0.0 0.0 1.0 0.0 0.0 0.0 0.0 1.0 0.0 0.132 0.000 0.000 0.000 2.0 0.239 0.104 0.000
0.0 0.0 0.0 1.0 0.0 0.0 0.0 0.0 0.0 0.0 0.842 0.000 0.000 0.000 2.0 0.254 0.821 0.000
0.0 0.0 0.0 1.0 0.0 0.0 0.0 0.0 1.0 0.0 0.816 0.000 0.000 0.000 2.0 0.194 0.642 0.000
0.0 0.0 0.0 1.0 0.0 0.0 0.0 0.0 0.0 0.0 0.868 0.000 0.000 0.000 3.0 0.119 0.851 0.000
0.0 0.0 0.0 1.0 0.0 0.0 0.0 0.0 1.0 0.0 0.132 0.000 0.000 0.000 2.0 0.239 0.104 0.000
0.0 0.0 0.0 1.0 0.0 0.0 0.0 0.0 0.0 0.0 0.842 0.000 0.000 0.000 2.0 0.269 0.836 0.000
0.0 0.0 0.0 1.0 0.0 0.0 0.0 0.0 1.0 0.0 0.816 0.000 0.000 0.000 2.0 0.194 0.642 0.000
0.0 0.0 0.0 1.0 0.0 0.0 0.0 0.0 0.0 1.0 0.868 0.000 0.000 0.000 3.0 0.119 0.896 0.333
0.0 0.0 0.0 1.0 0.0 0.0 0.0 0.0 1.0 0.0 0.132 0.737 0.737 0.737 2.0 0.239 0.104 0.333
0.0 0.0 0.0 1.0 0.0 0.0 0.0 0.0 0.0 0.0 0.842 0.026 0.026 0.026 2.0 0.269 0.881 0.333
0.0 0.0 0.0 1.0 0.0 0.0 0.0 0.0 1.0 0.0 0.816 0.053 0.053 0.053 2.0 0.194 0.642 0.333
0.0 1.0 0.0 0.0 0.0 0.0 0.0 0.0 0.0 0.0 0.895 0.000 0.000 0.000 2.0 0.075 0.955 0.000
0.0 0.0 0.0 1.0 0.0 0.0 0.0 0.0 0.0 0.0 0.868 0.000 0.000 0.000 3.0 0.134 0.940 0.000
0.0 0.0 0.0 1.0 0.0 0.0 0.0 0.0 1.0 0.0 0.132 0.000 0.000 0.000 2.0 0.254 0.104 0.000
0.0 0.0 0.0 1.0 0.0 0.0 0.0 0.0 0.0 0.0 0.842 0.000 0.000 0.000 2.0 0.284 0.925 0.000
0.0 0.0 0.0 0.0 0.0 1.0 0.0 0.0 0.0 0.0 0.816 0.053 0.053 0.053 3.0 0.567 0.657 0.333
0.0 0.0 0.0 1.0 0.0 0.0 0.0 0.0 1.0 0.0 0.816 0.000 0.000 0.000 2.0 0.209 0.642 0.000
0.0 0.0 0.0 0.0 0.0 1.0 0.0 0.0 0.0 0.0 0.789 0.079 0.079 0.079 3.0 0.478 0.642 0.333
0.0 0.0 0.0 1.0 0.0 0.0 0.0 0.0 0.0 0.0 0.921 0.000 0.000 0.000 4.0 0.149 0.746 0.000
0.0 0.0 0.0 1.0 0.0 0.0 0.0 0.0 1.0 0.0 0.895 0.000 0.000 0.000 2.0 0.134 0.642 0.000
0.0 0.0 0.0 1.0 0.0 0.0 0.0 0.0 1.0 0.0 0.895 0.000 0.000 0.000 2.0 0.149 0.642 0.000
0.0 0.0 0.0 1.0 0.0 0.0 0.0 0.0 0.0 0.0 0.895 0.000 0.000 0.000 2.0 0.313 0.746 0.000
0.0 0.0 0.0 1.0 0.0 0.0 0.0 0.0 1.0 0.0 0.868 0.000 0.000 0.000 2.0 0.239 0.642 0.000
0.0 0.0 0.0 1.0 0.0 0.0 0.0 0.0 0.0 0.0 0.947 0.000 0.000 0.000 3.0 0.149 0.761 0.000
0.0 0.0 0.0 0.0 0.0 1.0 0.0 0.0 0.0 0.0 0.921 0.000 0.000 0.000 3.0 0.179 0.657 0.000
0.0 0.0 0.0 0.0 0.0 1.0 0.0 0.0 0.0 0.0 0.868 0.000 0.000 0.000 2.0 0.209 0.642 0.000
0.0 0.0 0.0 0.0 0.0 1.0 0.0 0.0 0.0 0.0 0.868 0.000 0.000 0.000 2.0 0.254 0.642 0.000
0.0 0.0 1.0 0.0 0.0 0.0 0.0 0.0 1.0 0.0 0.895 0.000 0.000 0.000 2.0 0.164 0.657 0.000
0.0 0.0 0.0 1.0 0.0 0.0 0.0 0.0 0.0 0.0 0.895 0.000 0.000 0.000 2.0 0.299 0.746 0.000
0.0 0.0 0.0 1.0 0.0 0.0 0.0 0.0 1.0 0.0 0.868 0.000 0.000 0.000 2.0 0.224 0.642 0.000
0.0 0.0 0.0 1.0 0.0 0.0 0.0 0.0 0.0 0.0 0.974 0.000 0.000 0.000 3.0 0.134 0.836 0.000
0.0 0.0 0.0 0.0 0.0 1.0 0.0 0.0 0.0 0.0 0.947 0.000 0.000 0.000 3.0 0.194 0.657 0.000
0.0 0.0 0.0 0.0 0.0 1.0 0.0 0.0 0.0 0.0 0.868 0.000 0.000 0.000 2.0 0.209 0.642 0.000
0.0 0.0 0.0 0.0 0.0 1.0 0.0 0.0 0.0 0.0 0.868 0.000 0.000 0.000 2.0 0.239 0.642 0.000
0.0 0.0 0.0 0.0 0.0 1.0 0.0 0.0 0.0 0.0 0.921 0.000 0.000 0.000 2.0 0.149 0.657 0.000
0.0 1.0 0.0 0.0 0.0 0.0 0.0 0.0 1.0 0.0 0.026 0.000 0.000 0.000 1.0 0.104 0.015 0.000
0.0 0.0 0.0 1.0 0.0 0.0 0.0 0.0 1.0 0.0 0.868 0.000 0.000 0.000 2.0 0.224 0.642 0.000
0.0 1.0 0.0 0.0 0.0 0.0 0.0 0.0 0.0 0.0 0.921 0.000 0.000 0.000 2.0 0.104 0.821 0.000
0.0 0.0 1.0 0.0 0.0 0.0 0.0 0.0 0.0 0.0 0.895 0.000 0.000 0.000 2.0 0.269 0.806 0.000
0.0 0.0 0.0 1.0 0.0 0.0 0.0 0.0 0.0 0.0 0.974 0.000 0.000 0.000 3.0 0.149 0.836 0.000
0.0 0.0 0.0 0.0 0.0 1.0 0.0 0.0 0.0 0.0 0.947 0.000 0.000 0.000 3.0 0.179 0.657 0.000
0.0 0.0 1.0 0.0 0.0 0.0 0.0 0.0 1.0 0.0 0.895 0.000 0.000 0.000 2.0 0.149 0.642 0.000
0.0 0.0 0.0 0.0 0.0 1.0 0.0 0.0 0.0 0.0 0.868 0.000 0.000 0.000 2.0 0.269 0.642 0.000
0.0 0.0 0.0 0.0 0.0 1.0 0.0 0.0 0.0 0.0 0.921 0.000 0.000 0.000 2.0 0.149 0.657 0.000
0.0 1.0 0.0 0.0 0.0 0.0 0.0 0.0 0.0 0.0 0.895 0.000 0.000 0.000 1.0 0.194 0.657 0.000
0.0 1.0 0.0 0.0 0.0 0.0 0.0 0.0 1.0 0.0 0.026 0.000 0.000 0.000 1.0 0.104 0.015 0.000
0.0 0.0 0.0 1.0 0.0 0.0 0.0 0.0 0.0 0.0 0.895 0.000 0.000 0.000 2.0 0.299 0.821 0.000
0.0 0.0 0.0 1.0 0.0 0.0 0.0 0.0 1.0 0.0 0.868 0.000 0.000 0.000 2.0 0.224 0.642 0.000
0.0 0.0 0.0 1.0 0.0 0.0 0.0 0.0 0.0 0.0 0.974 0.000 0.000 0.000 4.0 0.149 0.896 0.000
0.0 0.0 0.0 1.0 0.0 0.0 0.0 0.0 1.0 0.0 0.895 0.000 0.000 0.000 2.0 0.134 0.642 0.000
0.0 0.0 0.0 1.0 0.0 0.0 0.0 0.0 0.0 0.0 0.895 0.000 0.000 0.000 2.0 0.313 0.866 0.000
0.0 0.0 0.0 1.0 0.0 0.0 0.0 0.0 1.0 0.0 0.868 0.000 0.000 0.000 2.0 0.239 0.642 0.000
0.0 1.0 0.0 0.0 0.0 0.0 0.0 0.0 0.0 0.0 0.947 0.000 0.000 0.000 2.0 0.119 0.672 0.000
0.0 0.0 0.0 1.0 0.0 0.0 0.0 0.0 0.0 0.0 0.921 0.000 0.000 0.000 2.0 0.104 0.657 0.000
0.0 0.0 0.0 1.0 0.0 0.0 0.0 0.0 1.0 0.0 0.895 0.000 0.000 0.000 2.0 0.134 0.642 0.000
0.0 0.0 0.0 1.0 0.0 0.0 0.0 0.0 1.0 0.0 0.895 0.000 0.000 0.000 2.0 0.149 0.657 0.000
0.0 1.0 0.0 0.0 0.0 0.0 0.0 0.0 0.0 0.0 0.974 0.000 0.000 0.000 2.0 0.075 0.940 0.000
0.0 0.0 0.0 0.0 0.0 1.0 0.0 0.0 0.0 0.0 0.947 0.000 0.000 0.000 3.0 0.149 0.925 0.000
0.0 0.0 1.0 0.0 0.0 0.0 0.0 0.0 1.0 0.0 0.895 0.000 0.000 0.000 2.0 0.164 0.657 0.000
0.0 0.0 1.0 0.0 0.0 0.0 0.0 0.0 1.0 0.0 0.895 0.000 0.000 0.000 2.0 0.149 0.642 0.000
0.0 1.0 0.0 0.0 0.0 0.0 0.0 0.0 0.0 0.0 0.868 0.000 0.000 0.000 1.0 0.239 0.642 0.000
0.0 0.0 0.0 1.0 0.0 0.0 0.0 0.0 0.0 0.0 0.842 0.000 0.000 0.000 4.0 0.463 0.642 0.000
0.0 0.0 0.0 1.0 0.0 0.0 0.0 0.0 0.0 0.0 0.921 0.000 0.000 0.000 3.0 0.179 0.910 0.000
0.0 0.0 0.0 1.0 0.0 0.0 0.0 0.0 1.0 0.0 0.895 0.000 0.000 0.000 2.0 0.134 0.642 0.000
0.0 1.0 0.0 0.0 0.0 0.0 0.0 0.0 0.0 0.0 0.868 0.000 0.000 0.000 1.0 0.209 0.642 0.000
0.0 0.0 0.0 1.0 0.0 0.0 0.0 0.0 0.0 0.0 0.842 0.000 0.000 0.000 3.0 0.418 0.642 0.000
0.0 0.0 0.0 1.0 0.0 0.0 0.0 0.0 1.0 0.0 0.868 0.000 0.000 0.000 2.0 0.239 0.642 0.000
0.0 0.0 0.0 1.0 0.0 0.0 0.0 0.0 0.0 0.0 0.895 0.000 0.000 0.000 2.0 0.313 0.910 0.000
0.0 0.0 0.0 1.0 0.0 0.0 0.0 0.0 0.0 0.0 0.921 0.000 0.000 0.000 3.0 0.119 0.985 0.000
0.0 0.0 0.0 1.0 0.0 0.0 0.0 0.0 1.0 0.0 0.868 0.000 0.000 0.000 2.0 0.224 0.642 0.000
0.0 0.0 0.0 1.0 0.0 0.0 0.0 0.0 0.0 0.0 0.895 0.000 0.000 0.000 2.0 0.269 0.970 0.000
0.0 0.0 0.0 1.0 0.0 0.0 0.0 0.0 0.0 0.0 0.868 0.000 0.000 0.000 2.0 0.179 0.776 0.000
0.0 0.0 0.0 1.0 0.0 0.0 0.0 0.0 0.0 0.0 0.842 0.000 0.000 0.000 4.0 0.269 0.776 0.000
1.0 0.0 0.0 0.0 0.0 0.0 0.0 0.0 0.0 0.0 0.816 0.000 0.000 0.000 2.0 0.164 0.716 0.000
0.0 1.0 0.0 0.0 0.0 0.0 0.0 0.0 0.0 0.0 0.816 0.000 0.000 0.000 2.0 0.164 0.716 0.000
0.0 1.0 0.0 0.0 0.0 0.0 0.0 0.0 0.0 0.0 0.816 0.000 0.000 0.000 3.0 0.194 0.776 0.000
0.0 1.0 0.0 0.0 0.0 0.0 0.0 0.0 0.0 0.0 0.395 0.000 0.000 0.000 3.0 0.224 0.284 0.000
0.0 0.0 0.0 1.0 0.0 0.0 0.0 0.0 1.0 0.0 0.895 0.000 0.000 0.000 2.0 0.149 0.657 0.000
0.0 1.0 0.0 0.0 0.0 0.0 0.0 0.0 0.0 0.0 0.868 0.000 0.000 0.000 2.0 0.239 0.657 0.000
0.0 0.0 0.0 1.0 0.0 0.0 0.0 0.0 1.0 0.0 0.842 0.000 0.000 0.000 4.0 0.358 0.642 0.000
0.0 1.0 0.0 0.0 0.0 0.0 0.0 0.0 0.0 0.0 1.000 0.000 0.000 0.000 2.0 0.060 0.985 0.000
0.0 0.0 0.0 1.0 0.0 0.0 0.0 0.0 0.0 0.0 0.974 0.000 0.000 0.000 2.0 0.119 0.970 0.000
0.0 0.0 0.0 1.0 0.0 0.0 0.0 0.0 0.0 0.0 0.947 0.000 0.000 0.000 3.0 0.328 0.970 0.000
0.0 0.0 0.0 1.0 0.0 0.0 0.0 0.0 0.0 0.0 0.842 0.000 0.000 0.000 3.0 0.254 0.776 0.000
0.0 0.0 0.0 1.0 0.0 0.0 0.0 0.0 0.0 0.0 0.395 0.000 0.000 0.000 2.0 0.224 0.254 0.000
0.0 0.0 0.0 1.0 0.0 0.0 0.0 0.0 0.0 0.0 0.921 0.000 0.000 0.000 2.0 0.179 0.791 0.000
0.0 1.0 0.0 0.0 0.0 0.0 0.0 0.0 0.0 0.0 0.895 0.000 0.000 0.000 2.0 0.119 0.791 0.000
0.0 0.0 0.0 1.0 0.0 0.0 0.0 0.0 1.0 0.0 0.868 0.000 0.000 0.000 2.0 0.224 0.642 0.000
0.0 1.0 0.0 0.0 0.0 0.0 0.0 0.0 0.0 0.0 1.000 0.000 0.000 0.000 2.0 0.060 1.000 0.000
0.0 0.0 0.0 1.0 0.0 0.0 0.0 0.0 0.0 0.0 0.974 0.000 0.000 0.000 2.0 0.104 0.985 0.000
0.0 0.0 0.0 1.0 0.0 0.0 0.0 0.0 0.0 0.0 0.947 0.000 0.000 0.000 2.0 0.269 0.985 0.000
0.0 0.0 0.0 0.0 0.0 0.0 1.0 0.0 0.0 0.0 0.921 0.000 0.000 0.000 2.0 0.149 0.821 0.000
0.0 0.0 0.0 0.0 0.0 0.0 1.0 0.0 0.0 0.0 0.368 0.000 0.000 0.000 2.0 0.134 0.269 0.000
0.0 0.0 1.0 0.0 0.0 0.0 0.0 0.0 1.0 0.0 0.263 0.000 0.000 0.000 2.0 0.254 0.164 0.000
0.0 0.0 0.0 1.0 0.0 0.0 0.0 0.0 0.0 0.0 0.342 0.000 0.000 0.000 2.0 0.134 0.254 0.000
0.0 0.0 0.0 1.0 0.0 0.0 0.0 0.0 0.0 0.0 0.316 0.000 0.000 0.000 2.0 0.328 0.224 0.000
0.0 1.0 0.0 0.0 0.0 0.0 0.0 0.0 0.0 0.0 0.289 0.000 0.000 0.000 2.0 0.119 0.209 0.000
0.0 1.0 0.0 0.0 0.0 0.0 0.0 0.0 0.0 0.0 0.316 0.000 0.000 0.000 2.0 0.104 0.239 0.000
0.0 0.0 0.0 1.0 0.0 0.0 0.0 0.0 0.0 0.0 0.289 0.000 0.000 0.000 2.0 0.284 0.224 0.000
0.0 0.0 0.0 1.0 0.0 0.0 0.0 0.0 0.0 0.0 0.263 0.000 0.000 0.000 2.0 0.179 0.194 0.000
0.0 0.0 0.0 1.0 0.0 0.0 0.0 0.0 1.0 0.0 0.237 0.000 0.000 0.000 2.0 0.179 0.179 0.000
0.0 0.0 0.0 1.0 0.0 0.0 0.0 0.0 0.0 0.0 0.895 0.000 0.000 0.000 2.0 0.194 0.776 0.000
0.0 0.0 0.0 1.0 0.0 0.0 0.0 0.0 1.0 0.0 0.368 0.000 0.000 0.000 3.0 0.388 0.254 0.000
0.0 0.0 0.0 1.0 0.0 0.0 0.0 0.0 0.0 0.0 0.342 0.000 0.000 0.000 2.0 0.194 0.239 0.000
0.0 0.0 0.0 1.0 0.0 0.0 0.0 0.0 0.0 0.0 0.868 0.000 0.000 0.000 2.0 0.209 0.776 0.000
0.0 0.0 0.0 1.0 0.0 0.0 0.0 0.0 0.0 0.0 0.842 0.000 0.000 0.000 2.0 0.209 0.746 0.000
0.0 0.0 0.0 1.0 0.0 0.0 0.0 0.0 0.0 0.0 0.368 0.000 0.000 0.000 2.0 0.299 0.254 0.000
0.0 0.0 0.0 1.0 0.0 0.0 0.0 0.0 0.0 0.0 0.342 0.000 0.000 0.000 2.0 0.209 0.239 0.000
0.0 0.0 0.0 1.0 0.0 0.0 0.0 0.0 0.0 0.0 0.816 0.000 0.000 0.000 2.0 0.284 0.746 0.000
0.0 0.0 0.0 1.0 0.0 0.0 0.0 0.0 0.0 0.0 0.342 0.000 0.000 0.000 3.0 0.313 0.269 0.000
0.0 1.0 0.0 0.0 0.0 0.0 0.0 0.0 0.0 0.0 0.289 0.000 0.000 0.000 2.0 0.149 0.179 0.000
0.0 0.0 1.0 0.0 0.0 0.0 0.0 0.0 1.0 0.0 0.263 0.000 0.000 0.000 2.0 0.328 0.164 0.000
0.0 0.0 0.0 1.0 0.0 0.0 0.0 0.0 0.0 0.0 0.316 0.000 0.000 0.000 2.0 0.403 0.224 0.000
0.0 1.0 0.0 0.0 0.0 0.0 0.0 0.0 0.0 0.0 0.289 0.000 0.000 0.000 2.0 0.134 0.209 0.000
0.0 0.0 0.0 1.0 0.0 0.0 0.0 0.0 0.0 0.0 0.289 0.000 0.000 0.000 2.0 0.373 0.224 0.000
0.0 0.0 0.0 1.0 0.0 0.0 0.0 0.0 0.0 0.0 0.263 0.000 0.000 0.000 2.0 0.194 0.194 0.000
0.0 0.0 0.0 1.0 0.0 0.0 0.0 0.0 1.0 0.0 0.237 0.000 0.000 0.000 2.0 0.179 0.179 0.000
0.0 0.0 0.0 1.0 0.0 0.0 0.0 0.0 0.0 0.0 0.789 0.000 0.000 0.000 2.0 0.254 0.701 0.000
0.0 1.0 0.0 0.0 0.0 0.0 0.0 0.0 0.0 0.0 0.763 0.000 0.000 0.000 2.0 0.149 0.687 0.000
0.0 0.0 0.0 1.0 0.0 0.0 0.0 0.0 0.0 0.0 0.737 0.000 0.000 0.000 2.0 0.149 0.672 0.000
0.0 0.0 0.0 1.0 0.0 0.0 0.0 0.0 0.0 0.0 0.342 0.000 0.000 0.000 3.0 0.254 0.254 0.000
0.0 0.0 0.0 1.0 0.0 0.0 0.0 0.0 1.0 0.0 0.263 0.000 0.000 0.000 2.0 0.284 0.164 0.000
0.0 0.0 0.0 1.0 0.0 0.0 0.0 0.0 0.0 0.0 0.316 0.000 0.000 0.000 2.0 0.388 0.224 0.000
0.0 1.0 0.0 0.0 0.0 0.0 0.0 0.0 0.0 0.0 0.289 0.000 0.000 0.000 2.0 0.134 0.209 0.000
0.0 0.0 0.0 1.0 0.0 0.0 0.0 0.0 0.0 0.0 0.289 0.000 0.000 0.000 2.0 0.358 0.224 0.000
0.0 0.0 0.0 1.0 0.0 0.0 0.0 0.0 0.0 0.0 0.263 0.000 0.000 0.000 2.0 0.194 0.194 0.000
0.0 0.0 0.0 1.0 0.0 0.0 0.0 0.0 1.0 0.0 0.237 0.000 0.000 0.000 2.0 0.179 0.179 0.000
0.0 0.0 0.0 0.0 0.0 1.0 0.0 0.0 0.0 0.0 0.868 0.000 0.000 0.000 2.0 0.687 0.642 0.000
0.0 0.0 0.0 1.0 0.0 0.0 0.0 0.0 1.0 0.0 0.868 0.000 0.000 0.000 2.0 0.224 0.642 0.000
0.0 1.0 0.0 0.0 0.0 0.0 0.0 0.0 0.0 0.0 0.842 0.000 0.000 0.000 1.0 0.567 0.642 0.000
0.0 0.0 0.0 1.0 0.0 0.0 0.0 0.0 0.0 0.0 0.816 0.000 0.000 0.000 4.0 0.567 0.642 0.000
0.0 0.0 0.0 1.0 0.0 0.0 0.0 0.0 0.0 0.0 0.789 0.000 0.000 0.000 2.0 0.269 0.612 0.000
0.0 1.0 0.0 0.0 0.0 0.0 0.0 0.0 0.0 0.0 0.763 0.105 0.105 0.105 1.0 0.284 0.612 0.333
0.0 0.0 0.0 1.0 0.0 0.0 0.0 0.0 0.0 0.0 0.079 0.000 0.000 0.000 3.0 0.343 0.060 0.000
0.0 0.0 0.0 1.0 0.0 0.0 0.0 0.0 0.0 0.0 0.132 0.000 0.000 0.000 2.0 0.328 0.149 0.000
0.0 0.0 0.0 1.0 0.0 0.0 0.0 0.0 0.0 1.0 0.816 0.000 0.000 0.000 2.0 0.090 0.761 0.333
0.0 0.0 0.0 1.0 0.0 0.0 0.0 0.0 0.0 0.0 0.789 0.026 0.026 0.026 2.0 0.254 0.761 0.333
0.0 0.0 0.0 1.0 0.0 0.0 0.0 0.0 0.0 0.0 0.553 0.263 0.263 0.263 2.0 0.239 0.388 0.333
0.0 0.0 0.0 1.0 0.0 0.0 0.0 0.0 0.0 0.0 0.526 0.289 0.289 0.289 2.0 0.299 0.388 0.333
0.0 1.0 0.0 0.0 0.0 0.0 0.0 0.0 0.0 0.0 0.500 0.316 0.316 0.316 2.0 0.119 0.388 0.333
0.0 0.0 0.0 1.0 0.0 0.0 0.0 0.0 0.0 0.0 0.500 0.316 0.316 0.316 2.0 0.388 0.373 0.333
0.0 0.0 0.0 1.0 0.0 0.0 0.0 0.0 0.0 0.0 0.474 0.342 0.342 0.342 2.0 0.209 0.373 0.333
0.0 0.0 0.0 1.0 0.0 0.0 0.0 0.0 1.0 0.0 0.211 0.605 0.605 0.605 2.0 0.179 0.224 0.333
0.0 0.0 0.0 1.0 0.0 0.0 0.0 0.0 0.0 0.0 0.816 0.000 0.000 0.000 2.0 0.090 0.776 0.000
0.0 0.0 0.0 1.0 0.0 0.0 0.0 0.0 0.0 0.0 0.789 0.000 0.000 0.000 2.0 0.254 0.761 0.000
0.0 0.0 0.0 0.0 0.0 0.0 0.0 1.0 0.0 0.0 0.500 0.000 0.000 0.000 2.0 0.254 0.418 0.000
0.0 0.0 0.0 1.0 0.0 0.0 0.0 0.0 0.0 0.0 0.395 0.000 0.000 0.000 2.0 0.239 0.313 0.000
0.0 1.0 0.0 0.0 0.0 0.0 0.0 0.0 0.0 0.0 0.237 0.000 0.000 0.000 2.0 0.075 0.239 0.000
0.0 0.0 0.0 1.0 0.0 0.0 0.0 0.0 1.0 0.0 0.211 0.000 0.000 0.000 2.0 0.179 0.224 0.000
0.0 0.0 0.0 1.0 0.0 0.0 0.0 0.0 0.0 0.0 0.816 0.000 0.000 0.000 2.0 0.090 0.821 0.000
0.0 0.0 0.0 1.0 0.0 0.0 0.0 0.0 0.0 0.0 0.789 0.000 0.000 0.000 2.0 0.239 0.821 0.000
0.0 1.0 0.0 0.0 0.0 0.0 0.0 0.0 0.0 0.0 0.632 0.000 0.000 0.000 2.0 0.194 0.507 0.000
0.0 0.0 0.0 1.0 0.0 0.0 0.0 0.0 0.0 0.0 0.605 0.000 0.000 0.000 2.0 0.194 0.493 0.000
0.0 0.0 0.0 1.0 0.0 0.0 0.0 0.0 0.0 0.0 0.579 0.000 0.000 0.000 4.0 0.269 0.493 0.000
1.0 0.0 0.0 0.0 0.0 0.0 0.0 0.0 0.0 0.0 0.553 0.000 0.000 0.000 2.0 0.164 0.433 0.000
0.0 1.0 0.0 0.0 0.0 0.0 0.0 0.0 0.0 0.0 0.553 0.000 0.000 0.000 2.0 0.164 0.433 0.000
0.0 1.0 0.0 0.0 0.0 0.0 0.0 0.0 0.0 0.0 0.553 0.000 0.000 0.000 3.0 0.194 0.493 0.000
0.0 1.0 0.0 0.0 0.0 0.0 0.0 0.0 0.0 0.0 0.395 0.000 0.000 0.000 3.0 0.224 0.328 0.000
0.0 0.0 0.0 1.0 0.0 0.0 0.0 0.0 1.0 0.0 0.211 0.000 0.000 0.000 2.0 0.179 0.224 0.000
0.0 0.0 0.0 1.0 0.0 0.0 0.0 0.0 0.0 0.0 0.816 0.000 0.000 0.000 2.0 0.090 0.851 0.000
0.0 0.0 0.0 1.0 0.0 0.0 0.0 0.0 0.0 0.0 0.789 0.000 0.000 0.000 2.0 0.254 0.836 0.000
0.0 0.0 0.0 0.0 0.0 0.0 0.0 1.0 0.0 0.0 0.605 0.000 0.000 0.000 2.0 0.239 0.552 0.000
0.0 1.0 0.0 0.0 0.0 0.0 0.0 0.0 0.0 0.0 0.474 0.000 0.000 0.000 2.0 0.134 0.358 0.000
0.0 0.0 0.0 0.0 0.0 0.0 0.0 1.0 0.0 0.0 0.447 0.000 0.000 0.000 2.0 0.164 0.343 0.000
1.0 0.0 0.0 0.0 0.0 0.0 0.0 0.0 0.0 0.0 0.421 0.000 0.000 0.000 2.0 0.104 0.343 0.000
0.0 1.0 0.0 0.0 0.0 0.0 0.0 0.0 0.0 0.0 0.237 0.000 0.000 0.000 2.0 0.075 0.239 0.000
0.0 0.0 0.0 1.0 0.0 0.0 0.0 0.0 1.0 0.0 0.211 0.000 0.000 0.000 2.0 0.179 0.224 0.000
0.0 0.0 0.0 1.0 0.0 0.0 0.0 0.0 0.0 0.0 0.816 0.000 0.000 0.000 2.0 0.090 0.881 0.000
0.0 0.0 0.0 1.0 0.0 0.0 0.0 0.0 0.0 0.0 0.789 0.000 0.000 0.000 2.0 0.254 0.881 0.000
0.0 0.0 0.0 1.0 0.0 0.0 0.0 0.0 0.0 0.0 0.737 0.132 0.132 0.132 2.0 0.224 0.627 0.333
0.0 0.0 0.0 1.0 0.0 0.0 0.0 0.0 0.0 0.0 0.658 0.211 0.211 0.211 2.0 0.224 0.597 0.333
0.0 1.0 0.0 0.0 0.0 0.0 0.0 0.0 0.0 0.0 0.711 0.158 0.158 0.158 2.0 0.134 0.627 0.333
0.0 0.0 0.0 1.0 0.0 0.0 0.0 0.0 0.0 0.0 0.684 0.184 0.184 0.184 2.0 0.104 0.612 0.333
0.0 1.0 0.0 0.0 0.0 0.0 0.0 0.0 0.0 0.0 0.421 0.447 0.447 0.447 1.0 0.119 0.328 0.333
0.0 0.0 0.0 1.0 0.0 0.0 0.0 0.0 0.0 0.0 0.395 0.474 0.474 0.474 2.0 0.239 0.328 0.333
0.0 1.0 0.0 0.0 0.0 0.0 0.0 0.0 0.0 0.0 0.658 0.211 0.211 0.211 2.0 0.134 0.552 0.333
0.0 0.0 0.0 1.0 0.0 0.0 0.0 0.0 1.0 0.0 0.211 0.000 0.000 0.000 2.0 0.179 0.224 0.000
0.0 0.0 0.0 1.0 0.0 0.0 0.0 0.0 0.0 0.0 0.816 0.000 0.000 0.000 2.0 0.090 0.925 0.000
0.0 0.0 0.0 1.0 0.0 0.0 0.0 0.0 0.0 0.0 0.789 0.000 0.000 0.000 2.0 0.254 0.925 0.000
0.0 0.0 0.0 0.0 0.0 0.0 0.0 1.0 0.0 0.0 0.737 0.000 0.000 0.000 2.0 0.239 0.701 0.000
0.0 1.0 0.0 0.0 0.0 0.0 0.0 0.0 0.0 0.0 0.711 0.000 0.000 0.000 2.0 0.179 0.612 0.000
0.0 0.0 0.0 1.0 0.0 0.0 0.0 0.0 0.0 0.0 0.684 0.000 0.000 0.000 2.0 0.179 0.597 0.000
0.0 0.0 0.0 1.0 0.0 0.0 0.0 0.0 0.0 0.0 0.658 0.000 0.000 0.000 2.0 0.209 0.597 0.000
0.0 0.0 0.0 1.0 0.0 0.0 0.0 0.0 0.0 0.0 0.632 0.237 0.237 0.237 2.0 0.224 0.537 0.333
0.0 0.0 0.0 1.0 0.0 0.0 0.0 0.0 0.0 0.0 0.605 0.263 0.263 0.263 2.0 0.194 0.537 0.333
0.0 0.0 0.0 1.0 0.0 0.0 0.0 0.0 0.0 0.0 0.579 0.289 0.289 0.289 2.0 0.269 0.463 0.333
0.0 0.0 0.0 1.0 0.0 0.0 0.0 0.0 0.0 0.0 0.553 0.316 0.316 0.316 2.0 0.254 0.463 0.333
0.0 0.0 0.0 1.0 0.0 0.0 0.0 0.0 0.0 0.0 0.526 0.342 0.342 0.342 2.0 0.269 0.418 0.333
0.0 0.0 0.0 1.0 0.0 0.0 0.0 0.0 0.0 0.0 0.500 0.368 0.368 0.368 2.0 0.239 0.418 0.333
0.0 0.0 0.0 1.0 0.0 0.0 0.0 0.0 0.0 0.0 0.474 0.395 0.395 0.395 2.0 0.239 0.373 0.333
0.0 0.0 0.0 1.0 0.0 0.0 0.0 0.0 0.0 0.0 0.447 0.421 0.421 0.421 2.0 0.373 0.358 0.333
0.0 0.0 0.0 1.0 0.0 0.0 0.0 0.0 0.0 0.0 0.421 0.395 0.447 0.421 2.0 0.209 0.358 0.667
0.0 1.0 0.0 0.0 0.0 0.0 0.0 0.0 0.0 0.0 0.316 0.500 0.553 0.526 1.0 0.164 0.254 0.667
0.0 0.0 0.0 1.0 0.0 0.0 0.0 0.0 0.0 0.0 0.447 0.368 0.421 0.395 2.0 0.254 0.373 0.667
0.0 0.0 0.0 1.0 0.0 0.0 0.0 0.0 0.0 0.0 0.289 0.526 0.579 0.553 4.0 0.343 0.254 0.667
0.0 0.0 0.0 1.0 0.0 0.0 0.0 0.0 1.0 0.0 0.263 0.553 0.605 0.579 2.0 0.299 0.164 0.667
0.0 0.0 0.0 1.0 0.0 0.0 0.0 0.0 1.0 0.0 0.105 0.711 0.763 0.737 2.0 0.194 0.075 0.667
0.0 1.0 0.0 0.0 0.0 0.0 0.0 0.0 0.0 0.0 0.421 0.395 0.447 0.421 2.0 0.134 0.343 0.667
0.0 0.0 1.0 0.0 0.0 0.0 0.0 0.0 0.0 0.0 0.395 0.421 0.474 0.447 2.0 0.179 0.328 0.667
0.0 0.0 0.0 1.0 0.0 0.0 0.0 0.0 0.0 0.0 0.316 0.500 0.553 0.526 2.0 0.343 0.299 0.667
0.0 1.0 0.0 0.0 0.0 0.0 0.0 0.0 0.0 0.0 0.368 0.447 0.500 0.474 2.0 0.119 0.313 0.667
0.0 0.0 0.0 1.0 0.0 0.0 0.0 0.0 0.0 0.0 0.342 0.474 0.526 0.500 2.0 0.313 0.299 0.667
0.0 1.0 0.0 0.0 0.0 0.0 0.0 0.0 0.0 0.0 0.316 0.500 0.553 0.526 2.0 0.149 0.284 0.667
0.0 0.0 0.0 1.0 0.0 0.0 0.0 0.0 0.0 0.0 0.289 0.526 0.579 0.553 4.0 0.299 0.269 0.667
0.0 0.0 0.0 1.0 0.0 0.0 0.0 0.0 1.0 0.0 0.263 0.553 0.605 0.579 2.0 0.209 0.179 0.667
0.0 1.0 0.0 0.0 0.0 0.0 0.0 0.0 0.0 0.0 0.132 0.684 0.737 0.711 2.0 0.134 0.090 0.667
0.0 0.0 0.0 1.0 0.0 0.0 0.0 0.0 1.0 0.0 0.105 0.711 0.763 0.737 2.0 0.134 0.075 0.667
0.0 0.0 0.0 1.0 0.0 0.0 0.0 0.0 0.0 0.0 0.368 0.500 0.500 0.500 3.0 0.224 0.313 0.333
0.0 1.0 0.0 0.0 0.0 0.0 0.0 0.0 0.0 0.0 0.342 0.526 0.526 0.526 1.0 0.164 0.209 0.333
0.0 0.0 0.0 1.0 0.0 0.0 0.0 0.0 0.0 0.0 0.342 0.526 0.526 0.526 2.0 0.373 0.284 0.333
0.0 0.0 0.0 1.0 0.0 0.0 0.0 0.0 0.0 0.0 0.316 0.553 0.553 0.553 2.0 0.373 0.299 0.333
0.0 0.0 0.0 1.0 0.0 0.0 0.0 0.0 0.0 0.0 0.368 0.500 0.500 0.500 3.0 0.313 0.313 0.333
0.0 0.0 0.0 1.0 0.0 0.0 0.0 0.0 0.0 0.0 0.316 0.553 0.553 0.553 3.0 0.328 0.209 0.333
0.0 1.0 0.0 0.0 0.0 0.0 0.0 0.0 0.0 0.0 0.289 0.579 0.579 0.579 2.0 0.119 0.179 0.333
0.0 0.0 0.0 1.0 0.0 0.0 0.0 0.0 1.0 0.0 0.263 0.605 0.605 0.605 2.0 0.239 0.164 0.333
0.0 0.0 0.0 1.0 0.0 0.0 0.0 0.0 0.0 0.0 0.316 0.553 0.553 0.553 2.0 0.254 0.299 0.333
0.0 0.0 0.0 1.0 0.0 0.0 0.0 0.0 0.0 0.0 0.342 0.526 0.526 0.526 2.0 0.209 0.284 0.333
0.0 1.0 0.0 0.0 0.0 0.0 0.0 0.0 0.0 0.0 0.316 0.553 0.553 0.553 1.0 0.209 0.269 0.333
0.0 0.0 0.0 1.0 0.0 0.0 0.0 0.0 0.0 0.0 0.289 0.579 0.579 0.579 4.0 0.328 0.269 0.333
0.0 0.0 0.0 1.0 0.0 0.0 0.0 0.0 1.0 0.0 0.263 0.605 0.605 0.605 2.0 0.224 0.179 0.333
0.0 0.0 0.0 1.0 0.0 0.0 0.0 0.0 0.0 0.0 0.368 0.500 0.500 0.500 3.0 0.284 0.313 0.333
0.0 1.0 0.0 0.0 0.0 0.0 0.0 0.0 0.0 0.0 0.316 0.553 0.553 0.553 2.0 0.194 0.179 0.333
0.0 0.0 0.0 1.0 0.0 0.0 0.0 0.0 0.0 0.0 0.342 0.526 0.526 0.526 2.0 0.388 0.269 0.333
0.0 0.0 0.0 1.0 0.0 0.0 0.0 0.0 0.0 0.0 0.316 0.553 0.553 0.553 2.0 0.388 0.284 0.333
0.0 0.0 0.0 1.0 0.0 0.0 0.0 0.0 0.0 0.0 0.368 0.500 0.500 0.500 3.0 0.358 0.299 0.333
0.0 0.0 0.0 1.0 0.0 0.0 0.0 0.0 0.0 0.0 0.289 0.579 0.579 0.579 4.0 0.328 0.164 0.333
0.0 0.0 0.0 1.0 0.0 0.0 0.0 0.0 1.0 0.0 0.263 0.605 0.605 0.605 2.0 0.299 0.164 0.333
0.0 0.0 0.0 1.0 0.0 0.0 0.0 0.0 0.0 0.0 0.105 0.763 0.763 0.763 2.0 0.284 0.090 0.333
0.0 0.0 0.0 1.0 0.0 0.0 0.0 0.0 0.0 0.0 0.316 0.553 0.553 0.553 2.0 0.269 0.284 0.333
0.0 0.0 0.0 1.0 0.0 0.0 0.0 0.0 0.0 0.0 0.342 0.526 0.526 0.526 2.0 0.224 0.269 0.333
0.0 1.0 0.0 0.0 0.0 0.0 0.0 0.0 0.0 0.0 0.316 0.553 0.553 0.553 1.0 0.209 0.254 0.333
0.0 0.0 0.0 1.0 0.0 0.0 0.0 0.0 0.0 0.0 0.289 0.579 0.579 0.579 4.0 0.373 0.254 0.333
0.0 0.0 0.0 1.0 0.0 0.0 0.0 0.0 1.0 0.0 0.263 0.605 0.605 0.605 2.0 0.224 0.179 0.333
0.0 0.0 0.0 1.0 0.0 0.0 0.0 0.0 0.0 0.0 0.105 0.763 0.763 0.763 2.0 0.313 0.090 0.333
0.0 0.0 0.0 1.0 0.0 0.0 0.0 0.0 0.0 0.0 0.421 0.447 0.447 0.447 2.0 0.134 0.343 0.333
0.0 1.0 0.0 0.0 0.0 0.0 0.0 0.0 0.0 0.0 0.395 0.474 0.474 0.474 1.0 0.149 0.328 0.333
0.0 1.0 0.0 0.0 0.0 0.0 0.0 0.0 0.0 0.0 0.316 0.553 0.553 0.553 2.0 0.149 0.209 0.333
0.0 0.0 0.0 1.0 0.0 0.0 0.0 0.0 0.0 0.0 0.395 0.474 0.474 0.474 2.0 0.239 0.328 0.333
0.0 0.0 0.0 1.0 0.0 0.0 0.0 0.0 0.0 0.0 0.289 0.579 0.579 0.579 3.0 0.269 0.194 0.333
0.0 0.0 0.0 1.0 0.0 0.0 0.0 0.0 1.0 0.0 0.263 0.605 0.605 0.605 2.0 0.299 0.164 0.333
0.0 0.0 0.0 1.0 0.0 0.0 0.0 0.0 1.0 0.0 0.105 0.763 0.763 0.763 2.0 0.194 0.075 0.333
0.0 0.0 0.0 1.0 0.0 0.0 0.0 0.0 0.0 0.0 0.368 0.500 0.500 0.500 2.0 0.194 0.328 0.333
0.0 0.0 0.0 1.0 0.0 0.0 0.0 0.0 0.0 0.0 0.342 0.526 0.526 0.526 2.0 0.343 0.313 0.333
0.0 1.0 0.0 0.0 0.0 0.0 0.0 0.0 0.0 0.0 0.316 0.553 0.553 0.553 2.0 0.149 0.299 0.333
0.0 0.0 0.0 1.0 0.0 0.0 0.0 0.0 0.0 0.0 0.316 0.553 0.553 0.553 2.0 0.343 0.313 0.333
0.0 0.0 0.0 1.0 0.0 0.0 0.0 0.0 0.0 0.0 0.289 0.579 0.579 0.579 4.0 0.254 0.284 0.333
0.0 0.0 0.0 1.0 0.0 0.0 0.0 0.0 1.0 0.0 0.263 0.605 0.605 0.605 2.0 0.209 0.179 0.333
0.0 1.0 0.0 0.0 0.0 0.0 0.0 0.0 0.0 0.0 0.132 0.737 0.737 0.737 2.0 0.134 0.090 0.333
0.0 0.0 0.0 1.0 0.0 0.0 0.0 0.0 1.0 0.0 0.105 0.763 0.763 0.763 2.0 0.134 0.075 0.333
0.0 0.0 0.0 1.0 0.0 0.0 0.0 0.0 0.0 0.0 0.368 0.500 0.500 0.500 3.0 0.239 0.328 0.333
0.0 1.0 0.0 0.0 0.0 0.0 0.0 0.0 0.0 0.0 0.316 0.553 0.553 0.553 2.0 0.164 0.239 0.333
0.0 0.0 0.0 1.0 0.0 0.0 0.0 0.0 0.0 0.0 0.342 0.526 0.526 0.526 2.0 0.373 0.284 0.333
0.0 0.0 0.0 1.0 0.0 0.0 0.0 0.0 0.0 0.0 0.316 0.553 0.553 0.553 2.0 0.358 0.299 0.333
0.0 0.0 0.0 1.0 0.0 0.0 0.0 0.0 0.0 0.0 0.368 0.500 0.500 0.500 3.0 0.284 0.313 0.333
0.0 0.0 0.0 1.0 0.0 0.0 0.0 0.0 0.0 0.0 0.289 0.579 0.579 0.579 3.0 0.269 0.224 0.333
0.0 0.0 0.0 1.0 0.0 0.0 0.0 0.0 0.0 0.0 0.105 0.763 0.763 0.763 2.0 0.239 0.090 0.333
0.0 0.0 0.0 1.0 0.0 0.0 0.0 0.0 1.0 0.0 0.263 0.605 0.605 0.605 2.0 0.284 0.164 0.333
0.0 0.0 0.0 1.0 0.0 0.0 0.0 0.0 0.0 0.0 0.316 0.553 0.553 0.553 2.0 0.239 0.299 0.333
0.0 1.0 0.0 0.0 0.0 0.0 0.0 0.0 0.0 0.0 0.158 0.711 0.711 0.711 1.0 0.328 0.134 0.333
0.0 0.0 0.0 1.0 0.0 0.0 0.0 0.0 0.0 0.0 0.342 0.526 0.526 0.526 2.0 0.209 0.284 0.333
0.0 1.0 0.0 0.0 0.0 0.0 0.0 0.0 0.0 0.0 0.316 0.553 0.553 0.553 1.0 0.194 0.269 0.333
0.0 0.0 0.0 1.0 0.0 0.0 0.0 0.0 0.0 0.0 0.289 0.579 0.579 0.579 3.0 0.284 0.269 0.333
0.0 0.0 0.0 0.0 0.0 1.0 0.0 0.0 0.0 0.0 0.211 0.658 0.658 0.658 3.0 0.224 0.149 0.333
0.0 1.0 0.0 0.0 0.0 0.0 0.0 0.0 0.0 0.0 0.184 0.684 0.684 0.684 1.0 0.179 0.090 0.333
0.0 0.0 1.0 0.0 0.0 0.0 0.0 0.0 0.0 0.0 0.105 0.763 0.763 0.763 2.0 0.224 0.090 0.333
0.0 1.0 0.0 0.0 0.0 0.0 0.0 0.0 0.0 0.0 0.053 0.816 0.816 0.816 2.0 0.194 0.030 0.333
0.0 0.0 0.0 1.0 0.0 0.0 0.0 0.0 1.0 0.0 0.263 0.605 0.605 0.605 2.0 0.209 0.179 0.333
0.0 1.0 0.0 0.0 0.0 0.0 0.0 0.0 0.0 0.0 0.474 0.000 0.000 0.000 3.0 0.194 0.358 0.000
0.0 0.0 0.0 1.0 0.0 0.0 0.0 0.0 0.0 0.0 0.447 0.000 0.000 0.000 2.0 0.224 0.343 0.000
0.0 1.0 0.0 0.0 0.0 0.0 0.0 0.0 0.0 0.0 0.421 0.000 0.000 0.000 2.0 0.134 0.328 0.000
0.0 0.0 0.0 0.0 1.0 0.0 0.0 0.0 0.0 0.0 0.421 0.000 0.000 0.000 2.0 0.209 0.328 0.000
0.0 0.0 0.0 1.0 0.0 0.0 0.0 0.0 0.0 0.0 0.395 0.000 0.000 0.000 2.0 0.179 0.313 0.000
0.0 0.0 0.0 1.0 0.0 0.0 0.0 0.0 0.0 0.0 0.342 0.000 0.000 0.000 2.0 0.299 0.299 0.000
0.0 1.0 0.0 0.0 0.0 0.0 0.0 0.0 0.0 0.0 0.132 0.684 0.737 0.711 2.0 0.791 0.134 0.667
0.0 1.0 0.0 0.0 0.0 0.0 0.0 0.0 0.0 0.0 0.368 0.000 0.000 0.000 2.0 0.119 0.299 0.000
0.0 0.0 0.0 0.0 0.0 1.0 0.0 0.0 0.0 0.0 0.342 0.000 0.000 0.000 2.0 0.164 0.284 0.000
0.0 1.0 0.0 0.0 0.0 0.0 0.0 0.0 0.0 0.0 0.316 0.000 0.000 0.000 2.0 0.179 0.269 0.000
0.0 0.0 0.0 1.0 0.0 0.0 0.0 0.0 0.0 0.0 0.289 0.000 0.000 0.000 4.0 0.239 0.254 0.000
0.0 0.0 0.0 1.0 0.0 0.0 0.0 0.0 1.0 0.0 0.263 0.000 0.000 0.000 2.0 0.194 0.179 0.000
0.0 0.0 0.0 0.0 1.0 0.0 0.0 0.0 1.0 0.0 0.237 0.579 0.632 0.605 2.0 0.299 0.164 0.667
0.0 0.0 0.0 1.0 0.0 0.0 0.0 0.0 0.0 0.0 0.211 0.605 0.658 0.632 3.0 0.433 0.164 0.667
0.0 0.0 1.0 0.0 0.0 0.0 0.0 0.0 0.0 0.0 0.184 0.632 0.684 0.658 2.0 0.433 0.134 0.667
0.0 0.0 0.0 1.0 0.0 0.0 0.0 0.0 1.0 0.0 0.158 0.658 0.711 0.684 3.0 0.313 0.104 0.667
0.0 0.0 0.0 1.0 0.0 0.0 0.0 0.0 1.0 0.0 0.158 0.658 0.711 0.684 3.0 0.478 0.090 0.667
0.0 0.0 0.0 1.0 0.0 0.0 0.0 0.0 1.0 0.0 0.105 0.000 0.000 0.000 2.0 0.179 0.075 0.000
0.0 1.0 0.0 0.0 0.0 0.0 0.0 0.0 0.0 0.0 0.079 0.737 0.789 0.763 1.0 0.254 0.060 0.667
0.0 1.0 0.0 0.0 0.0 0.0 0.0 0.0 0.0 0.0 0.132 0.737 0.737 0.737 1.0 0.433 0.119 0.333
0.0 0.0 0.0 1.0 0.0 0.0 0.0 0.0 0.0 0.0 0.105 0.711 0.763 0.737 4.0 1.000 0.119 0.667
0.0 0.0 0.0 1.0 0.0 0.0 0.0 0.0 0.0 0.0 0.079 0.737 0.789 0.763 2.0 0.448 0.045 0.667
0.0 0.0 0.0 1.0 0.0 0.0 0.0 0.0 0.0 0.0 0.079 0.737 0.789 0.763 2.0 0.433 0.045 0.667
0.0 0.0 0.0 1.0 0.0 0.0 0.0 0.0 0.0 0.0 0.289 0.000 0.000 0.000 2.0 0.179 0.179 0.000
0.0 0.0 0.0 1.0 0.0 0.0 0.0 0.0 1.0 0.0 0.263 0.000 0.000 0.000 2.0 0.269 0.164 0.000
0.0 0.0 0.0 1.0 0.0 0.0 0.0 0.0 0.0 0.0 0.237 0.579 0.632 0.605 3.0 0.582 0.149 0.667
0.0 1.0 0.0 0.0 0.0 0.0 0.0 0.0 0.0 0.0 0.211 0.605 0.658 0.632 2.0 0.433 0.119 0.667
0.0 0.0 0.0 1.0 0.0 0.0 0.0 0.0 0.0 0.0 0.184 0.632 0.684 0.658 2.0 0.254 0.104 0.667
0.0 0.0 0.0 1.0 0.0 0.0 0.0 0.0 0.0 0.0 0.158 0.658 0.711 0.684 3.0 0.373 0.104 0.667
0.0 0.0 0.0 1.0 0.0 0.0 0.0 0.0 0.0 0.0 0.158 0.658 0.711 0.684 3.0 0.627 0.090 0.667
0.0 1.0 0.0 0.0 0.0 0.0 0.0 0.0 0.0 0.0 0.132 0.684 0.737 0.711 1.0 0.343 0.060 0.667
0.0 0.0 0.0 1.0 0.0 0.0 0.0 0.0 0.0 0.0 0.105 0.711 0.763 0.737 2.0 0.343 0.060 0.667
0.0 0.0 0.0 1.0 0.0 0.0 0.0 0.0 1.0 0.0 0.053 0.763 0.816 0.789 2.0 0.418 0.060 0.667
0.0 0.0 0.0 1.0 0.0 0.0 0.0 0.0 1.0 0.0 0.105 0.000 0.000 0.000 2.0 0.164 0.075 0.000
0.0 1.0 0.0 0.0 0.0 0.0 0.0 0.0 0.0 0.0 0.079 0.737 0.789 0.763 1.0 0.254 0.060 0.667
0.0 0.0 0.0 1.0 0.0 0.0 0.0 0.0 0.0 0.0 0.053 0.763 0.816 0.789 2.0 0.313 0.060 0.667
0.0 0.0 0.0 0.0 0.0 1.0 0.0 0.0 1.0 0.0 0.026 0.789 0.842 0.816 3.0 0.134 0.045 0.667
0.0 0.0 0.0 0.0 0.0 1.0 0.0 0.0 0.0 0.0 0.763 0.053 0.053 0.053 3.0 0.612 0.657 0.333
0.0 0.0 0.0 1.0 0.0 0.0 0.0 0.0 1.0 0.0 0.211 0.000 0.000 0.000 2.0 0.179 0.224 0.000
0.0 0.0 1.0 0.0 0.0 0.0 0.0 0.0 0.0 0.0 0.184 0.632 0.632 0.632 2.0 0.433 0.209 0.333
0.0 0.0 0.0 1.0 0.0 0.0 0.0 0.0 0.0 0.0 0.105 0.711 0.711 0.711 2.0 0.358 0.075 0.333
0.0 0.0 0.0 0.0 0.0 1.0 0.0 0.0 1.0 0.0 0.079 0.079 0.737 0.408 2.0 0.418 0.045 0.667
0.0 0.0 0.0 1.0 0.0 0.0 0.0 0.0 0.0 0.0 0.842 0.000 0.000 0.000 4.0 0.194 0.687 0.000
0.0 0.0 0.0 0.0 0.0 1.0 0.0 0.0 0.0 0.0 0.816 0.000 0.000 0.000 2.0 0.149 0.657 0.000
0.0 0.0 0.0 0.0 0.0 1.0 0.0 0.0 0.0 0.0 0.789 0.000 0.000 0.000 2.0 0.194 0.642 0.000
0.0 1.0 0.0 0.0 0.0 0.0 0.0 0.0 0.0 0.0 0.132 0.000 0.000 0.000 1.0 0.239 0.090 0.000
0.0 0.0 0.0 1.0 0.0 0.0 0.0 0.0 0.0 0.0 0.105 0.763 0.763 0.763 3.0 0.687 0.090 0.333
0.0 0.0 0.0 1.0 0.0 0.0 0.0 0.0 0.0 0.0 0.158 0.000 0.000 0.000 2.0 0.179 0.209 0.000
0.0 0.0 0.0 1.0 0.0 0.0 0.0 0.0 0.0 0.0 0.132 0.000 0.000 0.000 2.0 0.224 0.090 0.000
0.0 0.0 0.0 1.0 0.0 0.0 0.0 0.0 0.0 0.0 0.105 0.000 0.000 0.000 2.0 0.179 0.060 0.000
0.0 0.0 0.0 1.0 0.0 0.0 0.0 0.0 1.0 0.0 0.053 0.000 0.000 0.000 2.0 0.119 0.030 0.000
0.0 0.0 0.0 1.0 0.0 0.0 0.0 0.0 1.0 0.0 0.105 0.000 0.000 0.000 3.0 0.209 0.075 0.000
0.0 1.0 0.0 0.0 0.0 0.0 0.0 0.0 0.0 0.0 0.079 0.789 0.789 0.789 1.0 0.328 0.030 0.333
0.0 0.0 0.0 1.0 0.0 0.0 0.0 0.0 0.0 0.0 0.895 0.000 0.000 0.000 4.0 0.224 0.687 0.000
0.0 0.0 0.0 1.0 0.0 0.0 0.0 0.0 1.0 0.0 0.868 0.000 0.000 0.000 2.0 0.119 0.657 0.000
0.0 0.0 0.0 1.0 0.0 0.0 0.0 0.0 0.0 0.0 0.842 0.000 0.000 0.000 2.0 0.134 0.657 0.000
0.0 0.0 0.0 1.0 0.0 0.0 0.0 0.0 0.0 0.0 0.816 0.000 0.000 0.000 2.0 0.149 0.657 0.000
0.0 1.0 0.0 0.0 0.0 0.0 0.0 0.0 0.0 0.0 0.789 0.079 0.079 0.079 1.0 0.239 0.627 0.333
0.0 1.0 0.0 0.0 0.0 0.0 0.0 0.0 0.0 0.0 0.763 0.105 0.105 0.105 2.0 0.194 0.627 0.333
0.0 1.0 0.0 0.0 0.0 0.0 0.0 0.0 0.0 0.0 0.105 0.763 0.763 0.763 1.0 0.224 0.045 0.333
0.0 0.0 0.0 1.0 0.0 0.0 0.0 0.0 0.0 0.0 0.105 0.000 0.000 0.000 2.0 0.209 0.045 0.000
0.0 0.0 0.0 0.0 1.0 0.0 0.0 0.0 1.0 0.0 0.105 0.000 0.000 0.000 3.0 0.179 0.075 0.000
0.0 0.0 0.0 1.0 0.0 0.0 0.0 0.0 0.0 0.0 0.079 0.737 0.789 0.763 2.0 0.582 0.045 0.667
0.0 0.0 0.0 1.0 0.0 0.0 0.0 0.0 0.0 0.0 0.158 0.658 0.711 0.684 2.0 0.388 0.075 0.667
0.0 0.0 0.0 1.0 0.0 0.0 0.0 0.0 0.0 0.0 0.763 0.000 0.000 0.000 3.0 0.269 0.657 0.000
0.0 0.0 0.0 1.0 0.0 0.0 0.0 0.0 0.0 0.0 0.737 0.079 0.132 0.105 2.0 0.388 0.612 0.667
0.0 0.0 0.0 1.0 0.0 0.0 0.0 0.0 0.0 0.0 0.263 0.553 0.605 0.579 3.0 0.209 0.119 0.667
0.0 1.0 0.0 0.0 0.0 0.0 0.0 0.0 0.0 0.0 0.237 0.579 0.632 0.605 2.0 0.119 0.119 0.667
0.0 0.0 0.0 0.0 0.0 1.0 0.0 0.0 0.0 0.0 0.211 0.605 0.658 0.632 2.0 0.149 0.104 0.667
0.0 0.0 0.0 1.0 0.0 0.0 0.0 0.0 0.0 0.0 0.132 0.684 0.737 0.711 2.0 0.149 0.090 0.667
0.0 0.0 0.0 1.0 0.0 0.0 0.0 0.0 1.0 0.0 0.026 0.789 0.842 0.816 2.0 0.060 0.030 0.667
0.0 0.0 1.0 0.0 0.0 0.0 0.0 0.0 0.0 0.0 0.105 0.711 0.763 0.737 2.0 0.269 0.075 0.667
0.0 1.0 0.0 0.0 0.0 0.0 0.0 0.0 0.0 0.0 0.053 0.763 0.816 0.789 2.0 0.627 0.030 0.667
0.0 0.0 0.0 1.0 0.0 0.0 0.0 0.0 1.0 0.0 0.211 0.605 0.658 0.632 2.0 0.119 0.090 0.667
0.0 1.0 0.0 0.0 0.0 0.0 0.0 0.0 0.0 0.0 0.184 0.632 0.684 0.658 1.0 0.134 0.090 0.667
0.0 1.0 0.0 0.0 0.0 0.0 0.0 0.0 0.0 0.0 0.711 0.105 0.158 0.132 2.0 0.179 0.582 0.667
0.0 0.0 0.0 1.0 0.0 0.0 0.0 0.0 0.0 0.0 0.684 0.132 0.184 0.158 4.0 0.209 0.567 0.667
0.0 0.0 0.0 1.0 0.0 0.0 0.0 0.0 0.0 0.0 0.658 0.158 0.211 0.184 2.0 0.224 0.552 0.667
0.0 0.0 0.0 1.0 0.0 0.0 0.0 0.0 0.0 0.0 0.632 0.184 0.237 0.211 4.0 0.179 0.552 0.667
1.0 0.0 0.0 0.0 0.0 0.0 0.0 0.0 0.0 0.0 0.158 0.658 0.711 0.684 2.0 0.284 0.090 0.667
0.0 0.0 0.0 1.0 0.0 0.0 0.0 0.0 0.0 0.0 0.605 0.211 0.263 0.237 2.0 0.328 0.537 0.667
0.0 0.0 0.0 1.0 0.0 0.0 0.0 0.0 0.0 0.0 0.579 0.237 0.289 0.263 2.0 0.104 0.537 0.667
0.0 0.0 0.0 1.0 0.0 0.0 0.0 0.0 1.0 0.0 0.553 0.263 0.316 0.289 2.0 0.149 0.507 0.667
0.0 1.0 0.0 0.0 0.0 0.0 0.0 0.0 1.0 0.0 0.026 0.789 0.842 0.816 2.0 0.060 0.030 0.667
0.0 0.0 0.0 1.0 0.0 0.0 0.0 0.0 1.0 0.0 0.158 0.658 0.711 0.684 2.0 0.328 0.090 0.667
0.0 1.0 0.0 0.0 0.0 0.0 0.0 0.0 0.0 0.0 0.553 0.263 0.316 0.289 2.0 0.179 0.507 0.667
0.0 0.0 0.0 1.0 0.0 0.0 0.0 0.0 1.0 0.0 0.184 0.632 0.684 0.658 3.0 0.134 0.090 0.667
0.0 0.0 0.0 1.0 0.0 0.0 0.0 0.0 0.0 0.0 0.553 0.263 0.316 0.289 4.0 0.269 0.552 0.667
0.0 1.0 0.0 0.0 0.0 0.0 0.0 0.0 0.0 0.0 0.053 0.763 0.816 0.789 2.0 0.104 0.045 0.667
0.0 0.0 0.0 1.0 0.0 0.0 0.0 0.0 1.0 0.0 0.026 0.789 0.842 0.816 2.0 0.045 0.030 0.667
0.0 1.0 0.0 0.0 0.0 0.0 0.0 0.0 1.0 0.0 0.184 0.632 0.684 0.658 3.0 0.134 0.104 0.667
0.0 1.0 0.0 0.0 0.0 0.0 0.0 0.0 0.0 0.0 0.158 0.658 0.711 0.684 1.0 0.299 0.075 0.667
0.0 0.0 0.0 1.0 0.0 0.0 0.0 0.0 0.0 0.0 0.526 0.289 0.342 0.316 3.0 0.328 0.507 0.667
0.0 0.0 0.0 1.0 0.0 0.0 0.0 0.0 0.0 0.0 0.447 0.368 0.421 0.395 3.0 0.284 0.463 0.667
0.0 1.0 0.0 0.0 0.0 0.0 0.0 0.0 0.0 0.0 0.237 0.579 0.632 0.605 1.0 0.119 0.209 0.667
0.0 0.0 0.0 1.0 0.0 0.0 0.0 0.0 0.0 0.0 0.500 0.316 0.368 0.342 4.0 0.343 0.478 0.667
0.0 0.0 0.0 1.0 0.0 0.0 0.0 0.0 1.0 0.0 0.026 0.789 0.842 0.816 2.0 0.269 0.030 0.667
0.0 0.0 0.0 1.0 0.0 0.0 0.0 0.0 1.0 0.0 0.184 0.632 0.684 0.658 2.0 0.299 0.164 0.667
0.0 0.0 0.0 1.0 0.0 0.0 0.0 0.0 0.0 0.0 0.474 0.342 0.395 0.368 2.0 0.179 0.463 0.667
0.0 0.0 0.0 1.0 0.0 0.0 0.0 0.0 0.0 0.0 0.447 0.368 0.421 0.395 2.0 0.209 0.433 0.667
0.0 0.0 0.0 1.0 0.0 0.0 0.0 0.0 0.0 0.0 0.421 0.395 0.447 0.421 3.0 0.224 0.433 0.667
0.0 1.0 0.0 0.0 0.0 0.0 0.0 0.0 0.0 0.0 0.263 0.553 0.605 0.579 2.0 0.164 0.254 0.667
0.0 0.0 0.0 1.0 0.0 0.0 0.0 0.0 0.0 0.0 0.237 0.579 0.632 0.605 4.0 0.254 0.239 0.667
0.0 0.0 0.0 1.0 0.0 0.0 0.0 0.0 1.0 0.0 0.184 0.632 0.684 0.658 2.0 0.313 0.164 0.667
0.0 0.0 0.0 1.0 0.0 0.0 0.0 0.0 1.0 0.0 0.026 0.789 0.842 0.816 2.0 0.090 0.030 0.667
0.0 0.0 0.0 1.0 0.0 0.0 0.0 0.0 0.0 0.0 0.263 0.553 0.605 0.579 2.0 0.179 0.269 0.667
0.0 0.0 0.0 1.0 0.0 0.0 0.0 0.0 0.0 0.0 0.211 0.605 0.658 0.632 3.0 0.209 0.239 0.667
0.0 1.0 0.0 0.0 0.0 0.0 0.0 0.0 0.0 0.0 0.237 0.579 0.632 0.605 2.0 0.134 0.239 0.667
0.0 0.0 0.0 1.0 0.0 0.0 0.0 0.0 0.0 0.0 0.395 0.421 0.474 0.447 2.0 0.209 0.343 0.667
0.0 0.0 0.0 1.0 0.0 0.0 0.0 0.0 0.0 0.0 0.211 0.605 0.658 0.632 3.0 0.284 0.224 0.667
0.0 0.0 0.0 1.0 0.0 0.0 0.0 0.0 1.0 0.0 0.158 0.658 0.711 0.684 2.0 0.224 0.134 0.667
0.0 0.0 0.0 1.0 0.0 0.0 0.0 0.0 1.0 0.0 0.158 0.658 0.711 0.684 2.0 0.313 0.090 0.667
0.0 0.0 0.0 1.0 0.0 0.0 0.0 0.0 0.0 0.0 0.368 0.447 0.500 0.474 2.0 0.149 0.328 0.667
0.0 0.0 0.0 1.0 0.0 0.0 0.0 0.0 0.0 0.0 0.342 0.474 0.526 0.500 2.0 0.134 0.328 0.667
0.0 0.0 0.0 1.0 0.0 0.0 0.0 0.0 0.0 0.0 0.316 0.500 0.553 0.526 2.0 0.179 0.299 0.667
0.0 1.0 0.0 0.0 0.0 0.0 0.0 0.0 0.0 0.0 0.237 0.579 0.632 0.605 2.0 0.119 0.239 0.667
0.0 0.0 0.0 1.0 0.0 0.0 0.0 0.0 0.0 0.0 0.211 0.605 0.658 0.632 3.0 0.194 0.224 0.667
0.0 0.0 0.0 1.0 0.0 0.0 0.0 0.0 1.0 0.0 0.026 0.789 0.842 0.816 2.0 0.075 0.030 0.667
0.0 0.0 0.0 1.0 0.0 0.0 0.0 0.0 1.0 0.0 0.184 0.632 0.684 0.658 2.0 0.313 0.164 0.667
0.0 0.0 0.0 0.0 1.0 0.0 0.0 0.0 0.0 0.0 0.316 0.500 0.553 0.526 2.0 0.179 0.299 0.667
0.0 0.0 1.0 0.0 0.0 0.0 0.0 0.0 0.0 0.0 0.184 0.632 0.684 0.658 2.0 0.149 0.194 0.667
0.0 0.0 0.0 1.0 0.0 0.0 0.0 0.0 1.0 0.0 0.158 0.658 0.711 0.684 2.0 0.209 0.134 0.667
0.0 0.0 0.0 1.0 0.0 0.0 0.0 0.0 1.0 0.0 0.158 0.658 0.711 0.684 2.0 0.299 0.090 0.667
0.0 0.0 0.0 1.0 0.0 0.0 0.0 0.0 0.0 0.0 0.289 0.526 0.579 0.553 3.0 0.239 0.284 0.667
0.0 1.0 0.0 0.0 0.0 0.0 0.0 0.0 0.0 0.0 0.263 0.553 0.605 0.579 2.0 0.149 0.239 0.667
0.0 0.0 0.0 0.0 0.0 1.0 0.0 0.0 0.0 0.0 0.237 0.579 0.632 0.605 3.0 0.149 0.224 0.667
0.0 1.0 0.0 0.0 0.0 0.0 0.0 0.0 0.0 0.0 0.211 0.605 0.658 0.632 1.0 0.119 0.164 0.667
0.0 0.0 0.0 1.0 0.0 0.0 0.0 0.0 1.0 0.0 0.184 0.632 0.684 0.658 2.0 0.269 0.164 0.667
0.0 0.0 1.0 0.0 0.0 0.0 0.0 0.0 1.0 0.0 0.026 0.789 0.842 0.816 2.0 0.075 0.030 0.667
0.0 0.0 0.0 1.0 0.0 0.0 0.0 0.0 0.0 0.0 0.237 0.579 0.632 0.605 3.0 0.209 0.224 0.667
0.0 0.0 0.0 1.0 0.0 0.0 0.0 0.0 1.0 0.0 0.158 0.658 0.711 0.684 2.0 0.299 0.090 0.667
0.0 0.0 0.0 1.0 0.0 0.0 0.0 0.0 0.0 0.0 0.211 0.605 0.658 0.632 3.0 0.209 0.224 0.667
0.0 0.0 0.0 1.0 0.0 0.0 0.0 0.0 1.0 0.0 0.184 0.632 0.684 0.658 2.0 0.313 0.164 0.667
0.0 0.0 0.0 1.0 0.0 0.0 0.0 0.0 1.0 0.0 0.026 0.789 0.842 0.816 2.0 0.075 0.030 0.667
0.0 0.0 0.0 1.0 0.0 0.0 0.0 0.0 1.0 0.0 0.158 0.658 0.711 0.684 2.0 0.209 0.134 0.667
0.0 0.0 0.0 1.0 0.0 0.0 0.0 0.0 0.0 0.0 0.211 0.605 0.658 0.632 3.0 0.239 0.224 0.667
0.0 0.0 0.0 1.0 0.0 0.0 0.0 0.0 1.0 0.0 0.158 0.658 0.711 0.684 2.0 0.209 0.134 0.667
0.0 0.0 0.0 1.0 0.0 0.0 0.0 0.0 1.0 0.0 0.158 0.658 0.711 0.684 2.0 0.299 0.090 0.667
0.0 0.0 0.0 1.0 0.0 0.0 0.0 0.0 0.0 0.0 0.263 0.553 0.605 0.579 4.0 0.284 0.269 0.667
0.0 0.0 0.0 1.0 0.0 0.0 0.0 0.0 1.0 0.0 0.158 0.658 0.711 0.684 2.0 0.358 0.090 0.667
0.0 1.0 0.0 0.0 0.0 0.0 0.0 0.0 0.0 0.0 0.184 0.632 0.684 0.658 2.0 0.493 0.164 0.667
0.0 1.0 0.0 0.0 0.0 0.0 0.0 0.0 0.0 0.0 0.184 0.632 0.684 0.658 2.0 0.164 0.149 0.667
0.0 0.0 0.0 1.0 0.0 0.0 0.0 0.0 1.0 0.0 0.158 0.658 0.711 0.684 2.0 0.194 0.134 0.667
0.0 1.0 0.0 0.0 0.0 0.0 0.0 0.0 0.0 0.0 0.237 0.579 0.632 0.605 2.0 0.179 0.239 0.667
0.0 0.0 0.0 1.0 0.0 0.0 0.0 0.0 0.0 0.0 0.211 0.605 0.658 0.632 3.0 0.209 0.224 0.667
0.0 0.0 0.0 0.0 0.0 1.0 0.0 0.0 0.0 0.0 0.158 0.658 0.711 0.684 2.0 0.582 0.179 0.667
0.0 0.0 0.0 1.0 0.0 0.0 0.0 0.0 1.0 0.0 0.184 0.632 0.684 0.658 2.0 0.313 0.164 0.667
0.0 0.0 0.0 0.0 0.0 1.0 0.0 0.0 0.0 0.0 0.158 0.658 0.711 0.684 2.0 0.507 0.149 0.667
0.0 0.0 0.0 1.0 0.0 0.0 0.0 0.0 1.0 0.0 0.026 0.789 0.842 0.816 2.0 0.090 0.030 0.667
0.0 1.0 0.0 0.0 0.0 0.0 0.0 0.0 0.0 0.0 0.211 0.605 0.658 0.632 2.0 0.134 0.209 0.667
0.0 0.0 0.0 1.0 0.0 0.0 0.0 0.0 0.0 0.0 0.184 0.632 0.684 0.658 2.0 0.119 0.194 0.667
0.0 0.0 0.0 1.0 0.0 0.0 0.0 0.0 1.0 0.0 0.158 0.658 0.711 0.684 2.0 0.194 0.134 0.667
0.0 0.0 0.0 0.0 0.0 1.0 0.0 0.0 0.0 0.0 0.132 0.684 0.737 0.711 2.0 0.448 0.134 0.667
0.0 0.0 0.0 1.0 0.0 0.0 0.0 0.0 0.0 0.0 0.053 0.105 0.816 0.561 2.0 0.552 0.030 1.000
0.0 0.0 0.0 1.0 0.0 0.0 0.0 0.0 1.0 0.0 0.158 0.658 0.711 0.684 2.0 0.284 0.090 0.667
0.0 0.0 0.0 1.0 0.0 0.0 0.0 0.0 1.0 0.0 0.158 0.658 0.711 0.684 3.0 0.343 0.104 0.667
0.0 1.0 0.0 0.0 0.0 0.0 0.0 0.0 1.0 0.0 0.026 0.789 0.842 0.816 2.0 0.060 0.030 0.667
0.0 0.0 0.0 1.0 0.0 0.0 0.0 0.0 1.0 0.0 0.184 0.632 0.684 0.658 2.0 0.119 0.104 0.667
0.0 1.0 0.0 0.0 0.0 0.0 0.0 0.0 0.0 0.0 0.158 0.658 0.711 0.684 2.0 0.269 0.090 0.667
0.0 0.0 0.0 1.0 0.0 0.0 0.0 0.0 0.0 0.0 0.132 0.684 0.737 0.711 2.0 0.627 0.075 0.667
0.0 0.0 0.0 1.0 0.0 0.0 0.0 0.0 0.0 0.0 0.053 0.763 0.816 0.789 2.0 0.373 0.030 0.667
0.0 1.0 0.0 0.0 0.0 0.0 0.0 0.0 1.0 0.0 0.026 0.132 0.842 0.588 1.0 0.254 0.015 1.000
1.0 0.0 0.0 0.0 0.0 0.0 0.0 0.0 1.0 0.0 0.026 0.789 0.842 0.816 2.0 0.090 0.030 0.667
0.0 1.0 0.0 0.0 0.0 0.0 0.0 0.0 0.0 0.0 0.132 0.684 0.737 0.711 2.0 0.343 0.119 0.667
0.0 0.0 0.0 1.0 0.0 0.0 0.0 0.0 0.0 0.0 0.132 0.000 0.000 0.000 2.0 0.090 0.075 0.000
0.0 0.0 0.0 1.0 0.0 0.0 0.0 0.0 0.0 0.0 0.079 0.000 0.000 0.000 2.0 0.164 0.060 0.000
0.0 0.0 0.0 1.0 0.0 0.0 0.0 0.0 1.0 0.0 0.026 0.000 0.000 0.000 2.0 0.060 0.030 0.000
0.0 0.0 0.0 1.0 0.0 0.0 0.0 0.0 1.0 0.0 0.105 0.000 0.000 0.000 2.0 0.134 0.060 0.000
0.0 0.0 0.0 1.0 0.0 0.0 0.0 0.0 0.0 0.0 0.184 0.000 0.000 0.000 2.0 0.119 0.209 0.000
0.0 0.0 0.0 1.0 0.0 0.0 0.0 0.0 0.0 0.0 0.158 0.000 0.000 0.000 2.0 0.224 0.090 0.000
0.0 1.0 0.0 0.0 0.0 0.0 0.0 0.0 0.0 0.0 0.132 0.684 0.737 0.711 1.0 0.299 0.060 0.667
0.0 0.0 0.0 1.0 0.0 0.0 0.0 0.0 0.0 0.0 0.105 0.711 0.763 0.737 2.0 0.582 0.060 0.667
0.0 1.0 0.0 0.0 0.0 0.0 0.0 0.0 0.0 0.0 0.079 0.737 0.789 0.763 1.0 0.269 0.030 0.667
0.0 1.0 0.0 0.0 0.0 0.0 0.0 0.0 0.0 0.0 0.053 0.763 0.816 0.789 2.0 0.403 0.030 0.667
0.0 1.0 0.0 0.0 0.0 0.0 0.0 0.0 1.0 0.0 0.026 0.132 0.842 0.588 1.0 0.418 0.015 1.000
0.0 0.0 0.0 1.0 0.0 0.0 0.0 0.0 0.0 0.0 0.158 0.658 0.658 0.658 2.0 0.343 0.194 0.333
0.0 1.0 0.0 0.0 0.0 0.0 0.0 0.0 0.0 0.0 0.132 0.684 0.684 0.684 2.0 0.209 0.090 0.333
0.0 0.0 0.0 1.0 0.0 0.0 0.0 0.0 0.0 0.0 0.105 0.711 0.711 0.711 2.0 0.239 0.075 0.333
0.0 1.0 0.0 0.0 0.0 0.0 0.0 0.0 0.0 0.0 0.079 0.737 0.789 0.763 1.0 0.448 0.030 0.667
0.0 1.0 0.0 0.0 0.0 0.0 0.0 0.0 0.0 0.0 0.053 0.763 0.816 0.789 2.0 0.507 0.030 0.667
0.0 1.0 0.0 0.0 0.0 0.0 0.0 0.0 1.0 0.0 0.026 0.789 0.842 0.816 1.0 0.373 0.015 0.667
0.0 0.0 0.0 0.0 0.0 1.0 0.0 0.0 1.0 0.0 0.079 0.737 0.789 0.763 2.0 0.463 0.045 0.667
0.0 1.0 0.0 0.0 0.0 0.0 0.0 0.0 0.0 0.0 0.053 0.763 0.816 0.789 2.0 0.612 0.030 0.667
0.0 1.0 0.0 0.0 0.0 0.0 0.0 0.0 1.0 0.0 0.026 0.789 0.842 0.816 1.0 0.343 0.015 0.667
0.0 0.0 1.0 0.0 0.0 0.0 0.0 0.0 0.0 0.0 0.105 0.711 0.763 0.737 3.0 0.463 0.104 0.667
0.0 0.0 0.0 0.0 0.0 1.0 0.0 0.0 0.0 0.0 0.079 0.737 0.789 0.763 4.0 0.224 0.075 0.667
0.0 0.0 0.0 0.0 0.0 1.0 0.0 0.0 1.0 0.0 0.053 0.763 0.816 0.789 2.0 0.164 0.030 0.667
0.0 0.0 0.0 0.0 0.0 1.0 0.0 0.0 1.0 0.0 0.053 0.763 0.816 0.789 2.0 0.164 0.030 0.667
0.0 1.0 0.0 0.0 0.0 0.0 0.0 0.0 1.0 0.0 0.026 0.789 0.842 0.816 1.0 0.239 0.015 0.667
0.0 0.0 1.0 0.0 0.0 0.0 0.0 0.0 1.0 0.0 0.053 0.763 0.816 0.789 2.0 0.164 0.030 0.667
0.0 1.0 0.0 0.0 0.0 0.0 0.0 0.0 1.0 0.0 0.026 0.789 0.842 0.816 1.0 0.313 0.015 0.667
0.0 0.0 0.0 0.0 0.0 1.0 0.0 0.0 1.0 0.0 0.053 0.763 0.816 0.789 2.0 0.134 0.030 0.667
0.0 0.0 0.0 1.0 0.0 0.0 0.0 0.0 1.0 0.0 0.053 0.763 0.816 0.789 2.0 0.164 0.030 0.667
0.0 1.0 0.0 0.0 0.0 0.0 0.0 0.0 1.0 0.0 0.026 0.789 0.842 0.816 1.0 0.134 0.015 0.667
0.0 0.0 0.0 1.0 0.0 0.0 0.0 0.0 0.0 0.0 0.079 0.737 0.789 0.763 2.0 0.254 0.045 0.667
0.0 1.0 0.0 0.0 0.0 0.0 0.0 0.0 1.0 0.0 0.026 0.789 0.842 0.816 1.0 0.164 0.015 0.667
0.0 1.0 0.0 0.0 0.0 0.0 0.0 0.0 0.0 0.0 0.053 0.763 0.816 0.789 2.0 0.358 0.030 0.667
0.0 1.0 0.0 0.0 0.0 0.0 0.0 0.0 1.0 0.0 0.026 0.789 0.842 0.816 1.0 0.343 0.015 0.667
