0.0 0.0 1.0 0.0 0.0 0.0 0.0 0.0 0.0 0.0 0.286 0.429 0.571 1.0 0.218 0.133 0.714
0.0 0.0 0.0 1.0 0.0 0.0 0.0 0.0 0.0 0.0 0.314 0.400 0.543 2.0 0.236 0.147 0.686
0.0 0.0 0.0 0.0 1.0 0.0 0.0 0.0 0.0 0.0 0.343 0.371 0.514 1.0 0.255 0.160 0.657
0.0 0.0 0.0 0.0 0.0 1.0 0.0 0.0 0.0 0.0 0.371 0.343 0.486 2.0 0.273 0.173 0.629
0.0 0.0 0.0 0.0 0.0 0.0 1.0 0.0 0.0 0.0 0.400 0.314 0.457 1.0 0.291 0.187 0.600
0.0 0.0 0.0 0.0 0.0 0.0 0.0 1.0 0.0 0.0 0.429 0.286 0.429 2.0 0.309 0.200 0.571
1.0 0.0 0.0 0.0 0.0 0.0 0.0 0.0 0.0 0.0 0.457 0.257 0.400 1.0 0.327 0.213 0.543
0.0 1.0 0.0 0.0 0.0 0.0 0.0 0.0 0.0 0.0 0.486 0.229 0.371 2.0 0.345 0.227 0.514
0.0 0.0 1.0 0.0 0.0 0.0 0.0 0.0 0.0 0.0 0.514 0.200 0.343 1.0 0.364 0.240 0.486
0.0 0.0 0.0 1.0 0.0 0.0 0.0 0.0 0.0 0.0 0.543 0.171 0.314 2.0 0.382 0.253 0.457
0.0 0.0 0.0 0.0 1.0 0.0 0.0 0.0 0.0 0.0 0.571 0.143 0.286 1.0 0.400 0.267 0.429
0.0 0.0 0.0 0.0 0.0 1.0 0.0 0.0 0.0 0.0 0.600 0.114 0.257 2.0 0.418 0.280 0.400
0.0 0.0 0.0 0.0 0.0 0.0 1.0 0.0 0.0 0.0 0.629 0.086 0.229 1.0 0.436 0.293 0.371
0.0 0.0 0.0 0.0 0.0 0.0 0.0 1.0 0.0 0.0 0.657 0.057 0.200 2.0 0.455 0.307 0.343
