0.0 0.0 0.0 0.0 0.0 1.0 0.0 0.0 0.0 0.0 0.212 0.000 0.000 0.000 3.0 0.918 0.070 0.000
0.0 1.0 0.0 0.0 0.0 0.0 0.0 0.0 1.0 0.0 0.030 0.030 0.030 0.030 1.0 0.082 0.006 0.500
0.0 1.0 0.0 0.0 0.0 0.0 0.0 0.0 0.0 0.0 0.061 0.000 0.000 0.000 1.0 0.082 0.006 0.000
0.0 1.0 0.0 0.0 0.0 0.0 0.0 0.0 0.0 0.0 0.061 0.000 0.000 0.000 1.0 0.082 0.006 0.000
0.0 1.0 0.0 0.0 0.0 0.0 0.0 0.0 0.0 1.0 0.061 0.000 0.000 0.000 1.0 0.082 0.006 0.500
1.0 0.0 0.0 0.0 0.0 0.0 0.0 0.0 1.0 0.0 0.030 0.000 0.000 0.000 1.0 0.020 0.006 0.000
1.0 0.0 0.0 0.0 0.0 0.0 0.0 0.0 1.0 0.0 0.030 0.000 0.000 0.000 1.0 0.020 0.006 0.000
0.0 1.0 0.0 0.0 0.0 0.0 0.0 0.0 1.0 0.0 0.030 0.000 0.000 0.000 1.0 0.082 0.006 0.000
0.0 1.0 0.0 0.0 0.0 0.0 0.0 0.0 0.0 0.0 0.061 0.000 0.000 0.000 1.0 0.082 0.006 0.000
0.0 1.0 0.0 0.0 0.0 0.0 0.0 0.0 0.0 0.0 0.061 0.000 0.000 0.000 1.0 0.082 0.006 0.000
0.0 1.0 0.0 0.0 0.0 0.0 0.0 0.0 0.0 0.0 0.061 0.000 0.000 0.000 1.0 0.082 0.006 0.000
1.0 0.0 0.0 0.0 0.0 0.0 0.0 0.0 0.0 0.0 0.455 0.000 0.000 0.000 1.0 0.082 0.216 0.000
1.0 0.0 0.0 0.0 0.0 0.0 0.0 0.0 0.0 0.0 0.273 0.000 0.000 0.000 1.0 0.082 0.070 0.000
1.0 0.0 0.0 0.0 0.0 0.0 0.0 0.0 0.0 0.0 0.242 0.000 0.000 0.000 1.0 0.082 0.064 0.000
1.0 0.0 0.0 0.0 0.0 0.0 0.0 0.0 0.0 0.0 0.242 0.000 0.000 0.000 1.0 0.082 0.064 0.000
0.0 1.0 0.0 0.0 0.0 0.0 0.0 0.0 0.0 0.0 0.485 0.000 0.000 0.000 2.0 0.082 0.099 0.000
0.0 1.0 0.0 0.0 0.0 0.0 0.0 0.0 1.0 0.0 0.030 0.000 0.000 0.000 2.0 0.020 0.012 0.000
0.0 0.0 0.0 1.0 0.0 0.0 0.0 0.0 0.0 0.0 0.424 0.000 0.000 0.000 2.0 0.143 0.216 0.000
0.0 0.0 0.0 1.0 0.0 0.0 0.0 0.0 0.0 0.0 0.182 0.000 0.000 0.000 2.0 0.306 0.047 0.000
0.0 0.0 0.0 1.0 0.0 0.0 0.0 0.0 1.0 0.0 0.394 0.000 0.000 0.000 2.0 0.143 0.216 0.000
0.0 0.0 0.0 0.0 0.0 0.0 1.0 0.0 0.0 0.0 0.364 0.000 0.000 0.000 2.0 0.184 0.211 0.000
0.0 0.0 0.0 0.0 0.0 0.0 1.0 0.0 0.0 0.0 0.333 0.000 0.000 0.000 2.0 0.224 0.140 0.000
0.0 0.0 0.0 1.0 0.0 0.0 0.0 0.0 0.0 0.0 0.303 0.000 0.000 0.000 2.0 0.204 0.082 0.000
0.0 0.0 0.0 1.0 0.0 0.0 0.0 0.0 0.0 0.0 0.273 0.000 0.000 0.000 2.0 0.306 0.082 0.000
0.0 0.0 0.0 1.0 0.0 0.0 0.0 0.0 0.0 0.0 0.242 0.000 0.000 0.000 2.0 0.245 0.058 0.000
0.0 0.0 0.0 1.0 0.0 0.0 0.0 0.0 0.0 0.0 0.242 0.000 0.000 0.000 2.0 0.224 0.082 0.000
0.0 0.0 0.0 0.0 0.0 0.0 1.0 0.0 0.0 0.0 0.212 0.000 0.000 0.000 2.0 0.490 0.058 0.000
0.0 0.0 0.0 0.0 0.0 0.0 1.0 0.0 0.0 0.0 0.242 0.000 0.000 0.000 2.0 0.245 0.082 0.000
0.0 0.0 0.0 1.0 0.0 0.0 0.0 0.0 0.0 0.0 0.879 0.000 0.000 0.000 2.0 0.204 0.520 0.000
0.0 0.0 0.0 1.0 0.0 0.0 0.0 0.0 0.0 0.0 0.242 0.000 0.000 0.000 2.0 0.143 0.070 0.000
0.0 0.0 0.0 1.0 0.0 0.0 0.0 0.0 0.0 0.0 0.182 0.000 0.000 0.000 2.0 0.347 0.041 0.000
0.0 0.0 0.0 1.0 0.0 0.0 0.0 0.0 1.0 0.0 0.212 0.000 0.000 0.000 2.0 0.163 0.047 0.000
0.0 0.0 0.0 1.0 0.0 0.0 0.0 0.0 0.0 0.0 0.212 0.000 0.000 0.000 2.0 0.143 0.064 0.000
0.0 0.0 0.0 1.0 0.0 0.0 0.0 0.0 0.0 0.0 0.182 0.000 0.000 0.000 2.0 0.449 0.041 0.000
0.0 0.0 0.0 1.0 0.0 0.0 0.0 0.0 1.0 0.0 0.182 0.000 0.000 0.000 2.0 0.306 0.041 0.000
0.0 1.0 0.0 0.0 0.0 0.0 0.0 0.0 0.0 0.0 0.424 0.000 0.000 0.000 1.0 0.122 0.708 0.000
0.0 0.0 0.0 1.0 0.0 0.0 0.0 0.0 0.0 1.0 0.212 0.000 0.000 0.000 2.0 0.143 0.064 0.500
0.0 0.0 0.0 1.0 0.0 0.0 0.0 0.0 1.0 0.0 0.182 0.030 0.030 0.030 2.0 0.265 0.041 0.500
0.0 0.0 0.0 1.0 0.0 0.0 0.0 0.0 0.0 0.0 0.182 0.030 0.030 0.030 2.0 0.327 0.041 0.500
0.0 1.0 0.0 0.0 0.0 0.0 0.0 0.0 1.0 0.0 0.030 0.182 0.182 0.182 1.0 0.265 0.006 0.500
0.0 1.0 0.0 0.0 0.0 0.0 0.0 0.0 0.0 0.0 0.091 0.000 0.000 0.000 2.0 0.082 0.053 0.000
0.0 0.0 0.0 0.0 0.0 1.0 0.0 0.0 0.0 0.0 0.061 0.000 0.000 0.000 2.0 0.122 0.047 0.000
0.0 0.0 0.0 1.0 0.0 0.0 0.0 0.0 1.0 0.0 0.030 0.000 0.000 0.000 3.0 0.020 0.018 0.000
0.0 1.0 0.0 0.0 0.0 0.0 0.0 0.0 1.0 0.0 0.030 0.000 0.000 0.000 1.0 0.020 0.006 0.000
0.0 1.0 0.0 0.0 0.0 0.0 0.0 0.0 1.0 0.0 0.030 0.000 0.000 0.000 1.0 0.020 0.006 0.000
0.0 1.0 0.0 0.0 0.0 0.0 0.0 0.0 1.0 0.0 0.030 0.000 0.000 0.000 1.0 0.020 0.006 0.000
0.0 1.0 0.0 0.0 0.0 0.0 0.0 0.0 1.0 0.0 0.030 0.000 0.000 0.000 1.0 0.020 0.006 0.000
0.0 0.0 0.0 1.0 0.0 0.0 0.0 0.0 1.0 0.0 0.061 0.000 0.000 0.000 2.0 0.082 0.018 0.000
0.0 1.0 0.0 0.0 0.0 0.0 0.0 0.0 0.0 0.0 0.939 0.000 0.000 0.000 2.0 0.102 0.585 0.000
0.0 1.0 0.0 0.0 0.0 0.0 0.0 0.0 0.0 0.0 1.000 0.000 0.000 0.000 1.0 0.122 1.000 0.000
0.0 0.0 0.0 0.0 0.0 1.0 0.0 0.0 0.0 0.0 0.970 0.000 0.000 0.000 4.0 0.347 1.000 0.000
0.0 0.0 0.0 0.0 1.0 0.0 0.0 0.0 0.0 0.0 0.939 0.000 0.000 0.000 4.0 0.367 0.830 0.000
0.0 0.0 1.0 0.0 0.0 0.0 0.0 0.0 0.0 0.0 0.909 0.000 0.000 0.000 2.0 0.306 0.579 0.000
0.0 0.0 0.0 1.0 0.0 0.0 0.0 0.0 0.0 0.0 0.242 0.000 0.000 0.000 3.0 0.510 0.129 0.000
0.0 0.0 0.0 1.0 0.0 0.0 0.0 0.0 0.0 0.0 0.182 0.000 0.000 0.000 2.0 0.204 0.070 0.000
0.0 0.0 0.0 0.0 1.0 0.0 0.0 0.0 1.0 0.0 0.152 0.000 0.000 0.000 2.0 0.245 0.041 0.000
0.0 0.0 0.0 0.0 1.0 0.0 0.0 0.0 1.0 0.0 0.152 0.000 0.000 0.000 2.0 0.245 0.041 0.000
0.0 0.0 0.0 0.0 0.0 0.0 1.0 0.0 0.0 0.0 0.879 0.000 0.000 0.000 2.0 0.245 0.579 0.000
0.0 0.0 0.0 1.0 0.0 0.0 0.0 0.0 0.0 0.0 0.727 0.000 0.000 0.000 3.0 0.286 0.526 0.000
0.0 0.0 0.0 1.0 0.0 0.0 0.0 0.0 0.0 0.0 0.697 0.000 0.000 0.000 3.0 0.347 0.480 0.000
0.0 0.0 0.0 1.0 0.0 0.0 0.0 0.0 0.0 0.0 0.242 0.000 0.000 0.000 3.0 0.469 0.099 0.000
0.0 0.0 0.0 1.0 0.0 0.0 0.0 0.0 0.0 0.0 0.667 0.000 0.000 0.000 3.0 0.327 0.450 0.000
0.0 0.0 0.0 1.0 0.0 0.0 0.0 0.0 0.0 0.0 0.394 0.000 0.000 0.000 2.0 0.184 0.135 0.000
0.0 1.0 0.0 0.0 0.0 0.0 0.0 0.0 0.0 0.0 0.364 0.000 0.000 0.000 1.0 0.163 0.094 0.000
0.0 1.0 0.0 0.0 0.0 0.0 0.0 0.0 0.0 0.0 0.303 0.000 0.000 0.000 2.0 0.204 0.117 0.000
0.0 0.0 0.0 1.0 0.0 0.0 0.0 0.0 0.0 0.0 0.636 0.000 0.000 0.000 3.0 0.306 0.415 0.000
0.0 0.0 0.0 1.0 0.0 0.0 0.0 0.0 0.0 0.0 0.333 0.000 0.000 0.000 2.0 0.265 0.117 0.000
0.0 0.0 0.0 1.0 0.0 0.0 0.0 0.0 0.0 0.0 0.606 0.000 0.000 0.000 3.0 0.286 0.368 0.000
0.0 1.0 0.0 0.0 0.0 0.0 0.0 0.0 0.0 0.0 0.364 0.000 0.000 0.000 2.0 0.163 0.123 0.000
0.0 0.0 0.0 0.0 0.0 1.0 0.0 0.0 0.0 0.0 0.333 0.000 0.000 0.000 2.0 0.224 0.117 0.000
0.0 1.0 0.0 0.0 0.0 0.0 0.0 0.0 0.0 0.0 0.303 0.000 0.000 0.000 2.0 0.204 0.111 0.000
0.0 0.0 0.0 1.0 0.0 0.0 0.0 0.0 0.0 0.0 0.576 0.000 0.000 0.000 3.0 0.306 0.333 0.000
0.0 0.0 0.0 1.0 0.0 0.0 0.0 0.0 0.0 0.0 0.394 0.000 0.000 0.000 2.0 0.265 0.135 0.000
0.0 0.0 0.0 1.0 0.0 0.0 0.0 0.0 0.0 0.0 0.545 0.000 0.000 0.000 3.0 0.286 0.292 0.000
0.0 0.0 0.0 0.0 1.0 0.0 0.0 0.0 0.0 0.0 0.485 0.000 0.000 0.000 2.0 0.245 0.216 0.000
0.0 0.0 0.0 1.0 0.0 0.0 0.0 0.0 1.0 0.0 0.424 0.000 0.000 0.000 3.0 0.327 0.135 0.000
0.0 1.0 0.0 0.0 0.0 0.0 0.0 0.0 0.0 0.0 0.394 0.000 0.000 0.000 1.0 0.163 0.099 0.000
0.0 0.0 0.0 1.0 0.0 0.0 0.0 0.0 0.0 0.0 0.364 0.000 0.000 0.000 2.0 0.245 0.099 0.000
0.0 0.0 0.0 1.0 0.0 0.0 0.0 0.0 0.0 0.0 0.333 0.000 0.000 0.000 2.0 0.245 0.094 0.000
0.0 0.0 0.0 1.0 0.0 0.0 0.0 0.0 0.0 0.0 0.273 0.000 0.000 0.000 2.0 0.347 0.082 0.000
0.0 0.0 0.0 1.0 0.0 0.0 0.0 0.0 0.0 0.0 0.515 0.000 0.000 0.000 2.0 0.388 0.240 0.000
0.0 0.0 0.0 1.0 0.0 0.0 0.0 0.0 0.0 0.0 0.485 0.000 0.000 0.000 2.0 0.224 0.216 0.000
0.0 0.0 0.0 1.0 0.0 0.0 0.0 0.0 0.0 0.0 0.303 0.000 0.000 0.000 2.0 0.224 0.088 0.000
0.0 0.0 0.0 1.0 0.0 0.0 0.0 0.0 0.0 0.0 0.273 0.000 0.000 0.000 2.0 0.265 0.082 0.000
0.0 0.0 0.0 0.0 1.0 0.0 0.0 0.0 1.0 0.0 0.273 0.000 0.000 0.000 2.0 0.306 0.076 0.000
0.0 0.0 0.0 1.0 0.0 0.0 0.0 0.0 0.0 0.0 0.455 0.000 0.000 0.000 2.0 0.245 0.205 0.000
0.0 0.0 0.0 1.0 0.0 0.0 0.0 0.0 0.0 0.0 0.424 0.000 0.000 0.000 2.0 0.204 0.205 0.000
0.0 0.0 0.0 1.0 0.0 0.0 0.0 0.0 0.0 0.0 0.394 0.000 0.000 0.000 2.0 0.224 0.158 0.000
0.0 0.0 0.0 1.0 0.0 0.0 0.0 0.0 0.0 0.0 0.364 0.000 0.000 0.000 3.0 0.327 0.158 0.000
0.0 0.0 0.0 0.0 1.0 0.0 0.0 0.0 0.0 0.0 0.333 0.000 0.000 0.000 2.0 0.286 0.123 0.000
0.0 0.0 0.0 1.0 0.0 0.0 0.0 0.0 0.0 0.0 0.303 0.000 0.000 0.000 2.0 0.224 0.088 0.000
0.0 0.0 0.0 1.0 0.0 0.0 0.0 0.0 0.0 0.0 0.273 0.000 0.000 0.000 2.0 0.224 0.082 0.000
0.0 0.0 0.0 1.0 0.0 0.0 0.0 0.0 0.0 0.0 0.242 0.000 0.000 0.000 2.0 0.347 0.076 0.000
0.0 0.0 0.0 1.0 0.0 0.0 0.0 0.0 0.0 0.0 0.333 0.000 0.000 0.000 2.0 0.265 0.123 0.000
0.0 0.0 0.0 1.0 0.0 0.0 0.0 0.0 0.0 0.0 0.303 0.000 0.000 0.000 2.0 0.224 0.088 0.000
0.0 0.0 0.0 1.0 0.0 0.0 0.0 0.0 0.0 0.0 0.273 0.000 0.000 0.000 2.0 0.265 0.082 0.000
0.0 0.0 0.0 0.0 1.0 0.0 0.0 0.0 1.0 0.0 0.273 0.000 0.000 0.000 2.0 0.306 0.076 0.000
0.0 1.0 0.0 0.0 0.0 0.0 0.0 0.0 0.0 0.0 0.364 0.000 0.000 0.000 2.0 0.143 0.135 0.000
0.0 0.0 0.0 0.0 1.0 0.0 0.0 0.0 0.0 0.0 0.333 0.000 0.000 0.000 2.0 0.265 0.129 0.000
0.0 0.0 0.0 1.0 0.0 0.0 0.0 0.0 0.0 0.0 0.333 0.000 0.000 0.000 2.0 0.306 0.129 0.000
0.0 0.0 0.0 1.0 0.0 0.0 0.0 0.0 0.0 0.0 0.303 0.000 0.000 0.000 2.0 0.245 0.094 0.000
0.0 0.0 0.0 1.0 0.0 0.0 0.0 0.0 0.0 0.0 0.273 0.000 0.000 0.000 2.0 0.245 0.082 0.000
0.0 1.0 0.0 0.0 0.0 0.0 0.0 0.0 0.0 0.0 0.242 0.000 0.000 0.000 2.0 0.490 0.076 0.000
0.0 0.0 0.0 1.0 0.0 0.0 0.0 0.0 0.0 0.0 0.242 0.000 0.000 0.000 2.0 0.388 0.082 0.000
0.0 0.0 0.0 1.0 0.0 0.0 0.0 0.0 0.0 0.0 0.394 0.000 0.000 0.000 2.0 0.265 0.140 0.000
0.0 0.0 0.0 0.0 1.0 0.0 0.0 0.0 0.0 0.0 0.394 0.000 0.000 0.000 2.0 0.265 0.140 0.000
0.0 0.0 0.0 1.0 0.0 0.0 0.0 0.0 0.0 0.0 0.364 0.000 0.000 0.000 2.0 0.265 0.099 0.000
0.0 0.0 0.0 1.0 0.0 0.0 0.0 0.0 0.0 0.0 0.333 0.000 0.000 0.000 2.0 0.265 0.094 0.000
0.0 0.0 0.0 1.0 0.0 0.0 0.0 0.0 0.0 0.0 0.303 0.000 0.000 0.000 2.0 0.224 0.088 0.000
0.0 1.0 0.0 0.0 0.0 0.0 0.0 0.0 0.0 0.0 0.273 0.000 0.000 0.000 2.0 0.286 0.082 0.000
0.0 1.0 0.0 0.0 0.0 0.0 0.0 0.0 1.0 0.0 0.273 0.000 0.000 0.000 3.0 0.306 0.082 0.000
0.0 0.0 0.0 1.0 0.0 0.0 0.0 0.0 0.0 0.0 0.364 0.000 0.000 0.000 2.0 0.224 0.135 0.000
0.0 1.0 0.0 0.0 0.0 0.0 0.0 0.0 0.0 0.0 0.303 0.000 0.000 0.000 2.0 0.204 0.117 0.000
0.0 0.0 0.0 1.0 0.0 0.0 0.0 0.0 0.0 0.0 0.333 0.000 0.000 0.000 2.0 0.204 0.094 0.000
0.0 1.0 0.0 0.0 0.0 0.0 0.0 0.0 0.0 0.0 0.303 0.000 0.000 0.000 2.0 0.204 0.088 0.000
0.0 1.0 0.0 0.0 0.0 0.0 0.0 0.0 1.0 0.0 0.273 0.000 0.000 0.000 3.0 0.163 0.088 0.000
0.0 0.0 0.0 1.0 0.0 0.0 0.0 0.0 0.0 0.0 0.242 0.000 0.000 0.000 2.0 0.367 0.076 0.000
0.0 0.0 0.0 1.0 0.0 0.0 0.0 0.0 0.0 0.0 0.242 0.000 0.000 0.000 3.0 0.551 0.117 0.000
0.0 1.0 0.0 0.0 0.0 0.0 0.0 0.0 0.0 0.0 0.061 0.000 0.000 0.000 2.0 0.143 0.012 0.000
0.0 0.0 0.0 1.0 0.0 0.0 0.0 0.0 0.0 0.0 0.848 0.000 0.000 0.000 2.0 0.245 0.520 0.000
0.0 0.0 0.0 1.0 0.0 0.0 0.0 0.0 0.0 0.0 0.818 0.000 0.000 0.000 2.0 0.265 0.474 0.000
0.0 0.0 0.0 1.0 0.0 0.0 0.0 0.0 0.0 0.0 0.788 0.000 0.000 0.000 3.0 0.224 0.474 0.000
0.0 0.0 0.0 1.0 0.0 0.0 0.0 0.0 0.0 0.0 0.758 0.000 0.000 0.000 2.0 0.265 0.439 0.000
0.0 0.0 0.0 1.0 0.0 0.0 0.0 0.0 0.0 0.0 0.242 0.000 0.000 0.000 3.0 0.510 0.111 0.000
0.0 1.0 0.0 0.0 0.0 0.0 0.0 0.0 1.0 0.0 0.030 0.000 0.000 0.000 1.0 0.163 0.006 0.000
0.0 0.0 0.0 1.0 0.0 0.0 0.0 0.0 0.0 0.0 0.727 0.000 0.000 0.000 2.0 0.204 0.439 0.000
0.0 0.0 0.0 1.0 0.0 0.0 0.0 0.0 1.0 0.0 0.242 0.000 0.000 0.000 3.0 0.490 0.111 0.000
0.0 0.0 0.0 1.0 0.0 0.0 0.0 0.0 0.0 0.0 0.697 0.000 0.000 0.000 2.0 0.204 0.409 0.000
0.0 0.0 0.0 1.0 0.0 0.0 0.0 0.0 0.0 0.0 0.333 0.000 0.000 0.000 2.0 0.163 0.129 0.000
0.0 1.0 0.0 0.0 0.0 0.0 0.0 0.0 0.0 0.0 0.303 0.000 0.000 0.000 2.0 0.184 0.088 0.000
0.0 1.0 0.0 0.0 0.0 0.0 0.0 0.0 0.0 0.0 0.303 0.000 0.000 0.000 2.0 0.204 0.117 0.000
0.0 0.0 0.0 1.0 0.0 0.0 0.0 0.0 0.0 0.0 0.667 0.000 0.000 0.000 2.0 0.204 0.409 0.000
0.0 0.0 0.0 1.0 0.0 0.0 0.0 0.0 0.0 0.0 0.636 0.000 0.000 0.000 2.0 0.224 0.368 0.000
0.0 0.0 0.0 1.0 0.0 0.0 0.0 0.0 0.0 0.0 0.606 0.000 0.000 0.000 3.0 0.286 0.368 0.000
0.0 0.0 0.0 0.0 1.0 0.0 0.0 0.0 0.0 0.0 0.545 0.000 0.000 0.000 2.0 0.265 0.327 0.000
0.0 0.0 0.0 1.0 0.0 0.0 0.0 0.0 0.0 0.0 0.576 0.000 0.000 0.000 3.0 0.306 0.339 0.000
0.0 0.0 0.0 1.0 0.0 0.0 0.0 0.0 0.0 0.0 0.545 0.000 0.000 0.000 2.0 0.265 0.327 0.000
0.0 0.0 0.0 1.0 0.0 0.0 0.0 0.0 1.0 0.0 0.212 0.000 0.000 0.000 2.0 0.306 0.047 0.000
0.0 0.0 0.0 1.0 0.0 0.0 0.0 0.0 0.0 0.0 0.515 0.000 0.000 0.000 2.0 0.245 0.298 0.000
0.0 0.0 0.0 1.0 0.0 0.0 0.0 0.0 0.0 0.0 0.485 0.000 0.000 0.000 2.0 0.245 0.298 0.000
0.0 0.0 0.0 1.0 0.0 0.0 0.0 0.0 1.0 0.0 0.303 0.000 0.000 0.000 4.0 0.265 0.135 0.000
0.0 0.0 0.0 1.0 0.0 0.0 0.0 0.0 0.0 0.0 0.273 0.000 0.000 0.000 2.0 0.347 0.082 0.000
0.0 1.0 0.0 0.0 0.0 0.0 0.0 0.0 0.0 0.0 0.182 0.000 0.000 0.000 2.0 0.286 0.041 0.000
0.0 0.0 0.0 1.0 0.0 0.0 0.0 0.0 0.0 0.0 0.455 0.000 0.000 0.000 2.0 0.224 0.246 0.000
0.0 0.0 0.0 1.0 0.0 0.0 0.0 0.0 0.0 0.0 0.424 0.000 0.000 0.000 3.0 0.224 0.246 0.000
0.0 0.0 0.0 1.0 0.0 0.0 0.0 0.0 0.0 0.0 0.394 0.000 0.000 0.000 2.0 0.367 0.234 0.000
0.0 1.0 0.0 0.0 0.0 0.0 0.0 0.0 0.0 0.0 0.364 0.000 0.000 0.000 2.0 0.184 0.211 0.000
0.0 0.0 0.0 1.0 0.0 0.0 0.0 0.0 1.0 0.0 0.242 0.000 0.000 0.000 2.0 0.327 0.076 0.000
0.0 0.0 0.0 1.0 0.0 0.0 0.0 0.0 1.0 0.0 0.273 0.000 0.000 0.000 2.0 0.306 0.076 0.000
0.0 0.0 0.0 1.0 0.0 0.0 0.0 0.0 0.0 0.0 0.364 0.000 0.000 0.000 2.0 0.224 0.228 0.000
0.0 1.0 0.0 0.0 0.0 0.0 0.0 0.0 0.0 0.0 0.182 0.000 0.000 0.000 1.0 0.306 0.035 0.000
0.0 0.0 0.0 1.0 0.0 0.0 0.0 0.0 0.0 0.0 0.333 0.000 0.000 0.000 3.0 0.408 0.205 0.000
0.0 0.0 0.0 1.0 0.0 0.0 0.0 0.0 0.0 0.0 0.303 0.000 0.000 0.000 3.0 0.367 0.123 0.000
0.0 0.0 0.0 1.0 0.0 0.0 0.0 0.0 1.0 0.0 0.273 0.000 0.000 0.000 2.0 0.306 0.076 0.000
0.0 0.0 0.0 1.0 0.0 0.0 0.0 0.0 0.0 0.0 0.242 0.000 0.000 0.000 2.0 0.408 0.082 0.000
0.0 0.0 0.0 1.0 0.0 0.0 0.0 0.0 0.0 0.0 0.273 0.000 0.000 0.000 4.0 0.510 0.187 0.000
0.0 0.0 0.0 1.0 0.0 0.0 0.0 0.0 0.0 0.0 0.242 0.000 0.000 0.000 2.0 0.469 0.070 0.000
0.0 0.0 0.0 1.0 0.0 0.0 0.0 0.0 0.0 0.0 0.212 0.000 0.000 0.000 2.0 0.245 0.047 0.000
0.0 0.0 0.0 1.0 0.0 0.0 0.0 0.0 1.0 0.0 0.242 0.000 0.000 0.000 2.0 0.184 0.076 0.000
0.0 0.0 0.0 1.0 0.0 0.0 0.0 0.0 0.0 0.0 0.212 0.000 0.000 0.000 2.0 0.184 0.070 0.000
0.0 1.0 0.0 0.0 0.0 0.0 0.0 0.0 1.0 0.0 0.030 0.000 0.000 0.000 2.0 0.143 0.012 0.000
0.0 0.0 0.0 1.0 0.0 0.0 0.0 0.0 0.0 0.0 0.242 0.000 0.000 0.000 2.0 0.265 0.053 0.000
0.0 0.0 0.0 1.0 0.0 0.0 0.0 0.0 0.0 0.0 0.273 0.000 0.000 0.000 4.0 0.469 0.181 0.000
0.0 0.0 0.0 1.0 0.0 0.0 0.0 0.0 0.0 0.0 0.242 0.000 0.000 0.000 2.0 0.469 0.070 0.000
0.0 0.0 0.0 1.0 0.0 0.0 0.0 0.0 0.0 0.0 0.212 0.000 0.000 0.000 2.0 0.245 0.047 0.000
0.0 0.0 0.0 1.0 0.0 0.0 0.0 0.0 1.0 0.0 0.242 0.000 0.000 0.000 2.0 0.184 0.076 0.000
0.0 0.0 0.0 1.0 0.0 0.0 0.0 0.0 0.0 0.0 0.212 0.000 0.000 0.000 2.0 0.184 0.070 0.000
0.0 1.0 0.0 0.0 0.0 0.0 0.0 0.0 1.0 0.0 0.030 0.000 0.000 0.000 2.0 0.143 0.012 0.000
0.0 0.0 0.0 0.0 0.0 1.0 0.0 0.0 0.0 0.0 0.182 0.000 0.000 0.000 2.0 0.612 0.058 0.000
0.0 0.0 0.0 1.0 0.0 0.0 0.0 0.0 1.0 0.0 0.242 0.000 0.000 0.000 2.0 0.184 0.047 0.000
0.0 1.0 0.0 0.0 0.0 0.0 0.0 0.0 0.0 0.0 0.212 0.000 0.000 0.000 2.0 0.265 0.041 0.000
0.0 0.0 0.0 1.0 0.0 0.0 0.0 0.0 0.0 0.0 0.333 0.000 0.000 0.000 2.0 0.204 0.135 0.000
0.0 0.0 0.0 1.0 0.0 0.0 0.0 0.0 0.0 0.0 0.303 0.000 0.000 0.000 2.0 0.224 0.094 0.000
0.0 0.0 0.0 1.0 0.0 0.0 0.0 0.0 0.0 0.0 0.273 0.000 0.000 0.000 2.0 0.388 0.088 0.000
0.0 1.0 0.0 0.0 0.0 0.0 0.0 0.0 0.0 0.0 0.061 0.000 0.000 0.000 2.0 0.163 0.012 0.000
0.0 0.0 0.0 1.0 0.0 0.0 0.0 0.0 1.0 0.0 0.273 0.000 0.000 0.000 3.0 0.327 0.088 0.000
0.0 1.0 0.0 0.0 0.0 0.0 0.0 0.0 0.0 0.0 0.061 0.000 0.000 0.000 2.0 0.184 0.012 0.000
0.0 1.0 0.0 0.0 0.0 0.0 0.0 0.0 0.0 0.0 0.212 0.000 0.000 0.000 2.0 0.163 0.041 0.000
0.0 0.0 0.0 1.0 0.0 0.0 0.0 0.0 1.0 0.0 0.273 0.000 0.000 0.000 3.0 0.388 0.082 0.000
0.0 1.0 0.0 0.0 0.0 0.0 0.0 0.0 0.0 0.0 0.242 0.000 0.000 0.000 1.0 0.714 0.070 0.000
0.0 0.0 0.0 1.0 0.0 0.0 0.0 0.0 0.0 0.0 0.273 0.000 0.000 0.000 2.0 0.408 0.082 0.000
0.0 0.0 0.0 0.0 1.0 0.0 0.0 0.0 0.0 0.0 0.333 0.000 0.000 0.000 2.0 0.265 0.117 0.000
0.0 0.0 0.0 1.0 0.0 0.0 0.0 0.0 0.0 0.0 0.333 0.000 0.000 0.000 2.0 0.245 0.117 0.000
0.0 1.0 0.0 0.0 0.0 0.0 0.0 0.0 0.0 0.0 0.303 0.000 0.000 0.000 2.0 0.204 0.111 0.000
0.0 0.0 0.0 1.0 0.0 0.0 0.0 0.0 0.0 0.0 0.273 0.000 0.000 0.000 2.0 0.469 0.105 0.000
0.0 0.0 1.0 0.0 0.0 0.0 0.0 0.0 0.0 0.0 0.273 0.000 0.000 0.000 2.0 0.449 0.082 0.000
0.0 0.0 0.0 1.0 0.0 0.0 0.0 0.0 0.0 0.0 0.333 0.000 0.000 0.000 2.0 0.163 0.129 0.000
0.0 1.0 0.0 0.0 0.0 0.0 0.0 0.0 0.0 0.0 0.303 0.000 0.000 0.000 2.0 0.184 0.088 0.000
0.0 0.0 1.0 0.0 0.0 0.0 0.0 0.0 0.0 0.0 0.273 0.000 0.000 0.000 2.0 0.408 0.082 0.000
0.0 1.0 0.0 0.0 0.0 0.0 0.0 0.0 0.0 0.0 0.303 0.000 0.000 0.000 2.0 0.204 0.117 0.000
0.0 0.0 1.0 0.0 0.0 0.0 0.0 0.0 0.0 0.0 0.273 0.000 0.000 0.000 2.0 0.531 0.111 0.000
0.0 0.0 1.0 0.0 0.0 0.0 0.0 0.0 1.0 0.0 0.242 0.000 0.000 0.000 2.0 0.939 0.076 0.000
0.0 0.0 0.0 1.0 0.0 0.0 0.0 0.0 1.0 0.0 0.212 0.000 0.000 0.000 3.0 1.000 0.070 0.000
1.0 0.0 0.0 0.0 0.0 0.0 0.0 0.0 0.0 0.0 0.273 0.000 0.000 0.000 2.0 0.184 0.105 0.000
0.0 0.0 0.0 1.0 0.0 0.0 0.0 0.0 1.0 0.0 0.242 0.000 0.000 0.000 3.0 0.531 0.099 0.000
0.0 1.0 0.0 0.0 0.0 0.0 0.0 0.0 0.0 0.0 0.273 0.000 0.000 0.000 2.0 0.163 0.105 0.000
0.0 0.0 0.0 1.0 0.0 0.0 0.0 0.0 0.0 0.0 0.242 0.000 0.000 0.000 2.0 0.347 0.099 0.000
0.0 0.0 0.0 1.0 0.0 0.0 0.0 0.0 1.0 0.0 0.182 0.000 0.000 0.000 2.0 0.163 0.041 0.000
0.0 0.0 0.0 1.0 0.0 0.0 0.0 0.0 0.0 0.0 0.242 0.000 0.000 0.000 3.0 0.429 0.105 0.000
0.0 1.0 0.0 0.0 0.0 0.0 0.0 0.0 0.0 0.0 0.182 0.000 0.000 0.000 2.0 0.184 0.041 0.000
0.0 1.0 0.0 0.0 0.0 0.0 0.0 0.0 0.0 0.0 0.152 0.000 0.000 0.000 1.0 0.347 0.035 0.000
0.0 0.0 0.0 1.0 0.0 0.0 0.0 0.0 0.0 0.0 0.242 0.000 0.000 0.000 2.0 0.449 0.129 0.000
0.0 0.0 0.0 1.0 0.0 0.0 0.0 0.0 0.0 0.0 0.182 0.000 0.000 0.000 2.0 0.204 0.070 0.000
0.0 0.0 0.0 1.0 0.0 0.0 0.0 0.0 1.0 0.0 0.152 0.000 0.000 0.000 2.0 0.245 0.041 0.000
0.0 0.0 0.0 1.0 0.0 0.0 0.0 0.0 1.0 0.0 0.152 0.000 0.000 0.000 2.0 0.347 0.041 0.000
0.0 1.0 0.0 0.0 0.0 0.0 0.0 0.0 1.0 0.0 0.030 0.000 0.000 0.000 1.0 0.265 0.006 0.000
0.0 0.0 0.0 0.0 0.0 1.0 0.0 0.0 1.0 0.0 0.182 0.000 0.000 0.000 2.0 0.531 0.041 0.000
0.0 0.0 1.0 0.0 0.0 0.0 0.0 0.0 1.0 0.0 0.455 0.000 0.000 0.000 2.0 0.184 0.094 0.000
0.0 1.0 0.0 0.0 0.0 0.0 0.0 0.0 0.0 0.0 0.424 0.000 0.000 0.000 2.0 0.143 0.088 0.000
0.0 0.0 0.0 0.0 0.0 1.0 0.0 0.0 0.0 0.0 0.394 0.000 0.000 0.000 2.0 0.163 0.082 0.000
0.0 1.0 0.0 0.0 0.0 0.0 0.0 0.0 0.0 0.0 0.364 0.000 0.000 0.000 2.0 0.143 0.082 0.000
0.0 0.0 0.0 0.0 0.0 1.0 0.0 0.0 0.0 0.0 0.333 0.000 0.000 0.000 2.0 0.204 0.076 0.000
0.0 0.0 1.0 0.0 0.0 0.0 0.0 0.0 0.0 0.0 0.333 0.000 0.000 0.000 2.0 0.224 0.076 0.000
0.0 0.0 0.0 0.0 0.0 0.0 1.0 0.0 0.0 0.0 0.061 0.000 0.000 0.000 2.0 0.163 0.023 0.000
0.0 0.0 0.0 0.0 0.0 0.0 1.0 0.0 1.0 0.0 0.030 0.000 0.000 0.000 2.0 0.102 0.012 0.000
0.0 0.0 0.0 0.0 0.0 0.0 0.0 1.0 1.0 0.0 0.030 0.000 0.000 0.000 2.0 0.102 0.012 0.000
0.0 0.0 0.0 1.0 0.0 0.0 0.0 0.0 0.0 0.0 0.303 0.000 0.000 0.000 2.0 0.224 0.053 0.000
0.0 0.0 0.0 1.0 0.0 0.0 0.0 0.0 0.0 0.0 0.273 0.000 0.000 0.000 2.0 0.184 0.053 0.000
0.0 1.0 0.0 0.0 0.0 0.0 0.0 0.0 1.0 0.0 0.030 0.000 0.000 0.000 1.0 0.082 0.006 0.000
0.0 0.0 0.0 1.0 0.0 0.0 0.0 0.0 0.0 0.0 0.242 0.000 0.000 0.000 2.0 0.184 0.047 0.000
0.0 0.0 0.0 1.0 0.0 0.0 0.0 0.0 0.0 0.0 0.212 0.000 0.000 0.000 2.0 0.204 0.047 0.000
0.0 0.0 0.0 1.0 0.0 0.0 0.0 0.0 1.0 0.0 0.212 0.000 0.000 0.000 2.0 0.163 0.047 0.000
0.0 0.0 0.0 1.0 0.0 0.0 0.0 0.0 1.0 0.0 0.273 0.000 0.000 0.000 2.0 0.163 0.053 0.000
0.0 0.0 0.0 1.0 0.0 0.0 0.0 0.0 0.0 0.0 0.242 0.000 0.000 0.000 2.0 0.163 0.047 0.000
0.0 0.0 0.0 1.0 0.0 0.0 0.0 0.0 0.0 0.0 0.212 0.000 0.000 0.000 2.0 0.204 0.047 0.000
0.0 1.0 0.0 0.0 0.0 0.0 0.0 0.0 1.0 0.0 0.030 0.000 0.000 0.000 1.0 0.143 0.006 0.000
0.0 0.0 0.0 1.0 0.0 0.0 0.0 0.0 0.0 0.0 0.182 0.000 0.000 0.000 2.0 0.245 0.041 0.000
0.0 0.0 0.0 1.0 0.0 0.0 0.0 0.0 0.0 0.0 0.152 0.000 0.000 0.000 2.0 0.245 0.035 0.000
0.0 1.0 0.0 0.0 0.0 0.0 0.0 0.0 0.0 0.0 0.091 0.000 0.000 0.000 3.0 0.245 0.035 0.000
0.0 0.0 0.0 1.0 0.0 0.0 0.0 0.0 1.0 0.0 0.212 0.000 0.000 0.000 2.0 0.163 0.047 0.000
0.0 0.0 0.0 1.0 0.0 0.0 0.0 0.0 0.0 0.0 0.182 0.000 0.000 0.000 2.0 0.245 0.041 0.000
0.0 0.0 0.0 1.0 0.0 0.0 0.0 0.0 0.0 0.0 0.152 0.000 0.000 0.000 2.0 0.245 0.035 0.000
0.0 0.0 0.0 1.0 0.0 0.0 0.0 0.0 0.0 0.0 0.121 0.000 0.000 0.000 2.0 0.204 0.023 0.000
0.0 1.0 0.0 0.0 0.0 0.0 0.0 0.0 0.0 0.0 0.091 0.000 0.000 0.000 2.0 0.163 0.023 0.000
0.0 1.0 0.0 0.0 0.0 0.0 0.0 0.0 0.0 0.0 0.091 0.000 0.000 0.000 3.0 0.245 0.035 0.000
0.0 1.0 0.0 0.0 0.0 0.0 0.0 0.0 0.0 0.0 0.061 0.000 0.000 0.000 1.0 0.204 0.012 0.000
0.0 0.0 0.0 0.0 0.0 0.0 0.0 1.0 1.0 0.0 0.030 0.000 0.000 0.000 2.0 0.204 0.012 0.000
0.0 1.0 0.0 0.0 0.0 0.0 0.0 0.0 0.0 0.0 0.061 0.000 0.000 0.000 2.0 0.204 0.018 0.000
0.0 0.0 0.0 0.0 0.0 0.0 0.0 1.0 1.0 0.0 0.030 0.000 0.000 0.000 2.0 0.163 0.012 0.000
0.0 0.0 1.0 0.0 0.0 0.0 0.0 0.0 0.0 0.0 0.424 0.000 0.000 0.000 2.0 0.204 0.251 0.000
0.0 0.0 0.0 0.0 0.0 0.0 1.0 0.0 0.0 0.0 0.394 0.000 0.000 0.000 2.0 0.204 0.246 0.000
0.0 0.0 0.0 0.0 0.0 0.0 1.0 0.0 0.0 0.0 0.364 0.000 0.000 0.000 2.0 0.204 0.175 0.000
0.0 0.0 0.0 0.0 0.0 0.0 0.0 1.0 0.0 0.0 0.152 0.000 0.000 0.000 2.0 0.347 0.058 0.000
0.0 0.0 0.0 1.0 0.0 0.0 0.0 0.0 0.0 0.0 0.121 0.000 0.000 0.000 4.0 0.245 0.035 0.000
0.0 0.0 0.0 1.0 0.0 0.0 0.0 0.0 1.0 0.0 0.061 0.000 0.000 0.000 2.0 0.306 0.018 0.000
0.0 0.0 0.0 1.0 0.0 0.0 0.0 0.0 1.0 0.0 0.091 0.000 0.000 0.000 2.0 0.327 0.018 0.000
0.0 0.0 0.0 1.0 0.0 0.0 0.0 0.0 1.0 0.0 0.091 0.000 0.000 0.000 2.0 0.347 0.018 0.000
0.0 0.0 0.0 1.0 0.0 0.0 0.0 0.0 1.0 0.0 0.091 0.000 0.000 0.000 2.0 0.327 0.018 0.000
0.0 0.0 0.0 0.0 0.0 0.0 1.0 0.0 0.0 0.0 0.333 0.000 0.000 0.000 2.0 0.286 0.129 0.000
0.0 1.0 0.0 0.0 0.0 0.0 0.0 0.0 0.0 0.0 0.303 0.000 0.000 0.000 3.0 0.204 0.105 0.000
0.0 0.0 0.0 0.0 0.0 1.0 0.0 0.0 0.0 0.0 0.273 0.000 0.000 0.000 2.0 0.286 0.094 0.000
0.0 1.0 0.0 0.0 0.0 0.0 0.0 0.0 0.0 0.0 0.242 0.000 0.000 0.000 2.0 0.163 0.070 0.000
0.0 0.0 0.0 0.0 0.0 1.0 0.0 0.0 0.0 0.0 0.273 0.000 0.000 0.000 2.0 0.184 0.099 0.000
0.0 0.0 0.0 0.0 0.0 0.0 0.0 1.0 0.0 0.0 0.242 0.000 0.000 0.000 2.0 0.184 0.076 0.000
0.0 0.0 0.0 0.0 0.0 0.0 1.0 0.0 0.0 0.0 0.212 0.000 0.000 0.000 2.0 0.327 0.064 0.000
0.0 1.0 0.0 0.0 0.0 0.0 0.0 0.0 0.0 0.0 0.030 0.000 0.000 0.000 2.0 0.082 0.012 0.000
0.0 1.0 0.0 0.0 0.0 0.0 0.0 0.0 0.0 0.0 0.152 0.000 0.000 0.000 1.0 0.245 0.035 0.000
0.0 0.0 0.0 0.0 0.0 0.0 1.0 0.0 0.0 0.0 0.182 0.000 0.000 0.000 2.0 0.265 0.082 0.000
0.0 0.0 0.0 0.0 0.0 0.0 1.0 0.0 0.0 0.0 0.152 0.000 0.000 0.000 2.0 0.408 0.058 0.000
0.0 0.0 1.0 0.0 0.0 0.0 0.0 0.0 0.0 0.0 0.394 0.000 0.000 0.000 2.0 0.204 0.275 0.000
0.0 1.0 0.0 0.0 0.0 0.0 0.0 0.0 1.0 0.0 0.030 0.000 0.000 0.000 1.0 0.122 0.006 0.000
0.0 0.0 0.0 0.0 0.0 0.0 1.0 0.0 0.0 0.0 0.364 0.000 0.000 0.000 2.0 0.184 0.269 0.000
0.0 0.0 0.0 0.0 0.0 0.0 1.0 0.0 0.0 0.0 0.333 0.000 0.000 0.000 2.0 0.204 0.187 0.000
0.0 0.0 0.0 0.0 0.0 0.0 1.0 0.0 0.0 0.0 0.242 0.000 0.000 0.000 2.0 0.245 0.111 0.000
0.0 0.0 0.0 0.0 0.0 0.0 1.0 0.0 0.0 0.0 0.212 0.000 0.000 0.000 2.0 0.367 0.058 0.000
0.0 0.0 0.0 0.0 0.0 0.0 1.0 0.0 0.0 0.0 0.303 0.000 0.000 0.000 2.0 0.367 0.088 0.000
0.0 0.0 0.0 0.0 0.0 1.0 0.0 0.0 0.0 0.0 0.273 0.000 0.000 0.000 2.0 0.184 0.064 0.000
0.0 1.0 0.0 0.0 0.0 0.0 0.0 0.0 0.0 0.0 0.242 0.000 0.000 0.000 2.0 0.143 0.064 0.000
0.0 0.0 0.0 1.0 0.0 0.0 0.0 0.0 0.0 0.0 0.212 0.000 0.000 0.000 2.0 0.306 0.058 0.000
0.0 0.0 0.0 0.0 0.0 1.0 0.0 0.0 0.0 0.0 0.212 0.000 0.000 0.000 2.0 0.327 0.058 0.000
0.0 1.0 0.0 0.0 0.0 0.0 0.0 0.0 0.0 0.0 0.182 0.000 0.000 0.000 1.0 0.347 0.035 0.000
0.0 1.0 0.0 0.0 0.0 0.0 0.0 0.0 0.0 0.0 0.333 0.000 0.000 0.000 2.0 0.143 0.094 0.000
0.0 0.0 0.0 0.0 0.0 0.0 1.0 0.0 0.0 0.0 0.303 0.000 0.000 0.000 2.0 0.204 0.088 0.000
0.0 0.0 0.0 0.0 0.0 1.0 0.0 0.0 0.0 0.0 0.273 0.000 0.000 0.000 2.0 0.163 0.064 0.000
0.0 1.0 0.0 0.0 0.0 0.0 0.0 0.0 0.0 0.0 0.242 0.000 0.000 0.000 2.0 0.163 0.064 0.000
0.0 0.0 0.0 1.0 0.0 0.0 0.0 0.0 0.0 0.0 0.212 0.000 0.000 0.000 2.0 0.408 0.058 0.000
0.0 1.0 0.0 0.0 0.0 0.0 0.0 0.0 0.0 0.0 0.242 0.000 0.000 0.000 1.0 0.163 0.058 0.000
0.0 0.0 0.0 1.0 0.0 0.0 0.0 0.0 0.0 0.0 0.212 0.000 0.000 0.000 2.0 0.531 0.058 0.000
0.0 1.0 0.0 0.0 0.0 0.0 0.0 0.0 0.0 0.0 0.182 0.000 0.000 0.000 1.0 0.551 0.035 0.000
0.0 0.0 0.0 0.0 0.0 0.0 0.0 1.0 0.0 0.0 0.333 0.000 0.000 0.000 2.0 0.286 0.099 0.000
0.0 0.0 0.0 0.0 0.0 1.0 0.0 0.0 0.0 0.0 0.303 0.000 0.000 0.000 4.0 0.286 0.070 0.000
0.0 1.0 0.0 0.0 0.0 0.0 0.0 0.0 0.0 0.0 0.212 0.000 0.000 0.000 2.0 0.184 0.041 0.000
0.0 0.0 0.0 0.0 0.0 1.0 0.0 0.0 0.0 0.0 0.182 0.000 0.000 0.000 2.0 0.204 0.035 0.000
0.0 1.0 0.0 0.0 0.0 0.0 0.0 0.0 0.0 0.0 0.242 0.000 0.000 0.000 2.0 0.184 0.041 0.000
0.0 0.0 0.0 0.0 0.0 1.0 0.0 0.0 0.0 0.0 0.212 0.000 0.000 0.000 2.0 0.184 0.035 0.000
0.0 0.0 0.0 0.0 0.0 1.0 0.0 0.0 0.0 0.0 0.273 0.000 0.000 0.000 2.0 0.224 0.058 0.000
0.0 1.0 0.0 0.0 0.0 0.0 0.0 0.0 0.0 0.0 0.091 0.000 0.000 0.000 1.0 0.143 0.012 0.000
0.0 0.0 0.0 0.0 0.0 1.0 0.0 0.0 0.0 0.0 0.242 0.000 0.000 0.000 2.0 0.204 0.047 0.000
0.0 1.0 0.0 0.0 0.0 0.0 0.0 0.0 0.0 0.0 0.182 0.000 0.000 0.000 3.0 0.224 0.041 0.000
0.0 1.0 0.0 0.0 0.0 0.0 0.0 0.0 0.0 0.0 0.212 0.000 0.000 0.000 3.0 0.204 0.041 0.000
0.0 1.0 0.0 0.0 0.0 0.0 0.0 0.0 0.0 0.0 0.182 0.000 0.000 0.000 1.0 0.204 0.023 0.000
0.0 1.0 0.0 0.0 0.0 0.0 0.0 0.0 0.0 0.0 0.152 0.000 0.000 0.000 2.0 0.265 0.023 0.000
0.0 0.0 0.0 0.0 0.0 1.0 0.0 0.0 0.0 0.0 0.212 0.000 0.000 0.000 2.0 0.224 0.053 0.000
0.0 0.0 0.0 0.0 0.0 0.0 0.0 1.0 1.0 0.0 0.061 0.000 0.000 0.000 2.0 0.184 0.012 0.000
0.0 1.0 0.0 0.0 0.0 0.0 0.0 0.0 0.0 0.0 0.182 0.000 0.000 0.000 3.0 0.143 0.041 0.000
0.0 0.0 0.0 0.0 0.0 0.0 1.0 0.0 0.0 0.0 0.152 0.000 0.000 0.000 2.0 0.224 0.029 0.000
0.0 1.0 0.0 0.0 0.0 0.0 0.0 0.0 0.0 0.0 0.091 0.000 0.000 0.000 1.0 0.265 0.012 0.000
0.0 0.0 0.0 0.0 0.0 0.0 1.0 0.0 1.0 0.0 0.061 0.000 0.000 0.000 2.0 0.265 0.012 0.000
0.0 0.0 0.0 1.0 0.0 0.0 0.0 0.0 0.0 0.0 0.121 0.000 0.000 0.000 2.0 0.245 0.018 0.000
0.0 0.0 0.0 1.0 0.0 0.0 0.0 0.0 1.0 0.0 0.061 0.000 0.000 0.000 2.0 0.184 0.012 0.000
0.0 1.0 0.0 0.0 0.0 0.0 0.0 0.0 0.0 0.0 0.091 0.000 0.000 0.000 2.0 0.143 0.018 0.000
0.0 0.0 0.0 0.0 0.0 1.0 0.0 0.0 1.0 0.0 0.061 0.000 0.000 0.000 2.0 0.143 0.012 0.000
0.0 1.0 0.0 0.0 0.0 0.0 0.0 0.0 1.0 0.0 0.030 0.000 0.000 0.000 1.0 0.224 0.006 0.000
0.0 1.0 0.0 0.0 0.0 0.0 0.0 0.0 0.0 0.0 0.121 0.000 0.000 0.000 3.0 0.163 0.029 0.000
0.0 1.0 0.0 0.0 0.0 0.0 0.0 0.0 0.0 0.0 0.091 0.000 0.000 0.000 2.0 0.122 0.018 0.000
0.0 0.0 0.0 0.0 0.0 0.0 1.0 0.0 1.0 0.0 0.061 0.000 0.000 0.000 2.0 0.122 0.012 0.000
0.0 1.0 0.0 0.0 0.0 0.0 0.0 0.0 1.0 0.0 0.061 0.000 0.000 0.000 3.0 0.143 0.018 0.000
0.0 0.0 0.0 0.0 0.0 0.0 0.0 1.0 0.0 0.0 0.303 0.000 0.000 0.000 2.0 0.204 0.094 0.000
0.0 0.0 0.0 0.0 0.0 0.0 1.0 0.0 1.0 0.0 0.030 0.000 0.000 0.000 2.0 0.082 0.012 0.000
0.0 0.0 0.0 0.0 0.0 0.0 1.0 0.0 0.0 0.0 0.273 0.000 0.000 0.000 2.0 0.184 0.082 0.000
0.0 1.0 0.0 0.0 0.0 0.0 0.0 0.0 0.0 0.0 0.212 0.000 0.000 0.000 2.0 0.143 0.047 0.000
0.0 0.0 0.0 0.0 0.0 0.0 1.0 0.0 0.0 0.0 0.182 0.000 0.000 0.000 2.0 0.184 0.041 0.000
0.0 0.0 0.0 0.0 0.0 0.0 1.0 0.0 1.0 0.0 0.061 0.000 0.000 0.000 2.0 0.122 0.012 0.000
0.0 1.0 0.0 0.0 0.0 0.0 0.0 0.0 1.0 0.0 0.030 0.000 0.000 0.000 1.0 0.184 0.006 0.000
0.0 0.0 0.0 1.0 0.0 0.0 0.0 0.0 0.0 0.0 0.152 0.000 0.000 0.000 3.0 0.184 0.029 0.000
0.0 1.0 0.0 0.0 0.0 0.0 0.0 0.0 0.0 0.0 0.061 0.000 0.000 0.000 2.0 0.163 0.012 0.000
1.0 0.0 0.0 0.0 0.0 0.0 0.0 0.0 1.0 0.0 0.061 0.000 0.000 0.000 3.0 0.163 0.018 0.000
0.0 0.0 0.0 1.0 0.0 0.0 0.0 0.0 1.0 0.0 0.121 0.000 0.000 0.000 2.0 0.143 0.023 0.000
0.0 1.0 0.0 0.0 0.0 0.0 0.0 0.0 0.0 0.0 0.091 0.000 0.000 0.000 2.0 0.102 0.018 0.000
0.0 1.0 0.0 0.0 0.0 0.0 0.0 0.0 0.0 0.0 0.061 0.000 0.000 0.000 2.0 0.143 0.012 0.000
0.0 0.0 0.0 1.0 0.0 0.0 0.0 0.0 0.0 0.0 0.242 0.000 0.000 0.000 2.0 0.204 0.035 0.000
0.0 0.0 0.0 1.0 0.0 0.0 0.0 0.0 0.0 0.0 0.152 0.000 0.000 0.000 2.0 0.184 0.029 0.000
0.0 1.0 0.0 0.0 0.0 0.0 0.0 0.0 0.0 0.0 0.091 0.000 0.000 0.000 1.0 0.143 0.012 0.000
0.0 0.0 0.0 1.0 0.0 0.0 0.0 0.0 0.0 0.0 0.212 0.000 0.000 0.000 2.0 0.204 0.035 0.000
0.0 0.0 0.0 1.0 0.0 0.0 0.0 0.0 0.0 0.0 0.182 0.000 0.000 0.000 2.0 0.163 0.023 0.000
1.0 0.0 0.0 0.0 0.0 0.0 0.0 0.0 0.0 0.0 0.152 0.000 0.000 0.000 2.0 0.143 0.023 0.000
0.0 1.0 0.0 0.0 0.0 0.0 0.0 0.0 0.0 0.0 0.121 0.000 0.000 0.000 2.0 0.163 0.018 0.000
0.0 1.0 0.0 0.0 0.0 0.0 0.0 0.0 0.0 0.0 0.091 0.000 0.000 0.000 1.0 0.143 0.012 0.000
0.0 1.0 0.0 0.0 0.0 0.0 0.0 0.0 0.0 0.0 0.091 0.000 0.000 0.000 2.0 0.143 0.018 0.000
0.0 0.0 0.0 0.0 0.0 0.0 0.0 1.0 1.0 0.0 0.061 0.000 0.000 0.000 2.0 0.184 0.012 0.000
0.0 0.0 0.0 0.0 0.0 0.0 0.0 1.0 1.0 0.0 0.061 0.000 0.000 0.000 2.0 0.204 0.012 0.000
0.0 1.0 0.0 0.0 0.0 0.0 0.0 0.0 0.0 0.0 0.061 0.000 0.000 0.000 2.0 0.082 0.018 0.000
0.0 1.0 0.0 0.0 0.0 0.0 0.0 0.0 1.0 1.0 0.030 0.000 0.000 0.000 1.0 0.020 0.006 0.500
0.0 1.0 0.0 0.0 0.0 0.0 0.0 0.0 1.0 0.0 0.030 0.000 0.000 0.000 1.0 0.020 0.006 0.000
0.0 1.0 0.0 0.0 0.0 0.0 0.0 0.0 1.0 0.0 0.030 0.000 0.000 0.000 1.0 0.020 0.006 0.000
0.0 1.0 0.0 0.0 0.0 0.0 0.0 0.0 1.0 0.0 0.030 0.000 0.000 0.000 2.0 0.020 0.012 0.000
0.0 0.0 0.0 1.0 0.0 0.0 0.0 0.0 1.0 1.0 0.061 0.000 0.000 0.000 2.0 0.082 0.018 0.500
0.0 0.0 1.0 0.0 0.0 0.0 0.0 0.0 1.0 0.0 0.030 0.030 0.030 0.030 2.0 0.082 0.012 0.500
0.0 0.0 0.0 1.0 0.0 0.0 0.0 0.0 0.0 0.0 0.182 0.000 0.000 0.000 2.0 0.102 0.082 0.000
0.0 0.0 0.0 1.0 0.0 0.0 0.0 0.0 1.0 0.0 0.030 0.000 0.000 0.000 2.0 0.061 0.012 0.000
0.0 0.0 0.0 1.0 0.0 0.0 0.0 0.0 1.0 1.0 0.182 0.000 0.000 0.000 2.0 0.082 0.076 0.500
0.0 0.0 1.0 0.0 0.0 0.0 0.0 0.0 1.0 0.0 0.152 0.030 0.030 0.030 3.0 0.122 0.070 0.500
0.0 1.0 0.0 0.0 0.0 0.0 0.0 0.0 0.0 0.0 0.121 0.061 0.061 0.061 1.0 0.163 0.058 0.500
0.0 0.0 0.0 1.0 0.0 0.0 0.0 0.0 0.0 0.0 0.091 0.091 0.091 0.091 2.0 0.245 0.058 0.500
0.0 0.0 0.0 1.0 0.0 0.0 0.0 0.0 1.0 0.0 0.061 0.121 0.121 0.121 2.0 0.143 0.029 0.500
0.0 0.0 0.0 1.0 0.0 0.0 0.0 0.0 1.0 0.0 0.030 0.152 0.152 0.152 4.0 0.122 0.023 0.500
0.0 0.0 0.0 1.0 0.0 0.0 0.0 0.0 1.0 0.0 0.061 0.121 0.121 0.121 2.0 0.143 0.029 0.500
0.0 0.0 0.0 1.0 0.0 0.0 0.0 0.0 1.0 0.0 0.030 0.152 0.152 0.152 4.0 0.122 0.023 0.500
0.0 0.0 1.0 0.0 0.0 0.0 0.0 0.0 1.0 0.0 0.030 0.000 0.000 0.000 2.0 0.020 0.012 0.000
0.0 1.0 0.0 0.0 0.0 0.0 0.0 0.0 0.0 0.0 0.182 0.000 0.000 0.000 2.0 0.245 0.041 0.000
0.0 1.0 0.0 0.0 0.0 0.0 0.0 0.0 0.0 0.0 0.182 0.000 0.000 0.000 1.0 0.367 0.035 0.000
0.0 1.0 0.0 0.0 0.0 0.0 0.0 0.0 0.0 0.0 0.152 0.000 0.000 0.000 1.0 0.224 0.035 0.000
0.0 1.0 0.0 0.0 0.0 0.0 0.0 0.0 0.0 0.0 0.182 0.000 0.000 0.000 1.0 0.224 0.041 0.000
0.0 1.0 0.0 0.0 0.0 0.0 0.0 0.0 0.0 0.0 0.152 0.000 0.000 0.000 1.0 0.408 0.035 0.000
0.0 0.0 0.0 1.0 0.0 0.0 0.0 0.0 1.0 0.0 0.030 0.000 0.000 0.000 4.0 0.020 0.023 0.000
0.0 1.0 0.0 0.0 0.0 0.0 0.0 0.0 0.0 0.0 0.182 0.000 0.000 0.000 3.0 0.122 0.053 0.000
0.0 0.0 0.0 0.0 0.0 0.0 1.0 0.0 1.0 0.0 0.152 0.000 0.000 0.000 2.0 0.224 0.041 0.000
0.0 1.0 0.0 0.0 0.0 0.0 0.0 0.0 1.0 0.0 0.030 0.000 0.000 0.000 1.0 0.143 0.006 0.000
0.0 0.0 0.0 1.0 0.0 0.0 0.0 0.0 0.0 0.0 0.212 0.000 0.000 0.000 2.0 0.102 0.047 0.000
0.0 0.0 0.0 1.0 0.0 0.0 0.0 0.0 1.0 0.0 0.182 0.000 0.000 0.000 2.0 0.245 0.041 0.000
0.0 0.0 0.0 1.0 0.0 0.0 0.0 0.0 0.0 0.0 0.394 0.000 0.000 0.000 4.0 0.306 0.708 0.000
0.0 0.0 1.0 0.0 0.0 0.0 0.0 0.0 1.0 0.0 0.364 0.000 0.000 0.000 4.0 0.306 0.596 0.000
0.0 0.0 0.0 0.0 0.0 1.0 0.0 0.0 0.0 0.0 0.333 0.000 0.000 0.000 4.0 0.306 0.509 0.000
0.0 0.0 0.0 0.0 0.0 1.0 0.0 0.0 1.0 0.0 0.242 0.000 0.000 0.000 2.0 0.224 0.129 0.000
0.0 0.0 0.0 0.0 0.0 1.0 0.0 0.0 0.0 0.0 0.212 0.000 0.000 0.000 4.0 0.327 0.123 0.000
0.0 0.0 0.0 0.0 0.0 0.0 1.0 0.0 1.0 0.0 0.061 0.000 0.000 0.000 2.0 0.204 0.012 0.000
0.0 1.0 0.0 0.0 0.0 0.0 0.0 0.0 1.0 0.0 0.030 0.000 0.000 0.000 1.0 0.286 0.006 0.000
0.0 0.0 0.0 0.0 0.0 0.0 1.0 0.0 1.0 0.0 0.061 0.000 0.000 0.000 2.0 0.163 0.012 0.000
0.0 1.0 0.0 0.0 0.0 0.0 0.0 0.0 1.0 0.0 0.030 0.000 0.000 0.000 1.0 0.143 0.006 0.000
0.0 0.0 0.0 1.0 0.0 0.0 0.0 0.0 0.0 0.0 0.182 0.000 0.000 0.000 3.0 0.204 0.041 0.000
0.0 0.0 0.0 0.0 0.0 0.0 1.0 0.0 1.0 0.0 0.152 0.000 0.000 0.000 2.0 0.163 0.023 0.000
0.0 0.0 0.0 0.0 1.0 0.0 0.0 0.0 1.0 0.0 0.030 0.000 0.000 0.000 2.0 0.102 0.012 0.000
0.0 1.0 0.0 0.0 0.0 0.0 0.0 0.0 1.0 0.0 0.030 0.000 0.000 0.000 3.0 0.102 0.018 0.000
0.0 0.0 0.0 1.0 0.0 0.0 0.0 0.0 0.0 0.0 0.091 0.000 0.000 0.000 4.0 0.245 0.058 0.000
0.0 0.0 0.0 1.0 0.0 0.0 0.0 0.0 1.0 0.0 0.030 0.000 0.000 0.000 2.0 0.122 0.012 0.000
0.0 0.0 0.0 0.0 0.0 0.0 0.0 1.0 1.0 0.0 0.061 0.000 0.000 0.000 2.0 0.143 0.018 0.000
0.0 1.0 0.0 0.0 0.0 0.0 0.0 0.0 1.0 0.0 0.030 0.000 0.000 0.000 2.0 0.061 0.012 0.000
0.0 0.0 0.0 0.0 0.0 0.0 1.0 0.0 1.0 0.0 0.061 0.000 0.000 0.000 2.0 0.163 0.018 0.000
0.0 0.0 0.0 0.0 0.0 0.0 1.0 0.0 1.0 0.0 0.030 0.000 0.000 0.000 2.0 0.122 0.012 0.000
0.0 0.0 0.0 0.0 0.0 1.0 0.0 0.0 0.0 0.0 0.303 0.000 0.000 0.000 2.0 0.327 0.281 0.000
0.0 0.0 0.0 0.0 0.0 1.0 0.0 0.0 0.0 0.0 0.273 0.000 0.000 0.000 4.0 0.367 0.275 0.000
0.0 0.0 0.0 0.0 0.0 0.0 1.0 0.0 0.0 0.0 0.182 0.000 0.000 0.000 2.0 0.367 0.041 0.000
0.0 0.0 0.0 1.0 0.0 0.0 0.0 0.0 0.0 0.0 0.152 0.061 0.061 0.061 4.0 0.469 0.035 0.500
0.0 0.0 0.0 1.0 0.0 0.0 0.0 0.0 1.0 0.0 0.061 0.152 0.152 0.152 2.0 0.388 0.018 0.500
0.0 0.0 0.0 1.0 0.0 0.0 0.0 0.0 1.0 0.0 0.061 0.152 0.152 0.152 2.0 0.388 0.018 0.500
0.0 0.0 0.0 1.0 0.0 0.0 0.0 0.0 1.0 0.0 0.121 0.091 0.091 0.091 2.0 0.408 0.018 0.500
0.0 0.0 0.0 1.0 0.0 0.0 0.0 0.0 1.0 0.0 0.091 0.121 0.121 0.121 2.0 0.429 0.018 0.500
0.0 1.0 0.0 0.0 0.0 0.0 0.0 0.0 1.0 0.0 0.030 0.000 0.000 0.000 1.0 0.184 0.006 0.000
0.0 0.0 0.0 0.0 0.0 0.0 1.0 0.0 1.0 0.0 0.242 0.000 0.000 0.000 2.0 0.163 0.047 0.000
0.0 1.0 0.0 0.0 0.0 0.0 0.0 0.0 0.0 0.0 0.212 0.000 0.000 0.000 1.0 0.143 0.041 0.000
0.0 1.0 0.0 0.0 0.0 0.0 0.0 0.0 0.0 0.0 0.182 0.000 0.000 0.000 2.0 0.347 0.041 0.000
0.0 0.0 0.0 1.0 0.0 0.0 0.0 0.0 0.0 0.0 0.152 0.000 0.000 0.000 4.0 0.265 0.035 0.000
0.0 0.0 0.0 1.0 0.0 0.0 0.0 0.0 1.0 0.0 0.061 0.000 0.000 0.000 2.0 0.306 0.018 0.000
0.0 0.0 0.0 1.0 0.0 0.0 0.0 0.0 1.0 0.0 0.061 0.000 0.000 0.000 2.0 0.306 0.018 0.000
0.0 0.0 0.0 1.0 0.0 0.0 0.0 0.0 1.0 0.0 0.121 0.000 0.000 0.000 2.0 0.327 0.018 0.000
0.0 0.0 0.0 1.0 0.0 0.0 0.0 0.0 1.0 0.0 0.091 0.000 0.000 0.000 2.0 0.347 0.018 0.000
0.0 0.0 0.0 1.0 0.0 0.0 0.0 0.0 0.0 0.0 0.242 0.000 0.000 0.000 3.0 0.265 0.076 0.000
0.0 0.0 0.0 0.0 0.0 0.0 1.0 0.0 1.0 0.0 0.182 0.000 0.000 0.000 2.0 0.265 0.041 0.000
0.0 0.0 0.0 1.0 0.0 0.0 0.0 0.0 0.0 0.0 0.152 0.000 0.000 0.000 4.0 0.490 0.035 0.000
0.0 0.0 0.0 1.0 0.0 0.0 0.0 0.0 1.0 0.0 0.061 0.000 0.000 0.000 2.0 0.367 0.018 0.000
0.0 0.0 0.0 1.0 0.0 0.0 0.0 0.0 1.0 0.0 0.061 0.000 0.000 0.000 2.0 0.367 0.018 0.000
0.0 0.0 0.0 1.0 0.0 0.0 0.0 0.0 1.0 0.0 0.121 0.000 0.000 0.000 2.0 0.388 0.018 0.000
0.0 0.0 0.0 1.0 0.0 0.0 0.0 0.0 1.0 0.0 0.091 0.000 0.000 0.000 2.0 0.408 0.018 0.000
0.0 1.0 0.0 0.0 0.0 0.0 0.0 0.0 1.0 0.0 0.182 0.000 0.000 0.000 3.0 0.286 0.047 0.000
0.0 0.0 0.0 1.0 0.0 0.0 0.0 0.0 0.0 0.0 0.212 0.000 0.000 0.000 2.0 0.265 0.041 0.000
0.0 1.0 0.0 0.0 0.0 0.0 0.0 0.0 1.0 0.0 0.030 0.000 0.000 0.000 1.0 0.143 0.006 0.000
0.0 0.0 0.0 1.0 0.0 0.0 0.0 0.0 0.0 0.0 0.242 0.000 0.000 0.000 4.0 0.327 0.146 0.000
0.0 0.0 0.0 1.0 0.0 0.0 0.0 0.0 1.0 0.0 0.182 0.000 0.000 0.000 2.0 0.408 0.041 0.000
0.0 0.0 0.0 0.0 0.0 0.0 0.0 1.0 1.0 0.0 0.212 0.000 0.000 0.000 2.0 0.163 0.047 0.000
0.0 1.0 0.0 0.0 0.0 0.0 0.0 0.0 0.0 0.0 0.182 0.000 0.000 0.000 2.0 0.286 0.041 0.000
0.0 0.0 0.0 1.0 0.0 0.0 0.0 0.0 0.0 0.0 0.152 0.000 0.000 0.000 4.0 0.510 0.035 0.000
0.0 0.0 0.0 1.0 0.0 0.0 0.0 0.0 1.0 0.0 0.061 0.000 0.000 0.000 2.0 0.429 0.018 0.000
0.0 0.0 0.0 1.0 0.0 0.0 0.0 0.0 1.0 0.0 0.061 0.000 0.000 0.000 2.0 0.429 0.018 0.000
0.0 0.0 0.0 1.0 0.0 0.0 0.0 0.0 1.0 0.0 0.121 0.000 0.000 0.000 2.0 0.449 0.018 0.000
0.0 0.0 0.0 1.0 0.0 0.0 0.0 0.0 1.0 0.0 0.091 0.000 0.000 0.000 2.0 0.469 0.018 0.000
0.0 0.0 0.0 0.0 0.0 0.0 1.0 0.0 0.0 0.0 0.182 0.000 0.000 0.000 2.0 0.347 0.053 0.000
0.0 1.0 0.0 0.0 0.0 0.0 0.0 0.0 0.0 0.0 0.121 0.000 0.000 0.000 2.0 0.184 0.018 0.000
0.0 1.0 0.0 0.0 0.0 0.0 0.0 0.0 0.0 0.0 0.091 0.000 0.000 0.000 1.0 0.224 0.012 0.000
0.0 1.0 0.0 0.0 0.0 0.0 0.0 0.0 0.0 0.0 0.061 0.000 0.000 0.000 2.0 0.286 0.012 0.000
0.0 1.0 0.0 0.0 0.0 0.0 0.0 0.0 1.0 0.0 0.030 0.000 0.000 0.000 1.0 0.204 0.006 0.000
0.0 0.0 0.0 1.0 0.0 0.0 0.0 0.0 0.0 0.0 0.152 0.061 0.061 0.061 4.0 0.531 0.035 0.500
0.0 0.0 0.0 1.0 0.0 0.0 0.0 0.0 1.0 0.0 0.061 0.152 0.152 0.152 2.0 0.367 0.018 0.500
0.0 0.0 0.0 1.0 0.0 0.0 0.0 0.0 1.0 0.0 0.061 0.152 0.152 0.152 2.0 0.367 0.018 0.500
0.0 0.0 0.0 1.0 0.0 0.0 0.0 0.0 1.0 0.0 0.121 0.091 0.091 0.091 2.0 0.388 0.018 0.500
0.0 0.0 0.0 1.0 0.0 0.0 0.0 0.0 1.0 0.0 0.091 0.121 0.121 0.121 2.0 0.408 0.018 0.500
0.0 0.0 0.0 0.0 0.0 0.0 1.0 0.0 0.0 0.0 0.152 0.000 0.000 0.000 2.0 0.306 0.041 0.000
0.0 1.0 0.0 0.0 0.0 0.0 0.0 0.0 1.0 0.0 0.030 0.000 0.000 0.000 2.0 0.122 0.012 0.000
0.0 0.0 0.0 1.0 0.0 0.0 0.0 0.0 0.0 0.0 0.121 0.000 0.000 0.000 4.0 0.388 0.029 0.000
0.0 0.0 0.0 1.0 0.0 0.0 0.0 0.0 1.0 0.0 0.091 0.000 0.000 0.000 2.0 0.388 0.018 0.000
0.0 0.0 0.0 1.0 0.0 0.0 0.0 0.0 1.0 0.0 0.061 0.000 0.000 0.000 2.0 0.204 0.012 0.000
0.0 0.0 0.0 1.0 0.0 0.0 0.0 0.0 1.0 0.0 0.030 0.000 0.000 0.000 2.0 0.163 0.012 0.000
0.0 0.0 0.0 0.0 0.0 1.0 0.0 0.0 1.0 0.0 0.152 0.000 0.000 0.000 2.0 0.204 0.076 0.000
0.0 0.0 0.0 0.0 0.0 1.0 0.0 0.0 0.0 0.0 0.121 0.000 0.000 0.000 3.0 0.224 0.076 0.000
0.0 0.0 0.0 0.0 0.0 0.0 1.0 0.0 1.0 0.0 0.091 0.000 0.000 0.000 2.0 0.163 0.018 0.000
0.0 0.0 0.0 0.0 0.0 0.0 1.0 0.0 1.0 0.0 0.091 0.000 0.000 0.000 2.0 0.163 0.018 0.000
0.0 0.0 0.0 1.0 0.0 0.0 0.0 0.0 0.0 0.0 0.091 0.000 0.000 0.000 3.0 0.204 0.041 0.000
0.0 0.0 0.0 0.0 0.0 0.0 1.0 0.0 1.0 0.0 0.030 0.000 0.000 0.000 2.0 0.102 0.012 0.000
0.0 0.0 0.0 0.0 0.0 0.0 1.0 0.0 1.0 0.0 0.030 0.000 0.000 0.000 2.0 0.102 0.012 0.000
0.0 0.0 0.0 0.0 0.0 1.0 0.0 0.0 0.0 0.0 0.212 0.000 0.000 0.000 2.0 0.245 0.146 0.000
0.0 1.0 0.0 0.0 0.0 0.0 0.0 0.0 1.0 0.0 0.030 0.000 0.000 0.000 1.0 0.082 0.006 0.000
0.0 0.0 0.0 0.0 0.0 1.0 0.0 0.0 0.0 0.0 0.182 0.000 0.000 0.000 4.0 0.327 0.140 0.000
0.0 0.0 0.0 0.0 0.0 0.0 1.0 0.0 0.0 0.0 0.152 0.000 0.000 0.000 2.0 0.286 0.041 0.000
0.0 0.0 0.0 1.0 0.0 0.0 0.0 0.0 0.0 0.0 0.121 0.000 0.000 0.000 4.0 0.306 0.035 0.000
0.0 0.0 0.0 1.0 0.0 0.0 0.0 0.0 1.0 0.0 0.061 0.000 0.000 0.000 2.0 0.327 0.018 0.000
0.0 0.0 0.0 1.0 0.0 0.0 0.0 0.0 1.0 0.0 0.091 0.000 0.000 0.000 2.0 0.347 0.018 0.000
0.0 0.0 0.0 1.0 0.0 0.0 0.0 0.0 1.0 0.0 0.091 0.000 0.000 0.000 2.0 0.367 0.018 0.000
0.0 0.0 0.0 1.0 0.0 0.0 0.0 0.0 1.0 0.0 0.091 0.000 0.000 0.000 2.0 0.347 0.018 0.000
0.0 1.0 0.0 0.0 0.0 0.0 0.0 0.0 1.0 0.0 0.030 0.000 0.000 0.000 1.0 0.143 0.006 0.000
0.0 0.0 0.0 0.0 0.0 0.0 1.0 0.0 0.0 0.0 0.152 0.000 0.000 0.000 2.0 0.327 0.041 0.000
0.0 0.0 0.0 1.0 0.0 0.0 0.0 0.0 0.0 0.0 0.121 0.000 0.000 0.000 4.0 0.388 0.035 0.000
0.0 0.0 0.0 1.0 0.0 0.0 0.0 0.0 1.0 0.0 0.061 0.000 0.000 0.000 2.0 0.367 0.018 0.000
0.0 0.0 0.0 1.0 0.0 0.0 0.0 0.0 1.0 0.0 0.091 0.000 0.000 0.000 2.0 0.388 0.018 0.000
0.0 0.0 0.0 1.0 0.0 0.0 0.0 0.0 1.0 0.0 0.091 0.000 0.000 0.000 2.0 0.408 0.018 0.000
0.0 0.0 0.0 1.0 0.0 0.0 0.0 0.0 1.0 0.0 0.091 0.000 0.000 0.000 2.0 0.388 0.018 0.000
0.0 1.0 0.0 0.0 0.0 0.0 0.0 0.0 1.0 0.0 0.030 0.000 0.000 0.000 1.0 0.143 0.006 0.000
0.0 0.0 0.0 0.0 0.0 0.0 1.0 0.0 0.0 0.0 0.152 0.000 0.000 0.000 2.0 0.347 0.047 0.000
1.0 0.0 0.0 0.0 0.0 0.0 0.0 0.0 0.0 0.0 0.061 0.000 0.000 0.000 2.0 0.204 0.012 0.000
0.0 1.0 0.0 0.0 0.0 0.0 0.0 0.0 1.0 0.0 0.030 0.000 0.000 0.000 1.0 0.286 0.006 0.000
0.0 0.0 0.0 1.0 0.0 0.0 0.0 0.0 0.0 0.0 0.121 0.000 0.000 0.000 4.0 0.469 0.035 0.000
0.0 0.0 0.0 1.0 0.0 0.0 0.0 0.0 1.0 0.0 0.061 0.000 0.000 0.000 2.0 0.367 0.018 0.000
0.0 0.0 0.0 1.0 0.0 0.0 0.0 0.0 1.0 0.0 0.091 0.000 0.000 0.000 2.0 0.388 0.018 0.000
0.0 0.0 0.0 1.0 0.0 0.0 0.0 0.0 1.0 0.0 0.091 0.000 0.000 0.000 2.0 0.408 0.018 0.000
0.0 0.0 0.0 1.0 0.0 0.0 0.0 0.0 1.0 0.0 0.091 0.000 0.000 0.000 2.0 0.388 0.018 0.000
0.0 0.0 0.0 0.0 0.0 0.0 1.0 0.0 0.0 0.0 0.152 0.000 0.000 0.000 2.0 0.347 0.047 0.000
1.0 0.0 0.0 0.0 0.0 0.0 0.0 0.0 0.0 0.0 0.061 0.000 0.000 0.000 2.0 0.184 0.012 0.000
0.0 1.0 0.0 0.0 0.0 0.0 0.0 0.0 1.0 0.0 0.030 0.000 0.000 0.000 1.0 0.224 0.006 0.000
0.0 0.0 0.0 1.0 0.0 0.0 0.0 0.0 0.0 0.0 0.121 0.000 0.000 0.000 4.0 0.408 0.035 0.000
0.0 0.0 0.0 1.0 0.0 0.0 0.0 0.0 1.0 0.0 0.061 0.000 0.000 0.000 2.0 0.367 0.018 0.000
0.0 0.0 0.0 1.0 0.0 0.0 0.0 0.0 1.0 0.0 0.091 0.000 0.000 0.000 2.0 0.388 0.018 0.000
0.0 0.0 0.0 1.0 0.0 0.0 0.0 0.0 1.0 0.0 0.091 0.000 0.000 0.000 2.0 0.408 0.018 0.000
0.0 0.0 0.0 1.0 0.0 0.0 0.0 0.0 1.0 0.0 0.091 0.000 0.000 0.000 2.0 0.388 0.018 0.000
0.0 0.0 0.0 0.0 0.0 0.0 1.0 0.0 1.0 0.0 0.303 0.000 0.000 0.000 2.0 0.163 0.058 0.000
0.0 0.0 0.0 1.0 0.0 0.0 0.0 0.0 0.0 0.0 0.273 0.000 0.000 0.000 2.0 0.143 0.053 0.000
0.0 0.0 0.0 1.0 0.0 0.0 0.0 0.0 1.0 0.0 0.061 0.000 0.000 0.000 2.0 0.184 0.012 0.000
0.0 1.0 0.0 0.0 0.0 0.0 0.0 0.0 0.0 0.0 0.242 0.000 0.000 0.000 2.0 0.143 0.047 0.000
0.0 0.0 0.0 0.0 0.0 1.0 0.0 0.0 0.0 0.0 0.212 0.000 0.000 0.000 2.0 0.245 0.041 0.000
0.0 1.0 0.0 0.0 0.0 0.0 0.0 0.0 0.0 0.0 0.182 0.000 0.000 0.000 1.0 0.429 0.035 0.000
0.0 0.0 0.0 1.0 0.0 0.0 0.0 0.0 0.0 0.0 0.152 0.000 0.000 0.000 4.0 0.490 0.035 0.000
0.0 0.0 0.0 1.0 0.0 0.0 0.0 0.0 1.0 0.0 0.061 0.000 0.000 0.000 2.0 0.388 0.018 0.000
0.0 0.0 0.0 1.0 0.0 0.0 0.0 0.0 1.0 0.0 0.061 0.000 0.000 0.000 2.0 0.388 0.018 0.000
0.0 0.0 0.0 1.0 0.0 0.0 0.0 0.0 1.0 0.0 0.121 0.000 0.000 0.000 2.0 0.408 0.018 0.000
0.0 0.0 0.0 1.0 0.0 0.0 0.0 0.0 1.0 0.0 0.091 0.000 0.000 0.000 2.0 0.429 0.018 0.000
0.0 0.0 0.0 0.0 0.0 0.0 1.0 0.0 1.0 0.0 0.242 0.000 0.000 0.000 2.0 0.163 0.064 0.000
0.0 0.0 0.0 1.0 0.0 0.0 0.0 0.0 0.0 0.0 0.212 0.000 0.000 0.000 2.0 0.143 0.058 0.000
0.0 0.0 0.0 1.0 0.0 0.0 0.0 0.0 1.0 0.0 0.182 0.000 0.000 0.000 2.0 0.204 0.047 0.000
0.0 0.0 0.0 1.0 0.0 0.0 0.0 0.0 0.0 0.0 0.152 0.000 0.000 0.000 4.0 0.265 0.041 0.000
0.0 0.0 0.0 1.0 0.0 0.0 0.0 0.0 1.0 0.0 0.061 0.000 0.000 0.000 2.0 0.327 0.018 0.000
0.0 0.0 0.0 1.0 0.0 0.0 0.0 0.0 1.0 0.0 0.091 0.000 0.000 0.000 2.0 0.347 0.018 0.000
0.0 0.0 0.0 1.0 0.0 0.0 0.0 0.0 1.0 0.0 0.091 0.000 0.000 0.000 2.0 0.367 0.018 0.000
0.0 1.0 0.0 0.0 0.0 0.0 0.0 0.0 0.0 0.0 0.121 0.000 0.000 0.000 2.0 0.184 0.023 0.000
0.0 0.0 0.0 1.0 0.0 0.0 0.0 0.0 1.0 0.0 0.091 0.000 0.000 0.000 2.0 0.265 0.018 0.000
0.0 0.0 0.0 1.0 0.0 0.0 0.0 0.0 1.0 0.0 0.061 0.000 0.000 0.000 2.0 0.163 0.018 0.000
0.0 0.0 0.0 0.0 0.0 1.0 0.0 0.0 0.0 0.0 0.242 0.000 0.000 0.000 3.0 0.265 0.105 0.000
0.0 1.0 0.0 0.0 0.0 0.0 0.0 0.0 1.0 0.0 0.030 0.000 0.000 0.000 2.0 0.102 0.012 0.000
0.0 0.0 0.0 0.0 0.0 1.0 0.0 0.0 0.0 0.0 0.152 0.000 0.000 0.000 2.0 0.327 0.053 0.000
0.0 0.0 0.0 1.0 0.0 0.0 0.0 0.0 0.0 0.0 0.121 0.000 0.000 0.000 4.0 0.388 0.035 0.000
0.0 0.0 0.0 1.0 0.0 0.0 0.0 0.0 1.0 0.0 0.061 0.000 0.000 0.000 2.0 0.367 0.018 0.000
0.0 0.0 0.0 1.0 0.0 0.0 0.0 0.0 1.0 0.0 0.091 0.000 0.000 0.000 2.0 0.388 0.018 0.000
0.0 0.0 0.0 1.0 0.0 0.0 0.0 0.0 1.0 0.0 0.091 0.000 0.000 0.000 2.0 0.408 0.018 0.000
0.0 0.0 0.0 1.0 0.0 0.0 0.0 0.0 1.0 0.0 0.091 0.000 0.000 0.000 2.0 0.388 0.018 0.000
0.0 0.0 1.0 0.0 0.0 0.0 0.0 0.0 1.0 0.0 0.061 0.000 0.000 0.000 2.0 0.245 0.018 0.000
0.0 0.0 0.0 0.0 0.0 0.0 0.0 1.0 0.0 0.0 0.212 0.000 0.000 0.000 2.0 0.204 0.064 0.000
0.0 1.0 0.0 0.0 0.0 0.0 0.0 0.0 0.0 0.0 0.061 0.000 0.000 0.000 2.0 0.143 0.012 0.000
0.0 1.0 0.0 0.0 0.0 0.0 0.0 0.0 1.0 0.0 0.030 0.000 0.000 0.000 1.0 0.184 0.006 0.000
0.0 0.0 0.0 1.0 0.0 0.0 0.0 0.0 0.0 0.0 0.182 0.000 0.000 0.000 2.0 0.163 0.053 0.000
0.0 0.0 0.0 1.0 0.0 0.0 0.0 0.0 1.0 0.0 0.152 0.000 0.000 0.000 2.0 0.245 0.041 0.000
0.0 0.0 0.0 1.0 0.0 0.0 0.0 0.0 0.0 0.0 0.121 0.000 0.000 0.000 4.0 0.592 0.035 0.000
0.0 0.0 0.0 1.0 0.0 0.0 0.0 0.0 1.0 0.0 0.061 0.000 0.000 0.000 2.0 0.367 0.018 0.000
0.0 0.0 0.0 1.0 0.0 0.0 0.0 0.0 1.0 0.0 0.091 0.000 0.000 0.000 2.0 0.388 0.018 0.000
0.0 0.0 0.0 1.0 0.0 0.0 0.0 0.0 1.0 0.0 0.091 0.000 0.000 0.000 2.0 0.408 0.018 0.000
0.0 0.0 0.0 1.0 0.0 0.0 0.0 0.0 1.0 0.0 0.091 0.000 0.000 0.000 2.0 0.388 0.018 0.000
0.0 0.0 0.0 1.0 0.0 0.0 0.0 0.0 1.0 0.0 0.061 0.000 0.000 0.000 2.0 0.163 0.018 0.000
0.0 0.0 0.0 0.0 0.0 0.0 1.0 0.0 0.0 0.0 0.212 0.000 0.000 0.000 2.0 0.224 0.064 0.000
0.0 1.0 0.0 0.0 0.0 0.0 0.0 0.0 0.0 0.0 0.061 0.000 0.000 0.000 2.0 0.143 0.012 0.000
0.0 1.0 0.0 0.0 0.0 0.0 0.0 0.0 1.0 0.0 0.030 0.000 0.000 0.000 1.0 0.184 0.006 0.000
0.0 0.0 0.0 1.0 0.0 0.0 0.0 0.0 0.0 0.0 0.182 0.000 0.000 0.000 2.0 0.163 0.053 0.000
0.0 0.0 0.0 1.0 0.0 0.0 0.0 0.0 1.0 0.0 0.152 0.000 0.000 0.000 2.0 0.224 0.041 0.000
0.0 0.0 0.0 1.0 0.0 0.0 0.0 0.0 0.0 0.0 0.121 0.000 0.000 0.000 4.0 0.327 0.035 0.000
0.0 0.0 0.0 1.0 0.0 0.0 0.0 0.0 1.0 0.0 0.061 0.000 0.000 0.000 2.0 0.347 0.018 0.000
0.0 0.0 0.0 0.0 0.0 1.0 0.0 0.0 1.0 0.0 0.030 0.000 0.000 0.000 2.0 0.388 0.012 0.000
0.0 0.0 0.0 1.0 0.0 0.0 0.0 0.0 1.0 0.0 0.091 0.000 0.000 0.000 2.0 0.367 0.018 0.000
0.0 0.0 0.0 0.0 0.0 1.0 0.0 0.0 1.0 0.0 0.061 0.000 0.000 0.000 2.0 0.429 0.012 0.000
0.0 0.0 0.0 1.0 0.0 0.0 0.0 0.0 1.0 0.0 0.091 0.000 0.000 0.000 2.0 0.388 0.018 0.000
0.0 0.0 0.0 0.0 0.0 1.0 0.0 0.0 0.0 0.0 0.061 0.000 0.000 0.000 2.0 0.469 0.012 0.000
0.0 1.0 0.0 0.0 0.0 0.0 0.0 0.0 1.0 0.0 0.030 0.000 0.000 0.000 1.0 0.449 0.006 0.000
0.0 0.0 0.0 1.0 0.0 0.0 0.0 0.0 1.0 0.0 0.091 0.000 0.000 0.000 2.0 0.367 0.018 0.000
0.0 0.0 0.0 0.0 0.0 1.0 0.0 0.0 1.0 0.0 0.061 0.000 0.000 0.000 2.0 0.429 0.012 0.000
0.0 1.0 0.0 0.0 0.0 0.0 0.0 0.0 1.0 0.0 0.030 0.000 0.000 0.000 1.0 0.449 0.006 0.000
0.0 0.0 0.0 1.0 0.0 0.0 0.0 0.0 1.0 0.0 0.061 0.000 0.000 0.000 2.0 0.163 0.018 0.000
0.0 1.0 0.0 0.0 0.0 0.0 0.0 0.0 1.0 0.0 0.030 0.000 0.000 0.000 2.0 0.204 0.012 0.000
0.0 1.0 0.0 0.0 0.0 0.0 0.0 0.0 0.0 0.0 0.273 0.000 0.000 0.000 2.0 0.184 0.058 0.000
0.0 0.0 0.0 0.0 0.0 1.0 0.0 0.0 1.0 0.0 0.242 0.000 0.000 0.000 3.0 0.143 0.053 0.000
0.0 0.0 0.0 0.0 0.0 1.0 0.0 0.0 0.0 0.0 0.212 0.000 0.000 0.000 2.0 0.286 0.041 0.000
0.0 0.0 1.0 0.0 0.0 0.0 0.0 0.0 1.0 0.0 0.061 0.000 0.000 0.000 2.0 0.163 0.012 0.000
0.0 1.0 0.0 0.0 0.0 0.0 0.0 0.0 1.0 0.0 0.030 0.000 0.000 0.000 1.0 0.265 0.006 0.000
0.0 0.0 0.0 1.0 0.0 0.0 0.0 0.0 0.0 0.0 0.242 0.000 0.000 0.000 2.0 0.122 0.053 0.000
0.0 0.0 0.0 1.0 0.0 0.0 0.0 0.0 0.0 0.0 0.212 0.000 0.000 0.000 2.0 0.204 0.053 0.000
0.0 0.0 0.0 1.0 0.0 0.0 0.0 0.0 1.0 0.0 0.182 0.000 0.000 0.000 2.0 0.347 0.041 0.000
0.0 0.0 0.0 1.0 0.0 0.0 0.0 0.0 0.0 1.0 0.333 0.000 0.000 0.000 2.0 0.122 0.105 0.500
0.0 0.0 0.0 1.0 0.0 0.0 0.0 0.0 0.0 0.0 0.303 0.030 0.030 0.030 2.0 0.184 0.105 0.500
0.0 1.0 0.0 0.0 0.0 0.0 0.0 0.0 0.0 0.0 0.061 0.273 0.273 0.273 1.0 0.184 0.012 0.500
0.0 1.0 0.0 0.0 0.0 0.0 0.0 0.0 1.0 0.0 0.030 0.303 0.303 0.303 2.0 0.122 0.012 0.500
0.0 0.0 0.0 0.0 0.0 0.0 1.0 0.0 0.0 0.0 0.273 0.061 0.061 0.061 2.0 0.286 0.094 0.500
0.0 1.0 0.0 0.0 0.0 0.0 0.0 0.0 0.0 0.0 0.182 0.152 0.152 0.152 1.0 0.612 0.035 0.500
0.0 0.0 0.0 0.0 0.0 0.0 0.0 1.0 0.0 0.0 0.242 0.091 0.091 0.091 2.0 0.306 0.094 0.500
0.0 0.0 0.0 0.0 1.0 0.0 0.0 0.0 1.0 0.0 0.182 0.152 0.152 0.152 2.0 0.490 0.041 0.500
0.0 0.0 0.0 1.0 0.0 0.0 0.0 0.0 0.0 0.0 0.152 0.182 0.182 0.182 4.0 0.857 0.035 0.500
0.0 0.0 0.0 1.0 0.0 0.0 0.0 0.0 1.0 0.0 0.061 0.273 0.273 0.273 2.0 0.490 0.018 0.500
0.0 0.0 0.0 1.0 0.0 0.0 0.0 0.0 1.0 0.0 0.061 0.273 0.273 0.273 2.0 0.490 0.018 0.500
0.0 0.0 0.0 1.0 0.0 0.0 0.0 0.0 1.0 0.0 0.121 0.212 0.212 0.212 2.0 0.510 0.018 0.500
0.0 0.0 0.0 1.0 0.0 0.0 0.0 0.0 1.0 0.0 0.091 0.242 0.242 0.242 2.0 0.531 0.018 0.500
0.0 0.0 0.0 0.0 0.0 0.0 1.0 0.0 0.0 0.0 0.212 0.121 0.121 0.121 2.0 0.429 0.064 0.500
0.0 1.0 0.0 0.0 0.0 0.0 0.0 0.0 0.0 0.0 0.182 0.152 0.152 0.152 1.0 0.551 0.035 0.500
0.0 0.0 0.0 1.0 0.0 0.0 0.0 0.0 0.0 0.0 0.152 0.182 0.182 0.182 4.0 0.531 0.035 0.500
0.0 0.0 0.0 1.0 0.0 0.0 0.0 0.0 1.0 0.0 0.061 0.273 0.273 0.273 2.0 0.388 0.018 0.500
0.0 0.0 0.0 1.0 0.0 0.0 0.0 0.0 1.0 0.0 0.061 0.273 0.273 0.273 2.0 0.388 0.018 0.500
0.0 0.0 0.0 1.0 0.0 0.0 0.0 0.0 1.0 0.0 0.121 0.212 0.212 0.212 2.0 0.408 0.018 0.500
0.0 0.0 0.0 1.0 0.0 0.0 0.0 0.0 1.0 0.0 0.091 0.242 0.242 0.242 2.0 0.429 0.018 0.500
0.0 0.0 0.0 1.0 0.0 0.0 0.0 0.0 1.0 0.0 0.182 0.152 0.152 0.152 2.0 0.204 0.047 0.500
0.0 0.0 0.0 1.0 0.0 0.0 0.0 0.0 0.0 0.0 0.152 0.182 0.182 0.182 4.0 0.367 0.041 0.500
0.0 0.0 0.0 1.0 0.0 0.0 0.0 0.0 1.0 0.0 0.061 0.273 0.273 0.273 2.0 0.347 0.018 0.500
0.0 0.0 0.0 0.0 0.0 1.0 0.0 0.0 1.0 0.0 0.030 0.182 0.303 0.242 2.0 0.388 0.012 1.000
0.0 0.0 0.0 1.0 0.0 0.0 0.0 0.0 1.0 0.0 0.061 0.273 0.273 0.273 2.0 0.347 0.018 0.500
0.0 0.0 1.0 0.0 0.0 0.0 0.0 0.0 1.0 0.0 0.030 0.182 0.303 0.242 2.0 0.388 0.012 1.000
0.0 0.0 0.0 1.0 0.0 0.0 0.0 0.0 1.0 0.0 0.121 0.212 0.212 0.212 2.0 0.367 0.018 0.500
0.0 1.0 0.0 0.0 0.0 0.0 0.0 0.0 0.0 0.0 0.091 0.121 0.242 0.182 1.0 0.449 0.012 1.000
0.0 0.0 0.0 1.0 0.0 0.0 0.0 0.0 1.0 0.0 0.061 0.152 0.273 0.212 2.0 0.408 0.012 1.000
0.0 1.0 0.0 0.0 0.0 0.0 0.0 0.0 0.0 0.0 0.121 0.212 0.212 0.212 2.0 0.204 0.023 0.500
0.0 0.0 0.0 1.0 0.0 0.0 0.0 0.0 1.0 0.0 0.091 0.242 0.242 0.242 2.0 0.286 0.018 0.500
0.0 0.0 0.0 0.0 0.0 1.0 0.0 0.0 1.0 0.0 0.061 0.152 0.273 0.212 2.0 0.490 0.012 1.000
0.0 1.0 0.0 0.0 0.0 0.0 0.0 0.0 1.0 0.0 0.030 0.182 0.303 0.242 1.0 0.327 0.006 1.000
