0.0 0.0 0.0 0.0 0.0 0.0 1.0 0.0 0.0 0.0 0.667 0.000 0.000 0.000 2.0 0.175 0.901 0.000
0.0 1.0 0.0 0.0 0.0 0.0 0.0 0.0 0.0 0.0 0.067 0.000 0.000 0.000 2.0 0.125 0.028 0.000
0.0 0.0 0.0 0.0 0.0 1.0 0.0 0.0 0.0 0.0 0.633 0.000 0.000 0.000 3.0 0.425 0.887 0.000
0.0 1.0 0.0 0.0 0.0 0.0 0.0 0.0 0.0 0.0 0.600 0.000 0.000 0.000 2.0 0.225 0.563 0.000
0.0 1.0 0.0 0.0 0.0 0.0 0.0 0.0 0.0 0.0 1.000 0.000 0.000 0.000 2.0 0.125 0.986 0.000
0.0 0.0 0.0 0.0 0.0 1.0 0.0 0.0 0.0 0.0 0.967 0.000 0.000 0.000 3.0 0.325 0.972 0.000
0.0 0.0 0.0 0.0 0.0 1.0 0.0 0.0 0.0 0.0 0.933 0.000 0.000 0.000 2.0 0.250 0.944 0.000
0.0 1.0 0.0 0.0 0.0 0.0 0.0 0.0 1.0 0.0 0.033 0.000 0.000 0.000 1.0 0.100 0.014 0.000
0.0 0.0 0.0 0.0 0.0 1.0 0.0 0.0 0.0 0.0 0.900 0.000 0.000 0.000 3.0 0.425 0.944 0.000
0.0 0.0 0.0 0.0 0.0 1.0 0.0 0.0 0.0 0.0 0.867 0.000 0.000 0.000 2.0 0.300 0.901 0.000
0.0 0.0 0.0 0.0 0.0 1.0 0.0 0.0 0.0 0.0 0.833 0.000 0.000 0.000 2.0 0.300 0.873 0.000
0.0 0.0 0.0 0.0 0.0 1.0 0.0 0.0 0.0 0.0 0.800 0.000 0.000 0.000 3.0 0.400 0.859 0.000
0.0 0.0 0.0 0.0 0.0 1.0 0.0 0.0 0.0 0.0 0.767 0.000 0.000 0.000 2.0 0.275 0.761 0.000
0.0 0.0 0.0 0.0 0.0 1.0 0.0 0.0 0.0 0.0 0.733 0.000 0.000 0.000 2.0 0.375 0.761 0.000
0.0 0.0 0.0 0.0 0.0 1.0 0.0 0.0 0.0 0.0 0.700 0.000 0.000 0.000 2.0 0.250 0.662 0.000
0.0 0.0 0.0 0.0 0.0 1.0 0.0 0.0 0.0 0.0 0.667 0.000 0.000 0.000 2.0 0.400 0.648 0.000
0.0 0.0 0.0 0.0 0.0 1.0 0.0 0.0 0.0 0.0 0.633 0.000 0.000 0.000 3.0 0.400 0.577 0.000
0.0 0.0 1.0 0.0 0.0 0.0 0.0 0.0 0.0 0.0 0.567 0.000 0.000 0.000 4.0 0.500 0.577 0.000
0.0 0.0 0.0 0.0 0.0 1.0 0.0 0.0 0.0 0.0 0.600 0.000 0.000 0.000 3.0 0.325 0.577 0.000
0.0 0.0 0.0 0.0 0.0 0.0 0.0 1.0 0.0 0.0 0.433 0.000 0.000 0.000 2.0 0.300 0.338 0.000
0.0 1.0 0.0 0.0 0.0 0.0 0.0 0.0 0.0 0.0 0.133 0.000 0.000 0.000 2.0 0.200 0.056 0.000
0.0 1.0 0.0 0.0 0.0 0.0 0.0 0.0 0.0 0.0 0.567 0.000 0.000 0.000 1.0 0.250 0.366 0.000
0.0 0.0 0.0 0.0 0.0 1.0 0.0 0.0 0.0 0.0 0.600 0.000 0.000 0.000 2.0 0.375 0.662 0.000
0.0 0.0 0.0 0.0 0.0 1.0 0.0 0.0 0.0 0.0 0.600 0.000 0.000 0.000 2.0 0.450 0.746 0.000
0.0 0.0 0.0 0.0 0.0 1.0 0.0 0.0 0.0 0.0 0.700 0.000 0.000 0.000 3.0 0.550 0.859 0.000
0.0 0.0 0.0 0.0 0.0 1.0 0.0 0.0 0.0 0.0 0.667 0.000 0.000 0.000 2.0 0.275 0.704 0.000
0.0 0.0 0.0 0.0 0.0 1.0 0.0 0.0 0.0 0.0 0.600 0.000 0.000 0.000 2.0 0.425 0.690 0.000
0.0 0.0 0.0 0.0 0.0 1.0 0.0 0.0 0.0 0.0 0.633 0.000 0.000 0.000 2.0 0.300 0.704 0.000
0.0 1.0 0.0 0.0 0.0 0.0 0.0 0.0 0.0 0.0 0.600 0.000 0.000 0.000 2.0 0.275 0.592 0.000
0.0 0.0 0.0 1.0 0.0 0.0 0.0 0.0 0.0 0.0 0.567 0.000 0.000 0.000 3.0 0.625 0.577 0.000
0.0 0.0 0.0 0.0 0.0 1.0 0.0 0.0 0.0 0.0 0.500 0.000 0.000 0.000 4.0 0.475 0.775 0.000
0.0 1.0 0.0 0.0 0.0 0.0 0.0 0.0 0.0 0.0 0.333 0.000 0.000 0.000 2.0 0.225 0.268 0.000
0.0 0.0 0.0 1.0 0.0 0.0 0.0 0.0 0.0 0.0 0.367 0.000 0.000 0.000 3.0 0.400 0.408 0.000
0.0 0.0 0.0 1.0 0.0 0.0 0.0 0.0 0.0 0.0 0.333 0.000 0.000 0.000 2.0 0.300 0.239 0.000
0.0 0.0 0.0 1.0 0.0 0.0 0.0 0.0 0.0 0.0 0.467 0.000 0.000 0.000 4.0 0.525 0.577 0.000
0.0 1.0 0.0 0.0 0.0 0.0 0.0 0.0 0.0 0.0 0.333 0.000 0.000 0.000 2.0 0.325 0.197 0.000
0.0 0.0 0.0 0.0 0.0 0.0 1.0 0.0 0.0 0.0 0.433 0.000 0.000 0.000 2.0 0.325 0.324 0.000
0.0 0.0 0.0 1.0 0.0 0.0 0.0 0.0 0.0 0.0 0.767 0.000 0.000 0.000 2.0 0.150 0.986 0.000
0.0 0.0 0.0 1.0 0.0 0.0 0.0 0.0 0.0 0.0 0.733 0.000 0.000 0.000 2.0 0.275 0.986 0.000
0.0 0.0 0.0 0.0 0.0 0.0 1.0 0.0 0.0 0.0 0.700 0.000 0.000 0.000 2.0 0.325 0.986 0.000
0.0 0.0 0.0 1.0 0.0 0.0 0.0 0.0 1.0 0.0 0.467 0.000 0.000 0.000 2.0 0.150 0.239 0.000
0.0 0.0 0.0 0.0 0.0 0.0 0.0 1.0 0.0 0.0 0.433 0.000 0.000 0.000 2.0 0.225 0.239 0.000
0.0 0.0 0.0 0.0 0.0 1.0 0.0 0.0 0.0 0.0 0.067 0.000 0.000 0.000 2.0 0.225 0.028 0.000
0.0 1.0 0.0 0.0 0.0 0.0 0.0 0.0 0.0 0.0 0.400 0.000 0.000 0.000 2.0 0.250 0.225 0.000
0.0 0.0 0.0 1.0 0.0 0.0 0.0 0.0 0.0 0.0 0.367 0.000 0.000 0.000 2.0 0.200 0.211 0.000
0.0 0.0 0.0 1.0 0.0 0.0 0.0 0.0 1.0 0.0 0.067 0.000 0.000 0.000 2.0 0.175 0.028 0.000
0.0 1.0 0.0 0.0 0.0 0.0 0.0 0.0 0.0 0.0 0.333 0.000 0.000 0.000 2.0 0.175 0.183 0.000
0.0 0.0 0.0 0.0 0.0 1.0 0.0 0.0 0.0 0.0 0.300 0.000 0.000 0.000 2.0 0.200 0.169 0.000
0.0 1.0 0.0 0.0 0.0 0.0 0.0 0.0 0.0 0.0 0.267 0.000 0.000 0.000 2.0 0.175 0.169 0.000
0.0 0.0 0.0 1.0 0.0 0.0 0.0 0.0 0.0 0.0 0.233 0.000 0.000 0.000 2.0 0.275 0.155 0.000
0.0 0.0 0.0 0.0 0.0 1.0 0.0 0.0 0.0 0.0 0.233 0.000 0.000 0.000 2.0 0.300 0.155 0.000
0.0 0.0 0.0 0.0 0.0 0.0 1.0 0.0 0.0 0.0 0.200 0.000 0.000 0.000 2.0 0.325 0.113 0.000
0.0 0.0 0.0 1.0 0.0 0.0 0.0 0.0 0.0 0.0 0.167 0.000 0.000 0.000 2.0 0.250 0.070 0.000
0.0 0.0 0.0 1.0 0.0 0.0 0.0 0.0 0.0 0.0 0.100 0.000 0.000 0.000 2.0 0.225 0.056 0.000
0.0 1.0 0.0 0.0 0.0 0.0 0.0 0.0 0.0 0.0 0.133 0.000 0.000 0.000 2.0 0.175 0.070 0.000
0.0 0.0 0.0 0.0 0.0 1.0 0.0 0.0 0.0 0.0 0.100 0.000 0.000 0.000 2.0 0.200 0.056 0.000
0.0 0.0 0.0 0.0 0.0 0.0 1.0 0.0 1.0 0.0 0.067 0.000 0.000 0.000 2.0 0.175 0.042 0.000
0.0 1.0 0.0 0.0 0.0 0.0 0.0 0.0 1.0 0.0 0.033 0.000 0.000 0.000 2.0 0.100 0.028 0.000
0.0 0.0 0.0 1.0 0.0 0.0 0.0 0.0 0.0 0.0 0.933 0.000 0.000 0.000 3.0 0.200 1.000 0.000
0.0 0.0 0.0 1.0 0.0 0.0 0.0 0.0 0.0 0.0 0.833 0.000 0.000 0.000 2.0 0.350 0.944 0.000
0.0 1.0 0.0 0.0 0.0 0.0 0.0 0.0 0.0 0.0 0.900 0.000 0.000 0.000 2.0 0.175 0.972 0.000
0.0 0.0 0.0 1.0 0.0 0.0 0.0 0.0 0.0 0.0 0.867 0.000 0.000 0.000 2.0 0.175 0.958 0.000
0.0 1.0 0.0 0.0 0.0 0.0 0.0 0.0 0.0 0.0 0.833 0.000 0.000 0.000 1.0 0.225 0.944 0.000
0.0 1.0 0.0 0.0 0.0 0.0 0.0 0.0 0.0 0.0 0.167 0.000 0.000 0.000 2.0 0.250 0.056 0.000
0.0 1.0 0.0 0.0 0.0 0.0 0.0 0.0 0.0 0.0 0.900 0.000 0.000 0.000 2.0 0.175 0.972 0.000
0.0 0.0 0.0 1.0 0.0 0.0 0.0 0.0 0.0 0.0 0.867 0.000 0.000 0.000 2.0 0.175 0.958 0.000
0.0 1.0 0.0 0.0 0.0 0.0 0.0 0.0 0.0 0.0 0.167 0.000 0.000 0.000 2.0 0.225 0.056 0.000
1.0 0.0 0.0 0.0 0.0 0.0 0.0 0.0 0.0 0.0 0.833 0.000 0.000 0.000 3.0 0.325 0.958 0.000
0.0 0.0 0.0 0.0 0.0 0.0 1.0 0.0 0.0 0.0 0.800 0.000 0.000 0.000 2.0 0.350 0.944 0.000
0.0 1.0 0.0 0.0 0.0 0.0 0.0 0.0 0.0 0.0 0.200 0.000 0.000 0.000 3.0 0.275 0.225 0.000
0.0 1.0 0.0 0.0 0.0 0.0 0.0 0.0 0.0 0.0 0.133 0.000 0.000 0.000 2.0 0.175 0.042 0.000
0.0 0.0 0.0 0.0 0.0 0.0 0.0 1.0 0.0 0.0 0.167 0.000 0.000 0.000 2.0 0.275 0.169 0.000
0.0 0.0 0.0 0.0 0.0 0.0 1.0 0.0 0.0 0.0 0.133 0.000 0.000 0.000 2.0 0.350 0.099 0.000
0.0 0.0 0.0 1.0 0.0 0.0 0.0 0.0 0.0 0.0 0.767 0.000 0.000 0.000 2.0 0.325 0.915 0.000
0.0 1.0 0.0 0.0 0.0 0.0 0.0 0.0 1.0 0.0 0.033 0.000 0.000 0.000 2.0 0.100 0.028 0.000
0.0 0.0 0.0 1.0 0.0 0.0 0.0 0.0 0.0 0.0 0.133 0.000 0.000 0.000 2.0 0.350 0.042 0.000
0.0 1.0 0.0 0.0 0.0 0.0 0.0 0.0 0.0 0.0 0.100 0.000 0.000 0.000 1.0 0.300 0.028 0.000
0.0 0.0 0.0 1.0 0.0 0.0 0.0 0.0 1.0 0.0 0.067 0.000 0.000 0.000 2.0 0.225 0.028 0.000
0.0 0.0 0.0 0.0 0.0 1.0 0.0 0.0 0.0 0.0 0.933 0.000 0.000 0.000 2.0 0.250 0.944 0.000
0.0 0.0 0.0 0.0 0.0 0.0 0.0 1.0 0.0 0.0 0.900 0.000 0.000 0.000 2.0 0.225 0.930 0.000
0.0 0.0 1.0 0.0 0.0 0.0 0.0 0.0 1.0 0.0 0.867 0.000 0.000 0.000 2.0 0.250 0.930 0.000
0.0 1.0 0.0 0.0 0.0 0.0 0.0 0.0 0.0 0.0 0.967 0.000 0.000 0.000 2.0 0.100 0.972 0.000
0.0 0.0 0.0 1.0 0.0 0.0 0.0 0.0 0.0 0.0 0.933 0.000 0.000 0.000 2.0 0.200 0.958 0.000
0.0 0.0 0.0 0.0 0.0 0.0 1.0 0.0 0.0 0.0 0.900 0.000 0.000 0.000 2.0 0.200 0.944 0.000
0.0 0.0 1.0 0.0 0.0 0.0 0.0 0.0 1.0 0.0 0.867 0.000 0.000 0.000 2.0 0.250 0.930 0.000
0.0 1.0 0.0 0.0 0.0 0.0 0.0 0.0 0.0 0.0 0.233 0.000 0.000 0.000 2.0 0.175 0.169 0.000
0.0 0.0 0.0 0.0 0.0 0.0 1.0 0.0 0.0 0.0 0.200 0.000 0.000 0.000 2.0 0.250 0.155 0.000
0.0 0.0 0.0 0.0 0.0 1.0 0.0 0.0 0.0 0.0 0.900 0.000 0.000 0.000 2.0 0.250 0.944 0.000
0.0 0.0 0.0 0.0 0.0 0.0 0.0 1.0 0.0 0.0 0.867 0.000 0.000 0.000 2.0 0.275 0.930 0.000
0.0 0.0 0.0 0.0 0.0 1.0 0.0 0.0 0.0 0.0 0.833 0.000 0.000 0.000 2.0 0.225 0.930 0.000
0.0 0.0 0.0 0.0 0.0 0.0 1.0 0.0 1.0 0.0 0.600 0.000 0.000 0.000 2.0 0.150 0.873 0.000
0.0 0.0 0.0 0.0 0.0 1.0 0.0 0.0 0.0 0.0 1.000 0.000 0.000 0.000 2.0 0.250 0.972 0.000
0.0 0.0 0.0 0.0 0.0 0.0 1.0 0.0 0.0 0.0 0.967 0.000 0.000 0.000 2.0 0.225 0.958 0.000
0.0 0.0 0.0 0.0 0.0 0.0 1.0 0.0 0.0 0.0 0.267 0.000 0.000 0.000 2.0 0.275 0.183 0.000
0.0 0.0 0.0 0.0 0.0 0.0 1.0 0.0 0.0 0.0 0.933 0.000 0.000 0.000 2.0 0.200 0.958 0.000
0.0 1.0 0.0 0.0 0.0 0.0 0.0 0.0 0.0 0.0 0.900 0.000 0.000 0.000 2.0 0.150 0.944 0.000
0.0 0.0 1.0 0.0 0.0 0.0 0.0 0.0 1.0 0.0 0.867 0.000 0.000 0.000 2.0 0.225 0.930 0.000
0.0 1.0 0.0 0.0 0.0 0.0 0.0 0.0 0.0 0.0 0.100 0.000 0.000 0.000 2.0 0.225 0.056 0.000
0.0 0.0 0.0 0.0 0.0 1.0 0.0 0.0 0.0 0.0 0.933 0.000 0.000 0.000 2.0 0.250 0.986 0.000
0.0 0.0 0.0 0.0 0.0 0.0 1.0 0.0 0.0 0.0 0.900 0.000 0.000 0.000 2.0 0.175 0.972 0.000
0.0 1.0 0.0 0.0 0.0 0.0 0.0 0.0 0.0 0.0 0.333 0.000 0.000 0.000 2.0 0.175 0.282 0.000
0.0 0.0 0.0 0.0 0.0 0.0 1.0 0.0 0.0 0.0 0.300 0.000 0.000 0.000 2.0 0.225 0.268 0.000
0.0 1.0 0.0 0.0 0.0 0.0 0.0 0.0 0.0 0.0 0.167 0.000 0.000 0.000 2.0 0.175 0.099 0.000
0.0 0.0 0.0 0.0 0.0 0.0 1.0 0.0 0.0 0.0 0.133 0.000 0.000 0.000 2.0 0.225 0.085 0.000
0.0 1.0 0.0 0.0 0.0 0.0 0.0 0.0 0.0 0.0 0.100 0.000 0.000 0.000 2.0 0.225 0.056 0.000
0.0 0.0 0.0 1.0 0.0 0.0 0.0 0.0 1.0 0.0 0.867 0.000 0.000 0.000 2.0 0.250 0.930 0.000
0.0 0.0 0.0 0.0 0.0 1.0 0.0 0.0 0.0 0.0 0.933 0.000 0.000 0.000 2.0 0.275 0.944 0.000
0.0 0.0 0.0 0.0 0.0 1.0 0.0 0.0 0.0 0.0 0.900 0.000 0.000 0.000 3.0 0.250 0.930 0.000
0.0 0.0 1.0 0.0 0.0 0.0 0.0 0.0 1.0 0.0 0.867 0.000 0.000 0.000 3.0 0.350 0.930 0.000
0.0 1.0 0.0 0.0 0.0 0.0 0.0 0.0 0.0 0.0 0.833 0.000 0.000 0.000 1.0 0.375 0.930 0.000
0.0 0.0 0.0 1.0 0.0 0.0 0.0 0.0 1.0 0.0 0.800 0.000 0.000 0.000 2.0 0.325 0.930 0.000
0.0 0.0 0.0 0.0 1.0 0.0 0.0 0.0 0.0 0.0 0.767 0.000 0.000 0.000 2.0 0.350 0.930 0.000
0.0 0.0 0.0 0.0 0.0 1.0 0.0 0.0 0.0 0.0 0.833 0.000 0.000 0.000 2.0 0.275 0.930 0.000
0.0 0.0 0.0 0.0 0.0 1.0 0.0 0.0 0.0 0.0 0.800 0.000 0.000 0.000 2.0 0.200 0.930 0.000
0.0 1.0 0.0 0.0 0.0 0.0 0.0 0.0 1.0 0.0 0.033 0.000 0.000 0.000 1.0 0.100 0.014 0.000
0.0 0.0 0.0 0.0 0.0 1.0 0.0 0.0 0.0 0.0 0.767 0.000 0.000 0.000 2.0 0.350 0.930 0.000
0.0 0.0 0.0 1.0 0.0 0.0 0.0 0.0 0.0 0.0 0.667 0.000 0.000 0.000 2.0 0.550 0.915 0.000
0.0 0.0 0.0 0.0 0.0 1.0 0.0 0.0 0.0 0.0 0.633 0.000 0.000 0.000 4.0 0.675 0.915 0.000
0.0 0.0 1.0 0.0 0.0 0.0 0.0 0.0 0.0 0.0 0.633 0.000 0.000 0.000 4.0 0.675 0.901 0.000
0.0 0.0 0.0 1.0 0.0 0.0 0.0 0.0 0.0 0.0 0.733 0.000 0.000 0.000 2.0 0.550 0.901 0.000
0.0 0.0 0.0 0.0 0.0 1.0 0.0 0.0 0.0 0.0 0.600 0.000 0.000 0.000 4.0 0.625 0.901 0.000
0.0 0.0 0.0 0.0 0.0 1.0 0.0 0.0 0.0 0.0 0.567 0.000 0.000 0.000 3.0 0.625 0.873 0.000
0.0 0.0 0.0 0.0 0.0 1.0 0.0 0.0 0.0 0.0 0.700 0.000 0.000 0.000 4.0 0.550 0.901 0.000
0.0 0.0 0.0 0.0 0.0 1.0 0.0 0.0 0.0 0.0 0.567 0.000 0.000 0.000 3.0 0.650 0.873 0.000
0.0 1.0 0.0 0.0 0.0 0.0 0.0 0.0 0.0 0.0 0.667 0.000 0.000 0.000 1.0 0.250 0.887 0.000
0.0 1.0 0.0 0.0 0.0 0.0 0.0 0.0 0.0 0.0 0.100 0.000 0.000 0.000 1.0 0.350 0.042 0.000
0.0 0.0 0.0 1.0 0.0 0.0 0.0 0.0 1.0 0.0 0.067 0.000 0.000 0.000 2.0 0.275 0.042 0.000
0.0 1.0 0.0 0.0 0.0 0.0 0.0 0.0 1.0 0.0 0.033 0.000 0.000 0.000 2.0 0.100 0.028 0.000
0.0 0.0 0.0 1.0 0.0 0.0 0.0 0.0 0.0 0.0 0.700 0.000 0.000 0.000 2.0 0.125 0.901 0.000
0.0 0.0 0.0 1.0 0.0 0.0 0.0 0.0 1.0 0.0 0.633 0.000 0.000 0.000 2.0 0.250 0.887 0.000
0.0 1.0 0.0 0.0 0.0 0.0 0.0 0.0 0.0 0.0 0.667 0.000 0.000 0.000 2.0 0.125 0.901 0.000
0.0 0.0 0.0 0.0 0.0 1.0 0.0 0.0 1.0 0.0 0.633 0.000 0.000 0.000 2.0 0.250 0.887 0.000
0.0 0.0 0.0 1.0 0.0 0.0 0.0 0.0 0.0 0.0 0.600 0.000 0.000 0.000 4.0 0.700 0.887 0.000
0.0 0.0 0.0 0.0 0.0 0.0 1.0 0.0 0.0 0.0 0.633 0.000 0.000 0.000 2.0 0.200 0.887 0.000
0.0 1.0 0.0 0.0 0.0 0.0 0.0 0.0 1.0 0.0 0.033 0.000 0.000 0.000 2.0 0.075 0.028 0.000
0.0 0.0 0.0 1.0 0.0 0.0 0.0 0.0 0.0 0.0 0.600 0.000 0.000 0.000 4.0 0.650 0.873 0.000
0.0 0.0 0.0 0.0 0.0 1.0 0.0 0.0 0.0 0.0 0.567 0.000 0.000 0.000 2.0 0.550 0.718 0.000
0.0 0.0 0.0 0.0 0.0 0.0 0.0 1.0 1.0 0.0 0.633 0.000 0.000 0.000 2.0 0.125 0.901 0.000
0.0 0.0 0.0 1.0 0.0 0.0 0.0 0.0 0.0 0.0 0.600 0.000 0.000 0.000 2.0 0.475 0.901 0.000
0.0 0.0 0.0 0.0 0.0 0.0 1.0 0.0 1.0 1.0 0.633 0.000 0.000 0.000 2.0 0.175 0.901 0.500
0.0 0.0 1.0 0.0 0.0 0.0 0.0 0.0 0.0 0.0 0.600 0.033 0.033 0.033 4.0 0.725 0.901 0.500
0.0 0.0 0.0 0.0 0.0 0.0 1.0 0.0 1.0 0.0 0.667 0.000 0.000 0.000 2.0 0.075 0.901 0.000
0.0 1.0 0.0 0.0 0.0 0.0 0.0 0.0 0.0 0.0 0.633 0.000 0.000 0.000 2.0 0.175 0.901 0.000
0.0 0.0 0.0 1.0 0.0 0.0 0.0 0.0 0.0 0.0 0.600 0.000 0.000 0.000 3.0 0.550 0.887 0.000
0.0 0.0 0.0 0.0 0.0 0.0 1.0 0.0 1.0 0.0 0.633 0.000 0.000 0.000 2.0 0.150 0.887 0.000
0.0 0.0 1.0 0.0 0.0 0.0 0.0 0.0 0.0 0.0 0.600 0.000 0.000 0.000 3.0 0.525 0.887 0.000
0.0 0.0 1.0 0.0 0.0 0.0 0.0 0.0 0.0 0.0 0.567 0.067 0.067 0.067 4.0 1.000 0.620 0.500
0.0 1.0 0.0 0.0 0.0 0.0 0.0 0.0 0.0 0.0 0.533 0.100 0.100 0.100 2.0 0.650 0.366 0.500
0.0 0.0 0.0 1.0 0.0 0.0 0.0 0.0 0.0 0.0 0.700 0.000 0.000 0.000 2.0 0.150 0.901 0.000
0.0 0.0 0.0 1.0 0.0 0.0 0.0 0.0 0.0 0.0 0.633 0.000 0.000 0.000 2.0 0.325 0.887 0.000
0.0 1.0 0.0 0.0 0.0 0.0 0.0 0.0 0.0 0.0 0.667 0.000 0.000 0.000 2.0 0.150 0.901 0.000
0.0 0.0 0.0 0.0 0.0 1.0 0.0 0.0 0.0 0.0 0.633 0.000 0.000 0.000 2.0 0.325 0.887 0.000
0.0 0.0 1.0 0.0 0.0 0.0 0.0 0.0 0.0 0.0 0.600 0.000 0.000 0.000 4.0 0.700 0.887 0.000
0.0 1.0 0.0 0.0 0.0 0.0 0.0 0.0 0.0 0.0 0.567 0.000 0.000 0.000 1.0 0.600 0.549 0.000
0.0 0.0 0.0 0.0 0.0 0.0 1.0 0.0 1.0 1.0 0.600 0.000 0.000 0.000 2.0 0.150 0.873 0.500
0.0 0.0 0.0 0.0 0.0 1.0 0.0 0.0 0.0 0.0 0.567 0.033 0.033 0.033 3.0 0.625 0.873 0.500
0.0 0.0 0.0 0.0 0.0 0.0 1.0 0.0 1.0 0.0 0.633 0.000 0.000 0.000 2.0 0.150 0.901 0.000
0.0 0.0 1.0 0.0 0.0 0.0 0.0 0.0 0.0 0.0 0.600 0.000 0.000 0.000 3.0 0.550 0.901 0.000
0.0 0.0 0.0 0.0 0.0 1.0 0.0 0.0 0.0 0.0 0.500 0.000 0.000 0.000 3.0 0.675 0.648 0.000
0.0 0.0 0.0 1.0 0.0 0.0 0.0 0.0 0.0 0.0 0.200 0.433 0.433 0.433 2.0 0.900 0.113 0.500
0.0 0.0 0.0 1.0 0.0 0.0 0.0 0.0 1.0 0.0 0.067 0.567 0.567 0.567 4.0 0.350 0.070 0.500
0.0 1.0 0.0 0.0 0.0 0.0 0.0 0.0 1.0 0.0 0.033 0.600 0.600 0.600 1.0 0.225 0.014 0.500
0.0 0.0 0.0 0.0 0.0 0.0 0.0 1.0 1.0 0.0 0.667 0.000 0.000 0.000 2.0 0.075 0.915 0.000
0.0 1.0 0.0 0.0 0.0 0.0 0.0 0.0 0.0 0.0 0.633 0.000 0.000 0.000 2.0 0.100 0.915 0.000
0.0 1.0 0.0 0.0 0.0 0.0 0.0 0.0 0.0 0.0 0.600 0.000 0.000 0.000 2.0 0.225 0.901 0.000
0.0 0.0 0.0 0.0 0.0 1.0 0.0 0.0 0.0 0.0 0.567 0.000 0.000 0.000 4.0 0.750 0.887 0.000
0.0 0.0 0.0 1.0 0.0 0.0 0.0 0.0 0.0 0.0 0.533 0.000 0.000 0.000 3.0 0.675 0.521 0.000
0.0 1.0 0.0 0.0 0.0 0.0 0.0 0.0 0.0 0.0 0.500 0.000 0.000 0.000 1.0 0.400 0.310 0.000
0.0 0.0 0.0 0.0 0.0 0.0 1.0 0.0 1.0 0.0 0.667 0.000 0.000 0.000 2.0 0.150 0.901 0.000
0.0 0.0 0.0 0.0 0.0 1.0 0.0 0.0 0.0 0.0 0.633 0.000 0.000 0.000 3.0 0.525 0.901 0.000
0.0 1.0 0.0 0.0 0.0 0.0 0.0 0.0 0.0 0.0 0.600 0.000 0.000 0.000 1.0 0.300 0.479 0.000
0.0 0.0 0.0 1.0 0.0 0.0 0.0 0.0 0.0 0.0 0.567 0.067 0.067 0.067 2.0 0.625 0.479 0.500
1.0 0.0 0.0 0.0 0.0 0.0 0.0 0.0 0.0 0.0 0.533 0.100 0.100 0.100 2.0 0.350 0.479 0.500
0.0 1.0 0.0 0.0 0.0 0.0 0.0 0.0 0.0 0.0 0.500 0.133 0.133 0.133 3.0 0.550 0.479 0.500
0.0 0.0 0.0 0.0 0.0 0.0 1.0 0.0 1.0 0.0 0.667 0.000 0.000 0.000 2.0 0.125 0.887 0.000
0.0 0.0 1.0 0.0 0.0 0.0 0.0 0.0 0.0 0.0 0.633 0.000 0.000 0.000 2.0 0.400 0.887 0.000
0.0 1.0 0.0 0.0 0.0 0.0 0.0 0.0 0.0 0.0 0.433 0.000 0.000 0.000 1.0 0.575 0.380 0.000
0.0 0.0 0.0 1.0 0.0 0.0 0.0 0.0 0.0 0.0 0.400 0.000 0.000 0.000 2.0 0.600 0.380 0.000
0.0 1.0 0.0 0.0 0.0 0.0 0.0 0.0 0.0 0.0 0.333 0.000 0.000 0.000 1.0 0.575 0.183 0.000
0.0 0.0 0.0 0.0 0.0 0.0 1.0 0.0 0.0 0.0 0.667 0.000 0.000 0.000 2.0 0.175 0.887 0.000
0.0 0.0 0.0 1.0 0.0 0.0 0.0 0.0 0.0 0.0 0.633 0.000 0.000 0.000 2.0 0.350 0.887 0.000
0.0 1.0 0.0 0.0 0.0 0.0 0.0 0.0 0.0 0.0 0.400 0.000 0.000 0.000 1.0 0.575 0.380 0.000
0.0 0.0 0.0 1.0 0.0 0.0 0.0 0.0 0.0 0.0 0.367 0.000 0.000 0.000 2.0 0.775 0.380 0.000
0.0 0.0 1.0 0.0 0.0 0.0 0.0 0.0 0.0 0.0 0.600 0.000 0.000 0.000 3.0 0.550 0.789 0.000
0.0 1.0 0.0 0.0 0.0 0.0 0.0 0.0 0.0 0.0 0.533 0.000 0.000 0.000 1.0 0.550 0.465 0.000
0.0 0.0 0.0 1.0 0.0 0.0 0.0 0.0 0.0 0.0 0.500 0.100 0.133 0.117 2.0 0.700 0.465 1.000
0.0 1.0 0.0 0.0 0.0 0.0 0.0 0.0 0.0 0.0 0.400 0.200 0.233 0.217 1.0 0.575 0.254 1.000
0.0 1.0 0.0 0.0 0.0 0.0 0.0 0.0 0.0 0.0 0.567 0.000 0.000 0.000 1.0 0.525 0.563 0.000
0.0 0.0 0.0 1.0 0.0 0.0 0.0 0.0 0.0 0.0 0.533 0.000 0.000 0.000 3.0 0.750 0.563 0.000
0.0 1.0 0.0 0.0 0.0 0.0 0.0 0.0 0.0 0.0 0.433 0.000 0.000 0.000 2.0 0.550 0.310 0.000
0.0 0.0 0.0 0.0 0.0 0.0 1.0 0.0 1.0 0.0 0.600 0.000 0.000 0.000 2.0 0.175 0.887 0.000
0.0 0.0 0.0 0.0 0.0 1.0 0.0 0.0 0.0 0.0 0.567 0.000 0.000 0.000 4.0 0.750 0.887 0.000
0.0 1.0 0.0 0.0 0.0 0.0 0.0 0.0 0.0 0.0 0.467 0.133 0.167 0.150 2.0 0.800 0.310 1.000
0.0 0.0 0.0 0.0 0.0 0.0 0.0 1.0 1.0 0.0 0.433 0.167 0.200 0.183 2.0 0.425 0.296 1.000
0.0 0.0 0.0 1.0 0.0 0.0 0.0 0.0 0.0 0.0 0.400 0.200 0.233 0.217 2.0 0.350 0.282 1.000
0.0 0.0 0.0 0.0 0.0 0.0 1.0 0.0 0.0 0.0 0.367 0.233 0.267 0.250 2.0 0.200 0.268 1.000
0.0 1.0 0.0 0.0 0.0 0.0 0.0 0.0 0.0 0.0 0.133 0.467 0.500 0.483 1.0 0.175 0.056 1.000
0.0 0.0 0.0 0.0 0.0 0.0 1.0 0.0 1.0 0.0 0.100 0.500 0.533 0.517 2.0 0.200 0.056 1.000
0.0 0.0 0.0 1.0 0.0 0.0 0.0 0.0 1.0 0.0 0.067 0.533 0.567 0.550 2.0 0.175 0.042 1.000
0.0 1.0 0.0 0.0 0.0 0.0 0.0 0.0 0.0 0.0 0.333 0.267 0.300 0.283 2.0 0.150 0.211 1.000
0.0 1.0 0.0 0.0 0.0 0.0 0.0 0.0 0.0 0.0 0.300 0.300 0.333 0.317 2.0 0.150 0.197 1.000
0.0 0.0 0.0 0.0 0.0 0.0 1.0 0.0 0.0 0.0 0.267 0.333 0.367 0.350 2.0 0.225 0.183 1.000
0.0 1.0 0.0 0.0 0.0 0.0 0.0 0.0 0.0 0.0 0.100 0.500 0.533 0.517 2.0 0.225 0.056 1.000
0.0 0.0 0.0 0.0 0.0 0.0 1.0 0.0 0.0 0.0 0.233 0.367 0.400 0.383 2.0 0.300 0.127 1.000
0.0 1.0 0.0 0.0 0.0 0.0 0.0 0.0 0.0 0.0 0.067 0.533 0.567 0.550 2.0 0.150 0.042 1.000
0.0 1.0 0.0 0.0 0.0 0.0 0.0 0.0 1.0 0.0 0.033 0.567 0.600 0.583 2.0 0.075 0.028 1.000
0.0 0.0 0.0 0.0 0.0 0.0 1.0 0.0 0.0 0.0 0.200 0.400 0.433 0.417 2.0 0.300 0.085 1.000
0.0 1.0 0.0 0.0 0.0 0.0 0.0 0.0 0.0 0.0 0.400 0.000 0.000 0.000 2.0 0.550 0.268 0.000
0.0 0.0 0.0 1.0 0.0 0.0 0.0 0.0 0.0 0.0 0.367 0.233 0.267 0.250 3.0 0.575 0.254 1.000
0.0 0.0 0.0 0.0 1.0 0.0 0.0 0.0 0.0 0.0 0.333 0.267 0.300 0.283 2.0 0.450 0.239 1.000
1.0 0.0 0.0 0.0 0.0 0.0 0.0 0.0 0.0 0.0 0.133 0.467 0.500 0.483 2.0 0.300 0.056 1.000
0.0 1.0 0.0 0.0 0.0 0.0 0.0 0.0 0.0 0.0 0.333 0.267 0.300 0.283 3.0 0.375 0.254 1.000
0.0 0.0 0.0 1.0 0.0 0.0 0.0 0.0 0.0 0.0 0.300 0.300 0.333 0.317 2.0 0.450 0.225 1.000
0.0 0.0 0.0 0.0 0.0 0.0 0.0 1.0 0.0 0.0 0.267 0.333 0.367 0.350 2.0 0.375 0.211 1.000
0.0 0.0 0.0 0.0 0.0 0.0 1.0 0.0 0.0 0.0 0.233 0.367 0.400 0.383 2.0 0.200 0.113 1.000
0.0 0.0 0.0 0.0 0.0 0.0 1.0 0.0 1.0 0.0 0.200 0.400 0.433 0.417 2.0 0.175 0.085 1.000
0.0 0.0 0.0 0.0 0.0 1.0 0.0 0.0 0.0 0.0 0.167 0.433 0.467 0.450 2.0 0.200 0.070 1.000
0.0 1.0 0.0 0.0 0.0 0.0 0.0 0.0 0.0 0.0 0.133 0.467 0.500 0.483 2.0 0.175 0.070 1.000
0.0 0.0 0.0 1.0 0.0 0.0 0.0 0.0 0.0 0.0 0.100 0.500 0.533 0.517 2.0 0.250 0.056 1.000
0.0 0.0 0.0 0.0 0.0 1.0 0.0 0.0 0.0 0.0 0.100 0.500 0.533 0.517 2.0 0.275 0.056 1.000
0.0 0.0 0.0 0.0 0.0 0.0 1.0 0.0 0.0 0.0 0.067 0.533 0.567 0.550 2.0 0.300 0.042 1.000
0.0 1.0 0.0 0.0 0.0 0.0 0.0 0.0 1.0 0.0 0.033 0.567 0.600 0.583 2.0 0.100 0.028 1.000
0.0 0.0 0.0 0.0 0.0 0.0 1.0 0.0 0.0 0.0 0.133 0.467 0.500 0.483 2.0 0.275 0.099 1.000
0.0 0.0 0.0 0.0 0.0 0.0 1.0 0.0 0.0 0.0 0.100 0.500 0.533 0.517 2.0 0.200 0.070 1.000
0.0 0.0 1.0 0.0 0.0 0.0 0.0 0.0 1.0 0.0 0.067 0.533 0.567 0.550 3.0 0.225 0.042 1.000
0.0 1.0 0.0 0.0 0.0 0.0 0.0 0.0 0.0 0.0 0.067 0.533 0.567 0.550 2.0 0.150 0.028 1.000
0.0 0.0 1.0 0.0 0.0 0.0 0.0 0.0 1.0 0.0 0.100 0.500 0.533 0.517 2.0 0.275 0.042 1.000
0.0 0.0 0.0 1.0 0.0 0.0 0.0 0.0 0.0 0.0 0.533 0.067 0.067 0.067 3.0 0.950 0.549 0.500
0.0 0.0 0.0 0.0 0.0 1.0 0.0 0.0 0.0 0.0 0.167 0.433 0.467 0.450 2.0 0.950 0.070 1.000
0.0 0.0 1.0 0.0 0.0 0.0 0.0 0.0 1.0 0.0 0.067 0.533 0.567 0.550 2.0 0.450 0.042 1.000
0.0 1.0 0.0 0.0 0.0 0.0 0.0 0.0 0.0 0.0 0.133 0.467 0.500 0.483 1.0 0.300 0.042 1.000
0.0 0.0 0.0 1.0 0.0 0.0 0.0 0.0 1.0 0.0 0.100 0.500 0.533 0.517 2.0 0.325 0.042 1.000
0.0 0.0 0.0 1.0 0.0 0.0 0.0 0.0 1.0 0.0 0.067 0.533 0.567 0.550 2.0 0.425 0.028 1.000
0.0 0.0 0.0 1.0 0.0 0.0 0.0 0.0 0.0 0.0 0.500 0.100 0.133 0.117 2.0 0.625 0.352 1.000
0.0 0.0 0.0 1.0 0.0 0.0 0.0 0.0 0.0 0.0 0.433 0.167 0.200 0.183 2.0 0.300 0.338 1.000
0.0 1.0 0.0 0.0 0.0 0.0 0.0 0.0 0.0 0.0 0.467 0.133 0.167 0.150 2.0 0.225 0.352 1.000
0.0 0.0 0.0 0.0 0.0 1.0 0.0 0.0 0.0 0.0 0.433 0.167 0.200 0.183 2.0 0.225 0.338 1.000
0.0 1.0 0.0 0.0 0.0 0.0 0.0 0.0 0.0 0.0 0.400 0.200 0.233 0.217 1.0 0.300 0.296 1.000
0.0 0.0 0.0 0.0 0.0 1.0 0.0 0.0 1.0 0.0 0.367 0.233 0.267 0.250 2.0 0.300 0.296 1.000
0.0 0.0 0.0 0.0 0.0 0.0 0.0 1.0 0.0 0.0 0.333 0.267 0.300 0.283 2.0 0.325 0.282 1.000
0.0 0.0 0.0 0.0 0.0 0.0 1.0 0.0 1.0 0.0 0.100 0.500 0.533 0.517 2.0 0.200 0.042 1.000
0.0 0.0 0.0 0.0 0.0 1.0 0.0 0.0 1.0 0.0 0.067 0.533 0.567 0.550 2.0 0.125 0.028 1.000
0.0 1.0 0.0 0.0 0.0 0.0 0.0 0.0 1.0 0.0 0.033 0.567 0.600 0.583 1.0 0.125 0.014 1.000
0.0 0.0 0.0 0.0 0.0 0.0 1.0 0.0 0.0 0.0 0.300 0.300 0.333 0.317 2.0 0.350 0.239 1.000
0.0 0.0 0.0 1.0 0.0 0.0 0.0 0.0 0.0 0.0 0.267 0.333 0.367 0.350 3.0 0.300 0.197 1.000
1.0 0.0 0.0 0.0 0.0 0.0 0.0 0.0 0.0 0.0 0.133 0.467 0.500 0.483 2.0 0.250 0.056 1.000
0.0 0.0 0.0 1.0 0.0 0.0 0.0 0.0 0.0 0.0 0.233 0.367 0.400 0.383 2.0 0.250 0.197 1.000
0.0 1.0 0.0 0.0 0.0 0.0 0.0 0.0 0.0 0.0 0.167 0.433 0.467 0.450 1.0 0.175 0.085 1.000
0.0 0.0 0.0 1.0 0.0 0.0 0.0 0.0 0.0 0.0 0.200 0.400 0.433 0.417 2.0 0.250 0.113 1.000
0.0 0.0 0.0 1.0 0.0 0.0 0.0 0.0 0.0 0.0 0.133 0.467 0.500 0.483 2.0 0.375 0.099 1.000
0.0 1.0 0.0 0.0 0.0 0.0 0.0 0.0 0.0 0.0 0.167 0.433 0.467 0.450 3.0 0.300 0.113 1.000
0.0 0.0 0.0 1.0 0.0 0.0 0.0 0.0 0.0 0.0 0.233 0.367 0.400 0.383 2.0 0.275 0.197 1.000
0.0 0.0 0.0 1.0 0.0 0.0 0.0 0.0 0.0 0.0 0.200 0.400 0.433 0.417 2.0 0.250 0.113 1.000
0.0 1.0 0.0 0.0 0.0 0.0 0.0 0.0 0.0 0.0 0.133 0.467 0.500 0.483 3.0 0.350 0.113 1.000
0.0 1.0 0.0 0.0 0.0 0.0 0.0 0.0 0.0 0.0 0.100 0.500 0.533 0.517 1.0 0.400 0.042 1.000
0.0 0.0 0.0 1.0 0.0 0.0 0.0 0.0 0.0 0.0 0.167 0.433 0.467 0.450 2.0 0.300 0.099 1.000
0.0 1.0 0.0 0.0 0.0 0.0 0.0 0.0 0.0 0.0 0.133 0.467 0.500 0.483 1.0 0.325 0.056 1.000
0.0 0.0 0.0 0.0 0.0 0.0 1.0 0.0 0.0 0.0 0.100 0.500 0.533 0.517 2.0 0.450 0.056 1.000
0.0 0.0 0.0 0.0 0.0 0.0 1.0 0.0 0.0 0.0 0.067 0.533 0.567 0.550 2.0 0.425 0.042 1.000
0.0 1.0 0.0 0.0 0.0 0.0 0.0 0.0 1.0 0.0 0.033 0.567 0.600 0.583 2.0 0.150 0.028 1.000
0.0 1.0 0.0 0.0 0.0 0.0 0.0 0.0 0.0 0.0 0.133 0.467 0.500 0.483 2.0 0.250 0.085 1.000
0.0 0.0 0.0 0.0 0.0 0.0 0.0 1.0 0.0 0.0 0.100 0.500 0.533 0.517 2.0 0.300 0.070 1.000
0.0 1.0 0.0 0.0 0.0 0.0 0.0 0.0 1.0 0.0 0.033 0.567 0.600 0.583 2.0 0.125 0.028 1.000
0.0 0.0 0.0 0.0 0.0 0.0 0.0 1.0 0.0 0.0 0.067 0.533 0.567 0.550 2.0 0.300 0.042 1.000
0.0 1.0 0.0 0.0 0.0 0.0 0.0 0.0 1.0 0.0 0.033 0.567 0.600 0.583 2.0 0.225 0.028 1.000
0.0 1.0 0.0 0.0 0.0 0.0 0.0 0.0 1.0 0.0 0.033 0.567 0.600 0.583 1.0 0.175 0.014 1.000
0.0 1.0 0.0 0.0 0.0 0.0 0.0 0.0 0.0 0.0 0.100 0.500 0.533 0.517 2.0 0.225 0.056 1.000
0.0 0.0 1.0 0.0 0.0 0.0 0.0 0.0 1.0 0.0 0.067 0.533 0.567 0.550 2.0 0.225 0.042 1.000
0.0 0.0 0.0 0.0 1.0 0.0 0.0 0.0 1.0 0.0 0.033 0.567 0.600 0.583 2.0 0.200 0.028 1.000
0.0 1.0 0.0 0.0 0.0 0.0 0.0 0.0 0.0 0.0 0.400 0.200 0.233 0.217 2.0 0.675 0.296 1.000
0.0 0.0 0.0 0.0 0.0 0.0 1.0 0.0 1.0 0.0 0.367 0.233 0.267 0.250 2.0 0.350 0.282 1.000
0.0 0.0 0.0 1.0 0.0 0.0 0.0 0.0 0.0 0.0 0.333 0.267 0.300 0.283 2.0 0.350 0.268 1.000
0.0 0.0 0.0 0.0 0.0 0.0 1.0 0.0 0.0 0.0 0.300 0.300 0.333 0.317 2.0 0.275 0.254 1.000
0.0 0.0 0.0 0.0 0.0 0.0 1.0 0.0 0.0 0.0 0.267 0.333 0.367 0.350 2.0 0.375 0.169 1.000
0.0 0.0 0.0 0.0 0.0 0.0 1.0 0.0 0.0 0.0 0.067 0.533 0.567 0.550 2.0 0.325 0.042 1.000
0.0 0.0 0.0 0.0 0.0 0.0 1.0 0.0 1.0 0.0 0.033 0.567 0.600 0.583 2.0 0.150 0.028 1.000
0.0 1.0 0.0 0.0 0.0 0.0 0.0 0.0 1.0 0.0 0.033 0.567 0.600 0.583 1.0 0.275 0.014 1.000
0.0 0.0 0.0 0.0 0.0 0.0 1.0 0.0 0.0 0.0 0.233 0.367 0.400 0.383 2.0 0.275 0.127 1.000
0.0 0.0 0.0 0.0 0.0 1.0 0.0 0.0 0.0 0.0 0.200 0.400 0.433 0.417 2.0 0.225 0.085 1.000
0.0 1.0 0.0 0.0 0.0 0.0 0.0 0.0 0.0 0.0 0.167 0.433 0.467 0.450 2.0 0.175 0.085 1.000
0.0 0.0 0.0 1.0 0.0 0.0 0.0 0.0 0.0 0.0 0.133 0.467 0.500 0.483 2.0 0.200 0.070 1.000
0.0 0.0 0.0 0.0 0.0 1.0 0.0 0.0 0.0 0.0 0.133 0.467 0.500 0.483 2.0 0.225 0.070 1.000
0.0 1.0 0.0 0.0 0.0 0.0 0.0 0.0 0.0 0.0 0.100 0.500 0.533 0.517 2.0 0.225 0.056 1.000
0.0 0.0 0.0 0.0 0.0 0.0 1.0 0.0 1.0 0.0 0.067 0.533 0.567 0.550 2.0 0.300 0.042 1.000
0.0 1.0 0.0 0.0 0.0 0.0 0.0 0.0 1.0 0.0 0.033 0.567 0.600 0.583 1.0 0.300 0.014 1.000
0.0 1.0 0.0 0.0 0.0 0.0 0.0 0.0 0.0 0.0 0.167 0.433 0.467 0.450 1.0 0.275 0.042 1.000
0.0 0.0 0.0 0.0 0.0 0.0 1.0 0.0 1.0 0.0 0.133 0.467 0.500 0.483 2.0 0.325 0.042 1.000
0.0 1.0 0.0 0.0 0.0 0.0 0.0 0.0 0.0 0.0 0.100 0.500 0.533 0.517 1.0 0.200 0.028 1.000
0.0 0.0 0.0 1.0 0.0 0.0 0.0 0.0 0.0 0.0 0.167 0.433 0.467 0.450 2.0 0.225 0.085 1.000
0.0 0.0 0.0 1.0 0.0 0.0 0.0 0.0 0.0 0.0 0.100 0.500 0.533 0.517 2.0 0.300 0.070 1.000
0.0 1.0 0.0 0.0 0.0 0.0 0.0 0.0 0.0 0.0 0.133 0.467 0.500 0.483 2.0 0.175 0.085 1.000
0.0 0.0 0.0 0.0 0.0 1.0 0.0 0.0 0.0 0.0 0.100 0.500 0.533 0.517 2.0 0.275 0.070 1.000
0.0 0.0 0.0 0.0 0.0 0.0 1.0 0.0 0.0 0.0 0.067 0.533 0.567 0.550 2.0 0.375 0.042 1.000
0.0 1.0 0.0 0.0 0.0 0.0 0.0 0.0 1.0 0.0 0.033 0.567 0.600 0.583 1.0 0.400 0.014 1.000
0.0 0.0 0.0 0.0 0.0 1.0 0.0 0.0 1.0 0.0 0.067 0.533 0.567 0.550 2.0 0.275 0.028 1.000
0.0 1.0 0.0 0.0 0.0 0.0 0.0 0.0 1.0 0.0 0.033 0.567 0.600 0.583 1.0 0.200 0.014 1.000
0.0 0.0 0.0 1.0 0.0 0.0 0.0 0.0 0.0 0.0 0.400 0.200 0.200 0.200 3.0 0.750 0.437 0.500
0.0 0.0 0.0 0.0 0.0 0.0 1.0 0.0 1.0 0.0 0.300 0.300 0.333 0.317 2.0 0.800 0.183 1.000
0.0 0.0 0.0 1.0 0.0 0.0 0.0 0.0 0.0 0.0 0.267 0.333 0.367 0.350 2.0 0.450 0.169 1.000
0.0 0.0 0.0 0.0 0.0 0.0 1.0 0.0 0.0 0.0 0.233 0.367 0.400 0.383 2.0 0.225 0.155 1.000
0.0 1.0 0.0 0.0 0.0 0.0 0.0 0.0 0.0 0.0 0.200 0.400 0.433 0.417 1.0 0.200 0.113 1.000
0.0 0.0 0.0 0.0 0.0 0.0 1.0 0.0 0.0 0.0 0.167 0.433 0.467 0.450 2.0 0.275 0.113 1.000
0.0 0.0 0.0 0.0 0.0 0.0 1.0 0.0 0.0 0.0 0.100 0.500 0.533 0.517 2.0 0.225 0.056 1.000
0.0 0.0 0.0 1.0 0.0 0.0 0.0 0.0 1.0 0.0 0.067 0.533 0.567 0.550 3.0 0.225 0.042 1.000
0.0 1.0 0.0 0.0 0.0 0.0 0.0 0.0 1.0 0.0 0.033 0.567 0.600 0.583 1.0 0.150 0.014 1.000
0.0 1.0 0.0 0.0 0.0 0.0 0.0 0.0 0.0 0.0 0.133 0.467 0.500 0.483 2.0 0.175 0.056 1.000
0.0 1.0 0.0 0.0 0.0 0.0 0.0 0.0 0.0 0.0 0.100 0.500 0.533 0.517 2.0 0.150 0.042 1.000
0.0 0.0 0.0 0.0 0.0 0.0 1.0 0.0 1.0 0.0 0.067 0.533 0.567 0.550 2.0 0.225 0.028 1.000
0.0 1.0 0.0 0.0 0.0 0.0 0.0 0.0 1.0 0.0 0.033 0.567 0.600 0.583 1.0 0.325 0.014 1.000
0.0 0.0 0.0 0.0 0.0 0.0 1.0 0.0 1.0 0.0 0.067 0.533 0.567 0.550 2.0 0.200 0.042 1.000
0.0 0.0 0.0 0.0 0.0 0.0 1.0 0.0 1.0 0.0 0.033 0.567 0.600 0.583 2.0 0.100 0.028 1.000
0.0 0.0 0.0 1.0 0.0 0.0 0.0 0.0 0.0 0.0 0.200 0.400 0.400 0.400 2.0 0.625 0.113 0.500
0.0 0.0 0.0 1.0 0.0 0.0 0.0 0.0 1.0 0.0 0.100 0.500 0.500 0.500 3.0 0.300 0.070 0.500
0.0 0.0 0.0 0.0 0.0 1.0 0.0 0.0 1.0 0.0 0.067 0.533 0.533 0.533 2.0 0.300 0.028 0.500
0.0 1.0 0.0 0.0 0.0 0.0 0.0 0.0 0.0 0.0 0.167 0.433 0.467 0.450 2.0 0.425 0.085 1.000
0.0 0.0 0.0 1.0 0.0 0.0 0.0 0.0 1.0 0.0 0.133 0.467 0.500 0.483 3.0 0.300 0.070 1.000
0.0 0.0 0.0 1.0 0.0 0.0 0.0 0.0 1.0 0.0 0.033 0.567 0.600 0.583 2.0 0.275 0.028 1.000
0.0 1.0 0.0 0.0 0.0 0.0 0.0 0.0 0.0 0.0 0.100 0.500 0.533 0.517 1.0 0.200 0.028 1.000
0.0 1.0 0.0 0.0 0.0 0.0 0.0 0.0 0.0 0.0 0.067 0.533 0.567 0.550 2.0 0.300 0.028 1.000
0.0 1.0 0.0 0.0 0.0 0.0 0.0 0.0 1.0 0.0 0.033 0.567 0.600 0.583 1.0 0.350 0.014 1.000
0.0 1.0 0.0 0.0 0.0 0.0 0.0 0.0 0.0 0.0 0.367 0.233 0.267 0.250 1.0 0.725 0.254 1.000
0.0 0.0 0.0 1.0 0.0 0.0 0.0 0.0 0.0 0.0 0.333 0.267 0.300 0.283 2.0 0.725 0.254 1.000
0.0 0.0 0.0 1.0 0.0 0.0 0.0 0.0 0.0 0.0 0.267 0.333 0.367 0.350 3.0 0.600 0.254 1.000
0.0 1.0 0.0 0.0 0.0 0.0 0.0 0.0 1.0 0.0 0.033 0.567 0.600 0.583 1.0 0.225 0.014 1.000
0.0 0.0 0.0 1.0 0.0 0.0 0.0 0.0 1.0 0.0 0.300 0.300 0.333 0.317 2.0 0.300 0.254 1.000
0.0 0.0 0.0 1.0 0.0 0.0 0.0 0.0 0.0 0.0 0.267 0.333 0.367 0.350 2.0 0.375 0.239 1.000
0.0 1.0 0.0 0.0 0.0 0.0 0.0 0.0 1.0 0.0 0.033 0.567 0.600 0.583 1.0 0.625 0.014 1.000
0.0 0.0 0.0 0.0 0.0 0.0 1.0 0.0 0.0 0.0 0.233 0.367 0.400 0.383 2.0 0.425 0.225 1.000
0.0 0.0 0.0 0.0 0.0 0.0 1.0 0.0 0.0 0.0 0.067 0.533 0.567 0.550 2.0 0.200 0.056 1.000
0.0 0.0 0.0 0.0 0.0 0.0 1.0 0.0 1.0 0.0 0.033 0.567 0.600 0.583 2.0 0.100 0.028 1.000
0.0 1.0 0.0 0.0 0.0 0.0 0.0 0.0 1.0 0.0 0.033 0.567 0.600 0.583 2.0 0.100 0.028 1.000
0.0 0.0 0.0 0.0 0.0 0.0 1.0 0.0 0.0 0.0 0.200 0.400 0.433 0.417 2.0 0.275 0.169 1.000
0.0 0.0 0.0 0.0 0.0 0.0 1.0 0.0 1.0 0.0 0.167 0.433 0.467 0.450 2.0 0.175 0.099 1.000
0.0 0.0 0.0 0.0 0.0 1.0 0.0 0.0 0.0 0.0 0.133 0.467 0.500 0.483 2.0 0.175 0.085 1.000
0.0 1.0 0.0 0.0 0.0 0.0 0.0 0.0 0.0 0.0 0.100 0.500 0.533 0.517 2.0 0.175 0.085 1.000
0.0 0.0 0.0 1.0 0.0 0.0 0.0 0.0 1.0 0.0 0.067 0.533 0.567 0.550 3.0 0.175 0.070 1.000
0.0 1.0 0.0 0.0 0.0 0.0 0.0 0.0 1.0 0.0 0.033 0.567 0.600 0.583 2.0 0.100 0.028 1.000
0.0 0.0 0.0 0.0 0.0 1.0 0.0 0.0 1.0 0.0 0.100 0.500 0.533 0.517 2.0 0.150 0.056 1.000
0.0 0.0 1.0 0.0 0.0 0.0 0.0 0.0 1.0 0.0 0.067 0.533 0.567 0.550 2.0 0.150 0.042 1.000
0.0 0.0 0.0 0.0 0.0 1.0 0.0 0.0 1.0 0.0 0.033 0.567 0.600 0.583 2.0 0.200 0.028 1.000
0.0 0.0 0.0 0.0 0.0 0.0 0.0 1.0 0.0 0.0 0.100 0.500 0.533 0.517 2.0 0.275 0.070 1.000
0.0 1.0 0.0 0.0 0.0 0.0 0.0 0.0 1.0 0.0 0.033 0.567 0.600 0.583 2.0 0.175 0.028 1.000
0.0 0.0 0.0 0.0 0.0 0.0 0.0 1.0 0.0 0.0 0.067 0.533 0.567 0.550 2.0 0.350 0.042 1.000
0.0 1.0 0.0 0.0 0.0 0.0 0.0 0.0 1.0 0.0 0.033 0.567 0.600 0.583 2.0 0.350 0.028 1.000
0.0 1.0 0.0 0.0 0.0 0.0 0.0 0.0 1.0 0.0 0.033 0.567 0.600 0.583 1.0 0.200 0.014 1.000
