0.0 0.0 0.0 1.0 0.0 0.0 0.0 0.0 1.0 0.0 0.519 0.104 0.481 2.0 0.556 0.579 0.645
0.0 0.0 0.0 1.0 0.0 0.0 0.0 0.0 0.0 0.0 0.526 0.096 0.474 2.0 0.611 0.589 0.645
0.0 0.0 1.0 0.0 0.0 0.0 0.0 0.0 0.0 0.0 0.533 0.089 0.467 2.0 0.500 0.600 0.645
0.0 0.0 0.0 1.0 0.0 0.0 0.0 0.0 0.0 0.0 0.541 0.081 0.459 2.0 0.667 0.611 0.645
0.0 0.0 0.0 1.0 0.0 0.0 0.0 0.0 0.0 0.0 0.541 0.081 0.459 2.0 0.667 0.611 0.645
0.0 0.0 0.0 1.0 0.0 0.0 0.0 0.0 0.0 0.0 0.548 0.074 0.452 2.0 0.722 0.621 0.645
0.0 0.0 0.0 1.0 0.0 0.0 0.0 0.0 0.0 0.0 0.556 0.067 0.444 2.0 0.778 0.632 0.645
0.0 0.0 0.0 1.0 0.0 0.0 0.0 0.0 0.0 0.0 0.563 0.059 0.437 2.0 0.833 0.642 0.645
0.0 0.0 0.0 1.0 0.0 0.0 0.0 0.0 0.0 0.0 0.570 0.052 0.430 2.0 0.889 0.653 0.645
0.0 0.0 0.0 1.0 0.0 0.0 0.0 0.0 0.0 0.0 0.578 0.044 0.422 2.0 0.944 0.663 0.645
0.0 0.0 0.0 1.0 0.0 0.0 0.0 0.0 0.0 0.0 0.585 0.037 0.415 2.0 1.000 0.674 0.645
0.0 0.0 0.0 1.0 0.0 0.0 0.0 0.0 0.0 0.0 0.593 0.030 0.407 2.0 1.056 0.684 0.645
