30
173
264
374
376
414
483
496
509
565
616
658
694
762
855
865
873
875
901
951
964
1059
1164
1267
1269
1287
1344
1457
1462
1475
1577
1624
1653
1680
1808
1982
2021
2075
2284
2320
2481
2489
2513
2562
2572
2627
2639
2681
2746
2788
2816
2847
2927
2929
2952
3007
3066
3077
3099
3113
3124
3158
3167
3170
3173
3183
3191
3193
3195
3199
3254
3265
3290
3334
3406
3463
3470
3506
3527
3547
3549
3567
3575
3577
3585
3586
3635
3675
3776
3778
3781
3790
3793
3806
3859
3897
3924
3926
3930
3933
3940
4005
4035
4084
4104
4148
4161
4168
4173
4179
4182
4184
4191
4279
4286
4287
4294
4295
4311
4314
4321
4326
4328
4337
4349
4377
4428
4621
