0.0 0.0 0.0 1.0 0.0 0.0 0.0 0.0 1.0 0.0 0.630 0.074 0.281 2.0 0.778 0.821 0.548
0.0 0.0 1.0 0.0 0.0 0.0 0.0 0.0 0.0 0.0 0.652 0.059 0.267 2.0 0.667 0.832 0.516
0.0 0.0 0.0 0.0 1.0 0.0 0.0 0.0 0.0 0.0 0.667 0.052 0.259 2.0 0.611 0.842 0.484
0.0 1.0 0.0 0.0 0.0 0.0 0.0 0.0 0.0 0.0 0.681 0.044 0.252 2.0 0.722 0.853 0.452
0.0 0.0 0.0 0.0 0.0 1.0 0.0 0.0 0.0 0.0 0.689 0.037 0.244 2.0 0.556 0.863 0.419
0.0 0.0 0.0 0.0 0.0 0.0 1.0 0.0 0.0 0.0 0.696 0.030 0.237 2.0 0.500 0.874 0.387
0.0 0.0 0.0 0.0 0.0 0.0 0.0 1.0 0.0 0.0 0.704 0.022 0.230 2.0 0.444 0.884 0.355
1.0 0.0 0.0 0.0 0.0 0.0 0.0 0.0 0.0 0.0 0.711 0.015 0.222 2.0 0.389 0.895 0.323
0.0 1.0 0.0 0.0 0.0 0.0 0.0 0.0 0.0 0.0 0.719 0.007 0.215 2.0 0.333 0.905 0.290
0.0 0.0 1.0 0.0 0.0 0.0 0.0 0.0 0.0 0.0 0.726 0.000 0.207 2.0 0.278 0.916 0.258
