0.0 1.0 0.0 0.0 0.0 0.0 0.0 0.0 1.0 0.0 0.022 0.761 0.978 0.816 1.0 0.139 0.014 1.000
0.0 1.0 0.0 0.0 0.0 0.0 0.0 0.0 1.0 0.0 0.022 0.761 0.978 0.816 1.0 0.097 0.014 1.000
0.0 1.0 0.0 0.0 0.0 0.0 0.0 0.0 1.0 0.0 0.022 0.761 0.978 0.816 1.0 0.139 0.014 1.000
0.0 1.0 0.0 0.0 0.0 0.0 0.0 0.0 1.0 0.0 0.022 0.761 0.978 0.816 1.0 0.181 0.014 1.000
0.0 1.0 0.0 0.0 0.0 0.0 0.0 0.0 1.0 0.0 0.022 0.761 0.978 0.816 1.0 0.097 0.014 1.000
0.0 1.0 0.0 0.0 0.0 0.0 0.0 0.0 1.0 0.0 0.022 0.761 0.978 0.816 1.0 0.097 0.014 1.000
0.0 1.0 0.0 0.0 0.0 0.0 0.0 0.0 1.0 0.0 0.022 0.761 0.978 0.816 1.0 0.139 0.014 1.000
0.0 1.0 0.0 0.0 0.0 0.0 0.0 0.0 1.0 0.0 0.022 0.761 0.978 0.816 2.0 0.139 0.029 1.000
0.0 1.0 0.0 0.0 0.0 0.0 0.0 0.0 1.0 0.0 0.022 0.761 0.978 0.816 1.0 0.181 0.014 1.000
0.0 1.0 0.0 0.0 0.0 0.0 0.0 0.0 1.0 0.0 0.022 0.761 0.978 0.816 2.0 0.139 0.029 1.000
0.0 1.0 0.0 0.0 0.0 0.0 0.0 0.0 1.0 0.0 0.022 0.761 0.978 0.816 1.0 0.097 0.014 1.000
0.0 1.0 0.0 0.0 0.0 0.0 0.0 0.0 1.0 0.0 0.022 0.761 0.978 0.816 1.0 0.097 0.014 1.000
0.0 1.0 0.0 0.0 0.0 0.0 0.0 0.0 1.0 0.0 0.022 0.761 0.978 0.816 1.0 0.139 0.014 1.000
0.0 1.0 0.0 0.0 0.0 0.0 0.0 0.0 1.0 0.0 0.022 0.761 0.978 0.816 1.0 0.139 0.014 1.000
0.0 1.0 0.0 0.0 0.0 0.0 0.0 0.0 1.0 0.0 0.022 0.761 0.978 0.816 1.0 0.139 0.014 1.000
0.0 1.0 0.0 0.0 0.0 0.0 0.0 0.0 1.0 0.0 0.022 0.761 0.978 0.816 1.0 0.139 0.014 1.000
0.0 0.0 0.0 1.0 0.0 0.0 0.0 0.0 1.0 0.0 0.022 0.913 0.913 0.913 2.0 0.069 0.029 0.040
0.0 0.0 0.0 1.0 0.0 0.0 0.0 0.0 1.0 0.0 0.022 0.913 0.913 0.913 2.0 0.069 0.029 0.040
0.0 1.0 0.0 0.0 0.0 0.0 0.0 0.0 1.0 0.0 0.022 0.761 0.978 0.816 1.0 0.111 0.014 1.000
0.0 1.0 0.0 0.0 0.0 0.0 0.0 0.0 1.0 0.0 0.022 0.761 0.978 0.816 1.0 0.083 0.014 1.000
1.0 0.0 0.0 0.0 0.0 0.0 0.0 0.0 1.0 0.0 0.022 0.761 0.978 0.816 1.0 0.111 0.014 1.000
1.0 0.0 0.0 0.0 0.0 0.0 0.0 0.0 1.0 0.0 0.022 0.761 0.978 0.816 1.0 0.153 0.014 1.000
0.0 1.0 0.0 0.0 0.0 0.0 0.0 0.0 1.0 0.0 0.022 0.761 0.978 0.816 1.0 0.097 0.014 1.000
0.0 1.0 0.0 0.0 0.0 0.0 0.0 0.0 1.0 0.0 0.022 0.761 0.978 0.816 1.0 0.097 0.014 1.000
0.0 1.0 0.0 0.0 0.0 0.0 0.0 0.0 1.0 0.0 0.022 0.761 0.978 0.816 1.0 0.097 0.014 1.000
0.0 1.0 0.0 0.0 0.0 0.0 0.0 0.0 1.0 0.0 0.022 0.761 0.978 0.816 1.0 0.097 0.014 1.000
0.0 1.0 0.0 0.0 0.0 0.0 0.0 0.0 1.0 0.0 0.022 0.913 0.913 0.913 2.0 0.069 0.029 0.040
0.0 1.0 0.0 0.0 0.0 0.0 0.0 0.0 1.0 0.0 0.022 0.913 0.913 0.913 1.0 0.069 0.014 0.040
0.0 1.0 0.0 0.0 0.0 0.0 0.0 0.0 1.0 0.0 0.022 0.761 0.978 0.834 1.0 0.111 0.014 0.640
0.0 1.0 0.0 0.0 0.0 0.0 0.0 0.0 1.0 0.0 0.022 0.761 0.978 0.836 1.0 0.111 0.014 0.640
1.0 0.0 0.0 0.0 0.0 0.0 0.0 0.0 1.0 0.0 0.022 0.891 0.978 0.913 1.0 0.306 0.014 0.240
0.0 1.0 0.0 0.0 0.0 0.0 0.0 0.0 1.0 0.0 0.022 0.761 0.978 0.816 1.0 0.347 0.014 1.000
1.0 0.0 0.0 0.0 0.0 0.0 0.0 0.0 1.0 0.0 0.022 0.761 0.978 0.816 1.0 0.125 0.014 1.000
0.0 1.0 0.0 0.0 0.0 0.0 0.0 0.0 1.0 0.0 0.022 0.761 0.978 0.816 1.0 0.153 0.014 1.000
1.0 0.0 0.0 0.0 0.0 0.0 0.0 0.0 1.0 0.0 0.022 0.761 0.978 0.816 1.0 0.208 0.014 1.000
0.0 1.0 0.0 0.0 0.0 0.0 0.0 0.0 1.0 0.0 0.022 0.891 0.978 0.913 2.0 0.194 0.029 0.240
0.0 1.0 0.0 0.0 0.0 0.0 0.0 0.0 1.0 0.0 0.022 0.848 0.848 0.848 1.0 0.069 0.014 0.040
1.0 0.0 0.0 0.0 0.0 0.0 0.0 0.0 1.0 0.0 0.022 0.913 0.913 0.913 1.0 0.125 0.014 0.080
0.0 1.0 0.0 0.0 0.0 0.0 0.0 0.0 1.0 0.0 0.022 0.761 0.978 0.816 1.0 0.292 0.014 1.000
1.0 0.0 0.0 0.0 0.0 0.0 0.0 0.0 1.0 0.0 0.022 0.761 0.978 0.816 1.0 0.181 0.014 1.000
1.0 0.0 0.0 0.0 0.0 0.0 0.0 0.0 1.0 0.0 0.022 0.891 0.978 0.913 1.0 0.194 0.014 0.240
0.0 1.0 0.0 0.0 0.0 0.0 0.0 0.0 1.0 0.0 0.022 0.761 0.978 0.816 1.0 0.306 0.014 1.000
1.0 0.0 0.0 0.0 0.0 0.0 0.0 0.0 1.0 0.0 0.022 0.761 0.761 0.761 1.0 0.083 0.014 0.040
1.0 0.0 0.0 0.0 0.0 0.0 0.0 0.0 1.0 0.0 0.022 0.761 0.761 0.761 1.0 0.083 0.014 0.040
1.0 0.0 0.0 0.0 0.0 0.0 0.0 0.0 1.0 0.0 0.022 0.761 0.761 0.761 1.0 0.083 0.014 0.040
1.0 0.0 0.0 0.0 0.0 0.0 0.0 0.0 1.0 0.0 0.022 0.761 0.761 0.761 1.0 0.083 0.014 0.040
1.0 0.0 0.0 0.0 0.0 0.0 0.0 0.0 1.0 0.0 0.022 0.761 0.761 0.761 1.0 0.083 0.014 0.040
1.0 0.0 0.0 0.0 0.0 0.0 0.0 0.0 1.0 0.0 0.022 0.761 0.761 0.761 1.0 0.083 0.014 0.040
1.0 0.0 0.0 0.0 0.0 0.0 0.0 0.0 1.0 0.0 0.022 0.761 0.761 0.761 1.0 0.083 0.014 0.040
1.0 0.0 0.0 0.0 0.0 0.0 0.0 0.0 1.0 0.0 0.022 0.783 0.783 0.783 1.0 0.083 0.014 0.040
1.0 0.0 0.0 0.0 0.0 0.0 0.0 0.0 1.0 0.0 0.022 0.761 0.761 0.761 1.0 0.083 0.014 0.040
1.0 0.0 0.0 0.0 0.0 0.0 0.0 0.0 1.0 0.0 0.022 0.761 0.761 0.761 1.0 0.083 0.014 0.040
1.0 0.0 0.0 0.0 0.0 0.0 0.0 0.0 1.0 0.0 0.022 0.761 0.761 0.761 1.0 0.083 0.014 0.040
1.0 0.0 0.0 0.0 0.0 0.0 0.0 0.0 1.0 0.0 0.022 0.783 0.783 0.783 1.0 0.083 0.014 0.040
1.0 0.0 0.0 0.0 0.0 0.0 0.0 0.0 1.0 0.0 0.022 0.761 0.761 0.761 1.0 0.083 0.014 0.040
1.0 0.0 0.0 0.0 0.0 0.0 0.0 0.0 1.0 0.0 0.022 0.761 0.761 0.761 1.0 0.083 0.014 0.040
1.0 0.0 0.0 0.0 0.0 0.0 0.0 0.0 1.0 0.0 0.022 0.783 0.783 0.783 1.0 0.083 0.014 0.040
1.0 0.0 0.0 0.0 0.0 0.0 0.0 0.0 1.0 0.0 0.022 0.761 0.761 0.761 1.0 0.083 0.014 0.040
0.0 1.0 0.0 0.0 0.0 0.0 0.0 0.0 0.0 0.0 0.043 0.739 0.739 0.739 1.0 0.083 0.014 0.040
0.0 1.0 0.0 0.0 0.0 0.0 0.0 0.0 0.0 0.0 0.043 0.739 0.739 0.739 1.0 0.083 0.014 0.040
0.0 1.0 0.0 0.0 0.0 0.0 0.0 0.0 0.0 0.0 0.043 0.739 0.739 0.739 1.0 0.083 0.014 0.040
0.0 1.0 0.0 0.0 0.0 0.0 0.0 0.0 0.0 0.0 0.043 0.739 0.739 0.739 1.0 0.083 0.014 0.040
0.0 1.0 0.0 0.0 0.0 0.0 0.0 0.0 0.0 0.0 0.043 0.739 0.739 0.739 1.0 0.083 0.014 0.040
0.0 1.0 0.0 0.0 0.0 0.0 0.0 0.0 0.0 0.0 0.043 0.739 0.739 0.739 1.0 0.083 0.014 0.040
0.0 1.0 0.0 0.0 0.0 0.0 0.0 0.0 0.0 0.0 0.043 0.739 0.739 0.739 1.0 0.083 0.014 0.040
0.0 1.0 0.0 0.0 0.0 0.0 0.0 0.0 0.0 0.0 0.043 0.761 0.761 0.761 1.0 0.083 0.014 0.040
0.0 1.0 0.0 0.0 0.0 0.0 0.0 0.0 0.0 0.0 0.043 0.739 0.739 0.739 1.0 0.083 0.014 0.040
0.0 1.0 0.0 0.0 0.0 0.0 0.0 0.0 0.0 0.0 0.043 0.739 0.739 0.739 1.0 0.083 0.014 0.040
0.0 1.0 0.0 0.0 0.0 0.0 0.0 0.0 0.0 0.0 0.043 0.739 0.739 0.739 1.0 0.083 0.014 0.040
0.0 1.0 0.0 0.0 0.0 0.0 0.0 0.0 0.0 0.0 0.043 0.761 0.761 0.761 1.0 0.083 0.014 0.040
0.0 1.0 0.0 0.0 0.0 0.0 0.0 0.0 0.0 0.0 0.043 0.739 0.739 0.739 1.0 0.083 0.014 0.040
0.0 1.0 0.0 0.0 0.0 0.0 0.0 0.0 0.0 0.0 0.043 0.739 0.739 0.739 1.0 0.083 0.014 0.040
0.0 1.0 0.0 0.0 0.0 0.0 0.0 0.0 0.0 0.0 0.043 0.761 0.761 0.761 1.0 0.083 0.014 0.040
0.0 1.0 0.0 0.0 0.0 0.0 0.0 0.0 0.0 0.0 0.043 0.739 0.739 0.739 2.0 0.083 0.029 0.040
0.0 0.0 0.0 1.0 0.0 0.0 0.0 0.0 0.0 0.0 0.043 0.870 0.870 0.870 2.0 0.139 0.043 0.040
0.0 0.0 0.0 1.0 0.0 0.0 0.0 0.0 0.0 0.0 0.043 0.870 0.870 0.870 2.0 0.139 0.043 0.040
0.0 0.0 0.0 1.0 0.0 0.0 0.0 0.0 0.0 0.0 0.043 0.957 0.957 0.957 2.0 0.139 0.043 0.040
0.0 0.0 0.0 1.0 0.0 0.0 0.0 0.0 0.0 0.0 0.043 0.891 0.891 0.891 2.0 0.139 0.043 0.040
0.0 0.0 0.0 1.0 0.0 0.0 0.0 0.0 0.0 0.0 0.043 0.891 0.891 0.891 2.0 0.139 0.043 0.040
0.0 0.0 0.0 1.0 0.0 0.0 0.0 0.0 0.0 0.0 0.043 0.870 0.870 0.870 2.0 0.139 0.043 0.040
1.0 0.0 0.0 0.0 0.0 0.0 0.0 0.0 0.0 0.0 0.043 0.739 0.957 0.794 1.0 0.139 0.014 1.000
1.0 0.0 0.0 0.0 0.0 0.0 0.0 0.0 0.0 0.0 0.043 0.739 0.957 0.794 1.0 0.125 0.014 1.000
1.0 0.0 0.0 0.0 0.0 0.0 0.0 0.0 0.0 0.0 0.043 0.739 0.957 0.794 1.0 0.125 0.014 1.000
1.0 0.0 0.0 0.0 0.0 0.0 0.0 0.0 0.0 0.0 0.043 0.739 0.957 0.794 1.0 0.125 0.014 1.000
1.0 0.0 0.0 0.0 0.0 0.0 0.0 0.0 0.0 0.0 0.043 0.739 0.957 0.794 1.0 0.139 0.029 1.000
1.0 0.0 0.0 0.0 0.0 0.0 0.0 0.0 0.0 0.0 0.043 0.739 0.957 0.794 1.0 0.139 0.014 1.000
0.0 0.0 1.0 0.0 0.0 0.0 0.0 0.0 1.0 0.0 0.043 0.739 0.957 0.794 2.0 0.181 0.029 1.000
1.0 0.0 0.0 0.0 0.0 0.0 0.0 0.0 0.0 0.0 0.043 0.739 0.957 0.794 1.0 0.153 0.014 1.000
1.0 0.0 0.0 0.0 0.0 0.0 0.0 0.0 0.0 0.0 0.043 0.739 0.957 0.794 1.0 0.125 0.014 1.000
1.0 0.0 0.0 0.0 0.0 0.0 0.0 0.0 0.0 0.0 0.043 0.739 0.957 0.794 1.0 0.125 0.014 1.000
0.0 0.0 1.0 0.0 0.0 0.0 0.0 0.0 1.0 0.0 0.043 0.739 0.957 0.794 2.0 0.181 0.029 1.000
1.0 0.0 0.0 0.0 0.0 0.0 0.0 0.0 0.0 0.0 0.043 0.739 0.957 0.794 1.0 0.139 0.014 1.000
0.0 0.0 1.0 0.0 0.0 0.0 0.0 0.0 1.0 0.0 0.043 0.739 0.957 0.794 3.0 0.194 0.043 1.000
1.0 0.0 0.0 0.0 0.0 0.0 0.0 0.0 0.0 0.0 0.043 0.739 0.957 0.794 1.0 0.139 0.014 1.000
1.0 0.0 0.0 0.0 0.0 0.0 0.0 0.0 0.0 0.0 0.043 0.739 0.957 0.794 1.0 0.139 0.014 1.000
0.0 0.0 0.0 1.0 0.0 0.0 0.0 0.0 0.0 0.0 0.043 0.891 0.891 0.891 2.0 0.139 0.029 0.040
0.0 0.0 0.0 1.0 0.0 0.0 0.0 0.0 0.0 0.0 0.043 0.891 0.891 0.891 2.0 0.139 0.029 0.040
0.0 0.0 0.0 1.0 0.0 0.0 0.0 0.0 1.0 0.0 0.043 0.739 0.957 0.794 2.0 0.319 0.029 1.000
0.0 0.0 0.0 1.0 0.0 0.0 0.0 0.0 0.0 0.0 0.043 0.739 0.957 0.794 2.0 0.194 0.029 1.000
0.0 0.0 0.0 1.0 0.0 0.0 0.0 0.0 0.0 0.0 0.043 0.739 0.957 0.794 2.0 0.181 0.029 1.000
1.0 0.0 0.0 0.0 0.0 0.0 0.0 0.0 0.0 0.0 0.043 0.739 0.957 0.794 1.0 0.139 0.014 1.000
1.0 0.0 0.0 0.0 0.0 0.0 0.0 0.0 0.0 0.0 0.043 0.739 0.957 0.794 1.0 0.125 0.029 1.000
1.0 0.0 0.0 0.0 0.0 0.0 0.0 0.0 0.0 0.0 0.043 0.891 0.891 0.891 1.0 0.139 0.014 0.040
1.0 0.0 0.0 0.0 0.0 0.0 0.0 0.0 0.0 0.0 0.043 0.891 0.891 0.891 1.0 0.125 0.014 0.040
1.0 0.0 0.0 0.0 0.0 0.0 0.0 0.0 0.0 0.0 0.043 0.957 0.957 0.957 1.0 0.125 0.014 0.040
1.0 0.0 0.0 0.0 0.0 0.0 0.0 0.0 0.0 0.0 0.043 0.739 0.957 0.794 1.0 0.125 0.014 1.000
1.0 0.0 0.0 0.0 0.0 0.0 0.0 0.0 0.0 0.0 0.043 0.739 0.957 0.794 1.0 0.111 0.014 1.000
1.0 0.0 0.0 0.0 0.0 0.0 0.0 0.0 0.0 0.0 0.043 0.739 0.957 0.794 1.0 0.111 0.014 1.000
1.0 0.0 0.0 0.0 0.0 0.0 0.0 0.0 0.0 0.0 0.043 0.739 0.957 0.794 1.0 0.125 0.014 1.000
0.0 0.0 1.0 0.0 0.0 0.0 0.0 0.0 1.0 0.0 0.043 0.739 0.957 0.794 3.0 0.181 0.043 1.000
1.0 0.0 0.0 0.0 0.0 0.0 0.0 0.0 0.0 0.0 0.043 0.739 0.957 0.794 1.0 0.111 0.014 1.000
1.0 0.0 0.0 0.0 0.0 0.0 0.0 0.0 0.0 0.0 0.043 0.739 0.957 0.794 1.0 0.139 0.014 1.000
1.0 0.0 0.0 0.0 0.0 0.0 0.0 0.0 0.0 0.0 0.043 0.739 0.957 0.794 1.0 0.125 0.014 1.000
0.0 0.0 1.0 0.0 0.0 0.0 0.0 0.0 1.0 0.0 0.043 0.739 0.957 0.794 3.0 0.181 0.043 1.000
1.0 0.0 0.0 0.0 0.0 0.0 0.0 0.0 0.0 0.0 0.043 0.739 0.957 0.794 1.0 0.111 0.014 1.000
1.0 0.0 0.0 0.0 0.0 0.0 0.0 0.0 0.0 0.0 0.043 0.826 0.826 0.826 1.0 0.111 0.014 0.040
1.0 0.0 0.0 0.0 0.0 0.0 0.0 0.0 0.0 0.0 0.043 0.739 0.957 0.794 1.0 0.111 0.014 1.000
1.0 0.0 0.0 0.0 0.0 0.0 0.0 0.0 0.0 0.0 0.043 0.826 0.826 0.826 1.0 0.111 0.014 0.040
1.0 0.0 0.0 0.0 0.0 0.0 0.0 0.0 0.0 0.0 0.043 0.739 0.957 0.794 1.0 0.111 0.014 1.000
1.0 0.0 0.0 0.0 0.0 0.0 0.0 0.0 0.0 0.0 0.043 0.826 0.826 0.826 1.0 0.111 0.014 0.040
1.0 0.0 0.0 0.0 0.0 0.0 0.0 0.0 0.0 0.0 0.043 0.739 0.957 0.794 1.0 0.111 0.014 1.000
1.0 0.0 0.0 0.0 0.0 0.0 0.0 0.0 0.0 0.0 0.043 0.826 0.826 0.826 1.0 0.111 0.014 0.040
0.0 0.0 1.0 0.0 0.0 0.0 0.0 0.0 0.0 0.0 0.043 0.891 0.891 0.891 2.0 0.125 0.043 0.040
0.0 0.0 1.0 0.0 0.0 0.0 0.0 0.0 0.0 0.0 0.043 0.891 0.891 0.891 2.0 0.125 0.043 0.040
1.0 0.0 0.0 0.0 0.0 0.0 0.0 0.0 0.0 0.0 0.043 0.739 0.957 0.794 1.0 0.125 0.014 1.000
1.0 0.0 0.0 0.0 0.0 0.0 0.0 0.0 0.0 0.0 0.043 0.739 0.957 0.794 1.0 0.125 0.014 1.000
1.0 0.0 0.0 0.0 0.0 0.0 0.0 0.0 0.0 0.0 0.043 0.739 0.957 0.794 1.0 0.125 0.014 1.000
1.0 0.0 0.0 0.0 0.0 0.0 0.0 0.0 0.0 0.0 0.043 0.739 0.957 0.794 1.0 0.125 0.014 1.000
1.0 0.0 0.0 0.0 0.0 0.0 0.0 0.0 0.0 0.0 0.043 0.739 0.957 0.794 1.0 0.125 0.014 1.000
1.0 0.0 0.0 0.0 0.0 0.0 0.0 0.0 0.0 0.0 0.043 0.739 0.957 0.794 1.0 0.125 0.014 1.000
1.0 0.0 0.0 0.0 0.0 0.0 0.0 0.0 0.0 0.0 0.043 0.891 0.891 0.891 1.0 0.125 0.014 0.040
1.0 0.0 0.0 0.0 0.0 0.0 0.0 0.0 0.0 0.0 0.043 0.739 0.957 0.794 1.0 0.125 0.014 1.000
1.0 0.0 0.0 0.0 0.0 0.0 0.0 0.0 0.0 0.0 0.043 0.739 0.957 0.794 1.0 0.139 0.014 1.000
1.0 0.0 0.0 0.0 0.0 0.0 0.0 0.0 0.0 0.0 0.043 0.870 0.870 0.870 1.0 0.139 0.014 0.040
1.0 0.0 0.0 0.0 0.0 0.0 0.0 0.0 0.0 0.0 0.043 0.739 0.957 0.794 1.0 0.111 0.014 1.000
1.0 0.0 0.0 0.0 0.0 0.0 0.0 0.0 0.0 0.0 0.043 0.739 0.957 0.794 1.0 0.125 0.029 1.000
0.0 0.0 1.0 0.0 0.0 0.0 0.0 0.0 1.0 0.0 0.043 0.739 0.957 0.794 3.0 0.181 0.043 1.000
1.0 0.0 0.0 0.0 0.0 0.0 0.0 0.0 0.0 0.0 0.043 0.739 0.957 0.794 1.0 0.125 0.014 1.000
1.0 0.0 0.0 0.0 0.0 0.0 0.0 0.0 0.0 0.0 0.043 0.739 0.957 0.794 1.0 0.139 0.014 1.000
1.0 0.0 0.0 0.0 0.0 0.0 0.0 0.0 0.0 0.0 0.043 0.739 0.957 0.794 1.0 0.139 0.014 1.000
1.0 0.0 0.0 0.0 0.0 0.0 0.0 0.0 0.0 0.0 0.043 0.739 0.957 0.794 1.0 0.111 0.014 1.000
1.0 0.0 0.0 0.0 0.0 0.0 0.0 0.0 0.0 0.0 0.043 0.739 0.957 0.794 1.0 0.125 0.029 1.000
1.0 0.0 0.0 0.0 0.0 0.0 0.0 0.0 0.0 0.0 0.043 0.739 0.957 0.794 1.0 0.125 0.029 1.000
1.0 0.0 0.0 0.0 0.0 0.0 0.0 0.0 0.0 0.0 0.043 0.739 0.957 0.794 1.0 0.125 0.014 1.000
1.0 0.0 0.0 0.0 0.0 0.0 0.0 0.0 0.0 0.0 0.043 0.739 0.957 0.794 1.0 0.125 0.014 1.000
1.0 0.0 0.0 0.0 0.0 0.0 0.0 0.0 0.0 0.0 0.043 0.739 0.957 0.794 1.0 0.125 0.029 1.000
0.0 1.0 0.0 0.0 0.0 0.0 0.0 0.0 0.0 0.0 0.065 0.870 0.870 0.870 1.0 0.111 0.043 0.040
0.0 1.0 0.0 0.0 0.0 0.0 0.0 0.0 0.0 0.0 0.065 0.870 0.870 0.870 1.0 0.111 0.043 0.040
0.0 1.0 0.0 0.0 0.0 0.0 0.0 0.0 0.0 0.0 0.065 0.717 0.935 0.772 1.0 0.097 0.014 1.000
0.0 1.0 0.0 0.0 0.0 0.0 0.0 0.0 0.0 0.0 0.065 0.717 0.935 0.772 1.0 0.097 0.029 1.000
0.0 1.0 0.0 0.0 0.0 0.0 0.0 0.0 0.0 0.0 0.065 0.870 0.870 0.870 1.0 0.097 0.014 0.040
0.0 1.0 0.0 0.0 0.0 0.0 0.0 0.0 0.0 0.0 0.065 0.870 0.870 0.870 2.0 0.097 0.029 0.040
0.0 1.0 0.0 0.0 0.0 0.0 0.0 0.0 0.0 0.0 0.065 0.717 0.935 0.772 1.0 0.097 0.014 1.000
0.0 1.0 0.0 0.0 0.0 0.0 0.0 0.0 0.0 0.0 0.065 0.717 0.935 0.772 1.0 0.111 0.043 1.000
0.0 1.0 0.0 0.0 0.0 0.0 0.0 0.0 0.0 0.0 0.065 0.717 0.935 0.772 1.0 0.097 0.014 1.000
0.0 1.0 0.0 0.0 0.0 0.0 0.0 0.0 0.0 0.0 0.065 0.717 0.935 0.772 1.0 0.097 0.014 1.000
0.0 1.0 0.0 0.0 0.0 0.0 0.0 0.0 0.0 0.0 0.065 0.717 0.935 0.772 1.0 0.111 0.043 1.000
0.0 0.0 1.0 0.0 0.0 0.0 0.0 0.0 1.0 0.0 0.065 0.848 0.848 0.848 2.0 0.153 0.043 0.040
0.0 0.0 1.0 0.0 0.0 0.0 0.0 0.0 1.0 0.0 0.065 0.848 0.848 0.848 2.0 0.153 0.043 0.040
0.0 0.0 0.0 1.0 0.0 0.0 0.0 0.0 1.0 0.0 0.065 0.717 0.935 0.772 2.0 0.222 0.043 1.000
0.0 0.0 0.0 1.0 0.0 0.0 0.0 0.0 1.0 0.0 0.065 0.717 0.935 0.772 2.0 0.236 0.043 1.000
0.0 0.0 0.0 1.0 0.0 0.0 0.0 0.0 1.0 0.0 0.065 0.717 0.935 0.772 2.0 0.167 0.043 1.000
0.0 0.0 0.0 1.0 0.0 0.0 0.0 0.0 1.0 0.0 0.065 0.717 0.935 0.772 2.0 0.167 0.043 1.000
0.0 1.0 0.0 0.0 0.0 0.0 0.0 0.0 0.0 0.0 0.065 0.804 0.804 0.804 1.0 0.097 0.014 0.040
0.0 1.0 0.0 0.0 0.0 0.0 0.0 0.0 0.0 0.0 0.065 0.717 0.935 0.772 2.0 0.097 0.029 1.000
0.0 1.0 0.0 0.0 0.0 0.0 0.0 0.0 0.0 0.0 0.065 0.804 0.804 0.804 1.0 0.097 0.014 0.040
0.0 1.0 0.0 0.0 0.0 0.0 0.0 0.0 0.0 0.0 0.065 0.717 0.935 0.772 1.0 0.097 0.014 1.000
0.0 1.0 0.0 0.0 0.0 0.0 0.0 0.0 0.0 0.0 0.065 0.804 0.804 0.804 1.0 0.097 0.014 0.040
0.0 1.0 0.0 0.0 0.0 0.0 0.0 0.0 0.0 0.0 0.065 0.717 0.935 0.772 1.0 0.097 0.014 1.000
0.0 1.0 0.0 0.0 0.0 0.0 0.0 0.0 0.0 0.0 0.065 0.804 0.804 0.804 1.0 0.097 0.014 0.040
0.0 1.0 0.0 0.0 0.0 0.0 0.0 0.0 0.0 0.0 0.065 0.717 0.935 0.772 2.0 0.097 0.029 1.000
0.0 0.0 0.0 1.0 0.0 0.0 0.0 0.0 0.0 0.0 0.065 0.717 0.935 0.791 4.0 0.389 0.072 0.640
0.0 0.0 0.0 1.0 0.0 0.0 0.0 0.0 0.0 0.0 0.065 0.717 0.935 0.792 4.0 0.389 0.072 0.640
0.0 0.0 0.0 1.0 0.0 0.0 0.0 0.0 0.0 0.0 0.065 0.717 0.935 0.772 3.0 0.611 0.058 1.000
0.0 0.0 1.0 0.0 0.0 0.0 0.0 0.0 0.0 0.0 0.065 0.804 0.804 0.804 3.0 0.486 0.058 0.040
1.0 0.0 0.0 0.0 0.0 0.0 0.0 0.0 0.0 0.0 0.065 0.717 0.935 0.772 1.0 0.125 0.014 1.000
0.0 1.0 0.0 0.0 0.0 0.0 0.0 0.0 0.0 0.0 0.065 0.717 0.935 0.772 1.0 0.097 0.014 1.000
1.0 0.0 0.0 0.0 0.0 0.0 0.0 0.0 0.0 0.0 0.065 0.717 0.935 0.772 1.0 0.125 0.014 1.000
0.0 1.0 0.0 0.0 0.0 0.0 0.0 0.0 0.0 0.0 0.065 0.717 0.935 0.772 1.0 0.097 0.014 1.000
1.0 0.0 0.0 0.0 0.0 0.0 0.0 0.0 0.0 0.0 0.065 0.717 0.935 0.772 1.0 0.125 0.014 1.000
0.0 1.0 0.0 0.0 0.0 0.0 0.0 0.0 0.0 0.0 0.065 0.717 0.935 0.772 1.0 0.097 0.014 1.000
1.0 0.0 0.0 0.0 0.0 0.0 0.0 0.0 0.0 0.0 0.065 0.717 0.935 0.772 1.0 0.125 0.014 1.000
0.0 1.0 0.0 0.0 0.0 0.0 0.0 0.0 0.0 0.0 0.065 0.717 0.935 0.772 1.0 0.097 0.014 1.000
1.0 0.0 0.0 0.0 0.0 0.0 0.0 0.0 0.0 0.0 0.065 0.717 0.935 0.772 1.0 0.125 0.029 1.000
0.0 1.0 0.0 0.0 0.0 0.0 0.0 0.0 0.0 0.0 0.065 0.717 0.935 0.772 1.0 0.097 0.014 1.000
1.0 0.0 0.0 0.0 0.0 0.0 0.0 0.0 0.0 0.0 0.065 0.717 0.935 0.772 1.0 0.125 0.029 1.000
0.0 1.0 0.0 0.0 0.0 0.0 0.0 0.0 0.0 0.0 0.065 0.717 0.935 0.772 1.0 0.097 0.014 1.000
1.0 0.0 0.0 0.0 0.0 0.0 0.0 0.0 0.0 0.0 0.065 0.848 0.848 0.848 1.0 0.125 0.029 0.040
1.0 0.0 0.0 0.0 0.0 0.0 0.0 0.0 0.0 0.0 0.065 0.717 0.935 0.772 1.0 0.125 0.029 1.000
1.0 0.0 0.0 0.0 0.0 0.0 0.0 0.0 0.0 0.0 0.065 0.870 0.870 0.870 1.0 0.125 0.014 0.040
0.0 1.0 0.0 0.0 0.0 0.0 0.0 0.0 0.0 0.0 0.065 0.870 0.870 0.870 1.0 0.097 0.014 0.040
1.0 0.0 0.0 0.0 0.0 0.0 0.0 0.0 0.0 0.0 0.065 0.717 0.935 0.772 1.0 0.125 0.014 1.000
0.0 1.0 0.0 0.0 0.0 0.0 0.0 0.0 0.0 0.0 0.065 0.717 0.935 0.772 1.0 0.097 0.014 1.000
1.0 0.0 0.0 0.0 0.0 0.0 0.0 0.0 0.0 0.0 0.065 0.717 0.935 0.772 1.0 0.125 0.029 1.000
0.0 1.0 0.0 0.0 0.0 0.0 0.0 0.0 0.0 0.0 0.065 0.717 0.935 0.772 1.0 0.097 0.014 1.000
1.0 0.0 0.0 0.0 0.0 0.0 0.0 0.0 0.0 0.0 0.065 0.848 0.848 0.848 1.0 0.125 0.029 0.040
0.0 1.0 0.0 0.0 0.0 0.0 0.0 0.0 0.0 0.0 0.065 0.848 0.848 0.848 1.0 0.097 0.014 0.040
1.0 0.0 0.0 0.0 0.0 0.0 0.0 0.0 0.0 0.0 0.065 0.935 0.935 0.935 1.0 0.139 0.043 0.040
0.0 1.0 0.0 0.0 0.0 0.0 0.0 0.0 0.0 0.0 0.065 0.935 0.935 0.935 1.0 0.097 0.014 0.040
1.0 0.0 0.0 0.0 0.0 0.0 0.0 0.0 0.0 0.0 0.065 0.717 0.935 0.772 1.0 0.139 0.043 1.000
0.0 1.0 0.0 0.0 0.0 0.0 0.0 0.0 0.0 0.0 0.065 0.717 0.935 0.772 1.0 0.097 0.014 1.000
0.0 1.0 0.0 0.0 0.0 0.0 0.0 0.0 0.0 0.0 0.065 0.717 0.935 0.772 1.0 0.097 0.029 1.000
0.0 1.0 0.0 0.0 0.0 0.0 0.0 0.0 0.0 0.0 0.065 0.717 0.935 0.772 1.0 0.097 0.014 1.000
0.0 1.0 0.0 0.0 0.0 0.0 0.0 0.0 0.0 0.0 0.065 0.717 0.935 0.772 2.0 0.111 0.058 1.000
0.0 1.0 0.0 0.0 0.0 0.0 0.0 0.0 0.0 0.0 0.065 0.717 0.935 0.772 1.0 0.097 0.014 1.000
0.0 1.0 0.0 0.0 0.0 0.0 0.0 0.0 0.0 0.0 0.065 0.717 0.935 0.772 2.0 0.097 0.029 1.000
1.0 0.0 0.0 0.0 0.0 0.0 0.0 0.0 0.0 0.0 0.065 0.717 0.935 0.772 1.0 0.125 0.014 1.000
0.0 1.0 0.0 0.0 0.0 0.0 0.0 0.0 0.0 0.0 0.065 0.717 0.935 0.772 2.0 0.097 0.029 1.000
1.0 0.0 0.0 0.0 0.0 0.0 0.0 0.0 0.0 0.0 0.065 0.717 0.935 0.772 1.0 0.125 0.014 1.000
0.0 1.0 0.0 0.0 0.0 0.0 0.0 0.0 0.0 0.0 0.065 0.717 0.935 0.772 1.0 0.097 0.014 1.000
0.0 1.0 0.0 0.0 0.0 0.0 0.0 0.0 0.0 0.0 0.065 0.717 0.935 0.772 1.0 0.097 0.014 1.000
0.0 1.0 0.0 0.0 0.0 0.0 0.0 0.0 0.0 0.0 0.065 0.717 0.935 0.772 1.0 0.097 0.029 1.000
0.0 1.0 0.0 0.0 0.0 0.0 0.0 0.0 0.0 0.0 0.065 0.717 0.935 0.772 1.0 0.097 0.014 1.000
0.0 1.0 0.0 0.0 0.0 0.0 0.0 0.0 0.0 0.0 0.065 0.717 0.935 0.772 1.0 0.097 0.029 1.000
0.0 1.0 0.0 0.0 0.0 0.0 0.0 0.0 0.0 0.0 0.065 0.717 0.935 0.772 1.0 0.097 0.014 1.000
0.0 1.0 0.0 0.0 0.0 0.0 0.0 0.0 0.0 0.0 0.065 0.717 0.935 0.772 2.0 0.097 0.029 1.000
0.0 1.0 0.0 0.0 0.0 0.0 0.0 0.0 0.0 0.0 0.065 0.717 0.935 0.772 1.0 0.097 0.014 1.000
0.0 1.0 0.0 0.0 0.0 0.0 0.0 0.0 0.0 0.0 0.065 0.717 0.935 0.772 1.0 0.097 0.029 1.000
1.0 0.0 0.0 0.0 0.0 0.0 0.0 0.0 0.0 0.0 0.065 0.717 0.935 0.772 1.0 0.125 0.014 1.000
1.0 0.0 0.0 0.0 0.0 0.0 0.0 0.0 0.0 0.0 0.065 0.717 0.935 0.772 1.0 0.125 0.014 1.000
1.0 0.0 0.0 0.0 0.0 0.0 0.0 0.0 0.0 0.0 0.065 0.717 0.935 0.772 1.0 0.125 0.014 1.000
1.0 0.0 0.0 0.0 0.0 0.0 0.0 0.0 0.0 0.0 0.065 0.717 0.935 0.772 1.0 0.125 0.014 1.000
1.0 0.0 0.0 0.0 0.0 0.0 0.0 0.0 0.0 0.0 0.065 0.717 0.935 0.772 1.0 0.125 0.014 1.000
1.0 0.0 0.0 0.0 0.0 0.0 0.0 0.0 0.0 0.0 0.065 0.717 0.935 0.772 1.0 0.125 0.014 1.000
1.0 0.0 0.0 0.0 0.0 0.0 0.0 0.0 0.0 0.0 0.065 0.848 0.848 0.848 1.0 0.125 0.014 0.040
1.0 0.0 0.0 0.0 0.0 0.0 0.0 0.0 0.0 0.0 0.065 0.717 0.935 0.772 1.0 0.125 0.014 1.000
1.0 0.0 0.0 0.0 0.0 0.0 0.0 0.0 0.0 0.0 0.065 0.870 0.870 0.870 1.0 0.125 0.014 0.040
1.0 0.0 0.0 0.0 0.0 0.0 0.0 0.0 0.0 0.0 0.065 0.717 0.935 0.772 1.0 0.125 0.014 1.000
1.0 0.0 0.0 0.0 0.0 0.0 0.0 0.0 0.0 0.0 0.065 0.717 0.935 0.772 1.0 0.125 0.014 1.000
1.0 0.0 0.0 0.0 0.0 0.0 0.0 0.0 0.0 0.0 0.065 0.848 0.848 0.848 1.0 0.125 0.014 0.040
1.0 0.0 0.0 0.0 0.0 0.0 0.0 0.0 0.0 0.0 0.065 0.717 0.935 0.772 1.0 0.125 0.014 1.000
1.0 0.0 0.0 0.0 0.0 0.0 0.0 0.0 0.0 0.0 0.065 0.717 0.935 0.772 1.0 0.125 0.014 1.000
0.0 0.0 0.0 1.0 0.0 0.0 0.0 0.0 0.0 0.0 0.087 0.696 0.913 0.750 2.0 0.125 0.043 1.000
0.0 0.0 0.0 1.0 0.0 0.0 0.0 0.0 0.0 0.0 0.087 0.696 0.913 0.750 2.0 0.125 0.043 1.000
0.0 0.0 0.0 1.0 0.0 0.0 0.0 0.0 0.0 0.0 0.087 0.848 0.848 0.848 2.0 0.125 0.029 0.040
0.0 1.0 0.0 0.0 0.0 0.0 0.0 0.0 0.0 0.0 0.109 0.826 0.826 0.826 2.0 0.097 0.058 0.040
0.0 0.0 0.0 1.0 0.0 0.0 0.0 0.0 0.0 0.0 0.087 0.848 0.848 0.848 2.0 0.111 0.043 0.040
0.0 0.0 0.0 1.0 0.0 0.0 0.0 0.0 0.0 0.0 0.087 0.696 0.913 0.750 2.0 0.139 0.058 1.000
0.0 0.0 0.0 1.0 0.0 0.0 0.0 0.0 0.0 0.0 0.087 0.696 0.913 0.750 2.0 0.125 0.058 1.000
0.0 0.0 0.0 1.0 0.0 0.0 0.0 0.0 0.0 0.0 0.087 0.696 0.913 0.750 2.0 0.139 0.043 1.000
0.0 0.0 0.0 1.0 0.0 0.0 0.0 0.0 0.0 0.0 0.087 0.696 0.913 0.750 2.0 0.139 0.043 1.000
0.0 0.0 0.0 1.0 0.0 0.0 0.0 0.0 0.0 0.0 0.087 0.696 0.913 0.750 2.0 0.139 0.072 1.000
0.0 0.0 0.0 1.0 0.0 0.0 0.0 0.0 0.0 0.0 0.087 0.696 0.913 0.750 2.0 0.153 0.058 1.000
0.0 0.0 0.0 1.0 0.0 0.0 0.0 0.0 0.0 0.0 0.087 0.696 0.913 0.750 2.0 0.139 0.043 1.000
0.0 1.0 0.0 0.0 0.0 0.0 0.0 0.0 0.0 0.0 0.109 0.674 0.891 0.729 2.0 0.111 0.058 1.000
0.0 0.0 0.0 1.0 0.0 0.0 0.0 0.0 0.0 0.0 0.087 0.696 0.913 0.750 2.0 0.111 0.043 1.000
0.0 0.0 0.0 1.0 0.0 0.0 0.0 0.0 0.0 0.0 0.087 0.696 0.913 0.750 2.0 0.139 0.043 1.000
0.0 0.0 0.0 1.0 0.0 0.0 0.0 0.0 0.0 0.0 0.087 0.696 0.913 0.750 2.0 0.139 0.043 1.000
0.0 0.0 0.0 1.0 0.0 0.0 0.0 0.0 0.0 0.0 0.087 0.696 0.913 0.750 2.0 0.125 0.043 1.000
0.0 1.0 0.0 0.0 0.0 0.0 0.0 0.0 0.0 0.0 0.109 0.674 0.891 0.729 2.0 0.097 0.058 1.000
0.0 0.0 0.0 1.0 0.0 0.0 0.0 0.0 0.0 0.0 0.087 0.696 0.913 0.750 2.0 0.111 0.043 1.000
0.0 1.0 0.0 0.0 0.0 0.0 0.0 0.0 0.0 0.0 0.087 0.696 0.913 0.750 1.0 0.097 0.014 1.000
0.0 1.0 0.0 0.0 0.0 0.0 0.0 0.0 0.0 0.0 0.087 0.696 0.913 0.750 2.0 0.097 0.029 1.000
0.0 0.0 0.0 1.0 0.0 0.0 0.0 0.0 0.0 0.0 0.109 0.674 0.891 0.729 2.0 0.139 0.043 1.000
0.0 1.0 0.0 0.0 0.0 0.0 0.0 0.0 0.0 0.0 0.087 0.696 0.913 0.750 1.0 0.097 0.014 1.000
0.0 1.0 0.0 0.0 0.0 0.0 0.0 0.0 0.0 0.0 0.087 0.696 0.913 0.750 1.0 0.097 0.014 1.000
0.0 1.0 0.0 0.0 0.0 0.0 0.0 0.0 0.0 0.0 0.087 0.696 0.913 0.750 1.0 0.097 0.029 1.000
0.0 1.0 0.0 0.0 0.0 0.0 0.0 0.0 0.0 0.0 0.087 0.696 0.913 0.750 2.0 0.097 0.043 1.000
0.0 1.0 0.0 0.0 0.0 0.0 0.0 0.0 0.0 0.0 0.087 0.696 0.913 0.750 1.0 0.097 0.029 1.000
0.0 1.0 0.0 0.0 0.0 0.0 0.0 0.0 0.0 0.0 0.087 0.696 0.913 0.750 1.0 0.097 0.014 1.000
0.0 1.0 0.0 0.0 0.0 0.0 0.0 0.0 0.0 0.0 0.087 0.826 0.826 0.826 2.0 0.097 0.043 0.040
0.0 0.0 0.0 1.0 0.0 0.0 0.0 0.0 0.0 0.0 0.130 0.804 0.804 0.804 2.0 0.125 0.058 0.040
0.0 1.0 0.0 0.0 0.0 0.0 0.0 0.0 0.0 0.0 0.087 0.696 0.913 0.750 1.0 0.097 0.043 1.000
0.0 0.0 0.0 1.0 0.0 0.0 0.0 0.0 0.0 0.0 0.087 0.696 0.913 0.750 2.0 0.125 0.058 1.000
0.0 1.0 0.0 0.0 0.0 0.0 0.0 0.0 0.0 0.0 0.087 0.696 0.913 0.750 1.0 0.097 0.014 1.000
0.0 0.0 0.0 1.0 0.0 0.0 0.0 0.0 0.0 0.0 0.109 0.674 0.891 0.729 2.0 0.139 0.058 1.000
0.0 1.0 0.0 0.0 0.0 0.0 0.0 0.0 0.0 0.0 0.087 0.783 0.783 0.783 1.0 0.111 0.043 0.040
1.0 0.0 0.0 0.0 0.0 0.0 0.0 0.0 0.0 0.0 0.087 0.696 0.913 0.750 1.0 0.347 0.043 1.000
0.0 1.0 0.0 0.0 0.0 0.0 0.0 0.0 0.0 0.0 0.087 0.783 0.783 0.783 1.0 0.111 0.043 0.040
1.0 0.0 0.0 0.0 0.0 0.0 0.0 0.0 0.0 0.0 0.087 0.696 0.913 0.750 1.0 0.375 0.043 1.000
0.0 0.0 0.0 1.0 0.0 0.0 0.0 0.0 0.0 0.0 0.087 0.696 0.913 0.769 2.0 1.000 0.087 0.640
0.0 0.0 0.0 1.0 0.0 0.0 0.0 0.0 0.0 0.0 0.087 0.696 0.913 0.770 2.0 0.986 0.087 0.640
0.0 1.0 0.0 0.0 0.0 0.0 0.0 0.0 0.0 0.0 0.087 0.696 0.913 0.750 1.0 0.097 0.014 1.000
0.0 0.0 0.0 1.0 0.0 0.0 0.0 0.0 0.0 0.0 0.087 0.696 0.913 0.750 2.0 0.139 0.029 1.000
0.0 1.0 0.0 0.0 0.0 0.0 0.0 0.0 0.0 0.0 0.087 0.696 0.913 0.750 1.0 0.097 0.014 1.000
0.0 0.0 0.0 1.0 0.0 0.0 0.0 0.0 0.0 0.0 0.087 0.696 0.913 0.750 2.0 0.139 0.029 1.000
0.0 1.0 0.0 0.0 0.0 0.0 0.0 0.0 0.0 0.0 0.087 0.696 0.913 0.750 1.0 0.097 0.014 1.000
0.0 0.0 0.0 1.0 0.0 0.0 0.0 0.0 0.0 0.0 0.087 0.696 0.913 0.750 2.0 0.139 0.029 1.000
0.0 1.0 0.0 0.0 0.0 0.0 0.0 0.0 0.0 0.0 0.087 0.696 0.913 0.750 1.0 0.097 0.014 1.000
0.0 0.0 0.0 1.0 0.0 0.0 0.0 0.0 0.0 0.0 0.087 0.696 0.913 0.750 2.0 0.139 0.029 1.000
0.0 1.0 0.0 0.0 0.0 0.0 0.0 0.0 0.0 0.0 0.087 0.696 0.913 0.750 1.0 0.097 0.014 1.000
0.0 0.0 0.0 1.0 0.0 0.0 0.0 0.0 0.0 0.0 0.087 0.696 0.913 0.750 2.0 0.139 0.029 1.000
0.0 1.0 0.0 0.0 0.0 0.0 0.0 0.0 0.0 0.0 0.087 0.696 0.913 0.750 1.0 0.097 0.014 1.000
0.0 0.0 0.0 1.0 0.0 0.0 0.0 0.0 0.0 0.0 0.087 0.696 0.913 0.750 2.0 0.139 0.029 1.000
0.0 1.0 0.0 0.0 0.0 0.0 0.0 0.0 0.0 0.0 0.087 0.826 0.826 0.826 2.0 0.097 0.029 0.040
0.0 1.0 0.0 0.0 0.0 0.0 0.0 0.0 0.0 0.0 0.087 0.826 0.826 0.826 2.0 0.097 0.043 0.040
0.0 1.0 0.0 0.0 0.0 0.0 0.0 0.0 0.0 0.0 0.087 0.696 0.913 0.750 1.0 0.097 0.014 1.000
0.0 1.0 0.0 0.0 0.0 0.0 0.0 0.0 0.0 0.0 0.087 0.848 0.848 0.848 1.0 0.097 0.014 0.040
0.0 0.0 0.0 1.0 0.0 0.0 0.0 0.0 0.0 0.0 0.087 0.848 0.848 0.848 2.0 0.139 0.029 0.040
0.0 1.0 0.0 0.0 0.0 0.0 0.0 0.0 0.0 0.0 0.087 0.848 0.848 0.848 1.0 0.097 0.014 0.040
0.0 1.0 0.0 0.0 0.0 0.0 0.0 0.0 0.0 0.0 0.087 0.696 0.913 0.750 1.0 0.097 0.014 1.000
0.0 0.0 0.0 1.0 0.0 0.0 0.0 0.0 0.0 0.0 0.087 0.696 0.913 0.750 2.0 0.139 0.029 1.000
0.0 1.0 0.0 0.0 0.0 0.0 0.0 0.0 0.0 0.0 0.087 0.696 0.913 0.750 1.0 0.097 0.014 1.000
0.0 0.0 0.0 1.0 0.0 0.0 0.0 0.0 0.0 0.0 0.087 0.696 0.913 0.750 2.0 0.139 0.029 1.000
0.0 1.0 0.0 0.0 0.0 0.0 0.0 0.0 0.0 0.0 0.087 0.696 0.913 0.750 1.0 0.097 0.029 1.000
0.0 1.0 0.0 0.0 0.0 0.0 0.0 0.0 0.0 0.0 0.087 0.826 0.826 0.826 1.0 0.097 0.014 0.040
0.0 0.0 0.0 1.0 0.0 0.0 0.0 0.0 0.0 0.0 0.087 0.826 0.826 0.826 2.0 0.139 0.029 0.040
0.0 1.0 0.0 0.0 0.0 0.0 0.0 0.0 0.0 0.0 0.087 0.913 0.913 0.913 2.0 0.097 0.058 0.040
0.0 0.0 0.0 1.0 0.0 0.0 0.0 0.0 0.0 0.0 0.087 0.913 0.913 0.913 2.0 0.139 0.058 0.040
0.0 0.0 0.0 1.0 0.0 0.0 0.0 0.0 0.0 0.0 0.109 0.674 0.891 0.729 2.0 0.167 0.043 1.000
0.0 0.0 0.0 1.0 0.0 0.0 0.0 0.0 0.0 0.0 0.109 0.674 0.891 0.729 2.0 0.167 0.072 1.000
0.0 1.0 0.0 0.0 0.0 0.0 0.0 0.0 0.0 0.0 0.087 0.696 0.913 0.750 1.0 0.097 0.014 1.000
0.0 0.0 0.0 1.0 0.0 0.0 0.0 0.0 0.0 0.0 0.087 0.696 0.913 0.750 2.0 0.139 0.043 1.000
0.0 1.0 0.0 0.0 0.0 0.0 0.0 0.0 0.0 0.0 0.087 0.696 0.913 0.750 1.0 0.097 0.014 1.000
0.0 1.0 0.0 0.0 0.0 0.0 0.0 0.0 0.0 0.0 0.087 0.696 0.913 0.750 1.0 0.097 0.014 1.000
0.0 0.0 0.0 1.0 0.0 0.0 0.0 0.0 0.0 0.0 0.087 0.696 0.913 0.750 2.0 0.139 0.029 1.000
0.0 0.0 0.0 1.0 0.0 0.0 0.0 0.0 0.0 0.0 0.130 0.652 0.870 0.707 2.0 0.153 0.058 1.000
0.0 0.0 0.0 1.0 0.0 0.0 0.0 0.0 0.0 0.0 0.109 0.674 0.891 0.729 2.0 0.167 0.043 1.000
0.0 1.0 0.0 0.0 0.0 0.0 0.0 0.0 0.0 0.0 0.152 0.630 0.848 0.685 2.0 0.125 0.072 1.000
0.0 0.0 0.0 1.0 0.0 0.0 0.0 0.0 0.0 0.0 0.130 0.652 0.870 0.707 2.0 0.125 0.058 1.000
1.0 0.0 0.0 0.0 0.0 0.0 0.0 0.0 0.0 0.0 0.087 0.696 0.913 0.750 1.0 0.125 0.043 1.000
1.0 0.0 0.0 0.0 0.0 0.0 0.0 0.0 0.0 0.0 0.087 0.783 0.783 0.783 1.0 0.125 0.043 0.040
1.0 0.0 0.0 0.0 0.0 0.0 0.0 0.0 0.0 0.0 0.087 0.696 0.913 0.750 1.0 0.125 0.043 1.000
1.0 0.0 0.0 0.0 0.0 0.0 0.0 0.0 0.0 0.0 0.087 0.783 0.783 0.783 1.0 0.125 0.043 0.040
0.0 1.0 0.0 0.0 0.0 0.0 0.0 0.0 0.0 0.0 0.130 0.652 0.870 0.707 1.0 0.139 0.043 1.000
0.0 0.0 0.0 1.0 0.0 0.0 0.0 0.0 0.0 0.0 0.109 0.674 0.891 0.729 2.0 0.125 0.058 1.000
0.0 0.0 0.0 1.0 0.0 0.0 0.0 0.0 0.0 0.0 0.109 0.674 0.891 0.729 2.0 0.139 0.029 1.000
0.0 1.0 0.0 0.0 0.0 0.0 0.0 0.0 0.0 0.0 0.130 0.652 0.870 0.707 2.0 0.111 0.043 1.000
0.0 0.0 0.0 1.0 0.0 0.0 0.0 0.0 0.0 0.0 0.109 0.674 0.891 0.729 2.0 0.111 0.029 1.000
0.0 0.0 0.0 1.0 0.0 0.0 0.0 0.0 0.0 0.0 0.109 0.674 0.891 0.729 2.0 0.139 0.029 1.000
0.0 0.0 0.0 1.0 0.0 0.0 0.0 0.0 0.0 0.0 0.109 0.674 0.891 0.729 2.0 0.139 0.029 1.000
0.0 0.0 0.0 1.0 0.0 0.0 0.0 0.0 0.0 0.0 0.109 0.674 0.891 0.729 2.0 0.139 0.029 1.000
0.0 0.0 0.0 1.0 0.0 0.0 0.0 0.0 0.0 0.0 0.109 0.674 0.891 0.729 2.0 0.139 0.029 1.000
0.0 0.0 0.0 1.0 0.0 0.0 0.0 0.0 0.0 0.0 0.109 0.826 0.826 0.826 2.0 0.139 0.029 0.040
0.0 0.0 0.0 1.0 0.0 0.0 0.0 0.0 0.0 0.0 0.109 0.674 0.891 0.729 2.0 0.139 0.029 1.000
0.0 0.0 0.0 1.0 0.0 0.0 0.0 0.0 0.0 0.0 0.109 0.674 0.891 0.729 2.0 0.139 0.029 1.000
0.0 0.0 0.0 1.0 0.0 0.0 0.0 0.0 0.0 0.0 0.109 0.804 0.804 0.804 2.0 0.139 0.029 0.040
0.0 1.0 0.0 0.0 0.0 0.0 0.0 0.0 0.0 0.0 0.152 0.783 0.783 0.783 1.0 0.125 0.058 0.040
0.0 0.0 0.0 1.0 0.0 0.0 0.0 0.0 0.0 0.0 0.109 0.891 0.891 0.891 2.0 0.139 0.072 0.040
0.0 0.0 0.0 1.0 0.0 0.0 0.0 0.0 0.0 0.0 0.109 0.674 0.891 0.729 2.0 0.139 0.029 1.000
0.0 0.0 0.0 1.0 0.0 0.0 0.0 0.0 0.0 0.0 0.109 0.674 0.891 0.729 2.0 0.139 0.029 1.000
0.0 1.0 0.0 0.0 0.0 0.0 0.0 0.0 0.0 0.0 0.130 0.652 0.870 0.707 1.0 0.125 0.058 1.000
0.0 0.0 0.0 1.0 0.0 0.0 0.0 0.0 0.0 0.0 0.130 0.652 0.870 0.707 2.0 0.139 0.058 1.000
0.0 0.0 0.0 1.0 0.0 0.0 0.0 0.0 0.0 0.0 0.174 0.609 0.826 0.663 2.0 0.125 0.087 1.000
0.0 1.0 0.0 0.0 0.0 0.0 0.0 0.0 0.0 0.0 0.174 0.609 0.826 0.663 1.0 0.097 0.072 1.000
0.0 1.0 0.0 0.0 0.0 0.0 0.0 0.0 0.0 0.0 0.109 0.761 0.761 0.761 1.0 0.097 0.043 0.040
0.0 1.0 0.0 0.0 0.0 0.0 0.0 0.0 0.0 0.0 0.109 0.674 0.891 0.729 1.0 0.097 0.043 1.000
0.0 1.0 0.0 0.0 0.0 0.0 0.0 0.0 0.0 0.0 0.109 0.761 0.761 0.761 2.0 0.097 0.058 0.040
0.0 1.0 0.0 0.0 0.0 0.0 0.0 0.0 0.0 0.0 0.109 0.674 0.891 0.729 1.0 0.097 0.043 1.000
0.0 0.0 0.0 1.0 0.0 0.0 0.0 0.0 0.0 0.0 0.130 0.652 0.870 0.707 2.0 0.167 0.029 1.000
0.0 0.0 0.0 1.0 0.0 0.0 0.0 0.0 0.0 0.0 0.152 0.630 0.848 0.685 2.0 0.153 0.043 1.000
0.0 0.0 0.0 1.0 0.0 0.0 0.0 0.0 0.0 0.0 0.130 0.652 0.870 0.707 2.0 0.167 0.029 1.000
0.0 0.0 0.0 1.0 0.0 0.0 0.0 0.0 0.0 0.0 0.130 0.652 0.870 0.707 2.0 0.167 0.029 1.000
0.0 0.0 0.0 1.0 0.0 0.0 0.0 0.0 0.0 0.0 0.130 0.652 0.870 0.707 2.0 0.167 0.029 1.000
0.0 0.0 0.0 1.0 0.0 0.0 0.0 0.0 0.0 0.0 0.130 0.652 0.870 0.707 2.0 0.167 0.029 1.000
0.0 0.0 0.0 1.0 0.0 0.0 0.0 0.0 0.0 0.0 0.130 0.804 0.804 0.804 2.0 0.167 0.029 0.040
0.0 0.0 0.0 1.0 0.0 0.0 0.0 0.0 0.0 0.0 0.130 0.652 0.870 0.707 2.0 0.167 0.029 1.000
0.0 0.0 0.0 1.0 0.0 0.0 0.0 0.0 0.0 0.0 0.130 0.652 0.870 0.707 2.0 0.167 0.029 1.000
0.0 0.0 0.0 1.0 0.0 0.0 0.0 0.0 0.0 0.0 0.130 0.783 0.783 0.783 2.0 0.167 0.029 0.040
0.0 0.0 0.0 1.0 0.0 0.0 0.0 0.0 0.0 0.0 0.130 0.870 0.870 0.870 2.0 0.167 0.072 0.040
0.0 1.0 0.0 0.0 0.0 0.0 0.0 0.0 0.0 0.0 0.130 0.652 0.870 0.707 1.0 0.111 0.043 1.000
0.0 0.0 0.0 1.0 0.0 0.0 0.0 0.0 0.0 0.0 0.130 0.652 0.870 0.707 2.0 0.153 0.058 1.000
0.0 1.0 0.0 0.0 0.0 0.0 0.0 0.0 0.0 0.0 0.130 0.652 0.870 0.707 1.0 0.111 0.072 1.000
0.0 0.0 0.0 1.0 0.0 0.0 0.0 0.0 0.0 0.0 0.130 0.652 0.870 0.707 2.0 0.153 0.101 1.000
0.0 0.0 0.0 1.0 0.0 0.0 0.0 0.0 0.0 0.0 0.130 0.652 0.870 0.707 2.0 0.167 0.043 1.000
0.0 0.0 0.0 1.0 0.0 0.0 0.0 0.0 0.0 0.0 0.130 0.652 0.870 0.707 2.0 0.167 0.029 1.000
0.0 1.0 0.0 0.0 0.0 0.0 0.0 0.0 0.0 0.0 0.152 0.630 0.848 0.685 1.0 0.111 0.058 1.000
0.0 0.0 0.0 1.0 0.0 0.0 0.0 0.0 0.0 0.0 0.152 0.630 0.848 0.685 2.0 0.153 0.072 1.000
0.0 1.0 0.0 0.0 0.0 0.0 0.0 0.0 0.0 0.0 0.130 0.652 0.870 0.707 1.0 0.111 0.043 1.000
0.0 1.0 0.0 0.0 0.0 0.0 0.0 0.0 0.0 0.0 0.152 0.630 0.848 0.685 2.0 0.111 0.087 1.000
0.0 0.0 0.0 1.0 0.0 0.0 0.0 0.0 0.0 0.0 0.130 0.652 0.870 0.707 2.0 0.125 0.072 1.000
0.0 1.0 0.0 0.0 0.0 0.0 0.0 0.0 0.0 0.0 0.174 0.761 0.761 0.761 1.0 0.097 0.058 0.040
0.0 0.0 0.0 1.0 0.0 0.0 0.0 0.0 0.0 0.0 0.196 0.587 0.804 0.642 2.0 0.125 0.087 1.000
0.0 1.0 0.0 0.0 0.0 0.0 0.0 0.0 0.0 0.0 0.152 0.630 0.848 0.685 1.0 0.097 0.058 1.000
1.0 0.0 0.0 0.0 0.0 0.0 0.0 0.0 0.0 0.0 0.152 0.630 0.848 0.685 1.0 0.125 0.043 1.000
1.0 0.0 0.0 0.0 0.0 0.0 0.0 0.0 0.0 0.0 0.152 0.783 0.783 0.783 1.0 0.125 0.043 0.040
0.0 0.0 0.0 1.0 0.0 0.0 0.0 0.0 0.0 0.0 0.152 0.630 0.848 0.685 2.0 0.139 0.058 1.000
0.0 0.0 0.0 1.0 0.0 0.0 0.0 0.0 0.0 0.0 0.152 0.630 0.848 0.685 2.0 0.139 0.087 1.000
0.0 0.0 0.0 1.0 0.0 0.0 0.0 0.0 0.0 0.0 0.174 0.609 0.826 0.663 2.0 0.139 0.072 1.000
0.0 0.0 0.0 1.0 0.0 0.0 0.0 0.0 0.0 0.0 0.152 0.630 0.848 0.685 2.0 0.139 0.058 1.000
0.0 1.0 0.0 0.0 0.0 0.0 0.0 0.0 0.0 0.0 0.152 0.630 0.848 0.685 1.0 0.125 0.058 1.000
0.0 0.0 0.0 1.0 0.0 0.0 0.0 0.0 0.0 0.0 0.174 0.609 0.826 0.663 2.0 0.139 0.058 1.000
0.0 1.0 0.0 0.0 0.0 0.0 0.0 0.0 0.0 0.0 0.174 0.609 0.826 0.663 1.0 0.111 0.043 1.000
0.0 0.0 0.0 1.0 0.0 0.0 0.0 0.0 0.0 0.0 0.152 0.630 0.848 0.685 2.0 0.153 0.058 1.000
0.0 1.0 0.0 0.0 0.0 0.0 0.0 0.0 0.0 0.0 0.152 0.630 0.848 0.685 1.0 0.111 0.029 1.000
0.0 0.0 0.0 1.0 0.0 0.0 0.0 0.0 0.0 0.0 0.152 0.630 0.848 0.685 2.0 0.139 0.043 1.000
0.0 1.0 0.0 0.0 0.0 0.0 0.0 0.0 0.0 0.0 0.152 0.630 0.848 0.685 1.0 0.111 0.029 1.000
0.0 0.0 0.0 1.0 0.0 0.0 0.0 0.0 0.0 0.0 0.152 0.630 0.848 0.685 2.0 0.139 0.043 1.000
0.0 1.0 0.0 0.0 0.0 0.0 0.0 0.0 0.0 0.0 0.152 0.630 0.848 0.685 1.0 0.111 0.029 1.000
0.0 0.0 0.0 1.0 0.0 0.0 0.0 0.0 0.0 0.0 0.152 0.630 0.848 0.685 2.0 0.139 0.058 1.000
0.0 1.0 0.0 0.0 0.0 0.0 0.0 0.0 0.0 0.0 0.152 0.630 0.848 0.685 2.0 0.111 0.043 1.000
0.0 0.0 0.0 1.0 0.0 0.0 0.0 0.0 0.0 0.0 0.152 0.630 0.848 0.685 2.0 0.167 0.072 1.000
0.0 1.0 0.0 0.0 0.0 0.0 0.0 0.0 0.0 0.0 0.152 0.630 0.848 0.685 1.0 0.111 0.029 1.000
0.0 0.0 0.0 1.0 0.0 0.0 0.0 0.0 0.0 0.0 0.152 0.630 0.848 0.685 2.0 0.139 0.043 1.000
0.0 1.0 0.0 0.0 0.0 0.0 0.0 0.0 0.0 0.0 0.152 0.630 0.848 0.685 1.0 0.111 0.029 1.000
0.0 0.0 0.0 1.0 0.0 0.0 0.0 0.0 0.0 0.0 0.152 0.761 0.761 0.761 2.0 0.139 0.072 0.040
0.0 1.0 0.0 0.0 0.0 0.0 0.0 0.0 0.0 0.0 0.152 0.761 0.761 0.761 1.0 0.111 0.029 0.040
0.0 1.0 0.0 0.0 0.0 0.0 0.0 0.0 0.0 0.0 0.152 0.848 0.848 0.848 2.0 0.111 0.087 0.040
0.0 0.0 0.0 1.0 0.0 0.0 0.0 0.0 0.0 0.0 0.152 0.630 0.848 0.685 2.0 0.139 0.043 1.000
0.0 1.0 0.0 0.0 0.0 0.0 0.0 0.0 0.0 0.0 0.152 0.630 0.848 0.685 1.0 0.111 0.029 1.000
0.0 0.0 0.0 1.0 0.0 0.0 0.0 0.0 0.0 0.0 0.217 0.565 0.783 0.620 2.0 0.139 0.087 1.000
0.0 1.0 0.0 0.0 0.0 0.0 0.0 0.0 0.0 0.0 0.152 0.783 0.783 0.783 1.0 0.111 0.029 0.040
0.0 0.0 0.0 1.0 0.0 0.0 0.0 0.0 0.0 0.0 0.152 0.783 0.783 0.783 2.0 0.153 0.043 0.040
0.0 1.0 0.0 0.0 0.0 0.0 0.0 0.0 0.0 0.0 0.152 0.630 0.848 0.685 1.0 0.111 0.029 1.000
0.0 0.0 0.0 1.0 0.0 0.0 0.0 0.0 0.0 0.0 0.152 0.630 0.848 0.685 2.0 0.153 0.058 1.000
0.0 0.0 0.0 1.0 0.0 0.0 0.0 0.0 0.0 0.0 0.174 0.609 0.826 0.663 2.0 0.167 0.058 1.000
0.0 1.0 0.0 0.0 0.0 0.0 0.0 0.0 0.0 0.0 0.152 0.630 0.848 0.685 1.0 0.111 0.043 1.000
0.0 0.0 0.0 1.0 0.0 0.0 0.0 0.0 0.0 0.0 0.152 0.630 0.848 0.685 2.0 0.153 0.058 1.000
0.0 0.0 0.0 1.0 0.0 0.0 0.0 0.0 0.0 0.0 0.174 0.609 0.826 0.663 2.0 0.167 0.101 1.000
0.0 0.0 0.0 1.0 0.0 0.0 0.0 0.0 0.0 0.0 0.174 0.609 0.826 0.663 2.0 0.153 0.087 1.000
0.0 0.0 0.0 1.0 0.0 0.0 0.0 0.0 0.0 0.0 0.196 0.587 0.804 0.642 2.0 0.167 0.072 1.000
0.0 0.0 0.0 1.0 0.0 0.0 0.0 0.0 0.0 0.0 0.196 0.587 0.804 0.642 2.0 0.125 0.058 1.000
0.0 0.0 0.0 1.0 0.0 0.0 0.0 0.0 0.0 0.0 0.174 0.609 0.826 0.663 2.0 0.139 0.043 1.000
0.0 0.0 0.0 1.0 0.0 0.0 0.0 0.0 0.0 0.0 0.174 0.609 0.826 0.663 2.0 0.125 0.043 1.000
0.0 1.0 0.0 0.0 0.0 0.0 0.0 0.0 0.0 0.0 0.174 0.761 0.761 0.761 1.0 0.097 0.043 0.040
0.0 1.0 0.0 0.0 0.0 0.0 0.0 0.0 0.0 0.0 0.174 0.609 0.826 0.663 1.0 0.097 0.043 1.000
0.0 0.0 0.0 1.0 0.0 0.0 0.0 0.0 0.0 0.0 0.174 0.609 0.826 0.663 2.0 0.125 0.043 1.000
0.0 0.0 0.0 1.0 0.0 0.0 0.0 0.0 0.0 0.0 0.174 0.609 0.826 0.663 2.0 0.125 0.072 1.000
0.0 0.0 0.0 1.0 0.0 0.0 0.0 0.0 0.0 0.0 0.174 0.609 0.826 0.663 2.0 0.153 0.058 1.000
0.0 0.0 0.0 1.0 0.0 0.0 0.0 0.0 0.0 0.0 0.174 0.609 0.826 0.663 2.0 0.125 0.043 1.000
0.0 0.0 0.0 1.0 0.0 0.0 0.0 0.0 0.0 0.0 0.174 0.739 0.739 0.739 2.0 0.125 0.058 0.040
0.0 0.0 0.0 1.0 0.0 0.0 0.0 0.0 0.0 0.0 0.174 0.609 0.826 0.663 2.0 0.125 0.043 1.000
0.0 1.0 0.0 0.0 0.0 0.0 0.0 0.0 0.0 0.0 0.174 0.609 0.826 0.663 1.0 0.097 0.058 1.000
0.0 0.0 0.0 1.0 0.0 0.0 0.0 0.0 0.0 0.0 0.174 0.761 0.761 0.761 2.0 0.139 0.043 0.040
0.0 1.0 0.0 0.0 0.0 0.0 0.0 0.0 0.0 0.0 0.196 0.587 0.804 0.642 2.0 0.111 0.072 1.000
0.0 0.0 0.0 1.0 0.0 0.0 0.0 0.0 0.0 0.0 0.174 0.609 0.826 0.663 2.0 0.111 0.058 1.000
0.0 0.0 0.0 1.0 0.0 0.0 0.0 0.0 0.0 0.0 0.174 0.609 0.826 0.663 2.0 0.139 0.058 1.000
0.0 1.0 0.0 0.0 0.0 0.0 0.0 0.0 0.0 0.0 0.239 0.543 0.761 0.598 1.0 0.125 0.087 1.000
0.0 0.0 0.0 1.0 0.0 0.0 0.0 0.0 0.0 0.0 0.217 0.565 0.783 0.620 2.0 0.139 0.058 1.000
0.0 0.0 0.0 1.0 0.0 0.0 0.0 0.0 0.0 0.0 0.196 0.587 0.804 0.642 2.0 0.181 0.058 1.000
0.0 1.0 0.0 0.0 0.0 0.0 0.0 0.0 0.0 0.0 0.217 0.565 0.783 0.620 2.0 0.139 0.058 1.000
0.0 0.0 0.0 1.0 0.0 0.0 0.0 0.0 0.0 0.0 0.196 0.587 0.804 0.642 2.0 0.139 0.043 1.000
0.0 0.0 0.0 1.0 0.0 0.0 0.0 0.0 0.0 0.0 0.196 0.587 0.804 0.642 2.0 0.139 0.043 1.000
0.0 0.0 0.0 1.0 0.0 0.0 0.0 0.0 0.0 0.0 0.196 0.587 0.804 0.642 2.0 0.139 0.072 1.000
0.0 0.0 0.0 1.0 0.0 0.0 0.0 0.0 0.0 0.0 0.196 0.587 0.804 0.642 2.0 0.222 0.072 1.000
0.0 0.0 0.0 1.0 0.0 0.0 0.0 0.0 0.0 0.0 0.196 0.587 0.804 0.642 2.0 0.153 0.043 1.000
0.0 0.0 0.0 1.0 0.0 0.0 0.0 0.0 0.0 0.0 0.196 0.717 0.717 0.717 2.0 0.139 0.072 0.040
0.0 1.0 0.0 0.0 0.0 0.0 0.0 0.0 0.0 0.0 0.196 0.587 0.804 0.642 1.0 0.111 0.058 1.000
0.0 0.0 0.0 1.0 0.0 0.0 0.0 0.0 0.0 0.0 0.196 0.587 0.804 0.642 2.0 0.139 0.043 1.000
0.0 1.0 0.0 0.0 0.0 0.0 0.0 0.0 0.0 0.0 0.196 0.587 0.804 0.642 1.0 0.111 0.101 1.000
0.0 1.0 0.0 0.0 0.0 0.0 0.0 0.0 0.0 0.0 0.196 0.587 0.804 0.642 1.0 0.111 0.087 1.000
0.0 1.0 0.0 0.0 0.0 0.0 0.0 0.0 0.0 0.0 0.217 0.565 0.783 0.620 1.0 0.111 0.072 1.000
0.0 0.0 0.0 1.0 0.0 0.0 0.0 0.0 0.0 0.0 0.217 0.565 0.783 0.620 2.0 0.153 0.072 1.000
0.0 0.0 0.0 1.0 0.0 0.0 0.0 0.0 0.0 0.0 0.196 0.739 0.739 0.739 2.0 0.167 0.043 0.040
0.0 0.0 0.0 1.0 0.0 0.0 0.0 0.0 0.0 0.0 0.196 0.587 0.804 0.642 2.0 0.167 0.058 1.000
0.0 1.0 0.0 0.0 0.0 0.0 0.0 0.0 0.0 0.0 0.239 0.543 0.761 0.598 2.0 0.139 0.072 1.000
0.0 1.0 0.0 0.0 0.0 0.0 0.0 0.0 0.0 0.0 0.217 0.565 0.783 0.620 1.0 0.139 0.072 1.000
0.0 1.0 0.0 0.0 0.0 0.0 0.0 0.0 0.0 0.0 0.217 0.565 0.783 0.620 1.0 0.181 0.043 1.000
0.0 1.0 0.0 0.0 0.0 0.0 0.0 0.0 0.0 0.0 0.217 0.565 0.783 0.620 1.0 0.139 0.043 1.000
0.0 0.0 0.0 1.0 0.0 0.0 0.0 0.0 0.0 0.0 0.217 0.565 0.783 0.620 2.0 0.153 0.159 1.000
0.0 0.0 0.0 1.0 0.0 0.0 0.0 0.0 0.0 0.0 0.239 0.543 0.761 0.598 2.0 0.153 0.159 1.000
0.0 1.0 0.0 0.0 0.0 0.0 0.0 0.0 0.0 0.0 0.261 0.522 0.739 0.577 1.0 0.097 0.087 1.000
0.0 1.0 0.0 0.0 0.0 0.0 0.0 0.0 0.0 0.0 0.217 0.696 0.696 0.696 1.0 0.125 0.072 0.040
0.0 1.0 0.0 0.0 0.0 0.0 0.0 0.0 0.0 0.0 0.217 0.565 0.783 0.620 1.0 0.125 0.043 1.000
1.0 0.0 0.0 0.0 0.0 0.0 0.0 0.0 0.0 0.0 0.217 0.565 0.783 0.620 1.0 0.167 0.072 1.000
0.0 1.0 0.0 0.0 0.0 0.0 0.0 0.0 0.0 0.0 0.239 0.543 0.761 0.598 1.0 0.111 0.072 1.000
0.0 1.0 0.0 0.0 0.0 0.0 0.0 0.0 0.0 0.0 0.217 0.717 0.717 0.717 1.0 0.111 0.043 0.040
0.0 0.0 0.0 1.0 0.0 0.0 0.0 0.0 0.0 0.0 0.217 0.565 0.783 0.620 2.0 0.153 0.159 1.000
0.0 1.0 0.0 0.0 0.0 0.0 0.0 0.0 0.0 0.0 0.217 0.565 0.783 0.620 2.0 0.111 0.072 1.000
0.0 0.0 0.0 1.0 0.0 0.0 0.0 0.0 0.0 0.0 0.261 0.522 0.739 0.577 2.0 0.167 0.159 1.000
1.0 0.0 0.0 0.0 0.0 0.0 0.0 0.0 0.0 0.0 0.239 0.543 0.761 0.598 1.0 0.125 0.058 1.000
1.0 0.0 0.0 0.0 0.0 0.0 0.0 0.0 0.0 0.0 0.239 0.696 0.696 0.696 1.0 0.125 0.058 0.040
1.0 0.0 0.0 0.0 0.0 0.0 0.0 0.0 0.0 0.0 0.217 0.696 0.696 0.696 1.0 0.153 0.072 0.040
1.0 0.0 0.0 0.0 0.0 0.0 0.0 0.0 0.0 0.0 0.217 0.565 0.783 0.620 1.0 0.153 0.072 1.000
1.0 0.0 0.0 0.0 0.0 0.0 0.0 0.0 0.0 0.0 0.217 0.696 0.696 0.696 1.0 0.139 0.058 0.040
1.0 0.0 0.0 0.0 0.0 0.0 0.0 0.0 0.0 0.0 0.217 0.565 0.783 0.620 1.0 0.139 0.058 1.000
1.0 0.0 0.0 0.0 0.0 0.0 0.0 0.0 0.0 0.0 0.239 0.543 0.761 0.598 1.0 0.139 0.043 1.000
1.0 0.0 0.0 0.0 0.0 0.0 0.0 0.0 0.0 0.0 0.239 0.543 0.761 0.598 1.0 0.139 0.072 1.000
0.0 1.0 0.0 0.0 0.0 0.0 0.0 0.0 0.0 0.0 0.239 0.674 0.674 0.674 1.0 0.097 0.072 0.040
0.0 0.0 0.0 1.0 0.0 0.0 0.0 0.0 0.0 0.0 0.239 0.543 0.761 0.598 2.0 0.153 0.174 1.000
0.0 0.0 0.0 1.0 0.0 0.0 0.0 0.0 0.0 0.0 0.283 0.500 0.717 0.555 2.0 0.139 0.130 1.000
0.0 1.0 0.0 0.0 0.0 0.0 0.0 0.0 0.0 0.0 0.239 0.543 0.761 0.598 1.0 0.097 0.043 1.000
1.0 0.0 0.0 0.0 0.0 0.0 0.0 0.0 0.0 0.0 0.239 0.761 0.761 0.761 1.0 0.125 0.043 0.040
1.0 0.0 0.0 0.0 0.0 0.0 0.0 0.0 0.0 0.0 0.239 0.543 0.761 0.598 1.0 0.125 0.043 1.000
1.0 0.0 0.0 0.0 0.0 0.0 0.0 0.0 0.0 0.0 0.261 0.522 0.739 0.577 1.0 0.125 0.072 1.000
1.0 0.0 0.0 0.0 0.0 0.0 0.0 0.0 0.0 0.0 0.261 0.674 0.674 0.674 1.0 0.125 0.072 0.040
1.0 0.0 0.0 0.0 0.0 0.0 0.0 0.0 0.0 0.0 0.239 0.696 0.696 0.696 1.0 0.125 0.072 0.040
1.0 0.0 0.0 0.0 0.0 0.0 0.0 0.0 0.0 0.0 0.239 0.761 0.761 0.761 1.0 0.139 0.043 0.040
1.0 0.0 0.0 0.0 0.0 0.0 0.0 0.0 0.0 0.0 0.239 0.543 0.761 0.598 1.0 0.139 0.043 1.000
0.0 0.0 0.0 1.0 0.0 0.0 0.0 0.0 0.0 0.0 0.283 0.500 0.717 0.555 2.0 0.153 0.203 1.000
0.0 1.0 0.0 0.0 0.0 0.0 0.0 0.0 0.0 0.0 0.283 0.500 0.717 0.555 1.0 0.111 0.159 1.000
0.0 1.0 0.0 0.0 0.0 0.0 0.0 0.0 0.0 0.0 0.261 0.522 0.739 0.577 1.0 0.097 0.058 1.000
0.0 1.0 0.0 0.0 0.0 0.0 0.0 0.0 0.0 0.0 0.261 0.674 0.674 0.674 1.0 0.097 0.058 0.040
0.0 0.0 0.0 1.0 0.0 0.0 0.0 0.0 0.0 0.0 0.239 0.674 0.674 0.674 2.0 0.139 0.101 0.040
0.0 1.0 0.0 0.0 0.0 0.0 0.0 0.0 0.0 0.0 0.239 0.674 0.674 0.674 1.0 0.097 0.072 0.040
0.0 0.0 0.0 1.0 0.0 0.0 0.0 0.0 0.0 0.0 0.239 0.543 0.761 0.598 2.0 0.139 0.087 1.000
0.0 1.0 0.0 0.0 0.0 0.0 0.0 0.0 0.0 0.0 0.239 0.543 0.761 0.598 1.0 0.097 0.072 1.000
0.0 1.0 0.0 0.0 0.0 0.0 0.0 0.0 0.0 0.0 0.239 0.674 0.674 0.674 1.0 0.097 0.058 0.040
0.0 1.0 0.0 0.0 0.0 0.0 0.0 0.0 0.0 0.0 0.239 0.543 0.761 0.598 1.0 0.097 0.058 1.000
0.0 0.0 0.0 1.0 0.0 0.0 0.0 0.0 0.0 0.0 0.261 0.522 0.739 0.577 2.0 0.167 0.174 1.000
0.0 0.0 0.0 1.0 0.0 0.0 0.0 0.0 0.0 0.0 0.261 0.522 0.739 0.577 2.0 0.139 0.130 1.000
1.0 0.0 0.0 0.0 0.0 0.0 0.0 0.0 0.0 0.0 0.239 0.761 0.761 0.761 1.0 0.125 0.072 0.040
1.0 0.0 0.0 0.0 0.0 0.0 0.0 0.0 0.0 0.0 0.239 0.543 0.761 0.598 1.0 0.125 0.072 1.000
0.0 0.0 0.0 1.0 0.0 0.0 0.0 0.0 0.0 0.0 0.304 0.478 0.696 0.533 2.0 0.153 0.203 1.000
0.0 1.0 0.0 0.0 0.0 0.0 0.0 0.0 0.0 0.0 0.261 0.522 0.739 0.577 1.0 0.097 0.043 1.000
0.0 0.0 0.0 1.0 0.0 0.0 0.0 0.0 0.0 0.0 0.283 0.500 0.717 0.555 2.0 0.139 0.130 1.000
0.0 1.0 0.0 0.0 0.0 0.0 0.0 0.0 0.0 0.0 0.283 0.500 0.717 0.555 1.0 0.097 0.072 1.000
0.0 0.0 0.0 1.0 0.0 0.0 0.0 0.0 0.0 0.0 0.283 0.652 0.652 0.652 2.0 0.139 0.130 0.040
0.0 1.0 0.0 0.0 0.0 0.0 0.0 0.0 0.0 0.0 0.283 0.652 0.652 0.652 1.0 0.097 0.072 0.040
0.0 0.0 0.0 1.0 0.0 0.0 0.0 0.0 0.0 0.0 0.261 0.652 0.652 0.652 2.0 0.139 0.087 0.040
0.0 0.0 0.0 1.0 0.0 0.0 0.0 0.0 0.0 0.0 0.261 0.522 0.739 0.577 2.0 0.139 0.087 1.000
1.0 0.0 0.0 0.0 0.0 0.0 0.0 0.0 0.0 0.0 0.261 0.652 0.652 0.652 1.0 0.125 0.043 0.040
0.0 1.0 0.0 0.0 0.0 0.0 0.0 0.0 0.0 0.0 0.283 0.500 0.717 0.555 2.0 0.111 0.058 1.000
1.0 0.0 0.0 0.0 0.0 0.0 0.0 0.0 0.0 0.0 0.261 0.522 0.739 0.577 1.0 0.097 0.043 1.000
0.0 0.0 0.0 1.0 0.0 0.0 0.0 0.0 0.0 0.0 0.261 0.674 0.674 0.674 2.0 0.139 0.116 0.040
0.0 1.0 0.0 0.0 0.0 0.0 0.0 0.0 0.0 0.0 0.261 0.674 0.674 0.674 1.0 0.097 0.072 0.040
0.0 0.0 0.0 1.0 0.0 0.0 0.0 0.0 0.0 0.0 0.304 0.478 0.696 0.533 2.0 0.167 0.130 1.000
0.0 1.0 0.0 0.0 0.0 0.0 0.0 0.0 0.0 0.0 0.261 0.739 0.739 0.739 1.0 0.097 0.043 0.040
0.0 1.0 0.0 0.0 0.0 0.0 0.0 0.0 0.0 0.0 0.261 0.739 0.739 0.739 1.0 0.097 0.043 0.040
0.0 1.0 0.0 0.0 0.0 0.0 0.0 0.0 0.0 0.0 0.261 0.522 0.739 0.577 1.0 0.097 0.043 1.000
1.0 0.0 0.0 0.0 0.0 0.0 0.0 0.0 0.0 0.0 0.261 0.652 0.652 0.652 1.0 0.125 0.072 0.040
1.0 0.0 0.0 0.0 0.0 0.0 0.0 0.0 0.0 0.0 0.261 0.522 0.739 0.577 1.0 0.125 0.072 1.000
0.0 0.0 0.0 1.0 0.0 0.0 0.0 0.0 0.0 0.0 0.283 0.500 0.717 0.555 2.0 0.153 0.232 1.000
0.0 1.0 0.0 0.0 0.0 0.0 0.0 0.0 0.0 0.0 0.283 0.500 0.717 0.555 2.0 0.111 0.188 1.000
0.0 0.0 0.0 1.0 0.0 0.0 0.0 0.0 0.0 0.0 0.326 0.457 0.674 0.511 2.0 0.194 0.203 1.000
0.0 1.0 0.0 0.0 0.0 0.0 0.0 0.0 0.0 0.0 0.326 0.457 0.674 0.511 2.0 0.111 0.145 1.000
0.0 0.0 0.0 1.0 0.0 0.0 0.0 0.0 0.0 0.0 0.304 0.478 0.696 0.533 2.0 0.111 0.130 1.000
0.0 1.0 0.0 0.0 0.0 0.0 0.0 0.0 0.0 0.0 0.326 0.609 0.609 0.609 2.0 0.111 0.145 0.040
0.0 0.0 0.0 1.0 0.0 0.0 0.0 0.0 0.0 0.0 0.304 0.630 0.630 0.630 2.0 0.111 0.130 0.040
0.0 0.0 0.0 1.0 0.0 0.0 0.0 0.0 0.0 0.0 0.283 0.630 0.630 0.630 2.0 0.167 0.101 0.040
0.0 0.0 0.0 1.0 0.0 0.0 0.0 0.0 0.0 0.0 0.283 0.500 0.717 0.555 2.0 0.167 0.087 1.000
0.0 0.0 0.0 1.0 0.0 0.0 0.0 0.0 0.0 0.0 0.283 0.652 0.652 0.652 2.0 0.153 0.116 0.040
0.0 1.0 0.0 0.0 0.0 0.0 0.0 0.0 0.0 0.0 0.261 0.739 0.739 0.739 1.0 0.097 0.072 0.040
0.0 0.0 0.0 1.0 0.0 0.0 0.0 0.0 0.0 0.0 0.283 0.717 0.717 0.717 2.0 0.139 0.116 0.040
0.0 1.0 0.0 0.0 0.0 0.0 0.0 0.0 0.0 0.0 0.261 0.522 0.739 0.577 1.0 0.097 0.072 1.000
0.0 0.0 0.0 1.0 0.0 0.0 0.0 0.0 0.0 0.0 0.283 0.500 0.717 0.555 2.0 0.139 0.116 1.000
0.0 1.0 0.0 0.0 0.0 0.0 0.0 0.0 0.0 0.0 0.304 0.478 0.696 0.533 1.0 0.097 0.058 1.000
0.0 0.0 0.0 1.0 0.0 0.0 0.0 0.0 0.0 0.0 0.304 0.478 0.696 0.533 2.0 0.153 0.246 1.000
0.0 0.0 0.0 1.0 0.0 0.0 0.0 0.0 0.0 0.0 0.326 0.457 0.674 0.511 2.0 0.153 0.188 1.000
0.0 1.0 0.0 0.0 0.0 0.0 0.0 0.0 0.0 0.0 0.326 0.457 0.674 0.511 1.0 0.111 0.130 1.000
0.0 0.0 0.0 1.0 0.0 0.0 0.0 0.0 0.0 0.0 0.348 0.435 0.652 0.490 2.0 0.153 0.145 1.000
0.0 0.0 0.0 1.0 0.0 0.0 0.0 0.0 0.0 0.0 0.348 0.587 0.587 0.587 2.0 0.153 0.145 0.040
0.0 1.0 0.0 0.0 0.0 0.0 0.0 0.0 0.0 0.0 0.283 0.630 0.630 0.630 1.0 0.097 0.072 0.040
0.0 0.0 0.0 1.0 0.0 0.0 0.0 0.0 0.0 0.0 0.283 0.630 0.630 0.630 2.0 0.139 0.130 0.040
0.0 1.0 0.0 0.0 0.0 0.0 0.0 0.0 0.0 0.0 0.283 0.630 0.630 0.630 1.0 0.097 0.043 0.040
0.0 1.0 0.0 0.0 0.0 0.0 0.0 0.0 0.0 0.0 0.283 0.500 0.717 0.555 1.0 0.097 0.072 1.000
0.0 1.0 0.0 0.0 0.0 0.0 0.0 0.0 0.0 0.0 0.304 0.478 0.696 0.533 2.0 0.111 0.145 1.000
0.0 0.0 0.0 1.0 0.0 0.0 0.0 0.0 0.0 0.0 0.283 0.500 0.717 0.555 2.0 0.111 0.130 1.000
0.0 0.0 0.0 1.0 0.0 0.0 0.0 0.0 0.0 0.0 0.304 0.630 0.630 0.630 2.0 0.167 0.116 0.040
0.0 0.0 0.0 1.0 0.0 0.0 0.0 0.0 0.0 0.0 0.283 0.717 0.717 0.717 2.0 0.139 0.116 0.040
0.0 0.0 0.0 1.0 0.0 0.0 0.0 0.0 0.0 0.0 0.283 0.500 0.717 0.555 2.0 0.139 0.116 1.000
0.0 0.0 0.0 1.0 0.0 0.0 0.0 0.0 0.0 0.0 0.304 0.478 0.696 0.533 2.0 0.139 0.116 1.000
0.0 1.0 0.0 0.0 0.0 0.0 0.0 0.0 0.0 0.0 0.304 0.478 0.696 0.533 2.0 0.111 0.101 1.000
0.0 0.0 0.0 1.0 0.0 0.0 0.0 0.0 0.0 0.0 0.326 0.457 0.674 0.511 2.0 0.194 0.246 1.000
0.0 0.0 0.0 1.0 0.0 0.0 0.0 0.0 0.0 0.0 0.348 0.435 0.652 0.490 2.0 0.139 0.188 1.000
0.0 0.0 0.0 1.0 0.0 0.0 0.0 0.0 0.0 0.0 0.348 0.435 0.652 0.490 2.0 0.236 0.217 1.000
0.0 1.0 0.0 0.0 0.0 0.0 0.0 0.0 0.0 0.0 0.304 0.609 0.609 0.609 2.0 0.111 0.116 0.040
0.0 0.0 0.0 1.0 0.0 0.0 0.0 0.0 0.0 0.0 0.304 0.609 0.609 0.609 2.0 0.153 0.145 0.040
0.0 0.0 0.0 1.0 0.0 0.0 0.0 0.0 0.0 0.0 0.304 0.609 0.609 0.609 2.0 0.139 0.130 0.040
0.0 0.0 0.0 1.0 0.0 0.0 0.0 0.0 0.0 0.0 0.304 0.478 0.696 0.533 2.0 0.139 0.130 1.000
0.0 0.0 0.0 1.0 0.0 0.0 0.0 0.0 0.0 0.0 0.304 0.696 0.696 0.696 2.0 0.167 0.116 0.040
0.0 0.0 0.0 1.0 0.0 0.0 0.0 0.0 0.0 0.0 0.304 0.478 0.696 0.533 2.0 0.167 0.116 1.000
1.0 0.0 0.0 0.0 0.0 0.0 0.0 0.0 0.0 0.0 0.348 0.587 0.587 0.587 1.0 0.139 0.203 0.040
0.0 0.0 0.0 1.0 0.0 0.0 0.0 0.0 0.0 0.0 0.370 0.565 0.565 0.565 2.0 0.139 0.188 0.040
0.0 1.0 0.0 0.0 0.0 0.0 0.0 0.0 0.0 0.0 0.370 0.565 0.565 0.565 1.0 0.111 0.145 0.040
0.0 0.0 0.0 1.0 0.0 0.0 0.0 0.0 0.0 0.0 0.370 0.413 0.630 0.468 2.0 0.153 0.188 1.000
0.0 1.0 0.0 0.0 0.0 0.0 0.0 0.0 0.0 0.0 0.370 0.413 0.630 0.468 1.0 0.111 0.145 1.000
0.0 0.0 0.0 1.0 0.0 0.0 0.0 0.0 0.0 0.0 0.326 0.457 0.674 0.511 2.0 0.125 0.130 1.000
0.0 0.0 0.0 1.0 0.0 0.0 0.0 0.0 0.0 0.0 0.326 0.609 0.609 0.609 2.0 0.139 0.174 0.040
0.0 1.0 0.0 0.0 0.0 0.0 0.0 0.0 0.0 0.0 0.326 0.609 0.609 0.609 1.0 0.111 0.116 0.040
0.0 0.0 0.0 1.0 0.0 0.0 0.0 0.0 0.0 0.0 0.370 0.413 0.630 0.468 2.0 0.194 0.188 1.000
0.0 0.0 0.0 1.0 0.0 0.0 0.0 0.0 0.0 0.0 0.326 0.587 0.587 0.587 2.0 0.139 0.145 0.040
0.0 0.0 0.0 1.0 0.0 0.0 0.0 0.0 0.0 0.0 0.326 0.587 0.587 0.587 2.0 0.167 0.130 0.040
0.0 0.0 0.0 1.0 0.0 0.0 0.0 0.0 0.0 0.0 0.326 0.457 0.674 0.511 2.0 0.153 0.145 1.000
0.0 0.0 0.0 1.0 0.0 0.0 0.0 0.0 0.0 0.0 0.391 0.543 0.543 0.543 2.0 0.125 0.188 0.040
0.0 0.0 0.0 1.0 0.0 0.0 0.0 0.0 0.0 0.0 0.391 0.391 0.609 0.446 2.0 0.139 0.188 1.000
0.0 0.0 0.0 1.0 0.0 0.0 0.0 0.0 0.0 0.0 0.348 0.435 0.652 0.490 2.0 0.139 0.130 1.000
0.0 0.0 0.0 1.0 0.0 0.0 0.0 0.0 0.0 0.0 0.348 0.587 0.587 0.587 2.0 0.125 0.174 0.040
0.0 0.0 0.0 1.0 0.0 0.0 0.0 0.0 0.0 0.0 0.326 0.457 0.674 0.511 2.0 0.139 0.159 1.000
0.0 1.0 0.0 0.0 0.0 0.0 0.0 0.0 0.0 0.0 0.326 0.457 0.674 0.511 1.0 0.111 0.116 1.000
0.0 1.0 0.0 0.0 0.0 0.0 0.0 0.0 0.0 0.0 0.370 0.565 0.565 0.565 1.0 0.097 0.203 0.040
0.0 0.0 0.0 1.0 0.0 0.0 0.0 0.0 0.0 0.0 0.348 0.435 0.652 0.490 2.0 0.236 0.261 1.000
0.0 1.0 0.0 0.0 0.0 0.0 0.0 0.0 0.0 0.0 0.326 0.674 0.674 0.674 1.0 0.111 0.116 0.040
0.0 1.0 0.0 0.0 0.0 0.0 0.0 0.0 0.0 0.0 0.348 0.652 0.652 0.652 2.0 0.111 0.174 0.040
0.0 0.0 0.0 1.0 0.0 0.0 0.0 0.0 0.0 0.0 0.326 0.674 0.674 0.674 2.0 0.125 0.159 0.040
1.0 0.0 0.0 0.0 0.0 0.0 0.0 0.0 0.0 0.0 0.348 0.587 0.587 0.587 1.0 0.139 0.246 0.040
1.0 0.0 0.0 0.0 0.0 0.0 0.0 0.0 0.0 0.0 0.370 0.413 0.630 0.468 1.0 0.139 0.217 1.000
1.0 0.0 0.0 0.0 0.0 0.0 0.0 0.0 0.0 0.0 0.370 0.500 0.500 0.500 1.0 0.139 0.217 0.040
0.0 0.0 0.0 1.0 0.0 0.0 0.0 0.0 0.0 0.0 0.348 0.565 0.565 0.565 2.0 0.167 0.159 0.040
0.0 0.0 0.0 1.0 0.0 0.0 0.0 0.0 0.0 0.0 0.413 0.522 0.522 0.522 2.0 0.125 0.188 0.040
0.0 0.0 0.0 1.0 0.0 0.0 0.0 0.0 0.0 0.0 0.413 0.370 0.587 0.424 2.0 0.167 0.188 1.000
0.0 0.0 0.0 1.0 0.0 0.0 0.0 0.0 0.0 0.0 0.348 0.435 0.652 0.490 2.0 0.139 0.203 1.000
0.0 1.0 0.0 0.0 0.0 0.0 0.0 0.0 0.0 0.0 0.348 0.435 0.652 0.490 1.0 0.111 0.145 1.000
0.0 0.0 0.0 1.0 0.0 0.0 0.0 0.0 0.0 0.0 0.370 0.565 0.565 0.565 2.0 0.125 0.174 0.040
0.0 1.0 0.0 0.0 0.0 0.0 0.0 0.0 0.0 0.0 0.370 0.413 0.630 0.468 2.0 0.097 0.174 1.000
0.0 0.0 0.0 1.0 0.0 0.0 0.0 0.0 0.0 0.0 0.348 0.435 0.652 0.490 2.0 0.111 0.159 1.000
0.0 0.0 0.0 1.0 0.0 0.0 0.0 0.0 0.0 0.0 0.391 0.391 0.609 0.446 2.0 0.236 0.203 1.000
0.0 1.0 0.0 0.0 0.0 0.0 0.0 0.0 0.0 0.0 0.348 0.565 0.565 0.565 1.0 0.111 0.130 0.040
0.0 0.0 0.0 1.0 0.0 0.0 0.0 0.0 0.0 0.0 0.348 0.565 0.565 0.565 2.0 0.139 0.174 0.040
0.0 0.0 0.0 1.0 0.0 0.0 0.0 0.0 0.0 0.0 0.348 0.652 0.652 0.652 2.0 0.139 0.159 0.040
0.0 1.0 0.0 0.0 0.0 0.0 0.0 0.0 0.0 0.0 0.370 0.413 0.630 0.468 2.0 0.125 0.145 1.000
1.0 0.0 0.0 0.0 0.0 0.0 0.0 0.0 0.0 0.0 0.391 0.522 0.522 0.522 1.0 0.139 0.188 0.040
0.0 1.0 0.0 0.0 0.0 0.0 0.0 0.0 0.0 0.0 0.435 0.500 0.500 0.500 1.0 0.111 0.188 0.040
0.0 0.0 0.0 1.0 0.0 0.0 0.0 0.0 0.0 0.0 0.370 0.413 0.630 0.468 2.0 0.125 0.203 1.000
0.0 1.0 0.0 0.0 0.0 0.0 0.0 0.0 0.0 0.0 0.391 0.543 0.543 0.543 1.0 0.111 0.174 0.040
0.0 0.0 0.0 1.0 0.0 0.0 0.0 0.0 0.0 0.0 0.391 0.391 0.609 0.446 2.0 0.125 0.174 1.000
0.0 1.0 0.0 0.0 0.0 0.0 0.0 0.0 0.0 0.0 0.370 0.565 0.565 0.565 1.0 0.097 0.246 0.040
0.0 0.0 0.0 1.0 0.0 0.0 0.0 0.0 0.0 0.0 0.391 0.478 0.478 0.478 2.0 0.125 0.232 0.040
0.0 1.0 0.0 0.0 0.0 0.0 0.0 0.0 0.0 0.0 0.391 0.478 0.478 0.478 1.0 0.097 0.217 0.040
0.0 0.0 0.0 1.0 0.0 0.0 0.0 0.0 0.0 0.0 0.391 0.391 0.609 0.446 2.0 0.139 0.246 1.000
0.0 1.0 0.0 0.0 0.0 0.0 0.0 0.0 0.0 0.0 0.391 0.391 0.609 0.446 1.0 0.097 0.217 1.000
0.0 1.0 0.0 0.0 0.0 0.0 0.0 0.0 0.0 0.0 0.370 0.543 0.543 0.543 1.0 0.111 0.159 0.040
0.0 0.0 0.0 1.0 0.0 0.0 0.0 0.0 0.0 0.0 0.370 0.543 0.543 0.543 2.0 0.125 0.174 0.040
1.0 0.0 0.0 0.0 0.0 0.0 0.0 0.0 0.0 0.0 0.370 0.413 0.630 0.468 1.0 0.139 0.261 1.000
1.0 0.0 0.0 0.0 0.0 0.0 0.0 0.0 0.0 0.0 0.370 0.500 0.500 0.500 1.0 0.139 0.261 0.040
0.0 0.0 0.0 1.0 0.0 0.0 0.0 0.0 0.0 0.0 0.370 0.630 0.630 0.630 2.0 0.153 0.174 0.040
0.0 0.0 0.0 1.0 0.0 0.0 0.0 0.0 0.0 0.0 0.391 0.391 0.609 0.446 2.0 0.139 0.203 1.000
0.0 1.0 0.0 0.0 0.0 0.0 0.0 0.0 0.0 0.0 0.391 0.391 0.609 0.446 1.0 0.097 0.145 1.000
0.0 1.0 0.0 0.0 0.0 0.0 0.0 0.0 0.0 0.0 0.413 0.500 0.500 0.500 1.0 0.097 0.188 0.040
0.0 0.0 0.0 1.0 0.0 0.0 0.0 0.0 0.0 0.0 0.413 0.457 0.457 0.457 2.0 0.125 0.232 0.040
0.0 0.0 0.0 1.0 0.0 0.0 0.0 0.0 0.0 0.0 0.413 0.370 0.587 0.424 2.0 0.139 0.232 1.000
1.0 0.0 0.0 0.0 0.0 0.0 0.0 0.0 0.0 0.0 0.435 0.348 0.565 0.403 1.0 0.139 0.188 1.000
0.0 1.0 0.0 0.0 0.0 0.0 0.0 0.0 0.0 0.0 0.413 0.370 0.587 0.424 1.0 0.125 0.174 1.000
1.0 0.0 0.0 0.0 0.0 0.0 0.0 0.0 0.0 0.0 0.413 0.370 0.587 0.424 1.0 0.139 0.203 1.000
1.0 0.0 0.0 0.0 0.0 0.0 0.0 0.0 0.0 0.0 0.413 0.457 0.457 0.457 1.0 0.139 0.203 0.040
0.0 1.0 0.0 0.0 0.0 0.0 0.0 0.0 0.0 0.0 0.457 0.457 0.457 0.457 2.0 0.111 0.203 0.040
1.0 0.0 0.0 0.0 0.0 0.0 0.0 0.0 0.0 0.0 0.435 0.478 0.478 0.478 1.0 0.111 0.188 0.040
0.0 1.0 0.0 0.0 0.0 0.0 0.0 0.0 0.0 0.0 0.413 0.500 0.500 0.500 2.0 0.125 0.188 0.040
0.0 0.0 0.0 1.0 0.0 0.0 0.0 0.0 0.0 0.0 0.391 0.522 0.522 0.522 2.0 0.139 0.174 0.040
0.0 0.0 1.0 0.0 0.0 0.0 0.0 0.0 0.0 0.0 0.457 0.478 0.478 0.478 2.0 0.153 0.217 0.040
0.0 0.0 1.0 0.0 0.0 0.0 0.0 0.0 0.0 0.0 0.413 0.522 0.522 0.522 2.0 0.153 0.203 0.040
0.0 0.0 0.0 1.0 0.0 0.0 0.0 0.0 0.0 0.0 0.391 0.478 0.478 0.478 2.0 0.125 0.275 0.040
0.0 1.0 0.0 0.0 0.0 0.0 0.0 0.0 0.0 0.0 0.391 0.478 0.478 0.478 1.0 0.097 0.261 0.040
0.0 0.0 0.0 1.0 0.0 0.0 0.0 0.0 0.0 0.0 0.391 0.391 0.609 0.446 2.0 0.139 0.275 1.000
0.0 1.0 0.0 0.0 0.0 0.0 0.0 0.0 0.0 0.0 0.391 0.391 0.609 0.446 1.0 0.097 0.261 1.000
0.0 0.0 0.0 1.0 0.0 0.0 0.0 0.0 0.0 0.0 0.435 0.435 0.435 0.435 2.0 0.125 0.232 0.040
0.0 0.0 0.0 1.0 0.0 0.0 0.0 0.0 0.0 0.0 0.435 0.348 0.565 0.403 2.0 0.181 0.246 1.000
0.0 1.0 0.0 0.0 0.0 0.0 0.0 0.0 0.0 0.0 0.391 0.609 0.609 0.609 1.0 0.111 0.174 0.040
0.0 1.0 0.0 0.0 0.0 0.0 0.0 0.0 0.0 0.0 0.413 0.370 0.587 0.424 1.0 0.125 0.203 1.000
0.0 1.0 0.0 0.0 0.0 0.0 0.0 0.0 0.0 0.0 0.457 0.326 0.543 0.381 1.0 0.097 0.188 1.000
0.0 0.0 0.0 1.0 0.0 0.0 0.0 0.0 0.0 0.0 0.457 0.326 0.543 0.381 2.0 0.125 0.333 1.000
0.0 1.0 0.0 0.0 0.0 0.0 0.0 0.0 0.0 0.0 0.435 0.348 0.565 0.403 1.0 0.097 0.174 1.000
0.0 0.0 0.0 1.0 0.0 0.0 0.0 0.0 0.0 0.0 0.435 0.348 0.565 0.403 2.0 0.125 0.232 1.000
0.0 0.0 0.0 1.0 0.0 0.0 0.0 0.0 0.0 0.0 0.435 0.435 0.435 0.435 2.0 0.125 0.232 0.040
0.0 1.0 0.0 0.0 0.0 0.0 0.0 0.0 0.0 0.0 0.435 0.435 0.435 0.435 1.0 0.097 0.203 0.040
0.0 0.0 0.0 1.0 0.0 0.0 0.0 0.0 0.0 0.0 0.435 0.348 0.565 0.403 2.0 0.139 0.217 1.000
0.0 1.0 0.0 0.0 0.0 0.0 0.0 0.0 0.0 0.0 0.435 0.348 0.565 0.403 1.0 0.097 0.203 1.000
0.0 0.0 0.0 1.0 0.0 0.0 0.0 0.0 0.0 0.0 0.413 0.457 0.457 0.457 2.0 0.125 0.275 0.040
0.0 0.0 0.0 1.0 0.0 0.0 0.0 0.0 0.0 0.0 0.413 0.370 0.587 0.424 2.0 0.139 0.275 1.000
0.0 1.0 0.0 0.0 0.0 0.0 0.0 0.0 0.0 0.0 0.457 0.413 0.413 0.413 1.0 0.097 0.232 0.040
0.0 1.0 0.0 0.0 0.0 0.0 0.0 0.0 0.0 0.0 0.478 0.435 0.435 0.435 1.0 0.097 0.203 0.040
0.0 0.0 0.0 1.0 0.0 0.0 0.0 0.0 0.0 0.0 0.478 0.435 0.435 0.435 2.0 0.139 0.362 0.040
0.0 1.0 0.0 0.0 0.0 0.0 0.0 0.0 0.0 0.0 0.435 0.478 0.478 0.478 1.0 0.097 0.188 0.040
0.0 1.0 0.0 0.0 0.0 0.0 0.0 0.0 0.0 0.0 0.457 0.457 0.457 0.457 2.0 0.111 0.275 0.040
0.0 0.0 0.0 1.0 0.0 0.0 0.0 0.0 0.0 0.0 0.435 0.478 0.478 0.478 2.0 0.111 0.261 0.040
0.0 1.0 0.0 0.0 0.0 0.0 0.0 0.0 0.0 0.0 0.478 0.457 0.457 0.457 1.0 0.111 0.217 0.040
0.0 1.0 0.0 0.0 0.0 0.0 0.0 0.0 0.0 0.0 0.435 0.500 0.500 0.500 1.0 0.111 0.203 0.040
0.0 0.0 0.0 1.0 0.0 0.0 0.0 0.0 0.0 0.0 0.478 0.304 0.522 0.359 2.0 0.125 0.333 1.000
0.0 1.0 0.0 0.0 0.0 0.0 0.0 0.0 0.0 0.0 0.435 0.348 0.565 0.403 1.0 0.097 0.203 1.000
0.0 0.0 0.0 1.0 0.0 0.0 0.0 0.0 0.0 0.0 0.435 0.348 0.565 0.403 2.0 0.125 0.275 1.000
0.0 0.0 0.0 1.0 0.0 0.0 0.0 0.0 0.0 0.0 0.457 0.326 0.543 0.381 2.0 0.125 0.232 1.000
0.0 0.0 0.0 1.0 0.0 0.0 0.0 0.0 0.0 0.0 0.457 0.413 0.413 0.413 2.0 0.125 0.217 0.040
0.0 0.0 0.0 1.0 0.0 0.0 0.0 0.0 0.0 0.0 0.457 0.326 0.543 0.381 2.0 0.139 0.217 1.000
0.0 0.0 0.0 1.0 0.0 0.0 0.0 0.0 0.0 0.0 0.435 0.435 0.435 0.435 2.0 0.125 0.275 0.040
0.0 0.0 0.0 1.0 0.0 0.0 0.0 0.0 0.0 0.0 0.435 0.348 0.565 0.403 2.0 0.181 0.275 1.000
0.0 1.0 0.0 0.0 0.0 0.0 0.0 0.0 0.0 0.0 0.457 0.326 0.543 0.395 1.0 0.500 0.246 0.760
1.0 0.0 0.0 0.0 0.0 0.0 0.0 0.0 0.0 0.0 0.457 0.326 0.543 0.417 1.0 0.306 0.246 0.600
0.0 0.0 0.0 1.0 0.0 0.0 0.0 0.0 0.0 0.0 0.500 0.413 0.413 0.413 2.0 0.153 0.362 0.040
0.0 0.0 0.0 1.0 0.0 0.0 0.0 0.0 0.0 0.0 0.457 0.457 0.457 0.457 2.0 0.139 0.261 0.040
0.0 0.0 0.0 1.0 0.0 0.0 0.0 0.0 0.0 0.0 0.500 0.283 0.500 0.337 2.0 0.125 0.333 1.000
0.0 0.0 0.0 1.0 0.0 0.0 0.0 0.0 0.0 0.0 0.457 0.326 0.543 0.381 2.0 0.139 0.275 1.000
0.0 0.0 0.0 1.0 0.0 0.0 0.0 0.0 0.0 0.0 0.478 0.304 0.522 0.359 2.0 0.153 0.232 1.000
0.0 0.0 0.0 1.0 0.0 0.0 0.0 0.0 0.0 0.0 0.478 0.391 0.391 0.391 2.0 0.125 0.232 0.040
0.0 0.0 0.0 1.0 0.0 0.0 0.0 0.0 0.0 0.0 0.478 0.304 0.522 0.359 2.0 0.181 0.217 1.000
0.0 1.0 0.0 0.0 0.0 0.0 0.0 0.0 0.0 0.0 0.457 0.413 0.413 0.413 1.0 0.125 0.275 0.040
0.0 0.0 0.0 1.0 0.0 0.0 0.0 0.0 0.0 0.0 0.522 0.391 0.391 0.391 2.0 0.167 0.362 0.040
0.0 0.0 0.0 1.0 0.0 0.0 0.0 0.0 0.0 0.0 0.478 0.435 0.435 0.435 2.0 0.153 0.275 0.040
0.0 1.0 0.0 0.0 0.0 0.0 0.0 0.0 0.0 0.0 0.522 0.261 0.478 0.316 1.0 0.111 0.333 1.000
0.0 0.0 0.0 1.0 0.0 0.0 0.0 0.0 0.0 0.0 0.478 0.304 0.522 0.359 2.0 0.153 0.275 1.000
0.0 0.0 0.0 1.0 0.0 0.0 0.0 0.0 0.0 0.0 0.500 0.283 0.500 0.337 2.0 0.222 0.246 1.000
0.0 1.0 0.0 0.0 0.0 0.0 0.0 0.0 0.0 0.0 0.500 0.370 0.370 0.370 1.0 0.097 0.232 0.040
0.0 1.0 0.0 0.0 0.0 0.0 0.0 0.0 0.0 0.0 0.457 0.326 0.543 0.404 1.0 0.444 0.275 0.680
1.0 0.0 0.0 0.0 0.0 0.0 0.0 0.0 0.0 0.0 0.457 0.326 0.543 0.405 1.0 0.361 0.275 0.680
0.0 1.0 0.0 0.0 0.0 0.0 0.0 0.0 0.0 0.0 0.543 0.370 0.370 0.370 1.0 0.111 0.362 0.040
0.0 1.0 0.0 0.0 0.0 0.0 0.0 0.0 0.0 0.0 0.500 0.413 0.413 0.413 1.0 0.111 0.275 0.040
0.0 0.0 0.0 1.0 0.0 0.0 0.0 0.0 0.0 0.0 0.543 0.239 0.457 0.294 2.0 0.208 0.348 1.000
0.0 0.0 0.0 1.0 0.0 0.0 0.0 0.0 0.0 0.0 0.500 0.283 0.500 0.337 2.0 0.222 0.290 1.000
0.0 1.0 0.0 0.0 0.0 0.0 0.0 0.0 0.0 0.0 0.500 0.283 0.500 0.359 1.0 0.472 0.217 0.720
1.0 0.0 0.0 0.0 0.0 0.0 0.0 0.0 0.0 0.0 0.500 0.283 0.500 0.364 1.0 0.333 0.217 0.640
0.0 0.0 1.0 0.0 0.0 0.0 0.0 0.0 0.0 0.0 0.478 0.304 0.522 0.405 2.0 0.847 0.449 0.520
0.0 0.0 1.0 0.0 0.0 0.0 0.0 0.0 0.0 0.0 0.478 0.304 0.522 0.406 2.0 0.625 0.449 0.520
0.0 0.0 1.0 0.0 0.0 0.0 0.0 0.0 0.0 0.0 0.478 0.304 0.522 0.391 2.0 0.861 0.449 0.600
0.0 0.0 1.0 0.0 0.0 0.0 0.0 0.0 0.0 0.0 0.478 0.326 0.522 0.427 2.0 0.375 0.449 0.440
1.0 0.0 0.0 0.0 0.0 0.0 0.0 0.0 0.0 0.0 0.522 0.261 0.478 0.316 1.0 0.139 0.246 1.000
1.0 0.0 0.0 0.0 0.0 0.0 0.0 0.0 0.0 0.0 0.522 0.348 0.348 0.348 1.0 0.139 0.246 0.040
1.0 0.0 0.0 0.0 0.0 0.0 0.0 0.0 0.0 0.0 0.565 0.217 0.435 0.272 1.0 0.139 0.348 1.000
1.0 0.0 0.0 0.0 0.0 0.0 0.0 0.0 0.0 0.0 0.565 0.304 0.304 0.304 1.0 0.139 0.348 0.040
1.0 0.0 0.0 0.0 0.0 0.0 0.0 0.0 0.0 0.0 0.522 0.261 0.478 0.316 1.0 0.139 0.290 1.000
1.0 0.0 0.0 0.0 0.0 0.0 0.0 0.0 0.0 0.0 0.522 0.348 0.348 0.348 1.0 0.139 0.290 0.040
0.0 0.0 0.0 1.0 0.0 0.0 0.0 0.0 0.0 0.0 0.543 0.326 0.326 0.326 2.0 0.125 0.261 0.040
0.0 1.0 0.0 0.0 0.0 0.0 0.0 0.0 0.0 0.0 0.543 0.326 0.326 0.326 1.0 0.097 0.246 0.040
0.0 0.0 0.0 1.0 0.0 0.0 0.0 0.0 0.0 0.0 0.543 0.239 0.457 0.294 2.0 0.125 0.261 1.000
0.0 1.0 0.0 0.0 0.0 0.0 0.0 0.0 0.0 0.0 0.543 0.239 0.457 0.294 1.0 0.097 0.246 1.000
0.0 0.0 0.0 1.0 0.0 0.0 0.0 0.0 0.0 0.0 0.587 0.283 0.283 0.283 2.0 0.125 0.377 0.040
0.0 1.0 0.0 0.0 0.0 0.0 0.0 0.0 0.0 0.0 0.587 0.283 0.283 0.283 1.0 0.097 0.348 0.040
0.0 0.0 0.0 1.0 0.0 0.0 0.0 0.0 0.0 0.0 0.587 0.196 0.413 0.250 2.0 0.139 0.377 1.000
0.0 1.0 0.0 0.0 0.0 0.0 0.0 0.0 0.0 0.0 0.587 0.196 0.413 0.250 1.0 0.097 0.348 1.000
0.0 0.0 0.0 1.0 0.0 0.0 0.0 0.0 0.0 0.0 0.543 0.326 0.326 0.326 2.0 0.125 0.304 0.040
0.0 1.0 0.0 0.0 0.0 0.0 0.0 0.0 0.0 0.0 0.543 0.326 0.326 0.326 1.0 0.097 0.290 0.040
0.0 0.0 0.0 1.0 0.0 0.0 0.0 0.0 0.0 0.0 0.543 0.239 0.457 0.294 2.0 0.139 0.319 1.000
0.0 1.0 0.0 0.0 0.0 0.0 0.0 0.0 0.0 0.0 0.543 0.239 0.457 0.294 1.0 0.097 0.290 1.000
0.0 0.0 0.0 1.0 0.0 0.0 0.0 0.0 0.0 0.0 0.565 0.304 0.304 0.304 2.0 0.125 0.261 0.040
0.0 0.0 0.0 1.0 0.0 0.0 0.0 0.0 0.0 0.0 0.565 0.217 0.435 0.272 2.0 0.125 0.261 1.000
0.0 0.0 0.0 1.0 0.0 0.0 0.0 0.0 0.0 0.0 0.609 0.261 0.261 0.261 2.0 0.125 0.377 0.040
0.0 0.0 0.0 1.0 0.0 0.0 0.0 0.0 0.0 0.0 0.609 0.174 0.391 0.229 2.0 0.139 0.377 1.000
0.0 0.0 0.0 1.0 0.0 0.0 0.0 0.0 0.0 0.0 0.565 0.304 0.304 0.304 2.0 0.125 0.304 0.040
0.0 0.0 0.0 1.0 0.0 0.0 0.0 0.0 0.0 0.0 0.565 0.217 0.435 0.272 2.0 0.139 0.304 1.000
0.0 0.0 0.0 1.0 0.0 0.0 0.0 0.0 0.0 0.0 0.587 0.283 0.283 0.283 2.0 0.125 0.261 0.040
0.0 1.0 0.0 0.0 0.0 0.0 0.0 0.0 0.0 0.0 0.609 0.174 0.391 0.229 2.0 0.139 0.275 1.000
0.0 0.0 0.0 1.0 0.0 0.0 0.0 0.0 0.0 0.0 0.587 0.196 0.413 0.250 2.0 0.139 0.261 1.000
0.0 0.0 0.0 1.0 0.0 0.0 0.0 0.0 0.0 0.0 0.630 0.239 0.239 0.239 2.0 0.125 0.377 0.040
0.0 0.0 0.0 1.0 0.0 0.0 0.0 0.0 0.0 0.0 0.630 0.152 0.370 0.207 2.0 0.194 0.377 1.000
0.0 1.0 0.0 0.0 0.0 0.0 0.0 0.0 0.0 0.0 0.609 0.261 0.261 0.261 2.0 0.083 0.319 0.040
0.0 0.0 0.0 1.0 0.0 0.0 0.0 0.0 0.0 0.0 0.587 0.283 0.283 0.283 2.0 0.125 0.304 0.040
0.0 0.0 0.0 1.0 0.0 0.0 0.0 0.0 0.0 0.0 0.587 0.196 0.413 0.250 2.0 0.194 0.319 1.000
0.0 1.0 0.0 0.0 0.0 0.0 0.0 0.0 0.0 0.0 0.609 0.261 0.261 0.261 1.0 0.125 0.261 0.040
0.0 1.0 0.0 0.0 0.0 0.0 0.0 0.0 0.0 0.0 0.652 0.217 0.217 0.217 1.0 0.139 0.377 0.040
0.0 1.0 0.0 0.0 0.0 0.0 0.0 0.0 0.0 0.0 0.630 0.239 0.239 0.239 1.0 0.111 0.319 0.040
0.0 1.0 0.0 0.0 0.0 0.0 0.0 0.0 0.0 0.0 0.630 0.152 0.370 0.241 1.0 0.375 0.275 0.600
1.0 0.0 0.0 0.0 0.0 0.0 0.0 0.0 0.0 0.0 0.630 0.152 0.370 0.223 1.0 0.403 0.275 0.760
0.0 1.0 0.0 0.0 0.0 0.0 0.0 0.0 0.0 0.0 0.652 0.130 0.348 0.228 1.0 0.333 0.377 0.480
0.0 0.0 1.0 0.0 0.0 0.0 0.0 0.0 0.0 0.0 0.652 0.130 0.348 0.195 2.0 0.486 0.391 0.840
0.0 1.0 0.0 0.0 0.0 0.0 0.0 0.0 0.0 0.0 0.609 0.174 0.391 0.269 1.0 0.361 0.319 0.560
0.0 0.0 1.0 0.0 0.0 0.0 0.0 0.0 0.0 0.0 0.609 0.174 0.391 0.241 2.0 0.458 0.348 0.800
0.0 0.0 0.0 1.0 0.0 0.0 0.0 0.0 0.0 0.0 0.674 0.196 0.196 0.196 4.0 0.306 0.826 0.040
0.0 0.0 1.0 0.0 0.0 0.0 0.0 0.0 0.0 0.0 0.652 0.217 0.217 0.217 4.0 0.236 0.580 0.040
0.0 0.0 1.0 0.0 0.0 0.0 0.0 0.0 0.0 0.0 0.522 0.348 0.348 0.348 2.0 0.153 0.377 0.040
1.0 0.0 0.0 0.0 0.0 0.0 0.0 0.0 0.0 0.0 0.674 0.109 0.326 0.197 1.0 0.375 0.391 0.520
1.0 0.0 0.0 0.0 0.0 0.0 0.0 0.0 0.0 0.0 0.674 0.109 0.326 0.193 1.0 0.528 0.391 0.640
1.0 0.0 0.0 0.0 0.0 0.0 0.0 0.0 0.0 0.0 0.630 0.152 0.370 0.245 1.0 0.375 0.348 0.560
1.0 0.0 0.0 0.0 0.0 0.0 0.0 0.0 0.0 0.0 0.630 0.152 0.370 0.238 1.0 0.458 0.348 0.560
0.0 0.0 1.0 0.0 0.0 0.0 0.0 0.0 0.0 0.0 0.652 0.130 0.348 0.237 2.0 0.722 0.391 0.440
0.0 0.0 1.0 0.0 0.0 0.0 0.0 0.0 0.0 0.0 0.652 0.130 0.348 0.239 2.0 0.542 0.391 0.480
0.0 0.0 1.0 0.0 0.0 0.0 0.0 0.0 0.0 0.0 0.652 0.130 0.348 0.220 2.0 0.833 0.391 0.600
0.0 0.0 1.0 0.0 0.0 0.0 0.0 0.0 0.0 0.0 0.652 0.130 0.348 0.231 2.0 0.597 0.391 0.520
0.0 0.0 1.0 0.0 0.0 0.0 0.0 0.0 0.0 0.0 0.696 0.174 0.174 0.174 4.0 0.181 0.841 0.040
0.0 0.0 1.0 0.0 0.0 0.0 0.0 0.0 0.0 0.0 0.674 0.196 0.196 0.196 2.0 0.125 0.391 0.040
0.0 0.0 1.0 0.0 0.0 0.0 0.0 0.0 0.0 0.0 0.674 0.109 0.326 0.207 2.0 0.528 0.391 0.480
0.0 0.0 1.0 0.0 0.0 0.0 0.0 0.0 0.0 0.0 0.630 0.239 0.239 0.239 2.0 0.125 0.348 0.040
0.0 0.0 1.0 0.0 0.0 0.0 0.0 0.0 0.0 0.0 0.630 0.152 0.370 0.247 2.0 0.597 0.348 0.560
0.0 0.0 0.0 1.0 0.0 0.0 0.0 0.0 0.0 0.0 0.717 0.152 0.283 0.209 4.0 0.639 0.870 0.320
0.0 0.0 1.0 0.0 0.0 0.0 0.0 0.0 0.0 0.0 0.696 0.174 0.304 0.231 2.0 0.306 0.594 0.320
0.0 0.0 0.0 1.0 0.0 0.0 0.0 0.0 0.0 0.0 0.717 0.152 0.283 0.209 4.0 0.639 0.870 0.320
0.0 0.0 1.0 0.0 0.0 0.0 0.0 0.0 0.0 0.0 0.696 0.174 0.304 0.231 2.0 0.306 0.594 0.320
0.0 0.0 0.0 1.0 0.0 0.0 0.0 0.0 0.0 0.0 0.717 0.152 0.283 0.209 4.0 0.583 0.870 0.320
0.0 0.0 1.0 0.0 0.0 0.0 0.0 0.0 0.0 0.0 0.696 0.174 0.304 0.231 2.0 0.306 0.594 0.320
0.0 0.0 0.0 1.0 0.0 0.0 0.0 0.0 0.0 0.0 0.717 0.152 0.283 0.209 4.0 0.611 0.870 0.320
0.0 0.0 1.0 0.0 0.0 0.0 0.0 0.0 0.0 0.0 0.696 0.174 0.304 0.231 2.0 0.306 0.594 0.320
0.0 0.0 0.0 1.0 0.0 0.0 0.0 0.0 0.0 0.0 0.739 0.130 0.261 0.188 4.0 0.528 0.884 0.320
0.0 1.0 0.0 0.0 0.0 0.0 0.0 0.0 0.0 0.0 0.717 0.152 0.283 0.209 2.0 0.139 0.609 0.320
0.0 0.0 1.0 0.0 0.0 0.0 0.0 0.0 0.0 0.0 0.696 0.174 0.304 0.231 2.0 0.403 0.594 0.320
0.0 0.0 0.0 1.0 0.0 0.0 0.0 0.0 0.0 0.0 0.717 0.152 0.283 0.209 4.0 0.653 0.870 0.320
0.0 0.0 1.0 0.0 0.0 0.0 0.0 0.0 0.0 0.0 0.696 0.174 0.304 0.231 2.0 0.472 0.594 0.320
0.0 1.0 0.0 0.0 0.0 0.0 0.0 0.0 0.0 0.0 0.761 0.109 0.239 0.166 2.0 0.222 0.899 0.320
0.0 0.0 0.0 1.0 0.0 0.0 0.0 0.0 0.0 0.0 0.739 0.130 0.261 0.188 4.0 0.514 0.884 0.320
0.0 1.0 0.0 0.0 0.0 0.0 0.0 0.0 0.0 0.0 0.717 0.152 0.283 0.209 2.0 0.125 0.609 0.320
0.0 0.0 1.0 0.0 0.0 0.0 0.0 0.0 0.0 0.0 0.696 0.174 0.304 0.231 2.0 0.417 0.594 0.320
0.0 0.0 1.0 0.0 0.0 0.0 0.0 0.0 0.0 0.0 0.717 0.065 0.065 0.065 4.0 0.653 0.870 0.040
0.0 0.0 1.0 0.0 0.0 0.0 0.0 0.0 0.0 0.0 0.696 0.087 0.087 0.087 2.0 0.306 0.594 0.040
0.0 0.0 1.0 0.0 0.0 0.0 0.0 0.0 0.0 0.0 0.717 0.065 0.065 0.065 4.0 0.653 0.870 0.040
0.0 0.0 1.0 0.0 0.0 0.0 0.0 0.0 0.0 0.0 0.696 0.087 0.087 0.087 2.0 0.306 0.594 0.040
0.0 0.0 1.0 0.0 0.0 0.0 0.0 0.0 0.0 0.0 0.717 0.065 0.065 0.065 4.0 0.597 0.870 0.040
0.0 0.0 1.0 0.0 0.0 0.0 0.0 0.0 0.0 0.0 0.696 0.087 0.087 0.087 2.0 0.306 0.594 0.040
0.0 0.0 1.0 0.0 0.0 0.0 0.0 0.0 0.0 0.0 0.717 0.065 0.065 0.065 4.0 0.625 0.870 0.040
0.0 0.0 1.0 0.0 0.0 0.0 0.0 0.0 0.0 0.0 0.696 0.087 0.087 0.087 2.0 0.306 0.594 0.040
0.0 0.0 1.0 0.0 0.0 0.0 0.0 0.0 0.0 0.0 0.717 0.065 0.065 0.065 4.0 0.556 0.870 0.040
0.0 0.0 1.0 0.0 0.0 0.0 0.0 0.0 0.0 0.0 0.696 0.087 0.087 0.087 2.0 0.458 0.594 0.040
0.0 0.0 1.0 0.0 0.0 0.0 0.0 0.0 0.0 0.0 0.717 0.087 0.087 0.087 4.0 0.583 0.870 0.040
0.0 0.0 1.0 0.0 0.0 0.0 0.0 0.0 0.0 0.0 0.696 0.109 0.109 0.109 2.0 0.472 0.594 0.040
0.0 0.0 1.0 0.0 0.0 0.0 0.0 0.0 0.0 0.0 0.717 0.065 0.065 0.065 4.0 0.556 0.870 0.040
0.0 0.0 1.0 0.0 0.0 0.0 0.0 0.0 0.0 0.0 0.696 0.087 0.087 0.087 2.0 0.472 0.594 0.040
0.0 0.0 0.0 1.0 0.0 0.0 0.0 0.0 0.0 0.0 0.717 0.152 0.283 0.209 4.0 0.639 0.870 0.320
0.0 0.0 1.0 0.0 0.0 0.0 0.0 0.0 0.0 0.0 0.696 0.174 0.304 0.231 2.0 0.486 0.594 0.320
0.0 0.0 0.0 1.0 0.0 0.0 0.0 0.0 0.0 0.0 0.717 0.152 0.283 0.209 4.0 0.583 0.870 0.320
0.0 0.0 1.0 0.0 0.0 0.0 0.0 0.0 0.0 0.0 0.696 0.174 0.304 0.231 2.0 0.458 0.594 0.320
0.0 0.0 0.0 1.0 0.0 0.0 0.0 0.0 0.0 0.0 0.717 0.152 0.283 0.209 4.0 0.681 0.870 0.320
0.0 0.0 1.0 0.0 0.0 0.0 0.0 0.0 0.0 0.0 0.696 0.174 0.304 0.231 2.0 0.458 0.594 0.320
0.0 0.0 0.0 1.0 0.0 0.0 0.0 0.0 0.0 0.0 0.717 0.152 0.283 0.209 4.0 0.625 0.870 0.320
0.0 0.0 1.0 0.0 0.0 0.0 0.0 0.0 0.0 0.0 0.696 0.174 0.304 0.231 2.0 0.458 0.594 0.320
0.0 0.0 0.0 1.0 0.0 0.0 0.0 0.0 0.0 0.0 0.717 0.152 0.283 0.209 4.0 0.556 0.870 0.320
0.0 0.0 1.0 0.0 0.0 0.0 0.0 0.0 0.0 0.0 0.696 0.174 0.304 0.231 2.0 0.458 0.594 0.320
0.0 0.0 0.0 1.0 0.0 0.0 0.0 0.0 0.0 0.0 0.717 0.152 0.283 0.209 4.0 0.583 0.870 0.320
0.0 0.0 1.0 0.0 0.0 0.0 0.0 0.0 0.0 0.0 0.696 0.174 0.304 0.231 2.0 0.403 0.594 0.320
0.0 0.0 0.0 1.0 0.0 0.0 0.0 0.0 0.0 0.0 0.717 0.152 0.283 0.209 4.0 0.583 0.870 0.320
0.0 0.0 1.0 0.0 0.0 0.0 0.0 0.0 0.0 0.0 0.696 0.174 0.304 0.231 2.0 0.403 0.594 0.320
0.0 0.0 0.0 1.0 0.0 0.0 0.0 0.0 0.0 0.0 0.717 0.152 0.283 0.209 4.0 0.611 0.870 0.320
0.0 0.0 1.0 0.0 0.0 0.0 0.0 0.0 0.0 0.0 0.696 0.174 0.304 0.231 2.0 0.403 0.594 0.320
0.0 0.0 0.0 1.0 0.0 0.0 0.0 0.0 0.0 0.0 0.717 0.152 0.283 0.209 4.0 0.556 0.870 0.320
0.0 0.0 1.0 0.0 0.0 0.0 0.0 0.0 0.0 0.0 0.696 0.174 0.304 0.231 2.0 0.403 0.594 0.320
0.0 0.0 0.0 1.0 0.0 0.0 0.0 0.0 0.0 0.0 0.717 0.152 0.152 0.152 4.0 0.514 0.855 0.040
0.0 0.0 1.0 0.0 0.0 0.0 0.0 0.0 0.0 0.0 0.696 0.174 0.174 0.174 2.0 0.444 0.594 0.040
0.0 0.0 0.0 1.0 0.0 0.0 0.0 0.0 0.0 0.0 0.717 0.152 0.152 0.152 4.0 0.514 0.855 0.040
0.0 0.0 1.0 0.0 0.0 0.0 0.0 0.0 0.0 0.0 0.696 0.174 0.174 0.174 2.0 0.389 0.594 0.040
0.0 0.0 0.0 1.0 0.0 0.0 0.0 0.0 0.0 0.0 0.717 0.152 0.152 0.152 4.0 0.569 0.855 0.040
0.0 0.0 1.0 0.0 0.0 0.0 0.0 0.0 0.0 0.0 0.696 0.174 0.174 0.174 2.0 0.514 0.594 0.040
0.0 0.0 0.0 1.0 0.0 0.0 0.0 0.0 0.0 0.0 0.717 0.152 0.152 0.152 4.0 0.542 0.855 0.040
0.0 0.0 1.0 0.0 0.0 0.0 0.0 0.0 0.0 0.0 0.696 0.174 0.174 0.174 2.0 0.514 0.594 0.040
0.0 0.0 0.0 1.0 0.0 0.0 0.0 0.0 0.0 0.0 0.717 0.152 0.152 0.152 4.0 0.486 0.855 0.040
0.0 0.0 1.0 0.0 0.0 0.0 0.0 0.0 0.0 0.0 0.696 0.174 0.174 0.174 2.0 0.514 0.594 0.040
0.0 0.0 0.0 1.0 0.0 0.0 0.0 0.0 0.0 0.0 0.717 0.152 0.152 0.152 4.0 0.486 0.855 0.040
0.0 0.0 1.0 0.0 0.0 0.0 0.0 0.0 0.0 0.0 0.696 0.174 0.174 0.174 2.0 0.514 0.594 0.040
0.0 0.0 0.0 1.0 0.0 0.0 0.0 0.0 0.0 0.0 0.717 0.152 0.152 0.152 4.0 0.542 0.855 0.040
0.0 0.0 1.0 0.0 0.0 0.0 0.0 0.0 0.0 0.0 0.696 0.174 0.174 0.174 2.0 0.347 0.594 0.040
0.0 0.0 0.0 1.0 0.0 0.0 0.0 0.0 0.0 0.0 0.717 0.152 0.152 0.152 4.0 0.542 0.855 0.040
0.0 0.0 1.0 0.0 0.0 0.0 0.0 0.0 0.0 0.0 0.696 0.174 0.174 0.174 2.0 0.375 0.594 0.040
0.0 0.0 1.0 0.0 0.0 0.0 0.0 0.0 0.0 0.0 0.717 0.065 0.065 0.065 4.0 0.653 0.870 0.040
0.0 0.0 1.0 0.0 0.0 0.0 0.0 0.0 0.0 0.0 0.696 0.087 0.087 0.087 2.0 0.486 0.594 0.040
0.0 0.0 1.0 0.0 0.0 0.0 0.0 0.0 0.0 0.0 0.717 0.065 0.065 0.065 4.0 0.597 0.870 0.040
0.0 0.0 1.0 0.0 0.0 0.0 0.0 0.0 0.0 0.0 0.696 0.087 0.087 0.087 2.0 0.458 0.594 0.040
0.0 0.0 1.0 0.0 0.0 0.0 0.0 0.0 0.0 0.0 0.717 0.065 0.065 0.065 4.0 0.625 0.870 0.040
0.0 0.0 1.0 0.0 0.0 0.0 0.0 0.0 0.0 0.0 0.696 0.087 0.087 0.087 2.0 0.458 0.594 0.040
0.0 0.0 1.0 0.0 0.0 0.0 0.0 0.0 0.0 0.0 0.739 0.065 0.065 0.065 4.0 0.556 0.884 0.040
0.0 1.0 0.0 0.0 0.0 0.0 0.0 0.0 0.0 0.0 0.717 0.087 0.087 0.087 2.0 0.139 0.609 0.040
0.0 0.0 1.0 0.0 0.0 0.0 0.0 0.0 0.0 0.0 0.696 0.109 0.109 0.109 2.0 0.403 0.594 0.040
0.0 0.0 1.0 0.0 0.0 0.0 0.0 0.0 0.0 0.0 0.717 0.065 0.065 0.065 4.0 0.569 0.870 0.040
0.0 0.0 1.0 0.0 0.0 0.0 0.0 0.0 0.0 0.0 0.696 0.087 0.087 0.087 2.0 0.458 0.594 0.040
0.0 0.0 1.0 0.0 0.0 0.0 0.0 0.0 0.0 0.0 0.717 0.065 0.065 0.065 4.0 0.597 0.870 0.040
0.0 0.0 1.0 0.0 0.0 0.0 0.0 0.0 0.0 0.0 0.696 0.087 0.087 0.087 2.0 0.403 0.594 0.040
0.0 1.0 0.0 0.0 0.0 0.0 0.0 0.0 0.0 0.0 0.739 0.065 0.065 0.065 2.0 0.153 0.884 0.040
0.0 0.0 1.0 0.0 0.0 0.0 0.0 0.0 0.0 0.0 0.717 0.087 0.087 0.087 4.0 0.569 0.870 0.040
0.0 0.0 1.0 0.0 0.0 0.0 0.0 0.0 0.0 0.0 0.696 0.109 0.109 0.109 2.0 0.389 0.594 0.040
0.0 0.0 1.0 0.0 0.0 0.0 0.0 0.0 0.0 0.0 0.717 0.065 0.065 0.065 4.0 0.625 0.870 0.040
0.0 0.0 1.0 0.0 0.0 0.0 0.0 0.0 0.0 0.0 0.696 0.087 0.087 0.087 2.0 0.403 0.594 0.040
0.0 0.0 1.0 0.0 0.0 0.0 0.0 0.0 0.0 0.0 0.717 0.065 0.065 0.065 4.0 0.569 0.870 0.040
0.0 0.0 1.0 0.0 0.0 0.0 0.0 0.0 0.0 0.0 0.696 0.087 0.087 0.087 2.0 0.403 0.594 0.040
0.0 0.0 0.0 1.0 0.0 0.0 0.0 0.0 0.0 0.0 0.739 0.043 0.043 0.043 2.0 0.153 0.870 0.040
0.0 1.0 0.0 0.0 0.0 0.0 0.0 0.0 0.0 0.0 0.739 0.043 0.043 0.043 1.0 0.139 0.870 0.040
0.0 0.0 0.0 1.0 0.0 0.0 0.0 0.0 0.0 0.0 0.739 0.043 0.043 0.043 2.0 0.153 0.870 0.040
0.0 1.0 0.0 0.0 0.0 0.0 0.0 0.0 0.0 0.0 0.739 0.043 0.043 0.043 1.0 0.139 0.870 0.040
0.0 0.0 0.0 1.0 0.0 0.0 0.0 0.0 0.0 0.0 0.739 0.043 0.043 0.043 2.0 0.153 0.870 0.040
0.0 1.0 0.0 0.0 0.0 0.0 0.0 0.0 0.0 0.0 0.739 0.043 0.043 0.043 1.0 0.139 0.870 0.040
0.0 0.0 0.0 1.0 0.0 0.0 0.0 0.0 0.0 0.0 0.739 0.043 0.043 0.043 2.0 0.153 0.870 0.040
0.0 1.0 0.0 0.0 0.0 0.0 0.0 0.0 0.0 0.0 0.739 0.043 0.043 0.043 1.0 0.139 0.870 0.040
0.0 0.0 0.0 1.0 0.0 0.0 0.0 0.0 0.0 0.0 0.739 0.043 0.043 0.043 2.0 0.153 0.870 0.040
0.0 1.0 0.0 0.0 0.0 0.0 0.0 0.0 0.0 0.0 0.739 0.043 0.043 0.043 1.0 0.139 0.870 0.040
0.0 0.0 0.0 1.0 0.0 0.0 0.0 0.0 0.0 0.0 0.739 0.065 0.065 0.065 2.0 0.167 0.870 0.040
0.0 1.0 0.0 0.0 0.0 0.0 0.0 0.0 0.0 0.0 0.739 0.065 0.065 0.065 1.0 0.139 0.870 0.040
0.0 0.0 0.0 1.0 0.0 0.0 0.0 0.0 0.0 0.0 0.739 0.043 0.043 0.043 2.0 0.153 0.884 0.040
0.0 1.0 0.0 0.0 0.0 0.0 0.0 0.0 0.0 0.0 0.739 0.043 0.043 0.043 1.0 0.139 0.870 0.040
0.0 0.0 1.0 0.0 0.0 0.0 0.0 0.0 0.0 0.0 0.761 0.109 0.109 0.109 4.0 0.278 0.855 0.040
0.0 0.0 1.0 0.0 0.0 0.0 0.0 0.0 0.0 0.0 0.739 0.130 0.130 0.130 4.0 0.292 0.855 0.040
0.0 0.0 1.0 0.0 0.0 0.0 0.0 0.0 0.0 0.0 0.739 0.130 0.130 0.130 2.0 0.181 0.855 0.040
0.0 0.0 0.0 1.0 0.0 0.0 0.0 0.0 0.0 0.0 0.761 0.022 0.022 0.022 2.0 0.097 0.870 0.040
0.0 0.0 0.0 1.0 0.0 0.0 0.0 0.0 0.0 0.0 0.761 0.022 0.022 0.022 2.0 0.097 0.870 0.040
0.0 0.0 0.0 1.0 0.0 0.0 0.0 0.0 0.0 0.0 0.761 0.022 0.022 0.022 2.0 0.097 0.870 0.040
0.0 0.0 0.0 1.0 0.0 0.0 0.0 0.0 0.0 0.0 0.761 0.022 0.022 0.022 2.0 0.097 0.870 0.040
0.0 1.0 0.0 0.0 0.0 0.0 0.0 0.0 0.0 0.0 0.761 0.022 0.022 0.022 2.0 0.083 0.884 0.040
0.0 0.0 0.0 1.0 0.0 0.0 0.0 0.0 0.0 0.0 0.739 0.043 0.043 0.043 2.0 0.153 0.870 0.040
0.0 1.0 0.0 0.0 0.0 0.0 0.0 0.0 0.0 0.0 0.739 0.043 0.043 0.043 1.0 0.139 0.870 0.040
0.0 0.0 0.0 1.0 0.0 0.0 0.0 0.0 0.0 0.0 0.739 0.043 0.043 0.043 2.0 0.153 0.870 0.040
0.0 1.0 0.0 0.0 0.0 0.0 0.0 0.0 0.0 0.0 0.739 0.043 0.043 0.043 2.0 0.139 0.884 0.040
0.0 0.0 0.0 1.0 0.0 0.0 0.0 0.0 0.0 0.0 0.739 0.043 0.043 0.043 2.0 0.153 0.870 0.040
0.0 1.0 0.0 0.0 0.0 0.0 0.0 0.0 0.0 0.0 0.739 0.043 0.043 0.043 2.0 0.139 0.884 0.040
0.0 0.0 0.0 1.0 0.0 0.0 0.0 0.0 0.0 0.0 0.761 0.043 0.043 0.043 2.0 0.153 0.884 0.040
0.0 1.0 0.0 0.0 0.0 0.0 0.0 0.0 0.0 0.0 0.761 0.043 0.043 0.043 1.0 0.139 0.884 0.040
0.0 0.0 0.0 1.0 0.0 0.0 0.0 0.0 0.0 0.0 0.739 0.043 0.043 0.043 2.0 0.153 0.870 0.040
0.0 1.0 0.0 0.0 0.0 0.0 0.0 0.0 0.0 0.0 0.739 0.043 0.043 0.043 1.0 0.139 0.870 0.040
0.0 0.0 0.0 1.0 0.0 0.0 0.0 0.0 0.0 0.0 0.761 0.022 0.022 0.022 2.0 0.097 0.870 0.040
0.0 0.0 0.0 1.0 0.0 0.0 0.0 0.0 0.0 0.0 0.739 0.043 0.043 0.043 2.0 0.153 0.870 0.040
0.0 1.0 0.0 0.0 0.0 0.0 0.0 0.0 0.0 0.0 0.739 0.043 0.043 0.043 1.0 0.139 0.870 0.040
0.0 0.0 0.0 1.0 0.0 0.0 0.0 0.0 0.0 0.0 0.761 0.043 0.043 0.043 2.0 0.111 0.884 0.040
0.0 1.0 0.0 0.0 0.0 0.0 0.0 0.0 0.0 0.0 0.761 0.043 0.043 0.043 1.0 0.097 0.884 0.040
0.0 0.0 0.0 1.0 0.0 0.0 0.0 0.0 0.0 0.0 0.739 0.043 0.043 0.043 2.0 0.153 0.870 0.040
0.0 1.0 0.0 0.0 0.0 0.0 0.0 0.0 0.0 0.0 0.739 0.043 0.043 0.043 2.0 0.139 0.884 0.040
0.0 0.0 0.0 1.0 0.0 0.0 0.0 0.0 0.0 0.0 0.739 0.043 0.043 0.043 2.0 0.153 0.870 0.040
0.0 1.0 0.0 0.0 0.0 0.0 0.0 0.0 0.0 0.0 0.739 0.043 0.043 0.043 1.0 0.139 0.870 0.040
0.0 0.0 0.0 1.0 0.0 0.0 0.0 0.0 0.0 0.0 0.761 0.043 0.043 0.043 2.0 0.111 0.870 0.040
0.0 0.0 0.0 1.0 0.0 0.0 0.0 0.0 0.0 0.0 0.761 0.022 0.022 0.022 2.0 0.097 0.870 0.040
0.0 0.0 0.0 1.0 0.0 0.0 0.0 0.0 0.0 0.0 0.783 0.152 0.152 0.152 4.0 0.278 0.884 0.040
0.0 1.0 0.0 0.0 0.0 0.0 0.0 0.0 0.0 0.0 0.761 0.174 0.174 0.174 2.0 0.153 0.884 0.040
0.0 0.0 1.0 0.0 0.0 0.0 0.0 0.0 0.0 0.0 0.739 0.196 0.196 0.196 4.0 0.264 0.870 0.040
0.0 0.0 1.0 0.0 0.0 0.0 0.0 0.0 0.0 0.0 0.739 0.196 0.196 0.196 2.0 0.222 0.870 0.040
0.0 0.0 0.0 1.0 0.0 0.0 0.0 0.0 0.0 0.0 0.783 0.152 0.152 0.152 4.0 0.292 0.913 0.040
0.0 0.0 1.0 0.0 0.0 0.0 0.0 0.0 0.0 0.0 0.739 0.196 0.196 0.196 4.0 0.306 0.870 0.040
0.0 0.0 1.0 0.0 0.0 0.0 0.0 0.0 0.0 0.0 0.761 0.174 0.174 0.174 2.0 0.222 0.884 0.040
0.0 0.0 1.0 0.0 0.0 0.0 0.0 0.0 0.0 0.0 0.761 0.109 0.239 0.165 4.0 0.417 0.870 0.280
0.0 0.0 1.0 0.0 0.0 0.0 0.0 0.0 0.0 0.0 0.739 0.130 0.261 0.186 4.0 0.319 0.870 0.280
0.0 0.0 1.0 0.0 0.0 0.0 0.0 0.0 0.0 0.0 0.739 0.130 0.261 0.186 2.0 0.236 0.870 0.280
0.0 0.0 1.0 0.0 0.0 0.0 0.0 0.0 0.0 0.0 0.783 0.087 0.217 0.143 4.0 0.389 0.913 0.280
0.0 0.0 1.0 0.0 0.0 0.0 0.0 0.0 0.0 0.0 0.739 0.130 0.261 0.186 4.0 0.319 0.870 0.280
0.0 0.0 1.0 0.0 0.0 0.0 0.0 0.0 0.0 0.0 0.761 0.109 0.239 0.165 2.0 0.236 0.884 0.280
0.0 0.0 0.0 1.0 0.0 0.0 0.0 0.0 0.0 1.0 0.783 0.000 0.000 0.000 2.0 0.097 0.870 0.040
0.0 0.0 0.0 1.0 0.0 0.0 0.0 0.0 0.0 1.0 0.783 0.000 0.000 0.000 2.0 0.097 0.870 0.040
0.0 0.0 0.0 1.0 0.0 0.0 0.0 0.0 0.0 1.0 0.783 0.000 0.000 0.000 2.0 0.097 0.870 0.040
0.0 0.0 0.0 1.0 0.0 0.0 0.0 0.0 0.0 1.0 0.783 0.000 0.000 0.000 2.0 0.097 0.870 0.040
0.0 0.0 0.0 1.0 0.0 0.0 0.0 0.0 0.0 0.0 0.761 0.022 0.022 0.022 2.0 0.097 0.870 0.040
0.0 0.0 0.0 1.0 0.0 0.0 0.0 0.0 0.0 0.0 0.761 0.022 0.022 0.022 2.0 0.097 0.884 0.040
0.0 0.0 0.0 1.0 0.0 0.0 0.0 0.0 0.0 0.0 0.761 0.022 0.022 0.022 2.0 0.097 0.884 0.040
0.0 0.0 0.0 1.0 0.0 0.0 0.0 0.0 0.0 0.0 0.783 0.022 0.022 0.022 2.0 0.097 0.884 0.040
0.0 0.0 0.0 1.0 0.0 0.0 0.0 0.0 0.0 0.0 0.761 0.022 0.022 0.022 2.0 0.097 0.870 0.040
0.0 0.0 0.0 1.0 0.0 0.0 0.0 0.0 0.0 1.0 0.783 0.000 0.000 0.000 2.0 0.097 0.870 0.040
0.0 0.0 0.0 1.0 0.0 0.0 0.0 0.0 0.0 0.0 0.761 0.022 0.022 0.022 2.0 0.097 0.870 0.040
0.0 0.0 0.0 1.0 0.0 0.0 0.0 0.0 0.0 0.0 0.783 0.022 0.022 0.022 2.0 0.097 0.884 0.040
0.0 0.0 0.0 1.0 0.0 0.0 0.0 0.0 0.0 0.0 0.761 0.022 0.022 0.022 2.0 0.097 0.884 0.040
0.0 0.0 0.0 1.0 0.0 0.0 0.0 0.0 0.0 0.0 0.761 0.022 0.022 0.022 2.0 0.097 0.870 0.040
0.0 1.0 0.0 0.0 0.0 0.0 0.0 0.0 0.0 1.0 0.804 0.000 0.000 0.000 2.0 0.056 0.884 0.040
0.0 0.0 0.0 1.0 0.0 0.0 0.0 0.0 0.0 0.0 0.783 0.022 0.022 0.022 2.0 0.111 0.870 0.040
0.0 0.0 0.0 1.0 0.0 0.0 0.0 0.0 0.0 1.0 0.783 0.000 0.000 0.000 2.0 0.097 0.884 0.040
0.0 0.0 1.0 0.0 0.0 0.0 0.0 0.0 0.0 0.0 0.804 0.130 0.130 0.130 2.0 0.167 0.899 0.040
0.0 0.0 1.0 0.0 0.0 0.0 0.0 0.0 0.0 0.0 0.804 0.130 0.130 0.130 2.0 0.167 0.913 0.040
0.0 0.0 0.0 1.0 0.0 0.0 0.0 0.0 0.0 1.0 0.783 0.000 0.000 0.000 2.0 0.083 0.884 0.040
0.0 0.0 0.0 1.0 0.0 0.0 0.0 0.0 0.0 1.0 0.783 0.000 0.000 0.000 2.0 0.097 0.884 0.040
0.0 0.0 0.0 1.0 0.0 0.0 0.0 0.0 0.0 1.0 0.783 0.000 0.000 0.000 2.0 0.097 0.884 0.040
0.0 0.0 0.0 1.0 0.0 0.0 0.0 0.0 0.0 1.0 0.804 0.000 0.000 0.000 2.0 0.097 0.884 0.040
0.0 0.0 0.0 1.0 0.0 0.0 0.0 0.0 0.0 1.0 0.783 0.000 0.000 0.000 2.0 0.097 0.870 0.040
0.0 0.0 0.0 1.0 0.0 0.0 0.0 0.0 0.0 1.0 0.783 0.000 0.000 0.000 2.0 0.097 0.870 0.040
0.0 0.0 0.0 1.0 0.0 0.0 0.0 0.0 0.0 1.0 0.804 0.000 0.000 0.000 2.0 0.097 0.884 0.040
0.0 0.0 0.0 1.0 0.0 0.0 0.0 0.0 0.0 1.0 0.783 0.000 0.000 0.000 2.0 0.097 0.884 0.040
0.0 0.0 0.0 1.0 0.0 0.0 0.0 0.0 0.0 1.0 0.783 0.000 0.000 0.000 2.0 0.097 0.870 0.040
0.0 0.0 1.0 0.0 0.0 0.0 0.0 0.0 0.0 0.0 0.804 0.065 0.065 0.065 3.0 0.292 0.928 0.040
0.0 0.0 0.0 1.0 0.0 0.0 0.0 0.0 0.0 0.0 0.804 0.109 0.196 0.130 2.0 0.458 0.928 0.240
0.0 1.0 0.0 0.0 0.0 0.0 0.0 0.0 0.0 0.0 0.848 0.022 0.022 0.022 2.0 0.097 0.971 0.040
0.0 0.0 1.0 0.0 0.0 0.0 0.0 0.0 1.0 0.0 0.826 0.043 0.043 0.043 4.0 0.222 0.957 0.040
0.0 0.0 0.0 1.0 0.0 0.0 0.0 0.0 0.0 0.0 0.826 0.109 0.109 0.109 2.0 0.153 0.913 0.040
0.0 1.0 0.0 0.0 0.0 0.0 0.0 0.0 0.0 0.0 0.826 0.109 0.109 0.109 1.0 0.111 0.899 0.040
0.0 0.0 0.0 1.0 0.0 0.0 0.0 0.0 0.0 0.0 0.826 0.109 0.109 0.109 2.0 0.153 0.942 0.040
0.0 1.0 0.0 0.0 0.0 0.0 0.0 0.0 0.0 0.0 0.826 0.109 0.109 0.109 2.0 0.111 0.928 0.040
0.0 0.0 0.0 0.0 0.0 1.0 0.0 0.0 0.0 1.0 0.870 0.000 0.000 0.000 2.0 0.097 0.971 0.040
0.0 0.0 1.0 0.0 0.0 0.0 0.0 0.0 0.0 0.0 0.826 0.087 0.087 0.087 3.0 0.236 0.928 0.040
0.0 0.0 1.0 0.0 0.0 0.0 0.0 0.0 1.0 0.0 0.826 0.087 0.087 0.087 3.0 0.208 0.928 0.040
0.0 0.0 1.0 0.0 0.0 0.0 0.0 0.0 1.0 0.0 0.826 0.109 0.109 0.109 3.0 0.208 0.928 0.040
0.0 0.0 1.0 0.0 0.0 0.0 0.0 0.0 1.0 0.0 0.826 0.109 0.109 0.109 3.0 0.208 0.928 0.040
0.0 0.0 1.0 0.0 0.0 0.0 0.0 0.0 0.0 0.0 0.826 0.087 0.087 0.087 3.0 0.236 0.928 0.040
0.0 0.0 0.0 1.0 0.0 0.0 0.0 0.0 0.0 0.0 0.848 0.087 0.087 0.087 2.0 0.153 0.913 0.040
0.0 0.0 0.0 1.0 0.0 0.0 0.0 0.0 0.0 0.0 0.848 0.087 0.087 0.087 2.0 0.153 0.957 0.040
0.0 0.0 1.0 0.0 0.0 0.0 0.0 0.0 1.0 0.0 0.826 0.174 0.174 0.174 3.0 0.208 0.928 0.040
0.0 0.0 0.0 1.0 0.0 0.0 0.0 0.0 0.0 0.0 0.870 0.065 0.065 0.065 2.0 0.167 0.913 0.040
0.0 0.0 0.0 1.0 0.0 0.0 0.0 0.0 0.0 0.0 0.870 0.065 0.065 0.065 2.0 0.167 0.957 0.040
0.0 0.0 0.0 1.0 0.0 0.0 0.0 0.0 0.0 0.0 0.848 0.065 0.065 0.065 2.0 0.153 0.986 0.040
0.0 0.0 0.0 1.0 0.0 0.0 0.0 0.0 0.0 0.0 0.848 0.065 0.065 0.065 2.0 0.139 0.971 0.040
0.0 0.0 0.0 1.0 0.0 0.0 0.0 0.0 0.0 0.0 0.848 0.087 0.087 0.087 2.0 0.139 0.928 0.040
0.0 0.0 0.0 1.0 0.0 0.0 0.0 0.0 0.0 0.0 0.848 0.087 0.087 0.087 2.0 0.139 0.928 0.040
0.0 1.0 0.0 0.0 0.0 0.0 0.0 0.0 0.0 0.0 0.870 0.043 0.043 0.043 2.0 0.097 0.942 0.040
0.0 0.0 0.0 1.0 0.0 0.0 0.0 0.0 0.0 0.0 0.848 0.065 0.065 0.065 2.0 0.139 0.928 0.040
0.0 1.0 0.0 0.0 0.0 0.0 0.0 0.0 0.0 0.0 0.848 0.065 0.065 0.065 1.0 0.125 0.928 0.040
0.0 1.0 0.0 0.0 0.0 0.0 0.0 0.0 0.0 0.0 0.848 0.065 0.065 0.065 1.0 0.111 0.928 0.040
0.0 1.0 0.0 0.0 0.0 0.0 0.0 0.0 0.0 0.0 0.848 0.087 0.087 0.087 1.0 0.111 0.928 0.040
0.0 1.0 0.0 0.0 0.0 0.0 0.0 0.0 0.0 0.0 0.848 0.087 0.087 0.087 2.0 0.111 0.942 0.040
0.0 1.0 0.0 0.0 0.0 0.0 0.0 0.0 0.0 0.0 0.848 0.065 0.065 0.065 1.0 0.125 0.928 0.040
0.0 1.0 0.0 0.0 0.0 0.0 0.0 0.0 0.0 0.0 0.848 0.152 0.152 0.152 1.0 0.111 0.928 0.040
0.0 0.0 0.0 1.0 0.0 0.0 0.0 0.0 0.0 0.0 0.848 0.152 0.152 0.152 2.0 0.153 0.942 0.040
0.0 0.0 0.0 1.0 0.0 0.0 0.0 0.0 0.0 0.0 0.870 0.043 0.043 0.043 2.0 0.139 0.986 0.040
0.0 0.0 0.0 1.0 0.0 0.0 0.0 0.0 0.0 0.0 0.870 0.043 0.043 0.043 2.0 0.139 0.971 0.040
0.0 1.0 0.0 0.0 0.0 0.0 0.0 0.0 0.0 0.0 0.891 0.043 0.043 0.043 2.0 0.097 0.942 0.040
0.0 0.0 0.0 1.0 0.0 0.0 0.0 0.0 0.0 0.0 0.870 0.065 0.065 0.065 2.0 0.111 0.928 0.040
0.0 0.0 0.0 1.0 0.0 0.0 0.0 0.0 0.0 0.0 0.870 0.065 0.065 0.065 2.0 0.125 0.942 0.040
0.0 0.0 0.0 1.0 0.0 0.0 0.0 0.0 0.0 0.0 0.870 0.043 0.043 0.043 2.0 0.125 0.928 0.040
0.0 0.0 0.0 1.0 0.0 0.0 0.0 0.0 0.0 0.0 0.891 0.043 0.043 0.043 2.0 0.125 0.913 0.040
0.0 1.0 0.0 0.0 0.0 0.0 0.0 0.0 0.0 0.0 0.891 0.043 0.043 0.043 1.0 0.111 0.913 0.040
0.0 0.0 0.0 1.0 0.0 0.0 0.0 0.0 0.0 0.0 0.891 0.043 0.043 0.043 2.0 0.125 0.957 0.040
0.0 1.0 0.0 0.0 0.0 0.0 0.0 0.0 0.0 0.0 0.891 0.043 0.043 0.043 1.0 0.111 0.957 0.040
0.0 0.0 0.0 1.0 0.0 0.0 0.0 0.0 0.0 0.0 0.870 0.130 0.130 0.130 2.0 0.153 0.942 0.040
0.0 0.0 0.0 1.0 0.0 0.0 0.0 0.0 0.0 0.0 0.891 0.022 0.022 0.022 2.0 0.125 0.986 0.040
0.0 0.0 0.0 1.0 0.0 0.0 0.0 0.0 0.0 0.0 0.891 0.022 0.022 0.022 2.0 0.125 0.971 0.040
0.0 0.0 0.0 1.0 0.0 0.0 0.0 0.0 0.0 0.0 0.913 0.022 0.022 0.022 2.0 0.111 0.942 0.040
0.0 1.0 0.0 0.0 0.0 0.0 0.0 0.0 0.0 0.0 0.913 0.022 0.022 0.022 2.0 0.083 0.957 0.040
0.0 0.0 0.0 1.0 0.0 0.0 0.0 0.0 0.0 0.0 0.891 0.043 0.043 0.043 2.0 0.125 0.942 0.040
0.0 0.0 0.0 1.0 0.0 0.0 0.0 0.0 0.0 0.0 0.891 0.022 0.022 0.022 2.0 0.111 0.942 0.040
0.0 0.0 0.0 1.0 0.0 0.0 0.0 0.0 0.0 0.0 0.913 0.022 0.022 0.022 2.0 0.125 0.913 0.040
0.0 0.0 0.0 1.0 0.0 0.0 0.0 0.0 0.0 0.0 0.913 0.022 0.022 0.022 2.0 0.125 0.957 0.040
0.0 0.0 0.0 1.0 0.0 0.0 0.0 0.0 0.0 0.0 0.891 0.109 0.109 0.109 2.0 0.167 0.942 0.040
0.0 0.0 1.0 0.0 0.0 0.0 0.0 0.0 0.0 1.0 0.913 0.000 0.000 0.000 2.0 0.097 1.000 0.040
0.0 0.0 1.0 0.0 0.0 0.0 0.0 0.0 0.0 1.0 0.913 0.000 0.000 0.000 2.0 0.097 0.986 0.040
0.0 0.0 1.0 0.0 0.0 0.0 0.0 0.0 0.0 1.0 0.935 0.000 0.000 0.000 2.0 0.097 0.957 0.040
0.0 0.0 1.0 0.0 0.0 0.0 0.0 0.0 0.0 1.0 0.935 0.000 0.000 0.000 2.0 0.083 0.971 0.040
0.0 0.0 1.0 0.0 0.0 0.0 0.0 0.0 0.0 1.0 0.913 0.000 0.000 0.000 2.0 0.097 0.957 0.040
0.0 0.0 0.0 1.0 0.0 0.0 0.0 0.0 0.0 1.0 0.935 0.000 0.000 0.000 2.0 0.097 0.913 0.040
0.0 0.0 0.0 1.0 0.0 0.0 0.0 0.0 0.0 1.0 0.935 0.000 0.000 0.000 2.0 0.097 0.957 0.040
0.0 0.0 0.0 1.0 0.0 0.0 0.0 0.0 0.0 0.0 0.913 0.087 0.087 0.087 2.0 0.139 0.971 0.040
0.0 1.0 0.0 0.0 0.0 0.0 0.0 0.0 0.0 0.0 0.913 0.087 0.087 0.087 1.0 0.111 0.942 0.040
0.0 1.0 0.0 0.0 0.0 0.0 0.0 0.0 0.0 0.0 0.957 0.043 0.043 0.043 2.0 0.097 0.971 0.040
0.0 0.0 0.0 1.0 0.0 0.0 0.0 0.0 0.0 0.0 0.935 0.065 0.065 0.065 2.0 0.125 0.957 0.040
0.0 0.0 0.0 1.0 0.0 0.0 0.0 0.0 0.0 0.0 0.978 0.022 0.022 0.022 2.0 0.111 0.986 0.040
0.0 0.0 1.0 0.0 0.0 0.0 0.0 0.0 0.0 1.0 1.000 0.000 0.000 0.000 2.0 0.097 1.000 0.040
