0.0 1.0 0.0 0.0 0.0 0.0 0.0 0.0 0.0 0.0 0.655 0.172 0.345 0.276 1.0 0.182 0.846 0.121
0.0 0.0 0.0 1.0 0.0 0.0 0.0 0.0 0.0 1.0 0.552 0.000 0.000 0.000 2.0 0.057 0.462 0.015
0.0 0.0 0.0 1.0 0.0 0.0 0.0 0.0 0.0 1.0 0.552 0.000 0.000 0.000 2.0 0.057 0.462 0.015
0.0 1.0 0.0 0.0 0.0 0.0 0.0 0.0 0.0 1.0 0.586 0.000 0.000 0.000 1.0 0.045 0.462 0.015
0.0 0.0 0.0 1.0 0.0 0.0 0.0 0.0 0.0 0.0 0.552 0.034 0.034 0.034 2.0 0.068 0.462 0.015
0.0 1.0 0.0 0.0 0.0 0.0 0.0 0.0 0.0 1.0 0.586 0.000 0.000 0.000 1.0 0.045 0.462 0.015
0.0 0.0 1.0 0.0 0.0 0.0 0.0 0.0 0.0 0.0 0.552 0.034 0.034 0.034 2.0 0.068 0.462 0.015
0.0 0.0 0.0 1.0 0.0 0.0 0.0 0.0 0.0 1.0 0.552 0.000 0.000 0.000 2.0 0.057 0.462 0.015
0.0 0.0 0.0 1.0 0.0 0.0 0.0 0.0 0.0 1.0 0.552 0.000 0.000 0.000 2.0 0.057 0.462 0.015
0.0 0.0 0.0 1.0 0.0 0.0 0.0 0.0 0.0 1.0 0.552 0.000 0.000 0.000 2.0 0.057 0.462 0.015
0.0 0.0 0.0 1.0 0.0 0.0 0.0 0.0 0.0 1.0 0.552 0.000 0.000 0.000 2.0 0.057 0.462 0.015
0.0 0.0 0.0 1.0 0.0 0.0 0.0 0.0 0.0 1.0 0.586 0.000 0.000 0.000 2.0 0.057 0.667 0.015
0.0 0.0 0.0 1.0 0.0 0.0 0.0 0.0 0.0 1.0 0.586 0.000 0.000 0.000 2.0 0.057 0.667 0.015
0.0 0.0 0.0 1.0 0.0 0.0 0.0 0.0 0.0 1.0 0.586 0.000 0.000 0.000 2.0 0.057 0.667 0.015
0.0 0.0 0.0 1.0 0.0 0.0 0.0 0.0 0.0 1.0 0.586 0.000 0.000 0.000 2.0 0.057 0.667 0.015
0.0 0.0 0.0 1.0 0.0 0.0 0.0 0.0 0.0 1.0 0.586 0.000 0.000 0.000 2.0 0.057 0.667 0.015
0.0 0.0 0.0 1.0 0.0 0.0 0.0 0.0 0.0 1.0 0.586 0.000 0.000 0.000 2.0 0.057 0.667 0.015
0.0 0.0 0.0 1.0 0.0 0.0 0.0 0.0 0.0 1.0 0.586 0.000 0.000 0.000 2.0 0.057 0.667 0.015
0.0 0.0 0.0 1.0 0.0 0.0 0.0 0.0 0.0 1.0 0.586 0.000 0.000 0.000 2.0 0.057 0.667 0.015
0.0 0.0 0.0 1.0 0.0 0.0 0.0 0.0 0.0 1.0 0.207 0.000 0.000 0.000 2.0 0.057 0.128 0.015
0.0 0.0 0.0 1.0 0.0 0.0 0.0 0.0 0.0 1.0 0.241 0.000 0.000 0.000 2.0 0.057 0.128 0.015
0.0 0.0 0.0 1.0 0.0 0.0 0.0 0.0 0.0 1.0 0.207 0.000 0.000 0.000 2.0 0.057 0.128 0.015
0.0 0.0 0.0 1.0 0.0 0.0 0.0 0.0 0.0 1.0 0.207 0.000 0.000 0.000 2.0 0.057 0.128 0.015
0.0 0.0 0.0 1.0 0.0 0.0 0.0 0.0 0.0 1.0 0.207 0.000 0.000 0.000 2.0 0.057 0.128 0.015
0.0 0.0 0.0 1.0 0.0 0.0 0.0 0.0 0.0 1.0 0.207 0.000 0.000 0.000 2.0 0.057 0.128 0.015
0.0 0.0 0.0 1.0 0.0 0.0 0.0 0.0 0.0 1.0 0.207 0.000 0.000 0.000 2.0 0.057 0.128 0.015
0.0 0.0 0.0 1.0 0.0 0.0 0.0 0.0 0.0 1.0 0.207 0.000 0.000 0.000 2.0 0.057 0.128 0.015
0.0 0.0 0.0 1.0 0.0 0.0 0.0 0.0 0.0 1.0 0.310 0.000 0.000 0.000 2.0 0.057 0.103 0.015
0.0 0.0 0.0 1.0 0.0 0.0 0.0 0.0 0.0 1.0 0.276 0.000 0.000 0.000 2.0 0.057 0.103 0.015
0.0 0.0 0.0 1.0 0.0 0.0 0.0 0.0 0.0 1.0 0.276 0.000 0.000 0.000 2.0 0.057 0.103 0.015
0.0 0.0 0.0 1.0 0.0 0.0 0.0 0.0 0.0 1.0 0.310 0.000 0.000 0.000 2.0 0.057 0.103 0.015
0.0 0.0 0.0 1.0 0.0 0.0 0.0 0.0 0.0 1.0 0.276 0.000 0.000 0.000 2.0 0.057 0.103 0.015
0.0 0.0 0.0 1.0 0.0 0.0 0.0 0.0 0.0 1.0 0.276 0.000 0.000 0.000 2.0 0.057 0.103 0.015
0.0 0.0 0.0 1.0 0.0 0.0 0.0 0.0 0.0 1.0 0.276 0.000 0.000 0.000 2.0 0.057 0.103 0.015
0.0 1.0 0.0 0.0 0.0 0.0 0.0 0.0 0.0 1.0 0.345 0.000 0.000 0.000 1.0 0.045 0.103 0.015
0.0 0.0 1.0 0.0 0.0 0.0 0.0 0.0 0.0 0.0 0.310 0.034 0.034 0.034 2.0 0.068 0.103 0.015
0.0 0.0 0.0 1.0 0.0 0.0 0.0 0.0 0.0 1.0 0.276 0.000 0.000 0.000 2.0 0.057 0.103 0.015
0.0 0.0 0.0 1.0 0.0 0.0 0.0 0.0 0.0 1.0 0.310 0.000 0.000 0.000 2.0 0.057 0.103 0.015
0.0 1.0 0.0 0.0 0.0 0.0 0.0 0.0 0.0 1.0 0.310 0.000 0.000 0.000 1.0 0.045 0.103 0.015
0.0 0.0 0.0 1.0 0.0 0.0 0.0 0.0 0.0 0.0 0.276 0.034 0.034 0.034 2.0 0.068 0.103 0.015
0.0 0.0 0.0 1.0 0.0 0.0 0.0 0.0 0.0 1.0 0.276 0.000 0.000 0.000 2.0 0.057 0.103 0.015
0.0 0.0 0.0 1.0 0.0 0.0 0.0 0.0 0.0 1.0 0.276 0.000 0.000 0.000 2.0 0.057 0.103 0.015
0.0 0.0 0.0 1.0 0.0 0.0 0.0 0.0 0.0 1.0 0.276 0.000 0.000 0.000 2.0 0.057 0.103 0.015
0.0 0.0 0.0 1.0 0.0 0.0 0.0 0.0 0.0 1.0 0.310 0.000 0.000 0.000 2.0 0.057 0.103 0.015
0.0 0.0 0.0 1.0 0.0 0.0 0.0 0.0 0.0 1.0 0.276 0.000 0.000 0.000 2.0 0.057 0.103 0.015
0.0 1.0 0.0 0.0 0.0 0.0 0.0 0.0 0.0 1.0 0.310 0.000 0.000 0.000 1.0 0.045 0.103 0.015
0.0 0.0 0.0 1.0 0.0 0.0 0.0 0.0 0.0 0.0 0.276 0.034 0.034 0.034 2.0 0.068 0.103 0.015
0.0 0.0 0.0 1.0 0.0 0.0 0.0 0.0 0.0 1.0 0.310 0.000 0.000 0.000 2.0 0.057 0.103 0.015
0.0 0.0 0.0 1.0 0.0 0.0 0.0 0.0 0.0 1.0 0.276 0.000 0.000 0.000 2.0 0.057 0.103 0.015
0.0 0.0 0.0 1.0 0.0 0.0 0.0 0.0 0.0 1.0 0.276 0.000 0.000 0.000 2.0 0.057 0.103 0.015
0.0 0.0 0.0 1.0 0.0 0.0 0.0 0.0 0.0 1.0 0.276 0.000 0.000 0.000 2.0 0.057 0.103 0.015
0.0 0.0 0.0 1.0 0.0 0.0 0.0 0.0 0.0 1.0 0.276 0.000 0.000 0.000 2.0 0.057 0.103 0.015
0.0 0.0 0.0 1.0 0.0 0.0 0.0 0.0 0.0 1.0 0.276 0.000 0.000 0.000 2.0 0.057 0.103 0.015
0.0 0.0 0.0 1.0 0.0 0.0 0.0 0.0 0.0 1.0 0.276 0.000 0.000 0.000 2.0 0.057 0.103 0.015
0.0 0.0 0.0 1.0 0.0 0.0 0.0 0.0 0.0 1.0 0.276 0.000 0.000 0.000 2.0 0.057 0.103 0.015
0.0 0.0 0.0 1.0 0.0 0.0 0.0 0.0 0.0 1.0 0.276 0.000 0.000 0.000 2.0 0.057 0.103 0.015
0.0 0.0 0.0 1.0 0.0 0.0 0.0 0.0 0.0 1.0 0.276 0.000 0.000 0.000 2.0 0.057 0.103 0.015
0.0 0.0 0.0 1.0 0.0 0.0 0.0 0.0 0.0 1.0 0.276 0.000 0.000 0.000 2.0 0.057 0.103 0.015
0.0 0.0 0.0 1.0 0.0 0.0 0.0 0.0 0.0 1.0 0.276 0.000 0.000 0.000 2.0 0.057 0.103 0.015
0.0 1.0 0.0 0.0 0.0 0.0 0.0 0.0 0.0 1.0 0.310 0.000 0.000 0.000 1.0 0.045 0.103 0.015
0.0 0.0 1.0 0.0 0.0 0.0 0.0 0.0 0.0 0.0 0.276 0.034 0.034 0.034 2.0 0.068 0.103 0.015
0.0 1.0 0.0 0.0 0.0 0.0 0.0 0.0 0.0 1.0 0.345 0.000 0.000 0.000 1.0 0.045 0.103 0.015
0.0 0.0 1.0 0.0 0.0 0.0 0.0 0.0 0.0 0.0 0.310 0.034 0.034 0.034 2.0 0.068 0.103 0.015
0.0 0.0 0.0 1.0 0.0 0.0 0.0 0.0 0.0 1.0 0.276 0.000 0.000 0.000 2.0 0.057 0.103 0.015
0.0 0.0 0.0 1.0 0.0 0.0 0.0 0.0 0.0 1.0 1.000 0.000 0.000 0.000 4.0 0.125 1.000 0.015
0.0 1.0 0.0 0.0 0.0 0.0 0.0 0.0 0.0 1.0 0.172 0.000 0.828 0.239 1.0 0.523 0.051 0.621
0.0 0.0 0.0 0.0 1.0 0.0 0.0 0.0 0.0 0.0 0.138 0.034 0.862 0.273 2.0 0.443 0.051 0.621
0.0 0.0 0.0 1.0 0.0 0.0 0.0 0.0 0.0 1.0 1.000 0.000 0.000 0.000 4.0 0.125 1.000 0.015
0.0 0.0 0.0 1.0 0.0 0.0 0.0 0.0 0.0 1.0 1.000 0.000 0.000 0.000 4.0 0.114 1.000 0.015
0.0 0.0 1.0 0.0 0.0 0.0 0.0 0.0 0.0 0.0 0.966 0.034 0.034 0.034 2.0 0.125 0.949 0.015
0.0 0.0 0.0 1.0 0.0 0.0 0.0 0.0 0.0 1.0 0.966 0.000 0.000 0.000 4.0 0.114 1.000 0.015
0.0 0.0 1.0 0.0 0.0 0.0 0.0 0.0 0.0 0.0 0.931 0.034 0.034 0.034 2.0 0.125 0.949 0.015
0.0 1.0 0.0 0.0 0.0 0.0 0.0 0.0 0.0 1.0 0.931 0.000 0.000 0.000 1.0 0.068 1.000 0.015
0.0 0.0 1.0 0.0 0.0 0.0 0.0 0.0 0.0 0.0 0.897 0.034 0.034 0.034 4.0 0.125 1.000 0.015
0.0 0.0 1.0 0.0 0.0 0.0 0.0 0.0 0.0 0.0 0.862 0.069 0.069 0.069 2.0 0.136 0.949 0.015
0.0 0.0 0.0 1.0 0.0 0.0 0.0 0.0 0.0 1.0 0.828 0.000 0.000 0.000 4.0 0.114 1.000 0.015
0.0 0.0 1.0 0.0 0.0 0.0 0.0 0.0 0.0 0.0 0.793 0.034 0.034 0.034 2.0 0.114 0.949 0.015
0.0 0.0 0.0 1.0 0.0 0.0 0.0 0.0 0.0 1.0 0.828 0.000 0.000 0.000 4.0 0.114 1.000 0.015
0.0 0.0 1.0 0.0 0.0 0.0 0.0 0.0 0.0 0.0 0.793 0.034 0.034 0.034 2.0 0.125 0.949 0.015
0.0 1.0 0.0 0.0 0.0 0.0 0.0 0.0 0.0 1.0 0.897 0.000 0.000 0.000 1.0 0.068 1.000 0.015
0.0 0.0 0.0 1.0 0.0 0.0 0.0 0.0 0.0 0.0 0.862 0.034 0.034 0.034 4.0 0.125 1.000 0.015
0.0 0.0 1.0 0.0 0.0 0.0 0.0 0.0 0.0 0.0 0.828 0.069 0.069 0.069 2.0 0.125 0.949 0.015
0.0 1.0 0.0 0.0 0.0 0.0 0.0 0.0 1.0 0.0 0.034 0.034 0.966 0.387 1.0 0.693 0.026 1.000
0.0 1.0 0.0 0.0 0.0 0.0 0.0 0.0 1.0 0.0 0.034 0.034 0.966 0.387 1.0 0.125 0.026 1.000
0.0 1.0 0.0 0.0 0.0 0.0 0.0 0.0 0.0 0.0 0.414 0.172 0.172 0.172 1.0 0.125 0.410 0.121
0.0 1.0 0.0 0.0 0.0 0.0 0.0 0.0 0.0 0.0 0.103 0.103 0.138 0.108 1.0 0.216 0.077 0.121
0.0 0.0 0.0 1.0 0.0 0.0 0.0 0.0 1.0 0.0 0.069 0.138 0.172 0.142 2.0 0.136 0.077 0.121
0.0 0.0 1.0 0.0 0.0 0.0 0.0 0.0 1.0 0.0 0.069 0.103 0.931 0.342 2.0 0.830 0.051 0.621
0.0 0.0 0.0 0.0 0.0 1.0 0.0 0.0 0.0 0.0 0.241 0.586 0.759 0.690 2.0 0.648 0.051 0.121
0.0 0.0 1.0 0.0 0.0 0.0 0.0 0.0 0.0 0.0 0.276 0.552 0.724 0.655 2.0 0.511 0.077 0.121
0.0 1.0 0.0 0.0 0.0 0.0 0.0 0.0 1.0 0.0 0.034 0.793 0.966 0.897 1.0 0.182 0.026 0.121
0.0 1.0 0.0 0.0 0.0 0.0 0.0 0.0 1.0 0.0 0.034 0.793 0.966 0.897 1.0 0.466 0.026 0.121
0.0 0.0 1.0 0.0 0.0 0.0 0.0 0.0 0.0 0.0 0.310 0.517 0.690 0.621 2.0 0.284 0.103 0.121
0.0 0.0 1.0 0.0 0.0 0.0 0.0 0.0 1.0 0.0 0.310 0.517 0.690 0.621 3.0 0.250 0.128 0.121
0.0 0.0 1.0 0.0 0.0 0.0 0.0 0.0 0.0 0.0 0.276 0.552 0.724 0.632 2.0 0.284 0.128 0.091
0.0 0.0 1.0 0.0 0.0 0.0 0.0 0.0 0.0 0.0 0.724 0.103 0.276 0.184 2.0 0.307 0.949 0.091
0.0 1.0 0.0 0.0 0.0 0.0 0.0 0.0 0.0 0.0 0.690 0.138 0.310 0.241 1.0 0.216 0.846 0.121
0.0 0.0 1.0 0.0 0.0 0.0 0.0 0.0 0.0 0.0 0.690 0.138 0.310 0.218 2.0 0.295 0.949 0.091
0.0 0.0 0.0 1.0 0.0 0.0 0.0 0.0 0.0 0.0 0.103 0.724 0.897 0.828 2.0 0.182 0.077 0.121
0.0 0.0 0.0 1.0 0.0 0.0 0.0 0.0 0.0 0.0 0.103 0.724 0.897 0.828 2.0 0.193 0.077 0.121
0.0 0.0 0.0 1.0 0.0 0.0 0.0 0.0 0.0 0.0 0.103 0.724 0.897 0.828 2.0 0.193 0.077 0.121
0.0 0.0 0.0 1.0 0.0 0.0 0.0 0.0 0.0 0.0 0.103 0.724 0.897 0.828 2.0 0.182 0.077 0.121
0.0 0.0 0.0 1.0 0.0 0.0 0.0 0.0 0.0 0.0 0.103 0.724 0.897 0.828 2.0 0.193 0.077 0.121
0.0 0.0 0.0 1.0 0.0 0.0 0.0 0.0 0.0 0.0 0.103 0.724 0.897 0.828 2.0 0.182 0.077 0.121
0.0 0.0 0.0 1.0 0.0 0.0 0.0 0.0 0.0 0.0 0.103 0.724 0.897 0.828 2.0 0.193 0.077 0.121
0.0 0.0 0.0 1.0 0.0 0.0 0.0 0.0 0.0 0.0 0.103 0.724 0.897 0.828 2.0 0.170 0.077 0.121
0.0 0.0 0.0 1.0 0.0 0.0 0.0 0.0 0.0 0.0 0.138 0.690 0.862 0.793 2.0 0.193 0.077 0.121
0.0 1.0 0.0 0.0 0.0 0.0 0.0 0.0 0.0 0.0 0.138 0.690 0.862 0.793 1.0 0.193 0.077 0.121
0.0 0.0 0.0 1.0 0.0 0.0 0.0 0.0 0.0 0.0 0.103 0.724 0.897 0.828 2.0 0.114 0.077 0.121
0.0 0.0 0.0 1.0 0.0 0.0 0.0 0.0 0.0 0.0 0.103 0.724 0.897 0.828 2.0 0.182 0.077 0.121
0.0 0.0 0.0 1.0 0.0 0.0 0.0 0.0 0.0 0.0 0.138 0.690 0.862 0.793 2.0 0.193 0.077 0.121
0.0 0.0 0.0 1.0 0.0 0.0 0.0 0.0 0.0 0.0 0.103 0.724 0.897 0.828 2.0 0.250 0.077 0.121
0.0 1.0 0.0 0.0 0.0 0.0 0.0 0.0 0.0 0.0 0.138 0.690 0.862 0.793 1.0 0.170 0.077 0.121
0.0 0.0 0.0 1.0 0.0 0.0 0.0 0.0 0.0 0.0 0.103 0.724 0.897 0.828 2.0 0.091 0.077 0.121
0.0 0.0 0.0 1.0 0.0 0.0 0.0 0.0 0.0 0.0 0.103 0.724 0.897 0.828 2.0 0.170 0.077 0.121
0.0 0.0 0.0 1.0 0.0 0.0 0.0 0.0 0.0 0.0 0.103 0.724 0.897 0.828 2.0 0.170 0.077 0.121
0.0 0.0 1.0 0.0 0.0 0.0 0.0 0.0 0.0 1.0 0.069 0.000 0.517 0.368 2.0 0.148 0.051 0.379
0.0 1.0 0.0 0.0 0.0 0.0 0.0 0.0 0.0 0.0 0.103 0.103 0.483 0.349 1.0 0.386 0.051 0.364
0.0 1.0 0.0 0.0 0.0 0.0 0.0 0.0 0.0 0.0 0.103 0.069 0.897 0.308 1.0 0.068 0.051 0.621
0.0 0.0 0.0 1.0 0.0 0.0 0.0 0.0 1.0 0.0 0.069 0.103 0.931 0.342 2.0 0.068 0.051 0.621
0.0 1.0 0.0 0.0 0.0 0.0 0.0 0.0 0.0 0.0 0.207 0.069 0.793 0.210 1.0 1.000 0.051 0.606
0.0 0.0 0.0 1.0 0.0 0.0 0.0 0.0 1.0 0.0 0.414 0.138 0.172 0.147 2.0 0.182 0.436 0.121
0.0 0.0 0.0 1.0 0.0 0.0 0.0 0.0 0.0 0.0 0.448 0.103 0.138 0.112 2.0 0.273 0.462 0.121
0.0 1.0 0.0 0.0 0.0 0.0 0.0 0.0 0.0 0.0 0.448 0.103 0.138 0.112 1.0 0.148 0.436 0.121
0.0 0.0 0.0 0.0 0.0 1.0 0.0 0.0 1.0 0.0 0.414 0.138 0.172 0.147 2.0 0.091 0.436 0.121
0.0 0.0 0.0 1.0 0.0 0.0 0.0 0.0 0.0 0.0 0.483 0.069 0.103 0.078 2.0 0.261 0.462 0.121
0.0 0.0 0.0 1.0 0.0 0.0 0.0 0.0 1.0 0.0 0.517 0.034 0.034 0.034 2.0 0.148 0.462 0.015
0.0 0.0 0.0 1.0 0.0 0.0 0.0 0.0 1.0 0.0 0.483 0.069 0.069 0.069 2.0 0.148 0.462 0.015
0.0 0.0 0.0 1.0 0.0 0.0 0.0 0.0 1.0 0.0 0.517 0.034 0.034 0.034 2.0 0.148 0.462 0.015
0.0 0.0 0.0 1.0 0.0 0.0 0.0 0.0 1.0 0.0 0.483 0.069 0.069 0.069 2.0 0.148 0.462 0.015
0.0 0.0 0.0 1.0 0.0 0.0 0.0 0.0 1.0 0.0 0.517 0.069 0.069 0.069 2.0 0.159 0.462 0.015
0.0 0.0 0.0 1.0 0.0 0.0 0.0 0.0 1.0 0.0 0.483 0.103 0.103 0.103 2.0 0.159 0.462 0.015
0.0 0.0 0.0 1.0 0.0 0.0 0.0 0.0 1.0 0.0 0.517 0.069 0.069 0.069 2.0 0.159 0.462 0.015
0.0 0.0 0.0 1.0 0.0 0.0 0.0 0.0 1.0 0.0 0.483 0.103 0.103 0.103 2.0 0.159 0.462 0.015
0.0 0.0 0.0 1.0 0.0 0.0 0.0 0.0 1.0 0.0 0.517 0.034 0.034 0.034 2.0 0.148 0.462 0.015
0.0 1.0 0.0 0.0 0.0 0.0 0.0 0.0 0.0 0.0 0.517 0.034 0.034 0.034 1.0 0.057 0.462 0.015
0.0 0.0 0.0 1.0 0.0 0.0 0.0 0.0 1.0 0.0 0.483 0.069 0.069 0.069 2.0 0.148 0.462 0.015
0.0 0.0 0.0 1.0 0.0 0.0 0.0 0.0 1.0 0.0 0.517 0.034 0.034 0.034 2.0 0.148 0.462 0.015
0.0 1.0 0.0 0.0 0.0 0.0 0.0 0.0 0.0 0.0 0.517 0.034 0.034 0.034 1.0 0.057 0.462 0.015
0.0 0.0 0.0 1.0 0.0 0.0 0.0 0.0 1.0 0.0 0.483 0.069 0.069 0.069 2.0 0.148 0.462 0.015
0.0 0.0 0.0 1.0 0.0 0.0 0.0 0.0 1.0 0.0 0.517 0.034 0.034 0.034 2.0 0.148 0.462 0.015
0.0 1.0 0.0 0.0 0.0 0.0 0.0 0.0 0.0 0.0 0.517 0.034 0.034 0.034 1.0 0.057 0.462 0.015
0.0 0.0 0.0 1.0 0.0 0.0 0.0 0.0 1.0 0.0 0.483 0.069 0.069 0.069 2.0 0.148 0.462 0.015
0.0 0.0 0.0 1.0 0.0 0.0 0.0 0.0 1.0 0.0 0.517 0.034 0.034 0.034 2.0 0.148 0.462 0.015
0.0 0.0 0.0 1.0 0.0 0.0 0.0 0.0 1.0 0.0 0.483 0.069 0.069 0.069 2.0 0.148 0.462 0.015
0.0 0.0 0.0 1.0 0.0 0.0 0.0 0.0 0.0 0.0 0.448 0.138 0.138 0.138 2.0 0.114 0.615 0.121
0.0 0.0 0.0 1.0 0.0 0.0 0.0 0.0 0.0 0.0 0.483 0.103 0.103 0.103 2.0 0.216 0.641 0.121
0.0 0.0 0.0 1.0 0.0 0.0 0.0 0.0 0.0 0.0 0.517 0.069 0.069 0.069 2.0 0.273 0.667 0.121
0.0 0.0 0.0 1.0 0.0 0.0 0.0 0.0 1.0 0.0 0.448 0.138 0.138 0.138 3.0 0.193 0.641 0.121
0.0 0.0 0.0 1.0 0.0 0.0 0.0 0.0 0.0 0.0 0.483 0.103 0.103 0.103 2.0 0.284 0.667 0.121
0.0 0.0 0.0 1.0 0.0 0.0 0.0 0.0 1.0 0.0 0.517 0.069 0.069 0.069 2.0 0.148 0.667 0.015
0.0 0.0 0.0 1.0 0.0 0.0 0.0 0.0 1.0 0.0 0.552 0.034 0.034 0.034 2.0 0.148 0.667 0.015
0.0 0.0 0.0 1.0 0.0 0.0 0.0 0.0 1.0 0.0 0.517 0.069 0.069 0.069 2.0 0.148 0.667 0.015
0.0 0.0 0.0 1.0 0.0 0.0 0.0 0.0 1.0 0.0 0.552 0.034 0.034 0.034 2.0 0.148 0.667 0.015
0.0 1.0 0.0 0.0 0.0 0.0 0.0 0.0 0.0 0.0 0.552 0.034 0.034 0.034 1.0 0.057 0.667 0.015
0.0 0.0 1.0 0.0 0.0 0.0 0.0 0.0 1.0 0.0 0.517 0.069 0.069 0.069 2.0 0.148 0.667 0.015
0.0 0.0 0.0 1.0 0.0 0.0 0.0 0.0 1.0 0.0 0.552 0.034 0.034 0.034 2.0 0.148 0.667 0.015
0.0 0.0 0.0 1.0 0.0 0.0 0.0 0.0 1.0 0.0 0.517 0.069 0.069 0.069 2.0 0.148 0.667 0.015
0.0 0.0 0.0 1.0 0.0 0.0 0.0 0.0 1.0 0.0 0.552 0.034 0.034 0.034 2.0 0.148 0.667 0.015
0.0 0.0 0.0 1.0 0.0 0.0 0.0 0.0 1.0 0.0 0.517 0.069 0.069 0.069 2.0 0.148 0.667 0.015
0.0 0.0 0.0 1.0 0.0 0.0 0.0 0.0 1.0 0.0 0.552 0.034 0.034 0.034 2.0 0.148 0.667 0.015
0.0 0.0 0.0 1.0 0.0 0.0 0.0 0.0 1.0 0.0 0.517 0.069 0.069 0.069 2.0 0.148 0.667 0.015
0.0 0.0 0.0 1.0 0.0 0.0 0.0 0.0 1.0 0.0 0.552 0.034 0.034 0.034 2.0 0.148 0.667 0.015
0.0 0.0 0.0 1.0 0.0 0.0 0.0 0.0 1.0 0.0 0.517 0.069 0.069 0.069 2.0 0.148 0.667 0.015
0.0 0.0 0.0 1.0 0.0 0.0 0.0 0.0 1.0 0.0 0.552 0.034 0.034 0.034 2.0 0.148 0.667 0.015
0.0 0.0 0.0 1.0 0.0 0.0 0.0 0.0 1.0 0.0 0.517 0.069 0.069 0.069 2.0 0.148 0.667 0.015
0.0 0.0 0.0 1.0 0.0 0.0 0.0 0.0 1.0 0.0 0.552 0.034 0.034 0.034 2.0 0.148 0.667 0.015
0.0 0.0 0.0 0.0 1.0 0.0 0.0 0.0 1.0 0.0 0.034 0.172 0.207 0.177 2.0 0.148 0.051 0.121
0.0 0.0 0.0 1.0 0.0 0.0 0.0 0.0 0.0 0.0 0.138 0.069 0.103 0.073 2.0 0.261 0.077 0.121
0.0 0.0 0.0 1.0 0.0 0.0 0.0 0.0 1.0 0.0 0.138 0.069 0.069 0.069 2.0 0.136 0.103 0.015
0.0 0.0 0.0 1.0 0.0 0.0 0.0 0.0 1.0 0.0 0.172 0.034 0.034 0.034 2.0 0.148 0.103 0.015
0.0 1.0 0.0 0.0 0.0 0.0 0.0 0.0 0.0 0.0 0.172 0.069 0.069 0.069 1.0 0.057 0.103 0.015
0.0 0.0 0.0 1.0 0.0 0.0 0.0 0.0 1.0 0.0 0.138 0.103 0.103 0.103 2.0 0.136 0.103 0.015
0.0 1.0 0.0 0.0 0.0 0.0 0.0 0.0 0.0 0.0 0.207 0.034 0.034 0.034 1.0 0.057 0.103 0.015
0.0 0.0 0.0 1.0 0.0 0.0 0.0 0.0 1.0 0.0 0.172 0.069 0.069 0.069 2.0 0.148 0.103 0.015
0.0 0.0 0.0 1.0 0.0 0.0 0.0 0.0 1.0 0.0 0.138 0.069 0.069 0.069 2.0 0.136 0.103 0.015
0.0 0.0 0.0 1.0 0.0 0.0 0.0 0.0 1.0 0.0 0.172 0.034 0.034 0.034 2.0 0.148 0.103 0.015
0.0 0.0 0.0 1.0 0.0 0.0 0.0 0.0 1.0 0.0 0.138 0.069 0.069 0.069 2.0 0.136 0.103 0.015
0.0 0.0 0.0 1.0 0.0 0.0 0.0 0.0 1.0 0.0 0.172 0.034 0.034 0.034 2.0 0.148 0.103 0.015
0.0 0.0 0.0 1.0 0.0 0.0 0.0 0.0 1.0 0.0 0.138 0.069 0.069 0.069 2.0 0.136 0.103 0.015
0.0 0.0 0.0 1.0 0.0 0.0 0.0 0.0 1.0 0.0 0.172 0.034 0.034 0.034 2.0 0.148 0.103 0.015
0.0 0.0 0.0 1.0 0.0 0.0 0.0 0.0 1.0 0.0 0.138 0.069 0.069 0.069 2.0 0.136 0.103 0.015
0.0 0.0 0.0 1.0 0.0 0.0 0.0 0.0 1.0 0.0 0.172 0.034 0.034 0.034 2.0 0.148 0.103 0.015
0.0 0.0 0.0 1.0 0.0 0.0 0.0 0.0 1.0 0.0 0.138 0.069 0.069 0.069 2.0 0.136 0.103 0.015
0.0 0.0 0.0 1.0 0.0 0.0 0.0 0.0 1.0 0.0 0.172 0.034 0.034 0.034 2.0 0.148 0.103 0.015
0.0 0.0 0.0 1.0 0.0 0.0 0.0 0.0 1.0 0.0 0.138 0.069 0.069 0.069 2.0 0.136 0.103 0.015
0.0 0.0 0.0 1.0 0.0 0.0 0.0 0.0 1.0 0.0 0.172 0.034 0.034 0.034 2.0 0.148 0.103 0.015
0.0 0.0 0.0 1.0 0.0 0.0 0.0 0.0 1.0 0.0 0.103 0.207 0.207 0.207 2.0 0.420 0.077 0.015
0.0 1.0 0.0 0.0 0.0 0.0 0.0 0.0 0.0 0.0 0.276 0.034 0.034 0.034 1.0 0.057 0.077 0.015
0.0 0.0 0.0 1.0 0.0 0.0 0.0 0.0 1.0 0.0 0.241 0.069 0.069 0.069 2.0 0.511 0.077 0.015
0.0 1.0 0.0 0.0 0.0 0.0 0.0 0.0 0.0 0.0 0.138 0.138 0.138 0.138 1.0 0.057 0.077 0.015
0.0 0.0 1.0 0.0 0.0 0.0 0.0 0.0 1.0 0.0 0.103 0.172 0.172 0.172 2.0 0.420 0.077 0.015
0.0 0.0 0.0 1.0 0.0 0.0 0.0 0.0 1.0 0.0 0.241 0.034 0.034 0.034 2.0 0.511 0.077 0.015
0.0 0.0 0.0 1.0 0.0 0.0 0.0 0.0 1.0 0.0 0.103 0.172 0.172 0.172 2.0 0.420 0.077 0.015
0.0 0.0 0.0 1.0 0.0 0.0 0.0 0.0 1.0 0.0 0.241 0.034 0.034 0.034 2.0 0.511 0.077 0.015
0.0 0.0 0.0 1.0 0.0 0.0 0.0 0.0 1.0 0.0 0.103 0.207 0.207 0.207 2.0 0.420 0.077 0.015
0.0 1.0 0.0 0.0 0.0 0.0 0.0 0.0 0.0 0.0 0.276 0.034 0.034 0.034 1.0 0.057 0.077 0.015
0.0 0.0 1.0 0.0 0.0 0.0 0.0 0.0 1.0 0.0 0.241 0.069 0.069 0.069 2.0 0.511 0.077 0.015
0.0 0.0 0.0 1.0 0.0 0.0 0.0 0.0 1.0 0.0 0.103 0.172 0.172 0.172 2.0 0.420 0.077 0.015
0.0 0.0 0.0 1.0 0.0 0.0 0.0 0.0 1.0 0.0 0.241 0.034 0.034 0.034 2.0 0.511 0.077 0.015
0.0 0.0 0.0 1.0 0.0 0.0 0.0 0.0 1.0 0.0 0.103 0.172 0.172 0.172 2.0 0.420 0.077 0.015
0.0 0.0 0.0 1.0 0.0 0.0 0.0 0.0 1.0 0.0 0.241 0.034 0.034 0.034 2.0 0.511 0.077 0.015
0.0 0.0 0.0 1.0 0.0 0.0 0.0 0.0 1.0 0.0 0.103 0.172 0.172 0.172 2.0 0.420 0.077 0.015
0.0 0.0 0.0 1.0 0.0 0.0 0.0 0.0 1.0 0.0 0.241 0.034 0.034 0.034 2.0 0.511 0.077 0.015
0.0 1.0 0.0 0.0 0.0 0.0 0.0 0.0 0.0 0.0 0.138 0.207 0.207 0.207 1.0 0.068 0.077 0.015
0.0 0.0 1.0 0.0 0.0 0.0 0.0 0.0 1.0 0.0 0.103 0.241 0.241 0.241 2.0 0.420 0.077 0.015
0.0 1.0 0.0 0.0 0.0 0.0 0.0 0.0 0.0 0.0 0.276 0.069 0.069 0.069 1.0 0.068 0.077 0.015
0.0 0.0 1.0 0.0 0.0 0.0 0.0 0.0 1.0 0.0 0.241 0.103 0.103 0.103 2.0 0.511 0.077 0.015
0.0 1.0 0.0 0.0 0.0 0.0 0.0 0.0 0.0 0.0 0.138 0.138 0.138 0.138 1.0 0.057 0.077 0.015
0.0 0.0 0.0 1.0 0.0 0.0 0.0 0.0 1.0 0.0 0.103 0.172 0.172 0.172 2.0 0.420 0.077 0.015
0.0 0.0 0.0 1.0 0.0 0.0 0.0 0.0 1.0 0.0 0.241 0.034 0.034 0.034 2.0 0.511 0.077 0.015
0.0 0.0 0.0 1.0 0.0 0.0 0.0 0.0 1.0 0.0 0.103 0.207 0.207 0.207 2.0 0.420 0.077 0.015
0.0 1.0 0.0 0.0 0.0 0.0 0.0 0.0 0.0 0.0 0.276 0.034 0.034 0.034 1.0 0.057 0.077 0.015
0.0 0.0 1.0 0.0 0.0 0.0 0.0 0.0 1.0 0.0 0.241 0.069 0.069 0.069 2.0 0.511 0.077 0.015
0.0 1.0 0.0 0.0 0.0 0.0 0.0 0.0 0.0 0.0 0.138 0.172 0.172 0.172 1.0 0.068 0.077 0.015
0.0 0.0 1.0 0.0 0.0 0.0 0.0 0.0 1.0 0.0 0.103 0.207 0.207 0.207 2.0 0.420 0.077 0.015
0.0 0.0 0.0 1.0 0.0 0.0 0.0 0.0 1.0 0.0 0.241 0.069 0.069 0.069 2.0 0.523 0.077 0.015
0.0 0.0 0.0 1.0 0.0 0.0 0.0 0.0 1.0 0.0 0.103 0.172 0.172 0.172 2.0 0.420 0.077 0.015
0.0 0.0 0.0 1.0 0.0 0.0 0.0 0.0 1.0 0.0 0.241 0.034 0.034 0.034 2.0 0.511 0.077 0.015
0.0 0.0 0.0 1.0 0.0 0.0 0.0 0.0 1.0 0.0 0.103 0.172 0.172 0.172 2.0 0.420 0.077 0.015
0.0 0.0 0.0 1.0 0.0 0.0 0.0 0.0 1.0 0.0 0.241 0.034 0.034 0.034 2.0 0.511 0.077 0.015
0.0 1.0 0.0 0.0 0.0 0.0 0.0 0.0 0.0 0.0 0.138 0.138 0.138 0.138 1.0 0.057 0.077 0.015
0.0 0.0 0.0 1.0 0.0 0.0 0.0 0.0 1.0 0.0 0.103 0.172 0.172 0.172 2.0 0.420 0.077 0.015
0.0 0.0 0.0 1.0 0.0 0.0 0.0 0.0 1.0 0.0 0.241 0.034 0.034 0.034 2.0 0.511 0.077 0.015
0.0 0.0 0.0 1.0 0.0 0.0 0.0 0.0 1.0 0.0 0.103 0.207 0.207 0.207 2.0 0.420 0.077 0.015
0.0 1.0 0.0 0.0 0.0 0.0 0.0 0.0 0.0 0.0 0.276 0.034 0.034 0.034 1.0 0.057 0.077 0.015
0.0 0.0 0.0 1.0 0.0 0.0 0.0 0.0 1.0 0.0 0.241 0.069 0.069 0.069 2.0 0.511 0.077 0.015
0.0 0.0 0.0 1.0 0.0 0.0 0.0 0.0 1.0 0.0 0.103 0.172 0.172 0.172 2.0 0.420 0.077 0.015
0.0 0.0 0.0 1.0 0.0 0.0 0.0 0.0 1.0 0.0 0.241 0.034 0.034 0.034 2.0 0.511 0.077 0.015
0.0 1.0 0.0 0.0 0.0 0.0 0.0 0.0 0.0 0.0 0.138 0.172 0.172 0.172 1.0 0.068 0.077 0.015
0.0 0.0 0.0 1.0 0.0 0.0 0.0 0.0 1.0 0.0 0.103 0.207 0.207 0.207 2.0 0.420 0.077 0.015
0.0 0.0 0.0 1.0 0.0 0.0 0.0 0.0 1.0 0.0 0.241 0.069 0.069 0.069 2.0 0.523 0.077 0.015
0.0 0.0 0.0 1.0 0.0 0.0 0.0 0.0 1.0 0.0 0.103 0.207 0.207 0.207 2.0 0.420 0.077 0.015
0.0 1.0 0.0 0.0 0.0 0.0 0.0 0.0 0.0 0.0 0.276 0.034 0.034 0.034 1.0 0.057 0.077 0.015
0.0 0.0 1.0 0.0 0.0 0.0 0.0 0.0 1.0 0.0 0.241 0.069 0.069 0.069 2.0 0.511 0.077 0.015
0.0 0.0 0.0 1.0 0.0 0.0 0.0 0.0 1.0 0.0 0.103 0.172 0.172 0.172 2.0 0.420 0.077 0.015
0.0 0.0 0.0 1.0 0.0 0.0 0.0 0.0 1.0 0.0 0.241 0.034 0.034 0.034 2.0 0.511 0.077 0.015
0.0 0.0 0.0 1.0 0.0 0.0 0.0 0.0 1.0 0.0 0.103 0.172 0.172 0.172 2.0 0.420 0.077 0.015
0.0 0.0 0.0 1.0 0.0 0.0 0.0 0.0 1.0 0.0 0.241 0.034 0.034 0.034 2.0 0.511 0.077 0.015
0.0 0.0 0.0 1.0 0.0 0.0 0.0 0.0 1.0 0.0 0.103 0.172 0.172 0.172 2.0 0.420 0.077 0.015
0.0 0.0 0.0 1.0 0.0 0.0 0.0 0.0 1.0 0.0 0.241 0.034 0.034 0.034 2.0 0.511 0.077 0.015
0.0 0.0 0.0 1.0 0.0 0.0 0.0 0.0 1.0 0.0 0.103 0.172 0.172 0.172 2.0 0.420 0.077 0.015
0.0 0.0 0.0 1.0 0.0 0.0 0.0 0.0 1.0 0.0 0.241 0.034 0.034 0.034 2.0 0.511 0.077 0.015
0.0 0.0 0.0 1.0 0.0 0.0 0.0 0.0 1.0 0.0 0.103 0.172 0.172 0.172 2.0 0.420 0.077 0.015
0.0 0.0 0.0 1.0 0.0 0.0 0.0 0.0 1.0 0.0 0.241 0.034 0.034 0.034 2.0 0.511 0.077 0.015
0.0 1.0 0.0 0.0 0.0 0.0 0.0 0.0 0.0 0.0 0.138 0.138 0.138 0.138 1.0 0.057 0.077 0.015
0.0 0.0 1.0 0.0 0.0 0.0 0.0 0.0 1.0 0.0 0.103 0.172 0.172 0.172 2.0 0.420 0.077 0.015
0.0 0.0 0.0 1.0 0.0 0.0 0.0 0.0 1.0 0.0 0.241 0.034 0.034 0.034 2.0 0.511 0.077 0.015
0.0 0.0 0.0 1.0 0.0 0.0 0.0 0.0 1.0 0.0 0.103 0.172 0.172 0.172 2.0 0.420 0.077 0.015
0.0 0.0 0.0 1.0 0.0 0.0 0.0 0.0 1.0 0.0 0.241 0.034 0.034 0.034 2.0 0.511 0.077 0.015
0.0 0.0 0.0 1.0 0.0 0.0 0.0 0.0 1.0 0.0 0.103 0.172 0.172 0.172 2.0 0.420 0.077 0.015
0.0 0.0 0.0 1.0 0.0 0.0 0.0 0.0 1.0 0.0 0.241 0.034 0.034 0.034 2.0 0.511 0.077 0.015
0.0 0.0 0.0 1.0 0.0 0.0 0.0 0.0 1.0 0.0 0.103 0.172 0.172 0.172 2.0 0.420 0.077 0.015
0.0 0.0 0.0 1.0 0.0 0.0 0.0 0.0 1.0 0.0 0.241 0.034 0.034 0.034 2.0 0.511 0.077 0.015
0.0 0.0 0.0 1.0 0.0 0.0 0.0 0.0 1.0 0.0 0.103 0.172 0.172 0.172 2.0 0.420 0.077 0.015
0.0 0.0 0.0 1.0 0.0 0.0 0.0 0.0 1.0 0.0 0.241 0.034 0.034 0.034 2.0 0.511 0.077 0.015
0.0 0.0 0.0 1.0 0.0 0.0 0.0 0.0 1.0 0.0 0.103 0.172 0.172 0.172 2.0 0.420 0.077 0.015
0.0 0.0 0.0 1.0 0.0 0.0 0.0 0.0 1.0 0.0 0.241 0.034 0.034 0.034 2.0 0.511 0.077 0.015
0.0 1.0 0.0 0.0 0.0 0.0 0.0 0.0 0.0 0.0 0.138 0.172 0.172 0.172 1.0 0.068 0.077 0.015
0.0 0.0 0.0 1.0 0.0 0.0 0.0 0.0 1.0 0.0 0.103 0.207 0.207 0.207 2.0 0.420 0.077 0.015
0.0 0.0 0.0 1.0 0.0 0.0 0.0 0.0 1.0 0.0 0.241 0.069 0.069 0.069 2.0 0.523 0.077 0.015
0.0 0.0 0.0 1.0 0.0 0.0 0.0 0.0 1.0 0.0 0.103 0.241 0.241 0.241 2.0 0.432 0.077 0.015
0.0 1.0 0.0 0.0 0.0 0.0 0.0 0.0 0.0 0.0 0.276 0.069 0.069 0.069 1.0 0.068 0.077 0.015
0.0 0.0 1.0 0.0 0.0 0.0 0.0 0.0 1.0 0.0 0.241 0.103 0.103 0.103 2.0 0.511 0.077 0.015
0.0 0.0 0.0 1.0 0.0 0.0 0.0 0.0 1.0 0.0 0.103 0.172 0.172 0.172 2.0 0.420 0.077 0.015
0.0 0.0 0.0 1.0 0.0 0.0 0.0 0.0 1.0 0.0 0.241 0.034 0.034 0.034 2.0 0.511 0.077 0.015
0.0 0.0 0.0 0.0 1.0 0.0 0.0 0.0 1.0 0.0 0.345 0.655 0.655 0.655 3.0 0.114 0.128 0.030
0.0 0.0 0.0 1.0 0.0 0.0 0.0 0.0 1.0 0.0 0.276 0.724 0.724 0.724 2.0 0.114 0.077 0.030
0.0 0.0 0.0 1.0 0.0 0.0 0.0 0.0 0.0 0.0 0.379 0.621 0.621 0.621 2.0 0.148 0.128 0.030
0.0 0.0 0.0 1.0 0.0 0.0 0.0 0.0 0.0 0.0 0.966 0.034 0.034 0.034 3.0 0.170 0.949 0.015
0.0 0.0 0.0 1.0 0.0 0.0 0.0 0.0 1.0 0.0 0.345 0.655 0.655 0.655 2.0 0.170 0.128 0.015
0.0 0.0 0.0 1.0 0.0 0.0 0.0 0.0 1.0 0.0 0.345 0.655 0.655 0.655 2.0 0.159 0.154 0.015
0.0 0.0 0.0 1.0 0.0 0.0 0.0 0.0 1.0 0.0 0.241 0.759 0.759 0.759 2.0 0.534 0.077 0.015
0.0 0.0 0.0 1.0 0.0 0.0 0.0 0.0 0.0 0.0 0.966 0.034 0.034 0.034 3.0 0.170 0.949 0.015
0.0 0.0 0.0 1.0 0.0 0.0 0.0 0.0 1.0 0.0 0.345 0.655 0.655 0.655 2.0 0.170 0.128 0.015
0.0 1.0 0.0 0.0 0.0 0.0 0.0 0.0 0.0 0.0 0.379 0.621 0.621 0.621 1.0 0.080 0.154 0.015
0.0 0.0 1.0 0.0 0.0 0.0 0.0 0.0 1.0 0.0 0.345 0.655 0.655 0.655 2.0 0.136 0.154 0.015
0.0 0.0 0.0 1.0 0.0 0.0 0.0 0.0 1.0 0.0 0.241 0.759 0.759 0.759 2.0 0.534 0.077 0.015
0.0 1.0 0.0 0.0 0.0 0.0 0.0 0.0 0.0 0.0 0.103 0.724 0.897 0.805 1.0 0.068 0.051 0.091
0.0 0.0 0.0 0.0 1.0 0.0 0.0 0.0 1.0 0.0 0.069 0.759 0.931 0.839 2.0 0.068 0.051 0.091
0.0 0.0 0.0 1.0 0.0 0.0 0.0 0.0 0.0 0.0 0.138 0.690 0.862 0.770 2.0 0.284 0.077 0.091
0.0 0.0 0.0 1.0 0.0 0.0 0.0 0.0 0.0 0.0 0.931 0.069 0.069 0.069 2.0 0.170 0.949 0.015
0.0 0.0 0.0 1.0 0.0 0.0 0.0 0.0 0.0 0.0 0.759 0.241 0.241 0.241 2.0 0.193 0.949 0.015
0.0 0.0 0.0 1.0 0.0 0.0 0.0 0.0 1.0 0.0 0.345 0.655 0.655 0.655 2.0 0.170 0.128 0.015
0.0 0.0 0.0 1.0 0.0 0.0 0.0 0.0 1.0 0.0 0.345 0.655 0.655 0.655 2.0 0.159 0.154 0.015
0.0 0.0 0.0 1.0 0.0 0.0 0.0 0.0 1.0 0.0 0.241 0.759 0.759 0.759 2.0 0.534 0.077 0.015
0.0 0.0 0.0 1.0 0.0 0.0 0.0 0.0 0.0 0.0 0.897 0.069 0.069 0.069 2.0 0.170 0.949 0.015
0.0 0.0 0.0 1.0 0.0 0.0 0.0 0.0 0.0 0.0 0.724 0.241 0.241 0.241 2.0 0.193 0.949 0.015
0.0 0.0 0.0 1.0 0.0 0.0 0.0 0.0 1.0 0.0 0.345 0.621 0.621 0.621 2.0 0.170 0.128 0.015
0.0 1.0 0.0 0.0 0.0 0.0 0.0 0.0 0.0 0.0 0.379 0.586 0.586 0.586 1.0 0.080 0.154 0.015
0.0 0.0 1.0 0.0 0.0 0.0 0.0 0.0 1.0 0.0 0.345 0.621 0.621 0.621 2.0 0.136 0.154 0.015
0.0 0.0 0.0 1.0 0.0 0.0 0.0 0.0 1.0 0.0 0.241 0.724 0.724 0.724 2.0 0.534 0.077 0.015
0.0 0.0 0.0 1.0 0.0 0.0 0.0 0.0 0.0 0.0 0.828 0.103 0.103 0.103 2.0 0.170 0.949 0.015
0.0 0.0 0.0 1.0 0.0 0.0 0.0 0.0 0.0 0.0 0.724 0.207 0.207 0.207 2.0 0.193 0.949 0.015
0.0 0.0 0.0 1.0 0.0 0.0 0.0 0.0 1.0 0.0 0.345 0.586 0.586 0.586 2.0 0.182 0.128 0.015
0.0 0.0 0.0 1.0 0.0 0.0 0.0 0.0 1.0 0.0 0.345 0.586 0.586 0.586 2.0 0.170 0.154 0.015
0.0 0.0 0.0 1.0 0.0 0.0 0.0 0.0 1.0 0.0 0.241 0.690 0.690 0.690 2.0 0.545 0.077 0.015
0.0 0.0 0.0 1.0 0.0 0.0 0.0 0.0 0.0 0.0 0.759 0.069 0.069 0.069 2.0 0.170 0.949 0.015
0.0 1.0 0.0 0.0 0.0 0.0 0.0 0.0 0.0 0.0 0.759 0.069 0.069 0.069 1.0 0.080 0.949 0.015
0.0 0.0 1.0 0.0 0.0 0.0 0.0 0.0 0.0 0.0 0.724 0.103 0.103 0.103 2.0 0.193 0.949 0.015
0.0 0.0 0.0 1.0 0.0 0.0 0.0 0.0 1.0 0.0 0.345 0.483 0.483 0.483 2.0 0.170 0.128 0.015
0.0 0.0 0.0 1.0 0.0 0.0 0.0 0.0 1.0 0.0 0.345 0.483 0.483 0.483 2.0 0.159 0.154 0.015
0.0 0.0 0.0 1.0 0.0 0.0 0.0 0.0 1.0 0.0 0.241 0.586 0.586 0.586 2.0 0.534 0.077 0.015
0.0 0.0 0.0 1.0 0.0 0.0 0.0 0.0 0.0 0.0 0.759 0.069 0.069 0.069 2.0 0.170 0.949 0.015
0.0 0.0 0.0 1.0 0.0 0.0 0.0 0.0 0.0 0.0 0.724 0.103 0.103 0.103 2.0 0.193 0.949 0.015
0.0 0.0 0.0 1.0 0.0 0.0 0.0 0.0 1.0 0.0 0.345 0.483 0.483 0.483 2.0 0.170 0.128 0.015
0.0 0.0 0.0 1.0 0.0 0.0 0.0 0.0 1.0 0.0 0.345 0.483 0.483 0.483 2.0 0.159 0.154 0.015
0.0 0.0 0.0 1.0 0.0 0.0 0.0 0.0 1.0 0.0 0.241 0.586 0.586 0.586 2.0 0.534 0.077 0.015
0.0 1.0 0.0 0.0 0.0 0.0 0.0 0.0 0.0 0.0 0.793 0.103 0.103 0.103 1.0 0.080 0.949 0.015
0.0 0.0 0.0 1.0 0.0 0.0 0.0 0.0 0.0 0.0 0.759 0.138 0.138 0.138 2.0 0.205 0.949 0.015
0.0 0.0 0.0 1.0 0.0 0.0 0.0 0.0 0.0 0.0 0.724 0.172 0.172 0.172 2.0 0.205 0.949 0.015
0.0 0.0 0.0 1.0 0.0 0.0 0.0 0.0 1.0 0.0 0.345 0.552 0.552 0.552 2.0 0.182 0.128 0.015
0.0 0.0 0.0 1.0 0.0 0.0 0.0 0.0 1.0 0.0 0.345 0.552 0.552 0.552 2.0 0.170 0.154 0.015
0.0 0.0 0.0 1.0 0.0 0.0 0.0 0.0 1.0 0.0 0.241 0.655 0.655 0.655 2.0 0.545 0.077 0.015
0.0 0.0 0.0 1.0 0.0 0.0 0.0 0.0 1.0 0.0 0.069 0.759 0.931 0.862 2.0 0.284 0.051 0.121
0.0 1.0 0.0 0.0 0.0 0.0 0.0 0.0 0.0 0.0 0.069 0.759 0.931 0.862 1.0 0.091 0.051 0.121
0.0 0.0 1.0 0.0 0.0 0.0 0.0 0.0 1.0 0.0 0.034 0.793 0.966 0.897 2.0 0.034 0.051 0.121
0.0 0.0 0.0 1.0 0.0 0.0 0.0 0.0 1.0 0.0 0.069 0.759 0.931 0.862 2.0 0.284 0.051 0.121
0.0 0.0 0.0 1.0 0.0 0.0 0.0 0.0 1.0 0.0 0.034 0.793 0.966 0.897 2.0 0.080 0.051 0.121
0.0 0.0 0.0 1.0 0.0 0.0 0.0 0.0 1.0 0.0 0.069 0.759 0.931 0.862 2.0 0.284 0.051 0.121
0.0 0.0 0.0 1.0 0.0 0.0 0.0 0.0 1.0 0.0 0.034 0.793 0.966 0.897 2.0 0.080 0.051 0.121
0.0 0.0 0.0 1.0 0.0 0.0 0.0 0.0 1.0 0.0 0.069 0.759 0.931 0.862 2.0 0.295 0.051 0.121
0.0 0.0 0.0 1.0 0.0 0.0 0.0 0.0 1.0 0.0 0.034 0.793 0.966 0.897 2.0 0.091 0.051 0.121
0.0 0.0 0.0 1.0 0.0 0.0 0.0 0.0 1.0 0.0 0.069 0.759 0.931 0.862 2.0 0.284 0.051 0.121
0.0 0.0 0.0 1.0 0.0 0.0 0.0 0.0 1.0 0.0 0.034 0.793 0.966 0.897 2.0 0.080 0.051 0.121
0.0 0.0 0.0 1.0 0.0 0.0 0.0 0.0 1.0 0.0 0.069 0.759 0.931 0.862 2.0 0.284 0.051 0.121
0.0 0.0 0.0 1.0 0.0 0.0 0.0 0.0 1.0 0.0 0.034 0.793 0.966 0.897 2.0 0.080 0.051 0.121
0.0 0.0 0.0 1.0 0.0 0.0 0.0 0.0 1.0 0.0 0.069 0.759 0.931 0.862 2.0 0.284 0.051 0.121
0.0 1.0 0.0 0.0 0.0 0.0 0.0 0.0 0.0 0.0 0.069 0.759 0.931 0.862 1.0 0.091 0.051 0.121
0.0 0.0 0.0 1.0 0.0 0.0 0.0 0.0 1.0 0.0 0.034 0.793 0.966 0.897 2.0 0.034 0.051 0.121
0.0 0.0 0.0 1.0 0.0 0.0 0.0 0.0 1.0 0.0 0.069 0.759 0.931 0.862 2.0 0.284 0.051 0.121
0.0 0.0 0.0 1.0 0.0 0.0 0.0 0.0 1.0 0.0 0.034 0.793 0.966 0.897 2.0 0.080 0.051 0.121
0.0 1.0 0.0 0.0 0.0 0.0 0.0 0.0 0.0 0.0 0.103 0.724 0.897 0.828 1.0 0.102 0.051 0.121
0.0 0.0 0.0 1.0 0.0 0.0 0.0 0.0 1.0 0.0 0.069 0.759 0.931 0.862 2.0 0.239 0.051 0.121
0.0 0.0 0.0 1.0 0.0 0.0 0.0 0.0 1.0 0.0 0.034 0.793 0.966 0.897 2.0 0.080 0.051 0.121
0.0 0.0 0.0 1.0 0.0 0.0 0.0 0.0 1.0 0.0 0.069 0.759 0.931 0.862 2.0 0.250 0.051 0.121
0.0 1.0 0.0 0.0 0.0 0.0 0.0 0.0 0.0 0.0 0.069 0.759 0.931 0.862 1.0 0.057 0.051 0.121
0.0 0.0 1.0 0.0 0.0 0.0 0.0 0.0 1.0 0.0 0.034 0.793 0.966 0.897 2.0 0.034 0.051 0.121
0.0 0.0 0.0 1.0 0.0 0.0 0.0 0.0 1.0 0.0 0.069 0.759 0.931 0.862 2.0 0.295 0.051 0.121
0.0 0.0 0.0 1.0 0.0 0.0 0.0 0.0 1.0 0.0 0.034 0.793 0.966 0.897 2.0 0.091 0.051 0.121
0.0 1.0 0.0 0.0 0.0 0.0 0.0 0.0 0.0 0.0 0.103 0.724 0.897 0.828 1.0 0.102 0.051 0.121
0.0 0.0 1.0 0.0 0.0 0.0 0.0 0.0 1.0 0.0 0.069 0.759 0.931 0.862 2.0 0.239 0.051 0.121
0.0 0.0 0.0 1.0 0.0 0.0 0.0 0.0 1.0 0.0 0.034 0.793 0.966 0.897 2.0 0.080 0.051 0.121
0.0 0.0 0.0 1.0 0.0 0.0 0.0 0.0 1.0 0.0 0.069 0.759 0.931 0.862 2.0 0.318 0.051 0.121
0.0 0.0 0.0 1.0 0.0 0.0 0.0 0.0 1.0 0.0 0.034 0.793 0.966 0.897 2.0 0.114 0.051 0.121
0.0 0.0 0.0 1.0 0.0 0.0 0.0 0.0 1.0 0.0 0.069 0.759 0.931 0.862 2.0 0.250 0.051 0.121
0.0 0.0 0.0 1.0 0.0 0.0 0.0 0.0 1.0 0.0 0.034 0.793 0.966 0.897 2.0 0.045 0.051 0.121
0.0 0.0 0.0 1.0 0.0 0.0 0.0 0.0 1.0 0.0 0.069 0.759 0.931 0.862 2.0 0.284 0.051 0.121
0.0 0.0 0.0 1.0 0.0 0.0 0.0 0.0 1.0 0.0 0.034 0.793 0.966 0.897 2.0 0.080 0.051 0.121
0.0 0.0 0.0 1.0 0.0 0.0 0.0 0.0 1.0 0.0 0.069 0.759 0.931 0.862 2.0 0.284 0.051 0.121
0.0 0.0 0.0 1.0 0.0 0.0 0.0 0.0 1.0 0.0 0.034 0.793 0.966 0.897 2.0 0.080 0.051 0.121
0.0 1.0 0.0 0.0 0.0 0.0 0.0 0.0 0.0 0.0 0.310 0.690 0.690 0.690 1.0 0.102 0.077 0.030
0.0 0.0 0.0 1.0 0.0 0.0 0.0 0.0 1.0 0.0 0.069 0.517 0.517 0.517 2.0 0.080 0.051 0.121
0.0 0.0 0.0 1.0 0.0 0.0 0.0 0.0 0.0 0.0 0.345 0.241 0.241 0.241 3.0 0.148 0.410 0.121
0.0 0.0 0.0 0.0 1.0 0.0 0.0 0.0 1.0 0.0 0.069 0.517 0.517 0.517 2.0 0.080 0.051 0.121
0.0 0.0 0.0 0.0 1.0 0.0 0.0 0.0 1.0 0.0 0.069 0.517 0.517 0.517 2.0 0.080 0.051 0.121
0.0 0.0 0.0 1.0 0.0 0.0 0.0 0.0 0.0 0.0 0.310 0.276 0.276 0.276 3.0 0.148 0.359 0.121
0.0 1.0 0.0 0.0 0.0 0.0 0.0 0.0 0.0 0.0 0.103 0.483 0.483 0.483 1.0 0.080 0.051 0.121
0.0 0.0 1.0 0.0 0.0 0.0 0.0 0.0 1.0 0.0 0.069 0.517 0.517 0.517 2.0 0.057 0.051 0.121
0.0 0.0 0.0 0.0 1.0 0.0 0.0 0.0 1.0 0.0 0.069 0.517 0.517 0.517 2.0 0.080 0.051 0.121
0.0 0.0 0.0 1.0 0.0 0.0 0.0 0.0 0.0 0.0 0.621 0.207 0.379 0.310 2.0 0.102 0.846 0.121
0.0 1.0 0.0 0.0 0.0 0.0 0.0 0.0 0.0 0.0 0.138 0.690 0.862 0.793 1.0 0.125 0.077 0.121
0.0 1.0 0.0 0.0 0.0 0.0 0.0 0.0 0.0 0.0 0.138 0.690 0.862 0.793 1.0 0.125 0.077 0.121
0.0 0.0 0.0 1.0 0.0 0.0 0.0 0.0 0.0 0.0 0.517 0.310 0.483 0.414 2.0 0.136 0.846 0.121
0.0 0.0 0.0 1.0 0.0 0.0 0.0 0.0 0.0 0.0 0.138 0.690 0.862 0.793 2.0 0.205 0.128 0.121
0.0 0.0 0.0 1.0 0.0 0.0 0.0 0.0 0.0 0.0 0.172 0.655 0.828 0.759 2.0 0.148 0.128 0.121
0.0 0.0 0.0 1.0 0.0 0.0 0.0 0.0 0.0 0.0 0.207 0.621 0.793 0.724 2.0 0.125 0.231 0.121
0.0 1.0 0.0 0.0 0.0 0.0 0.0 0.0 0.0 0.0 0.172 0.655 0.828 0.759 1.0 0.091 0.128 0.121
0.0 0.0 0.0 0.0 0.0 1.0 0.0 0.0 0.0 0.0 0.138 0.690 0.862 0.793 2.0 0.193 0.128 0.121
0.0 0.0 0.0 0.0 1.0 0.0 0.0 0.0 0.0 0.0 0.172 0.655 0.828 0.759 2.0 0.182 0.128 0.121
0.0 0.0 0.0 1.0 0.0 0.0 0.0 0.0 0.0 0.0 0.241 0.586 0.759 0.690 3.0 0.148 0.333 0.121
0.0 0.0 0.0 1.0 0.0 0.0 0.0 0.0 0.0 0.0 0.138 0.690 0.862 0.793 2.0 0.170 0.128 0.121
0.0 0.0 0.0 1.0 0.0 0.0 0.0 0.0 0.0 0.0 0.172 0.655 0.828 0.759 2.0 0.182 0.128 0.121
0.0 0.0 0.0 1.0 0.0 0.0 0.0 0.0 0.0 0.0 0.276 0.552 0.724 0.655 3.0 0.170 0.436 0.121
0.0 0.0 0.0 0.0 1.0 0.0 0.0 0.0 0.0 0.0 0.138 0.690 0.862 0.793 2.0 0.170 0.128 0.121
0.0 0.0 0.0 0.0 1.0 0.0 0.0 0.0 0.0 0.0 0.172 0.655 0.828 0.759 2.0 0.170 0.128 0.121
0.0 0.0 0.0 1.0 0.0 0.0 0.0 0.0 0.0 0.0 0.310 0.517 0.690 0.621 3.0 0.170 0.538 0.121
0.0 0.0 0.0 1.0 0.0 0.0 0.0 0.0 0.0 0.0 0.172 0.655 0.828 0.759 2.0 0.182 0.128 0.121
0.0 0.0 0.0 1.0 0.0 0.0 0.0 0.0 0.0 0.0 0.172 0.655 0.828 0.759 2.0 0.170 0.128 0.121
0.0 0.0 0.0 1.0 0.0 0.0 0.0 0.0 0.0 0.0 0.345 0.483 0.655 0.586 3.0 0.170 0.641 0.121
0.0 0.0 0.0 0.0 1.0 0.0 0.0 0.0 0.0 0.0 0.172 0.655 0.828 0.759 2.0 0.182 0.128 0.121
0.0 0.0 0.0 0.0 1.0 0.0 0.0 0.0 0.0 0.0 0.138 0.690 0.862 0.793 2.0 0.182 0.128 0.121
0.0 0.0 0.0 1.0 0.0 0.0 0.0 0.0 0.0 0.0 0.379 0.448 0.621 0.552 3.0 0.159 0.744 0.121
0.0 0.0 0.0 1.0 0.0 0.0 0.0 0.0 0.0 0.0 0.138 0.690 0.862 0.793 2.0 0.170 0.128 0.121
0.0 0.0 0.0 1.0 0.0 0.0 0.0 0.0 0.0 0.0 0.414 0.414 0.586 0.517 2.0 0.125 0.744 0.121
0.0 0.0 0.0 0.0 1.0 0.0 0.0 0.0 0.0 0.0 0.138 0.690 0.862 0.793 2.0 0.170 0.128 0.121
0.0 1.0 0.0 0.0 0.0 0.0 0.0 0.0 0.0 0.0 0.483 0.345 0.517 0.448 1.0 0.091 0.846 0.121
0.0 0.0 1.0 0.0 0.0 0.0 0.0 0.0 0.0 0.0 0.448 0.379 0.552 0.483 2.0 0.102 0.846 0.121
0.0 1.0 0.0 0.0 0.0 0.0 0.0 0.0 0.0 0.0 0.172 0.655 0.828 0.759 1.0 0.091 0.128 0.121
0.0 0.0 0.0 1.0 0.0 0.0 0.0 0.0 0.0 0.0 0.138 0.690 0.862 0.793 2.0 0.159 0.128 0.121
0.0 0.0 0.0 0.0 1.0 0.0 0.0 0.0 0.0 0.0 0.172 0.655 0.828 0.759 2.0 0.170 0.128 0.121
0.0 0.0 0.0 0.0 1.0 0.0 0.0 0.0 0.0 0.0 0.172 0.655 0.828 0.759 2.0 0.170 0.128 0.121
0.0 0.0 1.0 0.0 0.0 0.0 0.0 0.0 0.0 0.0 0.207 0.621 0.793 0.724 2.0 0.125 0.128 0.121
0.0 1.0 0.0 0.0 0.0 0.0 0.0 0.0 0.0 0.0 0.586 0.241 0.414 0.345 1.0 0.091 0.846 0.121
0.0 0.0 1.0 0.0 0.0 0.0 0.0 0.0 0.0 0.0 0.552 0.276 0.448 0.379 3.0 0.159 0.846 0.121
0.0 0.0 0.0 0.0 1.0 0.0 0.0 0.0 0.0 0.0 0.552 0.276 0.448 0.379 2.0 0.125 0.846 0.121
0.0 0.0 0.0 1.0 0.0 0.0 0.0 0.0 0.0 0.0 0.379 0.172 0.207 0.194 2.0 0.159 0.410 0.242
0.0 1.0 0.0 0.0 0.0 0.0 0.0 0.0 1.0 0.0 0.034 0.517 0.552 0.539 1.0 0.057 0.026 0.242
0.0 1.0 0.0 0.0 0.0 0.0 0.0 0.0 1.0 0.0 0.034 0.517 0.552 0.539 1.0 0.057 0.026 0.242
0.0 1.0 0.0 0.0 0.0 0.0 0.0 0.0 1.0 0.0 0.034 0.517 0.552 0.539 1.0 0.057 0.026 0.242
0.0 1.0 0.0 0.0 0.0 0.0 0.0 0.0 1.0 0.0 0.034 0.517 0.552 0.539 1.0 0.057 0.026 0.242
0.0 1.0 0.0 0.0 0.0 0.0 0.0 0.0 1.0 0.0 0.034 0.517 0.552 0.539 1.0 0.057 0.026 0.242
0.0 1.0 0.0 0.0 0.0 0.0 0.0 0.0 1.0 0.0 0.034 0.517 0.552 0.539 1.0 0.057 0.026 0.242
0.0 1.0 0.0 0.0 0.0 0.0 0.0 0.0 1.0 0.0 0.034 0.517 0.552 0.539 1.0 0.057 0.026 0.242
0.0 1.0 0.0 0.0 0.0 0.0 0.0 0.0 1.0 0.0 0.034 0.517 0.552 0.539 1.0 0.045 0.026 0.242
0.0 0.0 0.0 1.0 0.0 0.0 0.0 0.0 1.0 0.0 0.069 0.483 0.517 0.504 2.0 0.068 0.051 0.242
0.0 0.0 0.0 1.0 0.0 0.0 0.0 0.0 1.0 0.0 0.103 0.448 0.483 0.470 3.0 0.091 0.103 0.242
0.0 0.0 0.0 0.0 1.0 0.0 0.0 0.0 1.0 0.0 0.069 0.483 0.517 0.504 2.0 0.080 0.051 0.242
0.0 0.0 0.0 1.0 0.0 0.0 0.0 0.0 1.0 0.0 0.069 0.483 0.517 0.504 2.0 0.080 0.051 0.242
0.0 0.0 0.0 1.0 0.0 0.0 0.0 0.0 0.0 0.0 0.138 0.414 0.448 0.435 3.0 0.136 0.154 0.242
0.0 0.0 0.0 0.0 1.0 0.0 0.0 0.0 1.0 0.0 0.069 0.483 0.517 0.504 2.0 0.080 0.051 0.242
0.0 0.0 0.0 1.0 0.0 0.0 0.0 0.0 1.0 0.0 0.069 0.483 0.517 0.504 2.0 0.080 0.051 0.242
0.0 0.0 0.0 1.0 0.0 0.0 0.0 0.0 0.0 0.0 0.172 0.379 0.414 0.401 3.0 0.148 0.205 0.242
0.0 0.0 0.0 0.0 1.0 0.0 0.0 0.0 1.0 0.0 0.069 0.483 0.517 0.504 2.0 0.080 0.051 0.242
0.0 1.0 0.0 0.0 0.0 0.0 0.0 0.0 0.0 0.0 0.103 0.448 0.483 0.470 1.0 0.080 0.051 0.242
0.0 0.0 0.0 1.0 0.0 0.0 0.0 0.0 1.0 0.0 0.069 0.483 0.517 0.504 2.0 0.057 0.051 0.242
0.0 0.0 0.0 1.0 0.0 0.0 0.0 0.0 0.0 0.0 0.207 0.345 0.379 0.366 3.0 0.148 0.256 0.242
0.0 1.0 0.0 0.0 0.0 0.0 0.0 0.0 0.0 0.0 0.103 0.448 0.483 0.470 1.0 0.080 0.051 0.242
0.0 0.0 0.0 0.0 1.0 0.0 0.0 0.0 1.0 0.0 0.069 0.483 0.517 0.504 2.0 0.057 0.051 0.242
0.0 0.0 0.0 1.0 0.0 0.0 0.0 0.0 1.0 0.0 0.069 0.483 0.517 0.504 2.0 0.080 0.051 0.242
0.0 1.0 0.0 0.0 0.0 0.0 0.0 0.0 0.0 0.0 0.276 0.276 0.310 0.297 1.0 0.102 0.308 0.242
0.0 0.0 1.0 0.0 0.0 0.0 0.0 0.0 0.0 0.0 0.241 0.310 0.345 0.332 3.0 0.125 0.308 0.242
0.0 0.0 0.0 0.0 1.0 0.0 0.0 0.0 1.0 0.0 0.069 0.483 0.517 0.504 2.0 0.080 0.051 0.242
0.0 0.0 0.0 1.0 0.0 0.0 0.0 0.0 1.0 0.0 0.069 0.483 0.517 0.504 2.0 0.080 0.051 0.242
0.0 0.0 0.0 1.0 0.0 0.0 0.0 0.0 0.0 0.0 0.310 0.241 0.276 0.263 3.0 0.125 0.359 0.242
0.0 0.0 0.0 0.0 1.0 0.0 0.0 0.0 1.0 0.0 0.069 0.483 0.517 0.504 2.0 0.080 0.051 0.242
0.0 0.0 0.0 0.0 1.0 0.0 0.0 0.0 1.0 0.0 0.069 0.483 0.517 0.504 2.0 0.080 0.051 0.242
0.0 0.0 0.0 1.0 0.0 0.0 0.0 0.0 0.0 0.0 0.345 0.207 0.241 0.228 3.0 0.159 0.410 0.242
0.0 0.0 0.0 1.0 0.0 0.0 0.0 0.0 1.0 0.0 0.069 0.483 0.517 0.504 2.0 0.091 0.051 0.242
0.0 0.0 1.0 0.0 0.0 0.0 0.0 0.0 0.0 0.0 0.724 0.103 0.103 0.103 2.0 0.148 0.436 0.015
0.0 0.0 1.0 0.0 0.0 0.0 0.0 0.0 0.0 0.0 0.862 0.103 0.103 0.103 2.0 0.125 0.641 0.015
0.0 0.0 1.0 0.0 0.0 0.0 0.0 0.0 0.0 0.0 0.897 0.103 0.103 0.103 2.0 0.125 0.744 0.015
0.0 0.0 0.0 0.0 0.0 1.0 0.0 0.0 0.0 0.0 0.931 0.069 0.069 0.069 2.0 0.148 0.744 0.015
0.0 0.0 0.0 0.0 1.0 0.0 0.0 0.0 0.0 0.0 0.690 0.138 0.310 0.264 3.0 0.295 0.436 0.091
0.0 1.0 0.0 0.0 0.0 0.0 0.0 0.0 0.0 0.0 0.828 0.138 0.172 0.164 1.0 0.170 0.641 0.061
0.0 0.0 0.0 0.0 0.0 1.0 0.0 0.0 0.0 0.0 0.793 0.172 0.207 0.198 3.0 0.216 0.641 0.061
0.0 0.0 0.0 1.0 0.0 0.0 0.0 0.0 0.0 0.0 0.586 0.241 0.241 0.241 2.0 0.091 0.333 0.015
0.0 0.0 0.0 0.0 1.0 0.0 0.0 0.0 0.0 0.0 0.862 0.138 0.138 0.138 2.0 0.170 0.744 0.045
0.0 0.0 1.0 0.0 0.0 0.0 0.0 0.0 0.0 0.0 0.931 0.069 0.069 0.069 2.0 0.102 0.744 0.015
0.0 1.0 0.0 0.0 0.0 0.0 0.0 0.0 0.0 0.0 0.724 0.207 0.241 0.224 1.0 0.114 0.538 0.030
0.0 0.0 1.0 0.0 0.0 0.0 0.0 0.0 0.0 0.0 0.793 0.138 0.138 0.138 2.0 0.125 0.538 0.015
0.0 1.0 0.0 0.0 0.0 0.0 0.0 0.0 0.0 0.0 0.517 0.310 0.310 0.310 1.0 0.114 0.333 0.015
0.0 1.0 0.0 0.0 0.0 0.0 0.0 0.0 0.0 0.0 0.724 0.207 0.241 0.224 1.0 0.136 0.436 0.030
0.0 0.0 0.0 1.0 0.0 0.0 0.0 0.0 0.0 0.0 0.862 0.138 0.138 0.138 2.0 0.114 0.744 0.015
0.0 0.0 0.0 1.0 0.0 0.0 0.0 0.0 0.0 0.0 0.793 0.172 0.172 0.172 2.0 0.125 0.641 0.015
0.0 1.0 0.0 0.0 0.0 0.0 0.0 0.0 0.0 0.0 0.552 0.276 0.276 0.276 1.0 0.080 0.333 0.015
0.0 0.0 0.0 0.0 0.0 1.0 0.0 0.0 0.0 0.0 0.517 0.310 0.310 0.310 2.0 0.159 0.333 0.015
0.0 0.0 0.0 1.0 0.0 0.0 0.0 0.0 0.0 0.0 0.690 0.138 0.138 0.138 2.0 0.102 0.436 0.015
0.0 0.0 0.0 1.0 0.0 0.0 0.0 0.0 0.0 0.0 0.897 0.103 0.103 0.103 2.0 0.148 0.744 0.015
0.0 0.0 0.0 0.0 1.0 0.0 0.0 0.0 0.0 0.0 0.897 0.103 0.103 0.103 2.0 0.148 0.744 0.015
0.0 0.0 0.0 1.0 0.0 0.0 0.0 0.0 0.0 0.0 0.759 0.172 0.207 0.190 2.0 0.125 0.538 0.030
0.0 0.0 0.0 1.0 0.0 0.0 0.0 0.0 0.0 0.0 0.724 0.207 0.207 0.207 2.0 0.170 0.538 0.015
0.0 0.0 0.0 0.0 1.0 0.0 0.0 0.0 0.0 0.0 0.552 0.276 0.276 0.276 2.0 0.136 0.333 0.015
0.0 0.0 0.0 1.0 0.0 0.0 0.0 0.0 0.0 0.0 0.552 0.276 0.276 0.276 2.0 0.136 0.333 0.015
0.0 1.0 0.0 0.0 0.0 0.0 0.0 0.0 0.0 0.0 0.897 0.103 0.103 0.103 1.0 0.114 0.744 0.015
0.0 0.0 1.0 0.0 0.0 0.0 0.0 0.0 0.0 0.0 0.517 0.310 0.483 0.437 2.0 0.227 0.436 0.091
0.0 0.0 1.0 0.0 0.0 0.0 0.0 0.0 0.0 0.0 0.724 0.276 0.276 0.276 2.0 0.205 0.744 0.045
0.0 1.0 0.0 0.0 0.0 0.0 0.0 0.0 0.0 0.0 0.379 0.448 0.621 0.552 1.0 0.239 0.231 0.121
0.0 0.0 1.0 0.0 0.0 0.0 0.0 0.0 0.0 0.0 0.345 0.483 0.655 0.586 3.0 0.170 0.231 0.121
0.0 1.0 0.0 0.0 0.0 0.0 0.0 0.0 0.0 0.0 0.172 0.655 0.828 0.759 1.0 0.102 0.077 0.121
0.0 0.0 0.0 1.0 0.0 0.0 0.0 0.0 0.0 0.0 0.172 0.655 0.828 0.759 2.0 0.239 0.128 0.121
0.0 1.0 0.0 0.0 0.0 0.0 0.0 0.0 0.0 0.0 0.138 0.690 0.862 0.793 1.0 0.193 0.077 0.121
0.0 1.0 0.0 0.0 0.0 0.0 0.0 0.0 0.0 0.0 0.172 0.655 0.828 0.764 1.0 0.182 0.077 0.106
0.0 1.0 0.0 0.0 0.0 0.0 0.0 0.0 0.0 0.0 0.138 0.690 0.862 0.798 1.0 0.182 0.077 0.106
0.0 1.0 0.0 0.0 0.0 0.0 0.0 0.0 0.0 0.0 0.138 0.793 0.862 0.841 1.0 0.182 0.077 0.076
0.0 1.0 0.0 0.0 0.0 0.0 0.0 0.0 0.0 0.0 0.172 0.759 0.828 0.807 1.0 0.170 0.077 0.076
0.0 0.0 0.0 0.0 0.0 1.0 0.0 0.0 0.0 0.0 0.483 0.448 0.517 0.497 2.0 0.170 0.436 0.076
0.0 0.0 1.0 0.0 0.0 0.0 0.0 0.0 0.0 0.0 0.552 0.414 0.448 0.440 2.0 0.193 0.538 0.061
0.0 1.0 0.0 0.0 0.0 0.0 0.0 0.0 0.0 0.0 0.138 0.828 0.862 0.853 1.0 0.205 0.077 0.061
0.0 1.0 0.0 0.0 0.0 0.0 0.0 0.0 0.0 0.0 0.172 0.793 0.828 0.819 1.0 0.205 0.077 0.061
0.0 0.0 1.0 0.0 0.0 0.0 0.0 0.0 0.0 0.0 0.414 0.414 0.586 0.540 2.0 0.159 0.333 0.091
0.0 0.0 0.0 0.0 0.0 1.0 0.0 0.0 0.0 0.0 0.448 0.379 0.552 0.506 2.0 0.182 0.436 0.091
0.0 0.0 0.0 1.0 0.0 0.0 0.0 0.0 0.0 0.0 0.241 0.586 0.759 0.690 2.0 0.193 0.128 0.121
0.0 0.0 0.0 1.0 0.0 0.0 0.0 0.0 0.0 0.0 0.655 0.310 0.345 0.336 2.0 0.193 0.641 0.061
0.0 0.0 0.0 1.0 0.0 0.0 0.0 0.0 0.0 0.0 0.586 0.345 0.414 0.393 2.0 0.216 0.538 0.076
0.0 0.0 0.0 1.0 0.0 0.0 0.0 0.0 0.0 0.0 0.414 0.414 0.586 0.522 2.0 0.216 0.333 0.106
0.0 1.0 0.0 0.0 0.0 0.0 0.0 0.0 0.0 0.0 0.138 0.862 0.862 0.862 1.0 0.125 0.077 0.045
0.0 1.0 0.0 0.0 0.0 0.0 0.0 0.0 0.0 0.0 0.138 0.862 0.862 0.862 1.0 0.125 0.077 0.045
0.0 1.0 0.0 0.0 0.0 0.0 0.0 0.0 0.0 0.0 0.345 0.483 0.655 0.591 1.0 0.148 0.231 0.106
0.0 0.0 0.0 0.0 1.0 0.0 0.0 0.0 0.0 0.0 0.310 0.517 0.690 0.626 2.0 0.136 0.231 0.106
0.0 0.0 0.0 0.0 0.0 1.0 0.0 0.0 0.0 0.0 0.207 0.621 0.793 0.724 2.0 0.193 0.179 0.121
0.0 1.0 0.0 0.0 0.0 0.0 0.0 0.0 0.0 0.0 0.517 0.414 0.483 0.462 1.0 0.114 0.436 0.076
0.0 1.0 0.0 0.0 0.0 0.0 0.0 0.0 0.0 0.0 0.207 0.621 0.793 0.724 1.0 0.159 0.128 0.121
0.0 0.0 0.0 1.0 0.0 0.0 0.0 0.0 0.0 0.0 0.138 0.690 0.862 0.816 2.0 0.205 0.128 0.091
0.0 0.0 0.0 0.0 1.0 0.0 0.0 0.0 0.0 0.0 0.241 0.586 0.759 0.695 2.0 0.148 0.179 0.106
0.0 0.0 1.0 0.0 0.0 0.0 0.0 0.0 0.0 0.0 0.276 0.552 0.724 0.660 2.0 0.182 0.231 0.106
0.0 0.0 0.0 1.0 0.0 0.0 0.0 0.0 0.0 0.0 0.207 0.621 0.793 0.747 2.0 0.125 0.128 0.091
0.0 0.0 0.0 1.0 0.0 0.0 0.0 0.0 0.0 0.0 0.379 0.448 0.621 0.575 2.0 0.136 0.333 0.091
0.0 0.0 0.0 0.0 1.0 0.0 0.0 0.0 0.0 0.0 0.207 0.621 0.793 0.747 2.0 0.136 0.128 0.091
0.0 0.0 0.0 0.0 0.0 1.0 0.0 0.0 0.0 0.0 0.138 0.690 0.862 0.816 2.0 0.170 0.128 0.091
0.0 0.0 0.0 0.0 1.0 0.0 0.0 0.0 0.0 0.0 0.207 0.759 0.793 0.784 2.0 0.125 0.128 0.061
0.0 0.0 0.0 1.0 0.0 0.0 0.0 0.0 0.0 0.0 0.517 0.448 0.483 0.474 2.0 0.159 0.538 0.061
0.0 0.0 0.0 1.0 0.0 0.0 0.0 0.0 0.0 0.0 0.207 0.759 0.793 0.784 2.0 0.148 0.128 0.061
0.0 1.0 0.0 0.0 0.0 0.0 0.0 0.0 0.0 0.0 0.586 0.379 0.414 0.405 1.0 0.136 0.538 0.061
0.0 0.0 0.0 1.0 0.0 0.0 0.0 0.0 0.0 0.0 0.207 0.793 0.793 0.793 2.0 0.170 0.128 0.045
0.0 0.0 0.0 1.0 0.0 0.0 0.0 0.0 0.0 0.0 0.586 0.414 0.414 0.414 2.0 0.170 0.641 0.045
0.0 0.0 0.0 0.0 1.0 0.0 0.0 0.0 0.0 0.0 0.207 0.793 0.793 0.793 2.0 0.182 0.128 0.045
0.0 0.0 0.0 1.0 0.0 0.0 0.0 0.0 0.0 0.0 0.621 0.379 0.379 0.379 4.0 0.227 0.744 0.045
0.0 0.0 0.0 1.0 0.0 0.0 0.0 0.0 0.0 0.0 0.621 0.379 0.379 0.379 2.0 0.136 0.641 0.045
0.0 1.0 0.0 0.0 0.0 0.0 0.0 0.0 0.0 0.0 0.690 0.310 0.310 0.310 1.0 0.114 0.744 0.045
0.0 0.0 1.0 0.0 0.0 0.0 0.0 0.0 0.0 0.0 0.655 0.345 0.345 0.345 3.0 0.148 0.744 0.045
0.0 0.0 0.0 0.0 1.0 0.0 0.0 0.0 0.0 0.0 0.138 0.690 0.862 0.816 2.0 0.148 0.128 0.091
0.0 1.0 0.0 0.0 0.0 0.0 0.0 0.0 0.0 0.0 0.207 0.621 0.793 0.747 1.0 0.080 0.128 0.091
0.0 0.0 0.0 1.0 0.0 0.0 0.0 0.0 0.0 0.0 0.172 0.655 0.828 0.782 2.0 0.102 0.128 0.091
0.0 0.0 0.0 1.0 0.0 0.0 0.0 0.0 0.0 0.0 0.448 0.379 0.552 0.506 2.0 0.148 0.436 0.091
0.0 0.0 0.0 1.0 0.0 0.0 0.0 0.0 0.0 0.0 0.483 0.345 0.517 0.471 2.0 0.182 0.436 0.091
0.0 0.0 0.0 1.0 0.0 0.0 0.0 0.0 0.0 0.0 0.310 0.517 0.690 0.621 2.0 0.114 0.231 0.121
0.0 0.0 0.0 0.0 1.0 0.0 0.0 0.0 0.0 0.0 0.172 0.828 0.828 0.828 2.0 0.182 0.128 0.045
0.0 0.0 0.0 0.0 1.0 0.0 0.0 0.0 0.0 0.0 0.172 0.828 0.828 0.828 2.0 0.182 0.128 0.045
0.0 0.0 0.0 1.0 0.0 0.0 0.0 0.0 0.0 0.0 0.207 0.793 0.793 0.793 2.0 0.136 0.128 0.045
0.0 0.0 0.0 0.0 1.0 0.0 0.0 0.0 0.0 0.0 0.207 0.759 0.793 0.784 2.0 0.193 0.128 0.061
0.0 0.0 0.0 0.0 1.0 0.0 0.0 0.0 0.0 0.0 0.172 0.793 0.828 0.819 2.0 0.193 0.128 0.061
0.0 0.0 0.0 1.0 0.0 0.0 0.0 0.0 0.0 0.0 0.241 0.724 0.759 0.750 2.0 0.125 0.128 0.061
0.0 0.0 0.0 1.0 0.0 0.0 0.0 0.0 0.0 0.0 0.621 0.345 0.379 0.371 2.0 0.136 0.641 0.061
0.0 0.0 0.0 1.0 0.0 0.0 0.0 0.0 0.0 0.0 0.586 0.379 0.414 0.405 3.0 0.205 0.641 0.061
0.0 0.0 0.0 0.0 1.0 0.0 0.0 0.0 0.0 0.0 0.207 0.724 0.793 0.772 2.0 0.193 0.128 0.076
0.0 0.0 0.0 0.0 1.0 0.0 0.0 0.0 0.0 0.0 0.172 0.759 0.828 0.807 2.0 0.182 0.128 0.076
0.0 0.0 0.0 1.0 0.0 0.0 0.0 0.0 0.0 0.0 0.241 0.690 0.759 0.738 2.0 0.125 0.128 0.076
0.0 0.0 0.0 1.0 0.0 0.0 0.0 0.0 0.0 0.0 0.552 0.379 0.448 0.428 3.0 0.170 0.538 0.076
0.0 0.0 0.0 1.0 0.0 0.0 0.0 0.0 0.0 0.0 0.517 0.414 0.483 0.462 2.0 0.159 0.538 0.076
0.0 0.0 0.0 0.0 1.0 0.0 0.0 0.0 0.0 0.0 0.172 0.655 0.828 0.764 2.0 0.193 0.128 0.106
0.0 0.0 0.0 0.0 1.0 0.0 0.0 0.0 0.0 0.0 0.207 0.621 0.793 0.729 2.0 0.193 0.128 0.106
0.0 0.0 1.0 0.0 0.0 0.0 0.0 0.0 0.0 0.0 0.241 0.586 0.759 0.695 2.0 0.125 0.128 0.106
0.0 0.0 0.0 1.0 0.0 0.0 0.0 0.0 0.0 0.0 0.379 0.448 0.621 0.557 3.0 0.182 0.333 0.106
0.0 0.0 0.0 0.0 1.0 0.0 0.0 0.0 0.0 0.0 0.379 0.448 0.621 0.557 2.0 0.136 0.333 0.106
0.0 0.0 0.0 1.0 0.0 0.0 0.0 0.0 0.0 0.0 0.207 0.621 0.793 0.724 2.0 0.193 0.179 0.121
0.0 0.0 0.0 0.0 1.0 0.0 0.0 0.0 0.0 0.0 0.207 0.621 0.793 0.724 2.0 0.193 0.179 0.121
0.0 1.0 0.0 0.0 0.0 0.0 0.0 0.0 0.0 0.0 0.276 0.552 0.724 0.655 1.0 0.080 0.179 0.121
0.0 0.0 0.0 1.0 0.0 0.0 0.0 0.0 0.0 0.0 0.241 0.586 0.759 0.690 2.0 0.080 0.179 0.121
0.0 0.0 0.0 0.0 1.0 0.0 0.0 0.0 0.0 0.0 0.241 0.586 0.759 0.690 3.0 0.216 0.231 0.121
0.0 0.0 0.0 1.0 0.0 0.0 0.0 0.0 0.0 0.0 0.241 0.586 0.759 0.690 2.0 0.193 0.231 0.121
0.0 0.0 0.0 0.0 1.0 0.0 0.0 0.0 0.0 0.0 0.207 0.621 0.793 0.724 2.0 0.148 0.128 0.121
0.0 0.0 0.0 1.0 0.0 0.0 0.0 0.0 0.0 0.0 0.207 0.621 0.793 0.724 2.0 0.148 0.128 0.121
0.0 1.0 0.0 0.0 0.0 0.0 0.0 0.0 0.0 0.0 0.172 0.759 0.828 0.807 1.0 0.125 0.128 0.076
0.0 0.0 1.0 0.0 0.0 0.0 0.0 0.0 0.0 0.0 0.483 0.345 0.517 0.453 2.0 0.250 0.333 0.106
0.0 0.0 1.0 0.0 0.0 0.0 0.0 0.0 0.0 0.0 0.690 0.241 0.310 0.290 2.0 0.193 0.538 0.076
0.0 1.0 0.0 0.0 0.0 0.0 0.0 0.0 0.0 0.0 0.759 0.207 0.241 0.233 1.0 0.125 0.641 0.061
0.0 0.0 1.0 0.0 0.0 0.0 0.0 0.0 0.0 0.0 0.724 0.241 0.276 0.267 2.0 0.114 0.641 0.061
0.0 0.0 1.0 0.0 0.0 0.0 0.0 0.0 0.0 0.0 0.793 0.207 0.207 0.207 2.0 0.148 0.744 0.045
0.0 0.0 0.0 0.0 1.0 0.0 0.0 0.0 0.0 0.0 0.759 0.241 0.241 0.241 2.0 0.216 0.744 0.045
0.0 0.0 0.0 0.0 1.0 0.0 0.0 0.0 0.0 0.0 0.448 0.379 0.552 0.488 3.0 0.341 0.333 0.106
0.0 0.0 0.0 0.0 1.0 0.0 0.0 0.0 0.0 0.0 0.621 0.310 0.379 0.359 3.0 0.318 0.538 0.076
0.0 0.0 0.0 0.0 1.0 0.0 0.0 0.0 0.0 0.0 0.690 0.276 0.310 0.302 2.0 0.227 0.641 0.061
0.0 0.0 0.0 1.0 0.0 0.0 0.0 0.0 0.0 0.0 0.448 0.379 0.552 0.483 2.0 0.239 0.231 0.121
0.0 1.0 0.0 0.0 0.0 0.0 0.0 0.0 0.0 0.0 0.552 0.276 0.448 0.402 1.0 0.114 0.436 0.091
0.0 0.0 1.0 0.0 0.0 0.0 0.0 0.0 0.0 0.0 0.655 0.172 0.345 0.299 2.0 0.182 0.436 0.091
0.0 1.0 0.0 0.0 0.0 0.0 0.0 0.0 0.0 0.0 0.276 0.552 0.724 0.655 1.0 0.114 0.128 0.121
0.0 1.0 0.0 0.0 0.0 0.0 0.0 0.0 0.0 0.0 0.483 0.345 0.517 0.471 1.0 0.125 0.333 0.091
0.0 0.0 0.0 1.0 0.0 0.0 0.0 0.0 0.0 0.0 0.759 0.241 0.241 0.241 2.0 0.148 0.744 0.045
0.0 0.0 0.0 1.0 0.0 0.0 0.0 0.0 0.0 0.0 0.690 0.276 0.310 0.302 2.0 0.148 0.641 0.061
0.0 0.0 0.0 1.0 0.0 0.0 0.0 0.0 0.0 0.0 0.655 0.276 0.345 0.324 2.0 0.148 0.538 0.076
0.0 0.0 0.0 0.0 1.0 0.0 0.0 0.0 0.0 0.0 0.414 0.414 0.586 0.522 2.0 0.159 0.231 0.106
0.0 0.0 0.0 1.0 0.0 0.0 0.0 0.0 0.0 0.0 0.448 0.379 0.552 0.488 2.0 0.148 0.333 0.106
0.0 1.0 0.0 0.0 0.0 0.0 0.0 0.0 0.0 0.0 0.621 0.207 0.379 0.333 1.0 0.125 0.436 0.091
0.0 0.0 1.0 0.0 0.0 0.0 0.0 0.0 0.0 0.0 0.586 0.241 0.414 0.368 2.0 0.091 0.436 0.091
0.0 0.0 0.0 1.0 0.0 0.0 0.0 0.0 0.0 0.0 0.552 0.276 0.448 0.402 2.0 0.193 0.436 0.091
0.0 0.0 0.0 0.0 1.0 0.0 0.0 0.0 0.0 0.0 0.414 0.414 0.586 0.517 2.0 0.170 0.231 0.121
0.0 0.0 0.0 1.0 0.0 0.0 0.0 0.0 0.0 0.0 0.414 0.414 0.586 0.517 2.0 0.170 0.231 0.121
0.0 0.0 0.0 1.0 0.0 0.0 0.0 0.0 0.0 0.0 0.379 0.207 0.207 0.207 2.0 0.136 0.410 0.121
0.0 1.0 0.0 0.0 0.0 0.0 0.0 0.0 1.0 0.0 0.034 0.552 0.552 0.552 1.0 0.057 0.026 0.121
0.0 1.0 0.0 0.0 0.0 0.0 0.0 0.0 1.0 0.0 0.034 0.552 0.552 0.552 1.0 0.057 0.026 0.121
0.0 1.0 0.0 0.0 0.0 0.0 0.0 0.0 1.0 0.0 0.034 0.552 0.552 0.552 1.0 0.057 0.026 0.121
0.0 1.0 0.0 0.0 0.0 0.0 0.0 0.0 1.0 0.0 0.034 0.552 0.552 0.552 1.0 0.057 0.026 0.121
0.0 1.0 0.0 0.0 0.0 0.0 0.0 0.0 1.0 0.0 0.034 0.552 0.552 0.552 1.0 0.057 0.026 0.121
0.0 1.0 0.0 0.0 0.0 0.0 0.0 0.0 1.0 0.0 0.034 0.552 0.552 0.552 1.0 0.057 0.026 0.121
0.0 1.0 0.0 0.0 0.0 0.0 0.0 0.0 1.0 0.0 0.034 0.552 0.552 0.552 1.0 0.057 0.026 0.121
0.0 1.0 0.0 0.0 0.0 0.0 0.0 0.0 1.0 0.0 0.034 0.552 0.552 0.552 1.0 0.045 0.026 0.121
0.0 1.0 0.0 0.0 0.0 0.0 0.0 0.0 0.0 0.0 0.103 0.483 0.483 0.483 1.0 0.068 0.051 0.121
0.0 0.0 1.0 0.0 0.0 0.0 0.0 0.0 1.0 0.0 0.069 0.517 0.517 0.517 2.0 0.057 0.051 0.121
0.0 0.0 0.0 1.0 0.0 0.0 0.0 0.0 1.0 0.0 0.138 0.448 0.448 0.448 3.0 0.091 0.103 0.121
0.0 0.0 0.0 0.0 1.0 0.0 0.0 0.0 1.0 0.0 0.069 0.517 0.517 0.517 2.0 0.080 0.051 0.121
0.0 0.0 0.0 1.0 0.0 0.0 0.0 0.0 1.0 0.0 0.069 0.517 0.517 0.517 2.0 0.080 0.051 0.121
0.0 0.0 0.0 1.0 0.0 0.0 0.0 0.0 0.0 0.0 0.172 0.414 0.414 0.414 3.0 0.136 0.154 0.121
0.0 0.0 0.0 0.0 1.0 0.0 0.0 0.0 1.0 0.0 0.069 0.517 0.517 0.517 2.0 0.080 0.051 0.121
0.0 0.0 0.0 1.0 0.0 0.0 0.0 0.0 1.0 0.0 0.069 0.517 0.517 0.517 2.0 0.080 0.051 0.121
0.0 0.0 0.0 1.0 0.0 0.0 0.0 0.0 0.0 0.0 0.207 0.379 0.379 0.379 3.0 0.148 0.205 0.121
0.0 0.0 0.0 0.0 1.0 0.0 0.0 0.0 1.0 0.0 0.069 0.517 0.517 0.517 2.0 0.080 0.051 0.121
0.0 0.0 0.0 1.0 0.0 0.0 0.0 0.0 1.0 0.0 0.069 0.517 0.517 0.517 2.0 0.080 0.051 0.121
0.0 0.0 0.0 1.0 0.0 0.0 0.0 0.0 0.0 0.0 0.241 0.345 0.345 0.345 3.0 0.148 0.256 0.121
0.0 0.0 0.0 0.0 1.0 0.0 0.0 0.0 1.0 0.0 0.069 0.517 0.517 0.517 2.0 0.080 0.051 0.121
0.0 0.0 0.0 1.0 0.0 0.0 0.0 0.0 1.0 0.0 0.069 0.517 0.517 0.517 2.0 0.080 0.051 0.121
0.0 0.0 0.0 1.0 0.0 0.0 0.0 0.0 0.0 0.0 0.276 0.310 0.310 0.310 3.0 0.148 0.308 0.121
