0.0 0.0 0.0 1.0 0.0 0.0 0.0 0.0 1.0 0.0 0.007 0.704 0.963 2.0 0.278 0.021 0.548
1.0 0.0 0.0 0.0 0.0 0.0 0.0 0.0 0.0 0.0 0.015 0.696 0.956 2.0 0.333 0.032 0.548
0.0 0.0 1.0 0.0 0.0 0.0 0.0 0.0 0.0 0.0 0.022 0.689 0.948 1.0 0.556 0.032 0.548
0.0 0.0 0.0 0.0 1.0 0.0 0.0 0.0 0.0 0.0 0.030 0.681 0.941 2.0 0.500 0.032 0.548
0.0 1.0 0.0 0.0 0.0 0.0 0.0 0.0 0.0 0.0 0.030 0.681 0.941 2.0 0.444 0.042 0.548
0.0 0.0 0.0 0.0 0.0 1.0 0.0 0.0 0.0 0.0 0.052 0.719 0.919 2.0 0.889 0.063 0.516
0.0 0.0 0.0 0.0 0.0 0.0 1.0 0.0 0.0 0.0 0.037 0.711 0.926 2.0 0.389 0.053 0.516
0.0 0.0 0.0 0.0 0.0 0.0 0.0 1.0 0.0 0.0 0.044 0.704 0.933 2.0 0.333 0.063 0.516
0.0 0.0 0.0 1.0 0.0 0.0 0.0 0.0 0.0 0.0 0.052 0.696 0.941 2.0 0.278 0.074 0.516
0.0 0.0 1.0 0.0 0.0 0.0 0.0 0.0 0.0 0.0 0.059 0.689 0.948 2.0 0.222 0.084 0.516
0.0 0.0 0.0 0.0 1.0 0.0 0.0 0.0 0.0 0.0 0.067 0.681 0.956 2.0 0.167 0.095 0.516
0.0 0.0 0.0 0.0 0.0 1.0 0.0 0.0 0.0 0.0 0.074 0.674 0.963 2.0 0.111 0.105 0.516
0.0 0.0 0.0 0.0 0.0 0.0 1.0 0.0 0.0 0.0 0.081 0.667 0.970 2.0 0.056 0.116 0.516
0.0 0.0 0.0 0.0 0.0 0.0 0.0 1.0 0.0 0.0 0.089 0.659 0.978 2.0 0.000 0.126 0.516
1.0 0.0 0.0 0.0 0.0 0.0 0.0 0.0 0.0 0.0 0.096 0.652 0.985 2.0 0.000 0.137 0.516
