0.0 0.0 0.0 1.0 0.0 0.0 0.0 0.0 0.0 0.0 0.075 0.475 0.925 0.600 4.0 1.000 0.116 0.724
0.0 0.0 0.0 1.0 0.0 0.0 0.0 0.0 0.0 0.0 0.175 0.825 0.825 0.825 2.0 0.197 0.174 0.034
0.0 0.0 0.0 1.0 0.0 0.0 0.0 0.0 0.0 0.0 0.175 0.750 0.825 0.787 2.0 0.197 0.174 0.069
0.0 0.0 0.0 1.0 0.0 0.0 0.0 0.0 0.0 0.0 0.175 0.625 0.825 0.733 2.0 0.197 0.174 0.103
0.0 0.0 0.0 1.0 0.0 0.0 0.0 0.0 0.0 0.0 0.200 0.475 0.800 0.592 4.0 0.288 0.261 0.207
0.0 0.0 0.0 1.0 0.0 0.0 0.0 0.0 0.0 0.0 0.200 0.450 0.800 0.547 4.0 0.273 0.261 0.310
0.0 0.0 1.0 0.0 0.0 0.0 0.0 0.0 0.0 0.0 0.100 0.550 0.900 0.647 2.0 0.288 0.072 0.310
0.0 0.0 0.0 1.0 0.0 0.0 0.0 0.0 0.0 0.0 0.200 0.375 0.800 0.517 4.0 0.288 0.275 0.414
0.0 0.0 0.0 1.0 0.0 0.0 0.0 0.0 0.0 0.0 0.225 0.325 0.775 0.475 4.0 0.303 0.275 0.517
0.0 0.0 0.0 1.0 0.0 0.0 0.0 0.0 0.0 0.0 0.225 0.325 0.775 0.461 4.0 0.364 0.290 0.621
0.0 0.0 0.0 1.0 0.0 0.0 0.0 0.0 0.0 0.0 0.225 0.325 0.775 0.450 4.0 0.303 0.275 0.724
0.0 0.0 1.0 0.0 0.0 0.0 0.0 0.0 1.0 0.0 0.175 0.825 0.825 0.825 2.0 0.318 0.145 0.034
0.0 0.0 1.0 0.0 0.0 0.0 0.0 0.0 1.0 0.0 0.175 0.750 0.825 0.787 2.0 0.318 0.145 0.069
0.0 0.0 1.0 0.0 0.0 0.0 0.0 0.0 1.0 0.0 0.175 0.625 0.825 0.733 2.0 0.303 0.145 0.103
0.0 0.0 0.0 1.0 0.0 0.0 0.0 0.0 0.0 0.0 0.200 0.475 0.800 0.592 2.0 0.197 0.159 0.207
0.0 0.0 0.0 1.0 0.0 0.0 0.0 0.0 0.0 0.0 0.200 0.450 0.800 0.547 3.0 0.273 0.203 0.310
0.0 0.0 0.0 1.0 0.0 0.0 0.0 0.0 0.0 0.0 0.200 0.375 0.800 0.517 3.0 0.273 0.188 0.414
0.0 0.0 0.0 1.0 0.0 0.0 0.0 0.0 0.0 0.0 0.250 0.300 0.750 0.450 4.0 0.318 0.174 0.517
0.0 0.0 0.0 1.0 0.0 0.0 0.0 0.0 0.0 0.0 0.200 0.350 0.800 0.486 3.0 0.318 0.188 0.621
0.0 0.0 0.0 1.0 0.0 0.0 0.0 0.0 0.0 0.0 0.200 0.350 0.800 0.475 4.0 0.348 0.246 0.724
0.0 0.0 0.0 1.0 0.0 0.0 0.0 0.0 0.0 0.0 0.075 0.475 0.925 0.593 2.0 0.227 0.072 0.793
0.0 0.0 1.0 0.0 0.0 0.0 0.0 0.0 1.0 0.0 0.025 0.525 0.975 0.643 2.0 0.152 0.029 0.793
0.0 0.0 1.0 0.0 0.0 0.0 0.0 0.0 1.0 0.0 0.025 0.525 0.975 0.643 2.0 0.091 0.029 0.793
0.0 0.0 1.0 0.0 0.0 0.0 0.0 0.0 1.0 0.0 0.025 0.525 0.975 0.643 2.0 0.061 0.029 0.793
0.0 0.0 0.0 1.0 0.0 0.0 0.0 0.0 0.0 0.0 0.200 0.350 0.800 0.468 3.0 0.318 0.246 0.793
0.0 0.0 0.0 1.0 0.0 0.0 0.0 0.0 0.0 0.0 0.200 0.350 0.800 0.468 3.0 0.197 0.261 0.793
0.0 0.0 0.0 1.0 0.0 0.0 0.0 0.0 0.0 0.0 0.200 0.350 0.800 0.468 3.0 0.227 0.261 0.793
0.0 0.0 0.0 1.0 0.0 0.0 0.0 0.0 0.0 0.0 0.200 0.350 0.800 0.468 3.0 0.242 0.246 0.793
0.0 0.0 0.0 1.0 0.0 0.0 0.0 0.0 0.0 0.0 0.225 0.325 0.775 0.443 3.0 0.227 0.275 0.793
0.0 0.0 0.0 1.0 0.0 0.0 0.0 0.0 0.0 0.0 0.200 0.350 0.800 0.468 3.0 0.227 0.246 0.793
0.0 0.0 1.0 0.0 0.0 0.0 0.0 0.0 1.0 0.0 0.100 0.450 0.900 0.568 2.0 0.303 0.087 0.793
0.0 0.0 1.0 0.0 0.0 0.0 0.0 0.0 1.0 0.0 0.100 0.450 0.900 0.568 2.0 0.242 0.087 0.793
0.0 0.0 1.0 0.0 0.0 0.0 0.0 0.0 1.0 0.0 0.100 0.450 0.900 0.568 2.0 0.273 0.087 0.793
0.0 0.0 0.0 1.0 0.0 0.0 0.0 0.0 0.0 0.0 0.225 0.325 0.775 0.443 2.0 0.121 0.246 0.793
0.0 0.0 0.0 1.0 0.0 0.0 0.0 0.0 0.0 0.0 0.200 0.350 0.800 0.468 3.0 0.227 0.246 0.793
0.0 0.0 0.0 1.0 0.0 0.0 0.0 0.0 0.0 0.0 0.200 0.350 0.800 0.468 3.0 0.197 0.246 0.793
0.0 0.0 0.0 1.0 0.0 0.0 0.0 0.0 0.0 0.0 0.225 0.325 0.775 0.443 2.0 0.152 0.246 0.793
0.0 0.0 0.0 1.0 0.0 0.0 0.0 0.0 0.0 0.0 0.200 0.350 0.800 0.468 2.0 0.121 0.232 0.793
0.0 0.0 0.0 1.0 0.0 0.0 0.0 0.0 0.0 0.0 0.200 0.350 0.800 0.468 3.0 0.212 0.261 0.793
0.0 0.0 0.0 1.0 0.0 0.0 0.0 0.0 0.0 1.0 0.175 0.000 0.000 0.000 2.0 0.121 0.217 0.034
0.0 0.0 0.0 1.0 0.0 0.0 0.0 0.0 0.0 1.0 0.100 0.000 0.000 0.000 3.0 0.121 0.072 0.034
0.0 0.0 0.0 1.0 0.0 0.0 0.0 0.0 0.0 1.0 0.625 0.000 0.000 0.000 4.0 0.182 0.725 0.034
0.0 0.0 0.0 1.0 0.0 0.0 0.0 0.0 0.0 1.0 0.575 0.000 0.000 0.000 4.0 0.212 0.710 0.034
0.0 0.0 0.0 1.0 0.0 0.0 0.0 0.0 0.0 1.0 0.675 0.000 0.000 0.000 2.0 0.091 0.899 0.034
0.0 0.0 0.0 1.0 0.0 0.0 0.0 0.0 0.0 1.0 0.650 0.000 0.000 0.000 2.0 0.091 0.884 0.034
0.0 0.0 0.0 1.0 0.0 0.0 0.0 0.0 0.0 1.0 0.575 0.000 0.000 0.000 2.0 0.091 0.855 0.034
0.0 0.0 0.0 1.0 0.0 0.0 0.0 0.0 0.0 1.0 0.550 0.000 0.000 0.000 2.0 0.091 0.855 0.034
0.0 0.0 0.0 1.0 0.0 0.0 0.0 0.0 0.0 1.0 0.550 0.000 0.000 0.000 2.0 0.091 0.797 0.034
0.0 0.0 0.0 1.0 0.0 0.0 0.0 0.0 0.0 1.0 0.550 0.000 0.000 0.000 2.0 0.091 0.768 0.034
0.0 0.0 0.0 1.0 0.0 0.0 0.0 0.0 0.0 1.0 1.000 0.000 0.000 0.000 2.0 0.076 1.000 0.034
0.0 0.0 0.0 1.0 0.0 0.0 0.0 0.0 0.0 1.0 0.925 0.000 0.000 0.000 2.0 0.091 0.971 0.034
0.0 0.0 0.0 1.0 0.0 0.0 0.0 0.0 0.0 1.0 0.800 0.000 0.000 0.000 3.0 0.121 0.928 0.034
0.0 0.0 0.0 1.0 0.0 0.0 0.0 0.0 0.0 1.0 0.675 0.000 0.000 0.000 4.0 0.167 0.855 0.034
0.0 0.0 1.0 0.0 0.0 0.0 0.0 0.0 0.0 0.0 0.625 0.050 0.050 0.050 2.0 0.136 0.667 0.034
0.0 0.0 0.0 1.0 0.0 0.0 0.0 0.0 0.0 1.0 0.650 0.000 0.000 0.000 4.0 0.167 0.855 0.034
0.0 0.0 1.0 0.0 0.0 0.0 0.0 0.0 0.0 0.0 0.625 0.025 0.025 0.025 2.0 0.136 0.667 0.034
0.0 0.0 0.0 1.0 0.0 0.0 0.0 0.0 0.0 1.0 0.650 0.000 0.000 0.000 4.0 0.167 0.826 0.034
0.0 0.0 1.0 0.0 0.0 0.0 0.0 0.0 0.0 0.0 0.625 0.025 0.025 0.025 2.0 0.136 0.667 0.034
0.0 0.0 0.0 1.0 0.0 0.0 0.0 0.0 0.0 1.0 0.675 0.000 0.000 0.000 4.0 0.167 0.841 0.034
0.0 0.0 1.0 0.0 0.0 0.0 0.0 0.0 0.0 0.0 0.650 0.025 0.025 0.025 2.0 0.136 0.681 0.034
0.0 0.0 0.0 1.0 0.0 0.0 0.0 0.0 0.0 1.0 0.650 0.000 0.000 0.000 4.0 0.152 0.783 0.034
0.0 0.0 1.0 0.0 0.0 0.0 0.0 0.0 0.0 0.0 0.625 0.025 0.025 0.025 2.0 0.136 0.667 0.034
0.0 0.0 0.0 1.0 0.0 0.0 0.0 0.0 0.0 1.0 0.625 0.000 0.000 0.000 4.0 0.152 0.739 0.034
0.0 0.0 0.0 1.0 0.0 0.0 0.0 0.0 0.0 1.0 0.675 0.000 0.000 0.000 3.0 0.121 0.899 0.034
0.0 0.0 0.0 1.0 0.0 0.0 0.0 0.0 0.0 1.0 0.675 0.000 0.000 0.000 3.0 0.106 0.913 0.034
0.0 0.0 0.0 1.0 0.0 0.0 0.0 0.0 0.0 1.0 0.650 0.000 0.000 0.000 3.0 0.121 0.884 0.034
0.0 0.0 0.0 1.0 0.0 0.0 0.0 0.0 0.0 1.0 0.675 0.000 0.000 0.000 3.0 0.106 0.884 0.034
0.0 0.0 0.0 1.0 0.0 0.0 0.0 0.0 0.0 1.0 0.650 0.000 0.000 0.000 3.0 0.121 0.812 0.034
0.0 0.0 0.0 1.0 0.0 0.0 0.0 0.0 0.0 1.0 0.650 0.000 0.000 0.000 3.0 0.121 0.783 0.034
0.0 0.0 1.0 0.0 0.0 0.0 0.0 0.0 0.0 0.0 0.100 0.075 0.900 0.548 3.0 0.333 0.130 0.828
0.0 1.0 0.0 0.0 0.0 0.0 0.0 0.0 1.0 0.0 0.025 0.075 0.975 0.601 2.0 0.667 0.029 0.862
0.0 0.0 0.0 0.0 0.0 1.0 0.0 0.0 1.0 0.0 0.050 0.050 0.950 0.576 2.0 0.455 0.043 0.862
0.0 1.0 0.0 0.0 0.0 0.0 0.0 0.0 1.0 0.0 0.025 0.075 0.975 0.601 2.0 0.318 0.029 0.862
0.0 1.0 0.0 0.0 0.0 0.0 0.0 0.0 1.0 0.0 0.025 0.125 0.975 0.603 2.0 0.364 0.029 0.862
0.0 1.0 0.0 0.0 0.0 0.0 0.0 0.0 1.0 0.0 0.025 0.075 0.975 0.601 1.0 0.288 0.014 0.862
0.0 1.0 0.0 0.0 0.0 0.0 0.0 0.0 1.0 0.0 0.025 0.075 0.975 0.601 2.0 0.303 0.029 0.862
0.0 1.0 0.0 0.0 0.0 0.0 0.0 0.0 1.0 0.0 0.025 0.075 0.975 0.657 1.0 0.152 0.014 0.345
0.0 1.0 0.0 0.0 0.0 0.0 0.0 0.0 0.0 0.0 0.125 0.050 0.550 0.422 1.0 0.197 0.072 0.310
0.0 1.0 0.0 0.0 0.0 0.0 0.0 0.0 0.0 0.0 0.100 0.075 0.575 0.447 2.0 0.121 0.072 0.310
0.0 0.0 1.0 0.0 0.0 0.0 0.0 0.0 0.0 0.0 0.075 0.100 0.600 0.472 2.0 0.273 0.058 0.310
0.0 1.0 0.0 0.0 0.0 0.0 0.0 0.0 1.0 0.0 0.025 0.075 0.975 0.601 2.0 0.455 0.029 0.862
0.0 0.0 0.0 0.0 1.0 0.0 0.0 0.0 0.0 0.0 0.050 0.125 0.950 0.598 2.0 0.697 0.058 0.828
0.0 1.0 0.0 0.0 0.0 0.0 0.0 0.0 1.0 0.0 0.025 0.150 0.975 0.623 1.0 0.621 0.014 0.828
0.0 1.0 0.0 0.0 0.0 0.0 0.0 0.0 0.0 0.0 0.500 0.075 0.175 0.147 2.0 0.182 0.667 0.276
0.0 1.0 0.0 0.0 0.0 0.0 0.0 0.0 0.0 0.0 0.525 0.050 0.150 0.122 1.0 0.182 0.667 0.276
0.0 0.0 0.0 0.0 1.0 0.0 0.0 0.0 1.0 0.0 0.050 0.500 0.950 0.618 2.0 0.591 0.029 0.793
0.0 0.0 0.0 0.0 1.0 0.0 0.0 0.0 1.0 0.0 0.050 0.050 0.950 0.616 2.0 0.227 0.043 0.379
0.0 0.0 0.0 0.0 1.0 0.0 0.0 0.0 1.0 0.0 0.075 0.475 0.925 0.593 2.0 0.394 0.072 0.793
0.0 0.0 0.0 0.0 0.0 1.0 0.0 0.0 0.0 0.0 0.550 0.075 0.450 0.189 2.0 0.742 0.667 0.310
0.0 0.0 1.0 0.0 0.0 0.0 0.0 0.0 0.0 0.0 0.525 0.100 0.475 0.214 4.0 0.818 0.667 0.310
0.0 0.0 0.0 0.0 0.0 1.0 0.0 0.0 1.0 0.0 0.550 0.075 0.250 0.125 3.0 0.606 0.667 0.241
0.0 0.0 1.0 0.0 0.0 0.0 0.0 0.0 1.0 0.0 0.575 0.075 0.225 0.108 2.0 0.258 0.667 0.207
0.0 0.0 1.0 0.0 0.0 0.0 0.0 0.0 0.0 0.0 0.575 0.050 0.100 0.079 2.0 0.333 0.667 0.207
0.0 0.0 0.0 0.0 0.0 1.0 0.0 0.0 1.0 0.0 0.550 0.075 0.125 0.104 3.0 0.439 0.667 0.207
0.0 0.0 0.0 1.0 0.0 0.0 0.0 0.0 0.0 0.0 0.050 0.525 0.625 0.600 3.0 0.591 0.072 0.241
0.0 1.0 0.0 0.0 0.0 0.0 0.0 0.0 1.0 0.0 0.025 0.525 0.975 0.643 2.0 0.379 0.029 0.793
0.0 0.0 0.0 0.0 0.0 1.0 0.0 0.0 0.0 0.0 0.075 0.575 0.600 0.588 2.0 0.394 0.101 0.207
0.0 1.0 0.0 0.0 0.0 0.0 0.0 0.0 0.0 0.0 0.600 0.050 0.075 0.062 1.0 0.318 0.696 0.207
0.0 1.0 0.0 0.0 0.0 0.0 0.0 0.0 0.0 0.0 0.575 0.075 0.100 0.087 2.0 0.167 0.696 0.207
0.0 0.0 1.0 0.0 0.0 0.0 0.0 0.0 0.0 0.0 0.550 0.100 0.125 0.113 2.0 0.167 0.681 0.207
0.0 0.0 1.0 0.0 0.0 0.0 0.0 0.0 0.0 0.0 0.500 0.150 0.175 0.163 2.0 0.364 0.667 0.207
0.0 0.0 0.0 0.0 1.0 0.0 0.0 0.0 1.0 0.0 0.025 0.075 0.975 0.528 2.0 0.652 0.029 1.000
0.0 0.0 0.0 0.0 0.0 1.0 0.0 0.0 1.0 0.0 0.050 0.050 0.625 0.300 2.0 0.500 0.043 0.414
0.0 0.0 0.0 0.0 0.0 1.0 0.0 0.0 0.0 0.0 0.500 0.050 0.175 0.092 3.0 0.621 0.696 0.207
0.0 1.0 0.0 0.0 0.0 0.0 0.0 0.0 0.0 0.0 0.225 0.325 0.450 0.367 1.0 0.364 0.232 0.207
0.0 1.0 0.0 0.0 0.0 0.0 0.0 0.0 0.0 0.0 0.200 0.350 0.475 0.392 2.0 0.182 0.232 0.207
0.0 0.0 1.0 0.0 0.0 0.0 0.0 0.0 0.0 0.0 0.175 0.375 0.500 0.417 2.0 0.152 0.217 0.207
0.0 1.0 0.0 0.0 0.0 0.0 0.0 0.0 0.0 0.0 0.150 0.400 0.850 0.518 2.0 0.303 0.174 0.793
0.0 0.0 0.0 0.0 0.0 1.0 0.0 0.0 1.0 0.0 0.125 0.425 0.875 0.543 3.0 0.242 0.159 0.793
0.0 0.0 0.0 0.0 0.0 1.0 0.0 0.0 1.0 0.0 0.150 0.400 0.850 0.518 3.0 0.409 0.174 0.793
0.0 0.0 0.0 1.0 0.0 0.0 0.0 0.0 0.0 0.0 0.075 0.475 0.925 0.593 2.0 0.576 0.072 0.793
0.0 0.0 0.0 0.0 0.0 1.0 0.0 0.0 0.0 0.0 0.175 0.375 0.825 0.493 2.0 0.530 0.217 0.793
0.0 0.0 0.0 0.0 1.0 0.0 0.0 0.0 0.0 0.0 0.050 0.500 0.950 0.625 2.0 0.727 0.043 0.724
0.0 1.0 0.0 0.0 0.0 0.0 0.0 0.0 0.0 0.0 0.125 0.425 0.875 0.550 2.0 0.409 0.087 0.724
0.0 0.0 1.0 0.0 0.0 0.0 0.0 0.0 0.0 0.0 0.100 0.450 0.900 0.575 2.0 0.242 0.072 0.724
0.0 0.0 0.0 0.0 1.0 0.0 0.0 0.0 1.0 0.0 0.050 0.500 0.950 0.625 3.0 0.409 0.058 0.724
0.0 0.0 1.0 0.0 0.0 0.0 0.0 0.0 0.0 0.0 0.100 0.450 0.900 0.575 2.0 0.424 0.116 0.724
0.0 0.0 0.0 1.0 0.0 0.0 0.0 0.0 0.0 0.0 0.125 0.425 0.875 0.550 3.0 0.485 0.145 0.724
0.0 0.0 0.0 0.0 1.0 0.0 0.0 0.0 1.0 0.0 0.050 0.500 0.950 0.625 3.0 0.652 0.072 0.724
0.0 0.0 0.0 1.0 0.0 0.0 0.0 0.0 0.0 1.0 0.100 0.000 0.000 0.000 2.0 0.076 0.072 0.034
0.0 0.0 0.0 1.0 0.0 0.0 0.0 0.0 0.0 1.0 0.100 0.000 0.000 0.000 2.0 0.076 0.072 0.034
0.0 0.0 0.0 1.0 0.0 0.0 0.0 0.0 0.0 1.0 0.100 0.000 0.000 0.000 2.0 0.076 0.087 0.034
0.0 0.0 0.0 1.0 0.0 0.0 0.0 0.0 0.0 1.0 0.100 0.000 0.000 0.000 2.0 0.076 0.072 0.034
0.0 0.0 0.0 1.0 0.0 0.0 0.0 0.0 0.0 1.0 0.150 0.000 0.000 0.000 2.0 0.091 0.101 0.034
0.0 0.0 0.0 1.0 0.0 0.0 0.0 0.0 0.0 1.0 0.100 0.000 0.000 0.000 2.0 0.076 0.087 0.034
0.0 0.0 1.0 0.0 0.0 0.0 0.0 0.0 0.0 0.0 0.075 0.100 0.925 0.573 4.0 0.242 0.116 0.828
0.0 0.0 1.0 0.0 0.0 0.0 0.0 0.0 0.0 0.0 0.100 0.475 0.475 0.475 3.0 0.288 0.087 0.034
0.0 0.0 0.0 0.0 1.0 0.0 0.0 0.0 1.0 0.0 0.075 0.475 0.925 0.600 3.0 0.333 0.072 0.724
0.0 1.0 0.0 0.0 0.0 0.0 0.0 0.0 0.0 0.0 0.175 0.375 0.825 0.493 1.0 0.424 0.174 0.793
0.0 0.0 0.0 0.0 1.0 0.0 0.0 0.0 1.0 0.0 0.075 0.475 0.925 0.600 3.0 0.530 0.072 0.724
0.0 0.0 0.0 0.0 1.0 0.0 0.0 0.0 0.0 0.0 0.075 0.475 0.925 0.600 3.0 0.409 0.087 0.724
0.0 0.0 0.0 0.0 1.0 0.0 0.0 0.0 1.0 0.0 0.075 0.475 0.925 0.600 3.0 0.545 0.087 0.724
0.0 0.0 0.0 1.0 0.0 0.0 0.0 0.0 1.0 0.0 0.025 0.525 0.975 0.643 2.0 0.273 0.029 0.793
0.0 1.0 0.0 0.0 0.0 0.0 0.0 0.0 0.0 0.0 0.125 0.425 0.875 0.543 2.0 0.333 0.145 0.793
0.0 0.0 0.0 0.0 1.0 0.0 0.0 0.0 0.0 0.0 0.075 0.100 0.100 0.100 2.0 0.303 0.072 0.034
0.0 0.0 0.0 0.0 1.0 0.0 0.0 0.0 0.0 0.0 0.550 0.075 0.075 0.075 2.0 0.227 0.681 0.034
0.0 0.0 0.0 1.0 0.0 0.0 0.0 0.0 0.0 0.0 0.050 0.575 0.575 0.575 2.0 0.288 0.043 0.034
0.0 0.0 0.0 1.0 0.0 0.0 0.0 0.0 0.0 0.0 0.575 0.050 0.050 0.050 2.0 0.136 0.681 0.034
0.0 1.0 0.0 0.0 0.0 0.0 0.0 0.0 0.0 0.0 0.550 0.075 0.075 0.075 1.0 0.106 0.696 0.034
0.0 1.0 0.0 0.0 0.0 0.0 0.0 0.0 0.0 0.0 0.525 0.100 0.100 0.100 2.0 0.106 0.696 0.034
0.0 0.0 0.0 1.0 0.0 0.0 0.0 0.0 0.0 0.0 0.500 0.125 0.125 0.125 3.0 0.258 0.681 0.034
0.0 0.0 0.0 1.0 0.0 0.0 0.0 0.0 0.0 0.0 0.150 0.425 0.425 0.425 2.0 0.182 0.217 0.034
0.0 0.0 0.0 0.0 1.0 0.0 0.0 0.0 0.0 0.0 0.075 0.500 0.500 0.500 2.0 0.227 0.072 0.034
0.0 0.0 0.0 0.0 1.0 0.0 0.0 0.0 0.0 0.0 0.550 0.025 0.025 0.025 2.0 0.212 0.681 0.034
0.0 0.0 0.0 0.0 1.0 0.0 0.0 0.0 1.0 0.0 0.075 0.550 0.925 0.664 2.0 0.318 0.058 0.310
0.0 0.0 0.0 1.0 0.0 0.0 0.0 0.0 0.0 0.0 0.125 0.500 0.875 0.614 2.0 0.439 0.174 0.310
0.0 0.0 0.0 0.0 1.0 0.0 0.0 0.0 0.0 0.0 0.500 0.125 0.500 0.239 2.0 0.470 0.652 0.310
0.0 1.0 0.0 0.0 0.0 0.0 0.0 0.0 0.0 0.0 0.975 0.025 0.025 0.025 2.0 0.091 1.000 0.034
0.0 0.0 0.0 1.0 0.0 0.0 0.0 0.0 0.0 0.0 0.950 0.050 0.050 0.050 2.0 0.242 0.986 0.034
0.0 0.0 0.0 1.0 0.0 0.0 0.0 0.0 1.0 0.0 0.550 0.450 0.450 0.450 2.0 0.288 0.667 0.034
0.0 0.0 0.0 1.0 0.0 0.0 0.0 0.0 0.0 0.0 0.900 0.025 0.025 0.025 2.0 0.242 0.971 0.034
0.0 0.0 0.0 1.0 0.0 0.0 0.0 0.0 1.0 0.0 0.550 0.375 0.375 0.375 2.0 0.288 0.667 0.034
0.0 0.0 0.0 1.0 0.0 0.0 0.0 0.0 1.0 0.0 0.600 0.200 0.200 0.200 2.0 0.167 0.667 0.034
0.0 0.0 0.0 1.0 0.0 0.0 0.0 0.0 0.0 0.0 0.775 0.025 0.025 0.025 2.0 0.258 0.928 0.034
0.0 0.0 0.0 1.0 0.0 0.0 0.0 0.0 1.0 0.0 0.550 0.250 0.250 0.250 2.0 0.303 0.667 0.034
0.0 0.0 0.0 1.0 0.0 0.0 0.0 0.0 1.0 0.0 0.600 0.075 0.075 0.075 2.0 0.182 0.667 0.034
0.0 0.0 0.0 1.0 0.0 0.0 0.0 0.0 1.0 0.0 0.600 0.075 0.075 0.075 2.0 0.167 0.667 0.034
0.0 0.0 0.0 1.0 0.0 0.0 0.0 0.0 0.0 0.0 0.650 0.025 0.025 0.025 2.0 0.318 0.855 0.034
0.0 0.0 0.0 1.0 0.0 0.0 0.0 0.0 1.0 0.0 0.575 0.100 0.100 0.100 2.0 0.182 0.667 0.034
0.0 0.0 0.0 1.0 0.0 0.0 0.0 0.0 1.0 0.0 0.550 0.125 0.125 0.125 2.0 0.318 0.667 0.034
0.0 0.0 0.0 1.0 0.0 0.0 0.0 0.0 1.0 0.0 0.600 0.050 0.050 0.050 2.0 0.182 0.667 0.034
0.0 0.0 0.0 1.0 0.0 0.0 0.0 0.0 1.0 0.0 0.600 0.050 0.050 0.050 2.0 0.167 0.667 0.034
0.0 0.0 0.0 1.0 0.0 0.0 0.0 0.0 0.0 0.0 0.625 0.025 0.025 0.025 2.0 0.318 0.855 0.034
0.0 0.0 0.0 1.0 0.0 0.0 0.0 0.0 1.0 0.0 0.575 0.075 0.075 0.075 2.0 0.182 0.667 0.034
0.0 0.0 0.0 1.0 0.0 0.0 0.0 0.0 1.0 0.0 0.550 0.100 0.100 0.100 2.0 0.318 0.667 0.034
0.0 0.0 0.0 1.0 0.0 0.0 0.0 0.0 1.0 0.0 0.600 0.050 0.050 0.050 2.0 0.182 0.667 0.034
0.0 0.0 0.0 1.0 0.0 0.0 0.0 0.0 1.0 0.0 0.600 0.050 0.050 0.050 2.0 0.167 0.667 0.034
0.0 0.0 0.0 1.0 0.0 0.0 0.0 0.0 0.0 0.0 0.575 0.075 0.075 0.075 2.0 0.318 0.826 0.034
0.0 0.0 0.0 1.0 0.0 0.0 0.0 0.0 1.0 0.0 0.575 0.075 0.075 0.075 2.0 0.182 0.667 0.034
0.0 0.0 0.0 1.0 0.0 0.0 0.0 0.0 1.0 0.0 0.550 0.100 0.100 0.100 2.0 0.318 0.667 0.034
0.0 1.0 0.0 0.0 0.0 0.0 0.0 0.0 0.0 0.0 0.625 0.050 0.050 0.050 2.0 0.091 0.681 0.034
0.0 0.0 0.0 1.0 0.0 0.0 0.0 0.0 1.0 0.0 0.600 0.075 0.075 0.075 2.0 0.167 0.667 0.034
0.0 0.0 0.0 1.0 0.0 0.0 0.0 0.0 1.0 0.0 0.600 0.075 0.075 0.075 2.0 0.167 0.667 0.034
0.0 0.0 0.0 1.0 0.0 0.0 0.0 0.0 0.0 0.0 0.575 0.100 0.100 0.100 2.0 0.318 0.826 0.034
0.0 0.0 0.0 1.0 0.0 0.0 0.0 0.0 1.0 0.0 0.575 0.100 0.100 0.100 2.0 0.182 0.667 0.034
0.0 0.0 0.0 1.0 0.0 0.0 0.0 0.0 1.0 0.0 0.550 0.125 0.125 0.125 2.0 0.318 0.667 0.034
0.0 0.0 0.0 1.0 0.0 0.0 0.0 0.0 1.0 0.0 0.600 0.050 0.050 0.050 2.0 0.182 0.667 0.034
0.0 0.0 0.0 1.0 0.0 0.0 0.0 0.0 1.0 0.0 0.600 0.050 0.050 0.050 2.0 0.167 0.667 0.034
0.0 1.0 0.0 0.0 0.0 0.0 0.0 0.0 0.0 0.0 0.625 0.025 0.025 0.025 1.0 0.106 0.783 0.034
0.0 1.0 0.0 0.0 0.0 0.0 0.0 0.0 0.0 0.0 0.600 0.050 0.050 0.050 2.0 0.091 0.783 0.034
0.0 0.0 0.0 1.0 0.0 0.0 0.0 0.0 0.0 0.0 0.575 0.075 0.075 0.075 2.0 0.288 0.768 0.034
0.0 0.0 0.0 1.0 0.0 0.0 0.0 0.0 1.0 0.0 0.575 0.075 0.075 0.075 2.0 0.182 0.667 0.034
0.0 0.0 0.0 1.0 0.0 0.0 0.0 0.0 1.0 0.0 0.550 0.100 0.100 0.100 2.0 0.318 0.667 0.034
0.0 0.0 0.0 1.0 0.0 0.0 0.0 0.0 1.0 0.0 0.600 0.025 0.025 0.025 2.0 0.197 0.667 0.034
0.0 0.0 0.0 1.0 0.0 0.0 0.0 0.0 0.0 0.0 0.575 0.050 0.050 0.050 2.0 0.318 0.739 0.034
0.0 0.0 0.0 1.0 0.0 0.0 0.0 0.0 1.0 0.0 0.575 0.050 0.050 0.050 2.0 0.182 0.667 0.034
0.0 0.0 0.0 1.0 0.0 0.0 0.0 0.0 1.0 0.0 0.550 0.075 0.075 0.075 2.0 0.318 0.667 0.034
0.0 0.0 0.0 1.0 0.0 0.0 0.0 0.0 0.0 0.0 0.650 0.025 0.025 0.025 2.0 0.242 0.884 0.034
0.0 0.0 0.0 1.0 0.0 0.0 0.0 0.0 1.0 0.0 0.525 0.150 0.150 0.150 2.0 0.182 0.667 0.034
0.0 0.0 0.0 1.0 0.0 0.0 0.0 0.0 1.0 0.0 0.075 0.600 0.600 0.600 2.0 0.227 0.087 0.034
0.0 1.0 0.0 0.0 0.0 0.0 0.0 0.0 0.0 0.0 0.650 0.025 0.025 0.025 2.0 0.106 0.899 0.034
0.0 0.0 0.0 1.0 0.0 0.0 0.0 0.0 0.0 0.0 0.625 0.050 0.050 0.050 2.0 0.227 0.884 0.034
0.0 0.0 0.0 1.0 0.0 0.0 0.0 0.0 1.0 0.0 0.525 0.150 0.150 0.150 2.0 0.182 0.667 0.034
0.0 0.0 0.0 1.0 0.0 0.0 0.0 0.0 1.0 0.0 0.075 0.600 0.600 0.600 2.0 0.227 0.087 0.034
0.0 0.0 0.0 1.0 0.0 0.0 0.0 0.0 0.0 0.0 0.625 0.025 0.025 0.025 2.0 0.242 0.855 0.034
0.0 0.0 0.0 1.0 0.0 0.0 0.0 0.0 1.0 0.0 0.525 0.125 0.125 0.125 2.0 0.182 0.667 0.034
0.0 1.0 0.0 0.0 0.0 0.0 0.0 0.0 0.0 0.0 0.125 0.525 0.525 0.525 1.0 0.091 0.101 0.034
0.0 1.0 0.0 0.0 0.0 0.0 0.0 0.0 0.0 0.0 0.100 0.550 0.550 0.550 2.0 0.076 0.101 0.034
0.0 0.0 0.0 1.0 0.0 0.0 0.0 0.0 1.0 0.0 0.075 0.575 0.575 0.575 2.0 0.212 0.087 0.034
0.0 1.0 0.0 0.0 0.0 0.0 0.0 0.0 0.0 0.0 0.650 0.025 0.025 0.025 2.0 0.106 0.870 0.034
0.0 0.0 0.0 1.0 0.0 0.0 0.0 0.0 0.0 0.0 0.625 0.050 0.050 0.050 2.0 0.227 0.855 0.034
0.0 0.0 0.0 1.0 0.0 0.0 0.0 0.0 1.0 0.0 0.525 0.150 0.150 0.150 2.0 0.182 0.667 0.034
0.0 0.0 0.0 1.0 0.0 0.0 0.0 0.0 1.0 0.0 0.075 0.600 0.600 0.600 2.0 0.227 0.087 0.034
0.0 0.0 0.0 1.0 0.0 0.0 0.0 0.0 0.0 0.0 0.625 0.025 0.025 0.025 2.0 0.242 0.797 0.034
0.0 0.0 0.0 1.0 0.0 0.0 0.0 0.0 1.0 0.0 0.525 0.125 0.125 0.125 2.0 0.182 0.667 0.034
0.0 0.0 0.0 1.0 0.0 0.0 0.0 0.0 1.0 0.0 0.075 0.575 0.575 0.575 2.0 0.227 0.087 0.034
0.0 0.0 0.0 1.0 0.0 0.0 0.0 0.0 0.0 0.0 0.625 0.025 0.025 0.025 2.0 0.242 0.768 0.034
0.0 0.0 0.0 1.0 0.0 0.0 0.0 0.0 1.0 0.0 0.525 0.125 0.125 0.125 2.0 0.182 0.667 0.034
0.0 0.0 0.0 1.0 0.0 0.0 0.0 0.0 1.0 0.0 0.075 0.575 0.575 0.575 2.0 0.227 0.087 0.034
0.0 0.0 0.0 1.0 0.0 0.0 0.0 0.0 0.0 0.0 0.075 0.475 0.600 0.517 2.0 0.409 0.058 0.207
0.0 0.0 0.0 1.0 0.0 0.0 0.0 0.0 0.0 0.0 0.150 0.025 0.525 0.382 2.0 0.258 0.203 0.241
0.0 0.0 0.0 1.0 0.0 0.0 0.0 0.0 0.0 0.0 0.650 0.025 0.025 0.025 2.0 0.258 0.884 0.034
0.0 1.0 0.0 0.0 0.0 0.0 0.0 0.0 0.0 0.0 0.300 0.375 0.375 0.375 1.0 0.076 0.261 0.034
0.0 1.0 0.0 0.0 0.0 0.0 0.0 0.0 0.0 0.0 0.275 0.400 0.400 0.400 2.0 0.076 0.261 0.034
0.0 0.0 0.0 1.0 0.0 0.0 0.0 0.0 1.0 0.0 0.250 0.425 0.425 0.425 2.0 0.167 0.246 0.034
0.0 0.0 0.0 1.0 0.0 0.0 0.0 0.0 0.0 0.0 0.625 0.025 0.025 0.025 2.0 0.258 0.884 0.034
0.0 0.0 0.0 1.0 0.0 0.0 0.0 0.0 1.0 0.0 0.250 0.400 0.400 0.400 2.0 0.167 0.246 0.034
0.0 0.0 0.0 1.0 0.0 0.0 0.0 0.0 0.0 0.0 0.550 0.025 0.025 0.025 2.0 0.258 0.855 0.034
0.0 0.0 0.0 1.0 0.0 0.0 0.0 0.0 1.0 0.0 0.250 0.325 0.325 0.325 2.0 0.167 0.246 0.034
0.0 0.0 0.0 1.0 0.0 0.0 0.0 0.0 0.0 0.0 0.525 0.025 0.025 0.025 2.0 0.258 0.855 0.034
0.0 0.0 0.0 1.0 0.0 0.0 0.0 0.0 1.0 0.0 0.250 0.300 0.300 0.300 2.0 0.167 0.246 0.034
0.0 0.0 0.0 1.0 0.0 0.0 0.0 0.0 0.0 0.0 0.525 0.025 0.025 0.025 2.0 0.258 0.797 0.034
0.0 0.0 0.0 1.0 0.0 0.0 0.0 0.0 1.0 0.0 0.250 0.300 0.300 0.300 2.0 0.167 0.246 0.034
0.0 0.0 0.0 1.0 0.0 0.0 0.0 0.0 0.0 0.0 0.525 0.025 0.025 0.025 2.0 0.258 0.768 0.034
0.0 0.0 0.0 1.0 0.0 0.0 0.0 0.0 1.0 0.0 0.250 0.300 0.300 0.300 2.0 0.167 0.246 0.034
0.0 0.0 0.0 1.0 0.0 0.0 0.0 0.0 1.0 0.0 0.100 0.450 0.900 0.568 2.0 0.242 0.087 0.793
0.0 1.0 0.0 0.0 0.0 0.0 0.0 0.0 0.0 0.0 0.200 0.350 0.800 0.468 2.0 0.091 0.188 0.793
0.0 0.0 0.0 1.0 0.0 0.0 0.0 0.0 1.0 0.0 0.175 0.375 0.825 0.493 2.0 0.167 0.174 0.793
0.0 0.0 0.0 1.0 0.0 0.0 0.0 0.0 1.0 0.0 0.100 0.450 0.900 0.568 2.0 0.273 0.087 0.793
0.0 0.0 0.0 1.0 0.0 0.0 0.0 0.0 1.0 0.0 0.175 0.375 0.825 0.493 2.0 0.212 0.174 0.793
0.0 0.0 0.0 1.0 0.0 0.0 0.0 0.0 1.0 0.0 0.100 0.450 0.900 0.568 2.0 0.258 0.087 0.793
0.0 0.0 0.0 1.0 0.0 0.0 0.0 0.0 1.0 0.0 0.175 0.375 0.825 0.493 2.0 0.197 0.174 0.793
0.0 0.0 0.0 1.0 0.0 0.0 0.0 0.0 1.0 0.0 0.100 0.450 0.900 0.568 2.0 0.258 0.087 0.793
0.0 1.0 0.0 0.0 0.0 0.0 0.0 0.0 0.0 0.0 0.200 0.350 0.800 0.468 2.0 0.106 0.188 0.793
0.0 0.0 0.0 1.0 0.0 0.0 0.0 0.0 1.0 0.0 0.175 0.375 0.825 0.493 2.0 0.167 0.174 0.793
0.0 0.0 0.0 1.0 0.0 0.0 0.0 0.0 1.0 0.0 0.100 0.450 0.900 0.568 2.0 0.242 0.087 0.793
0.0 0.0 0.0 1.0 0.0 0.0 0.0 0.0 1.0 0.0 0.175 0.375 0.825 0.493 2.0 0.182 0.174 0.793
0.0 1.0 0.0 0.0 0.0 0.0 0.0 0.0 0.0 0.0 0.125 0.425 0.875 0.543 2.0 0.106 0.101 0.793
0.0 0.0 0.0 1.0 0.0 0.0 0.0 0.0 1.0 0.0 0.100 0.450 0.900 0.568 2.0 0.227 0.087 0.793
0.0 0.0 0.0 1.0 0.0 0.0 0.0 0.0 1.0 0.0 0.175 0.375 0.825 0.493 2.0 0.197 0.174 0.793
0.0 0.0 0.0 1.0 0.0 0.0 0.0 0.0 1.0 0.0 0.025 0.525 0.975 0.643 2.0 0.076 0.029 0.793
0.0 0.0 0.0 1.0 0.0 0.0 0.0 0.0 1.0 0.0 0.025 0.525 0.975 0.643 2.0 0.091 0.029 0.793
0.0 0.0 0.0 1.0 0.0 0.0 0.0 0.0 1.0 0.0 0.025 0.525 0.975 0.643 2.0 0.076 0.029 0.793
0.0 0.0 0.0 1.0 0.0 0.0 0.0 0.0 1.0 0.0 0.025 0.525 0.975 0.643 2.0 0.091 0.029 0.793
0.0 0.0 0.0 1.0 0.0 0.0 0.0 0.0 1.0 0.0 0.025 0.525 0.975 0.643 2.0 0.076 0.029 0.793
0.0 0.0 0.0 1.0 0.0 0.0 0.0 0.0 0.0 0.0 0.150 0.400 0.850 0.525 3.0 0.591 0.130 0.724
0.0 0.0 0.0 1.0 0.0 0.0 0.0 0.0 1.0 0.0 0.175 0.500 0.825 0.617 2.0 0.258 0.145 0.207
0.0 0.0 0.0 0.0 1.0 0.0 0.0 0.0 0.0 0.0 0.075 0.600 0.925 0.717 2.0 0.258 0.072 0.207
0.0 0.0 0.0 1.0 0.0 0.0 0.0 0.0 1.0 0.0 0.175 0.475 0.825 0.572 2.0 0.273 0.145 0.310
0.0 0.0 0.0 0.0 1.0 0.0 0.0 0.0 0.0 0.0 0.075 0.575 0.925 0.672 2.0 0.242 0.072 0.310
0.0 0.0 0.0 1.0 0.0 0.0 0.0 0.0 1.0 0.0 0.175 0.400 0.825 0.542 2.0 0.273 0.145 0.414
0.0 0.0 0.0 0.0 1.0 0.0 0.0 0.0 0.0 0.0 0.075 0.500 0.925 0.642 2.0 0.288 0.087 0.414
0.0 1.0 0.0 0.0 0.0 0.0 0.0 0.0 0.0 0.0 0.225 0.325 0.775 0.475 1.0 0.136 0.159 0.517
0.0 1.0 0.0 0.0 0.0 0.0 0.0 0.0 0.0 0.0 0.200 0.350 0.800 0.500 2.0 0.076 0.159 0.517
0.0 0.0 0.0 1.0 0.0 0.0 0.0 0.0 1.0 0.0 0.175 0.375 0.825 0.525 2.0 0.227 0.145 0.517
0.0 0.0 0.0 0.0 1.0 0.0 0.0 0.0 0.0 0.0 0.075 0.475 0.925 0.625 2.0 0.288 0.072 0.517
0.0 0.0 0.0 1.0 0.0 0.0 0.0 0.0 1.0 0.0 0.175 0.375 0.825 0.511 2.0 0.273 0.145 0.621
0.0 0.0 0.0 1.0 0.0 0.0 0.0 0.0 1.0 0.0 0.175 0.375 0.825 0.500 2.0 0.288 0.145 0.724
0.0 0.0 0.0 0.0 1.0 0.0 0.0 0.0 0.0 0.0 0.075 0.475 0.925 0.600 2.0 0.288 0.087 0.724
0.0 0.0 0.0 1.0 0.0 0.0 0.0 0.0 1.0 0.0 0.150 0.850 0.850 0.850 2.0 0.182 0.159 0.034
0.0 0.0 0.0 1.0 0.0 0.0 0.0 0.0 1.0 0.0 0.150 0.775 0.850 0.812 2.0 0.182 0.159 0.069
0.0 0.0 0.0 1.0 0.0 0.0 0.0 0.0 1.0 0.0 0.150 0.650 0.850 0.758 2.0 0.182 0.159 0.103
0.0 0.0 0.0 0.0 1.0 0.0 0.0 0.0 1.0 0.0 0.150 0.400 0.850 0.525 2.0 0.303 0.145 0.724
0.0 0.0 0.0 1.0 0.0 0.0 0.0 0.0 1.0 0.0 0.175 0.500 0.825 0.617 2.0 0.212 0.159 0.207
0.0 0.0 0.0 1.0 0.0 0.0 0.0 0.0 1.0 0.0 0.175 0.375 0.825 0.493 2.0 0.303 0.188 0.793
0.0 0.0 0.0 0.0 1.0 0.0 0.0 0.0 0.0 0.0 0.075 0.600 0.925 0.717 2.0 0.318 0.087 0.207
0.0 0.0 0.0 1.0 0.0 0.0 0.0 0.0 1.0 0.0 0.175 0.475 0.825 0.572 2.0 0.212 0.159 0.310
0.0 0.0 0.0 1.0 0.0 0.0 0.0 0.0 1.0 0.0 0.175 0.375 0.825 0.493 2.0 0.288 0.188 0.793
0.0 0.0 0.0 0.0 1.0 0.0 0.0 0.0 0.0 0.0 0.075 0.575 0.925 0.672 2.0 0.288 0.087 0.310
0.0 0.0 0.0 1.0 0.0 0.0 0.0 0.0 1.0 0.0 0.175 0.400 0.825 0.542 2.0 0.212 0.159 0.414
0.0 0.0 0.0 1.0 0.0 0.0 0.0 0.0 1.0 0.0 0.175 0.375 0.825 0.493 2.0 0.303 0.188 0.793
0.0 0.0 0.0 0.0 1.0 0.0 0.0 0.0 0.0 0.0 0.075 0.500 0.925 0.642 2.0 0.333 0.101 0.414
0.0 1.0 0.0 0.0 0.0 0.0 0.0 0.0 0.0 0.0 0.200 0.350 0.800 0.500 2.0 0.136 0.174 0.517
0.0 0.0 0.0 1.0 0.0 0.0 0.0 0.0 1.0 0.0 0.175 0.375 0.825 0.525 2.0 0.152 0.159 0.517
0.0 0.0 0.0 1.0 0.0 0.0 0.0 0.0 1.0 0.0 0.175 0.375 0.825 0.493 2.0 0.288 0.188 0.793
0.0 0.0 0.0 0.0 1.0 0.0 0.0 0.0 0.0 0.0 0.075 0.475 0.925 0.625 2.0 0.333 0.087 0.517
0.0 0.0 0.0 1.0 0.0 0.0 0.0 0.0 1.0 0.0 0.175 0.375 0.825 0.511 2.0 0.212 0.159 0.621
0.0 1.0 0.0 0.0 0.0 0.0 0.0 0.0 0.0 0.0 0.200 0.350 0.800 0.468 2.0 0.212 0.203 0.793
0.0 0.0 0.0 1.0 0.0 0.0 0.0 0.0 1.0 0.0 0.175 0.375 0.825 0.493 2.0 0.182 0.188 0.793
0.0 1.0 0.0 0.0 0.0 0.0 0.0 0.0 0.0 0.0 0.200 0.350 0.800 0.475 2.0 0.136 0.174 0.724
0.0 0.0 0.0 1.0 0.0 0.0 0.0 0.0 1.0 0.0 0.175 0.375 0.825 0.500 2.0 0.152 0.159 0.724
0.0 0.0 0.0 1.0 0.0 0.0 0.0 0.0 1.0 0.0 0.175 0.375 0.825 0.493 2.0 0.288 0.188 0.793
0.0 0.0 0.0 0.0 1.0 0.0 0.0 0.0 0.0 0.0 0.075 0.475 0.925 0.600 2.0 0.318 0.101 0.724
0.0 0.0 0.0 1.0 0.0 0.0 0.0 0.0 0.0 0.0 0.050 0.500 0.950 0.625 2.0 0.455 0.058 0.724
0.0 0.0 0.0 0.0 1.0 0.0 0.0 0.0 1.0 0.0 0.050 0.500 0.950 0.625 2.0 0.379 0.029 0.724
0.0 0.0 0.0 0.0 1.0 0.0 0.0 0.0 1.0 0.0 0.050 0.125 0.950 0.598 2.0 0.182 0.029 0.828
0.0 0.0 0.0 1.0 0.0 0.0 0.0 0.0 1.0 0.0 0.050 0.125 0.950 0.598 2.0 0.182 0.029 0.828
0.0 0.0 0.0 0.0 1.0 0.0 0.0 0.0 1.0 0.0 0.050 0.125 0.950 0.598 2.0 0.182 0.043 0.828
0.0 0.0 0.0 0.0 1.0 0.0 0.0 0.0 1.0 0.0 0.050 0.125 0.950 0.598 2.0 0.182 0.043 0.828
0.0 0.0 0.0 0.0 1.0 0.0 0.0 0.0 1.0 0.0 0.050 0.125 0.950 0.598 2.0 0.167 0.043 0.828
0.0 0.0 0.0 0.0 1.0 0.0 0.0 0.0 1.0 0.0 0.050 0.125 0.950 0.598 2.0 0.182 0.029 0.828
0.0 0.0 0.0 0.0 1.0 0.0 0.0 0.0 1.0 0.0 0.050 0.050 0.050 0.050 2.0 0.152 0.043 0.034
0.0 0.0 0.0 1.0 0.0 0.0 0.0 0.0 1.0 0.0 0.075 0.025 0.025 0.025 2.0 0.152 0.058 0.034
0.0 0.0 0.0 1.0 0.0 0.0 0.0 0.0 1.0 0.0 0.600 0.025 0.025 0.025 2.0 0.121 0.681 0.034
0.0 0.0 0.0 0.0 1.0 0.0 0.0 0.0 1.0 0.0 0.075 0.550 0.550 0.550 3.0 0.182 0.058 0.034
0.0 0.0 0.0 1.0 0.0 0.0 0.0 0.0 1.0 0.0 0.050 0.525 0.525 0.525 3.0 0.227 0.072 0.034
0.0 0.0 0.0 0.0 1.0 0.0 0.0 0.0 0.0 0.0 0.075 0.500 0.500 0.500 2.0 0.258 0.058 0.034
0.0 0.0 0.0 0.0 1.0 0.0 0.0 0.0 0.0 0.0 0.075 0.025 0.025 0.025 2.0 0.318 0.058 0.034
0.0 0.0 0.0 1.0 0.0 0.0 0.0 0.0 1.0 0.0 0.075 0.025 0.025 0.025 2.0 0.242 0.058 0.034
0.0 0.0 0.0 0.0 1.0 0.0 0.0 0.0 0.0 0.0 0.075 0.025 0.025 0.025 2.0 0.288 0.058 0.034
0.0 0.0 0.0 1.0 0.0 0.0 0.0 0.0 1.0 0.0 0.075 0.025 0.025 0.025 2.0 0.242 0.058 0.034
0.0 0.0 0.0 0.0 1.0 0.0 0.0 0.0 0.0 0.0 0.075 0.025 0.025 0.025 2.0 0.333 0.072 0.034
0.0 0.0 0.0 1.0 0.0 0.0 0.0 0.0 1.0 0.0 0.075 0.025 0.025 0.025 2.0 0.242 0.058 0.034
0.0 0.0 0.0 0.0 1.0 0.0 0.0 0.0 0.0 0.0 0.075 0.025 0.025 0.025 2.0 0.333 0.058 0.034
0.0 0.0 0.0 1.0 0.0 0.0 0.0 0.0 1.0 0.0 0.075 0.025 0.025 0.025 2.0 0.242 0.058 0.034
0.0 0.0 0.0 0.0 1.0 0.0 0.0 0.0 0.0 0.0 0.075 0.075 0.075 0.075 2.0 0.348 0.072 0.034
0.0 1.0 0.0 0.0 0.0 0.0 0.0 0.0 0.0 0.0 0.125 0.025 0.025 0.025 1.0 0.076 0.072 0.034
0.0 1.0 0.0 0.0 0.0 0.0 0.0 0.0 0.0 0.0 0.100 0.050 0.050 0.050 2.0 0.076 0.072 0.034
0.0 0.0 0.0 1.0 0.0 0.0 0.0 0.0 1.0 0.0 0.075 0.075 0.075 0.075 2.0 0.258 0.058 0.034
0.0 0.0 0.0 0.0 1.0 0.0 0.0 0.0 0.0 0.0 0.075 0.025 0.025 0.025 2.0 0.318 0.072 0.034
0.0 0.0 0.0 1.0 0.0 0.0 0.0 0.0 1.0 0.0 0.075 0.025 0.025 0.025 2.0 0.242 0.058 0.034
0.0 1.0 0.0 0.0 0.0 0.0 0.0 0.0 1.0 0.0 0.025 0.075 0.975 0.601 1.0 0.197 0.014 0.862
0.0 0.0 0.0 1.0 0.0 0.0 0.0 0.0 0.0 0.0 0.150 0.400 0.850 0.518 2.0 0.167 0.101 0.793
0.0 0.0 0.0 0.0 1.0 0.0 0.0 0.0 0.0 0.0 0.100 0.450 0.900 0.568 2.0 0.167 0.087 0.793
0.0 1.0 0.0 0.0 0.0 0.0 0.0 0.0 0.0 0.0 0.875 0.050 0.050 0.050 1.0 0.091 0.768 0.034
0.0 1.0 0.0 0.0 0.0 0.0 0.0 0.0 0.0 0.0 0.850 0.075 0.075 0.075 2.0 0.091 0.768 0.034
0.0 0.0 1.0 0.0 0.0 0.0 0.0 0.0 0.0 0.0 0.825 0.100 0.100 0.100 2.0 0.136 0.754 0.034
0.0 1.0 0.0 0.0 0.0 0.0 0.0 0.0 0.0 0.0 0.925 0.075 0.075 0.075 1.0 0.091 0.797 0.034
0.0 1.0 0.0 0.0 0.0 0.0 0.0 0.0 0.0 0.0 0.900 0.100 0.100 0.100 2.0 0.091 0.797 0.034
0.0 0.0 1.0 0.0 0.0 0.0 0.0 0.0 0.0 0.0 0.875 0.125 0.125 0.125 2.0 0.167 0.783 0.034
0.0 1.0 0.0 0.0 0.0 0.0 0.0 0.0 0.0 0.0 0.100 0.450 0.900 0.575 2.0 0.848 0.130 0.724
0.0 1.0 0.0 0.0 0.0 0.0 0.0 0.0 0.0 0.0 0.200 0.725 0.800 0.762 2.0 0.136 0.159 0.069
0.0 1.0 0.0 0.0 0.0 0.0 0.0 0.0 0.0 0.0 0.225 0.325 0.775 0.450 2.0 0.136 0.261 0.724
0.0 1.0 0.0 0.0 0.0 0.0 0.0 0.0 0.0 0.0 0.250 0.300 0.750 0.425 1.0 0.121 0.261 0.724
0.0 1.0 0.0 0.0 0.0 0.0 0.0 0.0 0.0 0.0 0.225 0.325 0.775 0.461 2.0 0.182 0.203 0.621
0.0 1.0 0.0 0.0 0.0 0.0 0.0 0.0 0.0 0.0 0.275 0.275 0.725 0.425 1.0 0.197 0.174 0.517
0.0 1.0 0.0 0.0 0.0 0.0 0.0 0.0 0.0 0.0 0.225 0.350 0.775 0.492 2.0 0.182 0.203 0.414
0.0 1.0 0.0 0.0 0.0 0.0 0.0 0.0 0.0 0.0 0.225 0.425 0.775 0.522 1.0 0.182 0.203 0.310
0.0 1.0 0.0 0.0 0.0 0.0 0.0 0.0 0.0 0.0 0.225 0.450 0.775 0.567 1.0 0.167 0.159 0.207
0.0 1.0 0.0 0.0 0.0 0.0 0.0 0.0 0.0 0.0 0.200 0.600 0.800 0.708 2.0 0.121 0.159 0.103
0.0 0.0 0.0 0.0 0.0 1.0 0.0 0.0 0.0 0.0 0.750 0.175 0.250 0.212 2.0 0.273 0.739 0.069
0.0 0.0 1.0 0.0 0.0 0.0 0.0 0.0 0.0 0.0 0.725 0.200 0.275 0.237 2.0 0.242 0.696 0.069
0.0 0.0 0.0 1.0 0.0 0.0 0.0 0.0 0.0 0.0 0.425 0.125 0.225 0.183 2.0 0.242 0.348 0.103
0.0 1.0 0.0 0.0 0.0 0.0 0.0 0.0 0.0 0.0 0.750 0.050 0.050 0.050 2.0 0.106 0.710 0.034
0.0 0.0 0.0 1.0 0.0 0.0 0.0 0.0 0.0 0.0 0.725 0.075 0.075 0.075 2.0 0.152 0.696 0.034
0.0 0.0 0.0 1.0 0.0 0.0 0.0 0.0 0.0 0.0 0.625 0.050 0.050 0.050 2.0 0.258 0.623 0.103
0.0 0.0 0.0 1.0 0.0 0.0 0.0 0.0 0.0 0.0 0.600 0.050 0.075 0.058 2.0 0.258 0.594 0.103
0.0 0.0 0.0 1.0 0.0 0.0 0.0 0.0 0.0 0.0 0.525 0.050 0.125 0.100 2.0 0.258 0.536 0.103
0.0 0.0 0.0 1.0 0.0 0.0 0.0 0.0 0.0 0.0 0.500 0.050 0.175 0.133 2.0 0.258 0.507 0.103
0.0 0.0 0.0 1.0 0.0 0.0 0.0 0.0 0.0 0.0 0.450 0.100 0.200 0.167 2.0 0.258 0.420 0.103
0.0 1.0 0.0 0.0 0.0 0.0 0.0 0.0 0.0 0.0 0.200 0.800 0.800 0.800 2.0 0.136 0.188 0.034
0.0 1.0 0.0 0.0 0.0 0.0 0.0 0.0 0.0 0.0 0.200 0.725 0.800 0.762 2.0 0.136 0.188 0.069
0.0 1.0 0.0 0.0 0.0 0.0 0.0 0.0 0.0 0.0 0.250 0.300 0.750 0.425 2.0 0.167 0.290 0.724
0.0 1.0 0.0 0.0 0.0 0.0 0.0 0.0 0.0 0.0 0.250 0.300 0.750 0.436 1.0 0.167 0.290 0.621
0.0 1.0 0.0 0.0 0.0 0.0 0.0 0.0 0.0 0.0 0.250 0.300 0.750 0.450 1.0 0.152 0.275 0.517
0.0 1.0 0.0 0.0 0.0 0.0 0.0 0.0 0.0 0.0 0.225 0.350 0.775 0.492 2.0 0.167 0.290 0.414
0.0 1.0 0.0 0.0 0.0 0.0 0.0 0.0 0.0 0.0 0.225 0.425 0.775 0.522 2.0 0.167 0.275 0.310
0.0 1.0 0.0 0.0 0.0 0.0 0.0 0.0 0.0 0.0 0.225 0.450 0.775 0.567 2.0 0.167 0.275 0.207
0.0 1.0 0.0 0.0 0.0 0.0 0.0 0.0 0.0 0.0 0.200 0.600 0.800 0.708 1.0 0.136 0.174 0.103
0.0 1.0 0.0 0.0 0.0 0.0 0.0 0.0 0.0 0.0 0.650 0.150 0.350 0.258 1.0 0.167 0.638 0.103
0.0 1.0 0.0 0.0 0.0 0.0 0.0 0.0 0.0 0.0 0.625 0.175 0.375 0.283 2.0 0.121 0.638 0.103
0.0 0.0 0.0 1.0 0.0 0.0 0.0 0.0 0.0 0.0 0.600 0.200 0.400 0.308 2.0 0.167 0.623 0.103
0.0 0.0 0.0 1.0 0.0 0.0 0.0 0.0 0.0 0.0 0.550 0.125 0.450 0.242 2.0 0.258 0.580 0.207
0.0 0.0 0.0 1.0 0.0 0.0 0.0 0.0 0.0 0.0 0.500 0.150 0.500 0.247 2.0 0.258 0.536 0.310
0.0 0.0 0.0 1.0 0.0 0.0 0.0 0.0 0.0 0.0 0.450 0.125 0.550 0.267 2.0 0.258 0.478 0.414
0.0 0.0 0.0 1.0 0.0 0.0 0.0 0.0 0.0 0.0 0.400 0.150 0.600 0.300 2.0 0.258 0.406 0.517
0.0 0.0 0.0 1.0 0.0 0.0 0.0 0.0 0.0 0.0 0.350 0.200 0.650 0.336 2.0 0.242 0.348 0.621
0.0 0.0 0.0 1.0 0.0 0.0 0.0 0.0 0.0 0.0 0.350 0.200 0.300 0.258 2.0 0.227 0.348 0.103
0.0 0.0 1.0 0.0 0.0 0.0 0.0 0.0 0.0 0.0 0.275 0.650 0.725 0.688 2.0 0.288 0.246 0.069
0.0 0.0 0.0 1.0 0.0 0.0 0.0 0.0 0.0 0.0 0.300 0.250 0.700 0.375 3.0 0.242 0.348 0.724
0.0 0.0 0.0 1.0 0.0 0.0 0.0 0.0 0.0 0.0 0.325 0.225 0.675 0.350 2.0 0.288 0.333 0.724
0.0 0.0 0.0 1.0 0.0 0.0 0.0 0.0 0.0 0.0 0.325 0.225 0.675 0.361 2.0 0.394 0.348 0.621
0.0 1.0 0.0 0.0 0.0 0.0 0.0 0.0 0.0 0.0 0.375 0.175 0.275 0.242 2.0 0.121 0.362 0.103
0.0 1.0 0.0 0.0 0.0 0.0 0.0 0.0 0.0 0.0 0.400 0.150 0.250 0.217 1.0 0.106 0.362 0.103
0.0 0.0 0.0 1.0 0.0 0.0 0.0 0.0 0.0 0.0 0.300 0.250 0.700 0.386 3.0 0.288 0.333 0.621
0.0 0.0 0.0 1.0 0.0 0.0 0.0 0.0 0.0 0.0 0.325 0.225 0.675 0.361 2.0 0.303 0.319 0.621
0.0 0.0 0.0 1.0 0.0 0.0 0.0 0.0 0.0 0.0 0.375 0.175 0.625 0.325 2.0 0.258 0.406 0.517
0.0 1.0 0.0 0.0 0.0 0.0 0.0 0.0 0.0 0.0 0.425 0.125 0.250 0.208 2.0 0.121 0.420 0.103
0.0 1.0 0.0 0.0 0.0 0.0 0.0 0.0 0.0 0.0 0.450 0.100 0.225 0.183 1.0 0.106 0.420 0.103
0.0 0.0 0.0 1.0 0.0 0.0 0.0 0.0 0.0 0.0 0.325 0.225 0.675 0.375 3.0 0.273 0.348 0.517
0.0 0.0 0.0 1.0 0.0 0.0 0.0 0.0 0.0 0.0 0.350 0.200 0.650 0.350 2.0 0.318 0.348 0.517
0.0 0.0 0.0 1.0 0.0 0.0 0.0 0.0 0.0 0.0 0.425 0.150 0.575 0.292 2.0 0.258 0.478 0.414
0.0 1.0 0.0 0.0 0.0 0.0 0.0 0.0 0.0 0.0 0.475 0.100 0.175 0.150 1.0 0.152 0.478 0.103
0.0 0.0 0.0 1.0 0.0 0.0 0.0 0.0 0.0 0.0 0.275 0.300 0.725 0.442 3.0 0.288 0.333 0.414
0.0 0.0 0.0 1.0 0.0 0.0 0.0 0.0 0.0 0.0 0.300 0.275 0.700 0.417 2.0 0.303 0.319 0.414
0.0 0.0 0.0 1.0 0.0 0.0 0.0 0.0 0.0 0.0 0.475 0.175 0.525 0.272 2.0 0.258 0.536 0.310
0.0 1.0 0.0 0.0 0.0 0.0 0.0 0.0 0.0 0.0 0.525 0.125 0.150 0.133 2.0 0.121 0.551 0.103
0.0 1.0 0.0 0.0 0.0 0.0 0.0 0.0 0.0 0.0 0.550 0.100 0.125 0.108 1.0 0.106 0.551 0.103
0.0 0.0 0.0 1.0 0.0 0.0 0.0 0.0 0.0 0.0 0.275 0.375 0.725 0.472 3.0 0.288 0.319 0.310
0.0 0.0 0.0 1.0 0.0 0.0 0.0 0.0 0.0 0.0 0.300 0.350 0.700 0.447 2.0 0.303 0.319 0.310
0.0 0.0 0.0 1.0 0.0 0.0 0.0 0.0 0.0 0.0 0.525 0.150 0.475 0.267 2.0 0.258 0.580 0.207
0.0 1.0 0.0 0.0 0.0 0.0 0.0 0.0 0.0 0.0 0.575 0.100 0.100 0.100 1.0 0.152 0.580 0.103
0.0 0.0 0.0 1.0 0.0 0.0 0.0 0.0 0.0 0.0 0.275 0.400 0.725 0.517 3.0 0.288 0.319 0.207
0.0 0.0 0.0 1.0 0.0 0.0 0.0 0.0 0.0 0.0 0.300 0.375 0.700 0.492 2.0 0.258 0.319 0.207
0.0 0.0 0.0 1.0 0.0 0.0 0.0 0.0 0.0 0.0 0.575 0.225 0.425 0.333 2.0 0.227 0.623 0.103
0.0 1.0 0.0 0.0 0.0 0.0 0.0 0.0 0.0 0.0 0.675 0.125 0.125 0.125 2.0 0.136 0.652 0.034
0.0 1.0 0.0 0.0 0.0 0.0 0.0 0.0 0.0 0.0 0.300 0.500 0.700 0.608 1.0 0.182 0.261 0.103
0.0 1.0 0.0 0.0 0.0 0.0 0.0 0.0 0.0 0.0 0.275 0.525 0.725 0.633 2.0 0.136 0.261 0.103
0.0 0.0 0.0 1.0 0.0 0.0 0.0 0.0 0.0 0.0 0.250 0.550 0.750 0.658 3.0 0.182 0.246 0.103
0.0 0.0 0.0 1.0 0.0 0.0 0.0 0.0 0.0 0.0 0.275 0.525 0.725 0.633 2.0 0.258 0.232 0.103
0.0 1.0 0.0 0.0 0.0 0.0 0.0 0.0 0.0 0.0 0.700 0.225 0.300 0.263 2.0 0.121 0.696 0.069
0.0 0.0 0.0 1.0 0.0 0.0 0.0 0.0 0.0 0.0 0.675 0.250 0.325 0.287 2.0 0.167 0.681 0.069
0.0 0.0 1.0 0.0 0.0 0.0 0.0 0.0 0.0 0.0 0.250 0.675 0.750 0.713 3.0 0.273 0.261 0.069
0.0 0.0 0.0 0.0 1.0 0.0 0.0 0.0 0.0 0.0 0.775 0.225 0.225 0.225 2.0 0.227 0.739 0.034
0.0 0.0 0.0 1.0 0.0 0.0 0.0 0.0 0.0 0.0 0.800 0.200 0.200 0.200 2.0 0.197 0.754 0.034
0.0 1.0 0.0 0.0 0.0 0.0 0.0 0.0 0.0 0.0 0.800 0.200 0.200 0.200 2.0 0.167 0.768 0.034
0.0 0.0 0.0 0.0 1.0 0.0 0.0 0.0 0.0 0.0 0.775 0.225 0.225 0.225 3.0 0.258 0.754 0.034
0.0 0.0 0.0 1.0 0.0 0.0 0.0 0.0 0.0 0.0 0.825 0.175 0.175 0.175 3.0 0.197 0.783 0.034
0.0 0.0 0.0 1.0 0.0 0.0 0.0 0.0 0.0 0.0 0.825 0.175 0.175 0.175 2.0 0.167 0.768 0.034
0.0 0.0 0.0 1.0 0.0 0.0 0.0 0.0 0.0 0.0 0.850 0.150 0.150 0.150 3.0 0.212 0.783 0.034
0.0 0.0 0.0 0.0 1.0 0.0 0.0 0.0 0.0 0.0 0.800 0.125 0.125 0.125 2.0 0.182 0.754 0.034
0.0 0.0 0.0 0.0 1.0 0.0 0.0 0.0 0.0 0.0 0.300 0.625 0.625 0.625 2.0 0.227 0.261 0.034
0.0 0.0 0.0 1.0 0.0 0.0 0.0 0.0 0.0 0.0 0.750 0.175 0.175 0.175 2.0 0.167 0.739 0.034
0.0 1.0 0.0 0.0 0.0 0.0 0.0 0.0 0.0 0.0 0.375 0.175 0.275 0.233 1.0 0.121 0.348 0.103
0.0 0.0 0.0 1.0 0.0 0.0 0.0 0.0 0.0 0.0 0.325 0.475 0.475 0.475 2.0 0.182 0.261 0.034
0.0 0.0 0.0 1.0 0.0 0.0 0.0 0.0 0.0 0.0 0.325 0.350 0.350 0.350 2.0 0.212 0.319 0.103
0.0 0.0 0.0 1.0 0.0 0.0 0.0 0.0 0.0 0.0 0.325 0.325 0.350 0.333 2.0 0.212 0.319 0.103
0.0 0.0 0.0 1.0 0.0 0.0 0.0 0.0 0.0 0.0 0.325 0.250 0.325 0.300 2.0 0.212 0.333 0.103
0.0 1.0 0.0 0.0 0.0 0.0 0.0 0.0 0.0 0.0 0.400 0.150 0.275 0.233 2.0 0.106 0.362 0.103
0.0 0.0 0.0 1.0 0.0 0.0 0.0 0.0 0.0 0.0 0.375 0.175 0.300 0.258 2.0 0.197 0.348 0.103
0.0 0.0 0.0 1.0 0.0 0.0 0.0 0.0 0.0 0.0 0.350 0.200 0.300 0.267 2.0 0.212 0.333 0.103
0.0 0.0 0.0 1.0 0.0 0.0 0.0 0.0 0.0 0.0 0.225 0.775 0.775 0.775 2.0 0.379 0.217 0.034
0.0 0.0 0.0 1.0 0.0 0.0 0.0 0.0 0.0 0.0 0.200 0.800 0.800 0.800 2.0 0.333 0.217 0.034
0.0 0.0 0.0 1.0 0.0 0.0 0.0 0.0 0.0 0.0 0.250 0.750 0.750 0.750 2.0 0.182 0.232 0.034
0.0 0.0 0.0 1.0 0.0 0.0 0.0 0.0 0.0 0.0 0.250 0.675 0.750 0.713 2.0 0.212 0.232 0.069
0.0 0.0 0.0 1.0 0.0 0.0 0.0 0.0 0.0 0.0 0.225 0.700 0.775 0.738 2.0 0.394 0.217 0.069
0.0 0.0 0.0 1.0 0.0 0.0 0.0 0.0 0.0 0.0 0.200 0.725 0.800 0.762 2.0 0.348 0.217 0.069
0.0 0.0 0.0 1.0 0.0 0.0 0.0 0.0 0.0 0.0 0.275 0.275 0.725 0.400 2.0 0.379 0.304 0.724
0.0 0.0 0.0 1.0 0.0 0.0 0.0 0.0 0.0 0.0 0.250 0.300 0.750 0.425 2.0 0.379 0.304 0.724
0.0 0.0 0.0 1.0 0.0 0.0 0.0 0.0 0.0 0.0 0.300 0.250 0.700 0.375 2.0 0.182 0.319 0.724
0.0 0.0 0.0 1.0 0.0 0.0 0.0 0.0 0.0 0.0 0.275 0.275 0.725 0.411 2.0 0.409 0.304 0.621
0.0 0.0 0.0 1.0 0.0 0.0 0.0 0.0 0.0 0.0 0.250 0.300 0.750 0.436 2.0 0.394 0.319 0.621
0.0 0.0 0.0 1.0 0.0 0.0 0.0 0.0 0.0 0.0 0.300 0.250 0.700 0.386 2.0 0.197 0.319 0.621
0.0 1.0 0.0 0.0 0.0 0.0 0.0 0.0 0.0 0.0 0.300 0.250 0.700 0.400 2.0 0.182 0.304 0.517
0.0 0.0 0.0 1.0 0.0 0.0 0.0 0.0 0.0 0.0 0.275 0.275 0.725 0.425 2.0 0.333 0.290 0.517
0.0 0.0 0.0 1.0 0.0 0.0 0.0 0.0 0.0 0.0 0.250 0.300 0.750 0.450 2.0 0.394 0.304 0.517
0.0 0.0 0.0 1.0 0.0 0.0 0.0 0.0 0.0 0.0 0.325 0.225 0.675 0.375 2.0 0.182 0.319 0.517
0.0 0.0 0.0 1.0 0.0 0.0 0.0 0.0 0.0 0.0 0.250 0.325 0.750 0.467 2.0 0.409 0.304 0.414
0.0 0.0 0.0 1.0 0.0 0.0 0.0 0.0 0.0 0.0 0.225 0.350 0.775 0.492 2.0 0.394 0.304 0.414
0.0 0.0 0.0 1.0 0.0 0.0 0.0 0.0 0.0 0.0 0.275 0.300 0.725 0.442 2.0 0.197 0.319 0.414
0.0 0.0 0.0 1.0 0.0 0.0 0.0 0.0 0.0 0.0 0.250 0.400 0.750 0.497 2.0 0.409 0.290 0.310
0.0 0.0 0.0 1.0 0.0 0.0 0.0 0.0 0.0 0.0 0.225 0.425 0.775 0.522 2.0 0.394 0.290 0.310
0.0 0.0 0.0 1.0 0.0 0.0 0.0 0.0 0.0 0.0 0.275 0.375 0.725 0.472 2.0 0.197 0.304 0.310
0.0 0.0 0.0 1.0 0.0 0.0 0.0 0.0 0.0 0.0 0.250 0.425 0.750 0.542 2.0 0.409 0.290 0.207
0.0 0.0 0.0 1.0 0.0 0.0 0.0 0.0 0.0 0.0 0.225 0.450 0.775 0.567 2.0 0.394 0.290 0.207
0.0 0.0 0.0 1.0 0.0 0.0 0.0 0.0 0.0 0.0 0.275 0.400 0.725 0.517 2.0 0.197 0.304 0.207
0.0 0.0 0.0 1.0 0.0 0.0 0.0 0.0 0.0 0.0 0.225 0.575 0.775 0.683 2.0 0.379 0.203 0.103
0.0 0.0 0.0 1.0 0.0 0.0 0.0 0.0 0.0 0.0 0.200 0.600 0.800 0.708 2.0 0.333 0.217 0.103
0.0 0.0 0.0 1.0 0.0 0.0 0.0 0.0 0.0 0.0 0.250 0.550 0.750 0.658 2.0 0.197 0.217 0.103
0.0 0.0 0.0 1.0 0.0 0.0 0.0 0.0 0.0 0.0 0.675 0.125 0.125 0.125 2.0 0.167 0.681 0.034
0.0 0.0 0.0 1.0 0.0 0.0 0.0 0.0 0.0 0.0 0.700 0.100 0.100 0.100 3.0 0.212 0.696 0.034
0.0 0.0 0.0 1.0 0.0 0.0 0.0 0.0 0.0 0.0 0.575 0.100 0.100 0.100 2.0 0.212 0.623 0.103
0.0 0.0 0.0 1.0 0.0 0.0 0.0 0.0 0.0 0.0 0.600 0.075 0.075 0.075 3.0 0.273 0.623 0.103
0.0 0.0 0.0 1.0 0.0 0.0 0.0 0.0 0.0 0.0 0.525 0.125 0.150 0.133 2.0 0.212 0.580 0.103
0.0 0.0 0.0 1.0 0.0 0.0 0.0 0.0 0.0 0.0 0.575 0.075 0.100 0.083 3.0 0.273 0.594 0.103
0.0 0.0 0.0 1.0 0.0 0.0 0.0 0.0 0.0 0.0 0.475 0.100 0.175 0.150 2.0 0.212 0.536 0.103
0.0 0.0 0.0 1.0 0.0 0.0 0.0 0.0 0.0 0.0 0.500 0.075 0.150 0.125 3.0 0.273 0.536 0.103
0.0 0.0 0.0 1.0 0.0 0.0 0.0 0.0 0.0 0.0 0.425 0.125 0.250 0.208 2.0 0.197 0.493 0.103
0.0 0.0 0.0 1.0 0.0 0.0 0.0 0.0 0.0 0.0 0.475 0.075 0.200 0.158 3.0 0.273 0.493 0.103
0.0 0.0 0.0 1.0 0.0 0.0 0.0 0.0 0.0 0.0 0.375 0.175 0.275 0.242 2.0 0.212 0.406 0.103
0.0 0.0 0.0 1.0 0.0 0.0 0.0 0.0 0.0 0.0 0.425 0.125 0.225 0.192 3.0 0.273 0.420 0.103
0.0 0.0 0.0 1.0 0.0 0.0 0.0 0.0 0.0 0.0 0.375 0.175 0.275 0.233 2.0 0.394 0.348 0.103
0.0 0.0 0.0 1.0 0.0 0.0 0.0 0.0 0.0 0.0 0.400 0.150 0.250 0.208 2.0 0.288 0.348 0.103
0.0 1.0 0.0 0.0 0.0 0.0 0.0 0.0 0.0 0.0 0.775 0.150 0.150 0.150 2.0 0.136 0.754 0.034
0.0 0.0 0.0 1.0 0.0 0.0 0.0 0.0 0.0 0.0 0.475 0.075 0.525 0.193 2.0 0.545 0.652 0.793
0.0 1.0 0.0 0.0 0.0 0.0 0.0 0.0 0.0 0.0 0.225 0.325 0.775 0.443 2.0 0.136 0.246 0.793
0.0 1.0 0.0 0.0 0.0 0.0 0.0 0.0 0.0 0.0 0.225 0.325 0.775 0.443 2.0 0.152 0.261 0.793
0.0 1.0 0.0 0.0 0.0 0.0 0.0 0.0 0.0 0.0 0.225 0.325 0.775 0.443 1.0 0.152 0.246 0.793
0.0 1.0 0.0 0.0 0.0 0.0 0.0 0.0 0.0 0.0 0.225 0.325 0.775 0.443 2.0 0.152 0.275 0.793
0.0 1.0 0.0 0.0 0.0 0.0 0.0 0.0 0.0 0.0 0.250 0.300 0.750 0.418 1.0 0.136 0.246 0.793
0.0 1.0 0.0 0.0 0.0 0.0 0.0 0.0 0.0 0.0 0.050 0.500 0.950 0.618 2.0 0.106 0.043 0.793
0.0 1.0 0.0 0.0 0.0 0.0 0.0 0.0 0.0 0.0 0.125 0.425 0.875 0.543 2.0 0.121 0.101 0.793
0.0 1.0 0.0 0.0 0.0 0.0 0.0 0.0 0.0 0.0 0.050 0.500 0.950 0.618 2.0 0.152 0.043 0.793
0.0 1.0 0.0 0.0 0.0 0.0 0.0 0.0 0.0 0.0 0.125 0.425 0.875 0.543 1.0 0.182 0.087 0.793
0.0 1.0 0.0 0.0 0.0 0.0 0.0 0.0 0.0 0.0 0.225 0.325 0.775 0.443 2.0 0.136 0.261 0.793
0.0 0.0 0.0 1.0 0.0 0.0 0.0 0.0 0.0 0.0 0.250 0.300 0.750 0.418 2.0 0.182 0.290 0.793
0.0 0.0 0.0 1.0 0.0 0.0 0.0 0.0 0.0 0.0 0.275 0.275 0.725 0.393 3.0 0.212 0.348 0.793
0.0 0.0 0.0 0.0 1.0 0.0 0.0 0.0 0.0 0.0 0.250 0.300 0.750 0.418 2.0 0.182 0.290 0.793
0.0 0.0 0.0 1.0 0.0 0.0 0.0 0.0 0.0 0.0 0.250 0.300 0.750 0.418 2.0 0.167 0.290 0.793
0.0 0.0 0.0 1.0 0.0 0.0 0.0 0.0 0.0 0.0 0.300 0.250 0.700 0.368 3.0 0.227 0.406 0.793
0.0 0.0 0.0 0.0 1.0 0.0 0.0 0.0 0.0 0.0 0.250 0.300 0.750 0.418 2.0 0.167 0.290 0.793
0.0 0.0 0.0 1.0 0.0 0.0 0.0 0.0 0.0 0.0 0.250 0.300 0.750 0.418 2.0 0.182 0.261 0.793
0.0 0.0 0.0 1.0 0.0 0.0 0.0 0.0 0.0 0.0 0.325 0.225 0.675 0.343 3.0 0.227 0.435 0.793
0.0 1.0 0.0 0.0 0.0 0.0 0.0 0.0 0.0 0.0 0.300 0.250 0.700 0.368 1.0 0.106 0.275 0.793
0.0 1.0 0.0 0.0 0.0 0.0 0.0 0.0 0.0 0.0 0.275 0.275 0.725 0.393 2.0 0.091 0.275 0.793
0.0 0.0 0.0 0.0 1.0 0.0 0.0 0.0 0.0 0.0 0.250 0.300 0.750 0.418 2.0 0.152 0.261 0.793
0.0 0.0 0.0 1.0 0.0 0.0 0.0 0.0 0.0 0.0 0.250 0.300 0.750 0.418 2.0 0.182 0.275 0.793
0.0 0.0 0.0 1.0 0.0 0.0 0.0 0.0 0.0 0.0 0.350 0.200 0.650 0.318 3.0 0.212 0.493 0.793
0.0 0.0 0.0 0.0 1.0 0.0 0.0 0.0 0.0 0.0 0.250 0.300 0.750 0.418 2.0 0.182 0.275 0.793
0.0 0.0 0.0 1.0 0.0 0.0 0.0 0.0 0.0 0.0 0.275 0.275 0.725 0.393 2.0 0.182 0.275 0.793
0.0 0.0 0.0 1.0 0.0 0.0 0.0 0.0 0.0 0.0 0.375 0.175 0.625 0.293 3.0 0.227 0.536 0.793
0.0 0.0 0.0 0.0 1.0 0.0 0.0 0.0 0.0 0.0 0.275 0.275 0.725 0.393 2.0 0.182 0.275 0.793
0.0 1.0 0.0 0.0 0.0 0.0 0.0 0.0 0.0 0.0 0.150 0.400 0.850 0.518 2.0 0.121 0.116 0.793
0.0 0.0 0.0 1.0 0.0 0.0 0.0 0.0 0.0 0.0 0.125 0.425 0.875 0.543 2.0 0.121 0.101 0.793
0.0 0.0 0.0 1.0 0.0 0.0 0.0 0.0 0.0 0.0 0.400 0.150 0.600 0.268 3.0 0.212 0.580 0.793
0.0 0.0 0.0 0.0 1.0 0.0 0.0 0.0 0.0 0.0 0.125 0.425 0.875 0.543 2.0 0.152 0.101 0.793
0.0 0.0 0.0 1.0 0.0 0.0 0.0 0.0 0.0 0.0 0.150 0.400 0.850 0.518 2.0 0.136 0.101 0.793
0.0 0.0 0.0 1.0 0.0 0.0 0.0 0.0 0.0 0.0 0.425 0.125 0.575 0.243 3.0 0.242 0.609 0.793
0.0 0.0 0.0 0.0 1.0 0.0 0.0 0.0 0.0 0.0 0.150 0.400 0.850 0.518 2.0 0.152 0.101 0.793
0.0 0.0 0.0 1.0 0.0 0.0 0.0 0.0 0.0 0.0 0.450 0.100 0.550 0.218 4.0 0.318 0.638 0.793
0.0 0.0 0.0 1.0 0.0 0.0 0.0 0.0 0.0 0.0 0.175 0.375 0.825 0.493 3.0 0.227 0.116 0.793
0.0 0.0 0.0 0.0 1.0 0.0 0.0 0.0 0.0 0.0 0.150 0.400 0.850 0.518 2.0 0.167 0.101 0.793
0.0 0.0 0.0 0.0 1.0 0.0 0.0 0.0 0.0 0.0 0.125 0.425 0.875 0.543 2.0 0.182 0.101 0.793
0.0 0.0 0.0 0.0 1.0 0.0 0.0 0.0 0.0 0.0 0.150 0.400 0.850 0.518 2.0 0.197 0.087 0.793
