0.0 0.0 1.0 0.0 0.0 0.0 0.0 0.0 1.0 0.0 0.034 0.862 0.966 0.897 2.0 0.115 0.028 1.000
0.0 0.0 1.0 0.0 0.0 0.0 0.0 0.0 1.0 0.0 0.034 0.862 0.966 0.897 2.0 0.115 0.028 1.000
0.0 0.0 1.0 0.0 0.0 0.0 0.0 0.0 1.0 0.0 0.034 0.862 0.966 0.897 2.0 0.115 0.028 1.000
0.0 0.0 1.0 0.0 0.0 0.0 0.0 0.0 1.0 0.0 0.034 0.862 0.966 0.897 2.0 0.115 0.028 1.000
0.0 0.0 1.0 0.0 0.0 0.0 0.0 0.0 1.0 0.0 0.034 0.862 0.966 0.897 2.0 0.115 0.028 1.000
0.0 0.0 1.0 0.0 0.0 0.0 0.0 0.0 1.0 0.0 0.034 0.862 0.966 0.897 2.0 0.115 0.028 1.000
0.0 0.0 1.0 0.0 0.0 0.0 0.0 0.0 1.0 0.0 0.034 0.862 0.966 0.897 2.0 0.115 0.028 1.000
0.0 0.0 1.0 0.0 0.0 0.0 0.0 0.0 1.0 0.0 0.034 0.862 0.966 0.897 2.0 0.115 0.028 1.000
0.0 0.0 0.0 1.0 0.0 0.0 0.0 0.0 1.0 0.0 0.034 0.862 0.966 0.897 2.0 0.077 0.028 1.000
0.0 0.0 0.0 1.0 0.0 0.0 0.0 0.0 1.0 0.0 0.034 0.862 0.966 0.897 2.0 0.077 0.028 1.000
0.0 0.0 0.0 1.0 0.0 0.0 0.0 0.0 1.0 0.0 0.034 0.862 0.966 0.897 2.0 0.077 0.028 1.000
0.0 0.0 0.0 1.0 0.0 0.0 0.0 0.0 1.0 0.0 0.034 0.862 0.966 0.897 2.0 0.077 0.028 1.000
0.0 0.0 0.0 1.0 0.0 0.0 0.0 0.0 1.0 0.0 0.034 0.862 0.966 0.897 2.0 0.096 0.028 1.000
0.0 0.0 0.0 1.0 0.0 0.0 0.0 0.0 1.0 0.0 0.034 0.862 0.966 0.897 2.0 0.077 0.028 1.000
0.0 0.0 0.0 1.0 0.0 0.0 0.0 0.0 1.0 0.0 0.034 0.862 0.966 0.897 2.0 0.096 0.028 1.000
0.0 0.0 0.0 1.0 0.0 0.0 0.0 0.0 1.0 0.0 0.034 0.862 0.966 0.897 2.0 0.077 0.028 1.000
0.0 0.0 0.0 1.0 0.0 0.0 0.0 0.0 1.0 0.0 0.034 0.862 0.966 0.897 2.0 0.077 0.028 1.000
0.0 0.0 0.0 1.0 0.0 0.0 0.0 0.0 1.0 0.0 0.034 0.862 0.966 0.897 2.0 0.077 0.028 1.000
0.0 0.0 0.0 1.0 0.0 0.0 0.0 0.0 1.0 0.0 0.034 0.862 0.966 0.897 2.0 0.077 0.028 1.000
0.0 0.0 0.0 1.0 0.0 0.0 0.0 0.0 1.0 0.0 0.034 0.862 0.966 0.897 2.0 0.077 0.028 1.000
0.0 0.0 0.0 1.0 0.0 0.0 0.0 0.0 1.0 0.0 0.034 0.862 0.966 0.897 2.0 0.077 0.028 1.000
0.0 0.0 0.0 1.0 0.0 0.0 0.0 0.0 1.0 0.0 0.034 0.862 0.966 0.897 2.0 0.077 0.028 1.000
0.0 0.0 0.0 1.0 0.0 0.0 0.0 0.0 1.0 0.0 0.034 0.862 0.966 0.897 2.0 0.077 0.028 1.000
0.0 0.0 0.0 1.0 0.0 0.0 0.0 0.0 1.0 0.0 0.034 0.862 0.966 0.897 2.0 0.077 0.028 1.000
0.0 0.0 0.0 1.0 0.0 0.0 0.0 0.0 1.0 0.0 0.034 0.862 0.966 0.897 2.0 0.077 0.028 1.000
0.0 0.0 0.0 1.0 0.0 0.0 0.0 0.0 1.0 0.0 0.034 0.862 0.966 0.897 2.0 0.077 0.028 1.000
0.0 0.0 0.0 1.0 0.0 0.0 0.0 0.0 1.0 0.0 0.034 0.862 0.966 0.897 2.0 0.077 0.028 1.000
0.0 0.0 0.0 1.0 0.0 0.0 0.0 0.0 1.0 0.0 0.034 0.862 0.966 0.897 2.0 0.077 0.028 1.000
0.0 0.0 0.0 1.0 0.0 0.0 0.0 0.0 1.0 0.0 0.034 0.862 0.966 0.897 2.0 0.077 0.028 1.000
0.0 0.0 0.0 1.0 0.0 0.0 0.0 0.0 1.0 0.0 0.034 0.862 0.966 0.897 2.0 0.077 0.028 1.000
0.0 0.0 0.0 1.0 0.0 0.0 0.0 0.0 1.0 0.0 0.034 0.862 0.966 0.897 2.0 0.096 0.028 1.000
0.0 0.0 0.0 1.0 0.0 0.0 0.0 0.0 1.0 0.0 0.034 0.862 0.966 0.897 2.0 0.096 0.028 1.000
0.0 0.0 0.0 1.0 0.0 0.0 0.0 0.0 1.0 0.0 0.034 0.862 0.966 0.897 2.0 0.077 0.028 1.000
0.0 0.0 0.0 1.0 0.0 0.0 0.0 0.0 1.0 0.0 0.034 0.862 0.966 0.897 2.0 0.077 0.028 1.000
0.0 0.0 0.0 1.0 0.0 0.0 0.0 0.0 1.0 0.0 0.034 0.862 0.966 0.897 2.0 0.077 0.028 1.000
0.0 0.0 0.0 1.0 0.0 0.0 0.0 0.0 1.0 0.0 0.034 0.862 0.966 0.897 2.0 0.077 0.028 1.000
0.0 0.0 0.0 1.0 0.0 0.0 0.0 0.0 1.0 0.0 0.034 0.862 0.966 0.897 2.0 0.077 0.028 1.000
0.0 0.0 0.0 1.0 0.0 0.0 0.0 0.0 1.0 0.0 0.034 0.862 0.966 0.897 2.0 0.077 0.028 1.000
0.0 0.0 0.0 1.0 0.0 0.0 0.0 0.0 1.0 0.0 0.034 0.862 0.966 0.897 2.0 0.077 0.028 1.000
0.0 0.0 0.0 1.0 0.0 0.0 0.0 0.0 1.0 0.0 0.034 0.862 0.966 0.897 2.0 0.077 0.028 1.000
0.0 0.0 0.0 1.0 0.0 0.0 0.0 0.0 1.0 0.0 0.069 0.828 0.931 0.862 2.0 0.096 0.028 1.000
0.0 0.0 0.0 1.0 0.0 0.0 0.0 0.0 1.0 0.0 0.069 0.828 0.931 0.862 2.0 0.096 0.028 1.000
0.0 0.0 0.0 1.0 0.0 0.0 0.0 0.0 1.0 0.0 0.069 0.828 0.931 0.862 2.0 0.115 0.028 1.000
0.0 0.0 0.0 1.0 0.0 0.0 0.0 0.0 1.0 0.0 0.069 0.828 0.931 0.862 2.0 0.115 0.028 1.000
0.0 0.0 0.0 1.0 0.0 0.0 0.0 0.0 1.0 0.0 0.069 0.828 0.931 0.862 2.0 0.115 0.028 1.000
0.0 0.0 0.0 1.0 0.0 0.0 0.0 0.0 1.0 0.0 0.069 0.828 0.931 0.862 2.0 0.115 0.028 1.000
0.0 0.0 0.0 1.0 0.0 0.0 0.0 0.0 1.0 0.0 0.069 0.828 0.931 0.862 2.0 0.115 0.028 1.000
0.0 0.0 0.0 1.0 0.0 0.0 0.0 0.0 1.0 0.0 0.069 0.828 0.931 0.862 2.0 0.115 0.028 1.000
0.0 0.0 0.0 1.0 0.0 0.0 0.0 0.0 1.0 0.0 0.069 0.828 0.931 0.862 2.0 0.135 0.028 1.000
0.0 1.0 0.0 0.0 0.0 0.0 0.0 0.0 0.0 0.0 0.103 0.793 0.897 0.828 2.0 0.135 0.042 1.000
0.0 0.0 0.0 1.0 0.0 0.0 0.0 0.0 1.0 0.0 0.069 0.828 0.931 0.862 2.0 0.096 0.028 1.000
0.0 0.0 0.0 1.0 0.0 0.0 0.0 0.0 1.0 0.0 0.069 0.828 0.931 0.862 2.0 0.115 0.028 1.000
0.0 0.0 0.0 1.0 0.0 0.0 0.0 0.0 1.0 0.0 0.069 0.828 0.931 0.862 2.0 0.115 0.028 1.000
0.0 1.0 0.0 0.0 0.0 0.0 0.0 0.0 0.0 0.0 0.103 0.793 0.897 0.828 2.0 0.135 0.042 1.000
0.0 0.0 0.0 1.0 0.0 0.0 0.0 0.0 1.0 0.0 0.069 0.828 0.931 0.862 2.0 0.096 0.028 1.000
0.0 0.0 0.0 1.0 0.0 0.0 0.0 0.0 1.0 0.0 0.069 0.828 0.931 0.862 2.0 0.135 0.028 1.000
0.0 0.0 0.0 1.0 0.0 0.0 0.0 0.0 1.0 0.0 0.069 0.828 0.931 0.862 2.0 0.115 0.028 1.000
0.0 0.0 0.0 1.0 0.0 0.0 0.0 0.0 1.0 0.0 0.069 0.828 0.931 0.862 2.0 0.115 0.028 1.000
0.0 0.0 0.0 1.0 0.0 0.0 0.0 0.0 1.0 0.0 0.069 0.828 0.931 0.862 2.0 0.115 0.028 1.000
0.0 0.0 0.0 1.0 0.0 0.0 0.0 0.0 1.0 0.0 0.069 0.828 0.931 0.862 2.0 0.115 0.028 1.000
0.0 0.0 0.0 1.0 0.0 0.0 0.0 0.0 1.0 0.0 0.069 0.828 0.931 0.862 2.0 0.115 0.028 1.000
0.0 0.0 0.0 1.0 0.0 0.0 0.0 0.0 1.0 0.0 0.069 0.828 0.931 0.862 2.0 0.115 0.028 1.000
0.0 0.0 0.0 1.0 0.0 0.0 0.0 0.0 1.0 0.0 0.069 0.828 0.931 0.862 2.0 0.115 0.028 1.000
0.0 0.0 0.0 1.0 0.0 0.0 0.0 0.0 1.0 0.0 0.069 0.828 0.931 0.862 2.0 0.115 0.028 1.000
0.0 0.0 0.0 1.0 0.0 0.0 0.0 0.0 1.0 0.0 0.069 0.828 0.931 0.862 2.0 0.115 0.028 1.000
0.0 0.0 0.0 1.0 0.0 0.0 0.0 0.0 1.0 0.0 0.069 0.828 0.931 0.862 2.0 0.115 0.028 1.000
0.0 0.0 0.0 1.0 0.0 0.0 0.0 0.0 1.0 0.0 0.069 0.828 0.931 0.862 2.0 0.115 0.028 1.000
0.0 0.0 0.0 1.0 0.0 0.0 0.0 0.0 1.0 0.0 0.069 0.828 0.931 0.862 2.0 0.115 0.028 1.000
0.0 0.0 0.0 1.0 0.0 0.0 0.0 0.0 1.0 0.0 0.069 0.828 0.931 0.862 2.0 0.115 0.028 1.000
0.0 0.0 0.0 1.0 0.0 0.0 0.0 0.0 1.0 0.0 0.069 0.828 0.931 0.862 2.0 0.115 0.028 1.000
0.0 0.0 0.0 1.0 0.0 0.0 0.0 0.0 1.0 0.0 0.069 0.828 0.931 0.862 2.0 0.115 0.028 1.000
0.0 0.0 0.0 1.0 0.0 0.0 0.0 0.0 1.0 0.0 0.069 0.828 0.931 0.862 2.0 0.115 0.028 1.000
0.0 0.0 0.0 1.0 0.0 0.0 0.0 0.0 1.0 0.0 0.069 0.828 0.931 0.862 2.0 0.115 0.028 1.000
0.0 0.0 0.0 1.0 0.0 0.0 0.0 0.0 1.0 0.0 0.069 0.828 0.931 0.862 2.0 0.115 0.028 1.000
0.0 0.0 0.0 1.0 0.0 0.0 0.0 0.0 1.0 0.0 0.069 0.828 0.931 0.862 2.0 0.115 0.028 1.000
0.0 0.0 0.0 1.0 0.0 0.0 0.0 0.0 1.0 0.0 0.069 0.828 0.931 0.862 2.0 0.115 0.028 1.000
0.0 0.0 0.0 1.0 0.0 0.0 0.0 0.0 1.0 0.0 0.069 0.828 0.931 0.862 2.0 0.115 0.028 1.000
0.0 0.0 0.0 1.0 0.0 0.0 0.0 0.0 1.0 0.0 0.069 0.828 0.931 0.862 2.0 0.115 0.028 1.000
0.0 0.0 0.0 1.0 0.0 0.0 0.0 0.0 1.0 0.0 0.069 0.828 0.931 0.862 2.0 0.115 0.028 1.000
0.0 0.0 0.0 1.0 0.0 0.0 0.0 0.0 1.0 0.0 0.069 0.828 0.931 0.862 2.0 0.115 0.028 1.000
0.0 0.0 0.0 1.0 0.0 0.0 0.0 0.0 1.0 0.0 0.069 0.828 0.931 0.862 2.0 0.115 0.028 1.000
0.0 0.0 0.0 1.0 0.0 0.0 0.0 0.0 1.0 0.0 0.069 0.828 0.931 0.862 2.0 0.115 0.028 1.000
0.0 0.0 0.0 1.0 0.0 0.0 0.0 0.0 1.0 0.0 0.069 0.828 0.931 0.862 2.0 0.115 0.028 1.000
0.0 0.0 0.0 1.0 0.0 0.0 0.0 0.0 1.0 0.0 0.069 0.828 0.931 0.862 2.0 0.115 0.028 1.000
0.0 0.0 0.0 1.0 0.0 0.0 0.0 0.0 1.0 0.0 0.069 0.828 0.931 0.862 2.0 0.115 0.028 1.000
0.0 0.0 0.0 1.0 0.0 0.0 0.0 0.0 1.0 0.0 0.069 0.828 0.931 0.862 2.0 0.115 0.028 1.000
0.0 0.0 0.0 1.0 0.0 0.0 0.0 0.0 1.0 0.0 0.069 0.828 0.931 0.862 2.0 0.135 0.028 1.000
0.0 1.0 0.0 0.0 0.0 0.0 0.0 0.0 0.0 0.0 0.103 0.793 0.897 0.828 2.0 0.135 0.042 1.000
0.0 0.0 0.0 1.0 0.0 0.0 0.0 0.0 1.0 0.0 0.069 0.828 0.931 0.862 2.0 0.096 0.028 1.000
0.0 1.0 0.0 0.0 0.0 0.0 0.0 0.0 0.0 0.0 0.103 0.793 0.897 0.828 2.0 0.135 0.042 1.000
0.0 0.0 0.0 1.0 0.0 0.0 0.0 0.0 1.0 0.0 0.069 0.828 0.931 0.862 2.0 0.096 0.028 1.000
0.0 0.0 0.0 1.0 0.0 0.0 0.0 0.0 1.0 0.0 0.069 0.828 0.931 0.862 2.0 0.135 0.028 1.000
0.0 0.0 0.0 1.0 0.0 0.0 0.0 0.0 1.0 0.0 0.069 0.828 0.931 0.862 2.0 0.115 0.028 1.000
0.0 0.0 0.0 1.0 0.0 0.0 0.0 0.0 1.0 0.0 0.069 0.828 0.931 0.862 2.0 0.115 0.028 1.000
0.0 0.0 0.0 1.0 0.0 0.0 0.0 0.0 1.0 0.0 0.069 0.828 0.931 0.862 2.0 0.115 0.028 1.000
0.0 0.0 0.0 1.0 0.0 0.0 0.0 0.0 1.0 0.0 0.069 0.828 0.931 0.862 2.0 0.115 0.028 1.000
0.0 0.0 0.0 1.0 0.0 0.0 0.0 0.0 1.0 0.0 0.069 0.828 0.931 0.862 2.0 0.115 0.028 1.000
0.0 0.0 0.0 1.0 0.0 0.0 0.0 0.0 1.0 0.0 0.069 0.828 0.931 0.862 2.0 0.115 0.028 1.000
0.0 0.0 0.0 1.0 0.0 0.0 0.0 0.0 1.0 0.0 0.069 0.828 0.931 0.862 2.0 0.115 0.028 1.000
0.0 0.0 0.0 1.0 0.0 0.0 0.0 0.0 1.0 0.0 0.069 0.828 0.931 0.862 2.0 0.115 0.028 1.000
0.0 0.0 0.0 1.0 0.0 0.0 0.0 0.0 1.0 0.0 0.069 0.828 0.931 0.862 2.0 0.115 0.028 1.000
0.0 0.0 0.0 1.0 0.0 0.0 0.0 0.0 1.0 0.0 0.069 0.828 0.931 0.862 2.0 0.115 0.028 1.000
0.0 0.0 0.0 1.0 0.0 0.0 0.0 0.0 1.0 0.0 0.069 0.828 0.931 0.862 2.0 0.115 0.028 1.000
0.0 0.0 0.0 1.0 0.0 0.0 0.0 0.0 1.0 0.0 0.069 0.828 0.931 0.862 2.0 0.115 0.028 1.000
0.0 0.0 0.0 1.0 0.0 0.0 0.0 0.0 1.0 0.0 0.069 0.828 0.931 0.862 2.0 0.115 0.028 1.000
0.0 0.0 0.0 1.0 0.0 0.0 0.0 0.0 1.0 0.0 0.069 0.828 0.931 0.862 2.0 0.115 0.028 1.000
0.0 0.0 0.0 1.0 0.0 0.0 0.0 0.0 1.0 0.0 0.069 0.828 0.931 0.862 2.0 0.115 0.028 1.000
0.0 0.0 0.0 1.0 0.0 0.0 0.0 0.0 1.0 0.0 0.069 0.828 0.931 0.862 2.0 0.115 0.028 1.000
0.0 1.0 0.0 0.0 0.0 0.0 0.0 0.0 0.0 0.0 0.138 0.759 0.862 0.793 2.0 0.173 0.042 1.000
0.0 0.0 0.0 1.0 0.0 0.0 0.0 0.0 0.0 0.0 0.103 0.793 0.897 0.828 2.0 0.135 0.028 1.000
0.0 0.0 0.0 1.0 0.0 0.0 0.0 0.0 0.0 0.0 0.103 0.793 0.897 0.828 2.0 0.173 0.028 1.000
0.0 0.0 0.0 1.0 0.0 0.0 0.0 0.0 0.0 0.0 0.103 0.793 0.897 0.828 2.0 0.173 0.028 1.000
0.0 0.0 0.0 1.0 0.0 0.0 0.0 0.0 0.0 0.0 0.103 0.793 0.897 0.828 2.0 0.173 0.028 1.000
0.0 0.0 0.0 1.0 0.0 0.0 0.0 0.0 0.0 0.0 0.138 0.759 0.862 0.793 2.0 0.192 0.042 1.000
0.0 0.0 0.0 1.0 0.0 0.0 0.0 0.0 0.0 0.0 0.103 0.793 0.897 0.828 2.0 0.173 0.028 1.000
0.0 0.0 0.0 1.0 0.0 0.0 0.0 0.0 0.0 0.0 0.138 0.759 0.862 0.793 2.0 0.192 0.042 1.000
0.0 0.0 0.0 1.0 0.0 0.0 0.0 0.0 0.0 0.0 0.103 0.793 0.897 0.828 2.0 0.173 0.028 1.000
0.0 0.0 0.0 1.0 0.0 0.0 0.0 0.0 0.0 0.0 0.103 0.793 0.897 0.828 2.0 0.173 0.028 1.000
0.0 0.0 0.0 1.0 0.0 0.0 0.0 0.0 0.0 0.0 0.103 0.793 0.897 0.828 2.0 0.173 0.028 1.000
0.0 0.0 0.0 1.0 0.0 0.0 0.0 0.0 0.0 0.0 0.103 0.793 0.897 0.828 2.0 0.173 0.028 1.000
0.0 0.0 0.0 1.0 0.0 0.0 0.0 0.0 0.0 0.0 0.103 0.793 0.897 0.828 2.0 0.173 0.028 1.000
0.0 0.0 0.0 1.0 0.0 0.0 0.0 0.0 0.0 0.0 0.103 0.793 0.897 0.828 2.0 0.173 0.028 1.000
0.0 0.0 0.0 1.0 0.0 0.0 0.0 0.0 0.0 0.0 0.103 0.793 0.897 0.828 2.0 0.173 0.028 1.000
0.0 0.0 0.0 1.0 0.0 0.0 0.0 0.0 0.0 0.0 0.103 0.793 0.897 0.828 2.0 0.173 0.028 1.000
0.0 0.0 0.0 1.0 0.0 0.0 0.0 0.0 0.0 0.0 0.103 0.793 0.897 0.828 2.0 0.173 0.028 1.000
0.0 0.0 0.0 1.0 0.0 0.0 0.0 0.0 0.0 0.0 0.103 0.793 0.897 0.828 2.0 0.173 0.028 1.000
0.0 0.0 0.0 1.0 0.0 0.0 0.0 0.0 0.0 0.0 0.103 0.793 0.897 0.828 2.0 0.173 0.028 1.000
0.0 0.0 0.0 1.0 0.0 0.0 0.0 0.0 0.0 0.0 0.103 0.793 0.897 0.828 2.0 0.173 0.028 1.000
0.0 0.0 0.0 1.0 0.0 0.0 0.0 0.0 0.0 0.0 0.103 0.793 0.897 0.828 2.0 0.173 0.028 1.000
0.0 0.0 0.0 1.0 0.0 0.0 0.0 0.0 0.0 0.0 0.103 0.793 0.897 0.828 2.0 0.173 0.028 1.000
0.0 0.0 0.0 1.0 0.0 0.0 0.0 0.0 0.0 0.0 0.103 0.793 0.897 0.828 2.0 0.173 0.028 1.000
0.0 0.0 0.0 1.0 0.0 0.0 0.0 0.0 0.0 0.0 0.138 0.759 0.862 0.793 2.0 0.192 0.042 1.000
0.0 0.0 0.0 1.0 0.0 0.0 0.0 0.0 0.0 0.0 0.138 0.759 0.862 0.793 2.0 0.192 0.042 1.000
0.0 0.0 0.0 1.0 0.0 0.0 0.0 0.0 0.0 0.0 0.103 0.793 0.897 0.828 2.0 0.173 0.028 1.000
0.0 0.0 0.0 1.0 0.0 0.0 0.0 0.0 0.0 0.0 0.103 0.793 0.897 0.828 2.0 0.173 0.028 1.000
0.0 0.0 0.0 1.0 0.0 0.0 0.0 0.0 0.0 0.0 0.103 0.793 0.897 0.828 2.0 0.173 0.028 1.000
0.0 0.0 0.0 1.0 0.0 0.0 0.0 0.0 0.0 0.0 0.103 0.793 0.897 0.828 2.0 0.173 0.028 1.000
0.0 0.0 0.0 1.0 0.0 0.0 0.0 0.0 0.0 0.0 0.103 0.793 0.897 0.828 2.0 0.173 0.028 1.000
0.0 0.0 0.0 1.0 0.0 0.0 0.0 0.0 0.0 0.0 0.103 0.793 0.897 0.828 2.0 0.173 0.028 1.000
0.0 0.0 0.0 1.0 0.0 0.0 0.0 0.0 0.0 0.0 0.103 0.793 0.897 0.828 2.0 0.173 0.028 1.000
0.0 0.0 0.0 1.0 0.0 0.0 0.0 0.0 0.0 0.0 0.103 0.793 0.897 0.828 2.0 0.173 0.028 1.000
0.0 0.0 0.0 1.0 0.0 0.0 0.0 0.0 0.0 0.0 0.172 0.724 0.828 0.759 2.0 0.173 0.070 1.000
0.0 0.0 0.0 1.0 0.0 0.0 0.0 0.0 0.0 0.0 0.138 0.759 0.862 0.793 2.0 0.192 0.056 1.000
0.0 0.0 0.0 1.0 0.0 0.0 0.0 0.0 0.0 0.0 0.172 0.724 0.828 0.759 2.0 0.192 0.070 1.000
0.0 0.0 0.0 1.0 0.0 0.0 0.0 0.0 0.0 0.0 0.172 0.724 0.828 0.759 2.0 0.192 0.070 1.000
0.0 0.0 0.0 1.0 0.0 0.0 0.0 0.0 0.0 0.0 0.138 0.759 0.862 0.793 2.0 0.212 0.056 1.000
0.0 0.0 0.0 1.0 0.0 0.0 0.0 0.0 0.0 0.0 0.138 0.759 0.862 0.793 2.0 0.192 0.056 1.000
0.0 0.0 0.0 1.0 0.0 0.0 0.0 0.0 0.0 0.0 0.138 0.759 0.862 0.793 2.0 0.192 0.056 1.000
0.0 0.0 0.0 1.0 0.0 0.0 0.0 0.0 0.0 0.0 0.138 0.759 0.862 0.793 2.0 0.192 0.056 1.000
0.0 0.0 0.0 1.0 0.0 0.0 0.0 0.0 0.0 0.0 0.138 0.759 0.862 0.793 2.0 0.192 0.056 1.000
0.0 0.0 0.0 1.0 0.0 0.0 0.0 0.0 0.0 0.0 0.138 0.759 0.862 0.793 2.0 0.192 0.056 1.000
0.0 0.0 0.0 1.0 0.0 0.0 0.0 0.0 0.0 0.0 0.138 0.759 0.862 0.793 2.0 0.212 0.056 1.000
0.0 1.0 0.0 0.0 0.0 0.0 0.0 0.0 0.0 0.0 0.207 0.690 0.793 0.724 2.0 0.135 0.099 1.000
0.0 0.0 0.0 1.0 0.0 0.0 0.0 0.0 0.0 0.0 0.172 0.724 0.828 0.759 2.0 0.192 0.085 1.000
0.0 0.0 0.0 1.0 0.0 0.0 0.0 0.0 0.0 0.0 0.138 0.759 0.862 0.793 2.0 0.192 0.056 1.000
0.0 0.0 0.0 1.0 0.0 0.0 0.0 0.0 0.0 0.0 0.138 0.759 0.862 0.793 2.0 0.192 0.056 1.000
0.0 0.0 0.0 1.0 0.0 0.0 0.0 0.0 0.0 0.0 0.138 0.759 0.862 0.793 2.0 0.192 0.056 1.000
0.0 0.0 0.0 1.0 0.0 0.0 0.0 0.0 0.0 0.0 0.138 0.759 0.862 0.793 2.0 0.192 0.056 1.000
0.0 0.0 0.0 1.0 0.0 0.0 0.0 0.0 0.0 0.0 0.207 0.690 0.793 0.724 2.0 0.212 0.070 1.000
0.0 0.0 0.0 1.0 0.0 0.0 0.0 0.0 0.0 0.0 0.207 0.690 0.793 0.724 2.0 0.231 0.070 1.000
0.0 0.0 0.0 1.0 0.0 0.0 0.0 0.0 0.0 0.0 0.172 0.724 0.828 0.759 2.0 0.231 0.056 1.000
0.0 0.0 0.0 1.0 0.0 0.0 0.0 0.0 0.0 0.0 0.172 0.724 0.828 0.759 2.0 0.231 0.056 1.000
0.0 0.0 0.0 1.0 0.0 0.0 0.0 0.0 0.0 0.0 0.207 0.690 0.793 0.724 2.0 0.231 0.070 1.000
0.0 0.0 0.0 1.0 0.0 0.0 0.0 0.0 0.0 0.0 0.207 0.690 0.793 0.724 2.0 0.231 0.070 1.000
0.0 0.0 0.0 1.0 0.0 0.0 0.0 0.0 0.0 0.0 0.207 0.690 0.793 0.724 2.0 0.231 0.070 1.000
0.0 0.0 0.0 1.0 0.0 0.0 0.0 0.0 0.0 0.0 0.207 0.690 0.793 0.724 2.0 0.231 0.070 1.000
0.0 1.0 0.0 0.0 0.0 0.0 0.0 0.0 0.0 0.0 0.207 0.690 0.793 0.724 2.0 0.192 0.070 1.000
0.0 0.0 0.0 1.0 0.0 0.0 0.0 0.0 0.0 0.0 0.172 0.724 0.828 0.759 2.0 0.173 0.056 1.000
0.0 0.0 0.0 1.0 0.0 0.0 0.0 0.0 0.0 0.0 0.172 0.724 0.828 0.759 2.0 0.250 0.056 1.000
0.0 0.0 0.0 1.0 0.0 0.0 0.0 0.0 0.0 0.0 0.172 0.724 0.828 0.759 2.0 0.231 0.056 1.000
0.0 0.0 0.0 1.0 0.0 0.0 0.0 0.0 0.0 0.0 0.172 0.724 0.828 0.759 2.0 0.231 0.056 1.000
0.0 0.0 0.0 1.0 0.0 0.0 0.0 0.0 0.0 0.0 0.172 0.724 0.828 0.759 2.0 0.231 0.056 1.000
0.0 0.0 0.0 1.0 0.0 0.0 0.0 0.0 0.0 0.0 0.172 0.724 0.828 0.759 2.0 0.231 0.056 1.000
0.0 0.0 0.0 1.0 0.0 0.0 0.0 0.0 0.0 0.0 0.172 0.724 0.828 0.759 2.0 0.231 0.056 1.000
0.0 0.0 0.0 1.0 0.0 0.0 0.0 0.0 0.0 0.0 0.172 0.724 0.828 0.759 2.0 0.231 0.056 1.000
0.0 0.0 0.0 1.0 0.0 0.0 0.0 0.0 0.0 0.0 0.172 0.724 0.828 0.759 2.0 0.192 0.056 1.000
0.0 0.0 0.0 1.0 0.0 0.0 0.0 0.0 0.0 0.0 0.172 0.724 0.828 0.759 2.0 0.192 0.056 1.000
0.0 0.0 0.0 1.0 0.0 0.0 0.0 0.0 0.0 0.0 0.172 0.724 0.828 0.759 2.0 0.192 0.056 1.000
0.0 0.0 0.0 1.0 0.0 0.0 0.0 0.0 0.0 0.0 0.172 0.724 0.828 0.759 2.0 0.192 0.056 1.000
0.0 1.0 0.0 0.0 0.0 0.0 0.0 0.0 0.0 0.0 0.207 0.690 0.793 0.724 2.0 0.154 0.070 1.000
0.0 0.0 0.0 1.0 0.0 0.0 0.0 0.0 0.0 0.0 0.172 0.724 0.828 0.759 2.0 0.173 0.056 1.000
0.0 0.0 0.0 1.0 0.0 0.0 0.0 0.0 0.0 0.0 0.172 0.724 0.828 0.759 2.0 0.212 0.056 1.000
0.0 0.0 0.0 1.0 0.0 0.0 0.0 0.0 0.0 0.0 0.241 0.655 0.759 0.690 2.0 0.192 0.099 1.000
0.0 0.0 0.0 1.0 0.0 0.0 0.0 0.0 0.0 0.0 0.241 0.655 0.759 0.690 2.0 0.192 0.099 1.000
0.0 0.0 0.0 1.0 0.0 0.0 0.0 0.0 0.0 0.0 0.172 0.724 0.828 0.759 2.0 0.192 0.056 1.000
0.0 0.0 0.0 1.0 0.0 0.0 0.0 0.0 0.0 0.0 0.172 0.724 0.828 0.759 2.0 0.192 0.056 1.000
0.0 0.0 0.0 1.0 0.0 0.0 0.0 0.0 0.0 0.0 0.172 0.724 0.828 0.759 2.0 0.173 0.056 1.000
0.0 0.0 0.0 1.0 0.0 0.0 0.0 0.0 0.0 0.0 0.172 0.724 0.828 0.759 2.0 0.173 0.056 1.000
0.0 0.0 0.0 1.0 0.0 0.0 0.0 0.0 0.0 0.0 0.172 0.724 0.828 0.759 2.0 0.192 0.056 1.000
0.0 0.0 0.0 1.0 0.0 0.0 0.0 0.0 0.0 0.0 0.172 0.724 0.828 0.759 2.0 0.192 0.056 1.000
0.0 0.0 0.0 1.0 0.0 0.0 0.0 0.0 0.0 0.0 0.172 0.724 0.828 0.759 2.0 0.192 0.056 1.000
0.0 0.0 0.0 1.0 0.0 0.0 0.0 0.0 0.0 0.0 0.172 0.724 0.828 0.759 2.0 0.192 0.056 1.000
0.0 0.0 0.0 1.0 0.0 0.0 0.0 0.0 0.0 0.0 0.241 0.655 0.759 0.690 2.0 0.308 0.070 1.000
0.0 0.0 0.0 1.0 0.0 0.0 0.0 0.0 0.0 0.0 0.207 0.690 0.793 0.724 2.0 0.308 0.056 1.000
0.0 0.0 0.0 1.0 0.0 0.0 0.0 0.0 0.0 0.0 0.241 0.655 0.759 0.690 2.0 0.308 0.070 1.000
0.0 0.0 0.0 1.0 0.0 0.0 0.0 0.0 0.0 0.0 0.241 0.655 0.759 0.690 2.0 0.308 0.070 1.000
0.0 0.0 0.0 1.0 0.0 0.0 0.0 0.0 0.0 0.0 0.241 0.655 0.759 0.690 2.0 0.308 0.070 1.000
0.0 0.0 0.0 1.0 0.0 0.0 0.0 0.0 0.0 0.0 0.207 0.690 0.793 0.724 2.0 0.308 0.056 1.000
0.0 0.0 0.0 1.0 0.0 0.0 0.0 0.0 0.0 0.0 0.207 0.690 0.793 0.724 2.0 0.308 0.056 1.000
0.0 0.0 0.0 1.0 0.0 0.0 0.0 0.0 0.0 0.0 0.207 0.690 0.793 0.724 2.0 0.308 0.056 1.000
0.0 0.0 0.0 1.0 0.0 0.0 0.0 0.0 0.0 0.0 0.207 0.690 0.793 0.724 2.0 0.212 0.056 1.000
0.0 0.0 0.0 1.0 0.0 0.0 0.0 0.0 0.0 0.0 0.207 0.690 0.793 0.724 2.0 0.212 0.056 1.000
0.0 0.0 0.0 1.0 0.0 0.0 0.0 0.0 0.0 0.0 0.241 0.655 0.759 0.690 2.0 0.212 0.070 1.000
0.0 0.0 0.0 1.0 0.0 0.0 0.0 0.0 0.0 0.0 0.276 0.621 0.724 0.655 2.0 0.212 0.099 1.000
0.0 0.0 0.0 1.0 0.0 0.0 0.0 0.0 0.0 0.0 0.207 0.690 0.793 0.724 2.0 0.212 0.056 1.000
0.0 1.0 0.0 0.0 0.0 0.0 0.0 0.0 0.0 0.0 0.241 0.655 0.759 0.690 2.0 0.173 0.070 1.000
0.0 0.0 0.0 1.0 0.0 0.0 0.0 0.0 0.0 0.0 0.207 0.690 0.793 0.724 2.0 0.173 0.056 1.000
0.0 0.0 0.0 1.0 0.0 0.0 0.0 0.0 0.0 0.0 0.207 0.690 0.793 0.724 2.0 0.212 0.056 1.000
0.0 0.0 0.0 1.0 0.0 0.0 0.0 0.0 0.0 0.0 0.207 0.690 0.793 0.724 2.0 0.212 0.056 1.000
0.0 0.0 0.0 1.0 0.0 0.0 0.0 0.0 0.0 0.0 0.276 0.621 0.724 0.655 2.0 0.269 0.127 1.000
0.0 0.0 0.0 1.0 0.0 0.0 0.0 0.0 0.0 0.0 0.276 0.621 0.724 0.655 2.0 0.269 0.141 1.000
0.0 0.0 0.0 1.0 0.0 0.0 0.0 0.0 0.0 0.0 0.276 0.621 0.724 0.655 2.0 0.269 0.141 1.000
0.0 0.0 0.0 1.0 0.0 0.0 0.0 0.0 0.0 0.0 0.276 0.621 0.724 0.655 2.0 0.269 0.127 1.000
0.0 0.0 0.0 1.0 0.0 0.0 0.0 0.0 0.0 0.0 0.276 0.621 0.724 0.655 2.0 0.269 0.127 1.000
0.0 0.0 0.0 1.0 0.0 0.0 0.0 0.0 0.0 0.0 0.241 0.655 0.759 0.690 2.0 0.269 0.113 1.000
0.0 0.0 0.0 1.0 0.0 0.0 0.0 0.0 0.0 0.0 0.276 0.621 0.724 0.655 2.0 0.269 0.127 1.000
0.0 0.0 0.0 1.0 0.0 0.0 0.0 0.0 0.0 0.0 0.241 0.655 0.759 0.690 2.0 0.269 0.113 1.000
0.0 0.0 0.0 1.0 0.0 0.0 0.0 0.0 0.0 0.0 0.310 0.586 0.690 0.621 2.0 0.231 0.127 1.000
0.0 0.0 0.0 1.0 0.0 0.0 0.0 0.0 0.0 0.0 0.310 0.586 0.690 0.621 2.0 0.231 0.127 1.000
0.0 0.0 0.0 1.0 0.0 0.0 0.0 0.0 0.0 0.0 0.310 0.586 0.690 0.621 2.0 0.231 0.141 1.000
0.0 0.0 0.0 1.0 0.0 0.0 0.0 0.0 0.0 0.0 0.310 0.586 0.690 0.621 2.0 0.231 0.141 1.000
0.0 0.0 0.0 1.0 0.0 0.0 0.0 0.0 0.0 0.0 0.310 0.586 0.690 0.621 2.0 0.231 0.141 1.000
0.0 0.0 0.0 1.0 0.0 0.0 0.0 0.0 0.0 0.0 0.310 0.586 0.690 0.621 2.0 0.231 0.141 1.000
0.0 0.0 0.0 1.0 0.0 0.0 0.0 0.0 0.0 0.0 0.310 0.586 0.690 0.621 2.0 0.231 0.127 1.000
0.0 0.0 0.0 1.0 0.0 0.0 0.0 0.0 0.0 0.0 0.310 0.586 0.690 0.621 2.0 0.231 0.127 1.000
0.0 0.0 0.0 1.0 0.0 0.0 0.0 0.0 0.0 0.0 0.310 0.586 0.690 0.621 2.0 0.231 0.127 1.000
0.0 0.0 0.0 1.0 0.0 0.0 0.0 0.0 0.0 0.0 0.310 0.586 0.690 0.621 2.0 0.231 0.127 1.000
0.0 0.0 0.0 1.0 0.0 0.0 0.0 0.0 0.0 0.0 0.276 0.621 0.724 0.655 2.0 0.231 0.113 1.000
0.0 0.0 0.0 1.0 0.0 0.0 0.0 0.0 0.0 0.0 0.276 0.621 0.724 0.655 2.0 0.231 0.113 1.000
0.0 0.0 0.0 1.0 0.0 0.0 0.0 0.0 0.0 0.0 0.310 0.586 0.690 0.621 2.0 0.231 0.127 1.000
0.0 0.0 0.0 1.0 0.0 0.0 0.0 0.0 0.0 0.0 0.310 0.586 0.690 0.621 2.0 0.231 0.127 1.000
0.0 0.0 0.0 1.0 0.0 0.0 0.0 0.0 0.0 0.0 0.276 0.621 0.724 0.655 2.0 0.231 0.113 1.000
0.0 0.0 0.0 1.0 0.0 0.0 0.0 0.0 0.0 0.0 0.276 0.621 0.724 0.655 2.0 0.231 0.113 1.000
0.0 0.0 0.0 1.0 0.0 0.0 0.0 0.0 0.0 0.0 0.345 0.552 0.655 0.586 2.0 0.212 0.127 1.000
0.0 0.0 0.0 1.0 0.0 0.0 0.0 0.0 0.0 0.0 0.345 0.552 0.655 0.586 2.0 0.212 0.141 1.000
0.0 0.0 0.0 1.0 0.0 0.0 0.0 0.0 0.0 0.0 0.345 0.552 0.655 0.586 2.0 0.212 0.141 1.000
0.0 0.0 0.0 1.0 0.0 0.0 0.0 0.0 0.0 0.0 0.345 0.552 0.655 0.586 2.0 0.212 0.127 1.000
0.0 0.0 0.0 1.0 0.0 0.0 0.0 0.0 0.0 0.0 0.345 0.552 0.655 0.586 2.0 0.212 0.127 1.000
0.0 0.0 0.0 1.0 0.0 0.0 0.0 0.0 0.0 0.0 0.310 0.586 0.690 0.621 2.0 0.212 0.113 1.000
0.0 0.0 0.0 1.0 0.0 0.0 0.0 0.0 0.0 0.0 0.345 0.552 0.655 0.586 2.0 0.212 0.127 1.000
0.0 0.0 0.0 1.0 0.0 0.0 0.0 0.0 0.0 0.0 0.310 0.586 0.690 0.621 2.0 0.212 0.113 1.000
0.0 0.0 0.0 1.0 0.0 0.0 0.0 0.0 0.0 0.0 0.379 0.517 0.621 0.552 2.0 0.154 0.155 1.000
0.0 0.0 0.0 1.0 0.0 0.0 0.0 0.0 0.0 0.0 0.345 0.552 0.655 0.586 2.0 0.154 0.141 1.000
0.0 0.0 0.0 1.0 0.0 0.0 0.0 0.0 0.0 0.0 0.379 0.517 0.621 0.552 2.0 0.154 0.155 1.000
0.0 0.0 0.0 1.0 0.0 0.0 0.0 0.0 0.0 0.0 0.345 0.552 0.655 0.586 2.0 0.154 0.141 1.000
0.0 0.0 0.0 1.0 0.0 0.0 0.0 0.0 0.0 0.0 0.379 0.517 0.621 0.552 2.0 0.154 0.155 1.000
0.0 0.0 0.0 1.0 0.0 0.0 0.0 0.0 0.0 0.0 0.379 0.517 0.621 0.552 2.0 0.154 0.169 1.000
0.0 0.0 0.0 1.0 0.0 0.0 0.0 0.0 0.0 0.0 0.379 0.517 0.621 0.552 2.0 0.154 0.169 1.000
0.0 0.0 0.0 1.0 0.0 0.0 0.0 0.0 0.0 0.0 0.379 0.517 0.621 0.552 2.0 0.154 0.155 1.000
0.0 0.0 0.0 1.0 0.0 0.0 0.0 0.0 0.0 0.0 0.414 0.483 0.586 0.517 2.0 0.154 0.155 1.000
0.0 0.0 0.0 1.0 0.0 0.0 0.0 0.0 0.0 0.0 0.414 0.483 0.586 0.517 2.0 0.192 0.155 1.000
0.0 0.0 0.0 1.0 0.0 0.0 0.0 0.0 0.0 0.0 0.379 0.517 0.621 0.552 2.0 0.154 0.141 1.000
0.0 0.0 0.0 1.0 0.0 0.0 0.0 0.0 0.0 0.0 0.379 0.517 0.621 0.552 2.0 0.192 0.141 1.000
0.0 0.0 0.0 1.0 0.0 0.0 0.0 0.0 0.0 0.0 0.414 0.483 0.586 0.517 2.0 0.154 0.155 1.000
0.0 0.0 0.0 1.0 0.0 0.0 0.0 0.0 0.0 0.0 0.414 0.483 0.586 0.517 2.0 0.192 0.155 1.000
0.0 0.0 0.0 1.0 0.0 0.0 0.0 0.0 0.0 0.0 0.379 0.517 0.621 0.552 2.0 0.135 0.141 1.000
0.0 0.0 0.0 1.0 0.0 0.0 0.0 0.0 0.0 0.0 0.379 0.517 0.621 0.552 2.0 0.173 0.141 1.000
0.0 0.0 0.0 1.0 0.0 0.0 0.0 0.0 0.0 0.0 0.414 0.483 0.586 0.517 2.0 0.154 0.155 1.000
0.0 0.0 0.0 1.0 0.0 0.0 0.0 0.0 0.0 0.0 0.414 0.483 0.586 0.517 2.0 0.192 0.155 1.000
0.0 0.0 0.0 1.0 0.0 0.0 0.0 0.0 0.0 0.0 0.414 0.483 0.586 0.517 2.0 0.154 0.169 1.000
0.0 0.0 0.0 1.0 0.0 0.0 0.0 0.0 0.0 0.0 0.414 0.483 0.586 0.517 2.0 0.192 0.169 1.000
0.0 0.0 0.0 1.0 0.0 0.0 0.0 0.0 0.0 0.0 0.414 0.483 0.586 0.517 2.0 0.154 0.169 1.000
0.0 0.0 0.0 1.0 0.0 0.0 0.0 0.0 0.0 0.0 0.414 0.483 0.586 0.517 2.0 0.192 0.169 1.000
0.0 0.0 0.0 1.0 0.0 0.0 0.0 0.0 0.0 0.0 0.414 0.483 0.586 0.517 2.0 0.154 0.155 1.000
0.0 0.0 0.0 1.0 0.0 0.0 0.0 0.0 0.0 0.0 0.414 0.483 0.586 0.517 2.0 0.192 0.155 1.000
0.0 0.0 0.0 1.0 0.0 0.0 0.0 0.0 0.0 0.0 0.448 0.448 0.552 0.483 2.0 0.212 0.155 1.000
0.0 0.0 0.0 1.0 0.0 0.0 0.0 0.0 0.0 0.0 0.414 0.483 0.586 0.517 2.0 0.212 0.141 1.000
0.0 0.0 0.0 1.0 0.0 0.0 0.0 0.0 0.0 0.0 0.448 0.448 0.552 0.483 2.0 0.212 0.155 1.000
0.0 1.0 0.0 0.0 0.0 0.0 0.0 0.0 0.0 0.0 0.448 0.448 0.552 0.483 2.0 0.173 0.155 1.000
0.0 0.0 0.0 1.0 0.0 0.0 0.0 0.0 0.0 0.0 0.414 0.483 0.586 0.517 2.0 0.173 0.141 1.000
0.0 0.0 0.0 1.0 0.0 0.0 0.0 0.0 0.0 0.0 0.448 0.448 0.552 0.483 2.0 0.212 0.155 1.000
0.0 0.0 0.0 1.0 0.0 0.0 0.0 0.0 0.0 0.0 0.448 0.448 0.552 0.483 2.0 0.212 0.169 1.000
0.0 0.0 0.0 1.0 0.0 0.0 0.0 0.0 0.0 0.0 0.448 0.448 0.552 0.483 2.0 0.212 0.169 1.000
0.0 0.0 0.0 1.0 0.0 0.0 0.0 0.0 0.0 0.0 0.448 0.448 0.552 0.483 2.0 0.212 0.155 1.000
0.0 0.0 0.0 1.0 0.0 0.0 0.0 0.0 0.0 0.0 0.483 0.414 0.517 0.448 2.0 0.212 0.211 1.000
0.0 0.0 0.0 1.0 0.0 0.0 0.0 0.0 0.0 0.0 0.448 0.448 0.552 0.483 2.0 0.192 0.197 1.000
0.0 0.0 0.0 1.0 0.0 0.0 0.0 0.0 0.0 0.0 0.483 0.414 0.517 0.448 2.0 0.192 0.225 1.000
0.0 0.0 0.0 1.0 0.0 0.0 0.0 0.0 0.0 0.0 0.483 0.414 0.517 0.448 2.0 0.173 0.254 1.000
0.0 0.0 0.0 1.0 0.0 0.0 0.0 0.0 0.0 0.0 0.483 0.414 0.517 0.448 2.0 0.212 0.211 1.000
0.0 0.0 0.0 1.0 0.0 0.0 0.0 0.0 0.0 0.0 0.483 0.414 0.517 0.448 2.0 0.192 0.239 1.000
0.0 0.0 0.0 1.0 0.0 0.0 0.0 0.0 0.0 0.0 0.483 0.414 0.517 0.448 2.0 0.192 0.225 1.000
0.0 1.0 0.0 0.0 0.0 0.0 0.0 0.0 0.0 0.0 0.517 0.379 0.483 0.414 2.0 0.135 0.225 1.000
0.0 0.0 0.0 1.0 0.0 0.0 0.0 0.0 0.0 0.0 0.483 0.414 0.517 0.448 2.0 0.192 0.211 1.000
0.0 1.0 0.0 0.0 0.0 0.0 0.0 0.0 0.0 0.0 0.552 0.345 0.448 0.379 2.0 0.346 0.225 1.000
0.0 0.0 0.0 1.0 0.0 0.0 0.0 0.0 0.0 0.0 0.517 0.379 0.483 0.414 2.0 0.173 0.211 1.000
0.0 0.0 0.0 1.0 0.0 0.0 0.0 0.0 0.0 0.0 0.517 0.379 0.483 0.414 2.0 0.404 0.211 1.000
0.0 0.0 0.0 1.0 0.0 0.0 0.0 0.0 0.0 0.0 0.483 0.414 0.517 0.448 2.0 0.385 0.197 1.000
0.0 0.0 0.0 1.0 0.0 0.0 0.0 0.0 0.0 0.0 0.483 0.414 0.517 0.448 2.0 0.385 0.197 1.000
0.0 0.0 0.0 1.0 0.0 0.0 0.0 0.0 0.0 0.0 0.517 0.379 0.483 0.414 2.0 0.385 0.225 1.000
0.0 0.0 0.0 1.0 0.0 0.0 0.0 0.0 0.0 0.0 0.517 0.379 0.483 0.414 2.0 0.385 0.225 1.000
0.0 0.0 0.0 1.0 0.0 0.0 0.0 0.0 0.0 0.0 0.517 0.379 0.483 0.414 2.0 0.385 0.254 1.000
0.0 0.0 0.0 1.0 0.0 0.0 0.0 0.0 0.0 0.0 0.517 0.379 0.483 0.414 2.0 0.365 0.254 1.000
0.0 1.0 0.0 0.0 0.0 0.0 0.0 0.0 0.0 0.0 0.552 0.345 0.448 0.379 2.0 0.346 0.225 1.000
0.0 0.0 0.0 1.0 0.0 0.0 0.0 0.0 0.0 0.0 0.517 0.379 0.483 0.414 2.0 0.173 0.211 1.000
0.0 0.0 0.0 1.0 0.0 0.0 0.0 0.0 0.0 0.0 0.517 0.379 0.483 0.414 2.0 0.404 0.211 1.000
0.0 1.0 0.0 0.0 0.0 0.0 0.0 0.0 0.0 0.0 0.552 0.345 0.448 0.379 2.0 0.346 0.254 1.000
0.0 0.0 0.0 1.0 0.0 0.0 0.0 0.0 0.0 0.0 0.517 0.379 0.483 0.414 2.0 0.154 0.239 1.000
0.0 0.0 0.0 1.0 0.0 0.0 0.0 0.0 0.0 0.0 0.517 0.379 0.483 0.414 2.0 0.404 0.239 1.000
0.0 0.0 0.0 1.0 0.0 0.0 0.0 0.0 0.0 0.0 0.517 0.379 0.483 0.414 2.0 0.385 0.225 1.000
0.0 0.0 0.0 1.0 0.0 0.0 0.0 0.0 0.0 0.0 0.517 0.379 0.483 0.414 2.0 0.385 0.225 1.000
0.0 0.0 0.0 1.0 0.0 0.0 0.0 0.0 0.0 0.0 0.552 0.345 0.448 0.379 2.0 0.385 0.225 1.000
0.0 0.0 0.0 1.0 0.0 0.0 0.0 0.0 0.0 0.0 0.552 0.345 0.448 0.379 2.0 0.385 0.225 1.000
0.0 0.0 0.0 1.0 0.0 0.0 0.0 0.0 0.0 0.0 0.586 0.310 0.414 0.345 2.0 0.827 0.225 1.000
0.0 0.0 0.0 1.0 0.0 0.0 0.0 0.0 0.0 0.0 0.517 0.379 0.483 0.414 2.0 0.808 0.197 1.000
0.0 0.0 0.0 1.0 0.0 0.0 0.0 0.0 0.0 0.0 0.552 0.345 0.448 0.379 2.0 1.000 0.225 1.000
0.0 0.0 0.0 1.0 0.0 0.0 0.0 0.0 0.0 0.0 0.552 0.345 0.448 0.379 2.0 0.981 0.254 1.000
0.0 0.0 0.0 1.0 0.0 0.0 0.0 0.0 0.0 0.0 0.586 0.310 0.414 0.345 2.0 0.827 0.254 1.000
0.0 0.0 0.0 1.0 0.0 0.0 0.0 0.0 0.0 0.0 0.586 0.310 0.414 0.345 2.0 1.000 0.225 1.000
0.0 0.0 0.0 1.0 0.0 0.0 0.0 0.0 0.0 0.0 0.552 0.345 0.448 0.379 2.0 0.981 0.225 1.000
0.0 0.0 0.0 1.0 0.0 0.0 0.0 0.0 0.0 0.0 0.586 0.310 0.414 0.345 2.0 0.827 0.225 1.000
0.0 1.0 0.0 0.0 0.0 0.0 0.0 0.0 0.0 0.0 0.621 0.276 0.345 0.300 2.0 0.385 0.239 0.500
0.0 1.0 0.0 0.0 0.0 0.0 0.0 0.0 0.0 0.0 0.552 0.345 0.414 0.369 1.0 0.385 0.197 0.500
0.0 1.0 0.0 0.0 0.0 0.0 0.0 0.0 0.0 0.0 0.586 0.310 0.379 0.334 2.0 0.385 0.239 0.500
0.0 1.0 0.0 0.0 0.0 0.0 0.0 0.0 0.0 0.0 0.621 0.276 0.345 0.300 2.0 0.385 0.239 0.500
0.0 1.0 0.0 0.0 0.0 0.0 0.0 0.0 0.0 0.0 0.552 0.345 0.414 0.369 2.0 0.385 0.211 0.500
0.0 1.0 0.0 0.0 0.0 0.0 0.0 0.0 0.0 0.0 0.586 0.310 0.379 0.334 1.0 0.385 0.254 0.500
0.0 1.0 0.0 0.0 0.0 0.0 0.0 0.0 0.0 0.0 0.621 0.276 0.345 0.300 2.0 0.385 0.239 0.500
0.0 1.0 0.0 0.0 0.0 0.0 0.0 0.0 0.0 0.0 0.586 0.310 0.379 0.334 1.0 0.385 0.225 0.500
0.0 1.0 0.0 0.0 0.0 0.0 0.0 0.0 0.0 0.0 0.586 0.310 0.379 0.334 2.0 0.385 0.268 0.500
0.0 1.0 0.0 0.0 0.0 0.0 0.0 0.0 0.0 0.0 0.552 0.345 0.414 0.369 2.0 0.385 0.211 0.500
0.0 1.0 0.0 0.0 0.0 0.0 0.0 0.0 0.0 0.0 0.586 0.310 0.379 0.334 2.0 0.385 0.239 0.500
0.0 1.0 0.0 0.0 0.0 0.0 0.0 0.0 0.0 0.0 0.586 0.310 0.379 0.334 2.0 0.385 0.268 0.500
0.0 1.0 0.0 0.0 0.0 0.0 0.0 0.0 0.0 0.0 0.621 0.310 0.310 0.310 1.0 0.346 0.254 0.125
0.0 1.0 0.0 0.0 0.0 0.0 0.0 0.0 0.0 0.0 0.621 0.310 0.310 0.310 2.0 0.442 0.239 0.125
0.0 1.0 0.0 0.0 0.0 0.0 0.0 0.0 0.0 0.0 0.621 0.276 0.310 0.302 2.0 0.346 0.268 0.125
0.0 1.0 0.0 0.0 0.0 0.0 0.0 0.0 0.0 0.0 0.586 0.310 0.345 0.336 2.0 0.442 0.239 0.125
0.0 1.0 0.0 0.0 0.0 0.0 0.0 0.0 0.0 0.0 0.621 0.276 0.310 0.284 2.0 0.346 0.239 0.125
0.0 1.0 0.0 0.0 0.0 0.0 0.0 0.0 0.0 0.0 0.621 0.276 0.310 0.284 2.0 0.442 0.239 0.125
0.0 1.0 0.0 0.0 0.0 0.0 0.0 0.0 0.0 0.0 0.621 0.276 0.345 0.302 2.0 0.346 0.239 0.125
0.0 1.0 0.0 0.0 0.0 0.0 0.0 0.0 0.0 0.0 0.586 0.310 0.379 0.336 1.0 0.442 0.225 0.125
0.0 1.0 0.0 0.0 0.0 0.0 0.0 0.0 0.0 0.0 0.621 0.310 0.379 0.321 2.0 0.385 0.239 0.500
0.0 1.0 0.0 0.0 0.0 0.0 0.0 0.0 0.0 0.0 0.621 0.310 0.379 0.321 2.0 0.385 0.268 0.500
0.0 1.0 0.0 0.0 0.0 0.0 0.0 0.0 0.0 0.0 0.586 0.345 0.414 0.356 2.0 0.385 0.239 0.500
0.0 1.0 0.0 0.0 0.0 0.0 0.0 0.0 0.0 0.0 0.621 0.310 0.379 0.321 2.0 0.385 0.239 0.500
0.0 1.0 0.0 0.0 0.0 0.0 0.0 0.0 0.0 0.0 0.621 0.310 0.379 0.321 2.0 0.385 0.268 0.500
0.0 1.0 0.0 0.0 0.0 0.0 0.0 0.0 0.0 0.0 0.621 0.310 0.379 0.321 1.0 0.385 0.225 0.500
0.0 1.0 0.0 0.0 0.0 0.0 0.0 0.0 0.0 0.0 0.621 0.310 0.379 0.321 2.0 0.385 0.239 0.500
0.0 1.0 0.0 0.0 0.0 0.0 0.0 0.0 0.0 0.0 0.586 0.345 0.414 0.356 2.0 0.385 0.239 0.500
0.0 1.0 0.0 0.0 0.0 0.0 0.0 0.0 0.0 0.0 0.621 0.310 0.379 0.321 2.0 0.385 0.239 0.500
0.0 1.0 0.0 0.0 0.0 0.0 0.0 0.0 0.0 0.0 0.621 0.310 0.379 0.321 2.0 0.385 0.268 0.500
0.0 1.0 0.0 0.0 0.0 0.0 0.0 0.0 0.0 0.0 0.586 0.345 0.414 0.356 2.0 0.385 0.239 0.500
0.0 1.0 0.0 0.0 0.0 0.0 0.0 0.0 0.0 0.0 0.621 0.310 0.379 0.321 2.0 0.385 0.239 0.500
0.0 1.0 0.0 0.0 0.0 0.0 0.0 0.0 0.0 0.0 0.552 0.379 0.379 0.379 2.0 0.346 0.211 0.125
0.0 1.0 0.0 0.0 0.0 0.0 0.0 0.0 0.0 0.0 0.586 0.345 0.345 0.345 2.0 0.442 0.268 0.125
0.0 1.0 0.0 0.0 0.0 0.0 0.0 0.0 0.0 0.0 0.552 0.379 0.414 0.388 2.0 0.346 0.211 0.125
0.0 1.0 0.0 0.0 0.0 0.0 0.0 0.0 0.0 0.0 0.586 0.345 0.379 0.353 2.0 0.442 0.239 0.125
0.0 1.0 0.0 0.0 0.0 0.0 0.0 0.0 0.0 0.0 0.621 0.310 0.345 0.319 1.0 0.346 0.225 0.125
0.0 1.0 0.0 0.0 0.0 0.0 0.0 0.0 0.0 0.0 0.586 0.345 0.379 0.353 2.0 0.442 0.268 0.125
0.0 1.0 0.0 0.0 0.0 0.0 0.0 0.0 0.0 0.0 0.621 0.310 0.379 0.336 2.0 0.346 0.239 0.125
0.0 1.0 0.0 0.0 0.0 0.0 0.0 0.0 0.0 0.0 0.586 0.345 0.414 0.371 1.0 0.442 0.225 0.125
0.0 0.0 1.0 0.0 0.0 0.0 0.0 0.0 0.0 0.0 0.655 0.241 0.310 0.265 4.0 0.558 0.648 0.500
0.0 0.0 1.0 0.0 0.0 0.0 0.0 0.0 0.0 0.0 0.655 0.241 0.310 0.265 4.0 0.558 0.648 0.500
0.0 0.0 1.0 0.0 0.0 0.0 0.0 0.0 0.0 0.0 0.655 0.241 0.310 0.265 4.0 0.558 0.648 0.500
0.0 0.0 1.0 0.0 0.0 0.0 0.0 0.0 0.0 0.0 0.621 0.276 0.345 0.300 4.0 0.558 0.662 0.500
0.0 0.0 1.0 0.0 0.0 0.0 0.0 0.0 0.0 0.0 0.655 0.276 0.345 0.287 4.0 0.558 0.662 0.500
0.0 0.0 1.0 0.0 0.0 0.0 0.0 0.0 0.0 0.0 0.655 0.276 0.345 0.287 4.0 0.558 0.648 0.500
0.0 1.0 0.0 0.0 0.0 0.0 0.0 0.0 0.0 0.0 0.690 0.241 0.310 0.252 2.0 0.269 0.676 0.500
0.0 0.0 1.0 0.0 0.0 0.0 0.0 0.0 0.0 0.0 0.655 0.276 0.345 0.287 4.0 0.442 0.662 0.500
0.0 0.0 1.0 0.0 0.0 0.0 0.0 0.0 0.0 0.0 0.655 0.276 0.345 0.287 4.0 0.558 0.662 0.500
0.0 0.0 0.0 0.0 1.0 0.0 0.0 0.0 0.0 0.0 0.690 0.207 0.276 0.231 4.0 0.981 0.746 0.500
0.0 0.0 0.0 0.0 1.0 0.0 0.0 0.0 0.0 0.0 0.724 0.207 0.276 0.218 4.0 0.923 0.789 0.500
0.0 0.0 1.0 0.0 0.0 0.0 0.0 0.0 0.0 0.0 0.724 0.207 0.207 0.207 4.0 0.808 0.915 0.125
0.0 0.0 1.0 0.0 0.0 0.0 0.0 0.0 0.0 0.0 0.655 0.276 0.276 0.276 2.0 0.481 0.465 0.125
0.0 0.0 1.0 0.0 0.0 0.0 0.0 0.0 0.0 0.0 0.724 0.172 0.207 0.198 4.0 0.808 0.930 0.125
0.0 0.0 1.0 0.0 0.0 0.0 0.0 0.0 0.0 0.0 0.655 0.241 0.276 0.267 2.0 0.481 0.479 0.125
0.0 0.0 1.0 0.0 0.0 0.0 0.0 0.0 0.0 0.0 0.724 0.172 0.207 0.181 4.0 0.827 0.930 0.125
0.0 0.0 1.0 0.0 0.0 0.0 0.0 0.0 0.0 0.0 0.655 0.241 0.276 0.250 2.0 0.481 0.479 0.125
0.0 0.0 1.0 0.0 0.0 0.0 0.0 0.0 0.0 0.0 0.724 0.172 0.241 0.198 4.0 0.827 0.915 0.125
0.0 0.0 1.0 0.0 0.0 0.0 0.0 0.0 0.0 0.0 0.655 0.241 0.310 0.267 2.0 0.481 0.479 0.125
0.0 0.0 1.0 0.0 0.0 0.0 0.0 0.0 0.0 0.0 0.759 0.172 0.172 0.172 4.0 0.827 0.972 0.125
0.0 0.0 1.0 0.0 0.0 0.0 0.0 0.0 0.0 0.0 0.621 0.310 0.310 0.310 2.0 0.481 0.423 0.125
0.0 0.0 1.0 0.0 0.0 0.0 0.0 0.0 0.0 0.0 0.759 0.172 0.207 0.181 4.0 0.788 0.986 0.125
0.0 1.0 0.0 0.0 0.0 0.0 0.0 0.0 0.0 0.0 0.655 0.276 0.310 0.284 2.0 0.231 0.437 0.125
0.0 0.0 1.0 0.0 0.0 0.0 0.0 0.0 0.0 0.0 0.621 0.310 0.345 0.319 2.0 0.365 0.423 0.125
0.0 0.0 1.0 0.0 0.0 0.0 0.0 0.0 0.0 0.0 0.759 0.172 0.207 0.181 4.0 0.827 0.958 0.125
0.0 0.0 1.0 0.0 0.0 0.0 0.0 0.0 0.0 0.0 0.655 0.276 0.310 0.284 2.0 0.481 0.408 0.125
0.0 0.0 1.0 0.0 0.0 0.0 0.0 0.0 0.0 0.0 0.759 0.172 0.241 0.198 4.0 0.827 0.958 0.125
0.0 0.0 1.0 0.0 0.0 0.0 0.0 0.0 0.0 0.0 0.655 0.276 0.345 0.302 2.0 0.481 0.423 0.125
0.0 0.0 1.0 0.0 0.0 0.0 0.0 0.0 0.0 0.0 0.759 0.172 0.172 0.172 2.0 0.519 0.915 0.031
0.0 0.0 1.0 0.0 0.0 0.0 0.0 0.0 0.0 0.0 0.759 0.172 0.172 0.172 2.0 0.519 0.915 0.031
0.0 0.0 1.0 0.0 0.0 0.0 0.0 0.0 0.0 0.0 0.759 0.172 0.172 0.172 2.0 0.519 0.915 0.031
0.0 1.0 0.0 0.0 0.0 0.0 0.0 0.0 0.0 0.0 0.793 0.138 0.138 0.138 2.0 0.154 0.930 0.031
0.0 0.0 1.0 0.0 0.0 0.0 0.0 0.0 0.0 0.0 0.759 0.172 0.172 0.172 2.0 0.500 0.915 0.031
0.0 0.0 1.0 0.0 0.0 0.0 0.0 0.0 0.0 0.0 0.759 0.172 0.172 0.172 2.0 0.519 0.930 0.031
0.0 1.0 0.0 0.0 0.0 0.0 0.0 0.0 0.0 0.0 0.793 0.138 0.138 0.138 2.0 0.154 0.944 0.031
0.0 0.0 1.0 0.0 0.0 0.0 0.0 0.0 0.0 0.0 0.759 0.172 0.172 0.172 2.0 0.500 0.930 0.031
0.0 0.0 1.0 0.0 0.0 0.0 0.0 0.0 0.0 0.0 0.759 0.172 0.172 0.172 2.0 0.519 0.930 0.031
0.0 0.0 1.0 0.0 0.0 0.0 0.0 0.0 0.0 0.0 0.759 0.138 0.138 0.138 2.0 0.519 0.930 0.031
0.0 0.0 1.0 0.0 0.0 0.0 0.0 0.0 0.0 0.0 0.759 0.138 0.138 0.138 2.0 0.519 0.930 0.031
0.0 0.0 1.0 0.0 0.0 0.0 0.0 0.0 0.0 0.0 0.759 0.172 0.172 0.172 2.0 0.519 0.930 0.031
0.0 0.0 1.0 0.0 0.0 0.0 0.0 0.0 0.0 0.0 0.759 0.138 0.138 0.138 2.0 0.519 0.930 0.031
0.0 0.0 1.0 0.0 0.0 0.0 0.0 0.0 0.0 0.0 0.759 0.138 0.138 0.138 2.0 0.519 0.930 0.031
0.0 0.0 1.0 0.0 0.0 0.0 0.0 0.0 0.0 0.0 0.759 0.207 0.207 0.207 2.0 0.519 0.915 0.031
0.0 0.0 1.0 0.0 0.0 0.0 0.0 0.0 0.0 0.0 0.759 0.172 0.172 0.172 2.0 0.519 0.915 0.031
0.0 0.0 1.0 0.0 0.0 0.0 0.0 0.0 0.0 0.0 0.759 0.138 0.138 0.138 2.0 0.519 0.915 0.031
0.0 0.0 1.0 0.0 0.0 0.0 0.0 0.0 0.0 0.0 0.759 0.138 0.138 0.138 2.0 0.519 0.915 0.031
0.0 0.0 1.0 0.0 0.0 0.0 0.0 0.0 0.0 0.0 0.793 0.138 0.138 0.138 2.0 0.519 0.972 0.031
0.0 0.0 1.0 0.0 0.0 0.0 0.0 0.0 0.0 0.0 0.793 0.138 0.138 0.138 2.0 0.519 0.972 0.031
0.0 0.0 1.0 0.0 0.0 0.0 0.0 0.0 0.0 0.0 0.793 0.138 0.138 0.138 2.0 0.519 0.972 0.031
0.0 0.0 1.0 0.0 0.0 0.0 0.0 0.0 0.0 0.0 0.793 0.138 0.138 0.138 2.0 0.519 0.972 0.031
0.0 0.0 1.0 0.0 0.0 0.0 0.0 0.0 0.0 0.0 0.793 0.138 0.138 0.138 2.0 0.519 0.986 0.031
0.0 0.0 1.0 0.0 0.0 0.0 0.0 0.0 0.0 0.0 0.793 0.138 0.138 0.138 2.0 0.519 0.986 0.031
0.0 1.0 0.0 0.0 0.0 0.0 0.0 0.0 0.0 0.0 0.828 0.138 0.138 0.138 2.0 0.154 1.000 0.031
0.0 0.0 1.0 0.0 0.0 0.0 0.0 0.0 0.0 0.0 0.793 0.172 0.172 0.172 2.0 0.500 0.986 0.031
0.0 0.0 1.0 0.0 0.0 0.0 0.0 0.0 0.0 0.0 0.793 0.138 0.138 0.138 2.0 0.519 0.986 0.031
0.0 0.0 1.0 0.0 0.0 0.0 0.0 0.0 0.0 0.0 0.793 0.138 0.138 0.138 2.0 0.519 0.958 0.031
0.0 0.0 1.0 0.0 0.0 0.0 0.0 0.0 0.0 0.0 0.793 0.172 0.172 0.172 2.0 0.519 0.958 0.031
0.0 0.0 1.0 0.0 0.0 0.0 0.0 0.0 0.0 0.0 0.793 0.138 0.138 0.138 2.0 0.519 0.958 0.031
0.0 0.0 1.0 0.0 0.0 0.0 0.0 0.0 0.0 0.0 0.793 0.138 0.138 0.138 2.0 0.519 0.958 0.031
0.0 0.0 1.0 0.0 0.0 0.0 0.0 0.0 0.0 0.0 0.793 0.172 0.172 0.172 2.0 0.519 0.958 0.031
0.0 0.0 1.0 0.0 0.0 0.0 0.0 0.0 0.0 0.0 0.793 0.207 0.207 0.207 2.0 0.519 0.958 0.031
0.0 0.0 1.0 0.0 0.0 0.0 0.0 0.0 0.0 0.0 0.793 0.138 0.138 0.138 2.0 0.519 0.958 0.031
0.0 0.0 1.0 0.0 0.0 0.0 0.0 0.0 0.0 0.0 0.793 0.138 0.138 0.138 2.0 0.519 0.958 0.031
0.0 0.0 0.0 1.0 0.0 0.0 0.0 0.0 1.0 0.0 0.793 0.138 0.138 0.138 2.0 0.135 0.915 0.031
0.0 0.0 0.0 1.0 0.0 0.0 0.0 0.0 1.0 0.0 0.793 0.138 0.138 0.138 2.0 0.154 0.915 0.031
0.0 0.0 0.0 1.0 0.0 0.0 0.0 0.0 1.0 0.0 0.793 0.138 0.138 0.138 2.0 0.154 0.915 0.031
0.0 0.0 0.0 1.0 0.0 0.0 0.0 0.0 1.0 0.0 0.828 0.103 0.103 0.103 2.0 0.115 0.930 0.031
0.0 0.0 0.0 1.0 0.0 0.0 0.0 0.0 1.0 0.0 0.793 0.138 0.138 0.138 2.0 0.154 0.930 0.031
0.0 0.0 0.0 1.0 0.0 0.0 0.0 0.0 1.0 0.0 0.828 0.103 0.103 0.103 2.0 0.115 0.944 0.031
0.0 0.0 0.0 1.0 0.0 0.0 0.0 0.0 1.0 0.0 0.793 0.138 0.138 0.138 2.0 0.135 0.930 0.031
0.0 0.0 0.0 1.0 0.0 0.0 0.0 0.0 1.0 0.0 0.793 0.103 0.103 0.103 2.0 0.135 0.930 0.031
0.0 0.0 0.0 1.0 0.0 0.0 0.0 0.0 1.0 0.0 0.793 0.103 0.103 0.103 2.0 0.135 0.930 0.031
0.0 0.0 0.0 1.0 0.0 0.0 0.0 0.0 1.0 0.0 0.793 0.138 0.138 0.138 2.0 0.154 0.930 0.031
0.0 0.0 0.0 1.0 0.0 0.0 0.0 0.0 1.0 0.0 0.793 0.103 0.103 0.103 2.0 0.135 0.930 0.031
0.0 0.0 0.0 1.0 0.0 0.0 0.0 0.0 1.0 0.0 0.793 0.103 0.103 0.103 2.0 0.135 0.930 0.031
0.0 1.0 0.0 0.0 0.0 0.0 0.0 0.0 0.0 0.0 0.828 0.138 0.138 0.138 2.0 0.115 0.930 0.031
0.0 0.0 0.0 1.0 0.0 0.0 0.0 0.0 1.0 0.0 0.793 0.172 0.172 0.172 2.0 0.135 0.915 0.031
0.0 0.0 0.0 1.0 0.0 0.0 0.0 0.0 1.0 0.0 0.793 0.138 0.138 0.138 2.0 0.135 0.915 0.031
0.0 0.0 0.0 1.0 0.0 0.0 0.0 0.0 1.0 0.0 0.793 0.103 0.103 0.103 2.0 0.135 0.915 0.031
0.0 0.0 0.0 1.0 0.0 0.0 0.0 0.0 1.0 0.0 0.793 0.103 0.103 0.103 2.0 0.135 0.915 0.031
0.0 0.0 0.0 1.0 0.0 0.0 0.0 0.0 1.0 0.0 0.828 0.103 0.103 0.103 2.0 0.135 0.972 0.031
0.0 0.0 0.0 1.0 0.0 0.0 0.0 0.0 1.0 0.0 0.828 0.103 0.103 0.103 2.0 0.135 0.972 0.031
0.0 0.0 0.0 1.0 0.0 0.0 0.0 0.0 1.0 0.0 0.828 0.103 0.103 0.103 2.0 0.135 0.972 0.031
0.0 0.0 0.0 1.0 0.0 0.0 0.0 0.0 1.0 0.0 0.828 0.103 0.103 0.103 2.0 0.135 0.972 0.031
0.0 0.0 0.0 1.0 0.0 0.0 0.0 0.0 1.0 0.0 0.828 0.103 0.103 0.103 2.0 0.135 0.986 0.031
0.0 0.0 0.0 1.0 0.0 0.0 0.0 0.0 1.0 0.0 0.828 0.103 0.103 0.103 2.0 0.135 0.986 0.031
0.0 0.0 0.0 1.0 0.0 0.0 0.0 0.0 1.0 0.0 0.862 0.103 0.103 0.103 2.0 0.115 1.000 0.031
0.0 0.0 0.0 1.0 0.0 0.0 0.0 0.0 1.0 0.0 0.828 0.103 0.103 0.103 2.0 0.135 0.986 0.031
0.0 0.0 0.0 1.0 0.0 0.0 0.0 0.0 1.0 0.0 0.828 0.103 0.103 0.103 2.0 0.135 0.958 0.031
0.0 0.0 0.0 1.0 0.0 0.0 0.0 0.0 1.0 0.0 0.828 0.138 0.138 0.138 2.0 0.135 0.958 0.031
0.0 0.0 0.0 1.0 0.0 0.0 0.0 0.0 1.0 0.0 0.828 0.103 0.103 0.103 2.0 0.135 0.958 0.031
0.0 0.0 0.0 1.0 0.0 0.0 0.0 0.0 1.0 0.0 0.828 0.103 0.103 0.103 2.0 0.135 0.958 0.031
0.0 0.0 0.0 1.0 0.0 0.0 0.0 0.0 1.0 0.0 0.828 0.138 0.138 0.138 2.0 0.135 0.958 0.031
0.0 1.0 0.0 0.0 0.0 0.0 0.0 0.0 0.0 0.0 0.862 0.138 0.138 0.138 2.0 0.135 0.972 0.031
0.0 0.0 0.0 1.0 0.0 0.0 0.0 0.0 1.0 0.0 0.828 0.172 0.172 0.172 2.0 0.135 0.958 0.031
0.0 0.0 0.0 1.0 0.0 0.0 0.0 0.0 1.0 0.0 0.828 0.103 0.103 0.103 2.0 0.135 0.958 0.031
0.0 0.0 0.0 1.0 0.0 0.0 0.0 0.0 1.0 0.0 0.828 0.103 0.103 0.103 2.0 0.135 0.958 0.031
0.0 0.0 0.0 1.0 0.0 0.0 0.0 0.0 1.0 0.0 0.828 0.103 0.103 0.103 2.0 0.115 0.915 0.031
0.0 0.0 0.0 1.0 0.0 0.0 0.0 0.0 0.0 0.0 0.828 0.103 0.103 0.103 2.0 0.154 0.915 0.031
0.0 0.0 0.0 1.0 0.0 0.0 0.0 0.0 1.0 0.0 0.828 0.103 0.103 0.103 2.0 0.135 0.915 0.031
0.0 1.0 0.0 0.0 0.0 0.0 0.0 0.0 0.0 0.0 0.862 0.069 0.069 0.069 2.0 0.135 0.930 0.031
0.0 0.0 0.0 1.0 0.0 0.0 0.0 0.0 0.0 0.0 0.828 0.103 0.103 0.103 2.0 0.154 0.915 0.031
0.0 1.0 0.0 0.0 0.0 0.0 0.0 0.0 0.0 0.0 0.862 0.069 0.069 0.069 2.0 0.115 0.930 0.031
0.0 0.0 0.0 1.0 0.0 0.0 0.0 0.0 1.0 0.0 0.828 0.103 0.103 0.103 2.0 0.115 0.915 0.031
0.0 0.0 0.0 1.0 0.0 0.0 0.0 0.0 0.0 0.0 0.828 0.103 0.103 0.103 2.0 0.173 0.915 0.031
0.0 0.0 0.0 1.0 0.0 0.0 0.0 0.0 1.0 0.0 0.862 0.069 0.069 0.069 2.0 0.115 0.930 0.031
0.0 0.0 0.0 1.0 0.0 0.0 0.0 0.0 0.0 0.0 0.862 0.069 0.069 0.069 2.0 0.135 0.930 0.031
0.0 0.0 0.0 1.0 0.0 0.0 0.0 0.0 1.0 0.0 0.828 0.103 0.103 0.103 2.0 0.135 0.930 0.031
0.0 1.0 0.0 0.0 0.0 0.0 0.0 0.0 0.0 0.0 0.862 0.069 0.069 0.069 2.0 0.135 0.944 0.031
0.0 0.0 0.0 1.0 0.0 0.0 0.0 0.0 0.0 0.0 0.828 0.103 0.103 0.103 2.0 0.154 0.930 0.031
0.0 0.0 0.0 1.0 0.0 0.0 0.0 0.0 1.0 0.0 0.862 0.069 0.069 0.069 2.0 0.115 0.944 0.031
0.0 0.0 0.0 1.0 0.0 0.0 0.0 0.0 0.0 0.0 0.862 0.069 0.069 0.069 2.0 0.135 0.944 0.031
0.0 0.0 0.0 1.0 0.0 0.0 0.0 0.0 1.0 0.0 0.828 0.103 0.103 0.103 2.0 0.115 0.930 0.031
0.0 0.0 0.0 1.0 0.0 0.0 0.0 0.0 0.0 0.0 0.828 0.103 0.103 0.103 2.0 0.154 0.930 0.031
0.0 0.0 0.0 1.0 0.0 0.0 0.0 0.0 1.0 0.0 0.828 0.069 0.069 0.069 2.0 0.115 0.930 0.031
0.0 0.0 0.0 1.0 0.0 0.0 0.0 0.0 0.0 0.0 0.828 0.069 0.069 0.069 2.0 0.154 0.930 0.031
0.0 0.0 0.0 1.0 0.0 0.0 0.0 0.0 1.0 0.0 0.828 0.069 0.069 0.069 2.0 0.115 0.930 0.031
0.0 0.0 0.0 1.0 0.0 0.0 0.0 0.0 0.0 0.0 0.828 0.069 0.069 0.069 2.0 0.154 0.930 0.031
0.0 0.0 0.0 1.0 0.0 0.0 0.0 0.0 1.0 0.0 0.828 0.103 0.103 0.103 2.0 0.135 0.930 0.031
0.0 1.0 0.0 0.0 0.0 0.0 0.0 0.0 0.0 0.0 0.862 0.069 0.069 0.069 2.0 0.135 0.944 0.031
0.0 0.0 0.0 1.0 0.0 0.0 0.0 0.0 0.0 0.0 0.828 0.103 0.103 0.103 2.0 0.154 0.930 0.031
0.0 0.0 0.0 1.0 0.0 0.0 0.0 0.0 1.0 0.0 0.828 0.069 0.069 0.069 2.0 0.115 0.930 0.031
0.0 0.0 0.0 1.0 0.0 0.0 0.0 0.0 0.0 0.0 0.828 0.069 0.069 0.069 2.0 0.154 0.930 0.031
0.0 0.0 0.0 1.0 0.0 0.0 0.0 0.0 1.0 0.0 0.828 0.069 0.069 0.069 2.0 0.115 0.930 0.031
0.0 0.0 0.0 1.0 0.0 0.0 0.0 0.0 0.0 0.0 0.828 0.069 0.069 0.069 2.0 0.154 0.930 0.031
0.0 0.0 0.0 1.0 0.0 0.0 0.0 0.0 1.0 0.0 0.862 0.103 0.103 0.103 2.0 0.115 0.930 0.031
0.0 0.0 0.0 1.0 0.0 0.0 0.0 0.0 0.0 0.0 0.862 0.103 0.103 0.103 2.0 0.173 0.930 0.031
0.0 0.0 0.0 1.0 0.0 0.0 0.0 0.0 1.0 0.0 0.828 0.103 0.103 0.103 2.0 0.115 0.915 0.031
0.0 0.0 0.0 1.0 0.0 0.0 0.0 0.0 0.0 0.0 0.828 0.103 0.103 0.103 2.0 0.154 0.915 0.031
0.0 0.0 0.0 1.0 0.0 0.0 0.0 0.0 1.0 0.0 0.828 0.069 0.069 0.069 2.0 0.115 0.915 0.031
0.0 0.0 0.0 1.0 0.0 0.0 0.0 0.0 0.0 0.0 0.828 0.069 0.069 0.069 2.0 0.154 0.915 0.031
0.0 0.0 0.0 1.0 0.0 0.0 0.0 0.0 1.0 0.0 0.828 0.069 0.069 0.069 2.0 0.115 0.915 0.031
0.0 0.0 0.0 1.0 0.0 0.0 0.0 0.0 0.0 0.0 0.828 0.069 0.069 0.069 2.0 0.154 0.915 0.031
0.0 0.0 0.0 1.0 0.0 0.0 0.0 0.0 1.0 0.0 0.862 0.069 0.069 0.069 2.0 0.115 0.972 0.031
0.0 0.0 0.0 1.0 0.0 0.0 0.0 0.0 0.0 0.0 0.862 0.069 0.069 0.069 2.0 0.154 0.972 0.031
0.0 0.0 0.0 1.0 0.0 0.0 0.0 0.0 1.0 0.0 0.862 0.069 0.069 0.069 2.0 0.115 0.972 0.031
0.0 0.0 0.0 1.0 0.0 0.0 0.0 0.0 0.0 0.0 0.862 0.069 0.069 0.069 2.0 0.154 0.972 0.031
0.0 0.0 0.0 1.0 0.0 0.0 0.0 0.0 1.0 0.0 0.862 0.069 0.069 0.069 2.0 0.115 0.972 0.031
0.0 0.0 0.0 1.0 0.0 0.0 0.0 0.0 0.0 0.0 0.862 0.069 0.069 0.069 2.0 0.154 0.972 0.031
0.0 0.0 0.0 1.0 0.0 0.0 0.0 0.0 1.0 0.0 0.862 0.069 0.069 0.069 2.0 0.115 0.972 0.031
0.0 0.0 0.0 1.0 0.0 0.0 0.0 0.0 0.0 0.0 0.862 0.069 0.069 0.069 2.0 0.154 0.972 0.031
0.0 0.0 0.0 1.0 0.0 0.0 0.0 0.0 1.0 0.0 0.862 0.069 0.069 0.069 2.0 0.115 0.986 0.031
0.0 0.0 0.0 1.0 0.0 0.0 0.0 0.0 0.0 0.0 0.862 0.069 0.069 0.069 2.0 0.154 0.986 0.031
0.0 0.0 0.0 1.0 0.0 0.0 0.0 0.0 1.0 0.0 0.862 0.069 0.069 0.069 2.0 0.115 0.986 0.031
0.0 0.0 0.0 1.0 0.0 0.0 0.0 0.0 0.0 0.0 0.862 0.069 0.069 0.069 2.0 0.154 0.986 0.031
0.0 0.0 0.0 1.0 0.0 0.0 0.0 0.0 1.0 0.0 0.897 0.069 0.069 0.069 2.0 0.115 1.000 0.031
0.0 0.0 0.0 1.0 0.0 0.0 0.0 0.0 0.0 0.0 0.897 0.069 0.069 0.069 2.0 0.135 1.000 0.031
0.0 0.0 0.0 1.0 0.0 0.0 0.0 0.0 1.0 0.0 0.862 0.069 0.069 0.069 2.0 0.115 0.986 0.031
0.0 0.0 0.0 1.0 0.0 0.0 0.0 0.0 0.0 0.0 0.862 0.069 0.069 0.069 2.0 0.154 0.986 0.031
0.0 0.0 0.0 1.0 0.0 0.0 0.0 0.0 1.0 0.0 0.862 0.069 0.069 0.069 2.0 0.115 0.958 0.031
0.0 0.0 0.0 1.0 0.0 0.0 0.0 0.0 0.0 0.0 0.862 0.069 0.069 0.069 2.0 0.154 0.958 0.031
0.0 0.0 0.0 1.0 0.0 0.0 0.0 0.0 1.0 0.0 0.862 0.103 0.103 0.103 2.0 0.115 0.958 0.031
0.0 0.0 0.0 1.0 0.0 0.0 0.0 0.0 0.0 0.0 0.862 0.103 0.103 0.103 2.0 0.154 0.958 0.031
0.0 0.0 0.0 1.0 0.0 0.0 0.0 0.0 1.0 0.0 0.862 0.069 0.069 0.069 2.0 0.115 0.958 0.031
0.0 0.0 0.0 1.0 0.0 0.0 0.0 0.0 0.0 0.0 0.862 0.069 0.069 0.069 2.0 0.154 0.958 0.031
0.0 0.0 0.0 1.0 0.0 0.0 0.0 0.0 1.0 0.0 0.862 0.069 0.069 0.069 2.0 0.115 0.958 0.031
0.0 0.0 0.0 1.0 0.0 0.0 0.0 0.0 0.0 0.0 0.862 0.069 0.069 0.069 2.0 0.154 0.958 0.031
0.0 0.0 0.0 1.0 0.0 0.0 0.0 0.0 1.0 0.0 0.862 0.103 0.103 0.103 2.0 0.115 0.958 0.031
0.0 0.0 0.0 1.0 0.0 0.0 0.0 0.0 0.0 0.0 0.862 0.103 0.103 0.103 2.0 0.154 0.958 0.031
0.0 0.0 0.0 1.0 0.0 0.0 0.0 0.0 1.0 0.0 0.897 0.103 0.103 0.103 2.0 0.135 0.972 0.031
0.0 1.0 0.0 0.0 0.0 0.0 0.0 0.0 0.0 0.0 0.931 0.069 0.069 0.069 2.0 0.135 0.986 0.031
0.0 0.0 0.0 1.0 0.0 0.0 0.0 0.0 0.0 0.0 0.897 0.103 0.103 0.103 2.0 0.173 0.972 0.031
0.0 0.0 0.0 1.0 0.0 0.0 0.0 0.0 1.0 0.0 0.862 0.069 0.069 0.069 2.0 0.115 0.958 0.031
0.0 0.0 0.0 1.0 0.0 0.0 0.0 0.0 0.0 0.0 0.862 0.069 0.069 0.069 2.0 0.154 0.958 0.031
0.0 0.0 0.0 1.0 0.0 0.0 0.0 0.0 1.0 0.0 0.862 0.069 0.069 0.069 2.0 0.115 0.958 0.031
0.0 0.0 0.0 1.0 0.0 0.0 0.0 0.0 0.0 0.0 0.862 0.069 0.069 0.069 2.0 0.154 0.958 0.031
0.0 0.0 0.0 1.0 0.0 0.0 0.0 0.0 0.0 0.0 0.862 0.069 0.069 0.069 2.0 0.135 0.915 0.031
0.0 0.0 0.0 1.0 0.0 0.0 0.0 0.0 0.0 0.0 0.897 0.034 0.034 0.034 2.0 0.115 0.930 0.031
0.0 0.0 0.0 1.0 0.0 0.0 0.0 0.0 0.0 0.0 0.897 0.034 0.034 0.034 2.0 0.135 0.930 0.031
0.0 0.0 0.0 1.0 0.0 0.0 0.0 0.0 0.0 0.0 0.897 0.034 0.034 0.034 2.0 0.115 0.930 0.031
0.0 0.0 0.0 1.0 0.0 0.0 0.0 0.0 0.0 0.0 0.897 0.034 0.034 0.034 2.0 0.115 0.944 0.031
0.0 0.0 0.0 1.0 0.0 0.0 0.0 0.0 0.0 0.0 0.897 0.034 0.034 0.034 2.0 0.115 0.944 0.031
0.0 1.0 0.0 0.0 0.0 0.0 0.0 0.0 0.0 0.0 0.897 0.034 0.034 0.034 2.0 0.096 0.944 0.031
0.0 0.0 0.0 1.0 0.0 0.0 0.0 0.0 0.0 0.0 0.862 0.069 0.069 0.069 2.0 0.135 0.930 0.031
0.0 0.0 0.0 1.0 0.0 0.0 0.0 0.0 0.0 0.0 0.862 0.034 0.034 0.034 2.0 0.115 0.930 0.031
0.0 0.0 0.0 1.0 0.0 0.0 0.0 0.0 0.0 0.0 0.862 0.034 0.034 0.034 2.0 0.115 0.930 0.031
0.0 0.0 0.0 1.0 0.0 0.0 0.0 0.0 0.0 0.0 0.897 0.034 0.034 0.034 2.0 0.115 0.944 0.031
0.0 0.0 0.0 1.0 0.0 0.0 0.0 0.0 0.0 0.0 0.862 0.034 0.034 0.034 2.0 0.115 0.930 0.031
0.0 0.0 0.0 1.0 0.0 0.0 0.0 0.0 0.0 0.0 0.862 0.034 0.034 0.034 2.0 0.115 0.930 0.031
0.0 1.0 0.0 0.0 0.0 0.0 0.0 0.0 0.0 0.0 0.931 0.034 0.034 0.034 2.0 0.096 0.944 0.031
0.0 0.0 0.0 1.0 0.0 0.0 0.0 0.0 0.0 0.0 0.897 0.069 0.069 0.069 2.0 0.135 0.930 0.031
0.0 1.0 0.0 0.0 0.0 0.0 0.0 0.0 0.0 0.0 0.897 0.034 0.034 0.034 2.0 0.096 0.930 0.031
0.0 0.0 0.0 1.0 0.0 0.0 0.0 0.0 0.0 0.0 0.862 0.069 0.069 0.069 2.0 0.135 0.915 0.031
0.0 0.0 0.0 1.0 0.0 0.0 0.0 0.0 0.0 0.0 0.862 0.034 0.034 0.034 2.0 0.115 0.915 0.031
0.0 0.0 0.0 1.0 0.0 0.0 0.0 0.0 0.0 0.0 0.862 0.034 0.034 0.034 2.0 0.115 0.915 0.031
0.0 0.0 0.0 1.0 0.0 0.0 0.0 0.0 0.0 0.0 0.897 0.034 0.034 0.034 2.0 0.115 0.972 0.031
0.0 0.0 0.0 1.0 0.0 0.0 0.0 0.0 0.0 0.0 0.897 0.034 0.034 0.034 2.0 0.115 0.972 0.031
0.0 0.0 0.0 1.0 0.0 0.0 0.0 0.0 0.0 0.0 0.897 0.034 0.034 0.034 2.0 0.115 0.972 0.031
0.0 0.0 0.0 1.0 0.0 0.0 0.0 0.0 0.0 0.0 0.897 0.034 0.034 0.034 2.0 0.115 0.972 0.031
0.0 0.0 0.0 1.0 0.0 0.0 0.0 0.0 0.0 0.0 0.897 0.034 0.034 0.034 2.0 0.115 0.986 0.031
0.0 0.0 0.0 1.0 0.0 0.0 0.0 0.0 0.0 0.0 0.897 0.034 0.034 0.034 2.0 0.115 0.986 0.031
0.0 0.0 0.0 1.0 0.0 0.0 0.0 0.0 0.0 0.0 0.931 0.034 0.034 0.034 2.0 0.115 1.000 0.031
0.0 0.0 0.0 1.0 0.0 0.0 0.0 0.0 0.0 0.0 0.897 0.034 0.034 0.034 2.0 0.115 0.986 0.031
0.0 0.0 0.0 1.0 0.0 0.0 0.0 0.0 0.0 0.0 0.897 0.034 0.034 0.034 2.0 0.115 0.958 0.031
0.0 1.0 0.0 0.0 0.0 0.0 0.0 0.0 0.0 0.0 0.931 0.034 0.034 0.034 2.0 0.096 0.972 0.031
0.0 0.0 0.0 1.0 0.0 0.0 0.0 0.0 0.0 0.0 0.897 0.069 0.069 0.069 2.0 0.135 0.958 0.031
0.0 0.0 0.0 1.0 0.0 0.0 0.0 0.0 0.0 0.0 0.897 0.034 0.034 0.034 2.0 0.115 0.958 0.031
0.0 0.0 0.0 1.0 0.0 0.0 0.0 0.0 0.0 0.0 0.897 0.034 0.034 0.034 2.0 0.115 0.958 0.031
0.0 0.0 0.0 1.0 0.0 0.0 0.0 0.0 0.0 0.0 0.897 0.069 0.069 0.069 2.0 0.135 0.958 0.031
0.0 0.0 0.0 1.0 0.0 0.0 0.0 0.0 0.0 0.0 0.966 0.034 0.034 0.034 2.0 0.115 0.986 0.031
0.0 0.0 0.0 1.0 0.0 0.0 0.0 0.0 0.0 0.0 0.897 0.034 0.034 0.034 2.0 0.115 0.958 0.031
0.0 0.0 0.0 1.0 0.0 0.0 0.0 0.0 0.0 0.0 0.897 0.034 0.034 0.034 2.0 0.115 0.958 0.031
0.0 1.0 0.0 0.0 0.0 0.0 0.0 0.0 0.0 1.0 0.931 0.000 0.000 0.000 2.0 0.058 0.930 0.031
1.0 0.0 0.0 0.0 0.0 0.0 0.0 0.0 0.0 0.0 0.897 0.034 0.034 0.034 1.0 0.096 0.915 0.031
1.0 0.0 0.0 0.0 0.0 0.0 0.0 0.0 0.0 1.0 0.931 0.000 0.000 0.000 1.0 0.077 0.930 0.031
1.0 0.0 0.0 0.0 0.0 0.0 0.0 0.0 0.0 1.0 0.931 0.000 0.000 0.000 1.0 0.077 0.930 0.031
1.0 0.0 0.0 0.0 0.0 0.0 0.0 0.0 0.0 1.0 0.931 0.000 0.000 0.000 1.0 0.077 0.930 0.031
1.0 0.0 0.0 0.0 0.0 0.0 0.0 0.0 0.0 1.0 0.931 0.000 0.000 0.000 1.0 0.077 0.944 0.031
1.0 0.0 0.0 0.0 0.0 0.0 0.0 0.0 0.0 1.0 0.931 0.000 0.000 0.000 1.0 0.077 0.944 0.031
1.0 0.0 0.0 0.0 0.0 0.0 0.0 0.0 0.0 1.0 0.931 0.000 0.000 0.000 1.0 0.058 0.944 0.031
1.0 0.0 0.0 0.0 0.0 0.0 0.0 0.0 0.0 1.0 0.897 0.000 0.000 0.000 1.0 0.077 0.930 0.031
1.0 0.0 0.0 0.0 0.0 0.0 0.0 0.0 0.0 1.0 0.897 0.000 0.000 0.000 1.0 0.077 0.930 0.031
1.0 0.0 0.0 0.0 0.0 0.0 0.0 0.0 0.0 1.0 0.931 0.000 0.000 0.000 1.0 0.077 0.944 0.031
1.0 0.0 0.0 0.0 0.0 0.0 0.0 0.0 0.0 1.0 0.897 0.000 0.000 0.000 1.0 0.077 0.930 0.031
1.0 0.0 0.0 0.0 0.0 0.0 0.0 0.0 0.0 1.0 0.897 0.000 0.000 0.000 1.0 0.077 0.930 0.031
1.0 0.0 0.0 0.0 0.0 0.0 0.0 0.0 0.0 1.0 0.966 0.000 0.000 0.000 1.0 0.058 0.944 0.031
1.0 0.0 0.0 0.0 0.0 0.0 0.0 0.0 0.0 1.0 0.931 0.000 0.000 0.000 1.0 0.058 0.930 0.031
1.0 0.0 0.0 0.0 0.0 0.0 0.0 0.0 0.0 1.0 0.897 0.000 0.000 0.000 1.0 0.077 0.915 0.031
1.0 0.0 0.0 0.0 0.0 0.0 0.0 0.0 0.0 1.0 0.897 0.000 0.000 0.000 1.0 0.077 0.915 0.031
1.0 0.0 0.0 0.0 0.0 0.0 0.0 0.0 0.0 1.0 0.931 0.000 0.000 0.000 1.0 0.077 0.972 0.031
1.0 0.0 0.0 0.0 0.0 0.0 0.0 0.0 0.0 1.0 0.931 0.000 0.000 0.000 1.0 0.077 0.972 0.031
1.0 0.0 0.0 0.0 0.0 0.0 0.0 0.0 0.0 1.0 0.931 0.000 0.000 0.000 1.0 0.077 0.972 0.031
1.0 0.0 0.0 0.0 0.0 0.0 0.0 0.0 0.0 1.0 0.931 0.000 0.000 0.000 1.0 0.077 0.972 0.031
1.0 0.0 0.0 0.0 0.0 0.0 0.0 0.0 0.0 1.0 0.931 0.000 0.000 0.000 1.0 0.077 0.986 0.031
1.0 0.0 0.0 0.0 0.0 0.0 0.0 0.0 0.0 1.0 0.931 0.000 0.000 0.000 1.0 0.077 0.986 0.031
1.0 0.0 0.0 0.0 0.0 0.0 0.0 0.0 0.0 1.0 0.966 0.000 0.000 0.000 1.0 0.077 1.000 0.031
1.0 0.0 0.0 0.0 0.0 0.0 0.0 0.0 0.0 1.0 0.931 0.000 0.000 0.000 1.0 0.077 0.986 0.031
1.0 0.0 0.0 0.0 0.0 0.0 0.0 0.0 0.0 1.0 0.931 0.000 0.000 0.000 1.0 0.077 0.958 0.031
1.0 0.0 0.0 0.0 0.0 0.0 0.0 0.0 0.0 1.0 0.966 0.000 0.000 0.000 1.0 0.058 0.972 0.031
1.0 0.0 0.0 0.0 0.0 0.0 0.0 0.0 0.0 1.0 0.931 0.000 0.000 0.000 1.0 0.077 0.958 0.031
1.0 0.0 0.0 0.0 0.0 0.0 0.0 0.0 0.0 1.0 0.931 0.000 0.000 0.000 1.0 0.077 0.958 0.031
0.0 1.0 0.0 0.0 0.0 0.0 0.0 0.0 0.0 1.0 0.966 0.000 0.000 0.000 2.0 0.058 0.972 0.031
1.0 0.0 0.0 0.0 0.0 0.0 0.0 0.0 0.0 0.0 0.931 0.034 0.034 0.034 1.0 0.096 0.958 0.031
1.0 0.0 0.0 0.0 0.0 0.0 0.0 0.0 0.0 1.0 1.000 0.000 0.000 0.000 1.0 0.077 0.986 0.031
1.0 0.0 0.0 0.0 0.0 0.0 0.0 0.0 0.0 1.0 0.931 0.000 0.000 0.000 1.0 0.077 0.958 0.031
1.0 0.0 0.0 0.0 0.0 0.0 0.0 0.0 0.0 1.0 0.931 0.000 0.000 0.000 1.0 0.077 0.958 0.031
