0.0 1.0 0.0 0.0 0.0 0.0 0.0 0.0 1.0 0.0 0.021 0.766 0.979 0.828 1.0 0.137 0.013 1.000
0.0 1.0 0.0 0.0 0.0 0.0 0.0 0.0 1.0 0.0 0.021 0.766 0.979 0.828 2.0 0.096 0.025 1.000
0.0 1.0 0.0 0.0 0.0 0.0 0.0 0.0 1.0 0.0 0.021 0.766 0.979 0.828 1.0 0.137 0.013 1.000
0.0 1.0 0.0 0.0 0.0 0.0 0.0 0.0 1.0 0.0 0.021 0.766 0.979 0.828 1.0 0.178 0.013 1.000
0.0 1.0 0.0 0.0 0.0 0.0 0.0 0.0 1.0 0.0 0.021 0.766 0.979 0.828 1.0 0.096 0.013 1.000
0.0 1.0 0.0 0.0 0.0 0.0 0.0 0.0 1.0 0.0 0.021 0.766 0.979 0.828 1.0 0.096 0.013 1.000
0.0 1.0 0.0 0.0 0.0 0.0 0.0 0.0 1.0 0.0 0.021 0.766 0.979 0.828 1.0 0.137 0.013 1.000
0.0 1.0 0.0 0.0 0.0 0.0 0.0 0.0 1.0 0.0 0.021 0.766 0.979 0.828 1.0 0.137 0.013 1.000
0.0 1.0 0.0 0.0 0.0 0.0 0.0 0.0 1.0 0.0 0.021 0.766 0.979 0.828 1.0 0.178 0.013 1.000
0.0 1.0 0.0 0.0 0.0 0.0 0.0 0.0 1.0 0.0 0.021 0.766 0.979 0.828 1.0 0.137 0.013 1.000
0.0 1.0 0.0 0.0 0.0 0.0 0.0 0.0 1.0 0.0 0.021 0.766 0.979 0.828 1.0 0.096 0.013 1.000
0.0 1.0 0.0 0.0 0.0 0.0 0.0 0.0 1.0 0.0 0.021 0.766 0.979 0.828 2.0 0.096 0.025 1.000
0.0 1.0 0.0 0.0 0.0 0.0 0.0 0.0 1.0 0.0 0.021 0.766 0.979 0.828 1.0 0.137 0.013 1.000
0.0 1.0 0.0 0.0 0.0 0.0 0.0 0.0 1.0 0.0 0.021 0.766 0.979 0.828 1.0 0.137 0.013 1.000
0.0 1.0 0.0 0.0 0.0 0.0 0.0 0.0 1.0 0.0 0.021 0.766 0.979 0.828 1.0 0.137 0.013 1.000
0.0 1.0 0.0 0.0 0.0 0.0 0.0 0.0 1.0 0.0 0.021 0.766 0.979 0.828 1.0 0.137 0.013 1.000
0.0 0.0 0.0 1.0 0.0 0.0 0.0 0.0 1.0 0.0 0.021 0.957 0.957 0.957 2.0 0.068 0.025 0.040
0.0 0.0 0.0 1.0 0.0 0.0 0.0 0.0 1.0 0.0 0.021 0.915 0.915 0.915 2.0 0.068 0.025 0.040
0.0 1.0 0.0 0.0 0.0 0.0 0.0 0.0 1.0 0.0 0.021 0.766 0.979 0.828 1.0 0.110 0.013 1.000
0.0 1.0 0.0 0.0 0.0 0.0 0.0 0.0 1.0 0.0 0.021 0.766 0.979 0.828 1.0 0.082 0.013 1.000
1.0 0.0 0.0 0.0 0.0 0.0 0.0 0.0 1.0 0.0 0.021 0.766 0.979 0.828 1.0 0.110 0.013 1.000
1.0 0.0 0.0 0.0 0.0 0.0 0.0 0.0 1.0 0.0 0.021 0.766 0.979 0.828 1.0 0.151 0.013 1.000
0.0 1.0 0.0 0.0 0.0 0.0 0.0 0.0 1.0 0.0 0.021 0.766 0.979 0.828 2.0 0.096 0.025 1.000
0.0 1.0 0.0 0.0 0.0 0.0 0.0 0.0 1.0 0.0 0.021 0.766 0.979 0.828 2.0 0.096 0.025 1.000
0.0 1.0 0.0 0.0 0.0 0.0 0.0 0.0 1.0 0.0 0.021 0.766 0.979 0.828 1.0 0.096 0.013 1.000
0.0 1.0 0.0 0.0 0.0 0.0 0.0 0.0 1.0 0.0 0.021 0.766 0.979 0.828 1.0 0.096 0.013 1.000
0.0 1.0 0.0 0.0 0.0 0.0 0.0 0.0 1.0 0.0 0.021 0.957 0.957 0.957 1.0 0.068 0.013 0.040
0.0 1.0 0.0 0.0 0.0 0.0 0.0 0.0 1.0 0.0 0.021 0.915 0.915 0.915 1.0 0.068 0.013 0.040
0.0 1.0 0.0 0.0 0.0 0.0 0.0 0.0 1.0 0.0 0.021 0.766 0.979 0.852 1.0 0.110 0.013 0.640
0.0 1.0 0.0 0.0 0.0 0.0 0.0 0.0 1.0 0.0 0.021 0.766 0.979 0.843 1.0 0.110 0.013 0.640
1.0 0.0 0.0 0.0 0.0 0.0 0.0 0.0 1.0 0.0 0.021 0.915 0.979 0.929 1.0 0.301 0.013 0.240
0.0 1.0 0.0 0.0 0.0 0.0 0.0 0.0 1.0 0.0 0.021 0.766 0.979 0.828 1.0 0.342 0.013 1.000
1.0 0.0 0.0 0.0 0.0 0.0 0.0 0.0 1.0 0.0 0.021 0.766 0.979 0.828 1.0 0.123 0.013 1.000
0.0 1.0 0.0 0.0 0.0 0.0 0.0 0.0 1.0 0.0 0.021 0.766 0.979 0.828 1.0 0.151 0.013 1.000
1.0 0.0 0.0 0.0 0.0 0.0 0.0 0.0 1.0 0.0 0.021 0.766 0.979 0.828 1.0 0.205 0.013 1.000
0.0 1.0 0.0 0.0 0.0 0.0 0.0 0.0 1.0 0.0 0.021 0.915 0.979 0.929 1.0 0.192 0.013 0.240
0.0 1.0 0.0 0.0 0.0 0.0 0.0 0.0 1.0 0.0 0.021 0.851 0.851 0.851 1.0 0.068 0.013 0.040
1.0 0.0 0.0 0.0 0.0 0.0 0.0 0.0 1.0 0.0 0.021 0.915 0.957 0.936 1.0 0.123 0.013 0.080
0.0 1.0 0.0 0.0 0.0 0.0 0.0 0.0 1.0 0.0 0.021 0.766 0.979 0.828 1.0 0.288 0.013 1.000
1.0 0.0 0.0 0.0 0.0 0.0 0.0 0.0 1.0 0.0 0.021 0.766 0.979 0.828 1.0 0.178 0.013 1.000
1.0 0.0 0.0 0.0 0.0 0.0 0.0 0.0 1.0 0.0 0.021 0.915 0.979 0.929 1.0 0.192 0.013 0.240
0.0 1.0 0.0 0.0 0.0 0.0 0.0 0.0 1.0 0.0 0.021 0.766 0.979 0.828 1.0 0.288 0.013 1.000
1.0 0.0 0.0 0.0 0.0 0.0 0.0 0.0 1.0 0.0 0.021 0.787 0.787 0.787 1.0 0.082 0.013 0.040
1.0 0.0 0.0 0.0 0.0 0.0 0.0 0.0 1.0 0.0 0.021 0.787 0.787 0.787 1.0 0.082 0.013 0.040
1.0 0.0 0.0 0.0 0.0 0.0 0.0 0.0 1.0 0.0 0.021 0.809 0.809 0.809 1.0 0.082 0.013 0.040
1.0 0.0 0.0 0.0 0.0 0.0 0.0 0.0 1.0 0.0 0.021 0.787 0.787 0.787 1.0 0.082 0.013 0.040
1.0 0.0 0.0 0.0 0.0 0.0 0.0 0.0 1.0 0.0 0.021 0.787 0.787 0.787 1.0 0.082 0.013 0.040
1.0 0.0 0.0 0.0 0.0 0.0 0.0 0.0 1.0 0.0 0.021 0.766 0.766 0.766 1.0 0.082 0.013 0.040
1.0 0.0 0.0 0.0 0.0 0.0 0.0 0.0 1.0 0.0 0.021 0.766 0.766 0.766 1.0 0.082 0.013 0.040
1.0 0.0 0.0 0.0 0.0 0.0 0.0 0.0 1.0 0.0 0.021 0.766 0.766 0.766 1.0 0.082 0.013 0.040
1.0 0.0 0.0 0.0 0.0 0.0 0.0 0.0 1.0 0.0 0.021 0.787 0.787 0.787 1.0 0.082 0.013 0.040
1.0 0.0 0.0 0.0 0.0 0.0 0.0 0.0 1.0 0.0 0.021 0.766 0.766 0.766 1.0 0.082 0.013 0.040
1.0 0.0 0.0 0.0 0.0 0.0 0.0 0.0 1.0 0.0 0.021 0.766 0.766 0.766 1.0 0.082 0.013 0.040
1.0 0.0 0.0 0.0 0.0 0.0 0.0 0.0 1.0 0.0 0.021 0.766 0.766 0.766 1.0 0.082 0.013 0.040
1.0 0.0 0.0 0.0 0.0 0.0 0.0 0.0 1.0 0.0 0.021 0.766 0.766 0.766 1.0 0.082 0.013 0.040
1.0 0.0 0.0 0.0 0.0 0.0 0.0 0.0 1.0 0.0 0.021 0.766 0.766 0.766 1.0 0.082 0.013 0.040
1.0 0.0 0.0 0.0 0.0 0.0 0.0 0.0 1.0 0.0 0.021 0.766 0.766 0.766 1.0 0.082 0.013 0.040
1.0 0.0 0.0 0.0 0.0 0.0 0.0 0.0 1.0 0.0 0.021 0.766 0.766 0.766 1.0 0.082 0.013 0.040
0.0 1.0 0.0 0.0 0.0 0.0 0.0 0.0 0.0 0.0 0.043 0.766 0.766 0.766 1.0 0.082 0.013 0.040
0.0 1.0 0.0 0.0 0.0 0.0 0.0 0.0 0.0 0.0 0.043 0.766 0.766 0.766 1.0 0.082 0.013 0.040
0.0 1.0 0.0 0.0 0.0 0.0 0.0 0.0 0.0 0.0 0.043 0.787 0.787 0.787 1.0 0.082 0.013 0.040
0.0 1.0 0.0 0.0 0.0 0.0 0.0 0.0 0.0 0.0 0.043 0.766 0.766 0.766 1.0 0.082 0.013 0.040
0.0 1.0 0.0 0.0 0.0 0.0 0.0 0.0 0.0 0.0 0.043 0.766 0.766 0.766 1.0 0.082 0.013 0.040
0.0 1.0 0.0 0.0 0.0 0.0 0.0 0.0 0.0 0.0 0.043 0.745 0.745 0.745 1.0 0.082 0.013 0.040
0.0 1.0 0.0 0.0 0.0 0.0 0.0 0.0 0.0 0.0 0.043 0.745 0.745 0.745 2.0 0.082 0.025 0.040
0.0 1.0 0.0 0.0 0.0 0.0 0.0 0.0 0.0 0.0 0.043 0.745 0.745 0.745 1.0 0.082 0.013 0.040
0.0 1.0 0.0 0.0 0.0 0.0 0.0 0.0 0.0 0.0 0.043 0.766 0.766 0.766 1.0 0.082 0.013 0.040
0.0 1.0 0.0 0.0 0.0 0.0 0.0 0.0 0.0 0.0 0.043 0.745 0.745 0.745 1.0 0.082 0.013 0.040
0.0 1.0 0.0 0.0 0.0 0.0 0.0 0.0 0.0 0.0 0.043 0.745 0.745 0.745 1.0 0.082 0.013 0.040
0.0 1.0 0.0 0.0 0.0 0.0 0.0 0.0 0.0 0.0 0.043 0.745 0.745 0.745 1.0 0.082 0.013 0.040
0.0 1.0 0.0 0.0 0.0 0.0 0.0 0.0 0.0 0.0 0.043 0.745 0.745 0.745 1.0 0.082 0.013 0.040
0.0 1.0 0.0 0.0 0.0 0.0 0.0 0.0 0.0 0.0 0.043 0.745 0.745 0.745 1.0 0.082 0.013 0.040
0.0 1.0 0.0 0.0 0.0 0.0 0.0 0.0 0.0 0.0 0.043 0.745 0.745 0.745 1.0 0.082 0.013 0.040
0.0 1.0 0.0 0.0 0.0 0.0 0.0 0.0 0.0 0.0 0.043 0.745 0.745 0.745 1.0 0.082 0.013 0.040
0.0 0.0 0.0 1.0 0.0 0.0 0.0 0.0 0.0 0.0 0.043 0.894 0.894 0.894 2.0 0.137 0.025 0.040
0.0 0.0 0.0 1.0 0.0 0.0 0.0 0.0 0.0 0.0 0.043 0.894 0.894 0.894 2.0 0.137 0.025 0.040
0.0 0.0 0.0 1.0 0.0 0.0 0.0 0.0 0.0 0.0 0.043 0.957 0.957 0.957 2.0 0.137 0.025 0.040
0.0 0.0 0.0 1.0 0.0 0.0 0.0 0.0 0.0 0.0 0.043 0.894 0.894 0.894 2.0 0.137 0.025 0.040
0.0 0.0 0.0 1.0 0.0 0.0 0.0 0.0 0.0 0.0 0.043 0.894 0.894 0.894 2.0 0.137 0.025 0.040
0.0 0.0 0.0 1.0 0.0 0.0 0.0 0.0 0.0 0.0 0.043 0.915 0.915 0.915 2.0 0.151 0.025 0.040
1.0 0.0 0.0 0.0 0.0 0.0 0.0 0.0 0.0 0.0 0.043 0.745 0.957 0.807 1.0 0.137 0.013 1.000
1.0 0.0 0.0 0.0 0.0 0.0 0.0 0.0 0.0 0.0 0.043 0.745 0.957 0.807 1.0 0.123 0.025 1.000
1.0 0.0 0.0 0.0 0.0 0.0 0.0 0.0 0.0 0.0 0.043 0.745 0.957 0.807 1.0 0.123 0.013 1.000
1.0 0.0 0.0 0.0 0.0 0.0 0.0 0.0 0.0 0.0 0.043 0.745 0.957 0.807 1.0 0.123 0.013 1.000
1.0 0.0 0.0 0.0 0.0 0.0 0.0 0.0 0.0 0.0 0.043 0.745 0.957 0.807 1.0 0.137 0.013 1.000
1.0 0.0 0.0 0.0 0.0 0.0 0.0 0.0 0.0 0.0 0.043 0.745 0.957 0.807 1.0 0.137 0.013 1.000
0.0 0.0 1.0 0.0 0.0 0.0 0.0 0.0 1.0 0.0 0.043 0.745 0.957 0.807 2.0 0.178 0.025 1.000
1.0 0.0 0.0 0.0 0.0 0.0 0.0 0.0 0.0 0.0 0.043 0.745 0.957 0.807 1.0 0.151 0.013 1.000
1.0 0.0 0.0 0.0 0.0 0.0 0.0 0.0 0.0 0.0 0.043 0.745 0.957 0.807 1.0 0.123 0.013 1.000
1.0 0.0 0.0 0.0 0.0 0.0 0.0 0.0 0.0 0.0 0.043 0.745 0.957 0.807 1.0 0.123 0.025 1.000
0.0 0.0 1.0 0.0 0.0 0.0 0.0 0.0 1.0 0.0 0.043 0.745 0.957 0.807 2.0 0.178 0.025 1.000
1.0 0.0 0.0 0.0 0.0 0.0 0.0 0.0 0.0 0.0 0.043 0.745 0.957 0.807 1.0 0.137 0.013 1.000
0.0 0.0 1.0 0.0 0.0 0.0 0.0 0.0 1.0 0.0 0.043 0.745 0.957 0.807 3.0 0.192 0.038 1.000
1.0 0.0 0.0 0.0 0.0 0.0 0.0 0.0 0.0 0.0 0.043 0.745 0.957 0.807 1.0 0.137 0.013 1.000
1.0 0.0 0.0 0.0 0.0 0.0 0.0 0.0 0.0 0.0 0.043 0.745 0.957 0.807 1.0 0.123 0.013 1.000
0.0 0.0 0.0 1.0 0.0 0.0 0.0 0.0 0.0 0.0 0.043 0.936 0.936 0.936 2.0 0.137 0.025 0.040
0.0 0.0 0.0 1.0 0.0 0.0 0.0 0.0 0.0 0.0 0.043 0.894 0.894 0.894 2.0 0.137 0.025 0.040
0.0 0.0 0.0 1.0 0.0 0.0 0.0 0.0 1.0 0.0 0.043 0.745 0.957 0.807 2.0 0.315 0.025 1.000
0.0 0.0 0.0 1.0 0.0 0.0 0.0 0.0 0.0 0.0 0.043 0.745 0.957 0.807 2.0 0.192 0.025 1.000
0.0 0.0 0.0 1.0 0.0 0.0 0.0 0.0 0.0 0.0 0.043 0.745 0.957 0.807 2.0 0.178 0.025 1.000
1.0 0.0 0.0 0.0 0.0 0.0 0.0 0.0 0.0 0.0 0.043 0.745 0.957 0.807 1.0 0.137 0.013 1.000
1.0 0.0 0.0 0.0 0.0 0.0 0.0 0.0 0.0 0.0 0.043 0.745 0.957 0.807 1.0 0.123 0.013 1.000
1.0 0.0 0.0 0.0 0.0 0.0 0.0 0.0 0.0 0.0 0.043 0.894 0.894 0.894 1.0 0.137 0.013 0.040
1.0 0.0 0.0 0.0 0.0 0.0 0.0 0.0 0.0 0.0 0.043 0.894 0.894 0.894 1.0 0.123 0.013 0.040
1.0 0.0 0.0 0.0 0.0 0.0 0.0 0.0 0.0 0.0 0.043 0.957 0.957 0.957 1.0 0.123 0.013 0.040
1.0 0.0 0.0 0.0 0.0 0.0 0.0 0.0 0.0 0.0 0.043 0.745 0.957 0.807 1.0 0.123 0.013 1.000
1.0 0.0 0.0 0.0 0.0 0.0 0.0 0.0 0.0 0.0 0.043 0.745 0.957 0.807 1.0 0.110 0.025 1.000
1.0 0.0 0.0 0.0 0.0 0.0 0.0 0.0 0.0 0.0 0.043 0.745 0.957 0.807 1.0 0.110 0.013 1.000
1.0 0.0 0.0 0.0 0.0 0.0 0.0 0.0 0.0 0.0 0.043 0.745 0.957 0.807 1.0 0.123 0.013 1.000
0.0 0.0 1.0 0.0 0.0 0.0 0.0 0.0 1.0 0.0 0.043 0.745 0.957 0.807 3.0 0.178 0.038 1.000
1.0 0.0 0.0 0.0 0.0 0.0 0.0 0.0 0.0 0.0 0.043 0.745 0.957 0.807 1.0 0.110 0.025 1.000
1.0 0.0 0.0 0.0 0.0 0.0 0.0 0.0 0.0 0.0 0.043 0.745 0.957 0.807 1.0 0.137 0.013 1.000
1.0 0.0 0.0 0.0 0.0 0.0 0.0 0.0 0.0 0.0 0.043 0.745 0.957 0.807 1.0 0.123 0.013 1.000
0.0 0.0 1.0 0.0 0.0 0.0 0.0 0.0 1.0 0.0 0.043 0.745 0.957 0.807 3.0 0.178 0.038 1.000
1.0 0.0 0.0 0.0 0.0 0.0 0.0 0.0 0.0 0.0 0.043 0.745 0.957 0.807 1.0 0.110 0.025 1.000
1.0 0.0 0.0 0.0 0.0 0.0 0.0 0.0 0.0 0.0 0.043 0.830 0.830 0.830 1.0 0.110 0.025 0.040
1.0 0.0 0.0 0.0 0.0 0.0 0.0 0.0 0.0 0.0 0.043 0.745 0.957 0.807 1.0 0.110 0.025 1.000
1.0 0.0 0.0 0.0 0.0 0.0 0.0 0.0 0.0 0.0 0.043 0.830 0.830 0.830 1.0 0.110 0.025 0.040
1.0 0.0 0.0 0.0 0.0 0.0 0.0 0.0 0.0 0.0 0.043 0.745 0.957 0.807 1.0 0.110 0.013 1.000
1.0 0.0 0.0 0.0 0.0 0.0 0.0 0.0 0.0 0.0 0.043 0.830 0.830 0.830 1.0 0.110 0.013 0.040
1.0 0.0 0.0 0.0 0.0 0.0 0.0 0.0 0.0 0.0 0.043 0.745 0.957 0.807 1.0 0.110 0.013 1.000
1.0 0.0 0.0 0.0 0.0 0.0 0.0 0.0 0.0 0.0 0.043 0.830 0.830 0.830 1.0 0.110 0.013 0.040
0.0 0.0 1.0 0.0 0.0 0.0 0.0 0.0 0.0 0.0 0.043 0.936 0.936 0.936 2.0 0.123 0.038 0.040
0.0 0.0 1.0 0.0 0.0 0.0 0.0 0.0 0.0 0.0 0.043 0.894 0.894 0.894 2.0 0.123 0.038 0.040
1.0 0.0 0.0 0.0 0.0 0.0 0.0 0.0 0.0 0.0 0.043 0.745 0.957 0.807 1.0 0.123 0.013 1.000
1.0 0.0 0.0 0.0 0.0 0.0 0.0 0.0 0.0 0.0 0.043 0.745 0.957 0.807 1.0 0.123 0.013 1.000
1.0 0.0 0.0 0.0 0.0 0.0 0.0 0.0 0.0 0.0 0.043 0.745 0.957 0.807 1.0 0.123 0.013 1.000
1.0 0.0 0.0 0.0 0.0 0.0 0.0 0.0 0.0 0.0 0.043 0.745 0.957 0.807 1.0 0.123 0.013 1.000
1.0 0.0 0.0 0.0 0.0 0.0 0.0 0.0 0.0 0.0 0.043 0.745 0.957 0.807 1.0 0.123 0.013 1.000
1.0 0.0 0.0 0.0 0.0 0.0 0.0 0.0 0.0 0.0 0.043 0.745 0.957 0.807 1.0 0.123 0.013 1.000
1.0 0.0 0.0 0.0 0.0 0.0 0.0 0.0 0.0 0.0 0.043 0.894 0.894 0.894 1.0 0.123 0.013 0.040
1.0 0.0 0.0 0.0 0.0 0.0 0.0 0.0 0.0 0.0 0.043 0.745 0.957 0.807 1.0 0.123 0.013 1.000
1.0 0.0 0.0 0.0 0.0 0.0 0.0 0.0 0.0 0.0 0.043 0.745 0.957 0.807 1.0 0.137 0.013 1.000
1.0 0.0 0.0 0.0 0.0 0.0 0.0 0.0 0.0 0.0 0.043 0.894 0.894 0.894 1.0 0.137 0.013 0.040
1.0 0.0 0.0 0.0 0.0 0.0 0.0 0.0 0.0 0.0 0.043 0.745 0.957 0.807 1.0 0.110 0.013 1.000
1.0 0.0 0.0 0.0 0.0 0.0 0.0 0.0 0.0 0.0 0.043 0.745 0.957 0.807 1.0 0.123 0.013 1.000
0.0 0.0 1.0 0.0 0.0 0.0 0.0 0.0 1.0 0.0 0.043 0.745 0.957 0.807 3.0 0.178 0.038 1.000
1.0 0.0 0.0 0.0 0.0 0.0 0.0 0.0 0.0 0.0 0.043 0.745 0.957 0.807 1.0 0.123 0.013 1.000
1.0 0.0 0.0 0.0 0.0 0.0 0.0 0.0 0.0 0.0 0.043 0.745 0.957 0.807 1.0 0.137 0.013 1.000
1.0 0.0 0.0 0.0 0.0 0.0 0.0 0.0 0.0 0.0 0.043 0.745 0.957 0.807 1.0 0.137 0.013 1.000
1.0 0.0 0.0 0.0 0.0 0.0 0.0 0.0 0.0 0.0 0.043 0.745 0.957 0.807 1.0 0.110 0.013 1.000
1.0 0.0 0.0 0.0 0.0 0.0 0.0 0.0 0.0 0.0 0.043 0.745 0.957 0.807 1.0 0.123 0.013 1.000
1.0 0.0 0.0 0.0 0.0 0.0 0.0 0.0 0.0 0.0 0.043 0.745 0.957 0.807 1.0 0.123 0.013 1.000
1.0 0.0 0.0 0.0 0.0 0.0 0.0 0.0 0.0 0.0 0.043 0.745 0.957 0.807 1.0 0.123 0.013 1.000
1.0 0.0 0.0 0.0 0.0 0.0 0.0 0.0 0.0 0.0 0.043 0.745 0.957 0.807 1.0 0.123 0.013 1.000
1.0 0.0 0.0 0.0 0.0 0.0 0.0 0.0 0.0 0.0 0.043 0.745 0.957 0.807 1.0 0.123 0.013 1.000
0.0 1.0 0.0 0.0 0.0 0.0 0.0 0.0 0.0 0.0 0.064 0.915 0.915 0.915 1.0 0.110 0.038 0.040
0.0 1.0 0.0 0.0 0.0 0.0 0.0 0.0 0.0 0.0 0.064 0.872 0.872 0.872 2.0 0.110 0.051 0.040
0.0 1.0 0.0 0.0 0.0 0.0 0.0 0.0 0.0 0.0 0.064 0.723 0.936 0.786 1.0 0.096 0.013 1.000
0.0 1.0 0.0 0.0 0.0 0.0 0.0 0.0 0.0 0.0 0.064 0.723 0.936 0.786 1.0 0.096 0.013 1.000
0.0 1.0 0.0 0.0 0.0 0.0 0.0 0.0 0.0 0.0 0.064 0.872 0.872 0.872 1.0 0.096 0.013 0.040
0.0 1.0 0.0 0.0 0.0 0.0 0.0 0.0 0.0 0.0 0.064 0.872 0.872 0.872 1.0 0.096 0.013 0.040
0.0 1.0 0.0 0.0 0.0 0.0 0.0 0.0 0.0 0.0 0.064 0.723 0.936 0.786 1.0 0.096 0.013 1.000
0.0 1.0 0.0 0.0 0.0 0.0 0.0 0.0 0.0 0.0 0.064 0.723 0.936 0.786 1.0 0.110 0.038 1.000
0.0 1.0 0.0 0.0 0.0 0.0 0.0 0.0 0.0 0.0 0.064 0.723 0.936 0.786 1.0 0.096 0.013 1.000
0.0 1.0 0.0 0.0 0.0 0.0 0.0 0.0 0.0 0.0 0.064 0.723 0.936 0.786 1.0 0.096 0.013 1.000
0.0 1.0 0.0 0.0 0.0 0.0 0.0 0.0 0.0 0.0 0.064 0.723 0.936 0.786 1.0 0.110 0.038 1.000
0.0 0.0 1.0 0.0 0.0 0.0 0.0 0.0 1.0 0.0 0.064 0.872 0.872 0.872 2.0 0.151 0.038 0.040
0.0 0.0 1.0 0.0 0.0 0.0 0.0 0.0 1.0 0.0 0.064 0.894 0.894 0.894 2.0 0.151 0.038 0.040
0.0 0.0 0.0 1.0 0.0 0.0 0.0 0.0 1.0 0.0 0.064 0.723 0.936 0.786 2.0 0.219 0.038 1.000
0.0 0.0 0.0 1.0 0.0 0.0 0.0 0.0 1.0 0.0 0.064 0.723 0.936 0.786 2.0 0.233 0.038 1.000
0.0 0.0 0.0 1.0 0.0 0.0 0.0 0.0 1.0 0.0 0.064 0.723 0.936 0.786 2.0 0.164 0.038 1.000
0.0 0.0 0.0 1.0 0.0 0.0 0.0 0.0 1.0 0.0 0.064 0.723 0.936 0.786 2.0 0.164 0.038 1.000
0.0 1.0 0.0 0.0 0.0 0.0 0.0 0.0 0.0 0.0 0.064 0.809 0.809 0.809 1.0 0.096 0.025 0.040
0.0 1.0 0.0 0.0 0.0 0.0 0.0 0.0 0.0 0.0 0.064 0.723 0.936 0.786 1.0 0.096 0.025 1.000
0.0 1.0 0.0 0.0 0.0 0.0 0.0 0.0 0.0 0.0 0.064 0.809 0.809 0.809 1.0 0.096 0.025 0.040
0.0 1.0 0.0 0.0 0.0 0.0 0.0 0.0 0.0 0.0 0.064 0.723 0.936 0.786 1.0 0.096 0.025 1.000
0.0 1.0 0.0 0.0 0.0 0.0 0.0 0.0 0.0 0.0 0.064 0.809 0.809 0.809 1.0 0.096 0.013 0.040
0.0 1.0 0.0 0.0 0.0 0.0 0.0 0.0 0.0 0.0 0.064 0.723 0.936 0.786 1.0 0.096 0.013 1.000
0.0 1.0 0.0 0.0 0.0 0.0 0.0 0.0 0.0 0.0 0.064 0.809 0.809 0.809 1.0 0.096 0.013 0.040
0.0 1.0 0.0 0.0 0.0 0.0 0.0 0.0 0.0 0.0 0.064 0.723 0.936 0.786 1.0 0.096 0.013 1.000
0.0 0.0 0.0 1.0 0.0 0.0 0.0 0.0 0.0 0.0 0.064 0.723 0.936 0.810 4.0 0.384 0.063 0.640
0.0 0.0 0.0 1.0 0.0 0.0 0.0 0.0 0.0 0.0 0.064 0.723 0.936 0.801 4.0 0.384 0.063 0.640
0.0 0.0 0.0 1.0 0.0 0.0 0.0 0.0 0.0 0.0 0.064 0.723 0.936 0.786 3.0 0.603 0.051 1.000
0.0 0.0 1.0 0.0 0.0 0.0 0.0 0.0 0.0 0.0 0.064 0.809 0.809 0.809 3.0 0.479 0.051 0.040
1.0 0.0 0.0 0.0 0.0 0.0 0.0 0.0 0.0 0.0 0.064 0.723 0.936 0.786 1.0 0.123 0.013 1.000
0.0 1.0 0.0 0.0 0.0 0.0 0.0 0.0 0.0 0.0 0.064 0.723 0.936 0.786 1.0 0.096 0.013 1.000
1.0 0.0 0.0 0.0 0.0 0.0 0.0 0.0 0.0 0.0 0.064 0.723 0.936 0.786 1.0 0.123 0.013 1.000
0.0 1.0 0.0 0.0 0.0 0.0 0.0 0.0 0.0 0.0 0.064 0.723 0.936 0.786 1.0 0.096 0.013 1.000
1.0 0.0 0.0 0.0 0.0 0.0 0.0 0.0 0.0 0.0 0.064 0.723 0.936 0.786 1.0 0.123 0.013 1.000
0.0 1.0 0.0 0.0 0.0 0.0 0.0 0.0 0.0 0.0 0.064 0.723 0.936 0.786 1.0 0.096 0.013 1.000
1.0 0.0 0.0 0.0 0.0 0.0 0.0 0.0 0.0 0.0 0.064 0.723 0.936 0.786 1.0 0.123 0.013 1.000
0.0 1.0 0.0 0.0 0.0 0.0 0.0 0.0 0.0 0.0 0.064 0.723 0.936 0.786 1.0 0.096 0.013 1.000
1.0 0.0 0.0 0.0 0.0 0.0 0.0 0.0 0.0 0.0 0.064 0.723 0.936 0.786 1.0 0.123 0.013 1.000
0.0 1.0 0.0 0.0 0.0 0.0 0.0 0.0 0.0 0.0 0.064 0.723 0.936 0.786 1.0 0.096 0.013 1.000
1.0 0.0 0.0 0.0 0.0 0.0 0.0 0.0 0.0 0.0 0.064 0.723 0.936 0.786 1.0 0.123 0.013 1.000
0.0 1.0 0.0 0.0 0.0 0.0 0.0 0.0 0.0 0.0 0.064 0.723 0.936 0.786 1.0 0.096 0.013 1.000
1.0 0.0 0.0 0.0 0.0 0.0 0.0 0.0 0.0 0.0 0.064 0.872 0.872 0.872 1.0 0.123 0.025 0.040
1.0 0.0 0.0 0.0 0.0 0.0 0.0 0.0 0.0 0.0 0.064 0.723 0.936 0.786 1.0 0.123 0.025 1.000
1.0 0.0 0.0 0.0 0.0 0.0 0.0 0.0 0.0 0.0 0.064 0.872 0.872 0.872 1.0 0.123 0.013 0.040
0.0 1.0 0.0 0.0 0.0 0.0 0.0 0.0 0.0 0.0 0.064 0.872 0.872 0.872 1.0 0.096 0.013 0.040
1.0 0.0 0.0 0.0 0.0 0.0 0.0 0.0 0.0 0.0 0.064 0.723 0.936 0.786 1.0 0.123 0.013 1.000
0.0 1.0 0.0 0.0 0.0 0.0 0.0 0.0 0.0 0.0 0.064 0.723 0.936 0.786 1.0 0.096 0.013 1.000
1.0 0.0 0.0 0.0 0.0 0.0 0.0 0.0 0.0 0.0 0.064 0.723 0.936 0.786 1.0 0.123 0.025 1.000
0.0 1.0 0.0 0.0 0.0 0.0 0.0 0.0 0.0 0.0 0.064 0.723 0.936 0.786 1.0 0.096 0.013 1.000
1.0 0.0 0.0 0.0 0.0 0.0 0.0 0.0 0.0 0.0 0.064 0.872 0.872 0.872 1.0 0.123 0.025 0.040
0.0 1.0 0.0 0.0 0.0 0.0 0.0 0.0 0.0 0.0 0.064 0.872 0.872 0.872 1.0 0.096 0.013 0.040
1.0 0.0 0.0 0.0 0.0 0.0 0.0 0.0 0.0 0.0 0.064 0.936 0.936 0.936 1.0 0.137 0.038 0.040
0.0 1.0 0.0 0.0 0.0 0.0 0.0 0.0 0.0 0.0 0.064 0.936 0.936 0.936 1.0 0.096 0.013 0.040
1.0 0.0 0.0 0.0 0.0 0.0 0.0 0.0 0.0 0.0 0.064 0.723 0.936 0.786 1.0 0.137 0.038 1.000
0.0 1.0 0.0 0.0 0.0 0.0 0.0 0.0 0.0 0.0 0.064 0.723 0.936 0.786 1.0 0.096 0.013 1.000
0.0 1.0 0.0 0.0 0.0 0.0 0.0 0.0 0.0 0.0 0.064 0.723 0.936 0.786 1.0 0.096 0.013 1.000
0.0 1.0 0.0 0.0 0.0 0.0 0.0 0.0 0.0 0.0 0.064 0.723 0.936 0.786 1.0 0.096 0.025 1.000
0.0 1.0 0.0 0.0 0.0 0.0 0.0 0.0 0.0 0.0 0.064 0.723 0.936 0.786 1.0 0.110 0.038 1.000
0.0 1.0 0.0 0.0 0.0 0.0 0.0 0.0 0.0 0.0 0.064 0.723 0.936 0.786 1.0 0.096 0.013 1.000
0.0 1.0 0.0 0.0 0.0 0.0 0.0 0.0 0.0 0.0 0.064 0.723 0.936 0.786 1.0 0.096 0.013 1.000
1.0 0.0 0.0 0.0 0.0 0.0 0.0 0.0 0.0 0.0 0.064 0.723 0.936 0.786 1.0 0.123 0.013 1.000
0.0 1.0 0.0 0.0 0.0 0.0 0.0 0.0 0.0 0.0 0.064 0.723 0.936 0.786 1.0 0.096 0.013 1.000
1.0 0.0 0.0 0.0 0.0 0.0 0.0 0.0 0.0 0.0 0.064 0.723 0.936 0.786 1.0 0.123 0.013 1.000
0.0 1.0 0.0 0.0 0.0 0.0 0.0 0.0 0.0 0.0 0.064 0.723 0.936 0.786 1.0 0.096 0.013 1.000
0.0 1.0 0.0 0.0 0.0 0.0 0.0 0.0 0.0 0.0 0.064 0.723 0.936 0.786 1.0 0.096 0.013 1.000
0.0 1.0 0.0 0.0 0.0 0.0 0.0 0.0 0.0 0.0 0.064 0.723 0.936 0.786 1.0 0.096 0.013 1.000
0.0 1.0 0.0 0.0 0.0 0.0 0.0 0.0 0.0 0.0 0.064 0.723 0.936 0.786 1.0 0.096 0.013 1.000
0.0 1.0 0.0 0.0 0.0 0.0 0.0 0.0 0.0 0.0 0.064 0.723 0.936 0.786 1.0 0.096 0.013 1.000
0.0 1.0 0.0 0.0 0.0 0.0 0.0 0.0 0.0 0.0 0.064 0.723 0.936 0.786 1.0 0.096 0.013 1.000
0.0 1.0 0.0 0.0 0.0 0.0 0.0 0.0 0.0 0.0 0.064 0.723 0.936 0.786 1.0 0.096 0.025 1.000
0.0 1.0 0.0 0.0 0.0 0.0 0.0 0.0 0.0 0.0 0.064 0.723 0.936 0.786 1.0 0.096 0.013 1.000
0.0 1.0 0.0 0.0 0.0 0.0 0.0 0.0 0.0 0.0 0.064 0.723 0.936 0.786 2.0 0.096 0.025 1.000
1.0 0.0 0.0 0.0 0.0 0.0 0.0 0.0 0.0 0.0 0.064 0.723 0.936 0.786 1.0 0.123 0.025 1.000
1.0 0.0 0.0 0.0 0.0 0.0 0.0 0.0 0.0 0.0 0.064 0.723 0.936 0.786 1.0 0.123 0.025 1.000
1.0 0.0 0.0 0.0 0.0 0.0 0.0 0.0 0.0 0.0 0.064 0.723 0.936 0.786 1.0 0.123 0.013 1.000
1.0 0.0 0.0 0.0 0.0 0.0 0.0 0.0 0.0 0.0 0.064 0.723 0.936 0.786 1.0 0.123 0.013 1.000
1.0 0.0 0.0 0.0 0.0 0.0 0.0 0.0 0.0 0.0 0.064 0.723 0.936 0.786 1.0 0.123 0.013 1.000
1.0 0.0 0.0 0.0 0.0 0.0 0.0 0.0 0.0 0.0 0.064 0.723 0.936 0.786 1.0 0.123 0.013 1.000
1.0 0.0 0.0 0.0 0.0 0.0 0.0 0.0 0.0 0.0 0.064 0.872 0.872 0.872 1.0 0.123 0.013 0.040
1.0 0.0 0.0 0.0 0.0 0.0 0.0 0.0 0.0 0.0 0.064 0.723 0.936 0.786 1.0 0.123 0.013 1.000
1.0 0.0 0.0 0.0 0.0 0.0 0.0 0.0 0.0 0.0 0.064 0.872 0.872 0.872 1.0 0.123 0.025 0.040
1.0 0.0 0.0 0.0 0.0 0.0 0.0 0.0 0.0 0.0 0.064 0.723 0.936 0.786 1.0 0.123 0.025 1.000
1.0 0.0 0.0 0.0 0.0 0.0 0.0 0.0 0.0 0.0 0.064 0.723 0.936 0.786 1.0 0.123 0.013 1.000
1.0 0.0 0.0 0.0 0.0 0.0 0.0 0.0 0.0 0.0 0.064 0.872 0.872 0.872 1.0 0.123 0.013 0.040
1.0 0.0 0.0 0.0 0.0 0.0 0.0 0.0 0.0 0.0 0.064 0.723 0.936 0.786 1.0 0.123 0.013 1.000
0.0 1.0 0.0 0.0 0.0 0.0 0.0 0.0 0.0 0.0 0.085 0.702 0.915 0.764 2.0 0.110 0.025 1.000
1.0 0.0 0.0 0.0 0.0 0.0 0.0 0.0 0.0 0.0 0.064 0.723 0.936 0.786 1.0 0.096 0.013 1.000
0.0 0.0 0.0 1.0 0.0 0.0 0.0 0.0 0.0 0.0 0.085 0.702 0.915 0.764 2.0 0.123 0.025 1.000
0.0 0.0 0.0 1.0 0.0 0.0 0.0 0.0 0.0 0.0 0.085 0.702 0.915 0.764 2.0 0.123 0.025 1.000
0.0 0.0 0.0 1.0 0.0 0.0 0.0 0.0 0.0 0.0 0.085 0.851 0.851 0.851 2.0 0.123 0.025 0.040
0.0 1.0 0.0 0.0 0.0 0.0 0.0 0.0 0.0 0.0 0.106 0.830 0.830 0.830 2.0 0.096 0.038 0.040
0.0 0.0 0.0 1.0 0.0 0.0 0.0 0.0 0.0 0.0 0.085 0.851 0.851 0.851 2.0 0.110 0.025 0.040
0.0 0.0 0.0 1.0 0.0 0.0 0.0 0.0 0.0 0.0 0.085 0.702 0.915 0.764 2.0 0.137 0.051 1.000
0.0 0.0 0.0 1.0 0.0 0.0 0.0 0.0 0.0 0.0 0.085 0.702 0.915 0.764 2.0 0.123 0.051 1.000
0.0 1.0 0.0 0.0 0.0 0.0 0.0 0.0 0.0 0.0 0.106 0.681 0.894 0.743 2.0 0.110 0.038 1.000
0.0 0.0 0.0 1.0 0.0 0.0 0.0 0.0 0.0 0.0 0.085 0.702 0.915 0.764 2.0 0.110 0.025 1.000
0.0 0.0 0.0 1.0 0.0 0.0 0.0 0.0 0.0 0.0 0.085 0.702 0.915 0.764 2.0 0.137 0.025 1.000
0.0 0.0 0.0 1.0 0.0 0.0 0.0 0.0 0.0 0.0 0.085 0.702 0.915 0.764 2.0 0.137 0.051 1.000
0.0 0.0 0.0 1.0 0.0 0.0 0.0 0.0 0.0 0.0 0.085 0.702 0.915 0.764 2.0 0.151 0.051 1.000
0.0 0.0 0.0 1.0 0.0 0.0 0.0 0.0 0.0 0.0 0.085 0.702 0.915 0.764 2.0 0.137 0.025 1.000
0.0 0.0 0.0 1.0 0.0 0.0 0.0 0.0 0.0 0.0 0.085 0.702 0.915 0.764 2.0 0.137 0.025 1.000
0.0 0.0 0.0 1.0 0.0 0.0 0.0 0.0 0.0 0.0 0.085 0.702 0.915 0.764 2.0 0.137 0.025 1.000
0.0 0.0 0.0 1.0 0.0 0.0 0.0 0.0 0.0 0.0 0.085 0.702 0.915 0.764 2.0 0.137 0.025 1.000
0.0 0.0 0.0 1.0 0.0 0.0 0.0 0.0 0.0 0.0 0.085 0.702 0.915 0.764 2.0 0.137 0.025 1.000
0.0 0.0 0.0 1.0 0.0 0.0 0.0 0.0 0.0 0.0 0.085 0.702 0.915 0.764 2.0 0.137 0.038 1.000
0.0 1.0 0.0 0.0 0.0 0.0 0.0 0.0 0.0 0.0 0.085 0.702 0.915 0.764 1.0 0.096 0.013 1.000
0.0 1.0 0.0 0.0 0.0 0.0 0.0 0.0 0.0 0.0 0.085 0.702 0.915 0.764 1.0 0.096 0.013 1.000
0.0 0.0 0.0 1.0 0.0 0.0 0.0 0.0 0.0 0.0 0.106 0.681 0.894 0.743 2.0 0.137 0.025 1.000
0.0 1.0 0.0 0.0 0.0 0.0 0.0 0.0 0.0 0.0 0.085 0.702 0.915 0.764 2.0 0.096 0.025 1.000
0.0 1.0 0.0 0.0 0.0 0.0 0.0 0.0 0.0 0.0 0.085 0.702 0.915 0.764 1.0 0.096 0.013 1.000
0.0 1.0 0.0 0.0 0.0 0.0 0.0 0.0 0.0 0.0 0.085 0.702 0.915 0.764 1.0 0.096 0.013 1.000
0.0 1.0 0.0 0.0 0.0 0.0 0.0 0.0 0.0 0.0 0.085 0.702 0.915 0.764 1.0 0.096 0.013 1.000
0.0 1.0 0.0 0.0 0.0 0.0 0.0 0.0 0.0 0.0 0.085 0.702 0.915 0.764 1.0 0.096 0.025 1.000
0.0 1.0 0.0 0.0 0.0 0.0 0.0 0.0 0.0 0.0 0.085 0.702 0.915 0.764 1.0 0.096 0.013 1.000
0.0 1.0 0.0 0.0 0.0 0.0 0.0 0.0 0.0 0.0 0.085 0.851 0.851 0.851 1.0 0.096 0.025 0.040
0.0 0.0 0.0 1.0 0.0 0.0 0.0 0.0 0.0 0.0 0.128 0.809 0.809 0.809 2.0 0.123 0.038 0.040
0.0 1.0 0.0 0.0 0.0 0.0 0.0 0.0 0.0 0.0 0.085 0.702 0.915 0.764 1.0 0.096 0.038 1.000
0.0 0.0 0.0 1.0 0.0 0.0 0.0 0.0 0.0 0.0 0.085 0.702 0.915 0.764 2.0 0.123 0.051 1.000
0.0 1.0 0.0 0.0 0.0 0.0 0.0 0.0 0.0 0.0 0.085 0.702 0.915 0.764 2.0 0.096 0.025 1.000
0.0 0.0 0.0 1.0 0.0 0.0 0.0 0.0 0.0 0.0 0.106 0.681 0.894 0.743 2.0 0.137 0.051 1.000
0.0 1.0 0.0 0.0 0.0 0.0 0.0 0.0 0.0 0.0 0.085 0.787 0.787 0.787 1.0 0.110 0.038 0.040
1.0 0.0 0.0 0.0 0.0 0.0 0.0 0.0 0.0 0.0 0.085 0.702 0.915 0.764 1.0 0.342 0.038 1.000
0.0 1.0 0.0 0.0 0.0 0.0 0.0 0.0 0.0 0.0 0.085 0.787 0.787 0.787 1.0 0.110 0.038 0.040
1.0 0.0 0.0 0.0 0.0 0.0 0.0 0.0 0.0 0.0 0.085 0.702 0.915 0.764 1.0 0.370 0.038 1.000
0.0 0.0 0.0 1.0 0.0 0.0 0.0 0.0 0.0 0.0 0.085 0.702 0.915 0.789 2.0 1.000 0.076 0.640
0.0 0.0 0.0 1.0 0.0 0.0 0.0 0.0 0.0 0.0 0.085 0.702 0.915 0.779 2.0 0.986 0.076 0.640
0.0 1.0 0.0 0.0 0.0 0.0 0.0 0.0 0.0 0.0 0.085 0.702 0.915 0.764 1.0 0.096 0.025 1.000
0.0 0.0 0.0 1.0 0.0 0.0 0.0 0.0 0.0 0.0 0.085 0.702 0.915 0.764 2.0 0.137 0.038 1.000
0.0 1.0 0.0 0.0 0.0 0.0 0.0 0.0 0.0 0.0 0.085 0.702 0.915 0.764 1.0 0.096 0.025 1.000
0.0 0.0 0.0 1.0 0.0 0.0 0.0 0.0 0.0 0.0 0.085 0.702 0.915 0.764 2.0 0.137 0.038 1.000
0.0 1.0 0.0 0.0 0.0 0.0 0.0 0.0 0.0 0.0 0.085 0.702 0.915 0.764 1.0 0.096 0.013 1.000
0.0 0.0 0.0 1.0 0.0 0.0 0.0 0.0 0.0 0.0 0.085 0.702 0.915 0.764 2.0 0.137 0.025 1.000
0.0 1.0 0.0 0.0 0.0 0.0 0.0 0.0 0.0 0.0 0.085 0.702 0.915 0.764 1.0 0.096 0.013 1.000
0.0 0.0 0.0 1.0 0.0 0.0 0.0 0.0 0.0 0.0 0.085 0.702 0.915 0.764 2.0 0.137 0.025 1.000
0.0 1.0 0.0 0.0 0.0 0.0 0.0 0.0 0.0 0.0 0.085 0.702 0.915 0.764 1.0 0.096 0.013 1.000
0.0 0.0 0.0 1.0 0.0 0.0 0.0 0.0 0.0 0.0 0.085 0.702 0.915 0.764 2.0 0.123 0.025 1.000
0.0 1.0 0.0 0.0 0.0 0.0 0.0 0.0 0.0 0.0 0.085 0.702 0.915 0.764 1.0 0.096 0.013 1.000
0.0 0.0 0.0 1.0 0.0 0.0 0.0 0.0 0.0 0.0 0.085 0.702 0.915 0.764 2.0 0.137 0.025 1.000
0.0 1.0 0.0 0.0 0.0 0.0 0.0 0.0 0.0 0.0 0.085 0.851 0.851 0.851 1.0 0.096 0.013 0.040
0.0 1.0 0.0 0.0 0.0 0.0 0.0 0.0 0.0 0.0 0.085 0.851 0.851 0.851 2.0 0.096 0.038 0.040
0.0 1.0 0.0 0.0 0.0 0.0 0.0 0.0 0.0 0.0 0.085 0.702 0.915 0.764 1.0 0.096 0.013 1.000
0.0 1.0 0.0 0.0 0.0 0.0 0.0 0.0 0.0 0.0 0.085 0.851 0.851 0.851 1.0 0.096 0.025 0.040
0.0 0.0 0.0 1.0 0.0 0.0 0.0 0.0 0.0 0.0 0.085 0.851 0.851 0.851 2.0 0.137 0.038 0.040
0.0 1.0 0.0 0.0 0.0 0.0 0.0 0.0 0.0 0.0 0.085 0.851 0.851 0.851 1.0 0.096 0.013 0.040
0.0 1.0 0.0 0.0 0.0 0.0 0.0 0.0 0.0 0.0 0.085 0.702 0.915 0.764 1.0 0.096 0.025 1.000
0.0 0.0 0.0 1.0 0.0 0.0 0.0 0.0 0.0 0.0 0.085 0.702 0.915 0.764 2.0 0.137 0.038 1.000
0.0 1.0 0.0 0.0 0.0 0.0 0.0 0.0 0.0 0.0 0.085 0.702 0.915 0.764 1.0 0.096 0.013 1.000
0.0 0.0 0.0 1.0 0.0 0.0 0.0 0.0 0.0 0.0 0.085 0.702 0.915 0.764 2.0 0.137 0.025 1.000
0.0 1.0 0.0 0.0 0.0 0.0 0.0 0.0 0.0 0.0 0.085 0.702 0.915 0.764 1.0 0.096 0.025 1.000
0.0 1.0 0.0 0.0 0.0 0.0 0.0 0.0 0.0 0.0 0.085 0.851 0.851 0.851 2.0 0.096 0.025 0.040
0.0 0.0 0.0 1.0 0.0 0.0 0.0 0.0 0.0 0.0 0.085 0.851 0.851 0.851 2.0 0.137 0.025 0.040
0.0 1.0 0.0 0.0 0.0 0.0 0.0 0.0 0.0 0.0 0.085 0.915 0.915 0.915 1.0 0.096 0.038 0.040
0.0 0.0 0.0 1.0 0.0 0.0 0.0 0.0 0.0 0.0 0.085 0.915 0.915 0.915 2.0 0.137 0.051 0.040
0.0 0.0 0.0 1.0 0.0 0.0 0.0 0.0 0.0 0.0 0.128 0.660 0.872 0.722 2.0 0.151 0.038 1.000
0.0 0.0 0.0 1.0 0.0 0.0 0.0 0.0 0.0 0.0 0.106 0.681 0.894 0.743 2.0 0.164 0.051 1.000
0.0 1.0 0.0 0.0 0.0 0.0 0.0 0.0 0.0 0.0 0.085 0.702 0.915 0.764 1.0 0.096 0.013 1.000
0.0 0.0 0.0 1.0 0.0 0.0 0.0 0.0 0.0 0.0 0.085 0.702 0.915 0.764 2.0 0.137 0.025 1.000
0.0 1.0 0.0 0.0 0.0 0.0 0.0 0.0 0.0 0.0 0.085 0.702 0.915 0.764 1.0 0.096 0.013 1.000
0.0 1.0 0.0 0.0 0.0 0.0 0.0 0.0 0.0 0.0 0.106 0.681 0.894 0.743 1.0 0.096 0.025 1.000
0.0 0.0 0.0 1.0 0.0 0.0 0.0 0.0 0.0 0.0 0.106 0.681 0.894 0.743 2.0 0.137 0.038 1.000
0.0 0.0 0.0 1.0 0.0 0.0 0.0 0.0 0.0 0.0 0.106 0.681 0.894 0.743 2.0 0.164 0.025 1.000
0.0 0.0 0.0 1.0 0.0 0.0 0.0 0.0 0.0 0.0 0.106 0.681 0.894 0.743 2.0 0.164 0.025 1.000
0.0 0.0 0.0 1.0 0.0 0.0 0.0 0.0 0.0 0.0 0.106 0.681 0.894 0.743 2.0 0.164 0.038 1.000
1.0 0.0 0.0 0.0 0.0 0.0 0.0 0.0 0.0 0.0 0.085 0.702 0.915 0.764 1.0 0.123 0.038 1.000
1.0 0.0 0.0 0.0 0.0 0.0 0.0 0.0 0.0 0.0 0.085 0.787 0.787 0.787 1.0 0.123 0.038 0.040
1.0 0.0 0.0 0.0 0.0 0.0 0.0 0.0 0.0 0.0 0.085 0.702 0.915 0.764 1.0 0.123 0.038 1.000
1.0 0.0 0.0 0.0 0.0 0.0 0.0 0.0 0.0 0.0 0.085 0.787 0.787 0.787 1.0 0.123 0.038 0.040
0.0 1.0 0.0 0.0 0.0 0.0 0.0 0.0 0.0 0.0 0.128 0.660 0.872 0.722 2.0 0.137 0.038 1.000
0.0 0.0 0.0 1.0 0.0 0.0 0.0 0.0 0.0 0.0 0.106 0.681 0.894 0.743 2.0 0.123 0.051 1.000
0.0 0.0 0.0 1.0 0.0 0.0 0.0 0.0 0.0 0.0 0.106 0.681 0.894 0.743 2.0 0.137 0.038 1.000
0.0 0.0 0.0 1.0 0.0 0.0 0.0 0.0 0.0 0.0 0.106 0.681 0.894 0.743 2.0 0.137 0.038 1.000
0.0 1.0 0.0 0.0 0.0 0.0 0.0 0.0 0.0 0.0 0.128 0.660 0.872 0.722 2.0 0.110 0.038 1.000
0.0 0.0 0.0 1.0 0.0 0.0 0.0 0.0 0.0 0.0 0.106 0.681 0.894 0.743 2.0 0.110 0.025 1.000
0.0 0.0 0.0 1.0 0.0 0.0 0.0 0.0 0.0 0.0 0.106 0.681 0.894 0.743 2.0 0.137 0.025 1.000
0.0 0.0 0.0 1.0 0.0 0.0 0.0 0.0 0.0 0.0 0.106 0.681 0.894 0.743 2.0 0.123 0.025 1.000
0.0 0.0 0.0 1.0 0.0 0.0 0.0 0.0 0.0 0.0 0.106 0.681 0.894 0.743 2.0 0.137 0.025 1.000
0.0 0.0 0.0 1.0 0.0 0.0 0.0 0.0 0.0 0.0 0.106 0.830 0.830 0.830 2.0 0.137 0.038 0.040
0.0 0.0 0.0 1.0 0.0 0.0 0.0 0.0 0.0 0.0 0.106 0.681 0.894 0.743 2.0 0.137 0.038 1.000
0.0 0.0 0.0 1.0 0.0 0.0 0.0 0.0 0.0 0.0 0.106 0.681 0.894 0.743 2.0 0.137 0.025 1.000
0.0 0.0 0.0 1.0 0.0 0.0 0.0 0.0 0.0 0.0 0.106 0.830 0.830 0.830 2.0 0.137 0.038 0.040
0.0 1.0 0.0 0.0 0.0 0.0 0.0 0.0 0.0 0.0 0.149 0.787 0.787 0.787 1.0 0.123 0.038 0.040
0.0 0.0 0.0 1.0 0.0 0.0 0.0 0.0 0.0 0.0 0.106 0.894 0.894 0.894 2.0 0.137 0.051 0.040
0.0 0.0 0.0 1.0 0.0 0.0 0.0 0.0 0.0 0.0 0.106 0.681 0.894 0.743 2.0 0.137 0.025 1.000
0.0 0.0 0.0 1.0 0.0 0.0 0.0 0.0 0.0 0.0 0.128 0.660 0.872 0.722 2.0 0.137 0.038 1.000
0.0 1.0 0.0 0.0 0.0 0.0 0.0 0.0 0.0 0.0 0.128 0.660 0.872 0.722 1.0 0.123 0.051 1.000
0.0 0.0 0.0 1.0 0.0 0.0 0.0 0.0 0.0 0.0 0.128 0.660 0.872 0.722 2.0 0.137 0.051 1.000
0.0 0.0 0.0 1.0 0.0 0.0 0.0 0.0 0.0 0.0 0.128 0.660 0.872 0.722 2.0 0.137 0.051 1.000
0.0 1.0 0.0 0.0 0.0 0.0 0.0 0.0 0.0 0.0 0.128 0.660 0.872 0.722 1.0 0.110 0.038 1.000
0.0 1.0 0.0 0.0 0.0 0.0 0.0 0.0 0.0 0.0 0.106 0.766 0.766 0.766 1.0 0.096 0.038 0.040
0.0 1.0 0.0 0.0 0.0 0.0 0.0 0.0 0.0 0.0 0.106 0.681 0.894 0.743 1.0 0.096 0.038 1.000
0.0 1.0 0.0 0.0 0.0 0.0 0.0 0.0 0.0 0.0 0.106 0.766 0.766 0.766 1.0 0.096 0.038 0.040
0.0 1.0 0.0 0.0 0.0 0.0 0.0 0.0 0.0 0.0 0.106 0.681 0.894 0.743 1.0 0.096 0.038 1.000
0.0 0.0 0.0 1.0 0.0 0.0 0.0 0.0 0.0 0.0 0.128 0.660 0.872 0.722 2.0 0.164 0.038 1.000
0.0 0.0 0.0 1.0 0.0 0.0 0.0 0.0 0.0 0.0 0.128 0.660 0.872 0.722 2.0 0.164 0.038 1.000
0.0 0.0 0.0 1.0 0.0 0.0 0.0 0.0 0.0 0.0 0.149 0.638 0.851 0.700 2.0 0.151 0.038 1.000
0.0 0.0 0.0 1.0 0.0 0.0 0.0 0.0 0.0 0.0 0.128 0.660 0.872 0.722 2.0 0.164 0.025 1.000
0.0 1.0 0.0 0.0 0.0 0.0 0.0 0.0 0.0 0.0 0.149 0.638 0.851 0.700 2.0 0.123 0.038 1.000
0.0 0.0 0.0 1.0 0.0 0.0 0.0 0.0 0.0 0.0 0.128 0.660 0.872 0.722 2.0 0.137 0.025 1.000
0.0 0.0 0.0 1.0 0.0 0.0 0.0 0.0 0.0 0.0 0.128 0.660 0.872 0.722 2.0 0.164 0.025 1.000
0.0 0.0 0.0 1.0 0.0 0.0 0.0 0.0 0.0 0.0 0.128 0.809 0.809 0.809 2.0 0.164 0.038 0.040
0.0 0.0 0.0 1.0 0.0 0.0 0.0 0.0 0.0 0.0 0.128 0.660 0.872 0.722 2.0 0.164 0.038 1.000
0.0 0.0 0.0 1.0 0.0 0.0 0.0 0.0 0.0 0.0 0.128 0.660 0.872 0.722 2.0 0.164 0.025 1.000
0.0 0.0 0.0 1.0 0.0 0.0 0.0 0.0 0.0 0.0 0.128 0.809 0.809 0.809 2.0 0.164 0.038 0.040
0.0 0.0 0.0 1.0 0.0 0.0 0.0 0.0 0.0 0.0 0.128 0.872 0.872 0.872 2.0 0.164 0.051 0.040
0.0 1.0 0.0 0.0 0.0 0.0 0.0 0.0 0.0 0.0 0.149 0.638 0.851 0.700 1.0 0.110 0.038 1.000
0.0 0.0 0.0 1.0 0.0 0.0 0.0 0.0 0.0 0.0 0.149 0.638 0.851 0.700 2.0 0.151 0.063 1.000
0.0 1.0 0.0 0.0 0.0 0.0 0.0 0.0 0.0 0.0 0.128 0.660 0.872 0.722 1.0 0.110 0.051 1.000
0.0 0.0 0.0 1.0 0.0 0.0 0.0 0.0 0.0 0.0 0.128 0.660 0.872 0.722 2.0 0.151 0.063 1.000
0.0 0.0 0.0 1.0 0.0 0.0 0.0 0.0 0.0 0.0 0.128 0.660 0.872 0.722 2.0 0.164 0.025 1.000
0.0 0.0 0.0 1.0 0.0 0.0 0.0 0.0 0.0 0.0 0.149 0.638 0.851 0.700 2.0 0.164 0.038 1.000
0.0 1.0 0.0 0.0 0.0 0.0 0.0 0.0 0.0 0.0 0.128 0.660 0.872 0.722 1.0 0.110 0.025 1.000
0.0 0.0 0.0 1.0 0.0 0.0 0.0 0.0 0.0 0.0 0.128 0.660 0.872 0.722 2.0 0.151 0.038 1.000
0.0 1.0 0.0 0.0 0.0 0.0 0.0 0.0 0.0 0.0 0.128 0.660 0.872 0.722 1.0 0.110 0.025 1.000
0.0 0.0 0.0 1.0 0.0 0.0 0.0 0.0 0.0 0.0 0.128 0.660 0.872 0.722 2.0 0.151 0.051 1.000
0.0 1.0 0.0 0.0 0.0 0.0 0.0 0.0 0.0 0.0 0.170 0.766 0.766 0.766 1.0 0.096 0.038 0.040
0.0 0.0 0.0 1.0 0.0 0.0 0.0 0.0 0.0 0.0 0.149 0.638 0.851 0.700 2.0 0.123 0.051 1.000
0.0 1.0 0.0 0.0 0.0 0.0 0.0 0.0 0.0 0.0 0.149 0.638 0.851 0.700 1.0 0.096 0.051 1.000
1.0 0.0 0.0 0.0 0.0 0.0 0.0 0.0 0.0 0.0 0.149 0.638 0.851 0.700 1.0 0.123 0.038 1.000
1.0 0.0 0.0 0.0 0.0 0.0 0.0 0.0 0.0 0.0 0.149 0.830 0.830 0.830 1.0 0.123 0.038 0.040
0.0 0.0 0.0 1.0 0.0 0.0 0.0 0.0 0.0 0.0 0.170 0.617 0.830 0.679 2.0 0.137 0.063 1.000
0.0 0.0 0.0 1.0 0.0 0.0 0.0 0.0 0.0 0.0 0.149 0.638 0.851 0.700 2.0 0.137 0.063 1.000
0.0 0.0 0.0 1.0 0.0 0.0 0.0 0.0 0.0 0.0 0.149 0.638 0.851 0.700 2.0 0.137 0.038 1.000
0.0 0.0 0.0 1.0 0.0 0.0 0.0 0.0 0.0 0.0 0.149 0.638 0.851 0.700 2.0 0.137 0.051 1.000
0.0 1.0 0.0 0.0 0.0 0.0 0.0 0.0 0.0 0.0 0.149 0.638 0.851 0.700 1.0 0.123 0.051 1.000
0.0 0.0 0.0 1.0 0.0 0.0 0.0 0.0 0.0 0.0 0.149 0.638 0.851 0.700 2.0 0.137 0.051 1.000
0.0 1.0 0.0 0.0 0.0 0.0 0.0 0.0 0.0 0.0 0.149 0.638 0.851 0.700 1.0 0.110 0.038 1.000
0.0 0.0 0.0 1.0 0.0 0.0 0.0 0.0 0.0 0.0 0.149 0.638 0.851 0.700 2.0 0.151 0.051 1.000
0.0 1.0 0.0 0.0 0.0 0.0 0.0 0.0 0.0 0.0 0.149 0.638 0.851 0.700 2.0 0.110 0.051 1.000
0.0 0.0 0.0 1.0 0.0 0.0 0.0 0.0 0.0 0.0 0.170 0.617 0.830 0.679 2.0 0.151 0.063 1.000
0.0 1.0 0.0 0.0 0.0 0.0 0.0 0.0 0.0 0.0 0.170 0.617 0.830 0.679 1.0 0.110 0.038 1.000
0.0 0.0 0.0 1.0 0.0 0.0 0.0 0.0 0.0 0.0 0.149 0.638 0.851 0.700 2.0 0.137 0.038 1.000
0.0 1.0 0.0 0.0 0.0 0.0 0.0 0.0 0.0 0.0 0.149 0.638 0.851 0.700 1.0 0.110 0.025 1.000
0.0 0.0 0.0 1.0 0.0 0.0 0.0 0.0 0.0 0.0 0.149 0.638 0.851 0.700 2.0 0.137 0.038 1.000
0.0 1.0 0.0 0.0 0.0 0.0 0.0 0.0 0.0 0.0 0.149 0.638 0.851 0.700 1.0 0.110 0.025 1.000
0.0 0.0 0.0 1.0 0.0 0.0 0.0 0.0 0.0 0.0 0.170 0.617 0.830 0.679 2.0 0.151 0.051 1.000
0.0 1.0 0.0 0.0 0.0 0.0 0.0 0.0 0.0 0.0 0.170 0.617 0.830 0.679 1.0 0.096 0.038 1.000
0.0 0.0 0.0 1.0 0.0 0.0 0.0 0.0 0.0 0.0 0.149 0.638 0.851 0.700 2.0 0.137 0.051 1.000
0.0 1.0 0.0 0.0 0.0 0.0 0.0 0.0 0.0 0.0 0.149 0.638 0.851 0.700 2.0 0.110 0.051 1.000
0.0 0.0 0.0 1.0 0.0 0.0 0.0 0.0 0.0 0.0 0.149 0.787 0.787 0.787 2.0 0.137 0.063 0.040
0.0 1.0 0.0 0.0 0.0 0.0 0.0 0.0 0.0 0.0 0.149 0.787 0.787 0.787 1.0 0.110 0.038 0.040
0.0 1.0 0.0 0.0 0.0 0.0 0.0 0.0 0.0 0.0 0.149 0.851 0.851 0.851 2.0 0.110 0.063 0.040
0.0 0.0 0.0 1.0 0.0 0.0 0.0 0.0 0.0 0.0 0.170 0.617 0.830 0.679 2.0 0.137 0.063 1.000
0.0 1.0 0.0 0.0 0.0 0.0 0.0 0.0 0.0 0.0 0.170 0.617 0.830 0.679 1.0 0.110 0.038 1.000
0.0 0.0 0.0 1.0 0.0 0.0 0.0 0.0 0.0 0.0 0.170 0.617 0.830 0.679 2.0 0.137 0.051 1.000
0.0 1.0 0.0 0.0 0.0 0.0 0.0 0.0 0.0 0.0 0.149 0.787 0.787 0.787 1.0 0.110 0.038 0.040
0.0 0.0 0.0 1.0 0.0 0.0 0.0 0.0 0.0 0.0 0.149 0.787 0.787 0.787 2.0 0.151 0.051 0.040
0.0 1.0 0.0 0.0 0.0 0.0 0.0 0.0 0.0 0.0 0.149 0.638 0.851 0.700 1.0 0.110 0.025 1.000
0.0 0.0 0.0 1.0 0.0 0.0 0.0 0.0 0.0 0.0 0.149 0.638 0.851 0.700 2.0 0.151 0.051 1.000
0.0 0.0 0.0 1.0 0.0 0.0 0.0 0.0 0.0 0.0 0.191 0.596 0.809 0.658 2.0 0.164 0.063 1.000
0.0 1.0 0.0 0.0 0.0 0.0 0.0 0.0 0.0 0.0 0.149 0.638 0.851 0.700 1.0 0.110 0.025 1.000
0.0 1.0 0.0 0.0 0.0 0.0 0.0 0.0 0.0 0.0 0.170 0.617 0.830 0.679 2.0 0.110 0.051 1.000
0.0 0.0 0.0 1.0 0.0 0.0 0.0 0.0 0.0 0.0 0.149 0.638 0.851 0.700 2.0 0.123 0.038 1.000
0.0 0.0 0.0 1.0 0.0 0.0 0.0 0.0 0.0 0.0 0.170 0.617 0.830 0.679 2.0 0.164 0.063 1.000
0.0 0.0 0.0 1.0 0.0 0.0 0.0 0.0 0.0 0.0 0.170 0.617 0.830 0.679 2.0 0.164 0.051 1.000
0.0 0.0 0.0 1.0 0.0 0.0 0.0 0.0 0.0 0.0 0.170 0.617 0.830 0.679 2.0 0.164 0.038 1.000
0.0 0.0 0.0 1.0 0.0 0.0 0.0 0.0 0.0 0.0 0.170 0.617 0.830 0.679 2.0 0.123 0.051 1.000
0.0 0.0 0.0 1.0 0.0 0.0 0.0 0.0 0.0 0.0 0.170 0.617 0.830 0.679 2.0 0.137 0.063 1.000
0.0 0.0 0.0 1.0 0.0 0.0 0.0 0.0 0.0 0.0 0.191 0.596 0.809 0.658 2.0 0.137 0.051 1.000
0.0 1.0 0.0 0.0 0.0 0.0 0.0 0.0 0.0 0.0 0.170 0.809 0.809 0.809 1.0 0.096 0.038 0.040
0.0 1.0 0.0 0.0 0.0 0.0 0.0 0.0 0.0 0.0 0.170 0.617 0.830 0.679 1.0 0.096 0.038 1.000
0.0 1.0 0.0 0.0 0.0 0.0 0.0 0.0 0.0 0.0 0.191 0.596 0.809 0.658 2.0 0.096 0.051 1.000
0.0 0.0 0.0 1.0 0.0 0.0 0.0 0.0 0.0 0.0 0.170 0.617 0.830 0.679 2.0 0.110 0.038 1.000
0.0 0.0 0.0 1.0 0.0 0.0 0.0 0.0 0.0 0.0 0.170 0.617 0.830 0.679 2.0 0.123 0.038 1.000
0.0 1.0 0.0 0.0 0.0 0.0 0.0 0.0 0.0 0.0 0.213 0.574 0.787 0.637 2.0 0.123 0.063 1.000
0.0 0.0 0.0 1.0 0.0 0.0 0.0 0.0 0.0 0.0 0.191 0.596 0.809 0.658 2.0 0.110 0.051 1.000
0.0 0.0 0.0 1.0 0.0 0.0 0.0 0.0 0.0 0.0 0.170 0.617 0.830 0.679 2.0 0.123 0.063 1.000
0.0 0.0 0.0 1.0 0.0 0.0 0.0 0.0 0.0 0.0 0.170 0.766 0.766 0.766 2.0 0.123 0.063 0.040
0.0 0.0 0.0 1.0 0.0 0.0 0.0 0.0 0.0 0.0 0.191 0.596 0.809 0.658 2.0 0.123 0.051 1.000
0.0 1.0 0.0 0.0 0.0 0.0 0.0 0.0 0.0 0.0 0.170 0.617 0.830 0.679 2.0 0.096 0.063 1.000
0.0 0.0 0.0 1.0 0.0 0.0 0.0 0.0 0.0 0.0 0.170 0.766 0.766 0.766 2.0 0.137 0.051 0.040
0.0 0.0 0.0 1.0 0.0 0.0 0.0 0.0 0.0 0.0 0.170 0.617 0.830 0.679 2.0 0.137 0.051 1.000
0.0 0.0 0.0 1.0 0.0 0.0 0.0 0.0 0.0 0.0 0.170 0.617 0.830 0.679 2.0 0.137 0.038 1.000
0.0 1.0 0.0 0.0 0.0 0.0 0.0 0.0 0.0 0.0 0.191 0.596 0.809 0.658 1.0 0.123 0.051 1.000
0.0 0.0 0.0 1.0 0.0 0.0 0.0 0.0 0.0 0.0 0.191 0.596 0.809 0.658 2.0 0.137 0.051 1.000
0.0 0.0 0.0 1.0 0.0 0.0 0.0 0.0 0.0 0.0 0.191 0.596 0.809 0.658 2.0 0.178 0.063 1.000
0.0 0.0 0.0 1.0 0.0 0.0 0.0 0.0 0.0 0.0 0.213 0.574 0.787 0.637 2.0 0.178 0.063 1.000
0.0 0.0 0.0 1.0 0.0 0.0 0.0 0.0 0.0 0.0 0.213 0.574 0.787 0.637 2.0 0.123 0.051 1.000
0.0 0.0 0.0 1.0 0.0 0.0 0.0 0.0 0.0 0.0 0.191 0.596 0.809 0.658 2.0 0.137 0.038 1.000
0.0 0.0 0.0 1.0 0.0 0.0 0.0 0.0 0.0 0.0 0.234 0.553 0.766 0.615 2.0 0.192 0.063 1.000
0.0 0.0 0.0 1.0 0.0 0.0 0.0 0.0 0.0 0.0 0.191 0.596 0.809 0.658 2.0 0.151 0.063 1.000
0.0 1.0 0.0 0.0 0.0 0.0 0.0 0.0 0.0 0.0 0.213 0.723 0.723 0.723 2.0 0.096 0.076 0.040
0.0 0.0 0.0 1.0 0.0 0.0 0.0 0.0 0.0 0.0 0.191 0.745 0.745 0.745 2.0 0.123 0.063 0.040
0.0 1.0 0.0 0.0 0.0 0.0 0.0 0.0 0.0 0.0 0.213 0.574 0.787 0.637 1.0 0.110 0.063 1.000
0.0 0.0 0.0 1.0 0.0 0.0 0.0 0.0 0.0 0.0 0.213 0.574 0.787 0.637 2.0 0.137 0.063 1.000
0.0 1.0 0.0 0.0 0.0 0.0 0.0 0.0 0.0 0.0 0.191 0.596 0.809 0.658 2.0 0.110 0.076 1.000
0.0 1.0 0.0 0.0 0.0 0.0 0.0 0.0 0.0 0.0 0.191 0.596 0.809 0.658 1.0 0.110 0.051 1.000
0.0 1.0 0.0 0.0 0.0 0.0 0.0 0.0 0.0 0.0 0.191 0.596 0.809 0.658 2.0 0.110 0.051 1.000
0.0 0.0 0.0 1.0 0.0 0.0 0.0 0.0 0.0 0.0 0.191 0.596 0.809 0.658 2.0 0.164 0.051 1.000
0.0 0.0 0.0 1.0 0.0 0.0 0.0 0.0 0.0 0.0 0.191 0.745 0.745 0.745 2.0 0.164 0.051 0.040
0.0 0.0 0.0 1.0 0.0 0.0 0.0 0.0 0.0 0.0 0.191 0.596 0.809 0.658 2.0 0.151 0.051 1.000
0.0 1.0 0.0 0.0 0.0 0.0 0.0 0.0 0.0 0.0 0.213 0.574 0.787 0.637 2.0 0.137 0.063 1.000
0.0 1.0 0.0 0.0 0.0 0.0 0.0 0.0 0.0 0.0 0.213 0.574 0.787 0.637 1.0 0.137 0.038 1.000
0.0 1.0 0.0 0.0 0.0 0.0 0.0 0.0 0.0 0.0 0.213 0.574 0.787 0.637 1.0 0.178 0.063 1.000
0.0 1.0 0.0 0.0 0.0 0.0 0.0 0.0 0.0 0.0 0.234 0.553 0.766 0.615 1.0 0.137 0.051 1.000
0.0 0.0 0.0 1.0 0.0 0.0 0.0 0.0 0.0 0.0 0.213 0.574 0.787 0.637 2.0 0.151 0.089 1.000
0.0 1.0 0.0 0.0 0.0 0.0 0.0 0.0 0.0 0.0 0.234 0.553 0.766 0.615 2.0 0.110 0.114 1.000
0.0 0.0 0.0 1.0 0.0 0.0 0.0 0.0 0.0 0.0 0.213 0.574 0.787 0.637 2.0 0.123 0.101 1.000
0.0 1.0 0.0 0.0 0.0 0.0 0.0 0.0 0.0 0.0 0.213 0.574 0.787 0.637 1.0 0.096 0.051 1.000
0.0 1.0 0.0 0.0 0.0 0.0 0.0 0.0 0.0 0.0 0.234 0.702 0.702 0.702 1.0 0.110 0.076 0.040
0.0 1.0 0.0 0.0 0.0 0.0 0.0 0.0 0.0 0.0 0.234 0.553 0.766 0.615 1.0 0.123 0.063 1.000
0.0 1.0 0.0 0.0 0.0 0.0 0.0 0.0 0.0 0.0 0.277 0.511 0.723 0.573 2.0 0.123 0.076 1.000
1.0 0.0 0.0 0.0 0.0 0.0 0.0 0.0 0.0 0.0 0.255 0.532 0.745 0.594 1.0 0.123 0.063 1.000
0.0 1.0 0.0 0.0 0.0 0.0 0.0 0.0 0.0 0.0 0.213 0.574 0.787 0.637 1.0 0.110 0.051 1.000
0.0 1.0 0.0 0.0 0.0 0.0 0.0 0.0 0.0 0.0 0.213 0.723 0.723 0.723 1.0 0.110 0.051 0.040
0.0 0.0 0.0 1.0 0.0 0.0 0.0 0.0 0.0 0.0 0.213 0.574 0.787 0.637 2.0 0.151 0.127 1.000
0.0 1.0 0.0 0.0 0.0 0.0 0.0 0.0 0.0 0.0 0.213 0.574 0.787 0.637 1.0 0.110 0.051 1.000
0.0 0.0 0.0 1.0 0.0 0.0 0.0 0.0 0.0 0.0 0.255 0.532 0.745 0.594 2.0 0.151 0.114 1.000
1.0 0.0 0.0 0.0 0.0 0.0 0.0 0.0 0.0 0.0 0.234 0.553 0.766 0.615 1.0 0.137 0.063 1.000
1.0 0.0 0.0 0.0 0.0 0.0 0.0 0.0 0.0 0.0 0.234 0.745 0.745 0.745 1.0 0.137 0.063 0.040
1.0 0.0 0.0 0.0 0.0 0.0 0.0 0.0 0.0 0.0 0.255 0.681 0.681 0.681 1.0 0.151 0.063 0.040
1.0 0.0 0.0 0.0 0.0 0.0 0.0 0.0 0.0 0.0 0.255 0.532 0.745 0.594 1.0 0.151 0.063 1.000
1.0 0.0 0.0 0.0 0.0 0.0 0.0 0.0 0.0 0.0 0.213 0.723 0.723 0.723 1.0 0.137 0.063 0.040
1.0 0.0 0.0 0.0 0.0 0.0 0.0 0.0 0.0 0.0 0.213 0.574 0.787 0.637 1.0 0.137 0.063 1.000
1.0 0.0 0.0 0.0 0.0 0.0 0.0 0.0 0.0 0.0 0.234 0.553 0.766 0.615 1.0 0.151 0.063 1.000
1.0 0.0 0.0 0.0 0.0 0.0 0.0 0.0 0.0 0.0 0.234 0.553 0.766 0.615 1.0 0.137 0.038 1.000
0.0 1.0 0.0 0.0 0.0 0.0 0.0 0.0 0.0 0.0 0.255 0.681 0.681 0.681 1.0 0.096 0.076 0.040
0.0 0.0 0.0 1.0 0.0 0.0 0.0 0.0 0.0 0.0 0.234 0.553 0.766 0.615 2.0 0.151 0.114 1.000
0.0 0.0 0.0 1.0 0.0 0.0 0.0 0.0 0.0 0.0 0.255 0.532 0.745 0.594 2.0 0.137 0.114 1.000
0.0 1.0 0.0 0.0 0.0 0.0 0.0 0.0 0.0 0.0 0.255 0.532 0.745 0.594 1.0 0.096 0.063 1.000
1.0 0.0 0.0 0.0 0.0 0.0 0.0 0.0 0.0 0.0 0.255 0.745 0.745 0.745 1.0 0.123 0.051 0.040
1.0 0.0 0.0 0.0 0.0 0.0 0.0 0.0 0.0 0.0 0.255 0.532 0.745 0.594 1.0 0.123 0.051 1.000
1.0 0.0 0.0 0.0 0.0 0.0 0.0 0.0 0.0 0.0 0.234 0.553 0.766 0.615 1.0 0.123 0.063 1.000
1.0 0.0 0.0 0.0 0.0 0.0 0.0 0.0 0.0 0.0 0.234 0.745 0.745 0.745 1.0 0.123 0.063 0.040
1.0 0.0 0.0 0.0 0.0 0.0 0.0 0.0 0.0 0.0 0.234 0.702 0.702 0.702 1.0 0.123 0.038 0.040
1.0 0.0 0.0 0.0 0.0 0.0 0.0 0.0 0.0 0.0 0.234 0.766 0.766 0.766 1.0 0.137 0.063 0.040
1.0 0.0 0.0 0.0 0.0 0.0 0.0 0.0 0.0 0.0 0.234 0.553 0.766 0.615 1.0 0.137 0.063 1.000
0.0 0.0 0.0 1.0 0.0 0.0 0.0 0.0 0.0 0.0 0.277 0.511 0.723 0.573 2.0 0.151 0.152 1.000
0.0 1.0 0.0 0.0 0.0 0.0 0.0 0.0 0.0 0.0 0.277 0.511 0.723 0.573 1.0 0.110 0.114 1.000
0.0 1.0 0.0 0.0 0.0 0.0 0.0 0.0 0.0 0.0 0.255 0.532 0.745 0.594 1.0 0.096 0.063 1.000
0.0 1.0 0.0 0.0 0.0 0.0 0.0 0.0 0.0 0.0 0.255 0.723 0.723 0.723 1.0 0.096 0.063 0.040
0.0 0.0 0.0 1.0 0.0 0.0 0.0 0.0 0.0 0.0 0.277 0.660 0.660 0.660 2.0 0.137 0.076 0.040
0.0 1.0 0.0 0.0 0.0 0.0 0.0 0.0 0.0 0.0 0.277 0.660 0.660 0.660 1.0 0.096 0.063 0.040
0.0 0.0 0.0 1.0 0.0 0.0 0.0 0.0 0.0 0.0 0.277 0.511 0.723 0.573 2.0 0.137 0.076 1.000
0.0 1.0 0.0 0.0 0.0 0.0 0.0 0.0 0.0 0.0 0.277 0.511 0.723 0.573 2.0 0.096 0.076 1.000
0.0 1.0 0.0 0.0 0.0 0.0 0.0 0.0 0.0 0.0 0.234 0.702 0.702 0.702 2.0 0.096 0.076 0.040
0.0 1.0 0.0 0.0 0.0 0.0 0.0 0.0 0.0 0.0 0.234 0.553 0.766 0.615 1.0 0.096 0.063 1.000
0.0 0.0 0.0 1.0 0.0 0.0 0.0 0.0 0.0 0.0 0.255 0.532 0.745 0.594 2.0 0.164 0.127 1.000
0.0 0.0 0.0 1.0 0.0 0.0 0.0 0.0 0.0 0.0 0.277 0.511 0.723 0.573 2.0 0.137 0.114 1.000
1.0 0.0 0.0 0.0 0.0 0.0 0.0 0.0 0.0 0.0 0.298 0.702 0.702 0.702 1.0 0.123 0.076 0.040
1.0 0.0 0.0 0.0 0.0 0.0 0.0 0.0 0.0 0.0 0.298 0.489 0.702 0.551 1.0 0.123 0.076 1.000
0.0 0.0 0.0 1.0 0.0 0.0 0.0 0.0 0.0 0.0 0.298 0.489 0.702 0.551 2.0 0.151 0.152 1.000
0.0 1.0 0.0 0.0 0.0 0.0 0.0 0.0 0.0 0.0 0.277 0.511 0.723 0.573 2.0 0.096 0.063 1.000
0.0 1.0 0.0 0.0 0.0 0.0 0.0 0.0 0.0 0.0 0.298 0.489 0.702 0.551 2.0 0.110 0.139 1.000
0.0 0.0 0.0 1.0 0.0 0.0 0.0 0.0 0.0 0.0 0.277 0.511 0.723 0.573 2.0 0.110 0.127 1.000
0.0 1.0 0.0 0.0 0.0 0.0 0.0 0.0 0.0 0.0 0.255 0.532 0.745 0.594 1.0 0.096 0.063 1.000
0.0 0.0 0.0 1.0 0.0 0.0 0.0 0.0 0.0 0.0 0.277 0.702 0.702 0.702 2.0 0.137 0.127 0.040
0.0 1.0 0.0 0.0 0.0 0.0 0.0 0.0 0.0 0.0 0.255 0.723 0.723 0.723 1.0 0.096 0.063 0.040
0.0 0.0 0.0 1.0 0.0 0.0 0.0 0.0 0.0 0.0 0.298 0.638 0.638 0.638 2.0 0.137 0.076 0.040
0.0 0.0 0.0 1.0 0.0 0.0 0.0 0.0 0.0 0.0 0.298 0.489 0.702 0.551 2.0 0.137 0.089 1.000
1.0 0.0 0.0 0.0 0.0 0.0 0.0 0.0 0.0 0.0 0.255 0.681 0.681 0.681 1.0 0.123 0.063 0.040
1.0 0.0 0.0 0.0 0.0 0.0 0.0 0.0 0.0 0.0 0.255 0.532 0.745 0.594 1.0 0.123 0.063 1.000
0.0 0.0 0.0 1.0 0.0 0.0 0.0 0.0 0.0 0.0 0.255 0.681 0.681 0.681 2.0 0.137 0.089 0.040
0.0 1.0 0.0 0.0 0.0 0.0 0.0 0.0 0.0 0.0 0.255 0.681 0.681 0.681 1.0 0.096 0.038 0.040
0.0 0.0 0.0 1.0 0.0 0.0 0.0 0.0 0.0 0.0 0.298 0.489 0.702 0.551 2.0 0.164 0.114 1.000
0.0 1.0 0.0 0.0 0.0 0.0 0.0 0.0 0.0 0.0 0.255 0.745 0.745 0.745 1.0 0.096 0.063 0.040
0.0 1.0 0.0 0.0 0.0 0.0 0.0 0.0 0.0 0.0 0.277 0.723 0.723 0.723 2.0 0.096 0.063 0.040
0.0 1.0 0.0 0.0 0.0 0.0 0.0 0.0 0.0 0.0 0.255 0.532 0.745 0.594 1.0 0.096 0.063 1.000
1.0 0.0 0.0 0.0 0.0 0.0 0.0 0.0 0.0 0.0 0.255 0.681 0.681 0.681 1.0 0.123 0.038 0.040
1.0 0.0 0.0 0.0 0.0 0.0 0.0 0.0 0.0 0.0 0.255 0.532 0.745 0.594 1.0 0.123 0.038 1.000
0.0 0.0 0.0 1.0 0.0 0.0 0.0 0.0 0.0 0.0 0.277 0.511 0.723 0.573 2.0 0.151 0.190 1.000
0.0 1.0 0.0 0.0 0.0 0.0 0.0 0.0 0.0 0.0 0.277 0.511 0.723 0.573 1.0 0.110 0.127 1.000
0.0 0.0 0.0 1.0 0.0 0.0 0.0 0.0 0.0 0.0 0.319 0.468 0.681 0.530 2.0 0.192 0.152 1.000
0.0 0.0 0.0 1.0 0.0 0.0 0.0 0.0 0.0 0.0 0.277 0.511 0.723 0.573 2.0 0.137 0.127 1.000
0.0 0.0 0.0 1.0 0.0 0.0 0.0 0.0 0.0 0.0 0.277 0.702 0.702 0.702 2.0 0.137 0.127 0.040
0.0 0.0 0.0 1.0 0.0 0.0 0.0 0.0 0.0 0.0 0.319 0.617 0.617 0.617 2.0 0.164 0.076 0.040
0.0 0.0 0.0 1.0 0.0 0.0 0.0 0.0 0.0 0.0 0.319 0.468 0.681 0.530 2.0 0.164 0.089 1.000
0.0 0.0 0.0 1.0 0.0 0.0 0.0 0.0 0.0 0.0 0.277 0.660 0.660 0.660 2.0 0.151 0.089 0.040
0.0 1.0 0.0 0.0 0.0 0.0 0.0 0.0 0.0 0.0 0.319 0.681 0.681 0.681 1.0 0.096 0.076 0.040
0.0 0.0 0.0 1.0 0.0 0.0 0.0 0.0 0.0 0.0 0.319 0.681 0.681 0.681 2.0 0.137 0.139 0.040
0.0 1.0 0.0 0.0 0.0 0.0 0.0 0.0 0.0 0.0 0.319 0.468 0.681 0.530 1.0 0.096 0.076 1.000
0.0 0.0 0.0 1.0 0.0 0.0 0.0 0.0 0.0 0.0 0.319 0.468 0.681 0.530 2.0 0.123 0.139 1.000
0.0 1.0 0.0 0.0 0.0 0.0 0.0 0.0 0.0 0.0 0.277 0.511 0.723 0.573 1.0 0.096 0.063 1.000
0.0 0.0 0.0 1.0 0.0 0.0 0.0 0.0 0.0 0.0 0.298 0.489 0.702 0.551 2.0 0.151 0.190 1.000
0.0 1.0 0.0 0.0 0.0 0.0 0.0 0.0 0.0 0.0 0.340 0.447 0.660 0.509 2.0 0.110 0.177 1.000
0.0 0.0 0.0 1.0 0.0 0.0 0.0 0.0 0.0 0.0 0.319 0.468 0.681 0.530 2.0 0.123 0.165 1.000
0.0 1.0 0.0 0.0 0.0 0.0 0.0 0.0 0.0 0.0 0.319 0.468 0.681 0.530 1.0 0.110 0.114 1.000
0.0 0.0 0.0 1.0 0.0 0.0 0.0 0.0 0.0 0.0 0.319 0.468 0.681 0.530 2.0 0.151 0.139 1.000
0.0 0.0 0.0 1.0 0.0 0.0 0.0 0.0 0.0 0.0 0.298 0.681 0.681 0.681 2.0 0.164 0.127 0.040
0.0 1.0 0.0 0.0 0.0 0.0 0.0 0.0 0.0 0.0 0.277 0.660 0.660 0.660 1.0 0.096 0.038 0.040
0.0 0.0 0.0 1.0 0.0 0.0 0.0 0.0 0.0 0.0 0.277 0.660 0.660 0.660 2.0 0.137 0.114 0.040
0.0 1.0 0.0 0.0 0.0 0.0 0.0 0.0 0.0 0.0 0.277 0.660 0.660 0.660 1.0 0.096 0.063 0.040
0.0 1.0 0.0 0.0 0.0 0.0 0.0 0.0 0.0 0.0 0.277 0.511 0.723 0.573 1.0 0.096 0.038 1.000
0.0 1.0 0.0 0.0 0.0 0.0 0.0 0.0 0.0 0.0 0.298 0.489 0.702 0.551 2.0 0.110 0.114 1.000
0.0 0.0 0.0 1.0 0.0 0.0 0.0 0.0 0.0 0.0 0.277 0.511 0.723 0.573 2.0 0.110 0.101 1.000
0.0 0.0 0.0 1.0 0.0 0.0 0.0 0.0 0.0 0.0 0.298 0.638 0.638 0.638 2.0 0.164 0.089 0.040
0.0 1.0 0.0 0.0 0.0 0.0 0.0 0.0 0.0 0.0 0.362 0.638 0.638 0.638 2.0 0.110 0.152 0.040
0.0 0.0 0.0 1.0 0.0 0.0 0.0 0.0 0.0 0.0 0.340 0.660 0.660 0.660 2.0 0.110 0.139 0.040
0.0 0.0 0.0 1.0 0.0 0.0 0.0 0.0 0.0 0.0 0.340 0.447 0.660 0.509 2.0 0.123 0.139 1.000
0.0 0.0 0.0 1.0 0.0 0.0 0.0 0.0 0.0 0.0 0.340 0.447 0.660 0.509 2.0 0.137 0.114 1.000
0.0 1.0 0.0 0.0 0.0 0.0 0.0 0.0 0.0 0.0 0.340 0.447 0.660 0.509 1.0 0.110 0.089 1.000
0.0 0.0 0.0 1.0 0.0 0.0 0.0 0.0 0.0 0.0 0.319 0.468 0.681 0.530 2.0 0.192 0.190 1.000
0.0 0.0 0.0 1.0 0.0 0.0 0.0 0.0 0.0 0.0 0.340 0.447 0.660 0.509 2.0 0.137 0.165 1.000
0.0 0.0 0.0 1.0 0.0 0.0 0.0 0.0 0.0 0.0 0.340 0.447 0.660 0.509 2.0 0.233 0.165 1.000
0.0 1.0 0.0 0.0 0.0 0.0 0.0 0.0 0.0 0.0 0.340 0.596 0.596 0.596 1.0 0.110 0.076 0.040
0.0 0.0 0.0 1.0 0.0 0.0 0.0 0.0 0.0 0.0 0.340 0.596 0.596 0.596 2.0 0.151 0.114 0.040
0.0 0.0 0.0 1.0 0.0 0.0 0.0 0.0 0.0 0.0 0.298 0.638 0.638 0.638 2.0 0.137 0.101 0.040
0.0 0.0 0.0 1.0 0.0 0.0 0.0 0.0 0.0 0.0 0.298 0.489 0.702 0.551 2.0 0.137 0.101 1.000
0.0 0.0 0.0 1.0 0.0 0.0 0.0 0.0 0.0 0.0 0.383 0.617 0.617 0.617 2.0 0.151 0.152 0.040
0.0 1.0 0.0 0.0 0.0 0.0 0.0 0.0 0.0 0.0 0.383 0.404 0.617 0.466 2.0 0.123 0.152 1.000
0.0 0.0 0.0 1.0 0.0 0.0 0.0 0.0 0.0 0.0 0.362 0.426 0.638 0.488 2.0 0.137 0.139 1.000
1.0 0.0 0.0 0.0 0.0 0.0 0.0 0.0 0.0 0.0 0.340 0.596 0.596 0.596 1.0 0.137 0.152 0.040
0.0 0.0 0.0 1.0 0.0 0.0 0.0 0.0 0.0 0.0 0.319 0.660 0.660 0.660 2.0 0.137 0.165 0.040
0.0 1.0 0.0 0.0 0.0 0.0 0.0 0.0 0.0 0.0 0.319 0.660 0.660 0.660 1.0 0.110 0.127 0.040
0.0 0.0 0.0 1.0 0.0 0.0 0.0 0.0 0.0 0.0 0.340 0.447 0.660 0.509 2.0 0.151 0.177 1.000
0.0 1.0 0.0 0.0 0.0 0.0 0.0 0.0 0.0 0.0 0.340 0.447 0.660 0.509 1.0 0.110 0.139 1.000
0.0 1.0 0.0 0.0 0.0 0.0 0.0 0.0 0.0 0.0 0.383 0.404 0.617 0.466 2.0 0.096 0.127 1.000
0.0 0.0 0.0 1.0 0.0 0.0 0.0 0.0 0.0 0.0 0.362 0.426 0.638 0.488 2.0 0.110 0.114 1.000
0.0 1.0 0.0 0.0 0.0 0.0 0.0 0.0 0.0 0.0 0.340 0.596 0.596 0.596 2.0 0.096 0.139 0.040
0.0 0.0 0.0 1.0 0.0 0.0 0.0 0.0 0.0 0.0 0.319 0.617 0.617 0.617 2.0 0.123 0.127 0.040
0.0 1.0 0.0 0.0 0.0 0.0 0.0 0.0 0.0 0.0 0.319 0.617 0.617 0.617 1.0 0.110 0.089 0.040
0.0 0.0 0.0 1.0 0.0 0.0 0.0 0.0 0.0 0.0 0.362 0.426 0.638 0.488 2.0 0.178 0.177 1.000
0.0 0.0 0.0 1.0 0.0 0.0 0.0 0.0 0.0 0.0 0.362 0.574 0.574 0.574 2.0 0.137 0.101 0.040
0.0 0.0 0.0 1.0 0.0 0.0 0.0 0.0 0.0 0.0 0.319 0.617 0.617 0.617 2.0 0.164 0.114 0.040
0.0 0.0 0.0 1.0 0.0 0.0 0.0 0.0 0.0 0.0 0.319 0.468 0.681 0.530 2.0 0.151 0.114 1.000
0.0 0.0 0.0 1.0 0.0 0.0 0.0 0.0 0.0 0.0 0.340 0.638 0.638 0.638 2.0 0.123 0.165 0.040
0.0 0.0 0.0 1.0 0.0 0.0 0.0 0.0 0.0 0.0 0.362 0.426 0.638 0.488 2.0 0.137 0.177 1.000
0.0 0.0 0.0 1.0 0.0 0.0 0.0 0.0 0.0 0.0 0.404 0.383 0.596 0.445 2.0 0.123 0.127 1.000
0.0 0.0 0.0 1.0 0.0 0.0 0.0 0.0 0.0 0.0 0.340 0.596 0.596 0.596 2.0 0.123 0.127 0.040
0.0 0.0 0.0 1.0 0.0 0.0 0.0 0.0 0.0 0.0 0.404 0.383 0.596 0.445 2.0 0.123 0.215 1.000
0.0 1.0 0.0 0.0 0.0 0.0 0.0 0.0 0.0 0.0 0.404 0.383 0.596 0.445 1.0 0.096 0.152 1.000
0.0 1.0 0.0 0.0 0.0 0.0 0.0 0.0 0.0 0.0 0.362 0.574 0.574 0.574 1.0 0.096 0.152 0.040
0.0 0.0 0.0 1.0 0.0 0.0 0.0 0.0 0.0 0.0 0.340 0.447 0.660 0.509 2.0 0.233 0.203 1.000
0.0 1.0 0.0 0.0 0.0 0.0 0.0 0.0 0.0 0.0 0.404 0.596 0.596 0.596 1.0 0.110 0.152 0.040
0.0 0.0 0.0 1.0 0.0 0.0 0.0 0.0 0.0 0.0 0.404 0.596 0.596 0.596 2.0 0.151 0.215 0.040
1.0 0.0 0.0 0.0 0.0 0.0 0.0 0.0 0.0 0.0 0.340 0.596 0.596 0.596 1.0 0.137 0.190 0.040
1.0 0.0 0.0 0.0 0.0 0.0 0.0 0.0 0.0 0.0 0.362 0.426 0.638 0.488 1.0 0.137 0.165 1.000
1.0 0.0 0.0 0.0 0.0 0.0 0.0 0.0 0.0 0.0 0.362 0.511 0.511 0.511 1.0 0.137 0.165 0.040
0.0 0.0 0.0 1.0 0.0 0.0 0.0 0.0 0.0 0.0 0.383 0.553 0.553 0.553 2.0 0.164 0.114 0.040
0.0 0.0 0.0 1.0 0.0 0.0 0.0 0.0 0.0 0.0 0.362 0.617 0.617 0.617 2.0 0.123 0.165 0.040
0.0 0.0 0.0 1.0 0.0 0.0 0.0 0.0 0.0 0.0 0.383 0.404 0.617 0.466 2.0 0.178 0.177 1.000
0.0 0.0 0.0 1.0 0.0 0.0 0.0 0.0 0.0 0.0 0.340 0.447 0.660 0.509 2.0 0.137 0.177 1.000
0.0 1.0 0.0 0.0 0.0 0.0 0.0 0.0 0.0 0.0 0.340 0.447 0.660 0.509 1.0 0.110 0.114 1.000
0.0 0.0 0.0 1.0 0.0 0.0 0.0 0.0 0.0 0.0 0.362 0.574 0.574 0.574 2.0 0.110 0.139 0.040
0.0 0.0 0.0 1.0 0.0 0.0 0.0 0.0 0.0 0.0 0.426 0.362 0.574 0.424 2.0 0.123 0.203 1.000
0.0 0.0 0.0 1.0 0.0 0.0 0.0 0.0 0.0 0.0 0.383 0.404 0.617 0.466 2.0 0.233 0.190 1.000
0.0 1.0 0.0 0.0 0.0 0.0 0.0 0.0 0.0 0.0 0.340 0.596 0.596 0.596 1.0 0.110 0.114 0.040
0.0 0.0 0.0 1.0 0.0 0.0 0.0 0.0 0.0 0.0 0.340 0.596 0.596 0.596 2.0 0.137 0.177 0.040
0.0 0.0 0.0 1.0 0.0 0.0 0.0 0.0 0.0 0.0 0.426 0.574 0.574 0.574 2.0 0.137 0.203 0.040
0.0 1.0 0.0 0.0 0.0 0.0 0.0 0.0 0.0 0.0 0.426 0.362 0.574 0.424 2.0 0.123 0.139 1.000
1.0 0.0 0.0 0.0 0.0 0.0 0.0 0.0 0.0 0.0 0.383 0.574 0.574 0.574 1.0 0.137 0.177 0.040
0.0 1.0 0.0 0.0 0.0 0.0 0.0 0.0 0.0 0.0 0.383 0.596 0.596 0.596 2.0 0.110 0.177 0.040
0.0 1.0 0.0 0.0 0.0 0.0 0.0 0.0 0.0 0.0 0.383 0.404 0.617 0.466 2.0 0.096 0.190 1.000
0.0 0.0 0.0 1.0 0.0 0.0 0.0 0.0 0.0 0.0 0.362 0.426 0.638 0.488 2.0 0.110 0.177 1.000
0.0 1.0 0.0 0.0 0.0 0.0 0.0 0.0 0.0 0.0 0.383 0.553 0.553 0.553 1.0 0.110 0.139 0.040
0.0 0.0 0.0 1.0 0.0 0.0 0.0 0.0 0.0 0.0 0.447 0.340 0.553 0.403 2.0 0.137 0.215 1.000
0.0 1.0 0.0 0.0 0.0 0.0 0.0 0.0 0.0 0.0 0.362 0.574 0.574 0.574 1.0 0.096 0.190 0.040
0.0 0.0 0.0 1.0 0.0 0.0 0.0 0.0 0.0 0.0 0.383 0.489 0.489 0.489 2.0 0.123 0.177 0.040
0.0 1.0 0.0 0.0 0.0 0.0 0.0 0.0 0.0 0.0 0.383 0.489 0.489 0.489 1.0 0.096 0.165 0.040
0.0 0.0 0.0 1.0 0.0 0.0 0.0 0.0 0.0 0.0 0.383 0.404 0.617 0.466 2.0 0.123 0.177 1.000
0.0 1.0 0.0 0.0 0.0 0.0 0.0 0.0 0.0 0.0 0.383 0.404 0.617 0.466 1.0 0.096 0.165 1.000
0.0 1.0 0.0 0.0 0.0 0.0 0.0 0.0 0.0 0.0 0.404 0.532 0.532 0.532 2.0 0.110 0.127 0.040
0.0 0.0 0.0 1.0 0.0 0.0 0.0 0.0 0.0 0.0 0.362 0.574 0.574 0.574 2.0 0.123 0.177 0.040
1.0 0.0 0.0 0.0 0.0 0.0 0.0 0.0 0.0 0.0 0.362 0.426 0.638 0.488 1.0 0.137 0.203 1.000
1.0 0.0 0.0 0.0 0.0 0.0 0.0 0.0 0.0 0.0 0.362 0.511 0.511 0.511 1.0 0.137 0.203 0.040
0.0 0.0 0.0 1.0 0.0 0.0 0.0 0.0 0.0 0.0 0.447 0.553 0.553 0.553 2.0 0.164 0.215 0.040
0.0 0.0 0.0 1.0 0.0 0.0 0.0 0.0 0.0 0.0 0.404 0.383 0.596 0.445 2.0 0.123 0.190 1.000
0.0 1.0 0.0 0.0 0.0 0.0 0.0 0.0 0.0 0.0 0.447 0.340 0.553 0.403 1.0 0.096 0.139 1.000
0.0 1.0 0.0 0.0 0.0 0.0 0.0 0.0 0.0 0.0 0.404 0.553 0.553 0.553 1.0 0.096 0.177 0.040
0.0 0.0 0.0 1.0 0.0 0.0 0.0 0.0 0.0 0.0 0.404 0.468 0.468 0.468 2.0 0.123 0.177 0.040
0.0 0.0 0.0 1.0 0.0 0.0 0.0 0.0 0.0 0.0 0.404 0.383 0.596 0.445 2.0 0.123 0.177 1.000
1.0 0.0 0.0 0.0 0.0 0.0 0.0 0.0 0.0 0.0 0.404 0.383 0.596 0.445 1.0 0.137 0.177 1.000
0.0 1.0 0.0 0.0 0.0 0.0 0.0 0.0 0.0 0.0 0.468 0.319 0.532 0.381 1.0 0.123 0.215 1.000
1.0 0.0 0.0 0.0 0.0 0.0 0.0 0.0 0.0 0.0 0.404 0.383 0.596 0.445 1.0 0.137 0.190 1.000
1.0 0.0 0.0 0.0 0.0 0.0 0.0 0.0 0.0 0.0 0.404 0.468 0.468 0.468 1.0 0.137 0.190 0.040
1.0 0.0 0.0 0.0 0.0 0.0 0.0 0.0 0.0 0.0 0.404 0.532 0.532 0.532 1.0 0.137 0.177 0.040
0.0 1.0 0.0 0.0 0.0 0.0 0.0 0.0 0.0 0.0 0.404 0.532 0.532 0.532 2.0 0.123 0.190 0.040
0.0 0.0 0.0 1.0 0.0 0.0 0.0 0.0 0.0 0.0 0.383 0.553 0.553 0.553 2.0 0.137 0.177 0.040
0.0 0.0 1.0 0.0 0.0 0.0 0.0 0.0 0.0 0.0 0.404 0.574 0.574 0.574 2.0 0.151 0.203 0.040
0.0 0.0 1.0 0.0 0.0 0.0 0.0 0.0 0.0 0.0 0.404 0.532 0.532 0.532 2.0 0.151 0.165 0.040
0.0 0.0 0.0 1.0 0.0 0.0 0.0 0.0 0.0 0.0 0.383 0.489 0.489 0.489 2.0 0.123 0.215 0.040
0.0 1.0 0.0 0.0 0.0 0.0 0.0 0.0 0.0 0.0 0.383 0.489 0.489 0.489 1.0 0.096 0.203 0.040
0.0 0.0 0.0 1.0 0.0 0.0 0.0 0.0 0.0 0.0 0.383 0.404 0.617 0.466 2.0 0.137 0.215 1.000
0.0 1.0 0.0 0.0 0.0 0.0 0.0 0.0 0.0 0.0 0.383 0.404 0.617 0.466 1.0 0.096 0.203 1.000
0.0 0.0 0.0 1.0 0.0 0.0 0.0 0.0 0.0 0.0 0.426 0.447 0.447 0.447 2.0 0.123 0.177 0.040
0.0 1.0 0.0 0.0 0.0 0.0 0.0 0.0 0.0 0.0 0.447 0.340 0.553 0.403 2.0 0.137 0.190 1.000
0.0 0.0 0.0 1.0 0.0 0.0 0.0 0.0 0.0 0.0 0.426 0.362 0.574 0.424 2.0 0.137 0.177 1.000
0.0 1.0 0.0 0.0 0.0 0.0 0.0 0.0 0.0 0.0 0.468 0.532 0.532 0.532 1.0 0.110 0.215 0.040
0.0 1.0 0.0 0.0 0.0 0.0 0.0 0.0 0.0 0.0 0.426 0.362 0.574 0.424 2.0 0.123 0.203 1.000
0.0 1.0 0.0 0.0 0.0 0.0 0.0 0.0 0.0 0.0 0.426 0.362 0.574 0.424 1.0 0.096 0.177 1.000
0.0 0.0 0.0 1.0 0.0 0.0 0.0 0.0 0.0 0.0 0.468 0.319 0.532 0.381 2.0 0.123 0.316 1.000
0.0 1.0 0.0 0.0 0.0 0.0 0.0 0.0 0.0 0.0 0.489 0.298 0.511 0.360 1.0 0.096 0.215 1.000
0.0 0.0 0.0 1.0 0.0 0.0 0.0 0.0 0.0 0.0 0.489 0.298 0.511 0.360 2.0 0.123 0.278 1.000
0.0 0.0 0.0 1.0 0.0 0.0 0.0 0.0 0.0 0.0 0.426 0.447 0.447 0.447 2.0 0.123 0.203 0.040
0.0 1.0 0.0 0.0 0.0 0.0 0.0 0.0 0.0 0.0 0.426 0.447 0.447 0.447 1.0 0.096 0.190 0.040
0.0 0.0 0.0 1.0 0.0 0.0 0.0 0.0 0.0 0.0 0.426 0.362 0.574 0.424 2.0 0.137 0.203 1.000
0.0 1.0 0.0 0.0 0.0 0.0 0.0 0.0 0.0 0.0 0.426 0.362 0.574 0.424 1.0 0.096 0.190 1.000
0.0 0.0 0.0 1.0 0.0 0.0 0.0 0.0 0.0 0.0 0.404 0.468 0.468 0.468 2.0 0.123 0.215 0.040
0.0 0.0 0.0 1.0 0.0 0.0 0.0 0.0 0.0 0.0 0.404 0.383 0.596 0.445 2.0 0.137 0.215 1.000
0.0 1.0 0.0 0.0 0.0 0.0 0.0 0.0 0.0 0.0 0.447 0.426 0.426 0.426 1.0 0.096 0.177 0.040
0.0 1.0 0.0 0.0 0.0 0.0 0.0 0.0 0.0 0.0 0.426 0.511 0.511 0.511 1.0 0.096 0.177 0.040
0.0 0.0 0.0 1.0 0.0 0.0 0.0 0.0 0.0 0.0 0.426 0.511 0.511 0.511 2.0 0.137 0.304 0.040
0.0 1.0 0.0 0.0 0.0 0.0 0.0 0.0 0.0 0.0 0.426 0.511 0.511 0.511 1.0 0.096 0.190 0.040
0.0 0.0 0.0 1.0 0.0 0.0 0.0 0.0 0.0 0.0 0.426 0.511 0.511 0.511 2.0 0.137 0.266 0.040
0.0 1.0 0.0 0.0 0.0 0.0 0.0 0.0 0.0 0.0 0.426 0.553 0.553 0.553 1.0 0.110 0.203 0.040
0.0 1.0 0.0 0.0 0.0 0.0 0.0 0.0 0.0 0.0 0.426 0.511 0.511 0.511 2.0 0.110 0.177 0.040
0.0 0.0 0.0 1.0 0.0 0.0 0.0 0.0 0.0 0.0 0.447 0.340 0.553 0.403 2.0 0.123 0.316 1.000
0.0 1.0 0.0 0.0 0.0 0.0 0.0 0.0 0.0 0.0 0.447 0.340 0.553 0.403 1.0 0.096 0.203 1.000
0.0 0.0 0.0 1.0 0.0 0.0 0.0 0.0 0.0 0.0 0.447 0.340 0.553 0.403 2.0 0.123 0.253 1.000
0.0 0.0 0.0 1.0 0.0 0.0 0.0 0.0 0.0 0.0 0.511 0.277 0.489 0.339 2.0 0.123 0.266 1.000
0.0 0.0 0.0 1.0 0.0 0.0 0.0 0.0 0.0 0.0 0.447 0.426 0.426 0.426 2.0 0.123 0.203 0.040
0.0 0.0 0.0 1.0 0.0 0.0 0.0 0.0 0.0 0.0 0.447 0.340 0.553 0.403 2.0 0.137 0.203 1.000
0.0 0.0 0.0 1.0 0.0 0.0 0.0 0.0 0.0 0.0 0.426 0.447 0.447 0.447 2.0 0.123 0.215 0.040
0.0 0.0 0.0 1.0 0.0 0.0 0.0 0.0 0.0 0.0 0.426 0.362 0.574 0.424 2.0 0.178 0.215 1.000
0.0 1.0 0.0 0.0 0.0 0.0 0.0 0.0 0.0 0.0 0.468 0.319 0.532 0.399 1.0 0.479 0.190 0.760
1.0 0.0 0.0 0.0 0.0 0.0 0.0 0.0 0.0 0.0 0.468 0.319 0.532 0.416 1.0 0.288 0.190 0.600
0.0 0.0 0.0 1.0 0.0 0.0 0.0 0.0 0.0 0.0 0.447 0.489 0.489 0.489 2.0 0.151 0.291 0.040
0.0 0.0 0.0 1.0 0.0 0.0 0.0 0.0 0.0 0.0 0.447 0.489 0.489 0.489 2.0 0.137 0.266 0.040
0.0 1.0 0.0 0.0 0.0 0.0 0.0 0.0 0.0 0.0 0.511 0.277 0.489 0.339 2.0 0.082 0.329 1.000
0.0 0.0 0.0 1.0 0.0 0.0 0.0 0.0 0.0 0.0 0.489 0.298 0.511 0.360 2.0 0.123 0.316 1.000
0.0 0.0 0.0 1.0 0.0 0.0 0.0 0.0 0.0 0.0 0.468 0.319 0.532 0.381 2.0 0.137 0.253 1.000
0.0 0.0 0.0 1.0 0.0 0.0 0.0 0.0 0.0 0.0 0.532 0.255 0.468 0.317 2.0 0.151 0.278 1.000
0.0 0.0 0.0 1.0 0.0 0.0 0.0 0.0 0.0 0.0 0.468 0.404 0.404 0.404 2.0 0.123 0.203 0.040
0.0 0.0 0.0 1.0 0.0 0.0 0.0 0.0 0.0 0.0 0.468 0.319 0.532 0.381 2.0 0.178 0.203 1.000
0.0 1.0 0.0 0.0 0.0 0.0 0.0 0.0 0.0 0.0 0.447 0.426 0.426 0.426 1.0 0.123 0.215 0.040
0.0 0.0 0.0 1.0 0.0 0.0 0.0 0.0 0.0 0.0 0.468 0.468 0.468 0.468 2.0 0.164 0.304 0.040
0.0 0.0 0.0 1.0 0.0 0.0 0.0 0.0 0.0 0.0 0.468 0.468 0.468 0.468 2.0 0.164 0.266 0.040
0.0 1.0 0.0 0.0 0.0 0.0 0.0 0.0 0.0 0.0 0.532 0.255 0.468 0.317 1.0 0.096 0.329 1.000
0.0 0.0 0.0 1.0 0.0 0.0 0.0 0.0 0.0 0.0 0.489 0.298 0.511 0.360 2.0 0.151 0.253 1.000
0.0 0.0 0.0 1.0 0.0 0.0 0.0 0.0 0.0 0.0 0.553 0.234 0.447 0.296 2.0 0.219 0.291 1.000
0.0 1.0 0.0 0.0 0.0 0.0 0.0 0.0 0.0 0.0 0.489 0.383 0.383 0.383 1.0 0.096 0.203 0.040
0.0 1.0 0.0 0.0 0.0 0.0 0.0 0.0 0.0 0.0 0.447 0.340 0.553 0.428 1.0 0.438 0.215 0.680
1.0 0.0 0.0 0.0 0.0 0.0 0.0 0.0 0.0 0.0 0.447 0.340 0.553 0.427 1.0 0.356 0.215 0.680
0.0 1.0 0.0 0.0 0.0 0.0 0.0 0.0 0.0 0.0 0.489 0.447 0.447 0.447 1.0 0.110 0.304 0.040
0.0 1.0 0.0 0.0 0.0 0.0 0.0 0.0 0.0 0.0 0.489 0.447 0.447 0.447 1.0 0.110 0.266 0.040
0.0 0.0 0.0 1.0 0.0 0.0 0.0 0.0 0.0 0.0 0.553 0.234 0.447 0.296 2.0 0.205 0.342 1.000
0.0 0.0 0.0 1.0 0.0 0.0 0.0 0.0 0.0 0.0 0.511 0.277 0.489 0.339 2.0 0.219 0.266 1.000
0.0 1.0 0.0 0.0 0.0 0.0 0.0 0.0 0.0 0.0 0.489 0.298 0.511 0.382 1.0 0.466 0.203 0.720
1.0 0.0 0.0 0.0 0.0 0.0 0.0 0.0 0.0 0.0 0.489 0.298 0.511 0.388 1.0 0.329 0.203 0.640
0.0 0.0 1.0 0.0 0.0 0.0 0.0 0.0 0.0 0.0 0.489 0.298 0.511 0.409 2.0 0.836 0.354 0.520
0.0 0.0 1.0 0.0 0.0 0.0 0.0 0.0 0.0 0.0 0.489 0.298 0.511 0.409 2.0 0.616 0.354 0.520
0.0 0.0 1.0 0.0 0.0 0.0 0.0 0.0 0.0 0.0 0.489 0.298 0.511 0.396 2.0 0.863 0.354 0.600
0.0 0.0 1.0 0.0 0.0 0.0 0.0 0.0 0.0 0.0 0.489 0.298 0.511 0.426 2.0 0.356 0.354 0.440
1.0 0.0 0.0 0.0 0.0 0.0 0.0 0.0 0.0 0.0 0.574 0.213 0.426 0.275 1.0 0.137 0.291 1.000
1.0 0.0 0.0 0.0 0.0 0.0 0.0 0.0 0.0 0.0 0.574 0.298 0.298 0.298 1.0 0.137 0.291 0.040
1.0 0.0 0.0 0.0 0.0 0.0 0.0 0.0 0.0 0.0 0.574 0.213 0.426 0.275 1.0 0.137 0.342 1.000
1.0 0.0 0.0 0.0 0.0 0.0 0.0 0.0 0.0 0.0 0.574 0.298 0.298 0.298 1.0 0.137 0.342 0.040
1.0 0.0 0.0 0.0 0.0 0.0 0.0 0.0 0.0 0.0 0.532 0.255 0.468 0.317 1.0 0.137 0.266 1.000
1.0 0.0 0.0 0.0 0.0 0.0 0.0 0.0 0.0 0.0 0.532 0.340 0.340 0.340 1.0 0.137 0.266 0.040
0.0 0.0 0.0 1.0 0.0 0.0 0.0 0.0 0.0 0.0 0.596 0.277 0.277 0.277 2.0 0.123 0.316 0.040
0.0 1.0 0.0 0.0 0.0 0.0 0.0 0.0 0.0 0.0 0.596 0.277 0.277 0.277 1.0 0.096 0.291 0.040
0.0 0.0 0.0 1.0 0.0 0.0 0.0 0.0 0.0 0.0 0.596 0.191 0.404 0.254 2.0 0.137 0.316 1.000
0.0 1.0 0.0 0.0 0.0 0.0 0.0 0.0 0.0 0.0 0.596 0.191 0.404 0.254 1.0 0.096 0.291 1.000
0.0 0.0 0.0 1.0 0.0 0.0 0.0 0.0 0.0 0.0 0.596 0.277 0.277 0.277 2.0 0.123 0.367 0.040
0.0 1.0 0.0 0.0 0.0 0.0 0.0 0.0 0.0 0.0 0.596 0.277 0.277 0.277 1.0 0.096 0.342 0.040
0.0 0.0 0.0 1.0 0.0 0.0 0.0 0.0 0.0 0.0 0.596 0.191 0.404 0.254 2.0 0.137 0.367 1.000
0.0 1.0 0.0 0.0 0.0 0.0 0.0 0.0 0.0 0.0 0.596 0.191 0.404 0.254 1.0 0.096 0.342 1.000
0.0 0.0 0.0 1.0 0.0 0.0 0.0 0.0 0.0 0.0 0.553 0.319 0.319 0.319 2.0 0.123 0.291 0.040
0.0 1.0 0.0 0.0 0.0 0.0 0.0 0.0 0.0 0.0 0.553 0.319 0.319 0.319 1.0 0.096 0.266 0.040
0.0 0.0 0.0 1.0 0.0 0.0 0.0 0.0 0.0 0.0 0.553 0.234 0.447 0.296 2.0 0.137 0.291 1.000
0.0 1.0 0.0 0.0 0.0 0.0 0.0 0.0 0.0 0.0 0.553 0.234 0.447 0.296 1.0 0.096 0.266 1.000
0.0 0.0 0.0 1.0 0.0 0.0 0.0 0.0 0.0 0.0 0.617 0.255 0.255 0.255 2.0 0.123 0.316 0.040
0.0 0.0 0.0 1.0 0.0 0.0 0.0 0.0 0.0 0.0 0.617 0.170 0.383 0.232 2.0 0.137 0.316 1.000
0.0 0.0 0.0 1.0 0.0 0.0 0.0 0.0 0.0 0.0 0.617 0.255 0.255 0.255 2.0 0.123 0.367 0.040
0.0 0.0 0.0 1.0 0.0 0.0 0.0 0.0 0.0 0.0 0.617 0.170 0.383 0.232 2.0 0.137 0.367 1.000
0.0 0.0 0.0 1.0 0.0 0.0 0.0 0.0 0.0 0.0 0.574 0.298 0.298 0.298 2.0 0.123 0.291 0.040
0.0 0.0 0.0 1.0 0.0 0.0 0.0 0.0 0.0 0.0 0.574 0.213 0.426 0.275 2.0 0.137 0.291 1.000
0.0 0.0 0.0 1.0 0.0 0.0 0.0 0.0 0.0 0.0 0.638 0.234 0.234 0.234 2.0 0.123 0.316 0.040
0.0 0.0 0.0 1.0 0.0 0.0 0.0 0.0 0.0 0.0 0.638 0.149 0.362 0.211 2.0 0.178 0.316 1.000
0.0 0.0 0.0 1.0 0.0 0.0 0.0 0.0 0.0 0.0 0.638 0.234 0.234 0.234 2.0 0.123 0.367 0.040
0.0 0.0 0.0 1.0 0.0 0.0 0.0 0.0 0.0 0.0 0.638 0.149 0.362 0.211 2.0 0.192 0.367 1.000
0.0 0.0 0.0 1.0 0.0 0.0 0.0 0.0 0.0 0.0 0.596 0.277 0.277 0.277 2.0 0.123 0.291 0.040
0.0 0.0 0.0 1.0 0.0 0.0 0.0 0.0 0.0 0.0 0.596 0.191 0.404 0.254 2.0 0.192 0.291 1.000
0.0 1.0 0.0 0.0 0.0 0.0 0.0 0.0 0.0 0.0 0.660 0.213 0.213 0.213 1.0 0.123 0.316 0.040
0.0 1.0 0.0 0.0 0.0 0.0 0.0 0.0 0.0 0.0 0.660 0.213 0.213 0.213 1.0 0.137 0.367 0.040
0.0 1.0 0.0 0.0 0.0 0.0 0.0 0.0 0.0 0.0 0.617 0.255 0.255 0.255 2.0 0.123 0.304 0.040
0.0 1.0 0.0 0.0 0.0 0.0 0.0 0.0 0.0 0.0 0.660 0.128 0.340 0.228 1.0 0.384 0.316 0.600
1.0 0.0 0.0 0.0 0.0 0.0 0.0 0.0 0.0 0.0 0.660 0.128 0.340 0.204 1.0 0.411 0.316 0.760
0.0 1.0 0.0 0.0 0.0 0.0 0.0 0.0 0.0 0.0 0.660 0.128 0.340 0.229 2.0 0.329 0.380 0.480
0.0 0.0 1.0 0.0 0.0 0.0 0.0 0.0 0.0 0.0 0.660 0.128 0.340 0.202 2.0 0.356 0.380 0.840
0.0 1.0 0.0 0.0 0.0 0.0 0.0 0.0 0.0 0.0 0.617 0.170 0.383 0.274 2.0 0.356 0.304 0.560
0.0 0.0 1.0 0.0 0.0 0.0 0.0 0.0 0.0 0.0 0.617 0.170 0.383 0.246 2.0 0.329 0.316 0.800
0.0 0.0 0.0 1.0 0.0 0.0 0.0 0.0 0.0 0.0 0.702 0.170 0.170 0.170 4.0 0.288 0.823 0.040
0.0 0.0 1.0 0.0 0.0 0.0 0.0 0.0 0.0 0.0 0.681 0.191 0.191 0.191 4.0 0.233 0.570 0.040
0.0 0.0 1.0 0.0 0.0 0.0 0.0 0.0 0.0 0.0 0.511 0.362 0.362 0.362 2.0 0.151 0.316 0.040
0.0 1.0 0.0 0.0 0.0 0.0 0.0 0.0 0.0 0.0 0.702 0.106 0.298 0.191 2.0 0.342 0.392 0.520
1.0 0.0 0.0 0.0 0.0 0.0 0.0 0.0 0.0 0.0 0.681 0.128 0.319 0.213 1.0 0.219 0.380 0.520
1.0 0.0 0.0 0.0 0.0 0.0 0.0 0.0 0.0 0.0 0.681 0.106 0.319 0.195 1.0 0.521 0.380 0.640
0.0 1.0 0.0 0.0 0.0 0.0 0.0 0.0 0.0 0.0 0.660 0.128 0.340 0.236 2.0 0.342 0.329 0.560
1.0 0.0 0.0 0.0 0.0 0.0 0.0 0.0 0.0 0.0 0.638 0.149 0.362 0.257 1.0 0.219 0.316 0.560
1.0 0.0 0.0 0.0 0.0 0.0 0.0 0.0 0.0 0.0 0.638 0.149 0.362 0.236 1.0 0.452 0.316 0.560
0.0 0.0 1.0 0.0 0.0 0.0 0.0 0.0 0.0 0.0 0.681 0.106 0.319 0.226 2.0 0.699 0.443 0.440
0.0 0.0 1.0 0.0 0.0 0.0 0.0 0.0 0.0 0.0 0.681 0.106 0.319 0.227 2.0 0.534 0.443 0.480
0.0 0.0 1.0 0.0 0.0 0.0 0.0 0.0 0.0 0.0 0.681 0.106 0.319 0.203 2.0 0.836 0.443 0.600
0.0 0.0 1.0 0.0 0.0 0.0 0.0 0.0 0.0 0.0 0.681 0.106 0.319 0.214 2.0 0.589 0.443 0.520
0.0 0.0 1.0 0.0 0.0 0.0 0.0 0.0 0.0 0.0 0.723 0.149 0.149 0.149 4.0 0.164 0.835 0.040
0.0 0.0 1.0 0.0 0.0 0.0 0.0 0.0 0.0 0.0 0.681 0.191 0.191 0.191 2.0 0.123 0.392 0.040
0.0 0.0 1.0 0.0 0.0 0.0 0.0 0.0 0.0 0.0 0.681 0.106 0.319 0.207 2.0 0.521 0.392 0.480
0.0 0.0 1.0 0.0 0.0 0.0 0.0 0.0 0.0 0.0 0.638 0.234 0.234 0.234 2.0 0.123 0.329 0.040
0.0 0.0 1.0 0.0 0.0 0.0 0.0 0.0 0.0 0.0 0.638 0.149 0.362 0.252 2.0 0.589 0.329 0.560
0.0 0.0 0.0 1.0 0.0 0.0 0.0 0.0 0.0 0.0 0.745 0.128 0.255 0.199 4.0 0.630 0.873 0.320
0.0 0.0 1.0 0.0 0.0 0.0 0.0 0.0 0.0 0.0 0.723 0.149 0.277 0.221 2.0 0.301 0.595 0.320
0.0 0.0 0.0 1.0 0.0 0.0 0.0 0.0 0.0 0.0 0.766 0.106 0.234 0.178 4.0 0.616 0.886 0.320
0.0 1.0 0.0 0.0 0.0 0.0 0.0 0.0 0.0 0.0 0.745 0.128 0.255 0.199 2.0 0.137 0.608 0.320
0.0 0.0 1.0 0.0 0.0 0.0 0.0 0.0 0.0 0.0 0.723 0.149 0.277 0.221 2.0 0.247 0.595 0.320
0.0 0.0 0.0 1.0 0.0 0.0 0.0 0.0 0.0 0.0 0.745 0.128 0.255 0.199 4.0 0.575 0.873 0.320
0.0 0.0 1.0 0.0 0.0 0.0 0.0 0.0 0.0 0.0 0.723 0.149 0.277 0.221 2.0 0.301 0.595 0.320
0.0 0.0 0.0 1.0 0.0 0.0 0.0 0.0 0.0 0.0 0.745 0.128 0.255 0.199 4.0 0.603 0.873 0.320
0.0 0.0 1.0 0.0 0.0 0.0 0.0 0.0 0.0 0.0 0.723 0.149 0.277 0.221 2.0 0.301 0.595 0.320
0.0 1.0 0.0 0.0 0.0 0.0 0.0 0.0 0.0 0.0 0.745 0.128 0.255 0.194 2.0 0.151 0.873 0.320
0.0 0.0 0.0 1.0 0.0 0.0 0.0 0.0 0.0 0.0 0.723 0.149 0.277 0.215 4.0 0.521 0.861 0.320
0.0 0.0 1.0 0.0 0.0 0.0 0.0 0.0 0.0 0.0 0.702 0.170 0.298 0.237 2.0 0.438 0.582 0.320
0.0 0.0 0.0 1.0 0.0 0.0 0.0 0.0 0.0 0.0 0.723 0.149 0.277 0.215 4.0 0.630 0.848 0.320
0.0 0.0 1.0 0.0 0.0 0.0 0.0 0.0 0.0 0.0 0.702 0.170 0.298 0.237 2.0 0.466 0.570 0.320
0.0 0.0 0.0 1.0 0.0 0.0 0.0 0.0 0.0 0.0 0.723 0.149 0.277 0.215 4.0 0.603 0.848 0.320
0.0 0.0 1.0 0.0 0.0 0.0 0.0 0.0 0.0 0.0 0.702 0.170 0.298 0.237 2.0 0.466 0.570 0.320
0.0 0.0 1.0 0.0 0.0 0.0 0.0 0.0 0.0 0.0 0.745 0.064 0.064 0.064 4.0 0.644 0.873 0.040
0.0 0.0 1.0 0.0 0.0 0.0 0.0 0.0 0.0 0.0 0.723 0.085 0.085 0.085 2.0 0.301 0.595 0.040
0.0 0.0 1.0 0.0 0.0 0.0 0.0 0.0 0.0 0.0 0.745 0.064 0.064 0.064 4.0 0.644 0.873 0.040
0.0 0.0 1.0 0.0 0.0 0.0 0.0 0.0 0.0 0.0 0.723 0.085 0.085 0.085 2.0 0.301 0.595 0.040
0.0 0.0 1.0 0.0 0.0 0.0 0.0 0.0 0.0 0.0 0.766 0.064 0.064 0.064 4.0 0.575 0.886 0.040
0.0 1.0 0.0 0.0 0.0 0.0 0.0 0.0 0.0 0.0 0.745 0.085 0.085 0.085 2.0 0.137 0.608 0.040
0.0 0.0 1.0 0.0 0.0 0.0 0.0 0.0 0.0 0.0 0.723 0.106 0.106 0.106 2.0 0.247 0.595 0.040
0.0 0.0 1.0 0.0 0.0 0.0 0.0 0.0 0.0 0.0 0.745 0.064 0.064 0.064 4.0 0.616 0.873 0.040
0.0 0.0 1.0 0.0 0.0 0.0 0.0 0.0 0.0 0.0 0.723 0.085 0.085 0.085 2.0 0.301 0.595 0.040
0.0 0.0 1.0 0.0 0.0 0.0 0.0 0.0 0.0 0.0 0.723 0.064 0.064 0.064 4.0 0.548 0.861 0.040
0.0 0.0 1.0 0.0 0.0 0.0 0.0 0.0 0.0 0.0 0.702 0.085 0.085 0.085 2.0 0.452 0.582 0.040
0.0 0.0 1.0 0.0 0.0 0.0 0.0 0.0 0.0 0.0 0.723 0.064 0.064 0.064 4.0 0.575 0.848 0.040
0.0 0.0 1.0 0.0 0.0 0.0 0.0 0.0 0.0 0.0 0.702 0.085 0.085 0.085 2.0 0.466 0.570 0.040
0.0 0.0 1.0 0.0 0.0 0.0 0.0 0.0 0.0 0.0 0.723 0.064 0.064 0.064 4.0 0.548 0.848 0.040
0.0 0.0 1.0 0.0 0.0 0.0 0.0 0.0 0.0 0.0 0.702 0.085 0.085 0.085 2.0 0.466 0.570 0.040
0.0 0.0 0.0 1.0 0.0 0.0 0.0 0.0 0.0 0.0 0.745 0.128 0.255 0.199 4.0 0.630 0.873 0.320
0.0 0.0 1.0 0.0 0.0 0.0 0.0 0.0 0.0 0.0 0.723 0.149 0.277 0.221 2.0 0.479 0.595 0.320
0.0 0.0 0.0 1.0 0.0 0.0 0.0 0.0 0.0 0.0 0.723 0.149 0.277 0.221 4.0 0.575 0.861 0.320
0.0 0.0 1.0 0.0 0.0 0.0 0.0 0.0 0.0 0.0 0.702 0.170 0.298 0.242 2.0 0.452 0.582 0.320
0.0 0.0 0.0 1.0 0.0 0.0 0.0 0.0 0.0 0.0 0.723 0.149 0.277 0.221 4.0 0.685 0.861 0.320
0.0 0.0 1.0 0.0 0.0 0.0 0.0 0.0 0.0 0.0 0.702 0.170 0.298 0.242 2.0 0.452 0.582 0.320
0.0 1.0 0.0 0.0 0.0 0.0 0.0 0.0 0.0 0.0 0.745 0.128 0.255 0.199 2.0 0.219 0.873 0.320
0.0 0.0 0.0 1.0 0.0 0.0 0.0 0.0 0.0 0.0 0.723 0.149 0.277 0.221 4.0 0.534 0.861 0.320
0.0 0.0 1.0 0.0 0.0 0.0 0.0 0.0 0.0 0.0 0.702 0.170 0.298 0.242 2.0 0.438 0.582 0.320
0.0 0.0 0.0 1.0 0.0 0.0 0.0 0.0 0.0 0.0 0.723 0.149 0.277 0.215 4.0 0.562 0.861 0.320
0.0 0.0 1.0 0.0 0.0 0.0 0.0 0.0 0.0 0.0 0.702 0.170 0.298 0.237 2.0 0.452 0.582 0.320
0.0 0.0 0.0 1.0 0.0 0.0 0.0 0.0 0.0 0.0 0.723 0.149 0.277 0.215 4.0 0.575 0.861 0.320
0.0 0.0 1.0 0.0 0.0 0.0 0.0 0.0 0.0 0.0 0.702 0.170 0.298 0.237 2.0 0.397 0.582 0.320
0.0 0.0 0.0 1.0 0.0 0.0 0.0 0.0 0.0 0.0 0.723 0.149 0.277 0.215 4.0 0.575 0.861 0.320
0.0 0.0 1.0 0.0 0.0 0.0 0.0 0.0 0.0 0.0 0.702 0.170 0.298 0.237 2.0 0.397 0.582 0.320
0.0 0.0 0.0 1.0 0.0 0.0 0.0 0.0 0.0 0.0 0.723 0.149 0.277 0.215 4.0 0.603 0.861 0.320
0.0 0.0 1.0 0.0 0.0 0.0 0.0 0.0 0.0 0.0 0.702 0.170 0.298 0.237 2.0 0.397 0.582 0.320
0.0 0.0 0.0 1.0 0.0 0.0 0.0 0.0 0.0 0.0 0.723 0.149 0.277 0.215 4.0 0.548 0.861 0.320
0.0 0.0 1.0 0.0 0.0 0.0 0.0 0.0 0.0 0.0 0.702 0.170 0.298 0.237 2.0 0.397 0.582 0.320
0.0 0.0 0.0 1.0 0.0 0.0 0.0 0.0 0.0 0.0 0.723 0.149 0.149 0.149 4.0 0.507 0.848 0.040
0.0 0.0 1.0 0.0 0.0 0.0 0.0 0.0 0.0 0.0 0.702 0.170 0.170 0.170 2.0 0.438 0.582 0.040
0.0 0.0 0.0 1.0 0.0 0.0 0.0 0.0 0.0 0.0 0.723 0.149 0.149 0.149 4.0 0.507 0.848 0.040
0.0 0.0 1.0 0.0 0.0 0.0 0.0 0.0 0.0 0.0 0.702 0.170 0.170 0.170 2.0 0.384 0.582 0.040
0.0 0.0 0.0 1.0 0.0 0.0 0.0 0.0 0.0 0.0 0.723 0.149 0.149 0.149 4.0 0.562 0.861 0.040
0.0 0.0 1.0 0.0 0.0 0.0 0.0 0.0 0.0 0.0 0.702 0.170 0.170 0.170 2.0 0.507 0.595 0.040
0.0 0.0 0.0 1.0 0.0 0.0 0.0 0.0 0.0 0.0 0.723 0.149 0.149 0.149 4.0 0.534 0.861 0.040
0.0 0.0 1.0 0.0 0.0 0.0 0.0 0.0 0.0 0.0 0.702 0.170 0.170 0.170 2.0 0.507 0.595 0.040
0.0 0.0 0.0 1.0 0.0 0.0 0.0 0.0 0.0 0.0 0.723 0.149 0.149 0.149 4.0 0.479 0.861 0.040
0.0 0.0 1.0 0.0 0.0 0.0 0.0 0.0 0.0 0.0 0.702 0.170 0.170 0.170 2.0 0.507 0.595 0.040
0.0 0.0 0.0 1.0 0.0 0.0 0.0 0.0 0.0 0.0 0.723 0.149 0.149 0.149 4.0 0.479 0.861 0.040
0.0 0.0 1.0 0.0 0.0 0.0 0.0 0.0 0.0 0.0 0.702 0.170 0.170 0.170 2.0 0.507 0.595 0.040
0.0 0.0 0.0 1.0 0.0 0.0 0.0 0.0 0.0 0.0 0.723 0.149 0.149 0.149 4.0 0.534 0.861 0.040
0.0 0.0 1.0 0.0 0.0 0.0 0.0 0.0 0.0 0.0 0.702 0.170 0.170 0.170 2.0 0.342 0.595 0.040
0.0 0.0 0.0 1.0 0.0 0.0 0.0 0.0 0.0 0.0 0.723 0.149 0.149 0.149 4.0 0.534 0.861 0.040
0.0 0.0 1.0 0.0 0.0 0.0 0.0 0.0 0.0 0.0 0.702 0.170 0.170 0.170 2.0 0.370 0.595 0.040
0.0 0.0 1.0 0.0 0.0 0.0 0.0 0.0 0.0 0.0 0.745 0.064 0.064 0.064 4.0 0.644 0.873 0.040
0.0 0.0 1.0 0.0 0.0 0.0 0.0 0.0 0.0 0.0 0.723 0.085 0.085 0.085 2.0 0.479 0.595 0.040
0.0 0.0 1.0 0.0 0.0 0.0 0.0 0.0 0.0 0.0 0.723 0.064 0.064 0.064 4.0 0.589 0.861 0.040
0.0 0.0 1.0 0.0 0.0 0.0 0.0 0.0 0.0 0.0 0.702 0.085 0.085 0.085 2.0 0.452 0.582 0.040
0.0 0.0 1.0 0.0 0.0 0.0 0.0 0.0 0.0 0.0 0.723 0.064 0.064 0.064 4.0 0.616 0.861 0.040
0.0 0.0 1.0 0.0 0.0 0.0 0.0 0.0 0.0 0.0 0.702 0.085 0.085 0.085 2.0 0.452 0.582 0.040
0.0 0.0 1.0 0.0 0.0 0.0 0.0 0.0 0.0 0.0 0.723 0.064 0.064 0.064 4.0 0.562 0.861 0.040
0.0 0.0 1.0 0.0 0.0 0.0 0.0 0.0 0.0 0.0 0.702 0.085 0.085 0.085 2.0 0.452 0.582 0.040
0.0 0.0 1.0 0.0 0.0 0.0 0.0 0.0 0.0 0.0 0.745 0.064 0.064 0.064 4.0 0.548 0.873 0.040
0.0 1.0 0.0 0.0 0.0 0.0 0.0 0.0 0.0 0.0 0.723 0.085 0.085 0.085 2.0 0.137 0.595 0.040
0.0 0.0 1.0 0.0 0.0 0.0 0.0 0.0 0.0 0.0 0.702 0.106 0.106 0.106 2.0 0.397 0.582 0.040
0.0 0.0 1.0 0.0 0.0 0.0 0.0 0.0 0.0 0.0 0.723 0.064 0.064 0.064 4.0 0.589 0.861 0.040
0.0 0.0 1.0 0.0 0.0 0.0 0.0 0.0 0.0 0.0 0.702 0.085 0.085 0.085 2.0 0.397 0.582 0.040
0.0 0.0 1.0 0.0 0.0 0.0 0.0 0.0 0.0 0.0 0.723 0.064 0.064 0.064 4.0 0.589 0.861 0.040
0.0 0.0 1.0 0.0 0.0 0.0 0.0 0.0 0.0 0.0 0.702 0.085 0.085 0.085 2.0 0.397 0.582 0.040
0.0 0.0 1.0 0.0 0.0 0.0 0.0 0.0 0.0 0.0 0.723 0.064 0.064 0.064 4.0 0.616 0.861 0.040
0.0 0.0 1.0 0.0 0.0 0.0 0.0 0.0 0.0 0.0 0.702 0.085 0.085 0.085 2.0 0.397 0.582 0.040
0.0 0.0 1.0 0.0 0.0 0.0 0.0 0.0 0.0 0.0 0.723 0.064 0.064 0.064 4.0 0.562 0.861 0.040
0.0 0.0 1.0 0.0 0.0 0.0 0.0 0.0 0.0 0.0 0.702 0.085 0.085 0.085 2.0 0.397 0.582 0.040
0.0 0.0 0.0 1.0 0.0 0.0 0.0 0.0 0.0 0.0 0.766 0.043 0.043 0.043 2.0 0.151 0.873 0.040
0.0 1.0 0.0 0.0 0.0 0.0 0.0 0.0 0.0 0.0 0.766 0.043 0.043 0.043 1.0 0.137 0.873 0.040
0.0 0.0 0.0 1.0 0.0 0.0 0.0 0.0 0.0 0.0 0.766 0.043 0.043 0.043 2.0 0.151 0.873 0.040
0.0 1.0 0.0 0.0 0.0 0.0 0.0 0.0 0.0 0.0 0.766 0.043 0.043 0.043 1.0 0.137 0.873 0.040
0.0 0.0 0.0 1.0 0.0 0.0 0.0 0.0 0.0 0.0 0.787 0.043 0.043 0.043 2.0 0.151 0.886 0.040
0.0 1.0 0.0 0.0 0.0 0.0 0.0 0.0 0.0 0.0 0.787 0.043 0.043 0.043 1.0 0.137 0.886 0.040
0.0 0.0 0.0 1.0 0.0 0.0 0.0 0.0 0.0 0.0 0.766 0.043 0.043 0.043 2.0 0.151 0.873 0.040
0.0 1.0 0.0 0.0 0.0 0.0 0.0 0.0 0.0 0.0 0.766 0.043 0.043 0.043 1.0 0.137 0.873 0.040
0.0 0.0 0.0 1.0 0.0 0.0 0.0 0.0 0.0 0.0 0.745 0.043 0.043 0.043 2.0 0.151 0.861 0.040
0.0 1.0 0.0 0.0 0.0 0.0 0.0 0.0 0.0 0.0 0.745 0.043 0.043 0.043 1.0 0.137 0.861 0.040
0.0 0.0 0.0 1.0 0.0 0.0 0.0 0.0 0.0 0.0 0.745 0.043 0.043 0.043 2.0 0.151 0.848 0.040
0.0 1.0 0.0 0.0 0.0 0.0 0.0 0.0 0.0 0.0 0.745 0.043 0.043 0.043 1.0 0.137 0.848 0.040
0.0 1.0 0.0 0.0 0.0 0.0 0.0 0.0 0.0 0.0 0.766 0.021 0.021 0.021 2.0 0.082 0.861 0.040
0.0 0.0 0.0 1.0 0.0 0.0 0.0 0.0 0.0 0.0 0.745 0.043 0.043 0.043 2.0 0.151 0.848 0.040
0.0 1.0 0.0 0.0 0.0 0.0 0.0 0.0 0.0 0.0 0.745 0.043 0.043 0.043 1.0 0.137 0.848 0.040
0.0 0.0 1.0 0.0 0.0 0.0 0.0 0.0 0.0 0.0 0.766 0.106 0.106 0.106 4.0 0.274 0.861 0.040
0.0 0.0 1.0 0.0 0.0 0.0 0.0 0.0 0.0 0.0 0.745 0.128 0.128 0.128 4.0 0.288 0.861 0.040
0.0 0.0 1.0 0.0 0.0 0.0 0.0 0.0 0.0 0.0 0.745 0.128 0.128 0.128 2.0 0.178 0.861 0.040
0.0 0.0 0.0 1.0 0.0 0.0 0.0 0.0 0.0 0.0 0.787 0.021 0.021 0.021 2.0 0.096 0.873 0.040
0.0 0.0 0.0 1.0 0.0 0.0 0.0 0.0 0.0 0.0 0.787 0.021 0.021 0.021 2.0 0.096 0.873 0.040
0.0 0.0 0.0 1.0 0.0 0.0 0.0 0.0 0.0 0.0 0.809 0.021 0.021 0.021 2.0 0.096 0.886 0.040
0.0 0.0 0.0 1.0 0.0 0.0 0.0 0.0 0.0 0.0 0.787 0.021 0.021 0.021 2.0 0.096 0.873 0.040
0.0 0.0 0.0 1.0 0.0 0.0 0.0 0.0 0.0 0.0 0.766 0.043 0.043 0.043 2.0 0.151 0.873 0.040
0.0 1.0 0.0 0.0 0.0 0.0 0.0 0.0 0.0 0.0 0.766 0.043 0.043 0.043 1.0 0.137 0.873 0.040
0.0 0.0 0.0 1.0 0.0 0.0 0.0 0.0 0.0 0.0 0.745 0.043 0.043 0.043 2.0 0.151 0.861 0.040
0.0 1.0 0.0 0.0 0.0 0.0 0.0 0.0 0.0 0.0 0.745 0.043 0.043 0.043 1.0 0.137 0.861 0.040
0.0 0.0 0.0 1.0 0.0 0.0 0.0 0.0 0.0 0.0 0.745 0.043 0.043 0.043 2.0 0.151 0.873 0.040
0.0 1.0 0.0 0.0 0.0 0.0 0.0 0.0 0.0 0.0 0.745 0.043 0.043 0.043 1.0 0.137 0.861 0.040
0.0 0.0 0.0 1.0 0.0 0.0 0.0 0.0 0.0 0.0 0.745 0.043 0.043 0.043 2.0 0.151 0.861 0.040
0.0 1.0 0.0 0.0 0.0 0.0 0.0 0.0 0.0 0.0 0.745 0.043 0.043 0.043 1.0 0.137 0.861 0.040
0.0 0.0 0.0 1.0 0.0 0.0 0.0 0.0 0.0 0.0 0.766 0.043 0.043 0.043 2.0 0.151 0.873 0.040
0.0 1.0 0.0 0.0 0.0 0.0 0.0 0.0 0.0 0.0 0.766 0.043 0.043 0.043 1.0 0.137 0.873 0.040
0.0 0.0 0.0 1.0 0.0 0.0 0.0 0.0 0.0 0.0 0.766 0.021 0.021 0.021 2.0 0.096 0.861 0.040
0.0 0.0 0.0 1.0 0.0 0.0 0.0 0.0 0.0 0.0 0.745 0.043 0.043 0.043 2.0 0.151 0.861 0.040
0.0 1.0 0.0 0.0 0.0 0.0 0.0 0.0 0.0 0.0 0.745 0.043 0.043 0.043 1.0 0.137 0.861 0.040
0.0 0.0 0.0 1.0 0.0 0.0 0.0 0.0 0.0 0.0 0.745 0.043 0.043 0.043 2.0 0.151 0.861 0.040
0.0 1.0 0.0 0.0 0.0 0.0 0.0 0.0 0.0 0.0 0.745 0.043 0.043 0.043 1.0 0.137 0.861 0.040
0.0 0.0 0.0 1.0 0.0 0.0 0.0 0.0 0.0 0.0 0.745 0.043 0.043 0.043 2.0 0.151 0.861 0.040
0.0 1.0 0.0 0.0 0.0 0.0 0.0 0.0 0.0 0.0 0.745 0.043 0.043 0.043 1.0 0.137 0.861 0.040
0.0 0.0 0.0 1.0 0.0 0.0 0.0 0.0 0.0 0.0 0.745 0.043 0.043 0.043 2.0 0.151 0.861 0.040
0.0 1.0 0.0 0.0 0.0 0.0 0.0 0.0 0.0 0.0 0.745 0.043 0.043 0.043 1.0 0.137 0.861 0.040
0.0 0.0 0.0 1.0 0.0 0.0 0.0 0.0 0.0 0.0 0.766 0.021 0.021 0.021 2.0 0.096 0.848 0.040
0.0 0.0 0.0 1.0 0.0 0.0 0.0 0.0 0.0 0.0 0.766 0.021 0.021 0.021 2.0 0.096 0.848 0.040
0.0 0.0 0.0 1.0 0.0 0.0 0.0 0.0 0.0 0.0 0.809 0.170 0.170 0.170 4.0 0.288 0.911 0.040
0.0 0.0 1.0 0.0 0.0 0.0 0.0 0.0 0.0 0.0 0.766 0.213 0.213 0.213 4.0 0.301 0.886 0.040
0.0 0.0 1.0 0.0 0.0 0.0 0.0 0.0 0.0 0.0 0.787 0.191 0.191 0.191 2.0 0.219 0.886 0.040
0.0 0.0 0.0 1.0 0.0 0.0 0.0 0.0 0.0 0.0 0.787 0.149 0.149 0.149 4.0 0.315 0.899 0.040
0.0 0.0 1.0 0.0 0.0 0.0 0.0 0.0 0.0 0.0 0.745 0.191 0.191 0.191 4.0 0.301 0.861 0.040
0.0 0.0 1.0 0.0 0.0 0.0 0.0 0.0 0.0 0.0 0.766 0.170 0.170 0.170 2.0 0.192 0.886 0.040
0.0 0.0 1.0 0.0 0.0 0.0 0.0 0.0 0.0 0.0 0.809 0.064 0.191 0.131 4.0 0.384 0.911 0.280
0.0 0.0 1.0 0.0 0.0 0.0 0.0 0.0 0.0 0.0 0.766 0.106 0.234 0.173 4.0 0.315 0.886 0.280
0.0 0.0 1.0 0.0 0.0 0.0 0.0 0.0 0.0 0.0 0.787 0.085 0.213 0.152 2.0 0.233 0.886 0.280
0.0 0.0 1.0 0.0 0.0 0.0 0.0 0.0 0.0 0.0 0.787 0.085 0.213 0.152 4.0 0.411 0.899 0.280
0.0 0.0 1.0 0.0 0.0 0.0 0.0 0.0 0.0 0.0 0.745 0.128 0.255 0.195 4.0 0.315 0.861 0.280
0.0 0.0 1.0 0.0 0.0 0.0 0.0 0.0 0.0 0.0 0.766 0.106 0.234 0.173 2.0 0.205 0.886 0.280
0.0 0.0 0.0 1.0 0.0 0.0 0.0 0.0 0.0 1.0 0.809 0.000 0.000 0.000 2.0 0.096 0.873 0.040
0.0 0.0 0.0 1.0 0.0 0.0 0.0 0.0 0.0 1.0 0.809 0.000 0.000 0.000 2.0 0.096 0.873 0.040
0.0 0.0 0.0 1.0 0.0 0.0 0.0 0.0 0.0 1.0 0.830 0.000 0.000 0.000 2.0 0.096 0.886 0.040
0.0 0.0 0.0 1.0 0.0 0.0 0.0 0.0 0.0 1.0 0.809 0.000 0.000 0.000 2.0 0.096 0.873 0.040
0.0 0.0 0.0 1.0 0.0 0.0 0.0 0.0 0.0 0.0 0.787 0.021 0.021 0.021 2.0 0.096 0.873 0.040
0.0 0.0 0.0 1.0 0.0 0.0 0.0 0.0 0.0 0.0 0.766 0.021 0.021 0.021 2.0 0.096 0.861 0.040
0.0 0.0 0.0 1.0 0.0 0.0 0.0 0.0 0.0 0.0 0.766 0.021 0.021 0.021 2.0 0.096 0.861 0.040
0.0 0.0 0.0 1.0 0.0 0.0 0.0 0.0 0.0 0.0 0.766 0.021 0.021 0.021 2.0 0.096 0.861 0.040
0.0 0.0 0.0 1.0 0.0 0.0 0.0 0.0 0.0 0.0 0.787 0.021 0.021 0.021 2.0 0.096 0.873 0.040
0.0 0.0 0.0 1.0 0.0 0.0 0.0 0.0 0.0 1.0 0.787 0.000 0.000 0.000 2.0 0.096 0.861 0.040
0.0 0.0 0.0 1.0 0.0 0.0 0.0 0.0 0.0 0.0 0.766 0.021 0.021 0.021 2.0 0.096 0.861 0.040
0.0 0.0 0.0 1.0 0.0 0.0 0.0 0.0 0.0 0.0 0.766 0.021 0.021 0.021 2.0 0.096 0.861 0.040
0.0 0.0 0.0 1.0 0.0 0.0 0.0 0.0 0.0 0.0 0.766 0.021 0.021 0.021 2.0 0.096 0.861 0.040
0.0 0.0 0.0 1.0 0.0 0.0 0.0 0.0 0.0 0.0 0.766 0.021 0.021 0.021 2.0 0.096 0.861 0.040
0.0 0.0 0.0 1.0 0.0 0.0 0.0 0.0 0.0 1.0 0.787 0.000 0.000 0.000 2.0 0.096 0.848 0.040
0.0 0.0 0.0 1.0 0.0 0.0 0.0 0.0 0.0 1.0 0.787 0.000 0.000 0.000 2.0 0.082 0.861 0.040
0.0 0.0 1.0 0.0 0.0 0.0 0.0 0.0 0.0 0.0 0.830 0.149 0.149 0.149 2.0 0.164 0.911 0.040
0.0 0.0 1.0 0.0 0.0 0.0 0.0 0.0 0.0 0.0 0.809 0.128 0.128 0.128 2.0 0.164 0.899 0.040
0.0 0.0 0.0 1.0 0.0 0.0 0.0 0.0 0.0 1.0 0.809 0.000 0.000 0.000 2.0 0.096 0.873 0.040
0.0 0.0 0.0 1.0 0.0 0.0 0.0 0.0 0.0 1.0 0.787 0.000 0.000 0.000 2.0 0.096 0.861 0.040
0.0 0.0 0.0 1.0 0.0 0.0 0.0 0.0 0.0 1.0 0.787 0.000 0.000 0.000 2.0 0.096 0.873 0.040
0.0 0.0 0.0 1.0 0.0 0.0 0.0 0.0 0.0 1.0 0.787 0.000 0.000 0.000 2.0 0.096 0.861 0.040
0.0 0.0 0.0 1.0 0.0 0.0 0.0 0.0 0.0 1.0 0.809 0.000 0.000 0.000 2.0 0.096 0.873 0.040
0.0 0.0 0.0 1.0 0.0 0.0 0.0 0.0 0.0 1.0 0.787 0.000 0.000 0.000 2.0 0.096 0.861 0.040
0.0 0.0 0.0 1.0 0.0 0.0 0.0 0.0 0.0 1.0 0.787 0.000 0.000 0.000 2.0 0.096 0.861 0.040
0.0 0.0 0.0 1.0 0.0 0.0 0.0 0.0 0.0 1.0 0.787 0.000 0.000 0.000 2.0 0.096 0.861 0.040
0.0 0.0 0.0 1.0 0.0 0.0 0.0 0.0 0.0 1.0 0.787 0.000 0.000 0.000 2.0 0.096 0.861 0.040
0.0 0.0 1.0 0.0 0.0 0.0 0.0 0.0 0.0 0.0 0.830 0.043 0.043 0.043 3.0 0.288 0.949 0.040
0.0 0.0 0.0 1.0 0.0 0.0 0.0 0.0 0.0 0.0 0.830 0.106 0.170 0.121 2.0 0.452 0.949 0.240
0.0 0.0 1.0 0.0 0.0 0.0 0.0 0.0 1.0 0.0 0.851 0.021 0.021 0.021 4.0 0.205 0.962 0.040
0.0 0.0 0.0 1.0 0.0 0.0 0.0 0.0 0.0 0.0 0.851 0.128 0.128 0.128 2.0 0.137 0.924 0.040
0.0 1.0 0.0 0.0 0.0 0.0 0.0 0.0 0.0 0.0 0.851 0.128 0.128 0.128 1.0 0.110 0.911 0.040
0.0 0.0 0.0 1.0 0.0 0.0 0.0 0.0 0.0 0.0 0.830 0.106 0.106 0.106 2.0 0.151 0.937 0.040
0.0 1.0 0.0 0.0 0.0 0.0 0.0 0.0 0.0 0.0 0.830 0.106 0.106 0.106 1.0 0.110 0.899 0.040
0.0 0.0 0.0 0.0 0.0 1.0 0.0 0.0 0.0 1.0 0.872 0.000 0.000 0.000 2.0 0.096 0.962 0.040
0.0 0.0 1.0 0.0 0.0 0.0 0.0 0.0 0.0 0.0 0.851 0.085 0.085 0.085 3.0 0.233 0.949 0.040
0.0 0.0 1.0 0.0 0.0 0.0 0.0 0.0 1.0 0.0 0.851 0.085 0.085 0.085 3.0 0.205 0.949 0.040
0.0 0.0 1.0 0.0 0.0 0.0 0.0 0.0 1.0 0.0 0.851 0.085 0.085 0.085 3.0 0.205 0.949 0.040
0.0 0.0 1.0 0.0 0.0 0.0 0.0 0.0 1.0 0.0 0.851 0.085 0.085 0.085 3.0 0.205 0.949 0.040
0.0 0.0 1.0 0.0 0.0 0.0 0.0 0.0 0.0 0.0 0.851 0.106 0.106 0.106 3.0 0.233 0.949 0.040
0.0 0.0 0.0 1.0 0.0 0.0 0.0 0.0 0.0 0.0 0.872 0.106 0.106 0.106 2.0 0.137 0.924 0.040
0.0 0.0 0.0 1.0 0.0 0.0 0.0 0.0 0.0 0.0 0.851 0.085 0.085 0.085 2.0 0.151 0.924 0.040
0.0 0.0 1.0 0.0 0.0 0.0 0.0 0.0 1.0 0.0 0.851 0.149 0.149 0.149 3.0 0.205 0.949 0.040
0.0 1.0 0.0 0.0 0.0 0.0 0.0 0.0 0.0 0.0 0.915 0.064 0.064 0.064 2.0 0.123 0.937 0.040
0.0 0.0 0.0 1.0 0.0 0.0 0.0 0.0 0.0 0.0 0.894 0.085 0.085 0.085 2.0 0.137 0.924 0.040
0.0 0.0 0.0 1.0 0.0 0.0 0.0 0.0 0.0 0.0 0.872 0.064 0.064 0.064 2.0 0.164 0.937 0.040
0.0 0.0 0.0 1.0 0.0 0.0 0.0 0.0 0.0 0.0 0.872 0.064 0.064 0.064 2.0 0.151 0.975 0.040
0.0 0.0 0.0 1.0 0.0 0.0 0.0 0.0 0.0 0.0 0.872 0.064 0.064 0.064 2.0 0.137 1.000 0.040
0.0 0.0 0.0 1.0 0.0 0.0 0.0 0.0 0.0 0.0 0.872 0.064 0.064 0.064 2.0 0.137 0.949 0.040
0.0 0.0 0.0 1.0 0.0 0.0 0.0 0.0 0.0 0.0 0.872 0.064 0.064 0.064 2.0 0.137 0.949 0.040
0.0 0.0 0.0 1.0 0.0 0.0 0.0 0.0 0.0 0.0 0.872 0.085 0.085 0.085 2.0 0.151 0.949 0.040
0.0 1.0 0.0 0.0 0.0 0.0 0.0 0.0 0.0 0.0 0.872 0.064 0.064 0.064 1.0 0.123 0.949 0.040
0.0 1.0 0.0 0.0 0.0 0.0 0.0 0.0 0.0 0.0 0.872 0.064 0.064 0.064 1.0 0.110 0.949 0.040
0.0 1.0 0.0 0.0 0.0 0.0 0.0 0.0 0.0 0.0 0.872 0.064 0.064 0.064 1.0 0.110 0.949 0.040
0.0 1.0 0.0 0.0 0.0 0.0 0.0 0.0 0.0 0.0 0.872 0.064 0.064 0.064 1.0 0.110 0.949 0.040
0.0 1.0 0.0 0.0 0.0 0.0 0.0 0.0 0.0 0.0 0.872 0.085 0.085 0.085 1.0 0.123 0.949 0.040
0.0 1.0 0.0 0.0 0.0 0.0 0.0 0.0 0.0 0.0 0.872 0.128 0.128 0.128 1.0 0.110 0.949 0.040
0.0 0.0 0.0 1.0 0.0 0.0 0.0 0.0 0.0 0.0 0.872 0.128 0.128 0.128 2.0 0.151 0.975 0.040
0.0 0.0 0.0 1.0 0.0 0.0 0.0 0.0 0.0 0.0 0.894 0.043 0.043 0.043 2.0 0.137 0.975 0.040
0.0 0.0 0.0 1.0 0.0 0.0 0.0 0.0 0.0 0.0 0.894 0.043 0.043 0.043 2.0 0.137 1.000 0.040
0.0 0.0 0.0 1.0 0.0 0.0 0.0 0.0 0.0 0.0 0.894 0.043 0.043 0.043 2.0 0.123 0.949 0.040
0.0 0.0 0.0 1.0 0.0 0.0 0.0 0.0 0.0 0.0 0.894 0.043 0.043 0.043 2.0 0.123 0.949 0.040
0.0 0.0 0.0 1.0 0.0 0.0 0.0 0.0 0.0 0.0 0.894 0.064 0.064 0.064 2.0 0.123 0.949 0.040
0.0 0.0 0.0 1.0 0.0 0.0 0.0 0.0 0.0 0.0 0.936 0.043 0.043 0.043 2.0 0.110 0.937 0.040
0.0 1.0 0.0 0.0 0.0 0.0 0.0 0.0 0.0 0.0 0.936 0.043 0.043 0.043 1.0 0.096 0.937 0.040
0.0 0.0 0.0 1.0 0.0 0.0 0.0 0.0 0.0 0.0 0.894 0.043 0.043 0.043 2.0 0.123 0.949 0.040
0.0 1.0 0.0 0.0 0.0 0.0 0.0 0.0 0.0 0.0 0.894 0.043 0.043 0.043 2.0 0.110 0.949 0.040
0.0 0.0 0.0 1.0 0.0 0.0 0.0 0.0 0.0 0.0 0.894 0.106 0.106 0.106 2.0 0.151 0.975 0.040
0.0 0.0 0.0 1.0 0.0 0.0 0.0 0.0 0.0 0.0 0.915 0.021 0.021 0.021 2.0 0.123 0.975 0.040
0.0 0.0 0.0 1.0 0.0 0.0 0.0 0.0 0.0 0.0 0.915 0.021 0.021 0.021 2.0 0.123 1.000 0.040
0.0 0.0 0.0 1.0 0.0 0.0 0.0 0.0 0.0 0.0 0.915 0.021 0.021 0.021 2.0 0.123 0.949 0.040
0.0 0.0 0.0 1.0 0.0 0.0 0.0 0.0 0.0 0.0 0.915 0.021 0.021 0.021 2.0 0.123 0.949 0.040
0.0 0.0 0.0 1.0 0.0 0.0 0.0 0.0 0.0 0.0 0.915 0.043 0.043 0.043 2.0 0.137 0.949 0.040
0.0 0.0 0.0 1.0 0.0 0.0 0.0 0.0 0.0 0.0 0.957 0.021 0.021 0.021 2.0 0.123 0.937 0.040
0.0 0.0 0.0 1.0 0.0 0.0 0.0 0.0 0.0 0.0 0.915 0.021 0.021 0.021 2.0 0.123 0.949 0.040
0.0 0.0 0.0 1.0 0.0 0.0 0.0 0.0 0.0 0.0 0.915 0.085 0.085 0.085 2.0 0.164 0.975 0.040
0.0 0.0 1.0 0.0 0.0 0.0 0.0 0.0 0.0 1.0 0.936 0.000 0.000 0.000 2.0 0.096 0.975 0.040
0.0 0.0 1.0 0.0 0.0 0.0 0.0 0.0 0.0 1.0 0.936 0.000 0.000 0.000 2.0 0.096 1.000 0.040
0.0 0.0 1.0 0.0 0.0 0.0 0.0 0.0 0.0 1.0 0.936 0.000 0.000 0.000 2.0 0.096 0.949 0.040
0.0 0.0 1.0 0.0 0.0 0.0 0.0 0.0 0.0 1.0 0.936 0.000 0.000 0.000 2.0 0.096 0.949 0.040
0.0 1.0 0.0 0.0 0.0 0.0 0.0 0.0 0.0 1.0 0.957 0.000 0.000 0.000 2.0 0.055 0.962 0.040
0.0 0.0 1.0 0.0 0.0 0.0 0.0 0.0 0.0 0.0 0.936 0.021 0.021 0.021 2.0 0.110 0.949 0.040
0.0 0.0 0.0 1.0 0.0 0.0 0.0 0.0 0.0 1.0 0.979 0.000 0.000 0.000 2.0 0.096 0.937 0.040
0.0 0.0 0.0 1.0 0.0 0.0 0.0 0.0 0.0 1.0 0.936 0.000 0.000 0.000 2.0 0.096 0.962 0.040
0.0 0.0 0.0 1.0 0.0 0.0 0.0 0.0 0.0 0.0 0.936 0.064 0.064 0.064 2.0 0.137 0.987 0.040
0.0 1.0 0.0 0.0 0.0 0.0 0.0 0.0 0.0 0.0 0.936 0.064 0.064 0.064 1.0 0.110 0.975 0.040
0.0 0.0 0.0 1.0 0.0 0.0 0.0 0.0 0.0 0.0 0.957 0.043 0.043 0.043 2.0 0.137 0.975 0.040
0.0 0.0 0.0 1.0 0.0 0.0 0.0 0.0 0.0 0.0 0.979 0.021 0.021 0.021 2.0 0.123 0.987 0.040
0.0 0.0 1.0 0.0 0.0 0.0 0.0 0.0 0.0 1.0 1.000 0.000 0.000 0.000 2.0 0.096 0.987 0.040
