2
7
112
224
258
317
385
500
504
519
565
605
714
775
802
825
844
954
961
967
972
988
1198
1254
1277
1359
1375
1466
1658
1705
1749
1756
1863
1931
1968
2106
2223
2237
2316
2363
2408
2522
2579
2612
2681
2787
3002
3080
3082
3090
3098
3108
3113
3118
3121
3123
3124
3127
3138
3179
3182
3191
3195
3200
3202
3207
3303
3308
3316
3328
3353
3393
3468
3549
3556
3571
3572
3580
3582
3585
3593
3601
3668
3707
3748
3774
3789
3795
3803
3806
3808
3811
3820
3874
3885
3913
3924
3930
3935
3940
3943
3948
3952
3961
4167
4170
4178
4182
4198
4201
4232
4240
4260
4276
4294
4311
4330
4336
4344
4346
4353
4354
4357
4372
4411
4413
4458
4477
