0.0 0.0 0.0 1.0 0.0 0.0 0.0 0.0 1.0 0.0 0.015 0.111 0.889 3.0 0.444 0.032 0.903
0.0 0.0 0.0 0.0 1.0 0.0 0.0 0.0 0.0 0.0 0.133 0.074 0.815 2.0 0.667 0.211 0.903
0.0 0.0 0.0 0.0 0.0 0.0 1.0 0.0 0.0 0.0 0.148 0.059 0.800 2.0 0.556 0.211 0.903
0.0 0.0 1.0 0.0 0.0 0.0 0.0 0.0 0.0 0.0 0.163 0.044 0.785 2.0 0.556 0.232 0.903
0.0 0.0 0.0 0.0 0.0 0.0 0.0 1.0 0.0 0.0 0.156 0.052 0.793 2.0 0.444 0.221 0.903
1.0 0.0 0.0 0.0 0.0 0.0 0.0 0.0 0.0 0.0 0.170 0.037 0.778 2.0 0.556 0.232 0.903
0.0 1.0 0.0 0.0 0.0 0.0 0.0 0.0 0.0 0.0 0.178 0.030 0.770 2.0 0.444 0.232 0.903
0.0 0.0 0.0 1.0 0.0 0.0 0.0 0.0 0.0 0.0 0.185 0.074 0.763 2.0 0.778 0.232 0.871
0.0 0.0 0.0 0.0 0.0 1.0 0.0 0.0 0.0 0.0 0.193 0.022 0.756 2.0 0.611 0.232 0.903
0.0 0.0 0.0 0.0 1.0 0.0 0.0 0.0 0.0 0.0 0.200 0.067 0.748 2.0 0.722 0.263 0.871
0.0 0.0 0.0 0.0 0.0 0.0 1.0 0.0 0.0 0.0 0.207 0.059 0.741 2.0 0.556 0.263 0.871
0.0 0.0 1.0 0.0 0.0 0.0 0.0 0.0 0.0 0.0 0.215 0.052 0.733 2.0 0.556 0.263 0.871
0.0 0.0 0.0 0.0 0.0 0.0 0.0 1.0 0.0 0.0 0.222 0.044 0.726 2.0 0.444 0.263 0.871
1.0 0.0 0.0 0.0 0.0 0.0 0.0 0.0 0.0 0.0 0.230 0.037 0.719 2.0 0.556 0.263 0.871
0.0 1.0 0.0 0.0 0.0 0.0 0.0 0.0 0.0 0.0 0.237 0.030 0.711 2.0 0.444 0.263 0.871
