0.0 0.0 0.0 1.0 0.0 0.0 0.0 0.0 0.0 0.0 0.103 0.462 0.897 0.625 4.0 1.000 0.192 0.724
0.0 0.0 0.0 1.0 0.0 0.0 0.0 0.0 0.0 0.0 0.205 0.795 0.795 0.795 2.0 0.191 0.346 0.034
0.0 0.0 0.0 1.0 0.0 0.0 0.0 0.0 0.0 0.0 0.231 0.769 0.769 0.769 2.0 0.191 0.346 0.069
0.0 0.0 0.0 1.0 0.0 0.0 0.0 0.0 0.0 0.0 0.205 0.641 0.795 0.744 2.0 0.191 0.346 0.103
0.0 0.0 0.0 1.0 0.0 0.0 0.0 0.0 0.0 0.0 0.231 0.590 0.769 0.662 4.0 0.279 0.462 0.207
0.0 0.0 0.0 1.0 0.0 0.0 0.0 0.0 0.0 0.0 0.231 0.513 0.769 0.615 4.0 0.235 0.462 0.310
0.0 1.0 0.0 0.0 0.0 0.0 0.0 0.0 0.0 0.0 0.154 0.590 0.846 0.692 1.0 0.147 0.154 0.310
0.0 0.0 1.0 0.0 0.0 0.0 0.0 0.0 0.0 0.0 0.128 0.615 0.872 0.718 2.0 0.221 0.154 0.310
0.0 1.0 0.0 0.0 0.0 0.0 0.0 0.0 0.0 0.0 0.282 0.410 0.718 0.528 1.0 0.176 0.462 0.414
0.0 0.0 1.0 0.0 0.0 0.0 0.0 0.0 0.0 0.0 0.256 0.436 0.744 0.553 4.0 0.235 0.462 0.414
0.0 0.0 0.0 1.0 0.0 0.0 0.0 0.0 0.0 0.0 0.256 0.333 0.744 0.516 4.0 0.294 0.462 0.517
0.0 0.0 0.0 1.0 0.0 0.0 0.0 0.0 0.0 0.0 0.231 0.359 0.769 0.517 4.0 0.338 0.462 0.621
0.0 0.0 0.0 1.0 0.0 0.0 0.0 0.0 0.0 0.0 0.256 0.308 0.744 0.471 4.0 0.294 0.462 0.724
0.0 0.0 1.0 0.0 0.0 0.0 0.0 0.0 1.0 0.0 0.205 0.795 0.795 0.795 2.0 0.294 0.269 0.034
0.0 0.0 1.0 0.0 0.0 0.0 0.0 0.0 1.0 0.0 0.205 0.795 0.795 0.795 2.0 0.309 0.269 0.069
0.0 0.0 1.0 0.0 0.0 0.0 0.0 0.0 1.0 0.0 0.205 0.641 0.795 0.744 2.0 0.265 0.269 0.103
0.0 0.0 0.0 1.0 0.0 0.0 0.0 0.0 0.0 0.0 0.231 0.590 0.769 0.662 2.0 0.176 0.308 0.207
0.0 0.0 0.0 1.0 0.0 0.0 0.0 0.0 0.0 0.0 0.231 0.513 0.769 0.615 3.0 0.250 0.346 0.310
0.0 0.0 0.0 1.0 0.0 0.0 0.0 0.0 0.0 0.0 0.231 0.462 0.769 0.579 3.0 0.265 0.308 0.414
0.0 0.0 0.0 1.0 0.0 0.0 0.0 0.0 0.0 0.0 0.231 0.359 0.769 0.542 4.0 0.279 0.269 0.517
0.0 0.0 0.0 1.0 0.0 0.0 0.0 0.0 0.0 0.0 0.256 0.333 0.744 0.491 3.0 0.309 0.308 0.621
0.0 0.0 0.0 1.0 0.0 0.0 0.0 0.0 0.0 0.0 0.256 0.308 0.744 0.471 4.0 0.338 0.423 0.724
0.0 0.0 0.0 1.0 0.0 0.0 0.0 0.0 0.0 0.0 0.077 0.487 0.923 0.640 2.0 0.235 0.115 0.793
0.0 0.0 1.0 0.0 0.0 0.0 0.0 0.0 1.0 0.0 0.026 0.538 0.974 0.691 2.0 0.147 0.077 0.793
0.0 0.0 1.0 0.0 0.0 0.0 0.0 0.0 1.0 0.0 0.026 0.538 0.974 0.691 2.0 0.088 0.077 0.793
0.0 0.0 1.0 0.0 0.0 0.0 0.0 0.0 1.0 0.0 0.026 0.538 0.974 0.691 2.0 0.059 0.077 0.793
0.0 0.0 0.0 1.0 0.0 0.0 0.0 0.0 0.0 0.0 0.205 0.359 0.795 0.512 3.0 0.294 0.423 0.793
0.0 0.0 0.0 1.0 0.0 0.0 0.0 0.0 0.0 0.0 0.205 0.359 0.795 0.512 3.0 0.191 0.423 0.793
0.0 1.0 0.0 0.0 0.0 0.0 0.0 0.0 0.0 0.0 0.231 0.333 0.769 0.486 1.0 0.147 0.423 0.793
0.0 0.0 0.0 1.0 0.0 0.0 0.0 0.0 0.0 0.0 0.205 0.359 0.795 0.512 3.0 0.191 0.423 0.793
0.0 0.0 0.0 1.0 0.0 0.0 0.0 0.0 0.0 0.0 0.205 0.359 0.795 0.512 3.0 0.221 0.423 0.793
0.0 1.0 0.0 0.0 0.0 0.0 0.0 0.0 0.0 0.0 0.231 0.333 0.769 0.486 1.0 0.147 0.423 0.793
0.0 0.0 0.0 1.0 0.0 0.0 0.0 0.0 0.0 0.0 0.205 0.359 0.795 0.512 3.0 0.206 0.423 0.793
0.0 0.0 0.0 1.0 0.0 0.0 0.0 0.0 0.0 0.0 0.205 0.359 0.795 0.512 3.0 0.206 0.423 0.793
0.0 0.0 1.0 0.0 0.0 0.0 0.0 0.0 1.0 0.0 0.128 0.436 0.872 0.589 2.0 0.294 0.154 0.793
0.0 0.0 1.0 0.0 0.0 0.0 0.0 0.0 1.0 0.0 0.128 0.436 0.872 0.589 2.0 0.235 0.154 0.793
0.0 1.0 0.0 0.0 0.0 0.0 0.0 0.0 0.0 0.0 0.154 0.410 0.846 0.563 1.0 0.118 0.154 0.793
0.0 0.0 0.0 1.0 0.0 0.0 0.0 0.0 1.0 0.0 0.128 0.436 0.872 0.589 2.0 0.235 0.154 0.793
0.0 1.0 0.0 0.0 0.0 0.0 0.0 0.0 0.0 0.0 0.231 0.333 0.769 0.486 1.0 0.103 0.385 0.793
0.0 0.0 1.0 0.0 0.0 0.0 0.0 0.0 0.0 0.0 0.205 0.359 0.795 0.512 2.0 0.103 0.385 0.793
0.0 0.0 0.0 1.0 0.0 0.0 0.0 0.0 0.0 0.0 0.205 0.359 0.795 0.512 3.0 0.221 0.385 0.793
0.0 1.0 0.0 0.0 0.0 0.0 0.0 0.0 0.0 0.0 0.231 0.333 0.769 0.486 1.0 0.118 0.385 0.793
0.0 0.0 0.0 1.0 0.0 0.0 0.0 0.0 0.0 0.0 0.205 0.359 0.795 0.512 3.0 0.176 0.385 0.793
0.0 0.0 0.0 1.0 0.0 0.0 0.0 0.0 0.0 0.0 0.205 0.359 0.795 0.512 2.0 0.147 0.385 0.793
0.0 0.0 0.0 1.0 0.0 0.0 0.0 0.0 0.0 0.0 0.205 0.359 0.795 0.512 2.0 0.118 0.385 0.793
0.0 1.0 0.0 0.0 0.0 0.0 0.0 0.0 0.0 0.0 0.256 0.308 0.744 0.460 1.0 0.132 0.385 0.793
0.0 0.0 1.0 0.0 0.0 0.0 0.0 0.0 0.0 0.0 0.231 0.333 0.769 0.486 3.0 0.176 0.385 0.793
0.0 0.0 0.0 1.0 0.0 0.0 0.0 0.0 0.0 1.0 0.179 0.000 0.000 0.000 2.0 0.103 0.346 0.034
0.0 0.0 0.0 1.0 0.0 0.0 0.0 0.0 0.0 1.0 0.103 0.000 0.000 0.000 3.0 0.118 0.115 0.034
0.0 0.0 0.0 1.0 0.0 0.0 0.0 0.0 0.0 1.0 0.641 0.000 0.000 0.000 4.0 0.206 1.000 0.034
0.0 0.0 0.0 1.0 0.0 0.0 0.0 0.0 0.0 1.0 0.564 0.000 0.000 0.000 4.0 0.206 1.000 0.034
0.0 0.0 0.0 1.0 0.0 0.0 0.0 0.0 0.0 1.0 0.821 0.000 0.000 0.000 2.0 0.088 0.962 0.034
0.0 0.0 0.0 1.0 0.0 0.0 0.0 0.0 0.0 1.0 0.769 0.000 0.000 0.000 2.0 0.074 0.962 0.034
0.0 0.0 0.0 1.0 0.0 0.0 0.0 0.0 0.0 1.0 0.692 0.000 0.000 0.000 2.0 0.088 0.962 0.034
0.0 0.0 0.0 1.0 0.0 0.0 0.0 0.0 0.0 1.0 0.590 0.000 0.000 0.000 2.0 0.088 0.962 0.034
0.0 1.0 0.0 0.0 0.0 0.0 0.0 0.0 0.0 1.0 0.590 0.000 0.000 0.000 1.0 0.059 0.962 0.034
0.0 0.0 0.0 1.0 0.0 0.0 0.0 0.0 0.0 0.0 0.564 0.026 0.026 0.026 2.0 0.103 0.962 0.034
0.0 0.0 0.0 1.0 0.0 0.0 0.0 0.0 0.0 1.0 0.564 0.000 0.000 0.000 2.0 0.088 0.962 0.034
0.0 0.0 0.0 1.0 0.0 0.0 0.0 0.0 0.0 1.0 1.000 0.000 0.000 0.000 2.0 0.088 0.962 0.034
0.0 0.0 0.0 1.0 0.0 0.0 0.0 0.0 0.0 1.0 1.000 0.000 0.000 0.000 2.0 0.074 0.962 0.034
0.0 0.0 0.0 1.0 0.0 0.0 0.0 0.0 0.0 1.0 0.846 0.000 0.000 0.000 3.0 0.118 0.962 0.034
0.0 1.0 0.0 0.0 0.0 0.0 0.0 0.0 0.0 1.0 0.846 0.000 0.000 0.000 1.0 0.088 0.962 0.034
0.0 0.0 1.0 0.0 0.0 0.0 0.0 0.0 0.0 0.0 0.821 0.026 0.026 0.026 4.0 0.162 0.962 0.034
0.0 1.0 0.0 0.0 0.0 0.0 0.0 0.0 0.0 0.0 0.667 0.179 0.179 0.179 1.0 0.132 0.962 0.034
0.0 0.0 0.0 1.0 0.0 0.0 0.0 0.0 0.0 0.0 0.641 0.205 0.205 0.205 2.0 0.103 0.962 0.034
0.0 0.0 0.0 1.0 0.0 0.0 0.0 0.0 0.0 1.0 0.744 0.000 0.000 0.000 4.0 0.162 0.962 0.034
0.0 0.0 1.0 0.0 0.0 0.0 0.0 0.0 0.0 0.0 0.667 0.077 0.077 0.077 2.0 0.132 0.962 0.034
0.0 0.0 0.0 1.0 0.0 0.0 0.0 0.0 0.0 1.0 0.692 0.000 0.000 0.000 4.0 0.147 0.962 0.034
0.0 1.0 0.0 0.0 0.0 0.0 0.0 0.0 0.0 0.0 0.667 0.026 0.026 0.026 1.0 0.118 0.962 0.034
0.0 0.0 0.0 1.0 0.0 0.0 0.0 0.0 0.0 0.0 0.641 0.051 0.051 0.051 2.0 0.103 0.962 0.034
0.0 0.0 0.0 1.0 0.0 0.0 0.0 0.0 0.0 1.0 0.692 0.000 0.000 0.000 4.0 0.162 0.962 0.034
0.0 0.0 1.0 0.0 0.0 0.0 0.0 0.0 0.0 0.0 0.667 0.026 0.026 0.026 2.0 0.132 0.962 0.034
0.0 0.0 0.0 1.0 0.0 0.0 0.0 0.0 0.0 1.0 0.692 0.000 0.000 0.000 4.0 0.147 0.962 0.034
0.0 1.0 0.0 0.0 0.0 0.0 0.0 0.0 0.0 0.0 0.667 0.026 0.026 0.026 1.0 0.118 0.962 0.034
0.0 0.0 1.0 0.0 0.0 0.0 0.0 0.0 0.0 0.0 0.641 0.051 0.051 0.051 2.0 0.103 0.962 0.034
0.0 0.0 0.0 1.0 0.0 0.0 0.0 0.0 0.0 1.0 0.641 0.000 0.000 0.000 4.0 0.147 0.962 0.034
0.0 0.0 0.0 1.0 0.0 0.0 0.0 0.0 0.0 1.0 0.846 0.000 0.000 0.000 3.0 0.103 1.000 0.034
0.0 0.0 0.0 1.0 0.0 0.0 0.0 0.0 0.0 1.0 0.744 0.000 0.000 0.000 3.0 0.118 1.000 0.034
0.0 0.0 0.0 1.0 0.0 0.0 0.0 0.0 0.0 1.0 0.718 0.000 0.000 0.000 3.0 0.103 1.000 0.034
0.0 0.0 0.0 1.0 0.0 0.0 0.0 0.0 0.0 1.0 0.590 0.000 0.000 0.000 3.0 0.118 1.000 0.034
0.0 0.0 0.0 1.0 0.0 0.0 0.0 0.0 0.0 1.0 0.590 0.000 0.000 0.000 3.0 0.118 1.000 0.034
0.0 0.0 0.0 1.0 0.0 0.0 0.0 0.0 0.0 1.0 0.615 0.000 0.000 0.000 3.0 0.103 1.000 0.034
0.0 0.0 1.0 0.0 0.0 0.0 0.0 0.0 0.0 0.0 0.103 0.077 0.897 0.592 3.0 0.309 0.231 0.828
0.0 1.0 0.0 0.0 0.0 0.0 0.0 0.0 1.0 0.0 0.026 0.077 0.974 0.645 1.0 0.426 0.038 0.862
0.0 0.0 0.0 0.0 0.0 1.0 0.0 0.0 1.0 0.0 0.051 0.051 0.949 0.619 2.0 0.471 0.077 0.862
0.0 1.0 0.0 0.0 0.0 0.0 0.0 0.0 1.0 0.0 0.026 0.103 0.974 0.646 1.0 0.309 0.038 0.862
0.0 1.0 0.0 0.0 0.0 0.0 0.0 0.0 1.0 0.0 0.026 0.103 0.974 0.646 1.0 0.265 0.038 0.862
0.0 1.0 0.0 0.0 0.0 0.0 0.0 0.0 1.0 0.0 0.026 0.077 0.974 0.645 1.0 0.279 0.038 0.862
0.0 1.0 0.0 0.0 0.0 0.0 0.0 0.0 1.0 0.0 0.026 0.103 0.974 0.646 1.0 0.294 0.038 0.862
0.0 1.0 0.0 0.0 0.0 0.0 0.0 0.0 1.0 0.0 0.026 0.077 0.974 0.746 1.0 0.147 0.038 0.345
0.0 0.0 1.0 0.0 0.0 0.0 0.0 0.0 0.0 0.0 0.077 0.103 0.744 0.524 2.0 0.368 0.115 0.310
0.0 1.0 0.0 0.0 0.0 0.0 0.0 0.0 1.0 0.0 0.026 0.077 0.974 0.645 1.0 0.279 0.038 0.862
0.0 1.0 0.0 0.0 0.0 0.0 0.0 0.0 0.0 0.0 0.077 0.103 0.923 0.618 1.0 0.544 0.077 0.828
0.0 0.0 0.0 0.0 1.0 0.0 0.0 0.0 0.0 0.0 0.051 0.128 0.949 0.643 2.0 0.294 0.077 0.828
0.0 1.0 0.0 0.0 0.0 0.0 0.0 0.0 1.0 0.0 0.026 0.154 0.974 0.669 1.0 0.500 0.038 0.828
0.0 1.0 0.0 0.0 0.0 0.0 0.0 0.0 0.0 0.0 0.513 0.051 0.333 0.151 1.0 0.324 0.923 0.276
0.0 0.0 0.0 0.0 1.0 0.0 0.0 0.0 1.0 0.0 0.051 0.513 0.949 0.666 2.0 0.588 0.077 0.793
0.0 0.0 0.0 0.0 1.0 0.0 0.0 0.0 1.0 0.0 0.051 0.051 0.949 0.660 2.0 0.221 0.077 0.379
0.0 0.0 0.0 0.0 1.0 0.0 0.0 0.0 1.0 0.0 0.103 0.462 0.897 0.614 2.0 0.368 0.115 0.793
0.0 0.0 0.0 0.0 0.0 1.0 0.0 0.0 0.0 0.0 0.564 0.077 0.436 0.231 2.0 0.721 0.962 0.310
0.0 0.0 1.0 0.0 0.0 0.0 0.0 0.0 0.0 0.0 0.538 0.103 0.462 0.256 4.0 0.721 0.962 0.310
0.0 0.0 0.0 0.0 0.0 1.0 0.0 0.0 1.0 0.0 0.564 0.077 0.282 0.172 3.0 0.603 0.962 0.241
0.0 0.0 1.0 0.0 0.0 0.0 0.0 0.0 1.0 0.0 0.590 0.103 0.256 0.162 2.0 0.250 0.962 0.207
0.0 0.0 1.0 0.0 0.0 0.0 0.0 0.0 0.0 0.0 0.590 0.051 0.256 0.128 2.0 0.324 0.962 0.207
0.0 1.0 0.0 0.0 0.0 0.0 0.0 0.0 0.0 0.0 0.590 0.051 0.256 0.128 1.0 0.221 0.962 0.207
0.0 0.0 0.0 0.0 1.0 0.0 0.0 0.0 1.0 0.0 0.564 0.077 0.282 0.154 3.0 0.353 0.962 0.207
0.0 1.0 0.0 0.0 0.0 0.0 0.0 0.0 0.0 0.0 0.077 0.487 0.769 0.590 1.0 0.353 0.115 0.241
0.0 0.0 1.0 0.0 0.0 0.0 0.0 0.0 0.0 0.0 0.051 0.513 0.795 0.615 3.0 0.441 0.115 0.241
0.0 1.0 0.0 0.0 0.0 0.0 0.0 0.0 1.0 0.0 0.026 0.538 0.974 0.691 1.0 0.353 0.038 0.793
0.0 1.0 0.0 0.0 0.0 0.0 0.0 0.0 0.0 0.0 0.128 0.462 0.718 0.556 1.0 0.294 0.154 0.207
0.0 0.0 0.0 0.0 0.0 1.0 0.0 0.0 0.0 0.0 0.103 0.487 0.744 0.581 2.0 0.235 0.154 0.207
0.0 0.0 1.0 0.0 0.0 0.0 0.0 0.0 0.0 0.0 0.538 0.051 0.308 0.145 2.0 0.382 0.962 0.207
0.0 0.0 1.0 0.0 0.0 0.0 0.0 0.0 0.0 0.0 0.513 0.077 0.333 0.171 2.0 0.338 0.962 0.207
0.0 0.0 0.0 0.0 1.0 0.0 0.0 0.0 1.0 0.0 0.026 0.077 0.974 0.567 2.0 0.544 0.077 1.000
0.0 0.0 0.0 0.0 0.0 1.0 0.0 0.0 1.0 0.0 0.051 0.051 0.769 0.342 2.0 0.515 0.115 0.414
0.0 0.0 0.0 0.0 0.0 1.0 0.0 0.0 0.0 0.0 0.513 0.051 0.308 0.158 3.0 0.603 0.962 0.207
0.0 1.0 0.0 0.0 0.0 0.0 0.0 0.0 0.0 0.0 0.205 0.359 0.615 0.466 1.0 0.368 0.385 0.207
0.0 0.0 0.0 1.0 0.0 0.0 0.0 0.0 0.0 0.0 0.179 0.385 0.641 0.491 2.0 0.221 0.385 0.207
0.0 1.0 0.0 0.0 0.0 0.0 0.0 0.0 0.0 0.0 0.154 0.410 0.846 0.563 1.0 0.294 0.308 0.793
0.0 0.0 0.0 0.0 1.0 0.0 0.0 0.0 1.0 0.0 0.128 0.436 0.872 0.589 3.0 0.235 0.308 0.793
0.0 0.0 0.0 0.0 0.0 1.0 0.0 0.0 1.0 0.0 0.154 0.410 0.846 0.563 3.0 0.412 0.308 0.793
0.0 0.0 0.0 1.0 0.0 0.0 0.0 0.0 0.0 0.0 0.103 0.462 0.897 0.614 2.0 0.529 0.115 0.793
0.0 0.0 0.0 0.0 0.0 1.0 0.0 0.0 0.0 0.0 0.179 0.385 0.821 0.537 2.0 0.485 0.346 0.793
0.0 1.0 0.0 0.0 0.0 0.0 0.0 0.0 0.0 0.0 0.077 0.487 0.923 0.651 1.0 0.544 0.077 0.724
0.0 0.0 0.0 0.0 1.0 0.0 0.0 0.0 0.0 0.0 0.051 0.513 0.949 0.676 2.0 0.324 0.077 0.724
0.0 1.0 0.0 0.0 0.0 0.0 0.0 0.0 0.0 0.0 0.154 0.410 0.846 0.574 1.0 0.382 0.154 0.724
0.0 0.0 0.0 1.0 0.0 0.0 0.0 0.0 0.0 0.0 0.128 0.436 0.872 0.600 2.0 0.235 0.154 0.724
0.0 0.0 0.0 0.0 1.0 0.0 0.0 0.0 1.0 0.0 0.051 0.513 0.949 0.676 3.0 0.397 0.154 0.724
0.0 0.0 1.0 0.0 0.0 0.0 0.0 0.0 0.0 0.0 0.128 0.436 0.872 0.600 2.0 0.412 0.192 0.724
0.0 0.0 0.0 1.0 0.0 0.0 0.0 0.0 0.0 0.0 0.154 0.410 0.846 0.574 3.0 0.471 0.269 0.724
0.0 1.0 0.0 0.0 0.0 0.0 0.0 0.0 0.0 0.0 0.077 0.487 0.923 0.651 1.0 0.529 0.154 0.724
0.0 0.0 0.0 0.0 1.0 0.0 0.0 0.0 1.0 0.0 0.051 0.513 0.949 0.676 3.0 0.279 0.154 0.724
0.0 0.0 0.0 1.0 0.0 0.0 0.0 0.0 0.0 1.0 0.103 0.000 0.000 0.000 2.0 0.074 0.192 0.034
0.0 0.0 0.0 1.0 0.0 0.0 0.0 0.0 0.0 1.0 0.103 0.000 0.000 0.000 2.0 0.074 0.192 0.034
0.0 0.0 0.0 1.0 0.0 0.0 0.0 0.0 0.0 1.0 0.128 0.000 0.000 0.000 2.0 0.088 0.192 0.034
0.0 0.0 0.0 1.0 0.0 0.0 0.0 0.0 0.0 1.0 0.103 0.000 0.000 0.000 2.0 0.074 0.192 0.034
0.0 0.0 0.0 1.0 0.0 0.0 0.0 0.0 0.0 1.0 0.128 0.000 0.000 0.000 2.0 0.088 0.192 0.034
0.0 0.0 0.0 1.0 0.0 0.0 0.0 0.0 0.0 1.0 0.128 0.000 0.000 0.000 2.0 0.074 0.192 0.034
0.0 0.0 1.0 0.0 0.0 0.0 0.0 0.0 0.0 0.0 0.077 0.103 0.923 0.618 4.0 0.235 0.192 0.828
0.0 0.0 1.0 0.0 0.0 0.0 0.0 0.0 0.0 0.0 0.103 0.462 0.462 0.462 3.0 0.279 0.154 0.034
0.0 0.0 0.0 0.0 1.0 0.0 0.0 0.0 1.0 0.0 0.103 0.462 0.897 0.625 3.0 0.309 0.154 0.724
0.0 1.0 0.0 0.0 0.0 0.0 0.0 0.0 0.0 0.0 0.179 0.385 0.821 0.537 1.0 0.412 0.308 0.793
0.0 0.0 0.0 0.0 1.0 0.0 0.0 0.0 1.0 0.0 0.103 0.462 0.897 0.625 3.0 0.500 0.154 0.724
0.0 0.0 0.0 0.0 1.0 0.0 0.0 0.0 0.0 0.0 0.103 0.462 0.897 0.625 3.0 0.382 0.154 0.724
0.0 0.0 0.0 0.0 1.0 0.0 0.0 0.0 1.0 0.0 0.103 0.462 0.897 0.625 3.0 0.515 0.154 0.724
0.0 0.0 0.0 1.0 0.0 0.0 0.0 0.0 1.0 0.0 0.026 0.538 0.974 0.691 2.0 0.265 0.077 0.793
0.0 1.0 0.0 0.0 0.0 0.0 0.0 0.0 0.0 0.0 0.128 0.436 0.872 0.589 1.0 0.324 0.231 0.793
0.0 0.0 0.0 0.0 1.0 0.0 0.0 0.0 0.0 0.0 0.103 0.077 0.077 0.077 2.0 0.279 0.115 0.034
0.0 0.0 0.0 0.0 1.0 0.0 0.0 0.0 0.0 0.0 0.538 0.103 0.103 0.103 2.0 0.221 0.962 0.034
0.0 0.0 0.0 1.0 0.0 0.0 0.0 0.0 0.0 0.0 0.051 0.590 0.590 0.590 2.0 0.279 0.077 0.034
0.0 0.0 0.0 1.0 0.0 0.0 0.0 0.0 0.0 0.0 0.564 0.077 0.077 0.077 2.0 0.132 0.962 0.034
0.0 0.0 0.0 1.0 0.0 0.0 0.0 0.0 0.0 0.0 0.513 0.128 0.128 0.128 3.0 0.294 0.962 0.034
0.0 0.0 0.0 1.0 0.0 0.0 0.0 0.0 0.0 0.0 0.154 0.410 0.410 0.410 2.0 0.191 0.346 0.034
0.0 0.0 0.0 0.0 1.0 0.0 0.0 0.0 0.0 0.0 0.077 0.487 0.487 0.487 2.0 0.221 0.115 0.034
0.0 0.0 0.0 0.0 1.0 0.0 0.0 0.0 0.0 0.0 0.538 0.026 0.026 0.026 2.0 0.206 0.962 0.034
0.0 0.0 0.0 0.0 1.0 0.0 0.0 0.0 1.0 0.0 0.077 0.564 0.923 0.718 2.0 0.309 0.115 0.310
0.0 0.0 0.0 1.0 0.0 0.0 0.0 0.0 0.0 0.0 0.128 0.513 0.872 0.667 2.0 0.426 0.308 0.310
0.0 0.0 0.0 0.0 1.0 0.0 0.0 0.0 0.0 0.0 0.513 0.128 0.487 0.282 2.0 0.456 0.923 0.310
0.0 0.0 0.0 1.0 0.0 0.0 0.0 0.0 0.0 0.0 0.974 0.026 0.026 0.026 2.0 0.250 0.962 0.034
0.0 0.0 0.0 1.0 0.0 0.0 0.0 0.0 1.0 0.0 0.564 0.436 0.436 0.436 2.0 0.279 0.962 0.034
0.0 1.0 0.0 0.0 0.0 0.0 0.0 0.0 0.0 0.0 0.974 0.026 0.026 0.026 1.0 0.088 0.962 0.034
0.0 0.0 1.0 0.0 0.0 0.0 0.0 0.0 0.0 0.0 0.949 0.051 0.051 0.051 2.0 0.250 0.962 0.034
0.0 0.0 0.0 1.0 0.0 0.0 0.0 0.0 1.0 0.0 0.564 0.436 0.436 0.436 2.0 0.279 0.962 0.034
0.0 0.0 0.0 1.0 0.0 0.0 0.0 0.0 1.0 0.0 0.615 0.231 0.231 0.231 2.0 0.162 0.962 0.034
0.0 0.0 0.0 1.0 0.0 0.0 0.0 0.0 0.0 0.0 0.821 0.026 0.026 0.026 2.0 0.265 0.962 0.034
0.0 0.0 0.0 1.0 0.0 0.0 0.0 0.0 1.0 0.0 0.564 0.282 0.282 0.282 2.0 0.294 0.962 0.034
0.0 0.0 0.0 1.0 0.0 0.0 0.0 0.0 1.0 0.0 0.615 0.231 0.231 0.231 2.0 0.176 0.962 0.034
0.0 0.0 0.0 1.0 0.0 0.0 0.0 0.0 1.0 0.0 0.615 0.231 0.231 0.231 2.0 0.162 0.962 0.034
0.0 0.0 0.0 1.0 0.0 0.0 0.0 0.0 0.0 0.0 0.795 0.051 0.051 0.051 2.0 0.309 0.962 0.034
0.0 0.0 0.0 1.0 0.0 0.0 0.0 0.0 1.0 0.0 0.615 0.231 0.231 0.231 2.0 0.191 0.962 0.034
0.0 0.0 0.0 1.0 0.0 0.0 0.0 0.0 1.0 0.0 0.564 0.282 0.282 0.282 2.0 0.324 0.962 0.034
0.0 0.0 0.0 1.0 0.0 0.0 0.0 0.0 1.0 0.0 0.615 0.128 0.128 0.128 2.0 0.176 0.962 0.034
0.0 1.0 0.0 0.0 0.0 0.0 0.0 0.0 0.0 0.0 0.641 0.103 0.103 0.103 1.0 0.088 0.962 0.034
0.0 0.0 1.0 0.0 0.0 0.0 0.0 0.0 1.0 0.0 0.615 0.128 0.128 0.128 2.0 0.147 0.962 0.034
0.0 0.0 0.0 1.0 0.0 0.0 0.0 0.0 0.0 0.0 0.718 0.026 0.026 0.026 2.0 0.309 0.962 0.034
0.0 1.0 0.0 0.0 0.0 0.0 0.0 0.0 0.0 0.0 0.641 0.103 0.103 0.103 1.0 0.103 0.962 0.034
0.0 0.0 0.0 1.0 0.0 0.0 0.0 0.0 1.0 0.0 0.615 0.128 0.128 0.128 2.0 0.147 0.962 0.034
0.0 0.0 0.0 1.0 0.0 0.0 0.0 0.0 1.0 0.0 0.564 0.179 0.179 0.179 2.0 0.309 0.962 0.034
0.0 0.0 0.0 1.0 0.0 0.0 0.0 0.0 1.0 0.0 0.615 0.077 0.077 0.077 2.0 0.176 0.962 0.034
0.0 0.0 0.0 1.0 0.0 0.0 0.0 0.0 1.0 0.0 0.615 0.077 0.077 0.077 2.0 0.162 0.962 0.034
0.0 0.0 0.0 1.0 0.0 0.0 0.0 0.0 0.0 0.0 0.667 0.026 0.026 0.026 2.0 0.294 0.962 0.034
0.0 0.0 0.0 1.0 0.0 0.0 0.0 0.0 1.0 0.0 0.615 0.077 0.077 0.077 2.0 0.176 0.962 0.034
0.0 0.0 0.0 1.0 0.0 0.0 0.0 0.0 1.0 0.0 0.564 0.128 0.128 0.128 2.0 0.309 0.962 0.034
0.0 1.0 0.0 0.0 0.0 0.0 0.0 0.0 0.0 0.0 0.641 0.051 0.051 0.051 1.0 0.088 0.962 0.034
0.0 0.0 1.0 0.0 0.0 0.0 0.0 0.0 1.0 0.0 0.615 0.077 0.077 0.077 2.0 0.162 0.962 0.034
0.0 1.0 0.0 0.0 0.0 0.0 0.0 0.0 0.0 0.0 0.641 0.051 0.051 0.051 1.0 0.088 0.962 0.034
0.0 0.0 0.0 1.0 0.0 0.0 0.0 0.0 1.0 0.0 0.615 0.077 0.077 0.077 2.0 0.147 0.962 0.034
0.0 0.0 0.0 1.0 0.0 0.0 0.0 0.0 0.0 0.0 0.590 0.103 0.103 0.103 2.0 0.309 0.962 0.034
0.0 0.0 0.0 1.0 0.0 0.0 0.0 0.0 1.0 0.0 0.615 0.077 0.077 0.077 2.0 0.176 0.962 0.034
0.0 0.0 0.0 1.0 0.0 0.0 0.0 0.0 1.0 0.0 0.564 0.128 0.128 0.128 2.0 0.309 0.962 0.034
0.0 0.0 0.0 1.0 0.0 0.0 0.0 0.0 1.0 0.0 0.615 0.077 0.077 0.077 2.0 0.176 0.962 0.034
0.0 0.0 0.0 1.0 0.0 0.0 0.0 0.0 1.0 0.0 0.615 0.077 0.077 0.077 2.0 0.162 0.962 0.034
0.0 0.0 0.0 1.0 0.0 0.0 0.0 0.0 0.0 0.0 0.590 0.103 0.103 0.103 2.0 0.309 0.962 0.034
0.0 0.0 0.0 1.0 0.0 0.0 0.0 0.0 1.0 0.0 0.615 0.077 0.077 0.077 2.0 0.176 0.962 0.034
0.0 0.0 0.0 1.0 0.0 0.0 0.0 0.0 1.0 0.0 0.564 0.128 0.128 0.128 2.0 0.309 0.962 0.034
0.0 0.0 0.0 1.0 0.0 0.0 0.0 0.0 1.0 0.0 0.615 0.026 0.026 0.026 2.0 0.191 0.962 0.034
0.0 0.0 0.0 1.0 0.0 0.0 0.0 0.0 0.0 0.0 0.590 0.051 0.051 0.051 2.0 0.309 0.962 0.034
0.0 0.0 0.0 1.0 0.0 0.0 0.0 0.0 1.0 0.0 0.615 0.026 0.026 0.026 2.0 0.176 0.962 0.034
0.0 0.0 0.0 1.0 0.0 0.0 0.0 0.0 1.0 0.0 0.564 0.077 0.077 0.077 2.0 0.309 0.962 0.034
0.0 1.0 0.0 0.0 0.0 0.0 0.0 0.0 0.0 0.0 0.821 0.026 0.026 0.026 1.0 0.103 0.962 0.034
0.0 0.0 1.0 0.0 0.0 0.0 0.0 0.0 0.0 0.0 0.795 0.051 0.051 0.051 2.0 0.221 0.962 0.034
0.0 0.0 0.0 1.0 0.0 0.0 0.0 0.0 1.0 0.0 0.538 0.308 0.308 0.308 2.0 0.176 0.962 0.034
0.0 0.0 0.0 1.0 0.0 0.0 0.0 0.0 1.0 0.0 0.103 0.744 0.744 0.744 2.0 0.191 0.154 0.034
0.0 0.0 0.0 1.0 0.0 0.0 0.0 0.0 0.0 0.0 0.718 0.026 0.026 0.026 2.0 0.250 0.962 0.034
0.0 0.0 0.0 1.0 0.0 0.0 0.0 0.0 1.0 0.0 0.538 0.205 0.205 0.205 2.0 0.176 0.962 0.034
0.0 0.0 0.0 1.0 0.0 0.0 0.0 0.0 1.0 0.0 0.103 0.641 0.641 0.641 2.0 0.191 0.154 0.034
0.0 1.0 0.0 0.0 0.0 0.0 0.0 0.0 0.0 0.0 0.692 0.026 0.026 0.026 1.0 0.103 0.962 0.034
0.0 0.0 1.0 0.0 0.0 0.0 0.0 0.0 0.0 0.0 0.667 0.051 0.051 0.051 2.0 0.221 0.962 0.034
0.0 0.0 0.0 1.0 0.0 0.0 0.0 0.0 1.0 0.0 0.538 0.179 0.179 0.179 2.0 0.176 0.962 0.034
0.0 0.0 0.0 1.0 0.0 0.0 0.0 0.0 1.0 0.0 0.103 0.615 0.615 0.615 2.0 0.191 0.154 0.034
0.0 0.0 0.0 1.0 0.0 0.0 0.0 0.0 0.0 0.0 0.564 0.026 0.026 0.026 2.0 0.250 0.962 0.034
0.0 0.0 0.0 1.0 0.0 0.0 0.0 0.0 1.0 0.0 0.538 0.051 0.051 0.051 2.0 0.176 0.962 0.034
0.0 0.0 0.0 1.0 0.0 0.0 0.0 0.0 1.0 0.0 0.103 0.487 0.487 0.487 2.0 0.191 0.154 0.034
0.0 0.0 0.0 1.0 0.0 0.0 0.0 0.0 0.0 0.0 0.564 0.026 0.026 0.026 2.0 0.250 0.962 0.034
0.0 0.0 0.0 1.0 0.0 0.0 0.0 0.0 1.0 0.0 0.538 0.051 0.051 0.051 2.0 0.176 0.962 0.034
0.0 0.0 0.0 1.0 0.0 0.0 0.0 0.0 1.0 0.0 0.103 0.487 0.487 0.487 2.0 0.191 0.154 0.034
0.0 1.0 0.0 0.0 0.0 0.0 0.0 0.0 0.0 0.0 0.590 0.026 0.026 0.026 1.0 0.103 0.962 0.034
0.0 0.0 1.0 0.0 0.0 0.0 0.0 0.0 0.0 0.0 0.564 0.051 0.051 0.051 2.0 0.235 0.962 0.034
0.0 0.0 0.0 1.0 0.0 0.0 0.0 0.0 1.0 0.0 0.538 0.077 0.077 0.077 2.0 0.176 0.962 0.034
0.0 0.0 0.0 1.0 0.0 0.0 0.0 0.0 1.0 0.0 0.103 0.513 0.513 0.513 2.0 0.191 0.154 0.034
0.0 0.0 0.0 1.0 0.0 0.0 0.0 0.0 0.0 0.0 0.077 0.487 0.744 0.594 2.0 0.397 0.154 0.207
0.0 1.0 0.0 0.0 0.0 0.0 0.0 0.0 0.0 0.0 0.154 0.026 0.667 0.447 1.0 0.132 0.346 0.241
0.0 0.0 1.0 0.0 0.0 0.0 0.0 0.0 0.0 0.0 0.128 0.051 0.692 0.473 2.0 0.235 0.346 0.241
0.0 0.0 0.0 1.0 0.0 0.0 0.0 0.0 0.0 0.0 0.795 0.026 0.026 0.026 2.0 0.235 0.962 0.034
0.0 0.0 0.0 1.0 0.0 0.0 0.0 0.0 1.0 0.0 0.231 0.590 0.590 0.590 2.0 0.162 0.423 0.034
0.0 1.0 0.0 0.0 0.0 0.0 0.0 0.0 0.0 0.0 0.744 0.026 0.026 0.026 1.0 0.088 0.962 0.034
0.0 0.0 0.0 1.0 0.0 0.0 0.0 0.0 0.0 0.0 0.718 0.051 0.051 0.051 2.0 0.250 0.962 0.034
0.0 0.0 0.0 1.0 0.0 0.0 0.0 0.0 1.0 0.0 0.231 0.538 0.538 0.538 2.0 0.162 0.423 0.034
0.0 0.0 0.0 1.0 0.0 0.0 0.0 0.0 0.0 0.0 0.667 0.026 0.026 0.026 2.0 0.235 0.962 0.034
0.0 0.0 0.0 1.0 0.0 0.0 0.0 0.0 1.0 0.0 0.231 0.462 0.462 0.462 2.0 0.162 0.423 0.034
0.0 0.0 0.0 1.0 0.0 0.0 0.0 0.0 0.0 0.0 0.564 0.026 0.026 0.026 2.0 0.250 0.962 0.034
0.0 0.0 0.0 1.0 0.0 0.0 0.0 0.0 1.0 0.0 0.231 0.359 0.359 0.359 2.0 0.162 0.423 0.034
0.0 0.0 0.0 1.0 0.0 0.0 0.0 0.0 0.0 0.0 0.538 0.051 0.051 0.051 2.0 0.265 0.962 0.034
0.0 0.0 0.0 1.0 0.0 0.0 0.0 0.0 1.0 0.0 0.231 0.359 0.359 0.359 2.0 0.176 0.423 0.034
0.0 0.0 0.0 1.0 0.0 0.0 0.0 0.0 0.0 0.0 0.538 0.026 0.026 0.026 2.0 0.250 0.962 0.034
0.0 0.0 0.0 1.0 0.0 0.0 0.0 0.0 1.0 0.0 0.231 0.333 0.333 0.333 2.0 0.162 0.423 0.034
0.0 0.0 0.0 1.0 0.0 0.0 0.0 0.0 1.0 0.0 0.128 0.436 0.872 0.589 2.0 0.235 0.154 0.793
0.0 0.0 0.0 1.0 0.0 0.0 0.0 0.0 1.0 0.0 0.179 0.385 0.821 0.537 2.0 0.176 0.308 0.793
0.0 0.0 0.0 1.0 0.0 0.0 0.0 0.0 1.0 0.0 0.128 0.436 0.872 0.589 2.0 0.265 0.154 0.793
0.0 0.0 0.0 1.0 0.0 0.0 0.0 0.0 1.0 0.0 0.179 0.385 0.821 0.537 2.0 0.206 0.308 0.793
0.0 0.0 0.0 1.0 0.0 0.0 0.0 0.0 1.0 0.0 0.128 0.436 0.872 0.589 2.0 0.250 0.154 0.793
0.0 0.0 0.0 1.0 0.0 0.0 0.0 0.0 1.0 0.0 0.179 0.385 0.821 0.537 2.0 0.191 0.308 0.793
0.0 0.0 0.0 1.0 0.0 0.0 0.0 0.0 1.0 0.0 0.128 0.436 0.872 0.589 2.0 0.250 0.154 0.793
0.0 0.0 0.0 1.0 0.0 0.0 0.0 0.0 1.0 0.0 0.179 0.385 0.821 0.537 2.0 0.191 0.308 0.793
0.0 0.0 0.0 1.0 0.0 0.0 0.0 0.0 1.0 0.0 0.128 0.436 0.872 0.589 2.0 0.235 0.154 0.793
0.0 0.0 0.0 1.0 0.0 0.0 0.0 0.0 1.0 0.0 0.179 0.385 0.821 0.537 2.0 0.176 0.308 0.793
0.0 1.0 0.0 0.0 0.0 0.0 0.0 0.0 0.0 0.0 0.154 0.410 0.846 0.563 1.0 0.103 0.154 0.793
0.0 0.0 1.0 0.0 0.0 0.0 0.0 0.0 1.0 0.0 0.128 0.436 0.872 0.589 2.0 0.221 0.154 0.793
0.0 1.0 0.0 0.0 0.0 0.0 0.0 0.0 0.0 0.0 0.205 0.359 0.795 0.512 1.0 0.103 0.308 0.793
0.0 0.0 1.0 0.0 0.0 0.0 0.0 0.0 1.0 0.0 0.179 0.385 0.821 0.537 2.0 0.162 0.308 0.793
0.0 0.0 0.0 1.0 0.0 0.0 0.0 0.0 1.0 0.0 0.026 0.538 0.974 0.691 2.0 0.074 0.077 0.793
0.0 0.0 0.0 1.0 0.0 0.0 0.0 0.0 1.0 0.0 0.026 0.538 0.974 0.691 2.0 0.074 0.077 0.793
0.0 0.0 0.0 1.0 0.0 0.0 0.0 0.0 1.0 0.0 0.026 0.538 0.974 0.691 2.0 0.074 0.077 0.793
0.0 1.0 0.0 0.0 0.0 0.0 0.0 0.0 0.0 0.0 0.051 0.513 0.949 0.666 1.0 0.088 0.077 0.793
0.0 0.0 0.0 1.0 0.0 0.0 0.0 0.0 1.0 0.0 0.026 0.538 0.974 0.691 2.0 0.044 0.077 0.793
0.0 0.0 0.0 1.0 0.0 0.0 0.0 0.0 1.0 0.0 0.026 0.538 0.974 0.691 2.0 0.074 0.077 0.793
0.0 0.0 0.0 1.0 0.0 0.0 0.0 0.0 0.0 0.0 0.179 0.385 0.821 0.548 3.0 0.559 0.231 0.724
0.0 0.0 0.0 1.0 0.0 0.0 0.0 0.0 1.0 0.0 0.205 0.615 0.795 0.688 2.0 0.250 0.269 0.207
0.0 1.0 0.0 0.0 0.0 0.0 0.0 0.0 0.0 0.0 0.103 0.718 0.897 0.791 1.0 0.118 0.192 0.207
0.0 0.0 0.0 0.0 0.0 1.0 0.0 0.0 0.0 0.0 0.077 0.744 0.923 0.816 2.0 0.221 0.192 0.207
0.0 0.0 0.0 1.0 0.0 0.0 0.0 0.0 1.0 0.0 0.205 0.538 0.795 0.641 2.0 0.265 0.269 0.310
0.0 1.0 0.0 0.0 0.0 0.0 0.0 0.0 0.0 0.0 0.103 0.641 0.897 0.744 1.0 0.132 0.192 0.310
0.0 0.0 0.0 0.0 1.0 0.0 0.0 0.0 0.0 0.0 0.077 0.667 0.923 0.769 2.0 0.191 0.192 0.310
0.0 0.0 0.0 1.0 0.0 0.0 0.0 0.0 1.0 0.0 0.205 0.487 0.795 0.605 2.0 0.265 0.269 0.414
0.0 0.0 0.0 0.0 1.0 0.0 0.0 0.0 0.0 0.0 0.077 0.615 0.923 0.733 2.0 0.279 0.192 0.414
0.0 0.0 0.0 1.0 0.0 0.0 0.0 0.0 1.0 0.0 0.205 0.385 0.795 0.568 2.0 0.279 0.269 0.517
0.0 0.0 0.0 0.0 1.0 0.0 0.0 0.0 0.0 0.0 0.077 0.513 0.923 0.696 2.0 0.279 0.192 0.517
0.0 1.0 0.0 0.0 0.0 0.0 0.0 0.0 0.0 0.0 0.231 0.359 0.769 0.517 1.0 0.118 0.269 0.621
0.0 0.0 0.0 1.0 0.0 0.0 0.0 0.0 1.0 0.0 0.205 0.385 0.795 0.543 2.0 0.221 0.269 0.621
0.0 1.0 0.0 0.0 0.0 0.0 0.0 0.0 0.0 0.0 0.231 0.333 0.769 0.497 1.0 0.132 0.269 0.724
0.0 0.0 1.0 0.0 0.0 0.0 0.0 0.0 1.0 0.0 0.205 0.359 0.795 0.523 2.0 0.221 0.269 0.724
0.0 0.0 0.0 0.0 1.0 0.0 0.0 0.0 0.0 0.0 0.077 0.487 0.923 0.651 2.0 0.279 0.192 0.724
0.0 0.0 0.0 1.0 0.0 0.0 0.0 0.0 1.0 0.0 0.179 0.821 0.821 0.821 2.0 0.176 0.308 0.034
0.0 1.0 0.0 0.0 0.0 0.0 0.0 0.0 0.0 0.0 0.205 0.795 0.795 0.795 1.0 0.103 0.308 0.069
0.0 0.0 0.0 1.0 0.0 0.0 0.0 0.0 1.0 0.0 0.179 0.821 0.821 0.821 2.0 0.147 0.308 0.069
0.0 0.0 0.0 1.0 0.0 0.0 0.0 0.0 1.0 0.0 0.179 0.667 0.821 0.769 2.0 0.176 0.308 0.103
0.0 0.0 0.0 0.0 1.0 0.0 0.0 0.0 1.0 0.0 0.179 0.385 0.821 0.548 2.0 0.294 0.269 0.724
0.0 0.0 0.0 1.0 0.0 0.0 0.0 0.0 1.0 0.0 0.205 0.615 0.795 0.688 2.0 0.206 0.308 0.207
0.0 0.0 0.0 1.0 0.0 0.0 0.0 0.0 1.0 0.0 0.179 0.385 0.821 0.537 2.0 0.294 0.346 0.793
0.0 0.0 0.0 0.0 1.0 0.0 0.0 0.0 0.0 0.0 0.103 0.718 0.897 0.791 2.0 0.294 0.192 0.207
0.0 0.0 0.0 1.0 0.0 0.0 0.0 0.0 1.0 0.0 0.205 0.538 0.795 0.641 2.0 0.206 0.308 0.310
0.0 0.0 0.0 1.0 0.0 0.0 0.0 0.0 1.0 0.0 0.179 0.385 0.821 0.537 2.0 0.279 0.346 0.793
0.0 1.0 0.0 0.0 0.0 0.0 0.0 0.0 0.0 0.0 0.128 0.615 0.872 0.718 1.0 0.147 0.192 0.310
0.0 0.0 0.0 0.0 0.0 1.0 0.0 0.0 0.0 0.0 0.103 0.641 0.897 0.744 2.0 0.206 0.192 0.310
0.0 1.0 0.0 0.0 0.0 0.0 0.0 0.0 0.0 0.0 0.231 0.462 0.769 0.579 1.0 0.118 0.308 0.414
0.0 0.0 0.0 1.0 0.0 0.0 0.0 0.0 1.0 0.0 0.205 0.487 0.795 0.605 2.0 0.147 0.308 0.414
0.0 0.0 0.0 1.0 0.0 0.0 0.0 0.0 1.0 0.0 0.179 0.385 0.821 0.537 2.0 0.265 0.346 0.793
0.0 0.0 0.0 0.0 1.0 0.0 0.0 0.0 0.0 0.0 0.103 0.590 0.897 0.707 2.0 0.294 0.192 0.414
0.0 1.0 0.0 0.0 0.0 0.0 0.0 0.0 0.0 0.0 0.231 0.359 0.769 0.542 1.0 0.132 0.308 0.517
0.0 0.0 0.0 1.0 0.0 0.0 0.0 0.0 1.0 0.0 0.205 0.385 0.795 0.568 2.0 0.147 0.308 0.517
0.0 0.0 0.0 1.0 0.0 0.0 0.0 0.0 1.0 0.0 0.179 0.385 0.821 0.537 2.0 0.279 0.346 0.793
0.0 0.0 0.0 0.0 1.0 0.0 0.0 0.0 0.0 0.0 0.103 0.487 0.897 0.670 2.0 0.309 0.192 0.517
0.0 0.0 0.0 1.0 0.0 0.0 0.0 0.0 1.0 0.0 0.205 0.385 0.795 0.543 2.0 0.206 0.308 0.621
0.0 0.0 0.0 1.0 0.0 0.0 0.0 0.0 1.0 0.0 0.179 0.385 0.821 0.537 2.0 0.279 0.346 0.793
0.0 1.0 0.0 0.0 0.0 0.0 0.0 0.0 0.0 0.0 0.231 0.333 0.769 0.497 1.0 0.132 0.308 0.724
0.0 0.0 1.0 0.0 0.0 0.0 0.0 0.0 1.0 0.0 0.205 0.359 0.795 0.523 2.0 0.147 0.308 0.724
0.0 0.0 0.0 1.0 0.0 0.0 0.0 0.0 1.0 0.0 0.179 0.385 0.821 0.537 2.0 0.279 0.346 0.793
0.0 0.0 0.0 0.0 1.0 0.0 0.0 0.0 0.0 0.0 0.103 0.462 0.897 0.625 2.0 0.294 0.192 0.724
0.0 0.0 0.0 1.0 0.0 0.0 0.0 0.0 0.0 0.0 0.051 0.513 0.949 0.676 2.0 0.441 0.077 0.724
0.0 1.0 0.0 0.0 0.0 0.0 0.0 0.0 0.0 0.0 0.077 0.487 0.923 0.651 1.0 0.279 0.077 0.724
0.0 0.0 0.0 0.0 1.0 0.0 0.0 0.0 1.0 0.0 0.051 0.513 0.949 0.676 2.0 0.176 0.077 0.724
0.0 0.0 0.0 0.0 1.0 0.0 0.0 0.0 1.0 0.0 0.051 0.128 0.949 0.643 2.0 0.176 0.077 0.828
0.0 0.0 0.0 1.0 0.0 0.0 0.0 0.0 1.0 0.0 0.051 0.128 0.949 0.643 2.0 0.176 0.077 0.828
0.0 0.0 0.0 0.0 1.0 0.0 0.0 0.0 1.0 0.0 0.051 0.128 0.949 0.643 2.0 0.176 0.077 0.828
0.0 0.0 0.0 0.0 1.0 0.0 0.0 0.0 1.0 0.0 0.051 0.128 0.949 0.643 2.0 0.176 0.077 0.828
0.0 0.0 0.0 0.0 1.0 0.0 0.0 0.0 1.0 0.0 0.051 0.128 0.949 0.643 2.0 0.162 0.077 0.828
0.0 0.0 0.0 0.0 1.0 0.0 0.0 0.0 1.0 0.0 0.051 0.128 0.949 0.643 2.0 0.176 0.077 0.828
0.0 0.0 0.0 0.0 1.0 0.0 0.0 0.0 1.0 0.0 0.051 0.051 0.051 0.051 2.0 0.147 0.077 0.034
0.0 0.0 0.0 1.0 0.0 0.0 0.0 0.0 1.0 0.0 0.077 0.026 0.026 0.026 2.0 0.147 0.115 0.034
0.0 1.0 0.0 0.0 0.0 0.0 0.0 0.0 0.0 0.0 0.615 0.026 0.026 0.026 1.0 0.103 0.962 0.034
0.0 0.0 1.0 0.0 0.0 0.0 0.0 0.0 1.0 0.0 0.590 0.051 0.051 0.051 2.0 0.088 0.962 0.034
0.0 0.0 0.0 0.0 1.0 0.0 0.0 0.0 1.0 0.0 0.077 0.564 0.564 0.564 3.0 0.176 0.154 0.034
0.0 0.0 0.0 1.0 0.0 0.0 0.0 0.0 1.0 0.0 0.051 0.513 0.513 0.513 3.0 0.235 0.115 0.034
0.0 0.0 0.0 0.0 1.0 0.0 0.0 0.0 0.0 0.0 0.077 0.487 0.487 0.487 2.0 0.265 0.115 0.034
0.0 0.0 0.0 0.0 1.0 0.0 0.0 0.0 0.0 0.0 0.077 0.026 0.026 0.026 2.0 0.309 0.154 0.034
0.0 0.0 0.0 1.0 0.0 0.0 0.0 0.0 1.0 0.0 0.077 0.026 0.026 0.026 2.0 0.235 0.154 0.034
0.0 0.0 0.0 0.0 1.0 0.0 0.0 0.0 0.0 0.0 0.077 0.026 0.026 0.026 2.0 0.279 0.154 0.034
0.0 0.0 0.0 1.0 0.0 0.0 0.0 0.0 1.0 0.0 0.077 0.026 0.026 0.026 2.0 0.235 0.154 0.034
0.0 0.0 0.0 0.0 1.0 0.0 0.0 0.0 0.0 0.0 0.077 0.051 0.051 0.051 2.0 0.338 0.154 0.034
0.0 1.0 0.0 0.0 0.0 0.0 0.0 0.0 0.0 0.0 0.103 0.026 0.026 0.026 1.0 0.074 0.154 0.034
0.0 0.0 1.0 0.0 0.0 0.0 0.0 0.0 1.0 0.0 0.077 0.051 0.051 0.051 2.0 0.250 0.154 0.034
0.0 0.0 0.0 0.0 1.0 0.0 0.0 0.0 0.0 0.0 0.077 0.026 0.026 0.026 2.0 0.324 0.154 0.034
0.0 0.0 0.0 1.0 0.0 0.0 0.0 0.0 1.0 0.0 0.077 0.026 0.026 0.026 2.0 0.235 0.154 0.034
0.0 0.0 0.0 0.0 1.0 0.0 0.0 0.0 0.0 0.0 0.077 0.051 0.051 0.051 2.0 0.338 0.154 0.034
0.0 1.0 0.0 0.0 0.0 0.0 0.0 0.0 0.0 0.0 0.103 0.026 0.026 0.026 1.0 0.074 0.154 0.034
0.0 0.0 1.0 0.0 0.0 0.0 0.0 0.0 1.0 0.0 0.077 0.051 0.051 0.051 2.0 0.250 0.154 0.034
0.0 1.0 0.0 0.0 0.0 0.0 0.0 0.0 0.0 0.0 0.103 0.026 0.026 0.026 1.0 0.088 0.154 0.034
0.0 0.0 0.0 0.0 1.0 0.0 0.0 0.0 0.0 0.0 0.077 0.051 0.051 0.051 2.0 0.324 0.154 0.034
0.0 0.0 0.0 1.0 0.0 0.0 0.0 0.0 1.0 0.0 0.077 0.051 0.051 0.051 2.0 0.250 0.154 0.034
0.0 1.0 0.0 0.0 0.0 0.0 0.0 0.0 1.0 0.0 0.026 0.077 0.974 0.645 1.0 0.191 0.038 0.862
0.0 1.0 0.0 0.0 0.0 0.0 0.0 0.0 0.0 0.0 0.205 0.359 0.795 0.512 1.0 0.118 0.154 0.793
0.0 0.0 0.0 1.0 0.0 0.0 0.0 0.0 0.0 0.0 0.179 0.385 0.821 0.537 2.0 0.162 0.154 0.793
0.0 0.0 0.0 0.0 1.0 0.0 0.0 0.0 0.0 0.0 0.103 0.462 0.897 0.614 2.0 0.176 0.154 0.793
0.0 0.0 1.0 0.0 0.0 0.0 0.0 0.0 0.0 0.0 0.923 0.077 0.077 0.077 2.0 0.132 0.923 0.034
0.0 0.0 1.0 0.0 0.0 0.0 0.0 0.0 0.0 0.0 0.949 0.051 0.051 0.051 2.0 0.176 0.962 0.034
0.0 1.0 0.0 0.0 0.0 0.0 0.0 0.0 0.0 0.0 0.128 0.436 0.872 0.600 1.0 0.824 0.192 0.724
0.0 1.0 0.0 0.0 0.0 0.0 0.0 0.0 0.0 0.0 0.231 0.769 0.769 0.769 1.0 0.132 0.269 0.069
0.0 1.0 0.0 0.0 0.0 0.0 0.0 0.0 0.0 0.0 0.282 0.282 0.718 0.446 1.0 0.176 0.423 0.724
0.0 1.0 0.0 0.0 0.0 0.0 0.0 0.0 0.0 0.0 0.282 0.308 0.718 0.466 1.0 0.176 0.308 0.621
0.0 1.0 0.0 0.0 0.0 0.0 0.0 0.0 0.0 0.0 0.256 0.333 0.744 0.516 1.0 0.191 0.269 0.517
0.0 1.0 0.0 0.0 0.0 0.0 0.0 0.0 0.0 0.0 0.256 0.436 0.744 0.553 1.0 0.176 0.308 0.414
0.0 1.0 0.0 0.0 0.0 0.0 0.0 0.0 0.0 0.0 0.256 0.487 0.744 0.590 1.0 0.176 0.346 0.310
0.0 1.0 0.0 0.0 0.0 0.0 0.0 0.0 0.0 0.0 0.256 0.564 0.744 0.637 1.0 0.162 0.308 0.207
0.0 1.0 0.0 0.0 0.0 0.0 0.0 0.0 0.0 0.0 0.231 0.615 0.769 0.718 1.0 0.147 0.269 0.103
0.0 0.0 0.0 0.0 0.0 1.0 0.0 0.0 0.0 0.0 0.821 0.179 0.179 0.179 2.0 0.265 0.923 0.069
0.0 1.0 0.0 0.0 0.0 0.0 0.0 0.0 0.0 0.0 0.795 0.205 0.205 0.205 1.0 0.176 0.885 0.069
0.0 0.0 0.0 1.0 0.0 0.0 0.0 0.0 0.0 0.0 0.769 0.231 0.231 0.231 2.0 0.162 0.885 0.069
0.0 0.0 0.0 1.0 0.0 0.0 0.0 0.0 0.0 0.0 0.462 0.103 0.179 0.145 2.0 0.235 0.462 0.103
0.0 0.0 0.0 1.0 0.0 0.0 0.0 0.0 0.0 0.0 0.795 0.051 0.051 0.051 2.0 0.147 0.885 0.034
0.0 1.0 0.0 0.0 0.0 0.0 0.0 0.0 0.0 0.0 0.769 0.051 0.077 0.068 1.0 0.191 0.846 0.103
0.0 0.0 1.0 0.0 0.0 0.0 0.0 0.0 0.0 0.0 0.744 0.077 0.103 0.094 2.0 0.176 0.846 0.103
0.0 0.0 0.0 1.0 0.0 0.0 0.0 0.0 0.0 0.0 0.692 0.051 0.077 0.060 2.0 0.250 0.769 0.103
0.0 1.0 0.0 0.0 0.0 0.0 0.0 0.0 0.0 0.0 0.641 0.051 0.077 0.060 1.0 0.191 0.692 0.103
0.0 0.0 1.0 0.0 0.0 0.0 0.0 0.0 0.0 0.0 0.615 0.077 0.103 0.085 2.0 0.176 0.692 0.103
0.0 0.0 0.0 1.0 0.0 0.0 0.0 0.0 0.0 0.0 0.538 0.051 0.154 0.085 2.0 0.206 0.615 0.103
0.0 0.0 0.0 1.0 0.0 0.0 0.0 0.0 0.0 0.0 0.462 0.128 0.231 0.162 2.0 0.250 0.538 0.103
0.0 1.0 0.0 0.0 0.0 0.0 0.0 0.0 0.0 0.0 0.231 0.769 0.769 0.769 1.0 0.132 0.346 0.034
0.0 1.0 0.0 0.0 0.0 0.0 0.0 0.0 0.0 0.0 0.256 0.744 0.744 0.744 1.0 0.132 0.346 0.069
0.0 1.0 0.0 0.0 0.0 0.0 0.0 0.0 0.0 0.0 0.282 0.282 0.718 0.446 1.0 0.162 0.462 0.724
0.0 1.0 0.0 0.0 0.0 0.0 0.0 0.0 0.0 0.0 0.256 0.333 0.744 0.491 1.0 0.162 0.462 0.621
0.0 1.0 0.0 0.0 0.0 0.0 0.0 0.0 0.0 0.0 0.282 0.308 0.718 0.491 1.0 0.162 0.462 0.517
0.0 1.0 0.0 0.0 0.0 0.0 0.0 0.0 0.0 0.0 0.308 0.385 0.692 0.502 1.0 0.118 0.462 0.414
0.0 1.0 0.0 0.0 0.0 0.0 0.0 0.0 0.0 0.0 0.256 0.487 0.744 0.590 1.0 0.162 0.462 0.310
0.0 1.0 0.0 0.0 0.0 0.0 0.0 0.0 0.0 0.0 0.256 0.564 0.744 0.637 1.0 0.162 0.462 0.207
0.0 1.0 0.0 0.0 0.0 0.0 0.0 0.0 0.0 0.0 0.231 0.615 0.769 0.718 1.0 0.132 0.346 0.103
0.0 0.0 0.0 1.0 0.0 0.0 0.0 0.0 0.0 0.0 0.718 0.128 0.282 0.231 2.0 0.250 0.846 0.103
0.0 0.0 0.0 1.0 0.0 0.0 0.0 0.0 0.0 0.0 0.667 0.154 0.333 0.226 2.0 0.250 0.769 0.207
0.0 1.0 0.0 0.0 0.0 0.0 0.0 0.0 0.0 0.0 0.615 0.128 0.385 0.231 1.0 0.176 0.692 0.310
0.0 0.0 0.0 1.0 0.0 0.0 0.0 0.0 0.0 0.0 0.590 0.154 0.410 0.256 2.0 0.191 0.692 0.310
0.0 1.0 0.0 0.0 0.0 0.0 0.0 0.0 0.0 0.0 0.538 0.154 0.462 0.271 1.0 0.176 0.615 0.414
0.0 0.0 1.0 0.0 0.0 0.0 0.0 0.0 0.0 0.0 0.513 0.179 0.487 0.297 2.0 0.162 0.615 0.414
0.0 0.0 0.0 1.0 0.0 0.0 0.0 0.0 0.0 0.0 0.436 0.154 0.564 0.337 2.0 0.250 0.538 0.517
0.0 0.0 0.0 1.0 0.0 0.0 0.0 0.0 0.0 0.0 0.385 0.205 0.615 0.363 2.0 0.235 0.462 0.621
0.0 0.0 0.0 1.0 0.0 0.0 0.0 0.0 0.0 0.0 0.385 0.179 0.256 0.222 2.0 0.221 0.462 0.103
0.0 0.0 1.0 0.0 0.0 0.0 0.0 0.0 0.0 0.0 0.333 0.667 0.667 0.667 2.0 0.294 0.346 0.069
0.0 0.0 0.0 1.0 0.0 0.0 0.0 0.0 0.0 0.0 0.333 0.231 0.667 0.394 3.0 0.235 0.462 0.724
0.0 0.0 0.0 1.0 0.0 0.0 0.0 0.0 0.0 0.0 0.359 0.205 0.641 0.369 2.0 0.279 0.462 0.724
0.0 0.0 0.0 1.0 0.0 0.0 0.0 0.0 0.0 0.0 0.359 0.231 0.641 0.389 2.0 0.382 0.462 0.621
0.0 1.0 0.0 0.0 0.0 0.0 0.0 0.0 0.0 0.0 0.410 0.179 0.282 0.214 1.0 0.147 0.462 0.103
0.0 0.0 0.0 1.0 0.0 0.0 0.0 0.0 0.0 0.0 0.308 0.282 0.692 0.440 3.0 0.279 0.462 0.621
0.0 0.0 0.0 1.0 0.0 0.0 0.0 0.0 0.0 0.0 0.333 0.256 0.667 0.415 2.0 0.294 0.462 0.621
0.0 0.0 0.0 1.0 0.0 0.0 0.0 0.0 0.0 0.0 0.410 0.179 0.590 0.362 2.0 0.250 0.538 0.517
0.0 1.0 0.0 0.0 0.0 0.0 0.0 0.0 0.0 0.0 0.462 0.128 0.231 0.162 1.0 0.147 0.538 0.103
0.0 0.0 0.0 1.0 0.0 0.0 0.0 0.0 0.0 0.0 0.333 0.256 0.667 0.439 3.0 0.279 0.462 0.517
0.0 1.0 0.0 0.0 0.0 0.0 0.0 0.0 0.0 0.0 0.385 0.205 0.615 0.388 1.0 0.191 0.462 0.517
0.0 0.0 0.0 1.0 0.0 0.0 0.0 0.0 0.0 0.0 0.359 0.231 0.641 0.414 2.0 0.206 0.462 0.517
0.0 1.0 0.0 0.0 0.0 0.0 0.0 0.0 0.0 0.0 0.487 0.205 0.513 0.323 1.0 0.103 0.615 0.414
0.0 0.0 1.0 0.0 0.0 0.0 0.0 0.0 0.0 0.0 0.462 0.231 0.538 0.348 2.0 0.206 0.615 0.414
0.0 1.0 0.0 0.0 0.0 0.0 0.0 0.0 0.0 0.0 0.564 0.128 0.154 0.137 1.0 0.132 0.615 0.103
0.0 0.0 0.0 1.0 0.0 0.0 0.0 0.0 0.0 0.0 0.359 0.333 0.641 0.451 3.0 0.279 0.462 0.414
0.0 0.0 0.0 1.0 0.0 0.0 0.0 0.0 0.0 0.0 0.385 0.308 0.615 0.425 2.0 0.265 0.462 0.414
0.0 0.0 0.0 1.0 0.0 0.0 0.0 0.0 0.0 0.0 0.564 0.179 0.436 0.282 2.0 0.206 0.692 0.310
0.0 1.0 0.0 0.0 0.0 0.0 0.0 0.0 0.0 0.0 0.641 0.103 0.128 0.111 1.0 0.132 0.692 0.103
0.0 0.0 0.0 1.0 0.0 0.0 0.0 0.0 0.0 0.0 0.308 0.436 0.692 0.538 3.0 0.279 0.462 0.310
0.0 0.0 0.0 1.0 0.0 0.0 0.0 0.0 0.0 0.0 0.333 0.410 0.667 0.513 2.0 0.294 0.462 0.310
0.0 0.0 0.0 1.0 0.0 0.0 0.0 0.0 0.0 0.0 0.641 0.179 0.359 0.252 2.0 0.235 0.769 0.207
0.0 1.0 0.0 0.0 0.0 0.0 0.0 0.0 0.0 0.0 0.692 0.128 0.154 0.145 1.0 0.147 0.769 0.103
0.0 0.0 0.0 1.0 0.0 0.0 0.0 0.0 0.0 0.0 0.308 0.513 0.692 0.585 3.0 0.279 0.462 0.207
0.0 0.0 0.0 1.0 0.0 0.0 0.0 0.0 0.0 0.0 0.333 0.487 0.667 0.560 2.0 0.279 0.462 0.207
0.0 0.0 0.0 1.0 0.0 0.0 0.0 0.0 0.0 0.0 0.692 0.154 0.308 0.256 2.0 0.250 0.846 0.103
0.0 1.0 0.0 0.0 0.0 0.0 0.0 0.0 0.0 0.0 0.744 0.103 0.103 0.103 1.0 0.147 0.846 0.034
0.0 0.0 0.0 1.0 0.0 0.0 0.0 0.0 0.0 0.0 0.282 0.564 0.718 0.667 3.0 0.279 0.346 0.103
0.0 1.0 0.0 0.0 0.0 0.0 0.0 0.0 0.0 0.0 0.333 0.513 0.667 0.615 1.0 0.191 0.346 0.103
0.0 0.0 1.0 0.0 0.0 0.0 0.0 0.0 0.0 0.0 0.308 0.538 0.692 0.641 2.0 0.162 0.346 0.103
0.0 0.0 0.0 1.0 0.0 0.0 0.0 0.0 0.0 0.0 0.744 0.256 0.256 0.256 2.0 0.221 0.885 0.069
0.0 0.0 1.0 0.0 0.0 0.0 0.0 0.0 0.0 0.0 0.308 0.692 0.692 0.692 3.0 0.265 0.346 0.069
0.0 0.0 0.0 0.0 1.0 0.0 0.0 0.0 0.0 0.0 0.846 0.154 0.154 0.154 2.0 0.221 0.923 0.034
0.0 0.0 0.0 1.0 0.0 0.0 0.0 0.0 0.0 0.0 0.872 0.128 0.128 0.128 2.0 0.176 0.962 0.034
0.0 0.0 0.0 0.0 1.0 0.0 0.0 0.0 0.0 0.0 0.846 0.154 0.154 0.154 3.0 0.279 0.962 0.034
0.0 0.0 0.0 1.0 0.0 0.0 0.0 0.0 0.0 0.0 0.897 0.103 0.103 0.103 3.0 0.206 0.962 0.034
0.0 0.0 0.0 1.0 0.0 0.0 0.0 0.0 0.0 0.0 0.897 0.103 0.103 0.103 2.0 0.176 0.962 0.034
0.0 0.0 0.0 1.0 0.0 0.0 0.0 0.0 0.0 0.0 0.923 0.077 0.077 0.077 3.0 0.206 0.962 0.034
0.0 1.0 0.0 0.0 0.0 0.0 0.0 0.0 0.0 0.0 0.897 0.103 0.103 0.103 1.0 0.103 0.923 0.034
0.0 0.0 0.0 0.0 1.0 0.0 0.0 0.0 0.0 0.0 0.872 0.128 0.128 0.128 2.0 0.162 0.923 0.034
0.0 0.0 0.0 0.0 1.0 0.0 0.0 0.0 0.0 0.0 0.359 0.641 0.641 0.641 2.0 0.221 0.346 0.034
0.0 0.0 0.0 1.0 0.0 0.0 0.0 0.0 0.0 0.0 0.821 0.179 0.179 0.179 2.0 0.147 0.923 0.034
0.0 1.0 0.0 0.0 0.0 0.0 0.0 0.0 0.0 0.0 0.410 0.154 0.231 0.197 1.0 0.118 0.462 0.103
0.0 0.0 0.0 1.0 0.0 0.0 0.0 0.0 0.0 0.0 0.359 0.487 0.487 0.487 2.0 0.191 0.346 0.034
0.0 0.0 0.0 1.0 0.0 0.0 0.0 0.0 0.0 0.0 0.359 0.462 0.487 0.479 2.0 0.206 0.462 0.103
0.0 0.0 0.0 1.0 0.0 0.0 0.0 0.0 0.0 0.0 0.359 0.385 0.410 0.393 2.0 0.206 0.462 0.103
0.0 0.0 0.0 1.0 0.0 0.0 0.0 0.0 0.0 0.0 0.410 0.282 0.308 0.291 2.0 0.206 0.462 0.103
0.0 0.0 0.0 1.0 0.0 0.0 0.0 0.0 0.0 0.0 0.410 0.179 0.282 0.214 2.0 0.191 0.462 0.103
0.0 0.0 0.0 1.0 0.0 0.0 0.0 0.0 0.0 0.0 0.359 0.231 0.333 0.265 2.0 0.206 0.462 0.103
0.0 0.0 0.0 1.0 0.0 0.0 0.0 0.0 0.0 0.0 0.256 0.744 0.744 0.744 2.0 0.368 0.346 0.034
0.0 0.0 0.0 1.0 0.0 0.0 0.0 0.0 0.0 0.0 0.231 0.769 0.769 0.769 2.0 0.324 0.346 0.034
0.0 0.0 0.0 1.0 0.0 0.0 0.0 0.0 0.0 0.0 0.282 0.718 0.718 0.718 2.0 0.176 0.346 0.034
0.0 0.0 0.0 1.0 0.0 0.0 0.0 0.0 0.0 0.0 0.308 0.692 0.692 0.692 2.0 0.206 0.346 0.069
0.0 0.0 0.0 1.0 0.0 0.0 0.0 0.0 0.0 0.0 0.282 0.718 0.718 0.718 2.0 0.382 0.346 0.069
0.0 0.0 0.0 1.0 0.0 0.0 0.0 0.0 0.0 0.0 0.256 0.744 0.744 0.744 2.0 0.338 0.346 0.069
0.0 0.0 0.0 1.0 0.0 0.0 0.0 0.0 0.0 0.0 0.308 0.256 0.692 0.420 2.0 0.368 0.462 0.724
0.0 0.0 0.0 1.0 0.0 0.0 0.0 0.0 0.0 0.0 0.282 0.282 0.718 0.446 2.0 0.368 0.462 0.724
0.0 0.0 0.0 1.0 0.0 0.0 0.0 0.0 0.0 0.0 0.333 0.231 0.667 0.394 2.0 0.176 0.462 0.724
0.0 0.0 0.0 1.0 0.0 0.0 0.0 0.0 0.0 0.0 0.282 0.308 0.718 0.466 2.0 0.397 0.462 0.621
0.0 0.0 0.0 1.0 0.0 0.0 0.0 0.0 0.0 0.0 0.256 0.333 0.744 0.491 2.0 0.382 0.462 0.621
0.0 0.0 0.0 1.0 0.0 0.0 0.0 0.0 0.0 0.0 0.308 0.282 0.692 0.440 2.0 0.191 0.462 0.621
0.0 0.0 0.0 1.0 0.0 0.0 0.0 0.0 0.0 0.0 0.308 0.282 0.692 0.465 2.0 0.397 0.462 0.517
0.0 0.0 0.0 1.0 0.0 0.0 0.0 0.0 0.0 0.0 0.282 0.308 0.718 0.491 2.0 0.382 0.462 0.517
0.0 0.0 0.0 1.0 0.0 0.0 0.0 0.0 0.0 0.0 0.333 0.256 0.667 0.439 2.0 0.162 0.462 0.517
0.0 0.0 0.0 1.0 0.0 0.0 0.0 0.0 0.0 0.0 0.333 0.359 0.667 0.476 2.0 0.397 0.462 0.414
0.0 0.0 0.0 1.0 0.0 0.0 0.0 0.0 0.0 0.0 0.308 0.385 0.692 0.502 2.0 0.338 0.462 0.414
0.0 0.0 0.0 1.0 0.0 0.0 0.0 0.0 0.0 0.0 0.359 0.333 0.641 0.451 2.0 0.191 0.462 0.414
0.0 0.0 0.0 1.0 0.0 0.0 0.0 0.0 0.0 0.0 0.282 0.462 0.718 0.564 2.0 0.397 0.462 0.310
0.0 0.0 0.0 1.0 0.0 0.0 0.0 0.0 0.0 0.0 0.256 0.487 0.744 0.590 2.0 0.382 0.462 0.310
0.0 0.0 0.0 1.0 0.0 0.0 0.0 0.0 0.0 0.0 0.308 0.436 0.692 0.538 2.0 0.191 0.462 0.310
0.0 0.0 0.0 1.0 0.0 0.0 0.0 0.0 0.0 0.0 0.282 0.538 0.718 0.611 2.0 0.397 0.462 0.207
0.0 0.0 0.0 1.0 0.0 0.0 0.0 0.0 0.0 0.0 0.256 0.564 0.744 0.637 2.0 0.382 0.462 0.207
0.0 0.0 0.0 1.0 0.0 0.0 0.0 0.0 0.0 0.0 0.308 0.513 0.692 0.585 2.0 0.191 0.462 0.207
0.0 0.0 0.0 1.0 0.0 0.0 0.0 0.0 0.0 0.0 0.256 0.590 0.744 0.692 2.0 0.397 0.346 0.103
0.0 0.0 0.0 1.0 0.0 0.0 0.0 0.0 0.0 0.0 0.231 0.615 0.769 0.718 2.0 0.353 0.346 0.103
0.0 0.0 0.0 1.0 0.0 0.0 0.0 0.0 0.0 0.0 0.282 0.564 0.718 0.667 2.0 0.162 0.346 0.103
0.0 1.0 0.0 0.0 0.0 0.0 0.0 0.0 0.0 0.0 0.769 0.077 0.077 0.077 1.0 0.103 0.885 0.034
0.0 0.0 1.0 0.0 0.0 0.0 0.0 0.0 0.0 0.0 0.744 0.103 0.103 0.103 2.0 0.162 0.885 0.034
0.0 0.0 0.0 1.0 0.0 0.0 0.0 0.0 0.0 0.0 0.769 0.077 0.077 0.077 3.0 0.221 0.885 0.034
0.0 0.0 0.0 1.0 0.0 0.0 0.0 0.0 0.0 0.0 0.692 0.128 0.154 0.145 2.0 0.176 0.846 0.103
0.0 0.0 0.0 1.0 0.0 0.0 0.0 0.0 0.0 0.0 0.718 0.103 0.128 0.120 3.0 0.235 0.846 0.103
0.0 0.0 0.0 1.0 0.0 0.0 0.0 0.0 0.0 0.0 0.641 0.103 0.128 0.111 2.0 0.191 0.769 0.103
0.0 0.0 0.0 1.0 0.0 0.0 0.0 0.0 0.0 0.0 0.667 0.077 0.103 0.085 3.0 0.265 0.769 0.103
0.0 0.0 0.0 1.0 0.0 0.0 0.0 0.0 0.0 0.0 0.564 0.128 0.154 0.137 2.0 0.162 0.692 0.103
0.0 0.0 0.0 1.0 0.0 0.0 0.0 0.0 0.0 0.0 0.590 0.103 0.128 0.111 3.0 0.235 0.692 0.103
0.0 1.0 0.0 0.0 0.0 0.0 0.0 0.0 0.0 0.0 0.487 0.103 0.205 0.137 1.0 0.132 0.615 0.103
0.0 0.0 0.0 1.0 0.0 0.0 0.0 0.0 0.0 0.0 0.462 0.128 0.231 0.162 2.0 0.162 0.615 0.103
0.0 1.0 0.0 0.0 0.0 0.0 0.0 0.0 0.0 0.0 0.513 0.077 0.179 0.111 1.0 0.147 0.615 0.103
0.0 0.0 1.0 0.0 0.0 0.0 0.0 0.0 0.0 0.0 0.487 0.103 0.205 0.137 3.0 0.206 0.615 0.103
0.0 0.0 0.0 1.0 0.0 0.0 0.0 0.0 0.0 0.0 0.410 0.179 0.282 0.214 2.0 0.206 0.538 0.103
0.0 0.0 0.0 1.0 0.0 0.0 0.0 0.0 0.0 0.0 0.436 0.154 0.256 0.188 3.0 0.265 0.538 0.103
0.0 0.0 0.0 1.0 0.0 0.0 0.0 0.0 0.0 0.0 0.410 0.154 0.231 0.197 2.0 0.382 0.462 0.103
0.0 0.0 0.0 1.0 0.0 0.0 0.0 0.0 0.0 0.0 0.436 0.128 0.205 0.171 2.0 0.279 0.462 0.103
0.0 1.0 0.0 0.0 0.0 0.0 0.0 0.0 0.0 0.0 0.846 0.154 0.154 0.154 1.0 0.132 0.923 0.034
0.0 0.0 0.0 1.0 0.0 0.0 0.0 0.0 0.0 0.0 0.487 0.077 0.513 0.230 2.0 0.559 0.923 0.793
0.0 1.0 0.0 0.0 0.0 0.0 0.0 0.0 0.0 0.0 0.231 0.333 0.769 0.486 1.0 0.132 0.385 0.793
0.0 1.0 0.0 0.0 0.0 0.0 0.0 0.0 0.0 0.0 0.231 0.333 0.769 0.486 1.0 0.147 0.423 0.793
0.0 1.0 0.0 0.0 0.0 0.0 0.0 0.0 0.0 0.0 0.256 0.308 0.744 0.460 1.0 0.118 0.385 0.793
0.0 1.0 0.0 0.0 0.0 0.0 0.0 0.0 0.0 0.0 0.231 0.333 0.769 0.486 1.0 0.147 0.423 0.793
0.0 1.0 0.0 0.0 0.0 0.0 0.0 0.0 0.0 0.0 0.256 0.308 0.744 0.460 1.0 0.118 0.385 0.793
0.0 1.0 0.0 0.0 0.0 0.0 0.0 0.0 0.0 0.0 0.051 0.513 0.949 0.666 1.0 0.103 0.077 0.793
0.0 1.0 0.0 0.0 0.0 0.0 0.0 0.0 0.0 0.0 0.154 0.410 0.846 0.563 1.0 0.118 0.154 0.793
0.0 1.0 0.0 0.0 0.0 0.0 0.0 0.0 0.0 0.0 0.051 0.513 0.949 0.666 1.0 0.147 0.077 0.793
0.0 1.0 0.0 0.0 0.0 0.0 0.0 0.0 0.0 0.0 0.154 0.410 0.846 0.563 1.0 0.191 0.154 0.793
0.0 1.0 0.0 0.0 0.0 0.0 0.0 0.0 0.0 0.0 0.231 0.333 0.769 0.486 1.0 0.132 0.423 0.793
0.0 0.0 0.0 1.0 0.0 0.0 0.0 0.0 0.0 0.0 0.256 0.308 0.744 0.460 2.0 0.147 0.423 0.793
0.0 0.0 0.0 1.0 0.0 0.0 0.0 0.0 0.0 0.0 0.282 0.282 0.718 0.435 3.0 0.176 0.500 0.793
0.0 0.0 0.0 0.0 1.0 0.0 0.0 0.0 0.0 0.0 0.256 0.308 0.744 0.460 2.0 0.147 0.423 0.793
0.0 1.0 0.0 0.0 0.0 0.0 0.0 0.0 0.0 0.0 0.282 0.282 0.718 0.435 1.0 0.118 0.423 0.793
0.0 0.0 1.0 0.0 0.0 0.0 0.0 0.0 0.0 0.0 0.256 0.308 0.744 0.460 2.0 0.132 0.423 0.793
0.0 0.0 0.0 1.0 0.0 0.0 0.0 0.0 0.0 0.0 0.308 0.256 0.692 0.409 3.0 0.206 0.577 0.793
0.0 0.0 0.0 0.0 1.0 0.0 0.0 0.0 0.0 0.0 0.256 0.308 0.744 0.460 2.0 0.162 0.423 0.793
0.0 0.0 0.0 1.0 0.0 0.0 0.0 0.0 0.0 0.0 0.282 0.282 0.718 0.435 2.0 0.147 0.423 0.793
0.0 0.0 0.0 1.0 0.0 0.0 0.0 0.0 0.0 0.0 0.333 0.231 0.667 0.384 3.0 0.221 0.654 0.793
0.0 0.0 0.0 0.0 1.0 0.0 0.0 0.0 0.0 0.0 0.282 0.282 0.718 0.435 2.0 0.147 0.423 0.793
0.0 1.0 0.0 0.0 0.0 0.0 0.0 0.0 0.0 0.0 0.282 0.282 0.718 0.435 1.0 0.118 0.423 0.793
0.0 0.0 1.0 0.0 0.0 0.0 0.0 0.0 0.0 0.0 0.256 0.308 0.744 0.460 2.0 0.147 0.423 0.793
0.0 0.0 0.0 1.0 0.0 0.0 0.0 0.0 0.0 0.0 0.359 0.205 0.641 0.358 3.0 0.206 0.731 0.793
0.0 0.0 0.0 0.0 1.0 0.0 0.0 0.0 0.0 0.0 0.256 0.308 0.744 0.460 2.0 0.176 0.423 0.793
0.0 0.0 0.0 1.0 0.0 0.0 0.0 0.0 0.0 0.0 0.282 0.282 0.718 0.435 2.0 0.176 0.423 0.793
0.0 0.0 0.0 1.0 0.0 0.0 0.0 0.0 0.0 0.0 0.385 0.179 0.615 0.332 3.0 0.221 0.808 0.793
0.0 0.0 0.0 0.0 1.0 0.0 0.0 0.0 0.0 0.0 0.282 0.282 0.718 0.435 2.0 0.176 0.423 0.793
0.0 0.0 0.0 1.0 0.0 0.0 0.0 0.0 0.0 0.0 0.179 0.385 0.821 0.537 2.0 0.147 0.154 0.793
0.0 0.0 0.0 1.0 0.0 0.0 0.0 0.0 0.0 0.0 0.410 0.154 0.590 0.307 3.0 0.221 0.846 0.793
0.0 0.0 0.0 0.0 1.0 0.0 0.0 0.0 0.0 0.0 0.179 0.385 0.821 0.537 2.0 0.147 0.154 0.793
0.0 0.0 0.0 1.0 0.0 0.0 0.0 0.0 0.0 0.0 0.179 0.385 0.821 0.537 2.0 0.132 0.154 0.793
0.0 0.0 0.0 1.0 0.0 0.0 0.0 0.0 0.0 0.0 0.436 0.128 0.564 0.281 3.0 0.235 0.885 0.793
0.0 0.0 0.0 0.0 1.0 0.0 0.0 0.0 0.0 0.0 0.179 0.385 0.821 0.537 2.0 0.147 0.154 0.793
0.0 0.0 0.0 1.0 0.0 0.0 0.0 0.0 0.0 0.0 0.462 0.103 0.538 0.255 4.0 0.309 0.923 0.793
0.0 0.0 0.0 1.0 0.0 0.0 0.0 0.0 0.0 0.0 0.231 0.333 0.769 0.486 3.0 0.235 0.154 0.793
0.0 0.0 0.0 0.0 1.0 0.0 0.0 0.0 0.0 0.0 0.179 0.385 0.821 0.537 2.0 0.176 0.154 0.793
0.0 0.0 0.0 0.0 1.0 0.0 0.0 0.0 0.0 0.0 0.154 0.410 0.846 0.563 2.0 0.176 0.154 0.793
0.0 0.0 0.0 0.0 1.0 0.0 0.0 0.0 0.0 0.0 0.179 0.385 0.821 0.537 2.0 0.191 0.154 0.793
