37
50
111
135
184
209
221
226
234
306
336
352
358
384
463
499
648
681
728
766
784
849
857
873
980
1088
1129
1131
1336
1426
1445
1448
1460
1568
1583
1601
1734
1859
1900
1983
2012
2067
2154
2304
2330
2340
2365
2595
2624
2693
2782
2945
2970
2987
3072
3074
3095
3100
3102
3114
3157
3165
3167
3169
3179
3185
3195
3212
3228
3255
3285
3296
3327
3331
3343
3380
3489
3505
3526
3559
3562
3565
3567
3569
3576
3583
3614
3619
3620
3630
3633
3657
3778
3785
3787
3788
3789
3791
3798
3803
3804
3822
3903
3907
3918
3926
3945
4019
4141
4146
4167
4265
4266
4273
4275
4276
4281
4283
4294
4297
4300
4303
4306
4308
4310
4320
4372
4378
