0.0 0.0 1.0 0.0 0.0 0.0 0.0 0.0 1.0 0.0 0.031 0.844 0.969 2.0 0.115 0.025 1.000
0.0 0.0 1.0 0.0 0.0 0.0 0.0 0.0 1.0 0.0 0.031 0.844 0.969 2.0 0.115 0.025 1.000
0.0 0.0 1.0 0.0 0.0 0.0 0.0 0.0 1.0 0.0 0.031 0.844 0.969 2.0 0.115 0.025 1.000
0.0 0.0 1.0 0.0 0.0 0.0 0.0 0.0 1.0 0.0 0.031 0.844 0.969 2.0 0.115 0.025 1.000
0.0 0.0 1.0 0.0 0.0 0.0 0.0 0.0 1.0 0.0 0.031 0.844 0.969 2.0 0.115 0.025 1.000
0.0 0.0 1.0 0.0 0.0 0.0 0.0 0.0 1.0 0.0 0.031 0.844 0.969 2.0 0.115 0.025 1.000
0.0 0.0 1.0 0.0 0.0 0.0 0.0 0.0 1.0 0.0 0.031 0.844 0.969 2.0 0.135 0.025 1.000
0.0 0.0 1.0 0.0 0.0 0.0 0.0 0.0 1.0 0.0 0.031 0.844 0.969 2.0 0.115 0.025 1.000
0.0 0.0 0.0 1.0 0.0 0.0 0.0 0.0 1.0 0.0 0.031 0.844 0.969 2.0 0.077 0.025 1.000
0.0 0.0 0.0 1.0 0.0 0.0 0.0 0.0 1.0 0.0 0.031 0.844 0.969 2.0 0.077 0.025 1.000
0.0 0.0 0.0 1.0 0.0 0.0 0.0 0.0 1.0 0.0 0.031 0.844 0.969 2.0 0.096 0.025 1.000
0.0 0.0 0.0 1.0 0.0 0.0 0.0 0.0 1.0 0.0 0.031 0.844 0.969 2.0 0.077 0.025 1.000
0.0 0.0 0.0 1.0 0.0 0.0 0.0 0.0 1.0 0.0 0.031 0.844 0.969 2.0 0.077 0.025 1.000
0.0 0.0 0.0 1.0 0.0 0.0 0.0 0.0 1.0 0.0 0.031 0.844 0.969 2.0 0.077 0.025 1.000
0.0 0.0 0.0 1.0 0.0 0.0 0.0 0.0 1.0 0.0 0.031 0.844 0.969 2.0 0.077 0.025 1.000
0.0 0.0 0.0 1.0 0.0 0.0 0.0 0.0 1.0 0.0 0.031 0.844 0.969 2.0 0.077 0.025 1.000
0.0 0.0 0.0 1.0 0.0 0.0 0.0 0.0 1.0 0.0 0.031 0.844 0.969 2.0 0.077 0.025 1.000
0.0 0.0 0.0 1.0 0.0 0.0 0.0 0.0 1.0 0.0 0.031 0.844 0.969 2.0 0.096 0.025 1.000
0.0 0.0 0.0 1.0 0.0 0.0 0.0 0.0 1.0 0.0 0.031 0.844 0.969 2.0 0.077 0.025 1.000
0.0 0.0 0.0 1.0 0.0 0.0 0.0 0.0 1.0 0.0 0.031 0.844 0.969 2.0 0.077 0.025 1.000
0.0 0.0 0.0 1.0 0.0 0.0 0.0 0.0 1.0 0.0 0.031 0.844 0.969 2.0 0.077 0.025 1.000
0.0 0.0 0.0 1.0 0.0 0.0 0.0 0.0 1.0 0.0 0.031 0.844 0.969 2.0 0.077 0.025 1.000
0.0 0.0 0.0 1.0 0.0 0.0 0.0 0.0 1.0 0.0 0.031 0.844 0.969 2.0 0.077 0.025 1.000
0.0 0.0 0.0 1.0 0.0 0.0 0.0 0.0 1.0 0.0 0.031 0.844 0.969 2.0 0.077 0.025 1.000
0.0 0.0 0.0 1.0 0.0 0.0 0.0 0.0 1.0 0.0 0.031 0.844 0.969 2.0 0.096 0.025 1.000
0.0 0.0 0.0 1.0 0.0 0.0 0.0 0.0 1.0 0.0 0.031 0.844 0.969 2.0 0.077 0.025 1.000
0.0 0.0 0.0 1.0 0.0 0.0 0.0 0.0 1.0 0.0 0.031 0.844 0.969 2.0 0.077 0.025 1.000
0.0 0.0 0.0 1.0 0.0 0.0 0.0 0.0 1.0 0.0 0.031 0.844 0.969 2.0 0.077 0.025 1.000
0.0 0.0 0.0 1.0 0.0 0.0 0.0 0.0 1.0 0.0 0.031 0.844 0.969 2.0 0.096 0.025 1.000
0.0 0.0 0.0 1.0 0.0 0.0 0.0 0.0 1.0 0.0 0.031 0.844 0.969 2.0 0.077 0.025 1.000
0.0 0.0 0.0 1.0 0.0 0.0 0.0 0.0 1.0 0.0 0.031 0.844 0.969 2.0 0.096 0.025 1.000
0.0 0.0 0.0 1.0 0.0 0.0 0.0 0.0 1.0 0.0 0.031 0.844 0.969 2.0 0.077 0.025 1.000
0.0 0.0 0.0 1.0 0.0 0.0 0.0 0.0 1.0 0.0 0.031 0.844 0.969 2.0 0.077 0.025 1.000
0.0 0.0 0.0 1.0 0.0 0.0 0.0 0.0 1.0 0.0 0.031 0.844 0.969 2.0 0.077 0.025 1.000
0.0 0.0 0.0 1.0 0.0 0.0 0.0 0.0 1.0 0.0 0.031 0.844 0.969 2.0 0.077 0.025 1.000
0.0 0.0 0.0 1.0 0.0 0.0 0.0 0.0 1.0 0.0 0.031 0.844 0.969 2.0 0.077 0.025 1.000
0.0 0.0 0.0 1.0 0.0 0.0 0.0 0.0 1.0 0.0 0.031 0.844 0.969 2.0 0.096 0.025 1.000
0.0 0.0 0.0 1.0 0.0 0.0 0.0 0.0 1.0 0.0 0.031 0.844 0.969 2.0 0.077 0.025 1.000
0.0 0.0 0.0 1.0 0.0 0.0 0.0 0.0 1.0 0.0 0.031 0.844 0.969 2.0 0.077 0.025 1.000
0.0 0.0 0.0 1.0 0.0 0.0 0.0 0.0 1.0 0.0 0.031 0.844 0.969 2.0 0.077 0.025 1.000
0.0 0.0 0.0 1.0 0.0 0.0 0.0 0.0 1.0 0.0 0.062 0.812 0.938 2.0 0.115 0.025 1.000
0.0 0.0 0.0 1.0 0.0 0.0 0.0 0.0 1.0 0.0 0.062 0.812 0.938 2.0 0.115 0.025 1.000
0.0 0.0 0.0 1.0 0.0 0.0 0.0 0.0 1.0 0.0 0.062 0.812 0.938 2.0 0.115 0.025 1.000
0.0 0.0 0.0 1.0 0.0 0.0 0.0 0.0 1.0 0.0 0.062 0.812 0.938 2.0 0.115 0.025 1.000
0.0 0.0 0.0 1.0 0.0 0.0 0.0 0.0 1.0 0.0 0.062 0.812 0.938 2.0 0.135 0.025 1.000
0.0 1.0 0.0 0.0 0.0 0.0 0.0 0.0 0.0 0.0 0.094 0.781 0.906 2.0 0.135 0.038 1.000
0.0 0.0 0.0 1.0 0.0 0.0 0.0 0.0 1.0 0.0 0.062 0.812 0.938 2.0 0.096 0.025 1.000
0.0 0.0 0.0 1.0 0.0 0.0 0.0 0.0 1.0 0.0 0.062 0.812 0.938 2.0 0.115 0.025 1.000
0.0 0.0 0.0 1.0 0.0 0.0 0.0 0.0 1.0 0.0 0.062 0.812 0.938 2.0 0.115 0.025 1.000
0.0 0.0 0.0 1.0 0.0 0.0 0.0 0.0 1.0 0.0 0.062 0.812 0.938 2.0 0.115 0.025 1.000
0.0 0.0 0.0 1.0 0.0 0.0 0.0 0.0 1.0 0.0 0.062 0.812 0.938 2.0 0.115 0.025 1.000
0.0 0.0 0.0 1.0 0.0 0.0 0.0 0.0 1.0 0.0 0.062 0.812 0.938 2.0 0.115 0.025 1.000
0.0 0.0 0.0 1.0 0.0 0.0 0.0 0.0 1.0 0.0 0.062 0.812 0.938 2.0 0.115 0.025 1.000
0.0 0.0 0.0 1.0 0.0 0.0 0.0 0.0 1.0 0.0 0.062 0.812 0.938 2.0 0.115 0.025 1.000
0.0 0.0 0.0 1.0 0.0 0.0 0.0 0.0 1.0 0.0 0.062 0.812 0.938 2.0 0.115 0.025 1.000
0.0 0.0 0.0 1.0 0.0 0.0 0.0 0.0 1.0 0.0 0.062 0.812 0.938 2.0 0.115 0.025 1.000
0.0 0.0 0.0 1.0 0.0 0.0 0.0 0.0 1.0 0.0 0.062 0.812 0.938 2.0 0.115 0.025 1.000
0.0 0.0 0.0 1.0 0.0 0.0 0.0 0.0 1.0 0.0 0.062 0.812 0.938 2.0 0.115 0.025 1.000
0.0 0.0 0.0 1.0 0.0 0.0 0.0 0.0 1.0 0.0 0.062 0.812 0.938 2.0 0.115 0.025 1.000
0.0 0.0 0.0 1.0 0.0 0.0 0.0 0.0 1.0 0.0 0.062 0.812 0.938 2.0 0.135 0.025 1.000
0.0 1.0 0.0 0.0 0.0 0.0 0.0 0.0 0.0 0.0 0.094 0.781 0.906 2.0 0.135 0.038 1.000
0.0 0.0 0.0 1.0 0.0 0.0 0.0 0.0 1.0 0.0 0.062 0.812 0.938 2.0 0.096 0.025 1.000
0.0 0.0 0.0 1.0 0.0 0.0 0.0 0.0 1.0 0.0 0.062 0.812 0.938 2.0 0.115 0.025 1.000
0.0 0.0 0.0 1.0 0.0 0.0 0.0 0.0 1.0 0.0 0.062 0.812 0.938 2.0 0.115 0.025 1.000
0.0 0.0 0.0 1.0 0.0 0.0 0.0 0.0 1.0 0.0 0.062 0.812 0.938 2.0 0.115 0.025 1.000
0.0 0.0 0.0 1.0 0.0 0.0 0.0 0.0 1.0 0.0 0.062 0.812 0.938 2.0 0.115 0.025 1.000
0.0 0.0 0.0 1.0 0.0 0.0 0.0 0.0 1.0 0.0 0.062 0.812 0.938 2.0 0.115 0.025 1.000
0.0 0.0 0.0 1.0 0.0 0.0 0.0 0.0 1.0 0.0 0.062 0.812 0.938 2.0 0.115 0.025 1.000
0.0 0.0 0.0 1.0 0.0 0.0 0.0 0.0 1.0 0.0 0.062 0.812 0.938 2.0 0.115 0.025 1.000
0.0 0.0 0.0 1.0 0.0 0.0 0.0 0.0 1.0 0.0 0.062 0.812 0.938 2.0 0.115 0.025 1.000
0.0 0.0 0.0 1.0 0.0 0.0 0.0 0.0 1.0 0.0 0.062 0.812 0.938 2.0 0.115 0.025 1.000
0.0 0.0 0.0 1.0 0.0 0.0 0.0 0.0 1.0 0.0 0.062 0.812 0.938 2.0 0.115 0.025 1.000
0.0 0.0 0.0 1.0 0.0 0.0 0.0 0.0 1.0 0.0 0.062 0.812 0.938 2.0 0.115 0.025 1.000
0.0 0.0 0.0 1.0 0.0 0.0 0.0 0.0 1.0 0.0 0.062 0.812 0.938 2.0 0.115 0.025 1.000
0.0 0.0 0.0 1.0 0.0 0.0 0.0 0.0 1.0 0.0 0.062 0.812 0.938 2.0 0.135 0.025 1.000
0.0 1.0 0.0 0.0 0.0 0.0 0.0 0.0 0.0 0.0 0.094 0.781 0.906 2.0 0.135 0.038 1.000
0.0 0.0 0.0 1.0 0.0 0.0 0.0 0.0 1.0 0.0 0.062 0.812 0.938 2.0 0.096 0.025 1.000
0.0 0.0 0.0 1.0 0.0 0.0 0.0 0.0 1.0 0.0 0.062 0.812 0.938 2.0 0.115 0.025 1.000
0.0 0.0 0.0 1.0 0.0 0.0 0.0 0.0 1.0 0.0 0.062 0.812 0.938 2.0 0.115 0.025 1.000
0.0 0.0 0.0 1.0 0.0 0.0 0.0 0.0 1.0 0.0 0.062 0.812 0.938 2.0 0.115 0.025 1.000
0.0 0.0 0.0 1.0 0.0 0.0 0.0 0.0 1.0 0.0 0.062 0.812 0.938 2.0 0.115 0.025 1.000
0.0 0.0 0.0 1.0 0.0 0.0 0.0 0.0 1.0 0.0 0.062 0.812 0.938 2.0 0.115 0.025 1.000
0.0 0.0 0.0 1.0 0.0 0.0 0.0 0.0 1.0 0.0 0.062 0.812 0.938 2.0 0.115 0.025 1.000
0.0 0.0 0.0 1.0 0.0 0.0 0.0 0.0 1.0 0.0 0.062 0.812 0.938 2.0 0.115 0.025 1.000
0.0 1.0 0.0 0.0 0.0 0.0 0.0 0.0 0.0 0.0 0.094 0.781 0.906 2.0 0.115 0.038 1.000
0.0 0.0 0.0 1.0 0.0 0.0 0.0 0.0 1.0 0.0 0.062 0.812 0.938 2.0 0.096 0.025 1.000
0.0 0.0 0.0 1.0 0.0 0.0 0.0 0.0 1.0 0.0 0.062 0.812 0.938 2.0 0.115 0.025 1.000
0.0 0.0 0.0 1.0 0.0 0.0 0.0 0.0 1.0 0.0 0.062 0.812 0.938 2.0 0.115 0.025 1.000
0.0 1.0 0.0 0.0 0.0 0.0 0.0 0.0 0.0 0.0 0.094 0.781 0.906 2.0 0.135 0.038 1.000
0.0 0.0 0.0 1.0 0.0 0.0 0.0 0.0 1.0 0.0 0.062 0.812 0.938 2.0 0.096 0.025 1.000
0.0 0.0 0.0 1.0 0.0 0.0 0.0 0.0 1.0 0.0 0.062 0.812 0.938 2.0 0.135 0.025 1.000
0.0 0.0 0.0 1.0 0.0 0.0 0.0 0.0 1.0 0.0 0.062 0.812 0.938 2.0 0.115 0.025 1.000
0.0 0.0 0.0 1.0 0.0 0.0 0.0 0.0 1.0 0.0 0.062 0.812 0.938 2.0 0.115 0.025 1.000
0.0 0.0 0.0 1.0 0.0 0.0 0.0 0.0 1.0 0.0 0.062 0.812 0.938 2.0 0.115 0.025 1.000
0.0 0.0 0.0 1.0 0.0 0.0 0.0 0.0 1.0 0.0 0.062 0.812 0.938 2.0 0.115 0.025 1.000
0.0 0.0 0.0 1.0 0.0 0.0 0.0 0.0 1.0 0.0 0.062 0.812 0.938 2.0 0.115 0.025 1.000
0.0 0.0 0.0 1.0 0.0 0.0 0.0 0.0 1.0 0.0 0.062 0.812 0.938 2.0 0.115 0.025 1.000
0.0 0.0 0.0 1.0 0.0 0.0 0.0 0.0 1.0 0.0 0.062 0.812 0.938 2.0 0.115 0.025 1.000
0.0 0.0 0.0 1.0 0.0 0.0 0.0 0.0 1.0 0.0 0.062 0.812 0.938 2.0 0.115 0.025 1.000
0.0 0.0 0.0 1.0 0.0 0.0 0.0 0.0 1.0 0.0 0.062 0.812 0.938 2.0 0.115 0.025 1.000
0.0 0.0 0.0 1.0 0.0 0.0 0.0 0.0 1.0 0.0 0.062 0.812 0.938 2.0 0.115 0.025 1.000
0.0 0.0 0.0 1.0 0.0 0.0 0.0 0.0 1.0 0.0 0.062 0.812 0.938 2.0 0.135 0.025 1.000
0.0 1.0 0.0 0.0 0.0 0.0 0.0 0.0 0.0 0.0 0.094 0.781 0.906 2.0 0.135 0.038 1.000
0.0 0.0 0.0 1.0 0.0 0.0 0.0 0.0 1.0 0.0 0.062 0.812 0.938 2.0 0.096 0.025 1.000
0.0 0.0 0.0 1.0 0.0 0.0 0.0 0.0 1.0 0.0 0.062 0.812 0.938 2.0 0.096 0.025 1.000
0.0 0.0 0.0 1.0 0.0 0.0 0.0 0.0 1.0 0.0 0.062 0.812 0.938 2.0 0.096 0.025 1.000
0.0 0.0 0.0 1.0 0.0 0.0 0.0 0.0 1.0 0.0 0.062 0.812 0.938 2.0 0.115 0.025 1.000
0.0 0.0 0.0 1.0 0.0 0.0 0.0 0.0 1.0 0.0 0.062 0.812 0.938 2.0 0.115 0.025 1.000
0.0 0.0 0.0 1.0 0.0 0.0 0.0 0.0 1.0 0.0 0.062 0.812 0.938 2.0 0.115 0.025 1.000
0.0 0.0 0.0 1.0 0.0 0.0 0.0 0.0 1.0 0.0 0.062 0.812 0.938 2.0 0.115 0.025 1.000
0.0 0.0 0.0 1.0 0.0 0.0 0.0 0.0 0.0 0.0 0.094 0.781 0.906 2.0 0.173 0.025 1.000
0.0 0.0 0.0 1.0 0.0 0.0 0.0 0.0 0.0 0.0 0.094 0.781 0.906 2.0 0.173 0.025 1.000
0.0 0.0 0.0 1.0 0.0 0.0 0.0 0.0 0.0 0.0 0.125 0.750 0.875 2.0 0.192 0.038 1.000
0.0 0.0 0.0 1.0 0.0 0.0 0.0 0.0 0.0 0.0 0.094 0.781 0.906 2.0 0.173 0.025 1.000
0.0 0.0 0.0 1.0 0.0 0.0 0.0 0.0 0.0 0.0 0.094 0.781 0.906 2.0 0.173 0.025 1.000
0.0 0.0 0.0 1.0 0.0 0.0 0.0 0.0 0.0 0.0 0.094 0.781 0.906 2.0 0.173 0.025 1.000
0.0 0.0 0.0 1.0 0.0 0.0 0.0 0.0 0.0 0.0 0.094 0.781 0.906 2.0 0.173 0.025 1.000
0.0 0.0 0.0 1.0 0.0 0.0 0.0 0.0 0.0 0.0 0.094 0.781 0.906 2.0 0.173 0.025 1.000
0.0 0.0 0.0 1.0 0.0 0.0 0.0 0.0 0.0 0.0 0.094 0.781 0.906 2.0 0.173 0.025 1.000
0.0 0.0 0.0 1.0 0.0 0.0 0.0 0.0 0.0 0.0 0.125 0.750 0.875 2.0 0.192 0.038 1.000
0.0 0.0 0.0 1.0 0.0 0.0 0.0 0.0 0.0 0.0 0.094 0.781 0.906 2.0 0.173 0.025 1.000
0.0 0.0 0.0 1.0 0.0 0.0 0.0 0.0 0.0 0.0 0.094 0.781 0.906 2.0 0.173 0.025 1.000
0.0 0.0 0.0 1.0 0.0 0.0 0.0 0.0 0.0 0.0 0.094 0.781 0.906 2.0 0.173 0.025 1.000
0.0 0.0 0.0 1.0 0.0 0.0 0.0 0.0 0.0 0.0 0.094 0.781 0.906 2.0 0.173 0.025 1.000
0.0 0.0 0.0 1.0 0.0 0.0 0.0 0.0 0.0 0.0 0.094 0.781 0.906 2.0 0.173 0.025 1.000
0.0 0.0 0.0 1.0 0.0 0.0 0.0 0.0 0.0 0.0 0.094 0.781 0.906 2.0 0.173 0.025 1.000
0.0 0.0 0.0 1.0 0.0 0.0 0.0 0.0 0.0 0.0 0.125 0.750 0.875 2.0 0.192 0.038 1.000
0.0 0.0 0.0 1.0 0.0 0.0 0.0 0.0 0.0 0.0 0.094 0.781 0.906 2.0 0.173 0.025 1.000
0.0 0.0 0.0 1.0 0.0 0.0 0.0 0.0 0.0 0.0 0.094 0.781 0.906 2.0 0.173 0.025 1.000
0.0 0.0 0.0 1.0 0.0 0.0 0.0 0.0 0.0 0.0 0.094 0.781 0.906 2.0 0.173 0.025 1.000
0.0 1.0 0.0 0.0 0.0 0.0 0.0 0.0 0.0 0.0 0.156 0.719 0.844 2.0 0.173 0.051 1.000
0.0 0.0 0.0 1.0 0.0 0.0 0.0 0.0 0.0 0.0 0.125 0.750 0.875 2.0 0.154 0.038 1.000
0.0 0.0 0.0 1.0 0.0 0.0 0.0 0.0 0.0 0.0 0.094 0.781 0.906 2.0 0.173 0.025 1.000
0.0 0.0 0.0 1.0 0.0 0.0 0.0 0.0 0.0 0.0 0.125 0.750 0.875 2.0 0.192 0.038 1.000
0.0 0.0 0.0 1.0 0.0 0.0 0.0 0.0 0.0 0.0 0.094 0.781 0.906 2.0 0.173 0.025 1.000
0.0 0.0 0.0 1.0 0.0 0.0 0.0 0.0 0.0 0.0 0.094 0.781 0.906 2.0 0.173 0.025 1.000
0.0 0.0 0.0 1.0 0.0 0.0 0.0 0.0 0.0 0.0 0.094 0.781 0.906 2.0 0.173 0.025 1.000
0.0 0.0 0.0 1.0 0.0 0.0 0.0 0.0 0.0 0.0 0.094 0.781 0.906 2.0 0.173 0.025 1.000
0.0 0.0 0.0 1.0 0.0 0.0 0.0 0.0 0.0 0.0 0.094 0.781 0.906 2.0 0.173 0.025 1.000
0.0 0.0 0.0 1.0 0.0 0.0 0.0 0.0 0.0 0.0 0.125 0.750 0.875 2.0 0.192 0.038 1.000
0.0 1.0 0.0 0.0 0.0 0.0 0.0 0.0 0.0 0.0 0.125 0.750 0.875 2.0 0.173 0.038 1.000
0.0 0.0 0.0 1.0 0.0 0.0 0.0 0.0 0.0 0.0 0.094 0.781 0.906 2.0 0.135 0.025 1.000
0.0 0.0 0.0 1.0 0.0 0.0 0.0 0.0 0.0 0.0 0.094 0.781 0.906 2.0 0.173 0.025 1.000
0.0 0.0 0.0 1.0 0.0 0.0 0.0 0.0 0.0 0.0 0.094 0.781 0.906 2.0 0.173 0.025 1.000
0.0 0.0 0.0 1.0 0.0 0.0 0.0 0.0 0.0 0.0 0.125 0.750 0.875 2.0 0.212 0.051 1.000
0.0 0.0 0.0 1.0 0.0 0.0 0.0 0.0 0.0 0.0 0.156 0.719 0.844 2.0 0.192 0.063 1.000
0.0 0.0 0.0 1.0 0.0 0.0 0.0 0.0 0.0 0.0 0.125 0.750 0.875 2.0 0.192 0.051 1.000
0.0 1.0 0.0 0.0 0.0 0.0 0.0 0.0 0.0 0.0 0.156 0.719 0.844 2.0 0.135 0.063 1.000
0.0 0.0 0.0 1.0 0.0 0.0 0.0 0.0 0.0 0.0 0.125 0.750 0.875 2.0 0.192 0.051 1.000
0.0 0.0 0.0 1.0 0.0 0.0 0.0 0.0 0.0 0.0 0.156 0.719 0.844 2.0 0.212 0.063 1.000
0.0 0.0 0.0 1.0 0.0 0.0 0.0 0.0 0.0 0.0 0.125 0.750 0.875 2.0 0.192 0.051 1.000
0.0 0.0 0.0 1.0 0.0 0.0 0.0 0.0 0.0 0.0 0.125 0.750 0.875 2.0 0.192 0.051 1.000
0.0 0.0 0.0 1.0 0.0 0.0 0.0 0.0 0.0 0.0 0.125 0.750 0.875 2.0 0.192 0.051 1.000
0.0 0.0 0.0 1.0 0.0 0.0 0.0 0.0 0.0 0.0 0.156 0.719 0.844 2.0 0.192 0.063 1.000
0.0 0.0 0.0 1.0 0.0 0.0 0.0 0.0 0.0 0.0 0.125 0.750 0.875 2.0 0.192 0.051 1.000
0.0 0.0 0.0 1.0 0.0 0.0 0.0 0.0 0.0 0.0 0.188 0.688 0.812 2.0 0.173 0.076 1.000
0.0 0.0 0.0 1.0 0.0 0.0 0.0 0.0 0.0 0.0 0.156 0.719 0.844 2.0 0.192 0.063 1.000
0.0 0.0 0.0 1.0 0.0 0.0 0.0 0.0 0.0 0.0 0.125 0.750 0.875 2.0 0.192 0.051 1.000
0.0 0.0 0.0 1.0 0.0 0.0 0.0 0.0 0.0 0.0 0.125 0.750 0.875 2.0 0.192 0.051 1.000
0.0 1.0 0.0 0.0 0.0 0.0 0.0 0.0 0.0 0.0 0.188 0.688 0.812 2.0 0.135 0.089 1.000
0.0 0.0 0.0 1.0 0.0 0.0 0.0 0.0 0.0 0.0 0.156 0.719 0.844 2.0 0.173 0.076 1.000
0.0 0.0 0.0 1.0 0.0 0.0 0.0 0.0 0.0 0.0 0.125 0.750 0.875 2.0 0.192 0.051 1.000
0.0 0.0 0.0 1.0 0.0 0.0 0.0 0.0 0.0 0.0 0.156 0.719 0.844 2.0 0.250 0.051 1.000
0.0 1.0 0.0 0.0 0.0 0.0 0.0 0.0 0.0 0.0 0.188 0.688 0.812 2.0 0.192 0.063 1.000
0.0 0.0 0.0 1.0 0.0 0.0 0.0 0.0 0.0 0.0 0.156 0.719 0.844 2.0 0.173 0.051 1.000
0.0 0.0 0.0 1.0 0.0 0.0 0.0 0.0 0.0 0.0 0.188 0.688 0.812 2.0 0.231 0.063 1.000
0.0 0.0 0.0 1.0 0.0 0.0 0.0 0.0 0.0 0.0 0.188 0.688 0.812 2.0 0.231 0.063 1.000
0.0 0.0 0.0 1.0 0.0 0.0 0.0 0.0 0.0 0.0 0.156 0.719 0.844 2.0 0.231 0.051 1.000
0.0 0.0 0.0 1.0 0.0 0.0 0.0 0.0 0.0 0.0 0.156 0.719 0.844 2.0 0.231 0.051 1.000
0.0 0.0 0.0 1.0 0.0 0.0 0.0 0.0 0.0 0.0 0.188 0.688 0.812 2.0 0.231 0.063 1.000
0.0 0.0 0.0 1.0 0.0 0.0 0.0 0.0 0.0 0.0 0.188 0.688 0.812 2.0 0.231 0.063 1.000
0.0 1.0 0.0 0.0 0.0 0.0 0.0 0.0 0.0 0.0 0.219 0.656 0.781 2.0 0.192 0.076 1.000
0.0 0.0 0.0 1.0 0.0 0.0 0.0 0.0 0.0 0.0 0.188 0.688 0.812 2.0 0.173 0.063 1.000
0.0 1.0 0.0 0.0 0.0 0.0 0.0 0.0 0.0 0.0 0.219 0.656 0.781 2.0 0.192 0.076 1.000
0.0 0.0 0.0 1.0 0.0 0.0 0.0 0.0 0.0 0.0 0.188 0.688 0.812 2.0 0.173 0.063 1.000
0.0 0.0 0.0 1.0 0.0 0.0 0.0 0.0 0.0 0.0 0.156 0.719 0.844 2.0 0.231 0.051 1.000
0.0 0.0 0.0 1.0 0.0 0.0 0.0 0.0 0.0 0.0 0.156 0.719 0.844 2.0 0.231 0.051 1.000
0.0 0.0 0.0 1.0 0.0 0.0 0.0 0.0 0.0 0.0 0.156 0.719 0.844 2.0 0.231 0.051 1.000
0.0 0.0 0.0 1.0 0.0 0.0 0.0 0.0 0.0 0.0 0.156 0.719 0.844 2.0 0.231 0.051 1.000
0.0 0.0 0.0 1.0 0.0 0.0 0.0 0.0 0.0 0.0 0.156 0.719 0.844 2.0 0.231 0.051 1.000
0.0 0.0 0.0 1.0 0.0 0.0 0.0 0.0 0.0 0.0 0.156 0.719 0.844 2.0 0.231 0.051 1.000
0.0 0.0 0.0 1.0 0.0 0.0 0.0 0.0 0.0 0.0 0.188 0.688 0.812 2.0 0.192 0.063 1.000
0.0 0.0 0.0 1.0 0.0 0.0 0.0 0.0 0.0 0.0 0.188 0.688 0.812 2.0 0.192 0.063 1.000
0.0 0.0 0.0 1.0 0.0 0.0 0.0 0.0 0.0 0.0 0.156 0.719 0.844 2.0 0.192 0.051 1.000
0.0 0.0 0.0 1.0 0.0 0.0 0.0 0.0 0.0 0.0 0.156 0.719 0.844 2.0 0.192 0.051 1.000
0.0 0.0 0.0 1.0 0.0 0.0 0.0 0.0 0.0 0.0 0.219 0.656 0.781 2.0 0.173 0.076 1.000
0.0 0.0 0.0 1.0 0.0 0.0 0.0 0.0 0.0 0.0 0.219 0.656 0.781 2.0 0.192 0.076 1.000
0.0 0.0 0.0 1.0 0.0 0.0 0.0 0.0 0.0 0.0 0.188 0.688 0.812 2.0 0.192 0.063 1.000
0.0 0.0 0.0 1.0 0.0 0.0 0.0 0.0 0.0 0.0 0.188 0.688 0.812 2.0 0.192 0.063 1.000
0.0 0.0 0.0 1.0 0.0 0.0 0.0 0.0 0.0 0.0 0.156 0.719 0.844 2.0 0.192 0.051 1.000
0.0 0.0 0.0 1.0 0.0 0.0 0.0 0.0 0.0 0.0 0.156 0.719 0.844 2.0 0.192 0.051 1.000
0.0 0.0 0.0 1.0 0.0 0.0 0.0 0.0 0.0 0.0 0.156 0.719 0.844 2.0 0.192 0.051 1.000
0.0 0.0 0.0 1.0 0.0 0.0 0.0 0.0 0.0 0.0 0.156 0.719 0.844 2.0 0.192 0.051 1.000
0.0 0.0 0.0 1.0 0.0 0.0 0.0 0.0 0.0 0.0 0.219 0.656 0.781 2.0 0.192 0.089 1.000
0.0 0.0 0.0 1.0 0.0 0.0 0.0 0.0 0.0 0.0 0.219 0.656 0.781 2.0 0.173 0.089 1.000
0.0 0.0 0.0 1.0 0.0 0.0 0.0 0.0 0.0 0.0 0.156 0.719 0.844 2.0 0.173 0.051 1.000
0.0 0.0 0.0 1.0 0.0 0.0 0.0 0.0 0.0 0.0 0.156 0.719 0.844 2.0 0.173 0.051 1.000
0.0 0.0 0.0 1.0 0.0 0.0 0.0 0.0 0.0 0.0 0.219 0.656 0.781 2.0 0.308 0.063 1.000
0.0 0.0 0.0 1.0 0.0 0.0 0.0 0.0 0.0 0.0 0.219 0.656 0.781 2.0 0.308 0.063 1.000
0.0 0.0 0.0 1.0 0.0 0.0 0.0 0.0 0.0 0.0 0.188 0.688 0.812 2.0 0.308 0.051 1.000
0.0 0.0 0.0 1.0 0.0 0.0 0.0 0.0 0.0 0.0 0.219 0.656 0.781 2.0 0.308 0.063 1.000
0.0 0.0 0.0 1.0 0.0 0.0 0.0 0.0 0.0 0.0 0.250 0.625 0.750 2.0 0.288 0.089 1.000
0.0 0.0 0.0 1.0 0.0 0.0 0.0 0.0 0.0 0.0 0.188 0.688 0.812 2.0 0.308 0.051 1.000
0.0 0.0 0.0 1.0 0.0 0.0 0.0 0.0 0.0 0.0 0.188 0.688 0.812 2.0 0.308 0.051 1.000
0.0 0.0 0.0 1.0 0.0 0.0 0.0 0.0 0.0 0.0 0.188 0.688 0.812 2.0 0.308 0.051 1.000
0.0 0.0 0.0 1.0 0.0 0.0 0.0 0.0 0.0 0.0 0.219 0.656 0.781 2.0 0.212 0.063 1.000
0.0 0.0 0.0 1.0 0.0 0.0 0.0 0.0 0.0 0.0 0.188 0.688 0.812 2.0 0.212 0.051 1.000
0.0 0.0 0.0 1.0 0.0 0.0 0.0 0.0 0.0 0.0 0.250 0.625 0.750 2.0 0.212 0.076 1.000
0.0 0.0 0.0 1.0 0.0 0.0 0.0 0.0 0.0 0.0 0.219 0.656 0.781 2.0 0.212 0.063 1.000
0.0 0.0 0.0 1.0 0.0 0.0 0.0 0.0 0.0 0.0 0.188 0.688 0.812 2.0 0.212 0.051 1.000
0.0 0.0 0.0 1.0 0.0 0.0 0.0 0.0 0.0 0.0 0.188 0.688 0.812 2.0 0.212 0.051 1.000
0.0 0.0 0.0 1.0 0.0 0.0 0.0 0.0 0.0 0.0 0.250 0.625 0.750 2.0 0.212 0.089 1.000
0.0 1.0 0.0 0.0 0.0 0.0 0.0 0.0 0.0 0.0 0.219 0.656 0.781 2.0 0.192 0.063 1.000
0.0 0.0 0.0 1.0 0.0 0.0 0.0 0.0 0.0 0.0 0.188 0.688 0.812 2.0 0.173 0.051 1.000
0.0 0.0 0.0 1.0 0.0 0.0 0.0 0.0 0.0 0.0 0.250 0.625 0.750 2.0 0.269 0.127 1.000
0.0 0.0 0.0 1.0 0.0 0.0 0.0 0.0 0.0 0.0 0.250 0.625 0.750 2.0 0.269 0.114 1.000
0.0 0.0 0.0 1.0 0.0 0.0 0.0 0.0 0.0 0.0 0.250 0.625 0.750 2.0 0.288 0.114 1.000
0.0 0.0 0.0 1.0 0.0 0.0 0.0 0.0 0.0 0.0 0.250 0.625 0.750 2.0 0.269 0.127 1.000
0.0 0.0 0.0 1.0 0.0 0.0 0.0 0.0 0.0 0.0 0.281 0.594 0.719 2.0 0.288 0.139 1.000
0.0 0.0 0.0 1.0 0.0 0.0 0.0 0.0 0.0 0.0 0.219 0.656 0.781 2.0 0.269 0.101 1.000
0.0 0.0 0.0 1.0 0.0 0.0 0.0 0.0 0.0 0.0 0.281 0.594 0.719 2.0 0.288 0.139 1.000
0.0 0.0 0.0 1.0 0.0 0.0 0.0 0.0 0.0 0.0 0.219 0.656 0.781 2.0 0.269 0.101 1.000
0.0 0.0 0.0 1.0 0.0 0.0 0.0 0.0 0.0 0.0 0.281 0.594 0.719 2.0 0.231 0.127 1.000
0.0 0.0 0.0 1.0 0.0 0.0 0.0 0.0 0.0 0.0 0.281 0.594 0.719 2.0 0.231 0.127 1.000
0.0 0.0 0.0 1.0 0.0 0.0 0.0 0.0 0.0 0.0 0.281 0.594 0.719 2.0 0.231 0.114 1.000
0.0 0.0 0.0 1.0 0.0 0.0 0.0 0.0 0.0 0.0 0.281 0.594 0.719 2.0 0.231 0.114 1.000
0.0 0.0 0.0 1.0 0.0 0.0 0.0 0.0 0.0 0.0 0.281 0.594 0.719 2.0 0.250 0.114 1.000
0.0 1.0 0.0 0.0 0.0 0.0 0.0 0.0 0.0 0.0 0.312 0.562 0.688 2.0 0.154 0.127 1.000
0.0 0.0 0.0 1.0 0.0 0.0 0.0 0.0 0.0 0.0 0.281 0.594 0.719 2.0 0.212 0.114 1.000
0.0 0.0 0.0 1.0 0.0 0.0 0.0 0.0 0.0 0.0 0.281 0.594 0.719 2.0 0.231 0.127 1.000
0.0 0.0 0.0 1.0 0.0 0.0 0.0 0.0 0.0 0.0 0.281 0.594 0.719 2.0 0.231 0.127 1.000
0.0 0.0 0.0 1.0 0.0 0.0 0.0 0.0 0.0 0.0 0.312 0.562 0.688 2.0 0.250 0.139 1.000
0.0 1.0 0.0 0.0 0.0 0.0 0.0 0.0 0.0 0.0 0.344 0.531 0.656 2.0 0.154 0.152 1.000
0.0 0.0 0.0 1.0 0.0 0.0 0.0 0.0 0.0 0.0 0.312 0.562 0.688 2.0 0.212 0.139 1.000
0.0 0.0 0.0 1.0 0.0 0.0 0.0 0.0 0.0 0.0 0.250 0.625 0.750 2.0 0.231 0.101 1.000
0.0 0.0 0.0 1.0 0.0 0.0 0.0 0.0 0.0 0.0 0.250 0.625 0.750 2.0 0.231 0.101 1.000
0.0 0.0 0.0 1.0 0.0 0.0 0.0 0.0 0.0 0.0 0.312 0.562 0.688 2.0 0.250 0.139 1.000
0.0 1.0 0.0 0.0 0.0 0.0 0.0 0.0 0.0 0.0 0.344 0.531 0.656 2.0 0.154 0.152 1.000
0.0 0.0 0.0 1.0 0.0 0.0 0.0 0.0 0.0 0.0 0.312 0.562 0.688 2.0 0.212 0.139 1.000
0.0 0.0 0.0 1.0 0.0 0.0 0.0 0.0 0.0 0.0 0.250 0.625 0.750 2.0 0.231 0.101 1.000
0.0 0.0 0.0 1.0 0.0 0.0 0.0 0.0 0.0 0.0 0.250 0.625 0.750 2.0 0.231 0.101 1.000
0.0 0.0 0.0 1.0 0.0 0.0 0.0 0.0 0.0 0.0 0.312 0.562 0.688 2.0 0.212 0.127 1.000
0.0 0.0 0.0 1.0 0.0 0.0 0.0 0.0 0.0 0.0 0.312 0.562 0.688 2.0 0.212 0.114 1.000
0.0 0.0 0.0 1.0 0.0 0.0 0.0 0.0 0.0 0.0 0.344 0.531 0.656 2.0 0.231 0.127 1.000
0.0 0.0 0.0 1.0 0.0 0.0 0.0 0.0 0.0 0.0 0.312 0.562 0.688 2.0 0.212 0.127 1.000
0.0 0.0 0.0 1.0 0.0 0.0 0.0 0.0 0.0 0.0 0.375 0.500 0.625 2.0 0.212 0.152 1.000
0.0 0.0 0.0 1.0 0.0 0.0 0.0 0.0 0.0 0.0 0.281 0.594 0.719 2.0 0.212 0.101 1.000
0.0 0.0 0.0 1.0 0.0 0.0 0.0 0.0 0.0 0.0 0.375 0.500 0.625 2.0 0.212 0.152 1.000
0.0 0.0 0.0 1.0 0.0 0.0 0.0 0.0 0.0 0.0 0.281 0.594 0.719 2.0 0.212 0.101 1.000
0.0 0.0 0.0 1.0 0.0 0.0 0.0 0.0 0.0 0.0 0.406 0.469 0.594 2.0 0.154 0.177 1.000
0.0 0.0 0.0 1.0 0.0 0.0 0.0 0.0 0.0 0.0 0.312 0.562 0.688 2.0 0.154 0.127 1.000
0.0 0.0 0.0 1.0 0.0 0.0 0.0 0.0 0.0 0.0 0.406 0.469 0.594 2.0 0.154 0.177 1.000
0.0 0.0 0.0 1.0 0.0 0.0 0.0 0.0 0.0 0.0 0.312 0.562 0.688 2.0 0.173 0.127 1.000
0.0 0.0 0.0 1.0 0.0 0.0 0.0 0.0 0.0 0.0 0.344 0.531 0.656 2.0 0.154 0.152 1.000
0.0 0.0 0.0 1.0 0.0 0.0 0.0 0.0 0.0 0.0 0.344 0.531 0.656 2.0 0.154 0.139 1.000
0.0 1.0 0.0 0.0 0.0 0.0 0.0 0.0 0.0 0.0 0.438 0.438 0.562 1.0 0.173 0.165 1.000
0.0 1.0 0.0 0.0 0.0 0.0 0.0 0.0 0.0 0.0 0.406 0.469 0.594 2.0 0.135 0.165 1.000
0.0 0.0 0.0 1.0 0.0 0.0 0.0 0.0 0.0 0.0 0.375 0.500 0.625 2.0 0.173 0.152 1.000
0.0 0.0 0.0 1.0 0.0 0.0 0.0 0.0 0.0 0.0 0.344 0.531 0.656 2.0 0.173 0.152 1.000
0.0 0.0 0.0 1.0 0.0 0.0 0.0 0.0 0.0 0.0 0.438 0.438 0.562 2.0 0.154 0.177 1.000
0.0 0.0 0.0 1.0 0.0 0.0 0.0 0.0 0.0 0.0 0.438 0.438 0.562 2.0 0.192 0.177 1.000
0.0 0.0 0.0 1.0 0.0 0.0 0.0 0.0 0.0 0.0 0.344 0.531 0.656 2.0 0.154 0.127 1.000
0.0 0.0 0.0 1.0 0.0 0.0 0.0 0.0 0.0 0.0 0.344 0.531 0.656 2.0 0.192 0.127 1.000
0.0 0.0 0.0 1.0 0.0 0.0 0.0 0.0 0.0 0.0 0.438 0.438 0.562 2.0 0.154 0.177 1.000
0.0 0.0 0.0 1.0 0.0 0.0 0.0 0.0 0.0 0.0 0.438 0.438 0.562 2.0 0.192 0.177 1.000
0.0 0.0 0.0 1.0 0.0 0.0 0.0 0.0 0.0 0.0 0.344 0.531 0.656 2.0 0.173 0.127 1.000
0.0 1.0 0.0 0.0 0.0 0.0 0.0 0.0 0.0 0.0 0.375 0.500 0.625 2.0 0.154 0.139 1.000
0.0 0.0 0.0 1.0 0.0 0.0 0.0 0.0 0.0 0.0 0.344 0.531 0.656 2.0 0.173 0.127 1.000
0.0 0.0 0.0 1.0 0.0 0.0 0.0 0.0 0.0 0.0 0.375 0.500 0.625 2.0 0.154 0.152 1.000
0.0 0.0 0.0 1.0 0.0 0.0 0.0 0.0 0.0 0.0 0.375 0.500 0.625 2.0 0.192 0.152 1.000
0.0 0.0 0.0 1.0 0.0 0.0 0.0 0.0 0.0 0.0 0.375 0.500 0.625 2.0 0.154 0.139 1.000
0.0 0.0 0.0 1.0 0.0 0.0 0.0 0.0 0.0 0.0 0.375 0.500 0.625 2.0 0.192 0.139 1.000
0.0 0.0 0.0 1.0 0.0 0.0 0.0 0.0 0.0 0.0 0.469 0.406 0.531 2.0 0.192 0.165 1.000
0.0 1.0 0.0 0.0 0.0 0.0 0.0 0.0 0.0 0.0 0.500 0.375 0.500 2.0 0.154 0.177 1.000
0.0 0.0 0.0 1.0 0.0 0.0 0.0 0.0 0.0 0.0 0.469 0.406 0.531 2.0 0.192 0.165 1.000
0.0 0.0 0.0 1.0 0.0 0.0 0.0 0.0 0.0 0.0 0.375 0.500 0.625 2.0 0.173 0.152 1.000
0.0 1.0 0.0 0.0 0.0 0.0 0.0 0.0 0.0 0.0 0.406 0.469 0.594 2.0 0.154 0.165 1.000
0.0 0.0 0.0 1.0 0.0 0.0 0.0 0.0 0.0 0.0 0.375 0.500 0.625 2.0 0.173 0.152 1.000
0.0 0.0 0.0 1.0 0.0 0.0 0.0 0.0 0.0 0.0 0.469 0.406 0.531 2.0 0.212 0.177 1.000
0.0 0.0 0.0 1.0 0.0 0.0 0.0 0.0 0.0 0.0 0.375 0.500 0.625 2.0 0.212 0.127 1.000
0.0 0.0 0.0 1.0 0.0 0.0 0.0 0.0 0.0 0.0 0.469 0.406 0.531 2.0 0.212 0.177 1.000
0.0 0.0 0.0 1.0 0.0 0.0 0.0 0.0 0.0 0.0 0.406 0.469 0.594 2.0 0.212 0.139 1.000
0.0 0.0 0.0 1.0 0.0 0.0 0.0 0.0 0.0 0.0 0.406 0.469 0.594 2.0 0.212 0.152 1.000
0.0 0.0 0.0 1.0 0.0 0.0 0.0 0.0 0.0 0.0 0.406 0.469 0.594 2.0 0.212 0.139 1.000
0.0 0.0 0.0 1.0 0.0 0.0 0.0 0.0 0.0 0.0 0.531 0.344 0.469 2.0 0.212 0.177 1.000
0.0 0.0 0.0 1.0 0.0 0.0 0.0 0.0 0.0 0.0 0.438 0.438 0.562 2.0 0.231 0.165 1.000
0.0 0.0 0.0 1.0 0.0 0.0 0.0 0.0 0.0 0.0 0.500 0.375 0.500 2.0 0.192 0.241 1.000
0.0 0.0 0.0 1.0 0.0 0.0 0.0 0.0 0.0 0.0 0.406 0.469 0.594 2.0 0.192 0.177 1.000
0.0 0.0 0.0 1.0 0.0 0.0 0.0 0.0 0.0 0.0 0.500 0.375 0.500 2.0 0.192 0.253 1.000
0.0 0.0 0.0 1.0 0.0 0.0 0.0 0.0 0.0 0.0 0.438 0.438 0.562 2.0 0.192 0.203 1.000
0.0 0.0 0.0 1.0 0.0 0.0 0.0 0.0 0.0 0.0 0.438 0.438 0.562 2.0 0.192 0.203 1.000
0.0 0.0 0.0 1.0 0.0 0.0 0.0 0.0 0.0 0.0 0.438 0.438 0.562 2.0 0.192 0.190 1.000
0.0 0.0 0.0 1.0 0.0 0.0 0.0 0.0 0.0 0.0 0.562 0.312 0.438 2.0 0.192 0.266 1.000
0.0 1.0 0.0 0.0 0.0 0.0 0.0 0.0 0.0 0.0 0.531 0.344 0.469 1.0 0.154 0.241 1.000
0.0 1.0 0.0 0.0 0.0 0.0 0.0 0.0 0.0 0.0 0.500 0.375 0.500 2.0 0.135 0.241 1.000
0.0 0.0 0.0 1.0 0.0 0.0 0.0 0.0 0.0 0.0 0.469 0.406 0.531 2.0 0.192 0.228 1.000
0.0 0.0 0.0 1.0 0.0 0.0 0.0 0.0 0.0 0.0 0.531 0.344 0.469 2.0 0.385 0.241 1.000
0.0 0.0 0.0 1.0 0.0 0.0 0.0 0.0 0.0 0.0 0.531 0.344 0.469 2.0 0.385 0.241 1.000
0.0 0.0 0.0 1.0 0.0 0.0 0.0 0.0 0.0 0.0 0.438 0.438 0.562 2.0 0.385 0.177 1.000
0.0 0.0 0.0 1.0 0.0 0.0 0.0 0.0 0.0 0.0 0.438 0.438 0.562 2.0 0.385 0.177 1.000
0.0 0.0 0.0 1.0 0.0 0.0 0.0 0.0 0.0 0.0 0.531 0.344 0.469 2.0 0.385 0.253 1.000
0.0 0.0 0.0 1.0 0.0 0.0 0.0 0.0 0.0 0.0 0.531 0.344 0.469 2.0 0.385 0.253 1.000
0.0 0.0 0.0 1.0 0.0 0.0 0.0 0.0 0.0 0.0 0.469 0.406 0.531 2.0 0.385 0.203 1.000
0.0 0.0 0.0 1.0 0.0 0.0 0.0 0.0 0.0 0.0 0.469 0.406 0.531 2.0 0.385 0.203 1.000
0.0 0.0 0.0 1.0 0.0 0.0 0.0 0.0 0.0 0.0 0.469 0.406 0.531 2.0 0.385 0.203 1.000
0.0 0.0 0.0 1.0 0.0 0.0 0.0 0.0 0.0 0.0 0.469 0.406 0.531 2.0 0.385 0.203 1.000
0.0 0.0 0.0 1.0 0.0 0.0 0.0 0.0 0.0 0.0 0.469 0.406 0.531 2.0 0.385 0.190 1.000
0.0 0.0 0.0 1.0 0.0 0.0 0.0 0.0 0.0 0.0 0.469 0.406 0.531 2.0 0.385 0.190 1.000
0.0 0.0 0.0 1.0 0.0 0.0 0.0 0.0 0.0 0.0 0.594 0.281 0.406 2.0 0.173 0.266 1.000
0.0 0.0 0.0 1.0 0.0 0.0 0.0 0.0 0.0 0.0 0.594 0.281 0.406 2.0 0.173 0.266 1.000
0.0 0.0 0.0 1.0 0.0 0.0 0.0 0.0 0.0 0.0 0.562 0.312 0.438 2.0 0.173 0.241 1.000
0.0 0.0 0.0 1.0 0.0 0.0 0.0 0.0 0.0 0.0 0.562 0.312 0.438 2.0 0.192 0.241 1.000
0.0 0.0 0.0 1.0 0.0 0.0 0.0 0.0 0.0 0.0 0.562 0.312 0.438 2.0 0.827 0.241 1.000
0.0 0.0 0.0 1.0 0.0 0.0 0.0 0.0 0.0 0.0 0.469 0.406 0.531 2.0 0.827 0.177 1.000
0.0 0.0 0.0 1.0 0.0 0.0 0.0 0.0 0.0 0.0 0.562 0.312 0.438 2.0 1.000 0.253 1.000
0.0 0.0 0.0 1.0 0.0 0.0 0.0 0.0 0.0 0.0 0.500 0.375 0.500 2.0 1.000 0.203 1.000
0.0 0.0 0.0 1.0 0.0 0.0 0.0 0.0 0.0 0.0 0.500 0.375 0.500 2.0 0.827 0.190 1.000
0.0 1.0 0.0 0.0 0.0 0.0 0.0 0.0 0.0 0.0 0.625 0.250 0.375 2.0 0.962 0.253 1.000
0.0 0.0 0.0 1.0 0.0 0.0 0.0 0.0 0.0 0.0 0.594 0.281 0.406 2.0 0.365 0.241 1.000
0.0 1.0 0.0 0.0 0.0 0.0 0.0 0.0 0.0 0.0 0.656 0.219 0.344 2.0 0.962 0.278 1.000
0.0 0.0 0.0 1.0 0.0 0.0 0.0 0.0 0.0 0.0 0.625 0.250 0.375 2.0 0.365 0.266 1.000
0.0 0.0 0.0 1.0 0.0 0.0 0.0 0.0 0.0 0.0 0.500 0.375 0.500 2.0 0.827 0.203 1.000
0.0 1.0 0.0 0.0 0.0 0.0 0.0 0.0 0.0 0.0 0.594 0.281 0.344 1.0 0.385 0.241 0.500
0.0 1.0 0.0 0.0 0.0 0.0 0.0 0.0 0.0 0.0 0.500 0.375 0.438 2.0 0.385 0.190 0.500
0.0 1.0 0.0 0.0 0.0 0.0 0.0 0.0 0.0 0.0 0.594 0.281 0.344 2.0 0.385 0.266 0.500
0.0 1.0 0.0 0.0 0.0 0.0 0.0 0.0 0.0 0.0 0.594 0.281 0.344 2.0 0.385 0.253 0.500
0.0 1.0 0.0 0.0 0.0 0.0 0.0 0.0 0.0 0.0 0.500 0.375 0.438 2.0 0.385 0.190 0.500
0.0 1.0 0.0 0.0 0.0 0.0 0.0 0.0 0.0 0.0 0.531 0.344 0.406 2.0 0.385 0.215 0.500
0.0 1.0 0.0 0.0 0.0 0.0 0.0 0.0 0.0 0.0 0.594 0.281 0.344 1.0 0.385 0.241 0.500
0.0 1.0 0.0 0.0 0.0 0.0 0.0 0.0 0.0 0.0 0.594 0.281 0.344 2.0 0.327 0.266 0.500
0.0 1.0 0.0 0.0 0.0 0.0 0.0 0.0 0.0 0.0 0.625 0.250 0.312 1.0 0.154 0.266 0.500
0.0 1.0 0.0 0.0 0.0 0.0 0.0 0.0 0.0 0.0 0.531 0.344 0.406 2.0 0.327 0.215 0.500
0.0 1.0 0.0 0.0 0.0 0.0 0.0 0.0 0.0 0.0 0.562 0.312 0.375 1.0 0.154 0.215 0.500
0.0 1.0 0.0 0.0 0.0 0.0 0.0 0.0 0.0 0.0 0.500 0.375 0.438 2.0 0.327 0.190 0.500
0.0 1.0 0.0 0.0 0.0 0.0 0.0 0.0 0.0 0.0 0.531 0.344 0.406 1.0 0.154 0.190 0.500
0.0 1.0 0.0 0.0 0.0 0.0 0.0 0.0 0.0 0.0 0.594 0.281 0.344 2.0 0.327 0.266 0.500
0.0 1.0 0.0 0.0 0.0 0.0 0.0 0.0 0.0 0.0 0.625 0.250 0.312 1.0 0.154 0.266 0.500
0.0 1.0 0.0 0.0 0.0 0.0 0.0 0.0 0.0 0.0 0.531 0.344 0.406 2.0 0.385 0.215 0.500
0.0 1.0 0.0 0.0 0.0 0.0 0.0 0.0 0.0 0.0 0.531 0.375 0.406 2.0 0.346 0.203 0.125
0.0 1.0 0.0 0.0 0.0 0.0 0.0 0.0 0.0 0.0 0.656 0.250 0.281 2.0 0.423 0.266 0.125
0.0 1.0 0.0 0.0 0.0 0.0 0.0 0.0 0.0 0.0 0.531 0.344 0.344 2.0 0.327 0.203 0.125
0.0 1.0 0.0 0.0 0.0 0.0 0.0 0.0 0.0 0.0 0.562 0.312 0.312 1.0 0.115 0.203 0.125
0.0 1.0 0.0 0.0 0.0 0.0 0.0 0.0 0.0 0.0 0.688 0.188 0.188 1.0 0.423 0.278 0.125
0.0 1.0 0.0 0.0 0.0 0.0 0.0 0.0 0.0 0.0 0.531 0.344 0.344 2.0 0.346 0.215 0.125
0.0 1.0 0.0 0.0 0.0 0.0 0.0 0.0 0.0 0.0 0.656 0.219 0.219 1.0 0.423 0.253 0.125
0.0 1.0 0.0 0.0 0.0 0.0 0.0 0.0 0.0 0.0 0.531 0.375 0.375 2.0 0.346 0.215 0.125
0.0 1.0 0.0 0.0 0.0 0.0 0.0 0.0 0.0 0.0 0.688 0.219 0.219 2.0 0.308 0.291 0.125
0.0 1.0 0.0 0.0 0.0 0.0 0.0 0.0 0.0 0.0 0.719 0.188 0.188 1.0 0.212 0.291 0.125
0.0 1.0 0.0 0.0 0.0 0.0 0.0 0.0 0.0 0.0 0.531 0.438 0.469 2.0 0.327 0.215 0.500
0.0 1.0 0.0 0.0 0.0 0.0 0.0 0.0 0.0 0.0 0.562 0.406 0.438 1.0 0.154 0.215 0.500
0.0 1.0 0.0 0.0 0.0 0.0 0.0 0.0 0.0 0.0 0.531 0.438 0.469 2.0 0.327 0.203 0.500
0.0 1.0 0.0 0.0 0.0 0.0 0.0 0.0 0.0 0.0 0.562 0.406 0.438 1.0 0.154 0.203 0.500
0.0 1.0 0.0 0.0 0.0 0.0 0.0 0.0 0.0 0.0 0.688 0.281 0.312 2.0 0.365 0.291 0.500
0.0 1.0 0.0 0.0 0.0 0.0 0.0 0.0 0.0 0.0 0.531 0.438 0.469 2.0 0.385 0.215 0.500
0.0 1.0 0.0 0.0 0.0 0.0 0.0 0.0 0.0 0.0 0.531 0.438 0.469 2.0 0.385 0.203 0.500
0.0 1.0 0.0 0.0 0.0 0.0 0.0 0.0 0.0 0.0 0.656 0.312 0.344 2.0 0.308 0.266 0.500
0.0 1.0 0.0 0.0 0.0 0.0 0.0 0.0 0.0 0.0 0.688 0.281 0.312 1.0 0.154 0.266 0.500
0.0 1.0 0.0 0.0 0.0 0.0 0.0 0.0 0.0 0.0 0.531 0.438 0.469 2.0 0.385 0.215 0.500
0.0 1.0 0.0 0.0 0.0 0.0 0.0 0.0 0.0 0.0 0.688 0.281 0.312 1.0 0.365 0.278 0.500
0.0 1.0 0.0 0.0 0.0 0.0 0.0 0.0 0.0 0.0 0.656 0.312 0.344 2.0 0.308 0.266 0.500
0.0 1.0 0.0 0.0 0.0 0.0 0.0 0.0 0.0 0.0 0.688 0.281 0.312 1.0 0.154 0.266 0.500
0.0 1.0 0.0 0.0 0.0 0.0 0.0 0.0 0.0 0.0 0.531 0.438 0.469 2.0 0.385 0.203 0.500
0.0 1.0 0.0 0.0 0.0 0.0 0.0 0.0 0.0 0.0 0.688 0.281 0.312 2.0 0.308 0.291 0.500
0.0 1.0 0.0 0.0 0.0 0.0 0.0 0.0 0.0 0.0 0.719 0.250 0.281 1.0 0.154 0.291 0.500
0.0 1.0 0.0 0.0 0.0 0.0 0.0 0.0 0.0 0.0 0.656 0.312 0.344 1.0 0.365 0.253 0.500
0.0 1.0 0.0 0.0 0.0 0.0 0.0 0.0 0.0 0.0 0.500 0.469 0.500 2.0 0.346 0.190 0.125
0.0 1.0 0.0 0.0 0.0 0.0 0.0 0.0 0.0 0.0 0.531 0.438 0.469 2.0 0.442 0.215 0.125
0.0 1.0 0.0 0.0 0.0 0.0 0.0 0.0 0.0 0.0 0.500 0.469 0.469 2.0 0.346 0.190 0.125
0.0 1.0 0.0 0.0 0.0 0.0 0.0 0.0 0.0 0.0 0.594 0.375 0.375 2.0 0.442 0.266 0.125
0.0 1.0 0.0 0.0 0.0 0.0 0.0 0.0 0.0 0.0 0.594 0.375 0.406 1.0 0.346 0.241 0.125
0.0 1.0 0.0 0.0 0.0 0.0 0.0 0.0 0.0 0.0 0.531 0.438 0.469 2.0 0.327 0.215 0.125
0.0 1.0 0.0 0.0 0.0 0.0 0.0 0.0 0.0 0.0 0.562 0.406 0.438 1.0 0.212 0.215 0.125
0.0 1.0 0.0 0.0 0.0 0.0 0.0 0.0 0.0 0.0 0.594 0.375 0.406 1.0 0.346 0.241 0.125
0.0 1.0 0.0 0.0 0.0 0.0 0.0 0.0 0.0 0.0 0.594 0.375 0.406 2.0 0.327 0.266 0.125
0.0 1.0 0.0 0.0 0.0 0.0 0.0 0.0 0.0 0.0 0.625 0.344 0.375 1.0 0.212 0.266 0.125
0.0 0.0 1.0 0.0 0.0 0.0 0.0 0.0 0.0 0.0 0.625 0.250 0.312 4.0 0.558 0.620 0.500
0.0 0.0 1.0 0.0 0.0 0.0 0.0 0.0 0.0 0.0 0.625 0.250 0.312 4.0 0.558 0.633 0.500
0.0 0.0 1.0 0.0 0.0 0.0 0.0 0.0 0.0 0.0 0.656 0.219 0.281 4.0 0.558 0.620 0.500
0.0 0.0 1.0 0.0 0.0 0.0 0.0 0.0 0.0 0.0 0.656 0.219 0.281 4.0 0.558 0.633 0.500
0.0 0.0 1.0 0.0 0.0 0.0 0.0 0.0 0.0 0.0 0.719 0.250 0.281 4.0 0.538 0.684 0.500
0.0 0.0 1.0 0.0 0.0 0.0 0.0 0.0 0.0 0.0 0.719 0.250 0.281 4.0 0.538 0.684 0.500
0.0 0.0 1.0 0.0 0.0 0.0 0.0 0.0 0.0 0.0 0.719 0.250 0.281 4.0 0.558 0.671 0.500
0.0 0.0 1.0 0.0 0.0 0.0 0.0 0.0 0.0 0.0 0.750 0.219 0.250 4.0 0.558 0.671 0.500
0.0 0.0 0.0 0.0 1.0 0.0 0.0 0.0 0.0 0.0 0.688 0.188 0.250 4.0 0.981 0.722 0.500
0.0 0.0 0.0 0.0 1.0 0.0 0.0 0.0 0.0 0.0 0.781 0.188 0.219 4.0 0.981 0.772 0.500
0.0 0.0 1.0 0.0 0.0 0.0 0.0 0.0 0.0 0.0 0.719 0.188 0.219 4.0 0.808 0.975 0.125
0.0 0.0 1.0 0.0 0.0 0.0 0.0 0.0 0.0 0.0 0.562 0.344 0.375 2.0 0.481 0.392 0.125
0.0 0.0 1.0 0.0 0.0 0.0 0.0 0.0 0.0 0.0 0.719 0.156 0.156 4.0 0.808 0.962 0.125
0.0 0.0 1.0 0.0 0.0 0.0 0.0 0.0 0.0 0.0 0.594 0.281 0.281 2.0 0.481 0.392 0.125
0.0 0.0 1.0 0.0 0.0 0.0 0.0 0.0 0.0 0.0 0.719 0.156 0.156 4.0 0.808 0.962 0.125
0.0 0.0 1.0 0.0 0.0 0.0 0.0 0.0 0.0 0.0 0.562 0.312 0.312 2.0 0.481 0.392 0.125
0.0 0.0 1.0 0.0 0.0 0.0 0.0 0.0 0.0 0.0 0.750 0.156 0.156 4.0 0.808 0.975 0.125
0.0 0.0 1.0 0.0 0.0 0.0 0.0 0.0 0.0 0.0 0.562 0.344 0.344 2.0 0.481 0.392 0.125
0.0 0.0 1.0 0.0 0.0 0.0 0.0 0.0 0.0 0.0 0.812 0.156 0.188 4.0 0.827 0.975 0.125
0.0 0.0 1.0 0.0 0.0 0.0 0.0 0.0 0.0 0.0 0.594 0.375 0.406 2.0 0.481 0.418 0.125
0.0 0.0 1.0 0.0 0.0 0.0 0.0 0.0 0.0 0.0 0.812 0.156 0.156 4.0 0.827 0.975 0.125
0.0 0.0 1.0 0.0 0.0 0.0 0.0 0.0 0.0 0.0 0.594 0.375 0.375 2.0 0.481 0.418 0.125
0.0 0.0 1.0 0.0 0.0 0.0 0.0 0.0 0.0 0.0 0.812 0.156 0.188 4.0 0.827 0.962 0.125
0.0 0.0 1.0 0.0 0.0 0.0 0.0 0.0 0.0 0.0 0.625 0.344 0.375 2.0 0.481 0.405 0.125
0.0 0.0 1.0 0.0 0.0 0.0 0.0 0.0 0.0 0.0 0.812 0.156 0.188 4.0 0.827 0.962 0.125
0.0 0.0 1.0 0.0 0.0 0.0 0.0 0.0 0.0 0.0 0.625 0.344 0.375 2.0 0.481 0.405 0.125
0.0 0.0 1.0 0.0 0.0 0.0 0.0 0.0 0.0 0.0 0.750 0.156 0.156 2.0 0.519 0.975 0.031
0.0 0.0 1.0 0.0 0.0 0.0 0.0 0.0 0.0 0.0 0.750 0.188 0.188 2.0 0.519 0.975 0.031
0.0 0.0 1.0 0.0 0.0 0.0 0.0 0.0 0.0 0.0 0.750 0.156 0.156 2.0 0.519 0.975 0.031
0.0 0.0 1.0 0.0 0.0 0.0 0.0 0.0 0.0 0.0 0.750 0.156 0.156 2.0 0.519 0.975 0.031
0.0 0.0 1.0 0.0 0.0 0.0 0.0 0.0 0.0 0.0 0.750 0.125 0.125 2.0 0.519 0.962 0.031
0.0 0.0 1.0 0.0 0.0 0.0 0.0 0.0 0.0 0.0 0.750 0.125 0.125 2.0 0.519 0.962 0.031
0.0 0.0 1.0 0.0 0.0 0.0 0.0 0.0 0.0 0.0 0.750 0.125 0.125 2.0 0.519 0.962 0.031
0.0 0.0 1.0 0.0 0.0 0.0 0.0 0.0 0.0 0.0 0.750 0.125 0.125 2.0 0.519 0.962 0.031
0.0 0.0 1.0 0.0 0.0 0.0 0.0 0.0 0.0 0.0 0.750 0.125 0.125 2.0 0.519 0.962 0.031
0.0 0.0 1.0 0.0 0.0 0.0 0.0 0.0 0.0 0.0 0.750 0.125 0.125 2.0 0.519 0.962 0.031
0.0 0.0 1.0 0.0 0.0 0.0 0.0 0.0 0.0 0.0 0.750 0.125 0.125 2.0 0.519 0.962 0.031
0.0 0.0 1.0 0.0 0.0 0.0 0.0 0.0 0.0 0.0 0.750 0.125 0.125 2.0 0.519 0.962 0.031
0.0 0.0 1.0 0.0 0.0 0.0 0.0 0.0 0.0 0.0 0.781 0.125 0.125 2.0 0.519 0.975 0.031
0.0 0.0 1.0 0.0 0.0 0.0 0.0 0.0 0.0 0.0 0.781 0.125 0.125 2.0 0.519 0.975 0.031
0.0 0.0 1.0 0.0 0.0 0.0 0.0 0.0 0.0 0.0 0.781 0.125 0.125 2.0 0.519 0.975 0.031
0.0 0.0 1.0 0.0 0.0 0.0 0.0 0.0 0.0 0.0 0.781 0.125 0.125 2.0 0.519 0.975 0.031
0.0 0.0 1.0 0.0 0.0 0.0 0.0 0.0 0.0 0.0 0.844 0.156 0.156 2.0 0.519 0.975 0.031
0.0 0.0 1.0 0.0 0.0 0.0 0.0 0.0 0.0 0.0 0.844 0.125 0.125 2.0 0.519 0.975 0.031
0.0 0.0 1.0 0.0 0.0 0.0 0.0 0.0 0.0 0.0 0.844 0.125 0.125 2.0 0.500 0.975 0.031
0.0 0.0 1.0 0.0 0.0 0.0 0.0 0.0 0.0 0.0 0.844 0.125 0.125 2.0 0.500 0.975 0.031
0.0 0.0 1.0 0.0 0.0 0.0 0.0 0.0 0.0 0.0 0.844 0.125 0.125 2.0 0.519 0.975 0.031
0.0 0.0 1.0 0.0 0.0 0.0 0.0 0.0 0.0 0.0 0.844 0.125 0.125 2.0 0.519 0.975 0.031
0.0 0.0 1.0 0.0 0.0 0.0 0.0 0.0 0.0 0.0 0.844 0.125 0.125 2.0 0.500 0.975 0.031
0.0 0.0 1.0 0.0 0.0 0.0 0.0 0.0 0.0 0.0 0.844 0.125 0.125 2.0 0.500 0.975 0.031
0.0 0.0 1.0 0.0 0.0 0.0 0.0 0.0 0.0 0.0 0.844 0.125 0.125 2.0 0.519 0.962 0.031
0.0 0.0 1.0 0.0 0.0 0.0 0.0 0.0 0.0 0.0 0.844 0.125 0.125 2.0 0.519 0.962 0.031
0.0 0.0 1.0 0.0 0.0 0.0 0.0 0.0 0.0 0.0 0.844 0.125 0.125 2.0 0.500 0.962 0.031
0.0 0.0 1.0 0.0 0.0 0.0 0.0 0.0 0.0 0.0 0.844 0.156 0.156 2.0 0.500 0.962 0.031
0.0 0.0 1.0 0.0 0.0 0.0 0.0 0.0 0.0 0.0 0.844 0.125 0.125 2.0 0.519 0.962 0.031
0.0 0.0 1.0 0.0 0.0 0.0 0.0 0.0 0.0 0.0 0.844 0.156 0.156 2.0 0.519 0.962 0.031
0.0 0.0 1.0 0.0 0.0 0.0 0.0 0.0 0.0 0.0 0.844 0.125 0.125 2.0 0.500 0.962 0.031
0.0 0.0 1.0 0.0 0.0 0.0 0.0 0.0 0.0 0.0 0.844 0.125 0.125 2.0 0.500 0.962 0.031
0.0 0.0 0.0 1.0 0.0 0.0 0.0 0.0 1.0 0.0 0.781 0.125 0.125 2.0 0.135 0.975 0.031
0.0 1.0 0.0 0.0 0.0 0.0 0.0 0.0 0.0 0.0 0.812 0.125 0.125 2.0 0.115 0.987 0.031
0.0 0.0 0.0 1.0 0.0 0.0 0.0 0.0 1.0 0.0 0.781 0.156 0.156 2.0 0.135 0.975 0.031
0.0 0.0 0.0 1.0 0.0 0.0 0.0 0.0 1.0 0.0 0.781 0.125 0.125 2.0 0.135 0.975 0.031
0.0 0.0 0.0 1.0 0.0 0.0 0.0 0.0 1.0 0.0 0.781 0.125 0.125 2.0 0.154 0.975 0.031
0.0 0.0 0.0 1.0 0.0 0.0 0.0 0.0 1.0 0.0 0.781 0.094 0.094 2.0 0.135 0.962 0.031
0.0 0.0 0.0 1.0 0.0 0.0 0.0 0.0 1.0 0.0 0.781 0.094 0.094 2.0 0.135 0.962 0.031
0.0 0.0 0.0 1.0 0.0 0.0 0.0 0.0 1.0 0.0 0.781 0.094 0.094 2.0 0.135 0.962 0.031
0.0 0.0 0.0 1.0 0.0 0.0 0.0 0.0 1.0 0.0 0.781 0.094 0.094 2.0 0.135 0.962 0.031
0.0 0.0 0.0 1.0 0.0 0.0 0.0 0.0 1.0 0.0 0.781 0.094 0.094 2.0 0.135 0.962 0.031
0.0 0.0 0.0 1.0 0.0 0.0 0.0 0.0 1.0 0.0 0.781 0.094 0.094 2.0 0.135 0.962 0.031
0.0 0.0 0.0 1.0 0.0 0.0 0.0 0.0 1.0 0.0 0.781 0.094 0.094 2.0 0.135 0.962 0.031
0.0 0.0 0.0 1.0 0.0 0.0 0.0 0.0 1.0 0.0 0.781 0.094 0.094 2.0 0.135 0.962 0.031
0.0 0.0 0.0 1.0 0.0 0.0 0.0 0.0 1.0 0.0 0.812 0.094 0.094 2.0 0.135 0.975 0.031
0.0 0.0 0.0 1.0 0.0 0.0 0.0 0.0 1.0 0.0 0.812 0.094 0.094 2.0 0.135 0.975 0.031
0.0 0.0 0.0 1.0 0.0 0.0 0.0 0.0 1.0 0.0 0.812 0.094 0.094 2.0 0.135 0.975 0.031
0.0 0.0 0.0 1.0 0.0 0.0 0.0 0.0 1.0 0.0 0.812 0.094 0.094 2.0 0.135 0.975 0.031
0.0 0.0 0.0 1.0 0.0 0.0 0.0 0.0 1.0 0.0 0.875 0.125 0.125 2.0 0.135 0.975 0.031
0.0 0.0 0.0 1.0 0.0 0.0 0.0 0.0 1.0 0.0 0.875 0.094 0.094 2.0 0.135 0.975 0.031
0.0 0.0 0.0 1.0 0.0 0.0 0.0 0.0 1.0 0.0 0.875 0.094 0.094 2.0 0.135 0.975 0.031
0.0 0.0 0.0 1.0 0.0 0.0 0.0 0.0 1.0 0.0 0.875 0.094 0.094 2.0 0.135 0.975 0.031
0.0 0.0 0.0 1.0 0.0 0.0 0.0 0.0 1.0 0.0 0.875 0.094 0.094 2.0 0.135 0.975 0.031
0.0 0.0 0.0 1.0 0.0 0.0 0.0 0.0 1.0 0.0 0.875 0.094 0.094 2.0 0.135 0.975 0.031
0.0 0.0 0.0 1.0 0.0 0.0 0.0 0.0 1.0 0.0 0.875 0.094 0.094 2.0 0.135 0.975 0.031
0.0 0.0 0.0 1.0 0.0 0.0 0.0 0.0 1.0 0.0 0.875 0.094 0.094 2.0 0.135 0.975 0.031
0.0 0.0 0.0 1.0 0.0 0.0 0.0 0.0 1.0 0.0 0.875 0.094 0.094 2.0 0.135 0.962 0.031
0.0 0.0 0.0 1.0 0.0 0.0 0.0 0.0 1.0 0.0 0.875 0.094 0.094 2.0 0.135 0.962 0.031
0.0 0.0 0.0 1.0 0.0 0.0 0.0 0.0 1.0 0.0 0.875 0.094 0.094 2.0 0.135 0.962 0.031
0.0 0.0 0.0 1.0 0.0 0.0 0.0 0.0 1.0 0.0 0.875 0.125 0.125 2.0 0.135 0.962 0.031
0.0 0.0 0.0 1.0 0.0 0.0 0.0 0.0 1.0 0.0 0.875 0.094 0.094 2.0 0.135 0.962 0.031
0.0 0.0 0.0 1.0 0.0 0.0 0.0 0.0 1.0 0.0 0.875 0.125 0.125 2.0 0.154 0.962 0.031
0.0 0.0 0.0 1.0 0.0 0.0 0.0 0.0 1.0 0.0 0.875 0.094 0.094 2.0 0.135 0.962 0.031
0.0 0.0 0.0 1.0 0.0 0.0 0.0 0.0 1.0 0.0 0.875 0.094 0.094 2.0 0.135 0.962 0.031
0.0 0.0 0.0 1.0 0.0 0.0 0.0 0.0 1.0 0.0 0.812 0.094 0.094 2.0 0.115 0.975 0.031
0.0 0.0 0.0 1.0 0.0 0.0 0.0 0.0 0.0 0.0 0.812 0.094 0.094 2.0 0.154 0.975 0.031
0.0 0.0 0.0 1.0 0.0 0.0 0.0 0.0 1.0 0.0 0.844 0.094 0.094 2.0 0.115 0.987 0.031
0.0 0.0 0.0 1.0 0.0 0.0 0.0 0.0 0.0 0.0 0.844 0.094 0.094 2.0 0.173 0.987 0.031
0.0 0.0 0.0 1.0 0.0 0.0 0.0 0.0 1.0 0.0 0.812 0.094 0.094 2.0 0.115 0.975 0.031
0.0 0.0 0.0 1.0 0.0 0.0 0.0 0.0 0.0 0.0 0.812 0.094 0.094 2.0 0.154 0.975 0.031
0.0 1.0 0.0 0.0 0.0 0.0 0.0 0.0 0.0 0.0 0.844 0.062 0.062 2.0 0.115 0.987 0.031
0.0 0.0 0.0 1.0 0.0 0.0 0.0 0.0 1.0 0.0 0.812 0.094 0.094 2.0 0.115 0.975 0.031
0.0 0.0 0.0 1.0 0.0 0.0 0.0 0.0 0.0 0.0 0.812 0.094 0.094 2.0 0.173 0.975 0.031
0.0 0.0 0.0 1.0 0.0 0.0 0.0 0.0 1.0 0.0 0.812 0.062 0.062 2.0 0.115 0.962 0.031
0.0 0.0 0.0 1.0 0.0 0.0 0.0 0.0 0.0 0.0 0.812 0.062 0.062 2.0 0.154 0.962 0.031
0.0 0.0 0.0 1.0 0.0 0.0 0.0 0.0 1.0 0.0 0.812 0.062 0.062 2.0 0.115 0.962 0.031
0.0 0.0 0.0 1.0 0.0 0.0 0.0 0.0 0.0 0.0 0.812 0.062 0.062 2.0 0.154 0.962 0.031
0.0 0.0 0.0 1.0 0.0 0.0 0.0 0.0 1.0 0.0 0.812 0.062 0.062 2.0 0.115 0.962 0.031
0.0 0.0 0.0 1.0 0.0 0.0 0.0 0.0 0.0 0.0 0.812 0.062 0.062 2.0 0.154 0.962 0.031
0.0 0.0 0.0 1.0 0.0 0.0 0.0 0.0 1.0 0.0 0.812 0.062 0.062 2.0 0.115 0.962 0.031
0.0 0.0 0.0 1.0 0.0 0.0 0.0 0.0 0.0 0.0 0.812 0.062 0.062 2.0 0.154 0.962 0.031
0.0 0.0 0.0 1.0 0.0 0.0 0.0 0.0 1.0 0.0 0.812 0.062 0.062 2.0 0.115 0.962 0.031
0.0 0.0 0.0 1.0 0.0 0.0 0.0 0.0 0.0 0.0 0.812 0.062 0.062 2.0 0.154 0.962 0.031
0.0 0.0 0.0 1.0 0.0 0.0 0.0 0.0 1.0 0.0 0.812 0.062 0.062 2.0 0.115 0.962 0.031
0.0 0.0 0.0 1.0 0.0 0.0 0.0 0.0 0.0 0.0 0.812 0.062 0.062 2.0 0.154 0.962 0.031
0.0 0.0 0.0 1.0 0.0 0.0 0.0 0.0 1.0 0.0 0.812 0.062 0.062 2.0 0.115 0.962 0.031
0.0 0.0 0.0 1.0 0.0 0.0 0.0 0.0 0.0 0.0 0.812 0.062 0.062 2.0 0.154 0.962 0.031
0.0 0.0 0.0 1.0 0.0 0.0 0.0 0.0 1.0 0.0 0.812 0.062 0.062 2.0 0.115 0.962 0.031
0.0 0.0 0.0 1.0 0.0 0.0 0.0 0.0 0.0 0.0 0.812 0.062 0.062 2.0 0.154 0.962 0.031
0.0 0.0 0.0 1.0 0.0 0.0 0.0 0.0 1.0 0.0 0.844 0.062 0.062 2.0 0.115 0.975 0.031
0.0 0.0 0.0 1.0 0.0 0.0 0.0 0.0 0.0 0.0 0.844 0.062 0.062 2.0 0.154 0.975 0.031
0.0 0.0 0.0 1.0 0.0 0.0 0.0 0.0 1.0 0.0 0.844 0.062 0.062 2.0 0.115 0.975 0.031
0.0 0.0 0.0 1.0 0.0 0.0 0.0 0.0 0.0 0.0 0.844 0.062 0.062 2.0 0.154 0.975 0.031
0.0 0.0 0.0 1.0 0.0 0.0 0.0 0.0 1.0 0.0 0.844 0.062 0.062 2.0 0.115 0.975 0.031
0.0 0.0 0.0 1.0 0.0 0.0 0.0 0.0 0.0 0.0 0.844 0.062 0.062 2.0 0.154 0.975 0.031
0.0 0.0 0.0 1.0 0.0 0.0 0.0 0.0 1.0 0.0 0.844 0.062 0.062 2.0 0.115 0.975 0.031
0.0 0.0 0.0 1.0 0.0 0.0 0.0 0.0 0.0 0.0 0.844 0.062 0.062 2.0 0.154 0.975 0.031
0.0 0.0 0.0 1.0 0.0 0.0 0.0 0.0 1.0 0.0 0.906 0.094 0.094 2.0 0.115 0.975 0.031
0.0 0.0 0.0 1.0 0.0 0.0 0.0 0.0 0.0 0.0 0.906 0.094 0.094 2.0 0.154 0.975 0.031
0.0 0.0 0.0 1.0 0.0 0.0 0.0 0.0 1.0 0.0 0.906 0.062 0.062 2.0 0.115 0.975 0.031
0.0 0.0 0.0 1.0 0.0 0.0 0.0 0.0 0.0 0.0 0.906 0.062 0.062 2.0 0.154 0.975 0.031
0.0 0.0 0.0 1.0 0.0 0.0 0.0 0.0 1.0 0.0 0.906 0.062 0.062 2.0 0.115 0.975 0.031
0.0 0.0 0.0 1.0 0.0 0.0 0.0 0.0 0.0 0.0 0.906 0.062 0.062 2.0 0.154 0.975 0.031
0.0 0.0 0.0 1.0 0.0 0.0 0.0 0.0 1.0 0.0 0.906 0.062 0.062 2.0 0.115 0.975 0.031
0.0 0.0 0.0 1.0 0.0 0.0 0.0 0.0 0.0 0.0 0.906 0.062 0.062 2.0 0.154 0.975 0.031
0.0 0.0 0.0 1.0 0.0 0.0 0.0 0.0 1.0 0.0 0.906 0.062 0.062 2.0 0.115 0.975 0.031
0.0 0.0 0.0 1.0 0.0 0.0 0.0 0.0 0.0 0.0 0.906 0.062 0.062 2.0 0.154 0.975 0.031
0.0 0.0 0.0 1.0 0.0 0.0 0.0 0.0 1.0 0.0 0.906 0.062 0.062 2.0 0.115 0.975 0.031
0.0 0.0 0.0 1.0 0.0 0.0 0.0 0.0 0.0 0.0 0.906 0.062 0.062 2.0 0.154 0.975 0.031
0.0 0.0 0.0 1.0 0.0 0.0 0.0 0.0 1.0 0.0 0.906 0.062 0.062 2.0 0.115 0.975 0.031
0.0 0.0 0.0 1.0 0.0 0.0 0.0 0.0 0.0 0.0 0.906 0.062 0.062 2.0 0.154 0.975 0.031
0.0 0.0 0.0 1.0 0.0 0.0 0.0 0.0 1.0 0.0 0.906 0.062 0.062 2.0 0.115 0.975 0.031
0.0 0.0 0.0 1.0 0.0 0.0 0.0 0.0 0.0 0.0 0.906 0.062 0.062 2.0 0.154 0.975 0.031
0.0 0.0 0.0 1.0 0.0 0.0 0.0 0.0 1.0 0.0 0.906 0.062 0.062 2.0 0.115 0.962 0.031
0.0 0.0 0.0 1.0 0.0 0.0 0.0 0.0 0.0 0.0 0.906 0.062 0.062 2.0 0.154 0.962 0.031
0.0 0.0 0.0 1.0 0.0 0.0 0.0 0.0 1.0 0.0 0.906 0.062 0.062 2.0 0.115 0.962 0.031
0.0 0.0 0.0 1.0 0.0 0.0 0.0 0.0 0.0 0.0 0.906 0.062 0.062 2.0 0.154 0.962 0.031
0.0 0.0 0.0 1.0 0.0 0.0 0.0 0.0 1.0 0.0 0.906 0.062 0.062 2.0 0.115 0.962 0.031
0.0 0.0 0.0 1.0 0.0 0.0 0.0 0.0 0.0 0.0 0.906 0.062 0.062 2.0 0.154 0.962 0.031
0.0 0.0 0.0 1.0 0.0 0.0 0.0 0.0 1.0 0.0 0.906 0.094 0.094 2.0 0.115 0.962 0.031
0.0 0.0 0.0 1.0 0.0 0.0 0.0 0.0 0.0 0.0 0.906 0.094 0.094 2.0 0.154 0.962 0.031
0.0 0.0 0.0 1.0 0.0 0.0 0.0 0.0 1.0 0.0 0.906 0.062 0.062 2.0 0.115 0.962 0.031
0.0 0.0 0.0 1.0 0.0 0.0 0.0 0.0 0.0 0.0 0.906 0.062 0.062 2.0 0.154 0.962 0.031
0.0 1.0 0.0 0.0 0.0 0.0 0.0 0.0 0.0 0.0 0.938 0.062 0.062 2.0 0.115 0.975 0.031
0.0 0.0 0.0 1.0 0.0 0.0 0.0 0.0 1.0 0.0 0.906 0.094 0.094 2.0 0.115 0.962 0.031
0.0 0.0 0.0 1.0 0.0 0.0 0.0 0.0 0.0 0.0 0.906 0.094 0.094 2.0 0.173 0.962 0.031
0.0 0.0 0.0 1.0 0.0 0.0 0.0 0.0 1.0 0.0 0.906 0.062 0.062 2.0 0.115 0.962 0.031
0.0 0.0 0.0 1.0 0.0 0.0 0.0 0.0 0.0 0.0 0.906 0.062 0.062 2.0 0.154 0.962 0.031
0.0 0.0 0.0 1.0 0.0 0.0 0.0 0.0 1.0 0.0 0.906 0.062 0.062 2.0 0.115 0.962 0.031
0.0 0.0 0.0 1.0 0.0 0.0 0.0 0.0 0.0 0.0 0.906 0.062 0.062 2.0 0.154 0.962 0.031
0.0 0.0 0.0 1.0 0.0 0.0 0.0 0.0 0.0 0.0 0.844 0.062 0.062 2.0 0.135 0.975 0.031
0.0 1.0 0.0 0.0 0.0 0.0 0.0 0.0 0.0 0.0 0.906 0.031 0.031 2.0 0.096 1.000 0.031
0.0 0.0 0.0 1.0 0.0 0.0 0.0 0.0 0.0 0.0 0.875 0.062 0.062 2.0 0.135 0.987 0.031
0.0 1.0 0.0 0.0 0.0 0.0 0.0 0.0 0.0 0.0 0.875 0.031 0.031 2.0 0.096 0.987 0.031
0.0 0.0 0.0 1.0 0.0 0.0 0.0 0.0 0.0 0.0 0.844 0.062 0.062 2.0 0.135 0.975 0.031
0.0 0.0 0.0 1.0 0.0 0.0 0.0 0.0 0.0 0.0 0.875 0.031 0.031 2.0 0.135 0.987 0.031
0.0 0.0 0.0 1.0 0.0 0.0 0.0 0.0 0.0 0.0 0.844 0.031 0.031 2.0 0.115 0.962 0.031
0.0 0.0 0.0 1.0 0.0 0.0 0.0 0.0 0.0 0.0 0.844 0.031 0.031 2.0 0.115 0.962 0.031
0.0 0.0 0.0 1.0 0.0 0.0 0.0 0.0 0.0 0.0 0.844 0.031 0.031 2.0 0.115 0.962 0.031
0.0 0.0 0.0 1.0 0.0 0.0 0.0 0.0 0.0 0.0 0.844 0.031 0.031 2.0 0.115 0.962 0.031
0.0 0.0 0.0 1.0 0.0 0.0 0.0 0.0 0.0 0.0 0.844 0.031 0.031 2.0 0.115 0.962 0.031
0.0 0.0 0.0 1.0 0.0 0.0 0.0 0.0 0.0 0.0 0.844 0.031 0.031 2.0 0.115 0.962 0.031
0.0 0.0 0.0 1.0 0.0 0.0 0.0 0.0 0.0 0.0 0.844 0.031 0.031 2.0 0.115 0.962 0.031
0.0 0.0 0.0 1.0 0.0 0.0 0.0 0.0 0.0 0.0 0.844 0.031 0.031 2.0 0.115 0.962 0.031
0.0 0.0 0.0 1.0 0.0 0.0 0.0 0.0 0.0 0.0 0.875 0.031 0.031 2.0 0.115 0.975 0.031
0.0 0.0 0.0 1.0 0.0 0.0 0.0 0.0 0.0 0.0 0.875 0.031 0.031 2.0 0.115 0.975 0.031
0.0 0.0 0.0 1.0 0.0 0.0 0.0 0.0 0.0 0.0 0.875 0.031 0.031 2.0 0.115 0.975 0.031
0.0 0.0 0.0 1.0 0.0 0.0 0.0 0.0 0.0 0.0 0.875 0.031 0.031 2.0 0.115 0.975 0.031
0.0 0.0 0.0 1.0 0.0 0.0 0.0 0.0 0.0 0.0 0.938 0.062 0.062 2.0 0.135 0.975 0.031
0.0 0.0 0.0 1.0 0.0 0.0 0.0 0.0 0.0 0.0 0.938 0.031 0.031 2.0 0.115 0.975 0.031
0.0 0.0 0.0 1.0 0.0 0.0 0.0 0.0 0.0 0.0 0.938 0.031 0.031 2.0 0.115 0.975 0.031
0.0 0.0 0.0 1.0 0.0 0.0 0.0 0.0 0.0 0.0 0.938 0.031 0.031 2.0 0.115 0.975 0.031
0.0 0.0 0.0 1.0 0.0 0.0 0.0 0.0 0.0 0.0 0.938 0.031 0.031 2.0 0.115 0.975 0.031
0.0 0.0 0.0 1.0 0.0 0.0 0.0 0.0 0.0 0.0 0.938 0.031 0.031 2.0 0.115 0.975 0.031
0.0 0.0 0.0 1.0 0.0 0.0 0.0 0.0 0.0 0.0 0.938 0.031 0.031 2.0 0.115 0.975 0.031
0.0 0.0 0.0 1.0 0.0 0.0 0.0 0.0 0.0 0.0 0.938 0.031 0.031 2.0 0.115 0.975 0.031
0.0 0.0 0.0 1.0 0.0 0.0 0.0 0.0 0.0 0.0 0.938 0.031 0.031 2.0 0.115 0.962 0.031
0.0 0.0 0.0 1.0 0.0 0.0 0.0 0.0 0.0 0.0 0.938 0.031 0.031 2.0 0.115 0.962 0.031
0.0 0.0 0.0 1.0 0.0 0.0 0.0 0.0 0.0 0.0 0.938 0.031 0.031 2.0 0.115 0.962 0.031
0.0 0.0 0.0 1.0 0.0 0.0 0.0 0.0 0.0 0.0 0.938 0.062 0.062 2.0 0.135 0.962 0.031
0.0 0.0 0.0 1.0 0.0 0.0 0.0 0.0 0.0 0.0 0.938 0.031 0.031 2.0 0.115 0.962 0.031
0.0 0.0 0.0 1.0 0.0 0.0 0.0 0.0 0.0 0.0 0.969 0.031 0.031 2.0 0.135 0.975 0.031
0.0 0.0 0.0 1.0 0.0 0.0 0.0 0.0 0.0 0.0 0.938 0.031 0.031 2.0 0.115 0.962 0.031
0.0 0.0 0.0 1.0 0.0 0.0 0.0 0.0 0.0 0.0 0.938 0.031 0.031 2.0 0.115 0.962 0.031
0.0 1.0 0.0 0.0 0.0 0.0 0.0 0.0 0.0 1.0 0.906 0.000 0.000 2.0 0.058 0.987 0.031
1.0 0.0 0.0 0.0 0.0 0.0 0.0 0.0 0.0 0.0 0.875 0.031 0.031 1.0 0.096 0.975 0.031
1.0 0.0 0.0 0.0 0.0 0.0 0.0 0.0 0.0 1.0 0.938 0.000 0.000 1.0 0.058 1.000 0.031
1.0 0.0 0.0 0.0 0.0 0.0 0.0 0.0 0.0 1.0 0.906 0.000 0.000 1.0 0.058 0.987 0.031
1.0 0.0 0.0 0.0 0.0 0.0 0.0 0.0 0.0 1.0 0.906 0.000 0.000 1.0 0.077 0.987 0.031
1.0 0.0 0.0 0.0 0.0 0.0 0.0 0.0 0.0 1.0 0.875 0.000 0.000 1.0 0.077 0.962 0.031
1.0 0.0 0.0 0.0 0.0 0.0 0.0 0.0 0.0 1.0 0.875 0.000 0.000 1.0 0.077 0.962 0.031
1.0 0.0 0.0 0.0 0.0 0.0 0.0 0.0 0.0 1.0 0.875 0.000 0.000 1.0 0.077 0.962 0.031
1.0 0.0 0.0 0.0 0.0 0.0 0.0 0.0 0.0 1.0 0.875 0.000 0.000 1.0 0.077 0.962 0.031
1.0 0.0 0.0 0.0 0.0 0.0 0.0 0.0 0.0 1.0 0.875 0.000 0.000 1.0 0.077 0.962 0.031
1.0 0.0 0.0 0.0 0.0 0.0 0.0 0.0 0.0 1.0 0.875 0.000 0.000 1.0 0.077 0.962 0.031
1.0 0.0 0.0 0.0 0.0 0.0 0.0 0.0 0.0 1.0 0.875 0.000 0.000 1.0 0.077 0.962 0.031
1.0 0.0 0.0 0.0 0.0 0.0 0.0 0.0 0.0 1.0 0.875 0.000 0.000 1.0 0.077 0.962 0.031
1.0 0.0 0.0 0.0 0.0 0.0 0.0 0.0 0.0 1.0 0.906 0.000 0.000 1.0 0.077 0.975 0.031
1.0 0.0 0.0 0.0 0.0 0.0 0.0 0.0 0.0 1.0 0.906 0.000 0.000 1.0 0.077 0.975 0.031
1.0 0.0 0.0 0.0 0.0 0.0 0.0 0.0 0.0 1.0 0.906 0.000 0.000 1.0 0.077 0.975 0.031
1.0 0.0 0.0 0.0 0.0 0.0 0.0 0.0 0.0 1.0 0.906 0.000 0.000 1.0 0.077 0.975 0.031
0.0 1.0 0.0 0.0 0.0 0.0 0.0 0.0 0.0 1.0 1.000 0.000 0.000 2.0 0.058 0.987 0.031
1.0 0.0 0.0 0.0 0.0 0.0 0.0 0.0 0.0 0.0 0.969 0.031 0.031 1.0 0.096 0.975 0.031
1.0 0.0 0.0 0.0 0.0 0.0 0.0 0.0 0.0 1.0 0.969 0.000 0.000 1.0 0.077 0.975 0.031
1.0 0.0 0.0 0.0 0.0 0.0 0.0 0.0 0.0 1.0 0.969 0.000 0.000 1.0 0.077 0.975 0.031
1.0 0.0 0.0 0.0 0.0 0.0 0.0 0.0 0.0 1.0 0.969 0.000 0.000 1.0 0.077 0.975 0.031
1.0 0.0 0.0 0.0 0.0 0.0 0.0 0.0 0.0 1.0 0.969 0.000 0.000 1.0 0.077 0.975 0.031
1.0 0.0 0.0 0.0 0.0 0.0 0.0 0.0 0.0 1.0 0.969 0.000 0.000 1.0 0.077 0.975 0.031
1.0 0.0 0.0 0.0 0.0 0.0 0.0 0.0 0.0 1.0 0.969 0.000 0.000 1.0 0.077 0.975 0.031
1.0 0.0 0.0 0.0 0.0 0.0 0.0 0.0 0.0 1.0 0.969 0.000 0.000 1.0 0.077 0.975 0.031
1.0 0.0 0.0 0.0 0.0 0.0 0.0 0.0 0.0 1.0 0.969 0.000 0.000 1.0 0.077 0.962 0.031
1.0 0.0 0.0 0.0 0.0 0.0 0.0 0.0 0.0 1.0 0.969 0.000 0.000 1.0 0.077 0.962 0.031
1.0 0.0 0.0 0.0 0.0 0.0 0.0 0.0 0.0 1.0 0.969 0.000 0.000 1.0 0.077 0.962 0.031
0.0 1.0 0.0 0.0 0.0 0.0 0.0 0.0 0.0 1.0 1.000 0.000 0.000 2.0 0.058 0.975 0.031
1.0 0.0 0.0 0.0 0.0 0.0 0.0 0.0 0.0 0.0 0.969 0.031 0.031 1.0 0.096 0.962 0.031
1.0 0.0 0.0 0.0 0.0 0.0 0.0 0.0 0.0 1.0 0.969 0.000 0.000 1.0 0.077 0.962 0.031
1.0 0.0 0.0 0.0 0.0 0.0 0.0 0.0 0.0 1.0 1.000 0.000 0.000 1.0 0.077 0.975 0.031
1.0 0.0 0.0 0.0 0.0 0.0 0.0 0.0 0.0 1.0 0.969 0.000 0.000 1.0 0.077 0.962 0.031
1.0 0.0 0.0 0.0 0.0 0.0 0.0 0.0 0.0 1.0 0.969 0.000 0.000 1.0 0.077 0.962 0.031
