1.0 0.0 0.0 0.0 0.0 0.0 0.0 0.0 1.0 0.0 0.143 0.086 0.200 1.0 0.182 0.013 0.057
0.0 1.0 0.0 0.0 0.0 0.0 0.0 0.0 0.0 0.0 0.171 0.057 0.171 1.0 0.145 0.013 0.057
0.0 0.0 1.0 0.0 0.0 0.0 0.0 0.0 0.0 0.0 0.200 0.029 0.143 1.0 0.218 0.013 0.057
0.0 0.0 0.0 1.0 0.0 0.0 0.0 0.0 0.0 0.0 0.229 0.000 0.114 2.0 0.273 0.027 0.086
0.0 0.0 0.0 0.0 1.0 0.0 0.0 0.0 0.0 0.0 0.257 0.000 0.086 2.0 0.182 0.027 0.086
0.0 0.0 0.0 0.0 0.0 1.0 0.0 0.0 0.0 0.0 0.286 0.000 0.057 2.0 0.145 0.027 0.086
0.0 0.0 0.0 0.0 0.0 0.0 1.0 0.0 0.0 0.0 0.314 0.000 0.029 2.0 0.109 0.027 0.086
0.0 0.0 0.0 0.0 0.0 0.0 0.0 1.0 0.0 0.0 0.343 0.000 0.000 2.0 0.073 0.027 0.086
1.0 0.0 0.0 0.0 0.0 0.0 0.0 0.0 0.0 0.0 0.371 0.000 0.000 1.0 0.055 0.013 0.029
0.0 1.0 0.0 0.0 0.0 0.0 0.0 0.0 0.0 0.0 0.400 0.000 0.000 1.0 0.036 0.013 0.029
0.0 0.0 1.0 0.0 0.0 0.0 0.0 0.0 0.0 0.0 0.429 0.000 0.000 1.0 0.018 0.013 0.029
0.0 0.0 0.0 1.0 0.0 0.0 0.0 0.0 0.0 0.0 0.457 0.000 0.000 1.0 0.000 0.013 0.029
0.0 0.0 0.0 0.0 1.0 0.0 0.0 0.0 0.0 0.0 0.486 0.000 0.000 1.0 0.000 0.013 0.029
