0.0 0.0 0.0 1.0 0.0 0.0 0.0 0.0 1.0 0.0 0.007 0.444 0.889 1.0 0.278 0.021 0.645
1.0 0.0 0.0 0.0 0.0 0.0 0.0 0.0 0.0 0.0 0.015 0.437 0.881 2.0 0.444 0.021 0.645
0.0 0.0 0.0 0.0 1.0 0.0 0.0 0.0 0.0 0.0 0.022 0.430 0.874 2.0 0.389 0.021 0.645
0.0 0.0 1.0 0.0 0.0 0.0 0.0 0.0 0.0 0.0 0.030 0.422 0.867 1.0 0.333 0.021 0.645
0.0 0.0 0.0 0.0 0.0 1.0 0.0 0.0 0.0 0.0 0.037 0.415 0.859 2.0 0.500 0.021 0.645
0.0 0.0 0.0 0.0 0.0 0.0 1.0 0.0 0.0 0.0 0.044 0.407 0.852 1.0 0.556 0.021 0.645
0.0 0.0 0.0 0.0 0.0 0.0 0.0 1.0 0.0 0.0 0.052 0.400 0.844 2.0 0.611 0.021 0.645
0.0 1.0 0.0 0.0 0.0 0.0 0.0 0.0 0.0 0.0 0.059 0.393 0.837 1.0 0.667 0.021 0.645
1.0 0.0 0.0 0.0 0.0 0.0 0.0 0.0 0.0 0.0 0.067 0.385 0.830 2.0 0.722 0.021 0.645
0.0 0.0 0.0 1.0 0.0 0.0 0.0 0.0 0.0 0.0 0.074 0.378 0.822 1.0 0.778 0.021 0.645
