0.0 0.0 1.0 0.0 0.0 0.0 0.0 0.0 0.0 0.0 0.343 0.257 0.429 1.0 0.327 0.160 0.686
0.0 1.0 0.0 0.0 0.0 0.0 0.0 0.0 0.0 0.0 0.371 0.229 0.400 1.0 0.291 0.173 0.686
0.0 0.0 0.0 1.0 0.0 0.0 0.0 0.0 0.0 0.0 0.400 0.200 0.371 2.0 0.455 0.173 0.686
0.0 1.0 0.0 0.0 0.0 0.0 0.0 0.0 0.0 0.0 0.429 0.171 0.286 2.0 0.255 0.187 0.343
0.0 1.0 0.0 0.0 0.0 0.0 0.0 0.0 0.0 0.0 0.457 0.143 0.257 1.0 0.127 0.187 0.343
0.0 1.0 0.0 0.0 0.0 0.0 0.0 0.0 0.0 0.0 0.429 0.171 0.286 2.0 0.273 0.187 0.343
0.0 1.0 0.0 0.0 0.0 0.0 0.0 0.0 0.0 0.0 0.429 0.171 0.286 2.0 0.255 0.187 0.343
0.0 1.0 0.0 0.0 0.0 0.0 0.0 0.0 0.0 0.0 0.429 0.286 0.343 2.0 0.273 0.187 0.086
0.0 1.0 0.0 0.0 0.0 0.0 0.0 0.0 0.0 0.0 0.429 0.286 0.343 2.0 0.255 0.187 0.086
0.0 0.0 1.0 0.0 0.0 0.0 0.0 0.0 0.0 0.0 0.486 0.114 0.229 4.0 0.382 0.467 0.343
0.0 0.0 1.0 0.0 0.0 0.0 0.0 0.0 0.0 0.0 0.429 0.171 0.286 4.0 0.382 0.440 0.343
0.0 0.0 1.0 0.0 0.0 0.0 0.0 0.0 0.0 0.0 0.429 0.343 0.400 2.0 0.345 0.320 0.086
0.0 0.0 1.0 0.0 0.0 0.0 0.0 0.0 0.0 0.0 0.429 0.286 0.343 2.0 0.400 0.320 0.086
0.0 0.0 1.0 0.0 0.0 0.0 0.0 0.0 0.0 0.0 0.571 0.086 0.086 2.0 0.382 0.667 0.029
