0.0 0.0 0.0 0.0 0.0 0.0 0.0 1.0 1.0 0.0 0.567 0.000 0.000 0.000 2.0 0.122 0.844 0.000
0.0 0.0 0.0 0.0 0.0 1.0 0.0 0.0 0.0 0.0 0.867 0.000 0.000 0.000 2.0 0.163 0.961 0.000
0.0 0.0 0.0 0.0 0.0 1.0 0.0 0.0 1.0 0.0 0.500 0.000 0.000 0.000 3.0 0.204 0.753 0.000
0.0 1.0 0.0 0.0 0.0 0.0 0.0 0.0 0.0 0.0 0.067 0.000 0.000 0.000 1.0 0.143 0.026 0.000
0.0 0.0 0.0 0.0 0.0 1.0 0.0 0.0 0.0 0.0 0.833 0.000 0.000 0.000 4.0 0.429 0.961 0.000
0.0 0.0 1.0 0.0 0.0 0.0 0.0 0.0 0.0 0.0 0.467 0.000 0.000 0.000 4.0 0.490 0.727 0.000
0.0 0.0 0.0 0.0 0.0 1.0 0.0 0.0 0.0 0.0 0.433 0.000 0.000 0.000 4.0 0.531 0.636 0.000
0.0 0.0 0.0 0.0 0.0 0.0 1.0 0.0 0.0 0.0 0.333 0.000 0.000 0.000 2.0 0.265 0.312 0.000
0.0 0.0 0.0 0.0 0.0 0.0 0.0 1.0 1.0 0.0 0.400 0.000 0.000 0.000 2.0 0.204 0.247 0.000
0.0 0.0 0.0 0.0 0.0 1.0 0.0 0.0 0.0 0.0 0.300 0.000 0.000 0.000 3.0 0.347 0.234 0.000
0.0 0.0 0.0 1.0 0.0 0.0 0.0 0.0 0.0 0.0 0.367 0.000 0.000 0.000 2.0 0.265 0.234 0.000
0.0 0.0 0.0 0.0 0.0 1.0 0.0 0.0 0.0 0.0 0.633 0.000 0.000 0.000 4.0 0.449 0.844 0.000
0.0 0.0 0.0 0.0 0.0 1.0 0.0 0.0 0.0 0.0 0.500 0.000 0.000 0.000 2.0 0.347 0.532 0.000
0.0 0.0 0.0 0.0 0.0 1.0 0.0 0.0 0.0 0.0 0.433 0.000 0.000 0.000 4.0 0.347 0.532 0.000
0.0 0.0 0.0 0.0 0.0 1.0 0.0 0.0 0.0 0.0 0.333 0.000 0.000 0.000 2.0 0.306 0.325 0.000
0.0 0.0 0.0 0.0 0.0 1.0 0.0 0.0 0.0 0.0 0.400 0.000 0.000 0.000 2.0 0.265 0.364 0.000
0.0 0.0 0.0 0.0 0.0 1.0 0.0 0.0 0.0 0.0 0.367 0.000 0.000 0.000 2.0 0.347 0.351 0.000
0.0 0.0 0.0 0.0 0.0 1.0 0.0 0.0 0.0 0.0 0.700 0.000 0.000 0.000 4.0 0.510 0.857 0.000
0.0 0.0 0.0 0.0 0.0 1.0 0.0 0.0 0.0 0.0 0.667 0.000 0.000 0.000 2.0 0.245 0.675 0.000
0.0 0.0 0.0 0.0 0.0 1.0 0.0 0.0 0.0 0.0 0.633 0.000 0.000 0.000 2.0 0.224 0.675 0.000
0.0 0.0 0.0 0.0 0.0 1.0 0.0 0.0 0.0 0.0 0.500 0.000 0.000 0.000 2.0 0.245 0.442 0.000
1.0 0.0 0.0 0.0 0.0 0.0 0.0 0.0 0.0 0.0 0.467 0.000 0.000 0.000 2.0 0.286 0.442 0.000
0.0 0.0 0.0 0.0 0.0 1.0 0.0 0.0 0.0 0.0 0.567 0.000 0.000 0.000 2.0 0.204 0.649 0.000
0.0 1.0 0.0 0.0 0.0 0.0 0.0 0.0 0.0 0.0 0.467 0.000 0.000 0.000 1.0 0.306 0.429 0.000
0.0 0.0 0.0 0.0 0.0 1.0 0.0 0.0 0.0 0.0 0.533 0.000 0.000 0.000 2.0 0.469 0.416 0.000
0.0 0.0 0.0 1.0 0.0 0.0 0.0 0.0 0.0 0.0 0.800 0.000 0.000 0.000 3.0 0.327 0.948 0.000
0.0 1.0 0.0 0.0 0.0 0.0 0.0 0.0 0.0 0.0 0.633 0.000 0.000 0.000 2.0 0.204 0.857 0.000
0.0 0.0 0.0 1.0 0.0 0.0 0.0 0.0 0.0 0.0 0.600 0.000 0.000 0.000 4.0 0.490 0.844 0.000
0.0 0.0 0.0 0.0 0.0 1.0 0.0 0.0 0.0 0.0 0.367 0.000 0.000 0.000 2.0 0.388 0.364 0.000
0.0 0.0 0.0 0.0 0.0 0.0 1.0 0.0 0.0 0.0 0.933 0.000 0.000 0.000 2.0 0.143 0.948 0.000
0.0 0.0 0.0 0.0 0.0 1.0 0.0 0.0 0.0 0.0 0.067 0.000 0.000 0.000 2.0 0.163 0.039 0.000
0.0 0.0 1.0 0.0 0.0 0.0 0.0 0.0 1.0 0.0 0.033 0.000 0.000 0.000 2.0 0.082 0.026 0.000
0.0 0.0 0.0 1.0 0.0 0.0 0.0 0.0 0.0 0.0 0.900 0.000 0.000 0.000 2.0 0.184 0.948 0.000
0.0 0.0 0.0 1.0 0.0 0.0 0.0 0.0 0.0 0.0 0.867 0.000 0.000 0.000 2.0 0.204 0.948 0.000
0.0 0.0 0.0 0.0 0.0 0.0 1.0 0.0 0.0 0.0 0.833 0.000 0.000 0.000 2.0 0.204 0.948 0.000
0.0 1.0 0.0 0.0 0.0 0.0 0.0 0.0 0.0 0.0 0.800 0.000 0.000 0.000 2.0 0.143 0.935 0.000
0.0 0.0 0.0 1.0 0.0 0.0 0.0 0.0 0.0 0.0 0.767 0.000 0.000 0.000 2.0 0.224 0.922 0.000
0.0 1.0 0.0 0.0 0.0 0.0 0.0 0.0 0.0 0.0 0.733 0.000 0.000 0.000 2.0 0.204 0.896 0.000
0.0 0.0 0.0 0.0 1.0 0.0 0.0 0.0 0.0 0.0 0.200 0.000 0.000 0.000 3.0 0.265 0.169 0.000
0.0 0.0 0.0 0.0 0.0 0.0 0.0 1.0 0.0 0.0 0.167 0.000 0.000 0.000 2.0 0.265 0.130 0.000
0.0 0.0 0.0 0.0 0.0 0.0 0.0 1.0 1.0 0.0 0.100 0.000 0.000 0.000 2.0 0.143 0.052 0.000
0.0 1.0 0.0 0.0 0.0 0.0 0.0 0.0 0.0 0.0 0.067 0.000 0.000 0.000 2.0 0.082 0.039 0.000
0.0 0.0 0.0 0.0 0.0 0.0 0.0 1.0 1.0 0.0 0.033 0.000 0.000 0.000 2.0 0.061 0.026 0.000
0.0 0.0 0.0 0.0 0.0 0.0 1.0 0.0 0.0 0.0 0.133 0.000 0.000 0.000 2.0 0.245 0.078 0.000
0.0 0.0 0.0 0.0 0.0 0.0 1.0 0.0 0.0 0.0 0.833 0.000 0.000 0.000 2.0 0.122 0.922 0.000
0.0 0.0 0.0 0.0 0.0 0.0 1.0 0.0 0.0 0.0 0.800 0.000 0.000 0.000 2.0 0.184 0.922 0.000
0.0 0.0 0.0 0.0 0.0 1.0 0.0 0.0 0.0 0.0 0.767 0.000 0.000 0.000 2.0 0.224 0.896 0.000
0.0 1.0 0.0 0.0 0.0 0.0 0.0 0.0 1.0 0.0 0.033 0.000 0.000 0.000 2.0 0.082 0.026 0.000
0.0 0.0 0.0 1.0 0.0 0.0 0.0 0.0 0.0 0.0 0.300 0.000 0.000 0.000 2.0 0.184 0.221 0.000
0.0 0.0 0.0 1.0 0.0 0.0 0.0 0.0 1.0 0.0 0.067 0.000 0.000 0.000 2.0 0.122 0.026 0.000
0.0 0.0 0.0 0.0 0.0 0.0 1.0 0.0 0.0 0.0 0.267 0.000 0.000 0.000 2.0 0.184 0.195 0.000
0.0 1.0 0.0 0.0 0.0 0.0 0.0 0.0 0.0 0.0 0.133 0.000 0.000 0.000 2.0 0.163 0.078 0.000
0.0 0.0 0.0 1.0 0.0 0.0 0.0 0.0 0.0 0.0 0.233 0.000 0.000 0.000 2.0 0.184 0.117 0.000
0.0 0.0 0.0 1.0 0.0 0.0 0.0 0.0 0.0 0.0 0.167 0.000 0.000 0.000 2.0 0.224 0.104 0.000
0.0 1.0 0.0 0.0 0.0 0.0 0.0 0.0 0.0 0.0 0.200 0.000 0.000 0.000 2.0 0.143 0.117 0.000
0.0 0.0 0.0 0.0 0.0 1.0 0.0 0.0 0.0 0.0 0.167 0.000 0.000 0.000 2.0 0.204 0.104 0.000
0.0 0.0 0.0 1.0 0.0 0.0 0.0 0.0 1.0 0.0 0.067 0.000 0.000 0.000 2.0 0.082 0.039 0.000
0.0 0.0 0.0 1.0 0.0 0.0 0.0 0.0 1.0 0.0 0.033 0.000 0.000 0.000 2.0 0.061 0.026 0.000
0.0 1.0 0.0 0.0 0.0 0.0 0.0 0.0 0.0 0.0 0.933 0.000 0.000 0.000 2.0 0.082 0.948 0.000
0.0 0.0 0.0 1.0 0.0 0.0 0.0 0.0 0.0 0.0 0.900 0.000 0.000 0.000 2.0 0.163 0.935 0.000
0.0 0.0 0.0 0.0 0.0 0.0 1.0 0.0 0.0 0.0 0.867 0.000 0.000 0.000 2.0 0.204 0.935 0.000
0.0 0.0 0.0 1.0 0.0 0.0 0.0 0.0 1.0 0.0 0.833 0.000 0.000 0.000 2.0 0.245 0.935 0.000
0.0 0.0 0.0 0.0 0.0 1.0 0.0 0.0 0.0 0.0 0.933 0.000 0.000 0.000 2.0 0.204 0.948 0.000
0.0 0.0 0.0 0.0 0.0 0.0 1.0 0.0 0.0 0.0 0.900 0.000 0.000 0.000 2.0 0.184 0.948 0.000
0.0 1.0 0.0 0.0 0.0 0.0 0.0 0.0 0.0 0.0 0.867 0.000 0.000 0.000 2.0 0.122 0.948 0.000
0.0 0.0 0.0 1.0 0.0 0.0 0.0 0.0 1.0 0.0 0.833 0.000 0.000 0.000 2.0 0.224 0.935 0.000
0.0 0.0 0.0 0.0 0.0 1.0 0.0 0.0 0.0 0.0 0.933 0.000 0.000 0.000 2.0 0.204 0.961 0.000
0.0 0.0 0.0 0.0 0.0 0.0 0.0 1.0 0.0 0.0 0.900 0.000 0.000 0.000 2.0 0.204 0.961 0.000
0.0 1.0 0.0 0.0 0.0 0.0 0.0 0.0 0.0 0.0 0.867 0.000 0.000 0.000 2.0 0.122 0.961 0.000
0.0 1.0 0.0 0.0 0.0 0.0 0.0 0.0 1.0 0.0 0.833 0.000 0.000 0.000 3.0 0.224 0.948 0.000
0.0 0.0 0.0 0.0 0.0 0.0 0.0 1.0 1.0 0.0 0.567 0.000 0.000 0.000 2.0 0.122 0.831 0.000
0.0 1.0 0.0 0.0 0.0 0.0 0.0 0.0 0.0 0.0 0.967 0.000 0.000 0.000 2.0 0.082 0.974 0.000
0.0 0.0 0.0 1.0 0.0 0.0 0.0 0.0 0.0 0.0 0.933 0.000 0.000 0.000 2.0 0.163 0.961 0.000
0.0 1.0 0.0 0.0 0.0 0.0 0.0 0.0 0.0 0.0 0.100 0.000 0.000 0.000 1.0 0.265 0.026 0.000
0.0 0.0 0.0 0.0 0.0 0.0 1.0 0.0 0.0 0.0 0.900 0.000 0.000 0.000 2.0 0.204 0.961 0.000
0.0 0.0 0.0 0.0 0.0 0.0 0.0 1.0 0.0 0.0 0.200 0.000 0.000 0.000 2.0 0.224 0.156 0.000
0.0 0.0 0.0 0.0 0.0 0.0 1.0 0.0 0.0 0.0 0.867 0.000 0.000 0.000 2.0 0.163 0.961 0.000
0.0 1.0 0.0 0.0 0.0 0.0 0.0 0.0 0.0 0.0 0.167 0.000 0.000 0.000 2.0 0.122 0.091 0.000
0.0 1.0 0.0 0.0 0.0 0.0 0.0 0.0 0.0 0.0 0.133 0.000 0.000 0.000 2.0 0.102 0.078 0.000
0.0 0.0 0.0 0.0 0.0 0.0 0.0 1.0 1.0 0.0 0.100 0.000 0.000 0.000 2.0 0.143 0.065 0.000
0.0 0.0 0.0 1.0 0.0 0.0 0.0 0.0 1.0 0.0 0.833 0.000 0.000 0.000 2.0 0.245 0.935 0.000
0.0 0.0 0.0 0.0 0.0 1.0 0.0 0.0 0.0 0.0 0.933 0.000 0.000 0.000 2.0 0.204 0.987 0.000
0.0 0.0 0.0 0.0 0.0 0.0 1.0 0.0 0.0 0.0 0.900 0.000 0.000 0.000 2.0 0.184 0.987 0.000
0.0 0.0 0.0 0.0 0.0 0.0 1.0 0.0 0.0 0.0 0.200 0.000 0.000 0.000 2.0 0.163 0.195 0.000
0.0 1.0 0.0 0.0 0.0 0.0 0.0 0.0 0.0 0.0 0.167 0.000 0.000 0.000 2.0 0.184 0.078 0.000
0.0 1.0 0.0 0.0 0.0 0.0 0.0 0.0 0.0 0.0 0.167 0.000 0.000 0.000 2.0 0.143 0.117 0.000
0.0 0.0 0.0 0.0 0.0 0.0 1.0 0.0 0.0 0.0 0.133 0.000 0.000 0.000 2.0 0.184 0.104 0.000
0.0 1.0 0.0 0.0 0.0 0.0 0.0 0.0 0.0 0.0 0.100 0.000 0.000 0.000 2.0 0.122 0.039 0.000
0.0 1.0 0.0 0.0 0.0 0.0 0.0 0.0 0.0 0.0 0.067 0.000 0.000 0.000 2.0 0.122 0.026 0.000
0.0 0.0 0.0 0.0 0.0 0.0 1.0 0.0 0.0 0.0 0.867 0.000 0.000 0.000 2.0 0.204 0.935 0.000
0.0 0.0 0.0 1.0 0.0 0.0 0.0 0.0 1.0 0.0 0.833 0.000 0.000 0.000 2.0 0.245 0.935 0.000
0.0 0.0 0.0 0.0 0.0 1.0 0.0 0.0 0.0 0.0 1.000 0.000 0.000 0.000 2.0 0.204 1.000 0.000
0.0 0.0 0.0 0.0 0.0 1.0 0.0 0.0 0.0 0.0 0.967 0.000 0.000 0.000 2.0 0.163 1.000 0.000
0.0 1.0 0.0 0.0 0.0 0.0 0.0 0.0 0.0 0.0 0.933 0.000 0.000 0.000 2.0 0.143 1.000 0.000
0.0 0.0 0.0 0.0 0.0 1.0 0.0 0.0 0.0 0.0 0.900 0.000 0.000 0.000 2.0 0.184 0.987 0.000
0.0 0.0 1.0 0.0 0.0 0.0 0.0 0.0 0.0 0.0 0.900 0.000 0.000 0.000 2.0 0.204 0.987 0.000
0.0 1.0 0.0 0.0 0.0 0.0 0.0 0.0 0.0 0.0 0.867 0.000 0.000 0.000 2.0 0.163 0.948 0.000
0.0 0.0 0.0 1.0 0.0 0.0 0.0 0.0 1.0 0.0 0.833 0.000 0.000 0.000 2.0 0.245 0.935 0.000
0.0 0.0 0.0 0.0 0.0 1.0 0.0 0.0 0.0 0.0 0.800 0.000 0.000 0.000 2.0 0.490 0.935 0.000
0.0 0.0 1.0 0.0 0.0 0.0 0.0 0.0 0.0 0.0 0.767 0.000 0.000 0.000 3.0 0.633 0.935 0.000
0.0 0.0 1.0 0.0 0.0 0.0 0.0 0.0 0.0 0.0 0.700 0.000 0.000 0.000 4.0 0.449 0.883 0.000
0.0 1.0 0.0 0.0 0.0 0.0 0.0 0.0 0.0 0.0 0.567 0.000 0.000 0.000 2.0 0.265 0.857 0.000
0.0 0.0 1.0 0.0 0.0 0.0 0.0 0.0 0.0 0.0 0.633 0.000 0.000 0.000 4.0 0.571 0.883 0.000
0.0 0.0 0.0 1.0 0.0 0.0 0.0 0.0 0.0 0.0 0.533 0.000 0.000 0.000 3.0 0.429 0.870 0.000
0.0 0.0 1.0 0.0 0.0 0.0 0.0 0.0 0.0 0.0 0.433 0.000 0.000 0.000 3.0 0.531 0.481 0.000
0.0 1.0 0.0 0.0 0.0 0.0 0.0 0.0 0.0 0.0 0.467 0.000 0.000 0.000 2.0 0.265 0.545 0.000
0.0 0.0 1.0 0.0 0.0 0.0 0.0 0.0 0.0 0.0 0.733 0.000 0.000 0.000 4.0 0.449 0.883 0.000
0.0 0.0 1.0 0.0 0.0 0.0 0.0 0.0 0.0 0.0 0.700 0.000 0.000 0.000 4.0 0.490 0.857 0.000
0.0 0.0 0.0 1.0 0.0 0.0 0.0 0.0 0.0 0.0 0.533 0.000 0.000 0.000 3.0 0.490 0.844 0.000
0.0 0.0 1.0 0.0 0.0 0.0 0.0 0.0 0.0 0.0 0.633 0.000 0.000 0.000 2.0 0.367 0.870 0.000
0.0 0.0 0.0 1.0 0.0 0.0 0.0 0.0 0.0 0.0 0.533 0.000 0.000 0.000 2.0 0.490 0.831 0.000
0.0 1.0 0.0 0.0 0.0 0.0 0.0 0.0 0.0 0.0 0.567 0.000 0.000 0.000 2.0 0.245 0.844 0.000
0.0 0.0 0.0 1.0 0.0 0.0 0.0 0.0 0.0 0.0 0.533 0.000 0.000 0.000 3.0 0.551 0.831 0.000
0.0 0.0 0.0 0.0 0.0 0.0 1.0 0.0 0.0 0.0 0.300 0.000 0.000 0.000 2.0 0.245 0.312 0.000
0.0 1.0 0.0 0.0 0.0 0.0 0.0 0.0 0.0 0.0 0.267 0.000 0.000 0.000 2.0 0.163 0.104 0.000
0.0 0.0 0.0 0.0 0.0 1.0 0.0 0.0 0.0 0.0 0.233 0.000 0.000 0.000 2.0 0.143 0.091 0.000
0.0 1.0 0.0 0.0 0.0 0.0 0.0 0.0 0.0 0.0 0.200 0.000 0.000 0.000 2.0 0.122 0.091 0.000
0.0 0.0 0.0 1.0 0.0 0.0 0.0 0.0 1.0 0.0 0.167 0.000 0.000 0.000 2.0 0.122 0.078 0.000
0.0 0.0 0.0 0.0 0.0 1.0 0.0 0.0 1.0 0.0 0.167 0.000 0.000 0.000 2.0 0.143 0.078 0.000
0.0 1.0 0.0 0.0 0.0 0.0 0.0 0.0 0.0 0.0 0.133 0.000 0.000 0.000 2.0 0.204 0.065 0.000
0.0 0.0 0.0 0.0 0.0 1.0 0.0 0.0 1.0 0.0 0.067 0.000 0.000 0.000 2.0 0.327 0.026 0.000
0.0 1.0 0.0 0.0 0.0 0.0 0.0 0.0 1.0 0.0 0.033 0.000 0.000 0.000 1.0 0.327 0.013 0.000
0.0 0.0 0.0 0.0 0.0 0.0 0.0 1.0 1.0 0.0 0.567 0.000 0.000 0.000 2.0 0.122 0.844 0.000
0.0 0.0 0.0 1.0 0.0 0.0 0.0 0.0 0.0 0.0 0.533 0.000 0.000 0.000 3.0 0.673 0.844 0.000
0.0 0.0 0.0 0.0 0.0 0.0 0.0 1.0 1.0 0.0 0.633 0.000 0.000 0.000 2.0 0.143 0.857 0.000
0.0 0.0 0.0 1.0 0.0 0.0 0.0 0.0 0.0 0.0 0.600 0.000 0.000 0.000 4.0 0.714 0.857 0.000
0.0 0.0 0.0 0.0 0.0 0.0 0.0 1.0 1.0 0.0 0.567 0.000 0.000 0.000 2.0 0.122 0.844 0.000
0.0 0.0 0.0 1.0 0.0 0.0 0.0 0.0 0.0 0.0 0.533 0.000 0.000 0.000 3.0 0.612 0.844 0.000
0.0 0.0 0.0 0.0 0.0 0.0 0.0 1.0 1.0 1.0 0.700 0.000 0.000 0.000 2.0 0.102 0.870 0.500
0.0 0.0 0.0 1.0 0.0 0.0 0.0 0.0 0.0 0.0 0.667 0.033 0.033 0.033 2.0 0.388 0.870 0.500
0.0 0.0 0.0 0.0 0.0 0.0 0.0 1.0 1.0 0.0 0.567 0.000 0.000 0.000 2.0 0.122 0.857 0.000
0.0 0.0 0.0 1.0 0.0 0.0 0.0 0.0 0.0 0.0 0.533 0.000 0.000 0.000 3.0 0.633 0.857 0.000
0.0 0.0 0.0 1.0 0.0 0.0 0.0 0.0 0.0 0.0 0.633 0.000 0.000 0.000 2.0 0.102 0.857 0.000
0.0 0.0 0.0 1.0 0.0 0.0 0.0 0.0 1.0 0.0 0.567 0.000 0.000 0.000 2.0 0.184 0.844 0.000
0.0 1.0 0.0 0.0 0.0 0.0 0.0 0.0 0.0 0.0 0.600 0.000 0.000 0.000 2.0 0.102 0.857 0.000
0.0 0.0 0.0 0.0 0.0 1.0 0.0 0.0 1.0 0.0 0.567 0.000 0.000 0.000 2.0 0.184 0.844 0.000
0.0 0.0 0.0 1.0 0.0 0.0 0.0 0.0 0.0 0.0 0.533 0.000 0.000 0.000 3.0 0.694 0.844 0.000
0.0 0.0 1.0 0.0 0.0 0.0 0.0 0.0 0.0 0.0 0.467 0.233 0.233 0.233 4.0 0.694 0.584 0.500
0.0 1.0 0.0 0.0 0.0 0.0 0.0 0.0 0.0 0.0 0.433 0.267 0.267 0.267 1.0 0.367 0.364 0.500
0.0 0.0 0.0 1.0 0.0 0.0 0.0 0.0 0.0 0.0 0.400 0.300 0.300 0.300 2.0 0.367 0.364 0.500
0.0 0.0 0.0 0.0 0.0 0.0 0.0 1.0 1.0 0.0 0.567 0.000 0.000 0.000 2.0 0.102 0.857 0.000
0.0 0.0 0.0 1.0 0.0 0.0 0.0 0.0 0.0 0.0 0.533 0.000 0.000 0.000 3.0 0.469 0.857 0.000
0.0 0.0 1.0 0.0 0.0 0.0 0.0 0.0 0.0 0.0 0.467 0.000 0.000 0.000 3.0 0.592 0.623 0.000
0.0 0.0 0.0 0.0 0.0 0.0 0.0 1.0 1.0 1.0 0.633 0.000 0.000 0.000 2.0 0.122 0.857 0.500
0.0 0.0 0.0 1.0 0.0 0.0 0.0 0.0 0.0 0.0 0.600 0.033 0.033 0.033 3.0 0.510 0.857 0.500
0.0 0.0 0.0 0.0 0.0 0.0 1.0 0.0 1.0 0.0 0.667 0.000 0.000 0.000 2.0 0.082 0.857 0.000
0.0 0.0 0.0 1.0 0.0 0.0 0.0 0.0 0.0 0.0 0.633 0.000 0.000 0.000 2.0 0.143 0.857 0.000
0.0 1.0 0.0 0.0 0.0 0.0 0.0 0.0 0.0 0.0 0.567 0.000 0.000 0.000 3.0 0.306 0.857 0.000
1.0 0.0 0.0 0.0 0.0 0.0 0.0 0.0 0.0 0.0 0.600 0.000 0.000 0.000 2.0 0.163 0.857 0.000
0.0 0.0 0.0 1.0 0.0 0.0 0.0 0.0 0.0 0.0 0.567 0.000 0.000 0.000 2.0 0.408 0.844 0.000
0.0 0.0 1.0 0.0 0.0 0.0 0.0 0.0 0.0 0.0 0.533 0.000 0.000 0.000 3.0 0.653 0.688 0.000
0.0 0.0 0.0 1.0 0.0 0.0 0.0 0.0 0.0 0.0 0.133 0.567 0.567 0.567 2.0 0.755 0.104 0.500
0.0 0.0 0.0 1.0 0.0 0.0 0.0 0.0 0.0 0.0 0.100 0.600 0.600 0.600 2.0 0.265 0.078 0.500
0.0 1.0 0.0 0.0 0.0 0.0 0.0 0.0 1.0 0.0 0.033 0.667 0.667 0.667 2.0 0.163 0.026 0.500
0.0 0.0 0.0 0.0 0.0 0.0 0.0 1.0 1.0 0.0 0.633 0.000 0.000 0.000 2.0 0.143 0.844 0.000
0.0 0.0 0.0 1.0 0.0 0.0 0.0 0.0 0.0 0.0 0.600 0.000 0.000 0.000 4.0 0.510 0.844 0.000
0.0 0.0 0.0 0.0 0.0 1.0 0.0 0.0 0.0 0.0 0.433 0.000 0.000 0.000 2.0 0.694 0.429 0.000
0.0 1.0 0.0 0.0 0.0 0.0 0.0 0.0 0.0 0.0 0.567 0.000 0.000 0.000 2.0 0.327 0.416 0.000
0.0 0.0 0.0 0.0 1.0 0.0 0.0 0.0 0.0 0.0 0.533 0.000 0.000 0.000 2.0 0.245 0.403 0.000
0.0 0.0 0.0 0.0 0.0 0.0 0.0 1.0 1.0 0.0 0.700 0.000 0.000 0.000 2.0 0.122 0.857 0.000
0.0 0.0 0.0 1.0 0.0 0.0 0.0 0.0 0.0 0.0 0.667 0.000 0.000 0.000 3.0 0.469 0.857 0.000
0.0 0.0 0.0 0.0 0.0 1.0 0.0 0.0 0.0 0.0 0.633 0.067 0.067 0.067 3.0 0.408 0.662 0.500
0.0 1.0 0.0 0.0 0.0 0.0 0.0 0.0 0.0 0.0 0.600 0.100 0.100 0.100 1.0 0.408 0.429 0.500
0.0 0.0 0.0 0.0 0.0 0.0 0.0 1.0 1.0 0.0 0.567 0.000 0.000 0.000 2.0 0.102 0.844 0.000
0.0 0.0 0.0 1.0 0.0 0.0 0.0 0.0 0.0 0.0 0.533 0.000 0.000 0.000 2.0 0.408 0.844 0.000
0.0 0.0 1.0 0.0 0.0 0.0 0.0 0.0 0.0 0.0 0.500 0.000 0.000 0.000 2.0 0.633 0.416 0.000
0.0 1.0 0.0 0.0 0.0 0.0 0.0 0.0 0.0 0.0 0.367 0.000 0.000 0.000 2.0 0.306 0.234 0.000
0.0 0.0 0.0 0.0 0.0 0.0 1.0 0.0 0.0 0.0 0.633 0.000 0.000 0.000 2.0 0.102 0.857 0.000
0.0 0.0 0.0 0.0 0.0 1.0 0.0 0.0 0.0 0.0 0.600 0.000 0.000 0.000 2.0 0.163 0.844 0.000
1.0 0.0 0.0 0.0 0.0 0.0 0.0 0.0 0.0 0.0 0.533 0.000 0.000 0.000 3.0 0.429 0.844 0.000
0.0 0.0 1.0 0.0 0.0 0.0 0.0 0.0 0.0 0.0 0.500 0.000 0.000 0.000 3.0 0.612 0.688 0.000
0.0 1.0 0.0 0.0 0.0 0.0 0.0 0.0 0.0 0.0 0.467 0.000 0.000 0.000 1.0 0.592 0.532 0.000
0.0 1.0 0.0 0.0 0.0 0.0 0.0 0.0 0.0 0.0 0.567 0.000 0.000 0.000 2.0 0.184 0.844 0.000
0.0 0.0 0.0 1.0 0.0 0.0 0.0 0.0 0.0 0.0 0.533 0.000 0.000 0.000 4.0 0.735 0.831 0.000
0.0 0.0 0.0 1.0 0.0 0.0 0.0 0.0 0.0 0.0 0.433 0.000 0.000 0.000 3.0 0.510 0.532 0.000
0.0 1.0 0.0 0.0 0.0 0.0 0.0 0.0 0.0 0.0 0.367 0.000 0.000 0.000 1.0 0.327 0.325 0.000
0.0 0.0 0.0 1.0 0.0 0.0 0.0 0.0 0.0 0.0 0.333 0.000 0.000 0.000 2.0 0.571 0.325 0.000
0.0 0.0 0.0 0.0 0.0 1.0 0.0 0.0 0.0 0.0 0.433 0.200 0.200 0.200 2.0 1.000 0.429 0.500
0.0 1.0 0.0 0.0 0.0 0.0 0.0 0.0 0.0 0.0 0.400 0.233 0.300 0.267 1.0 0.469 0.273 1.000
0.0 1.0 0.0 0.0 0.0 0.0 0.0 0.0 1.0 0.0 0.033 0.000 0.000 0.000 2.0 0.061 0.026 0.000
0.0 0.0 0.0 0.0 0.0 0.0 0.0 1.0 1.0 0.0 0.633 0.000 0.000 0.000 2.0 0.122 0.857 0.000
0.0 0.0 0.0 1.0 0.0 0.0 0.0 0.0 0.0 0.0 0.600 0.000 0.000 0.000 3.0 0.469 0.857 0.000
0.0 0.0 0.0 0.0 0.0 1.0 0.0 0.0 0.0 0.0 0.467 0.000 0.000 0.000 2.0 0.571 0.429 0.000
0.0 1.0 0.0 0.0 0.0 0.0 0.0 0.0 0.0 0.0 0.433 0.267 0.267 0.267 1.0 0.429 0.247 0.500
0.0 0.0 0.0 1.0 0.0 0.0 0.0 0.0 0.0 0.0 0.400 0.233 0.300 0.267 3.0 0.796 0.247 1.000
0.0 0.0 0.0 1.0 0.0 0.0 0.0 0.0 0.0 0.0 0.333 0.300 0.367 0.333 2.0 0.449 0.234 1.000
1.0 0.0 0.0 0.0 0.0 0.0 0.0 0.0 0.0 0.0 0.167 0.467 0.533 0.500 2.0 0.265 0.052 1.000
0.0 1.0 0.0 0.0 0.0 0.0 0.0 0.0 0.0 0.0 0.367 0.267 0.333 0.300 3.0 0.306 0.247 1.000
0.0 1.0 0.0 0.0 0.0 0.0 0.0 0.0 0.0 0.0 0.333 0.300 0.367 0.333 1.0 0.184 0.221 1.000
0.0 0.0 0.0 0.0 0.0 1.0 0.0 0.0 1.0 0.0 0.300 0.333 0.400 0.367 2.0 0.245 0.221 1.000
0.0 0.0 0.0 0.0 0.0 0.0 0.0 1.0 0.0 0.0 0.267 0.367 0.433 0.400 2.0 0.265 0.208 1.000
0.0 0.0 0.0 0.0 0.0 0.0 1.0 0.0 0.0 0.0 0.133 0.500 0.567 0.533 2.0 0.224 0.078 1.000
0.0 0.0 0.0 0.0 0.0 0.0 0.0 1.0 0.0 0.0 0.100 0.533 0.600 0.567 2.0 0.143 0.052 1.000
0.0 1.0 0.0 0.0 0.0 0.0 0.0 0.0 1.0 0.0 0.033 0.600 0.667 0.633 2.0 0.082 0.026 1.000
0.0 1.0 0.0 0.0 0.0 0.0 0.0 0.0 0.0 0.0 0.067 0.567 0.633 0.600 2.0 0.122 0.026 1.000
0.0 0.0 0.0 0.0 0.0 0.0 1.0 0.0 0.0 0.0 0.233 0.400 0.467 0.433 2.0 0.204 0.130 1.000
0.0 0.0 0.0 0.0 0.0 0.0 0.0 1.0 1.0 0.0 0.067 0.567 0.633 0.600 2.0 0.163 0.026 1.000
0.0 0.0 0.0 0.0 0.0 0.0 0.0 1.0 0.0 0.0 0.200 0.433 0.500 0.467 2.0 0.163 0.104 1.000
0.0 1.0 0.0 0.0 0.0 0.0 0.0 0.0 1.0 0.0 0.033 0.600 0.667 0.633 1.0 0.082 0.013 1.000
0.0 1.0 0.0 0.0 0.0 0.0 0.0 0.0 0.0 0.0 0.167 0.467 0.533 0.500 3.0 0.184 0.091 1.000
0.0 0.0 0.0 1.0 0.0 0.0 0.0 0.0 0.0 0.0 0.100 0.533 0.600 0.567 2.0 0.184 0.065 1.000
0.0 1.0 0.0 0.0 0.0 0.0 0.0 0.0 0.0 0.0 0.133 0.500 0.567 0.533 2.0 0.143 0.078 1.000
0.0 0.0 0.0 0.0 0.0 1.0 0.0 0.0 0.0 0.0 0.100 0.533 0.600 0.567 2.0 0.163 0.065 1.000
0.0 0.0 0.0 1.0 0.0 0.0 0.0 0.0 1.0 0.0 0.067 0.567 0.633 0.600 3.0 0.245 0.052 1.000
0.0 1.0 0.0 0.0 0.0 0.0 0.0 0.0 0.0 0.0 0.133 0.500 0.567 0.533 1.0 0.204 0.039 1.000
0.0 0.0 0.0 1.0 0.0 0.0 0.0 0.0 1.0 0.0 0.100 0.533 0.600 0.567 2.0 0.245 0.039 1.000
0.0 0.0 0.0 0.0 0.0 0.0 0.0 1.0 1.0 0.0 0.367 0.267 0.333 0.300 2.0 0.633 0.273 1.000
0.0 0.0 0.0 1.0 0.0 0.0 0.0 0.0 0.0 0.0 0.333 0.300 0.367 0.333 2.0 0.347 0.260 1.000
0.0 0.0 0.0 1.0 0.0 0.0 0.0 0.0 0.0 0.0 0.300 0.333 0.400 0.367 2.0 0.204 0.247 1.000
0.0 0.0 0.0 1.0 0.0 0.0 0.0 0.0 0.0 0.0 0.267 0.367 0.433 0.400 2.0 0.184 0.247 1.000
0.0 0.0 0.0 0.0 0.0 0.0 0.0 1.0 0.0 0.0 0.233 0.400 0.467 0.433 2.0 0.224 0.169 1.000
0.0 0.0 0.0 0.0 0.0 0.0 0.0 1.0 1.0 0.0 0.133 0.500 0.567 0.533 2.0 0.143 0.078 1.000
0.0 0.0 0.0 1.0 0.0 0.0 0.0 0.0 0.0 0.0 0.267 0.367 0.433 0.400 2.0 0.184 0.247 1.000
0.0 0.0 0.0 0.0 0.0 0.0 0.0 1.0 0.0 0.0 0.233 0.400 0.467 0.433 2.0 0.204 0.169 1.000
0.0 1.0 0.0 0.0 0.0 0.0 0.0 0.0 0.0 0.0 0.133 0.500 0.567 0.533 1.0 0.224 0.039 1.000
0.0 1.0 0.0 0.0 0.0 0.0 0.0 0.0 0.0 0.0 0.200 0.433 0.500 0.467 2.0 0.224 0.130 1.000
0.0 0.0 0.0 0.0 0.0 0.0 0.0 1.0 0.0 0.0 0.167 0.467 0.533 0.500 2.0 0.347 0.117 1.000
0.0 0.0 0.0 0.0 0.0 0.0 1.0 0.0 1.0 0.0 0.133 0.500 0.567 0.533 2.0 0.143 0.078 1.000
0.0 1.0 0.0 0.0 0.0 0.0 0.0 0.0 0.0 0.0 0.100 0.533 0.600 0.567 2.0 0.184 0.065 1.000
0.0 0.0 1.0 0.0 0.0 0.0 0.0 0.0 1.0 0.0 0.067 0.567 0.633 0.600 3.0 0.286 0.052 1.000
0.0 0.0 0.0 1.0 0.0 0.0 0.0 0.0 0.0 0.0 0.567 0.067 0.133 0.100 2.0 0.469 0.429 1.000
0.0 1.0 0.0 0.0 0.0 0.0 0.0 0.0 0.0 0.0 0.533 0.100 0.167 0.133 2.0 0.388 0.416 1.000
0.0 0.0 0.0 0.0 0.0 1.0 0.0 0.0 0.0 0.0 0.500 0.133 0.200 0.167 2.0 1.000 0.403 1.000
0.0 1.0 0.0 0.0 0.0 0.0 0.0 0.0 0.0 0.0 0.533 0.100 0.167 0.133 3.0 0.306 0.416 1.000
0.0 0.0 0.0 0.0 0.0 1.0 0.0 0.0 0.0 0.0 0.333 0.300 0.367 0.333 2.0 0.510 0.221 1.000
0.0 0.0 0.0 0.0 0.0 1.0 0.0 0.0 1.0 0.0 0.233 0.400 0.467 0.433 3.0 0.327 0.208 1.000
0.0 1.0 0.0 0.0 0.0 0.0 0.0 0.0 0.0 0.0 0.300 0.333 0.400 0.367 2.0 0.204 0.221 1.000
0.0 0.0 1.0 0.0 0.0 0.0 0.0 0.0 1.0 0.0 0.267 0.367 0.433 0.400 2.0 0.184 0.208 1.000
0.0 0.0 0.0 0.0 1.0 0.0 0.0 0.0 1.0 0.0 0.233 0.400 0.467 0.433 2.0 0.184 0.195 1.000
0.0 0.0 0.0 0.0 0.0 0.0 0.0 1.0 0.0 0.0 0.200 0.433 0.500 0.467 2.0 0.306 0.182 1.000
0.0 0.0 0.0 0.0 0.0 0.0 1.0 0.0 0.0 0.0 0.100 0.533 0.600 0.567 2.0 0.204 0.052 1.000
0.0 0.0 0.0 0.0 0.0 0.0 0.0 1.0 1.0 0.0 0.067 0.567 0.633 0.600 2.0 0.122 0.026 1.000
0.0 0.0 0.0 0.0 0.0 0.0 0.0 1.0 1.0 0.0 0.067 0.567 0.633 0.600 2.0 0.163 0.026 1.000
0.0 0.0 0.0 0.0 0.0 0.0 1.0 0.0 0.0 0.0 0.167 0.467 0.533 0.500 2.0 0.224 0.130 1.000
0.0 0.0 0.0 0.0 0.0 0.0 0.0 1.0 0.0 0.0 0.133 0.500 0.567 0.533 2.0 0.204 0.065 1.000
0.0 1.0 0.0 0.0 0.0 0.0 0.0 0.0 0.0 0.0 0.100 0.533 0.600 0.567 2.0 0.122 0.039 1.000
0.0 0.0 0.0 0.0 0.0 0.0 0.0 1.0 1.0 0.0 0.067 0.567 0.633 0.600 2.0 0.122 0.026 1.000
0.0 0.0 0.0 0.0 0.0 0.0 1.0 0.0 1.0 0.0 0.100 0.533 0.600 0.567 2.0 0.143 0.065 1.000
0.0 0.0 0.0 1.0 0.0 0.0 0.0 0.0 1.0 0.0 0.067 0.567 0.633 0.600 3.0 0.224 0.052 1.000
0.0 1.0 0.0 0.0 0.0 0.0 0.0 0.0 0.0 0.0 0.500 0.133 0.200 0.167 1.0 0.224 0.260 1.000
0.0 0.0 0.0 1.0 0.0 0.0 0.0 0.0 0.0 0.0 0.467 0.167 0.233 0.200 2.0 0.551 0.260 1.000
0.0 0.0 0.0 1.0 0.0 0.0 0.0 0.0 1.0 0.0 0.400 0.233 0.300 0.267 2.0 0.204 0.247 1.000
0.0 1.0 0.0 0.0 0.0 0.0 0.0 0.0 0.0 0.0 0.433 0.200 0.267 0.233 2.0 0.163 0.260 1.000
0.0 0.0 0.0 0.0 0.0 1.0 0.0 0.0 1.0 0.0 0.400 0.233 0.300 0.267 2.0 0.143 0.247 1.000
0.0 0.0 0.0 0.0 1.0 0.0 0.0 0.0 1.0 0.0 0.367 0.267 0.333 0.300 2.0 0.224 0.234 1.000
0.0 0.0 0.0 0.0 0.0 0.0 0.0 1.0 0.0 0.0 0.333 0.300 0.367 0.333 2.0 0.286 0.221 1.000
0.0 0.0 0.0 0.0 0.0 0.0 0.0 1.0 0.0 0.0 0.300 0.333 0.400 0.367 2.0 0.245 0.130 1.000
0.0 0.0 0.0 1.0 0.0 0.0 0.0 0.0 0.0 0.0 0.267 0.367 0.433 0.400 3.0 0.204 0.104 1.000
0.0 0.0 0.0 1.0 0.0 0.0 0.0 0.0 1.0 0.0 0.167 0.467 0.533 0.500 2.0 0.224 0.065 1.000
0.0 1.0 0.0 0.0 0.0 0.0 0.0 0.0 0.0 0.0 0.233 0.400 0.467 0.433 2.0 0.163 0.091 1.000
0.0 0.0 0.0 1.0 0.0 0.0 0.0 0.0 0.0 0.0 0.200 0.433 0.500 0.467 2.0 0.143 0.078 1.000
0.0 1.0 0.0 0.0 0.0 0.0 0.0 0.0 0.0 0.0 0.167 0.467 0.533 0.500 2.0 0.204 0.065 1.000
0.0 1.0 0.0 0.0 0.0 0.0 0.0 0.0 0.0 0.0 0.233 0.400 0.467 0.433 2.0 0.163 0.091 1.000
0.0 0.0 0.0 1.0 0.0 0.0 0.0 0.0 0.0 0.0 0.200 0.433 0.500 0.467 2.0 0.122 0.078 1.000
0.0 1.0 0.0 0.0 0.0 0.0 0.0 0.0 0.0 0.0 0.167 0.467 0.533 0.500 2.0 0.184 0.065 1.000
1.0 0.0 0.0 0.0 0.0 0.0 0.0 0.0 1.0 0.0 0.167 0.467 0.533 0.500 3.0 0.184 0.078 1.000
0.0 0.0 0.0 1.0 0.0 0.0 0.0 0.0 0.0 0.0 0.133 0.500 0.567 0.533 2.0 0.245 0.052 1.000
0.0 0.0 0.0 1.0 0.0 0.0 0.0 0.0 1.0 0.0 0.067 0.567 0.633 0.600 2.0 0.224 0.039 1.000
0.0 1.0 0.0 0.0 0.0 0.0 0.0 0.0 0.0 0.0 0.100 0.533 0.600 0.567 2.0 0.184 0.052 1.000
0.0 0.0 0.0 0.0 0.0 1.0 0.0 0.0 1.0 0.0 0.067 0.567 0.633 0.600 2.0 0.143 0.039 1.000
0.0 0.0 0.0 0.0 0.0 0.0 1.0 0.0 0.0 0.0 0.100 0.533 0.600 0.567 2.0 0.163 0.091 1.000
0.0 1.0 0.0 0.0 0.0 0.0 0.0 0.0 1.0 0.0 0.033 0.600 0.667 0.633 2.0 0.082 0.026 1.000
0.0 1.0 0.0 0.0 0.0 0.0 0.0 0.0 1.0 0.0 0.067 0.567 0.633 0.600 4.0 0.204 0.065 1.000
0.0 0.0 1.0 0.0 0.0 0.0 0.0 0.0 0.0 0.0 0.467 0.167 0.167 0.167 2.0 0.673 0.571 0.500
0.0 0.0 0.0 1.0 0.0 0.0 0.0 0.0 0.0 0.0 0.133 0.500 0.500 0.500 2.0 0.735 0.091 0.500
0.0 0.0 0.0 1.0 0.0 0.0 0.0 0.0 1.0 0.0 0.067 0.567 0.633 0.600 3.0 0.633 0.065 1.000
0.0 1.0 0.0 0.0 0.0 0.0 0.0 0.0 1.0 0.0 0.033 0.600 0.667 0.633 2.0 0.286 0.026 1.000
0.0 0.0 0.0 1.0 0.0 0.0 0.0 0.0 0.0 0.0 0.100 0.533 0.533 0.533 2.0 0.265 0.065 0.500
0.0 1.0 0.0 0.0 0.0 0.0 0.0 0.0 1.0 0.0 0.033 0.600 0.600 0.600 1.0 0.122 0.013 0.500
0.0 0.0 1.0 0.0 0.0 0.0 0.0 0.0 1.0 0.0 0.067 0.567 0.633 0.600 3.0 0.184 0.052 1.000
0.0 0.0 0.0 1.0 0.0 0.0 0.0 0.0 1.0 0.0 0.033 0.600 0.667 0.633 2.0 0.224 0.026 1.000
0.0 0.0 1.0 0.0 0.0 0.0 0.0 0.0 0.0 0.0 0.433 0.200 0.200 0.200 4.0 0.694 0.532 0.500
0.0 0.0 0.0 1.0 0.0 0.0 0.0 0.0 1.0 0.0 0.100 0.533 0.600 0.567 2.0 0.592 0.039 1.000
0.0 1.0 0.0 0.0 0.0 0.0 0.0 0.0 0.0 0.0 0.133 0.500 0.567 0.533 2.0 0.490 0.052 1.000
0.0 0.0 1.0 0.0 0.0 0.0 0.0 0.0 1.0 0.0 0.100 0.533 0.600 0.567 2.0 0.327 0.039 1.000
0.0 0.0 0.0 1.0 0.0 0.0 0.0 0.0 1.0 0.0 0.067 0.567 0.633 0.600 2.0 0.286 0.026 1.000
0.0 1.0 0.0 0.0 0.0 0.0 0.0 0.0 0.0 0.0 0.333 0.300 0.367 0.333 1.0 0.429 0.299 1.000
0.0 0.0 0.0 0.0 0.0 0.0 0.0 1.0 0.0 0.0 0.300 0.333 0.400 0.367 2.0 0.347 0.299 1.000
0.0 1.0 0.0 0.0 0.0 0.0 0.0 0.0 1.0 0.0 0.033 0.600 0.667 0.633 2.0 0.122 0.026 1.000
0.0 0.0 0.0 1.0 0.0 0.0 0.0 0.0 0.0 0.0 0.267 0.367 0.433 0.400 2.0 0.306 0.273 1.000
0.0 0.0 0.0 0.0 0.0 0.0 1.0 0.0 0.0 0.0 0.233 0.400 0.467 0.433 2.0 0.204 0.260 1.000
0.0 0.0 0.0 0.0 0.0 0.0 1.0 0.0 0.0 0.0 0.200 0.433 0.500 0.467 2.0 0.265 0.156 1.000
0.0 0.0 0.0 0.0 0.0 0.0 1.0 0.0 0.0 0.0 0.133 0.500 0.567 0.533 2.0 0.306 0.065 1.000
0.0 1.0 0.0 0.0 0.0 0.0 0.0 0.0 0.0 0.0 0.100 0.533 0.600 0.567 2.0 0.163 0.039 1.000
0.0 1.0 0.0 0.0 0.0 0.0 0.0 0.0 0.0 0.0 0.067 0.567 0.633 0.600 2.0 0.102 0.026 1.000
0.0 1.0 0.0 0.0 0.0 0.0 0.0 0.0 1.0 0.0 0.033 0.600 0.667 0.633 1.0 0.102 0.013 1.000
0.0 0.0 0.0 0.0 0.0 0.0 0.0 1.0 1.0 0.0 0.067 0.567 0.633 0.600 2.0 0.245 0.026 1.000
0.0 1.0 0.0 0.0 0.0 0.0 0.0 0.0 1.0 0.0 0.033 0.600 0.667 0.633 1.0 0.184 0.013 1.000
0.0 0.0 0.0 0.0 0.0 0.0 0.0 1.0 0.0 0.0 0.167 0.467 0.533 0.500 2.0 0.245 0.091 1.000
0.0 0.0 0.0 0.0 0.0 0.0 1.0 0.0 1.0 0.0 0.133 0.500 0.567 0.533 2.0 0.184 0.065 1.000
0.0 0.0 0.0 0.0 0.0 0.0 1.0 0.0 0.0 0.0 0.100 0.533 0.600 0.567 2.0 0.224 0.052 1.000
0.0 0.0 0.0 0.0 0.0 0.0 0.0 1.0 1.0 0.0 0.067 0.567 0.633 0.600 2.0 0.204 0.026 1.000
0.0 1.0 0.0 0.0 0.0 0.0 0.0 0.0 0.0 0.0 0.067 0.567 0.633 0.600 2.0 0.184 0.026 1.000
0.0 0.0 0.0 0.0 0.0 0.0 1.0 0.0 0.0 0.0 0.133 0.500 0.567 0.533 2.0 0.204 0.104 1.000
0.0 1.0 0.0 0.0 0.0 0.0 0.0 0.0 0.0 0.0 0.100 0.533 0.600 0.567 2.0 0.122 0.039 1.000
0.0 1.0 0.0 0.0 0.0 0.0 0.0 0.0 0.0 0.0 0.067 0.567 0.633 0.600 2.0 0.122 0.026 1.000
0.0 1.0 0.0 0.0 0.0 0.0 0.0 0.0 1.0 0.0 0.033 0.600 0.667 0.633 1.0 0.143 0.013 1.000
0.0 0.0 0.0 0.0 0.0 0.0 0.0 1.0 0.0 0.0 0.100 0.533 0.600 0.567 2.0 0.245 0.065 1.000
0.0 0.0 0.0 1.0 0.0 0.0 0.0 0.0 1.0 0.0 0.067 0.567 0.633 0.600 2.0 0.224 0.039 1.000
0.0 1.0 0.0 0.0 0.0 0.0 0.0 0.0 0.0 0.0 0.400 0.233 0.233 0.233 1.0 0.469 0.325 0.500
0.0 0.0 0.0 0.0 0.0 0.0 1.0 0.0 0.0 0.0 0.367 0.267 0.333 0.300 2.0 0.286 0.325 1.000
0.0 0.0 0.0 1.0 0.0 0.0 0.0 0.0 1.0 0.0 0.100 0.533 0.600 0.567 2.0 0.245 0.039 1.000
0.0 0.0 0.0 1.0 0.0 0.0 0.0 0.0 0.0 0.0 0.067 0.567 0.633 0.600 2.0 0.367 0.026 1.000
0.0 1.0 0.0 0.0 0.0 0.0 0.0 0.0 1.0 0.0 0.033 0.600 0.667 0.633 1.0 0.224 0.013 1.000
0.0 1.0 0.0 0.0 0.0 0.0 0.0 0.0 0.0 0.0 0.333 0.300 0.367 0.333 2.0 0.184 0.299 1.000
0.0 0.0 0.0 1.0 0.0 0.0 0.0 0.0 0.0 0.0 0.300 0.333 0.400 0.367 2.0 0.306 0.286 1.000
0.0 1.0 0.0 0.0 0.0 0.0 0.0 0.0 1.0 0.0 0.033 0.600 0.667 0.633 1.0 0.531 0.013 1.000
0.0 0.0 0.0 0.0 0.0 0.0 0.0 1.0 0.0 0.0 0.267 0.367 0.433 0.400 2.0 0.184 0.273 1.000
0.0 0.0 0.0 0.0 0.0 0.0 0.0 1.0 1.0 0.0 0.133 0.500 0.567 0.533 2.0 0.184 0.065 1.000
0.0 0.0 0.0 0.0 0.0 0.0 1.0 0.0 0.0 0.0 0.100 0.533 0.600 0.567 2.0 0.286 0.052 1.000
0.0 0.0 0.0 0.0 0.0 0.0 0.0 1.0 1.0 0.0 0.067 0.567 0.633 0.600 2.0 0.204 0.026 1.000
0.0 1.0 0.0 0.0 0.0 0.0 0.0 0.0 1.0 0.0 0.033 0.600 0.667 0.633 1.0 0.184 0.013 1.000
0.0 1.0 0.0 0.0 0.0 0.0 0.0 0.0 0.0 0.0 0.067 0.567 0.633 0.600 2.0 0.163 0.026 1.000
0.0 1.0 0.0 0.0 0.0 0.0 0.0 0.0 1.0 0.0 0.033 0.600 0.667 0.633 1.0 0.122 0.013 1.000
0.0 1.0 0.0 0.0 0.0 0.0 0.0 0.0 0.0 0.0 0.233 0.400 0.467 0.433 1.0 0.163 0.208 1.000
0.0 0.0 0.0 0.0 0.0 0.0 0.0 1.0 0.0 0.0 0.200 0.433 0.500 0.467 2.0 0.265 0.208 1.000
0.0 0.0 0.0 0.0 0.0 0.0 0.0 1.0 0.0 0.0 0.167 0.467 0.533 0.500 2.0 0.265 0.117 1.000
0.0 0.0 0.0 0.0 0.0 0.0 1.0 0.0 0.0 0.0 0.100 0.533 0.600 0.567 2.0 0.245 0.065 1.000
0.0 1.0 0.0 0.0 0.0 0.0 0.0 0.0 1.0 0.0 0.033 0.600 0.667 0.633 2.0 0.245 0.026 1.000
0.0 1.0 0.0 0.0 0.0 0.0 0.0 0.0 0.0 0.0 0.067 0.567 0.633 0.600 2.0 0.163 0.039 1.000
0.0 1.0 0.0 0.0 0.0 0.0 0.0 0.0 1.0 0.0 0.033 0.600 0.667 0.633 2.0 0.204 0.026 1.000
0.0 0.0 0.0 0.0 0.0 0.0 0.0 1.0 1.0 0.0 0.133 0.500 0.567 0.533 2.0 0.224 0.052 1.000
0.0 1.0 0.0 0.0 0.0 0.0 0.0 0.0 0.0 0.0 0.100 0.533 0.600 0.567 2.0 0.163 0.039 1.000
0.0 0.0 0.0 0.0 0.0 0.0 0.0 1.0 1.0 0.0 0.067 0.567 0.633 0.600 2.0 0.184 0.026 1.000
0.0 1.0 0.0 0.0 0.0 0.0 0.0 0.0 1.0 0.0 0.033 0.600 0.667 0.633 1.0 0.143 0.013 1.000
0.0 0.0 0.0 0.0 0.0 0.0 1.0 0.0 0.0 0.0 0.167 0.467 0.533 0.500 2.0 0.224 0.091 1.000
0.0 0.0 1.0 0.0 0.0 0.0 0.0 0.0 1.0 0.0 0.067 0.567 0.633 0.600 2.0 0.204 0.039 1.000
0.0 1.0 0.0 0.0 0.0 0.0 0.0 0.0 1.0 0.0 0.033 0.600 0.667 0.633 2.0 0.327 0.026 1.000
0.0 1.0 0.0 0.0 0.0 0.0 0.0 0.0 0.0 0.0 0.133 0.500 0.567 0.533 2.0 0.265 0.052 1.000
0.0 0.0 0.0 0.0 0.0 0.0 1.0 0.0 1.0 0.0 0.100 0.533 0.600 0.567 2.0 0.265 0.039 1.000
0.0 0.0 0.0 0.0 0.0 0.0 0.0 1.0 1.0 0.0 0.067 0.567 0.633 0.600 2.0 0.143 0.026 1.000
0.0 1.0 0.0 0.0 0.0 0.0 0.0 0.0 1.0 0.0 0.033 0.600 0.667 0.633 1.0 0.102 0.013 1.000
