0.0 0.0 1.0 0.0 0.0 0.0 0.0 0.0 1.0 0.0 0.034 0.897 0.966 0.927 2.0 0.115 0.027 1.000
0.0 0.0 1.0 0.0 0.0 0.0 0.0 0.0 1.0 0.0 0.034 0.897 0.966 0.927 2.0 0.115 0.027 1.000
0.0 0.0 1.0 0.0 0.0 0.0 0.0 0.0 1.0 0.0 0.034 0.897 0.966 0.927 2.0 0.115 0.027 1.000
0.0 0.0 1.0 0.0 0.0 0.0 0.0 0.0 1.0 0.0 0.034 0.897 0.966 0.927 2.0 0.115 0.027 1.000
0.0 0.0 1.0 0.0 0.0 0.0 0.0 0.0 1.0 0.0 0.034 0.897 0.966 0.927 2.0 0.115 0.027 1.000
0.0 0.0 1.0 0.0 0.0 0.0 0.0 0.0 1.0 0.0 0.034 0.897 0.966 0.927 2.0 0.115 0.027 1.000
0.0 0.0 1.0 0.0 0.0 0.0 0.0 0.0 1.0 0.0 0.034 0.897 0.966 0.927 2.0 0.115 0.027 1.000
0.0 0.0 1.0 0.0 0.0 0.0 0.0 0.0 1.0 0.0 0.034 0.897 0.966 0.927 2.0 0.115 0.027 1.000
0.0 0.0 0.0 1.0 0.0 0.0 0.0 0.0 1.0 0.0 0.034 0.897 0.966 0.927 2.0 0.077 0.027 1.000
0.0 0.0 0.0 1.0 0.0 0.0 0.0 0.0 1.0 0.0 0.034 0.897 0.966 0.927 2.0 0.096 0.027 1.000
0.0 0.0 0.0 1.0 0.0 0.0 0.0 0.0 1.0 0.0 0.034 0.897 0.966 0.927 2.0 0.077 0.027 1.000
0.0 0.0 0.0 1.0 0.0 0.0 0.0 0.0 1.0 0.0 0.034 0.897 0.966 0.927 2.0 0.096 0.027 1.000
0.0 0.0 0.0 1.0 0.0 0.0 0.0 0.0 1.0 0.0 0.034 0.897 0.966 0.927 2.0 0.077 0.027 1.000
0.0 0.0 0.0 1.0 0.0 0.0 0.0 0.0 1.0 0.0 0.034 0.897 0.966 0.927 2.0 0.077 0.027 1.000
0.0 0.0 0.0 1.0 0.0 0.0 0.0 0.0 1.0 0.0 0.034 0.897 0.966 0.927 2.0 0.077 0.027 1.000
0.0 0.0 0.0 1.0 0.0 0.0 0.0 0.0 1.0 0.0 0.034 0.897 0.966 0.927 2.0 0.077 0.027 1.000
0.0 0.0 0.0 1.0 0.0 0.0 0.0 0.0 1.0 0.0 0.034 0.897 0.966 0.927 2.0 0.077 0.027 1.000
0.0 0.0 0.0 1.0 0.0 0.0 0.0 0.0 1.0 0.0 0.034 0.897 0.966 0.927 2.0 0.096 0.027 1.000
0.0 0.0 0.0 1.0 0.0 0.0 0.0 0.0 1.0 0.0 0.034 0.897 0.966 0.927 2.0 0.077 0.027 1.000
0.0 0.0 0.0 1.0 0.0 0.0 0.0 0.0 1.0 0.0 0.034 0.897 0.966 0.927 2.0 0.077 0.027 1.000
0.0 0.0 0.0 1.0 0.0 0.0 0.0 0.0 1.0 0.0 0.034 0.897 0.966 0.927 2.0 0.096 0.027 1.000
0.0 0.0 0.0 1.0 0.0 0.0 0.0 0.0 1.0 0.0 0.034 0.897 0.966 0.927 2.0 0.077 0.027 1.000
0.0 0.0 0.0 1.0 0.0 0.0 0.0 0.0 1.0 0.0 0.034 0.897 0.966 0.927 2.0 0.077 0.027 1.000
0.0 0.0 0.0 1.0 0.0 0.0 0.0 0.0 1.0 0.0 0.034 0.897 0.966 0.927 2.0 0.077 0.027 1.000
0.0 0.0 0.0 1.0 0.0 0.0 0.0 0.0 1.0 0.0 0.034 0.897 0.966 0.927 2.0 0.077 0.027 1.000
0.0 0.0 0.0 1.0 0.0 0.0 0.0 0.0 1.0 0.0 0.034 0.897 0.966 0.927 2.0 0.096 0.027 1.000
0.0 0.0 0.0 1.0 0.0 0.0 0.0 0.0 1.0 0.0 0.034 0.897 0.966 0.927 2.0 0.077 0.027 1.000
0.0 0.0 0.0 1.0 0.0 0.0 0.0 0.0 1.0 0.0 0.034 0.897 0.966 0.927 2.0 0.077 0.027 1.000
0.0 0.0 0.0 1.0 0.0 0.0 0.0 0.0 1.0 0.0 0.034 0.897 0.966 0.927 2.0 0.077 0.027 1.000
0.0 0.0 0.0 1.0 0.0 0.0 0.0 0.0 1.0 0.0 0.034 0.897 0.966 0.927 2.0 0.077 0.027 1.000
0.0 0.0 0.0 1.0 0.0 0.0 0.0 0.0 1.0 0.0 0.034 0.897 0.966 0.927 2.0 0.077 0.027 1.000
0.0 0.0 0.0 1.0 0.0 0.0 0.0 0.0 1.0 0.0 0.034 0.897 0.966 0.927 2.0 0.077 0.027 1.000
0.0 0.0 0.0 1.0 0.0 0.0 0.0 0.0 1.0 0.0 0.034 0.897 0.966 0.927 2.0 0.077 0.027 1.000
0.0 0.0 0.0 1.0 0.0 0.0 0.0 0.0 1.0 0.0 0.034 0.897 0.966 0.927 2.0 0.077 0.027 1.000
0.0 0.0 0.0 1.0 0.0 0.0 0.0 0.0 1.0 0.0 0.034 0.897 0.966 0.927 2.0 0.077 0.027 1.000
0.0 0.0 0.0 1.0 0.0 0.0 0.0 0.0 1.0 0.0 0.034 0.897 0.966 0.927 2.0 0.077 0.027 1.000
0.0 0.0 0.0 1.0 0.0 0.0 0.0 0.0 1.0 0.0 0.034 0.897 0.966 0.927 2.0 0.077 0.027 1.000
0.0 0.0 0.0 1.0 0.0 0.0 0.0 0.0 1.0 0.0 0.034 0.897 0.966 0.927 2.0 0.077 0.027 1.000
0.0 0.0 0.0 1.0 0.0 0.0 0.0 0.0 1.0 0.0 0.034 0.897 0.966 0.927 2.0 0.077 0.027 1.000
0.0 0.0 0.0 1.0 0.0 0.0 0.0 0.0 1.0 0.0 0.034 0.897 0.966 0.927 2.0 0.096 0.027 1.000
0.0 0.0 0.0 1.0 0.0 0.0 0.0 0.0 1.0 0.0 0.069 0.862 0.931 0.892 2.0 0.115 0.027 1.000
0.0 0.0 0.0 1.0 0.0 0.0 0.0 0.0 1.0 0.0 0.069 0.862 0.931 0.892 2.0 0.115 0.027 1.000
0.0 0.0 0.0 1.0 0.0 0.0 0.0 0.0 1.0 0.0 0.069 0.862 0.931 0.892 2.0 0.135 0.027 1.000
0.0 1.0 0.0 0.0 0.0 0.0 0.0 0.0 0.0 0.0 0.103 0.828 0.897 0.858 2.0 0.135 0.040 1.000
0.0 0.0 0.0 1.0 0.0 0.0 0.0 0.0 1.0 0.0 0.069 0.862 0.931 0.892 2.0 0.096 0.027 1.000
0.0 0.0 0.0 1.0 0.0 0.0 0.0 0.0 1.0 0.0 0.069 0.862 0.931 0.892 2.0 0.115 0.027 1.000
0.0 0.0 0.0 1.0 0.0 0.0 0.0 0.0 1.0 0.0 0.069 0.862 0.931 0.892 2.0 0.115 0.027 1.000
0.0 1.0 0.0 0.0 0.0 0.0 0.0 0.0 0.0 0.0 0.103 0.828 0.897 0.858 2.0 0.115 0.040 1.000
0.0 0.0 0.0 1.0 0.0 0.0 0.0 0.0 1.0 0.0 0.069 0.862 0.931 0.892 2.0 0.096 0.027 1.000
0.0 0.0 0.0 1.0 0.0 0.0 0.0 0.0 1.0 0.0 0.069 0.862 0.931 0.892 2.0 0.115 0.027 1.000
0.0 0.0 0.0 1.0 0.0 0.0 0.0 0.0 1.0 0.0 0.069 0.862 0.931 0.892 2.0 0.115 0.027 1.000
0.0 0.0 0.0 1.0 0.0 0.0 0.0 0.0 1.0 0.0 0.069 0.862 0.931 0.892 2.0 0.115 0.027 1.000
0.0 0.0 0.0 1.0 0.0 0.0 0.0 0.0 1.0 0.0 0.069 0.862 0.931 0.892 2.0 0.115 0.027 1.000
0.0 0.0 0.0 1.0 0.0 0.0 0.0 0.0 1.0 0.0 0.069 0.862 0.931 0.892 2.0 0.115 0.027 1.000
0.0 0.0 0.0 1.0 0.0 0.0 0.0 0.0 1.0 0.0 0.069 0.862 0.931 0.892 2.0 0.115 0.027 1.000
0.0 0.0 0.0 1.0 0.0 0.0 0.0 0.0 1.0 0.0 0.069 0.862 0.931 0.892 2.0 0.115 0.027 1.000
0.0 0.0 0.0 1.0 0.0 0.0 0.0 0.0 1.0 0.0 0.069 0.862 0.931 0.892 2.0 0.115 0.027 1.000
0.0 0.0 0.0 1.0 0.0 0.0 0.0 0.0 1.0 0.0 0.069 0.862 0.931 0.892 2.0 0.115 0.027 1.000
0.0 0.0 0.0 1.0 0.0 0.0 0.0 0.0 1.0 0.0 0.069 0.862 0.931 0.892 2.0 0.115 0.027 1.000
0.0 0.0 0.0 1.0 0.0 0.0 0.0 0.0 1.0 0.0 0.069 0.862 0.931 0.892 2.0 0.115 0.027 1.000
0.0 0.0 0.0 1.0 0.0 0.0 0.0 0.0 1.0 0.0 0.069 0.862 0.931 0.892 2.0 0.135 0.027 1.000
0.0 1.0 0.0 0.0 0.0 0.0 0.0 0.0 0.0 0.0 0.103 0.828 0.897 0.858 2.0 0.135 0.040 1.000
0.0 0.0 0.0 1.0 0.0 0.0 0.0 0.0 1.0 0.0 0.069 0.862 0.931 0.892 2.0 0.096 0.027 1.000
0.0 0.0 0.0 1.0 0.0 0.0 0.0 0.0 1.0 0.0 0.069 0.862 0.931 0.892 2.0 0.115 0.027 1.000
0.0 0.0 0.0 1.0 0.0 0.0 0.0 0.0 1.0 0.0 0.069 0.862 0.931 0.892 2.0 0.115 0.027 1.000
0.0 0.0 0.0 1.0 0.0 0.0 0.0 0.0 1.0 0.0 0.069 0.862 0.931 0.892 2.0 0.115 0.027 1.000
0.0 0.0 0.0 1.0 0.0 0.0 0.0 0.0 1.0 0.0 0.069 0.862 0.931 0.892 2.0 0.115 0.027 1.000
0.0 1.0 0.0 0.0 0.0 0.0 0.0 0.0 0.0 0.0 0.103 0.828 0.897 0.858 2.0 0.135 0.040 1.000
0.0 0.0 0.0 1.0 0.0 0.0 0.0 0.0 1.0 0.0 0.069 0.862 0.931 0.892 2.0 0.096 0.027 1.000
0.0 0.0 0.0 1.0 0.0 0.0 0.0 0.0 1.0 0.0 0.069 0.862 0.931 0.892 2.0 0.135 0.027 1.000
0.0 0.0 0.0 1.0 0.0 0.0 0.0 0.0 1.0 0.0 0.069 0.862 0.931 0.892 2.0 0.115 0.027 1.000
0.0 0.0 0.0 1.0 0.0 0.0 0.0 0.0 1.0 0.0 0.069 0.862 0.931 0.892 2.0 0.115 0.027 1.000
0.0 0.0 0.0 1.0 0.0 0.0 0.0 0.0 1.0 0.0 0.069 0.862 0.931 0.892 2.0 0.115 0.027 1.000
0.0 0.0 0.0 1.0 0.0 0.0 0.0 0.0 1.0 0.0 0.069 0.862 0.931 0.892 2.0 0.115 0.027 1.000
0.0 0.0 0.0 1.0 0.0 0.0 0.0 0.0 1.0 0.0 0.069 0.862 0.931 0.892 2.0 0.115 0.027 1.000
0.0 0.0 0.0 1.0 0.0 0.0 0.0 0.0 1.0 0.0 0.069 0.862 0.931 0.892 2.0 0.115 0.027 1.000
0.0 0.0 0.0 1.0 0.0 0.0 0.0 0.0 1.0 0.0 0.069 0.862 0.931 0.892 2.0 0.115 0.027 1.000
0.0 0.0 0.0 1.0 0.0 0.0 0.0 0.0 1.0 0.0 0.069 0.862 0.931 0.892 2.0 0.115 0.027 1.000
0.0 0.0 0.0 1.0 0.0 0.0 0.0 0.0 1.0 0.0 0.069 0.862 0.931 0.892 2.0 0.135 0.027 1.000
0.0 1.0 0.0 0.0 0.0 0.0 0.0 0.0 0.0 0.0 0.103 0.828 0.897 0.858 2.0 0.135 0.040 1.000
0.0 0.0 0.0 1.0 0.0 0.0 0.0 0.0 1.0 0.0 0.069 0.862 0.931 0.892 2.0 0.096 0.027 1.000
0.0 0.0 0.0 1.0 0.0 0.0 0.0 0.0 1.0 0.0 0.069 0.862 0.931 0.892 2.0 0.115 0.027 1.000
0.0 0.0 0.0 1.0 0.0 0.0 0.0 0.0 1.0 0.0 0.069 0.862 0.931 0.892 2.0 0.115 0.027 1.000
0.0 0.0 0.0 1.0 0.0 0.0 0.0 0.0 1.0 0.0 0.069 0.862 0.931 0.892 2.0 0.115 0.027 1.000
0.0 0.0 0.0 1.0 0.0 0.0 0.0 0.0 1.0 0.0 0.069 0.862 0.931 0.892 2.0 0.115 0.027 1.000
0.0 0.0 0.0 1.0 0.0 0.0 0.0 0.0 1.0 0.0 0.069 0.862 0.931 0.892 2.0 0.115 0.027 1.000
0.0 0.0 0.0 1.0 0.0 0.0 0.0 0.0 1.0 0.0 0.069 0.862 0.931 0.892 2.0 0.115 0.027 1.000
0.0 0.0 0.0 1.0 0.0 0.0 0.0 0.0 1.0 0.0 0.069 0.862 0.931 0.892 2.0 0.115 0.027 1.000
0.0 0.0 0.0 1.0 0.0 0.0 0.0 0.0 1.0 0.0 0.069 0.862 0.931 0.892 2.0 0.115 0.027 1.000
0.0 0.0 0.0 1.0 0.0 0.0 0.0 0.0 1.0 0.0 0.069 0.862 0.931 0.892 2.0 0.115 0.027 1.000
0.0 0.0 0.0 1.0 0.0 0.0 0.0 0.0 1.0 0.0 0.069 0.862 0.931 0.892 2.0 0.115 0.027 1.000
0.0 0.0 0.0 1.0 0.0 0.0 0.0 0.0 1.0 0.0 0.069 0.862 0.931 0.892 2.0 0.115 0.027 1.000
0.0 0.0 0.0 1.0 0.0 0.0 0.0 0.0 1.0 0.0 0.069 0.862 0.931 0.892 2.0 0.115 0.027 1.000
0.0 0.0 0.0 1.0 0.0 0.0 0.0 0.0 1.0 0.0 0.069 0.862 0.931 0.892 2.0 0.115 0.027 1.000
0.0 0.0 0.0 1.0 0.0 0.0 0.0 0.0 1.0 0.0 0.069 0.862 0.931 0.892 2.0 0.115 0.027 1.000
0.0 0.0 0.0 1.0 0.0 0.0 0.0 0.0 1.0 0.0 0.069 0.862 0.931 0.892 2.0 0.115 0.027 1.000
0.0 0.0 0.0 1.0 0.0 0.0 0.0 0.0 1.0 0.0 0.069 0.862 0.931 0.892 2.0 0.115 0.027 1.000
0.0 0.0 0.0 1.0 0.0 0.0 0.0 0.0 1.0 0.0 0.069 0.862 0.931 0.892 2.0 0.115 0.027 1.000
0.0 0.0 0.0 1.0 0.0 0.0 0.0 0.0 1.0 0.0 0.069 0.862 0.931 0.892 2.0 0.115 0.027 1.000
0.0 0.0 0.0 1.0 0.0 0.0 0.0 0.0 1.0 0.0 0.069 0.862 0.931 0.892 2.0 0.115 0.027 1.000
0.0 0.0 0.0 1.0 0.0 0.0 0.0 0.0 1.0 0.0 0.069 0.862 0.931 0.892 2.0 0.115 0.027 1.000
0.0 0.0 0.0 1.0 0.0 0.0 0.0 0.0 1.0 0.0 0.069 0.862 0.931 0.892 2.0 0.115 0.027 1.000
0.0 0.0 0.0 1.0 0.0 0.0 0.0 0.0 1.0 0.0 0.069 0.862 0.931 0.892 2.0 0.115 0.027 1.000
0.0 0.0 0.0 1.0 0.0 0.0 0.0 0.0 1.0 0.0 0.069 0.862 0.931 0.892 2.0 0.115 0.027 1.000
0.0 0.0 0.0 1.0 0.0 0.0 0.0 0.0 1.0 0.0 0.069 0.862 0.931 0.892 2.0 0.115 0.027 1.000
0.0 0.0 0.0 1.0 0.0 0.0 0.0 0.0 1.0 0.0 0.069 0.862 0.931 0.892 2.0 0.115 0.027 1.000
0.0 0.0 0.0 1.0 0.0 0.0 0.0 0.0 1.0 0.0 0.069 0.862 0.931 0.892 2.0 0.115 0.027 1.000
0.0 0.0 0.0 1.0 0.0 0.0 0.0 0.0 1.0 0.0 0.069 0.862 0.931 0.892 2.0 0.135 0.027 1.000
0.0 1.0 0.0 0.0 0.0 0.0 0.0 0.0 0.0 0.0 0.103 0.828 0.897 0.858 2.0 0.135 0.040 1.000
0.0 0.0 0.0 1.0 0.0 0.0 0.0 0.0 1.0 0.0 0.069 0.862 0.931 0.892 2.0 0.096 0.027 1.000
0.0 0.0 0.0 1.0 0.0 0.0 0.0 0.0 0.0 0.0 0.103 0.828 0.897 0.858 2.0 0.173 0.027 1.000
0.0 0.0 0.0 1.0 0.0 0.0 0.0 0.0 0.0 0.0 0.138 0.793 0.862 0.823 2.0 0.192 0.040 1.000
0.0 0.0 0.0 1.0 0.0 0.0 0.0 0.0 0.0 0.0 0.103 0.828 0.897 0.858 2.0 0.173 0.027 1.000
0.0 1.0 0.0 0.0 0.0 0.0 0.0 0.0 0.0 0.0 0.172 0.759 0.828 0.789 2.0 0.173 0.053 1.000
0.0 0.0 0.0 1.0 0.0 0.0 0.0 0.0 0.0 0.0 0.138 0.793 0.862 0.823 2.0 0.154 0.040 1.000
0.0 0.0 0.0 1.0 0.0 0.0 0.0 0.0 0.0 0.0 0.103 0.828 0.897 0.858 2.0 0.173 0.027 1.000
0.0 0.0 0.0 1.0 0.0 0.0 0.0 0.0 0.0 0.0 0.103 0.828 0.897 0.858 2.0 0.173 0.027 1.000
0.0 0.0 0.0 1.0 0.0 0.0 0.0 0.0 0.0 0.0 0.103 0.828 0.897 0.858 2.0 0.173 0.027 1.000
0.0 0.0 0.0 1.0 0.0 0.0 0.0 0.0 0.0 0.0 0.103 0.828 0.897 0.858 2.0 0.173 0.027 1.000
0.0 0.0 0.0 1.0 0.0 0.0 0.0 0.0 0.0 0.0 0.103 0.828 0.897 0.858 2.0 0.173 0.027 1.000
0.0 0.0 0.0 1.0 0.0 0.0 0.0 0.0 0.0 0.0 0.138 0.793 0.862 0.823 2.0 0.192 0.040 1.000
0.0 0.0 0.0 1.0 0.0 0.0 0.0 0.0 0.0 0.0 0.103 0.828 0.897 0.858 2.0 0.173 0.027 1.000
0.0 0.0 0.0 1.0 0.0 0.0 0.0 0.0 0.0 0.0 0.103 0.828 0.897 0.858 2.0 0.173 0.027 1.000
0.0 0.0 0.0 1.0 0.0 0.0 0.0 0.0 0.0 0.0 0.138 0.793 0.862 0.823 2.0 0.192 0.040 1.000
0.0 0.0 0.0 1.0 0.0 0.0 0.0 0.0 0.0 0.0 0.103 0.828 0.897 0.858 2.0 0.173 0.027 1.000
0.0 0.0 0.0 1.0 0.0 0.0 0.0 0.0 0.0 0.0 0.103 0.828 0.897 0.858 2.0 0.173 0.027 1.000
0.0 0.0 0.0 1.0 0.0 0.0 0.0 0.0 0.0 0.0 0.103 0.828 0.897 0.858 2.0 0.173 0.027 1.000
0.0 0.0 0.0 1.0 0.0 0.0 0.0 0.0 0.0 0.0 0.103 0.828 0.897 0.858 2.0 0.173 0.027 1.000
0.0 0.0 0.0 1.0 0.0 0.0 0.0 0.0 0.0 0.0 0.138 0.793 0.862 0.823 2.0 0.192 0.040 1.000
0.0 0.0 0.0 1.0 0.0 0.0 0.0 0.0 0.0 0.0 0.103 0.828 0.897 0.858 2.0 0.173 0.027 1.000
0.0 0.0 0.0 1.0 0.0 0.0 0.0 0.0 0.0 0.0 0.103 0.828 0.897 0.858 2.0 0.173 0.027 1.000
0.0 0.0 0.0 1.0 0.0 0.0 0.0 0.0 0.0 0.0 0.103 0.828 0.897 0.858 2.0 0.173 0.027 1.000
0.0 0.0 0.0 1.0 0.0 0.0 0.0 0.0 0.0 0.0 0.103 0.828 0.897 0.858 2.0 0.173 0.027 1.000
0.0 0.0 0.0 1.0 0.0 0.0 0.0 0.0 0.0 0.0 0.103 0.828 0.897 0.858 2.0 0.173 0.027 1.000
0.0 0.0 0.0 1.0 0.0 0.0 0.0 0.0 0.0 0.0 0.103 0.828 0.897 0.858 2.0 0.173 0.027 1.000
0.0 0.0 0.0 1.0 0.0 0.0 0.0 0.0 0.0 0.0 0.103 0.828 0.897 0.858 2.0 0.173 0.027 1.000
0.0 0.0 0.0 1.0 0.0 0.0 0.0 0.0 0.0 0.0 0.103 0.828 0.897 0.858 2.0 0.173 0.027 1.000
0.0 0.0 0.0 1.0 0.0 0.0 0.0 0.0 0.0 0.0 0.103 0.828 0.897 0.858 2.0 0.173 0.027 1.000
0.0 0.0 0.0 1.0 0.0 0.0 0.0 0.0 0.0 0.0 0.103 0.828 0.897 0.858 2.0 0.173 0.027 1.000
0.0 0.0 0.0 1.0 0.0 0.0 0.0 0.0 0.0 0.0 0.103 0.828 0.897 0.858 2.0 0.173 0.027 1.000
0.0 0.0 0.0 1.0 0.0 0.0 0.0 0.0 0.0 0.0 0.103 0.828 0.897 0.858 2.0 0.173 0.027 1.000
0.0 0.0 0.0 1.0 0.0 0.0 0.0 0.0 0.0 0.0 0.103 0.828 0.897 0.858 2.0 0.173 0.027 1.000
0.0 0.0 0.0 1.0 0.0 0.0 0.0 0.0 0.0 0.0 0.138 0.793 0.862 0.823 2.0 0.192 0.040 1.000
0.0 0.0 0.0 1.0 0.0 0.0 0.0 0.0 0.0 0.0 0.172 0.759 0.828 0.789 2.0 0.192 0.067 1.000
0.0 0.0 0.0 1.0 0.0 0.0 0.0 0.0 0.0 0.0 0.207 0.724 0.793 0.754 2.0 0.173 0.080 1.000
0.0 0.0 0.0 1.0 0.0 0.0 0.0 0.0 0.0 0.0 0.138 0.793 0.862 0.823 2.0 0.192 0.053 1.000
0.0 0.0 0.0 1.0 0.0 0.0 0.0 0.0 0.0 0.0 0.138 0.793 0.862 0.823 2.0 0.192 0.053 1.000
0.0 0.0 0.0 1.0 0.0 0.0 0.0 0.0 0.0 0.0 0.172 0.759 0.828 0.789 2.0 0.212 0.067 1.000
0.0 0.0 0.0 1.0 0.0 0.0 0.0 0.0 0.0 0.0 0.138 0.793 0.862 0.823 2.0 0.212 0.053 1.000
0.0 0.0 0.0 1.0 0.0 0.0 0.0 0.0 0.0 0.0 0.172 0.759 0.828 0.789 2.0 0.192 0.067 1.000
0.0 0.0 0.0 1.0 0.0 0.0 0.0 0.0 0.0 0.0 0.138 0.793 0.862 0.823 2.0 0.192 0.053 1.000
0.0 0.0 0.0 1.0 0.0 0.0 0.0 0.0 0.0 0.0 0.172 0.759 0.828 0.789 2.0 0.212 0.067 1.000
0.0 0.0 0.0 1.0 0.0 0.0 0.0 0.0 0.0 0.0 0.138 0.793 0.862 0.823 2.0 0.192 0.053 1.000
0.0 0.0 0.0 1.0 0.0 0.0 0.0 0.0 0.0 0.0 0.138 0.793 0.862 0.823 2.0 0.192 0.053 1.000
0.0 0.0 0.0 1.0 0.0 0.0 0.0 0.0 0.0 0.0 0.138 0.793 0.862 0.823 2.0 0.212 0.053 1.000
0.0 0.0 0.0 1.0 0.0 0.0 0.0 0.0 0.0 0.0 0.138 0.793 0.862 0.823 2.0 0.192 0.053 1.000
0.0 1.0 0.0 0.0 0.0 0.0 0.0 0.0 0.0 0.0 0.172 0.759 0.828 0.789 2.0 0.135 0.067 1.000
0.0 0.0 0.0 1.0 0.0 0.0 0.0 0.0 0.0 0.0 0.138 0.793 0.862 0.823 2.0 0.192 0.053 1.000
0.0 0.0 0.0 1.0 0.0 0.0 0.0 0.0 0.0 0.0 0.138 0.793 0.862 0.823 2.0 0.192 0.053 1.000
0.0 0.0 0.0 1.0 0.0 0.0 0.0 0.0 0.0 0.0 0.172 0.759 0.828 0.789 2.0 0.192 0.067 1.000
0.0 0.0 0.0 1.0 0.0 0.0 0.0 0.0 0.0 0.0 0.207 0.724 0.793 0.754 2.0 0.231 0.067 1.000
0.0 0.0 0.0 1.0 0.0 0.0 0.0 0.0 0.0 0.0 0.207 0.724 0.793 0.754 2.0 0.231 0.067 1.000
0.0 0.0 0.0 1.0 0.0 0.0 0.0 0.0 0.0 0.0 0.241 0.690 0.759 0.720 2.0 0.231 0.080 1.000
0.0 0.0 0.0 1.0 0.0 0.0 0.0 0.0 0.0 0.0 0.241 0.690 0.759 0.720 2.0 0.212 0.080 1.000
0.0 0.0 0.0 1.0 0.0 0.0 0.0 0.0 0.0 0.0 0.172 0.759 0.828 0.789 2.0 0.231 0.053 1.000
0.0 0.0 0.0 1.0 0.0 0.0 0.0 0.0 0.0 0.0 0.172 0.759 0.828 0.789 2.0 0.231 0.053 1.000
0.0 0.0 0.0 1.0 0.0 0.0 0.0 0.0 0.0 0.0 0.172 0.759 0.828 0.789 2.0 0.231 0.053 1.000
0.0 0.0 0.0 1.0 0.0 0.0 0.0 0.0 0.0 0.0 0.172 0.759 0.828 0.789 2.0 0.231 0.053 1.000
0.0 1.0 0.0 0.0 0.0 0.0 0.0 0.0 0.0 0.0 0.241 0.690 0.759 0.720 2.0 0.192 0.080 1.000
0.0 0.0 0.0 1.0 0.0 0.0 0.0 0.0 0.0 0.0 0.207 0.724 0.793 0.754 2.0 0.173 0.067 1.000
0.0 0.0 0.0 1.0 0.0 0.0 0.0 0.0 0.0 0.0 0.207 0.724 0.793 0.754 2.0 0.250 0.067 1.000
0.0 1.0 0.0 0.0 0.0 0.0 0.0 0.0 0.0 0.0 0.207 0.724 0.793 0.754 2.0 0.192 0.067 1.000
0.0 0.0 0.0 1.0 0.0 0.0 0.0 0.0 0.0 0.0 0.172 0.759 0.828 0.789 2.0 0.173 0.053 1.000
0.0 1.0 0.0 0.0 0.0 0.0 0.0 0.0 0.0 0.0 0.207 0.724 0.793 0.754 2.0 0.192 0.067 1.000
0.0 0.0 0.0 1.0 0.0 0.0 0.0 0.0 0.0 0.0 0.172 0.759 0.828 0.789 2.0 0.173 0.053 1.000
0.0 0.0 0.0 1.0 0.0 0.0 0.0 0.0 0.0 0.0 0.207 0.724 0.793 0.754 2.0 0.231 0.067 1.000
0.0 0.0 0.0 1.0 0.0 0.0 0.0 0.0 0.0 0.0 0.207 0.724 0.793 0.754 2.0 0.231 0.067 1.000
0.0 0.0 0.0 1.0 0.0 0.0 0.0 0.0 0.0 0.0 0.172 0.759 0.828 0.789 2.0 0.231 0.053 1.000
0.0 0.0 0.0 1.0 0.0 0.0 0.0 0.0 0.0 0.0 0.172 0.759 0.828 0.789 2.0 0.231 0.053 1.000
0.0 1.0 0.0 0.0 0.0 0.0 0.0 0.0 0.0 0.0 0.241 0.690 0.759 0.720 2.0 0.154 0.080 1.000
0.0 0.0 0.0 1.0 0.0 0.0 0.0 0.0 0.0 0.0 0.207 0.724 0.793 0.754 2.0 0.173 0.067 1.000
0.0 1.0 0.0 0.0 0.0 0.0 0.0 0.0 0.0 0.0 0.241 0.690 0.759 0.720 2.0 0.154 0.080 1.000
0.0 0.0 0.0 1.0 0.0 0.0 0.0 0.0 0.0 0.0 0.207 0.724 0.793 0.754 2.0 0.173 0.067 1.000
0.0 0.0 0.0 1.0 0.0 0.0 0.0 0.0 0.0 0.0 0.172 0.759 0.828 0.789 2.0 0.173 0.053 1.000
0.0 0.0 0.0 1.0 0.0 0.0 0.0 0.0 0.0 0.0 0.172 0.759 0.828 0.789 2.0 0.173 0.053 1.000
0.0 0.0 0.0 1.0 0.0 0.0 0.0 0.0 0.0 0.0 0.172 0.759 0.828 0.789 2.0 0.192 0.053 1.000
0.0 0.0 0.0 1.0 0.0 0.0 0.0 0.0 0.0 0.0 0.172 0.759 0.828 0.789 2.0 0.192 0.053 1.000
0.0 1.0 0.0 0.0 0.0 0.0 0.0 0.0 0.0 0.0 0.207 0.724 0.793 0.754 2.0 0.154 0.067 1.000
0.0 0.0 0.0 1.0 0.0 0.0 0.0 0.0 0.0 0.0 0.172 0.759 0.828 0.789 2.0 0.173 0.053 1.000
0.0 0.0 0.0 1.0 0.0 0.0 0.0 0.0 0.0 0.0 0.172 0.759 0.828 0.789 2.0 0.212 0.053 1.000
0.0 0.0 0.0 1.0 0.0 0.0 0.0 0.0 0.0 0.0 0.172 0.759 0.828 0.789 2.0 0.192 0.053 1.000
0.0 0.0 0.0 1.0 0.0 0.0 0.0 0.0 0.0 0.0 0.172 0.759 0.828 0.789 2.0 0.192 0.053 1.000
0.0 0.0 0.0 1.0 0.0 0.0 0.0 0.0 0.0 0.0 0.207 0.724 0.793 0.754 2.0 0.192 0.067 1.000
0.0 0.0 0.0 1.0 0.0 0.0 0.0 0.0 0.0 0.0 0.207 0.724 0.793 0.754 2.0 0.192 0.067 1.000
0.0 0.0 0.0 1.0 0.0 0.0 0.0 0.0 0.0 0.0 0.172 0.759 0.828 0.789 2.0 0.192 0.053 1.000
0.0 0.0 0.0 1.0 0.0 0.0 0.0 0.0 0.0 0.0 0.172 0.759 0.828 0.789 2.0 0.192 0.053 1.000
0.0 0.0 0.0 1.0 0.0 0.0 0.0 0.0 0.0 0.0 0.207 0.724 0.793 0.754 2.0 0.192 0.067 1.000
0.0 0.0 0.0 1.0 0.0 0.0 0.0 0.0 0.0 0.0 0.207 0.724 0.793 0.754 2.0 0.192 0.067 1.000
0.0 0.0 0.0 1.0 0.0 0.0 0.0 0.0 0.0 0.0 0.241 0.690 0.759 0.720 2.0 0.308 0.067 1.000
0.0 0.0 0.0 1.0 0.0 0.0 0.0 0.0 0.0 0.0 0.276 0.655 0.724 0.685 2.0 0.308 0.080 1.000
0.0 0.0 0.0 1.0 0.0 0.0 0.0 0.0 0.0 0.0 0.207 0.724 0.793 0.754 2.0 0.308 0.053 1.000
0.0 0.0 0.0 1.0 0.0 0.0 0.0 0.0 0.0 0.0 0.207 0.724 0.793 0.754 2.0 0.308 0.053 1.000
0.0 0.0 0.0 1.0 0.0 0.0 0.0 0.0 0.0 0.0 0.276 0.655 0.724 0.685 2.0 0.308 0.080 1.000
0.0 0.0 0.0 1.0 0.0 0.0 0.0 0.0 0.0 0.0 0.241 0.690 0.759 0.720 2.0 0.288 0.080 1.000
0.0 0.0 0.0 1.0 0.0 0.0 0.0 0.0 0.0 0.0 0.241 0.690 0.759 0.720 2.0 0.308 0.067 1.000
0.0 0.0 0.0 1.0 0.0 0.0 0.0 0.0 0.0 0.0 0.207 0.724 0.793 0.754 2.0 0.308 0.053 1.000
0.0 0.0 0.0 1.0 0.0 0.0 0.0 0.0 0.0 0.0 0.276 0.655 0.724 0.685 2.0 0.192 0.093 1.000
0.0 1.0 0.0 0.0 0.0 0.0 0.0 0.0 0.0 0.0 0.241 0.690 0.759 0.720 2.0 0.173 0.067 1.000
0.0 0.0 0.0 1.0 0.0 0.0 0.0 0.0 0.0 0.0 0.207 0.724 0.793 0.754 2.0 0.173 0.053 1.000
0.0 0.0 0.0 1.0 0.0 0.0 0.0 0.0 0.0 0.0 0.207 0.724 0.793 0.754 2.0 0.212 0.053 1.000
0.0 0.0 0.0 1.0 0.0 0.0 0.0 0.0 0.0 0.0 0.241 0.690 0.759 0.720 2.0 0.212 0.067 1.000
0.0 0.0 0.0 1.0 0.0 0.0 0.0 0.0 0.0 0.0 0.207 0.724 0.793 0.754 2.0 0.212 0.053 1.000
0.0 0.0 0.0 1.0 0.0 0.0 0.0 0.0 0.0 0.0 0.241 0.690 0.759 0.720 2.0 0.212 0.067 1.000
0.0 0.0 0.0 1.0 0.0 0.0 0.0 0.0 0.0 0.0 0.207 0.724 0.793 0.754 2.0 0.212 0.053 1.000
0.0 0.0 0.0 1.0 0.0 0.0 0.0 0.0 0.0 0.0 0.241 0.690 0.759 0.720 2.0 0.212 0.067 1.000
0.0 0.0 0.0 1.0 0.0 0.0 0.0 0.0 0.0 0.0 0.310 0.621 0.690 0.651 2.0 0.288 0.147 1.000
0.0 0.0 0.0 1.0 0.0 0.0 0.0 0.0 0.0 0.0 0.241 0.690 0.759 0.720 2.0 0.269 0.107 1.000
0.0 0.0 0.0 1.0 0.0 0.0 0.0 0.0 0.0 0.0 0.276 0.655 0.724 0.685 2.0 0.269 0.120 1.000
0.0 0.0 0.0 1.0 0.0 0.0 0.0 0.0 0.0 0.0 0.310 0.621 0.690 0.651 2.0 0.269 0.133 1.000
0.0 0.0 0.0 1.0 0.0 0.0 0.0 0.0 0.0 0.0 0.310 0.621 0.690 0.651 2.0 0.269 0.160 1.000
0.0 0.0 0.0 1.0 0.0 0.0 0.0 0.0 0.0 0.0 0.276 0.655 0.724 0.685 2.0 0.269 0.120 1.000
0.0 0.0 0.0 1.0 0.0 0.0 0.0 0.0 0.0 0.0 0.310 0.621 0.690 0.651 2.0 0.269 0.147 1.000
0.0 0.0 0.0 1.0 0.0 0.0 0.0 0.0 0.0 0.0 0.276 0.655 0.724 0.685 2.0 0.269 0.133 1.000
0.0 0.0 0.0 1.0 0.0 0.0 0.0 0.0 0.0 0.0 0.345 0.586 0.655 0.616 2.0 0.250 0.147 1.000
0.0 1.0 0.0 0.0 0.0 0.0 0.0 0.0 0.0 0.0 0.379 0.552 0.621 0.582 2.0 0.154 0.160 1.000
0.0 0.0 0.0 1.0 0.0 0.0 0.0 0.0 0.0 0.0 0.345 0.586 0.655 0.616 2.0 0.212 0.147 1.000
0.0 0.0 0.0 1.0 0.0 0.0 0.0 0.0 0.0 0.0 0.276 0.655 0.724 0.685 2.0 0.231 0.107 1.000
0.0 0.0 0.0 1.0 0.0 0.0 0.0 0.0 0.0 0.0 0.276 0.655 0.724 0.685 2.0 0.231 0.107 1.000
0.0 0.0 0.0 1.0 0.0 0.0 0.0 0.0 0.0 0.0 0.310 0.621 0.690 0.651 2.0 0.231 0.120 1.000
0.0 0.0 0.0 1.0 0.0 0.0 0.0 0.0 0.0 0.0 0.310 0.621 0.690 0.651 2.0 0.231 0.120 1.000
0.0 0.0 0.0 1.0 0.0 0.0 0.0 0.0 0.0 0.0 0.345 0.586 0.655 0.616 2.0 0.212 0.133 1.000
0.0 0.0 0.0 1.0 0.0 0.0 0.0 0.0 0.0 0.0 0.345 0.586 0.655 0.616 2.0 0.212 0.133 1.000
0.0 0.0 0.0 1.0 0.0 0.0 0.0 0.0 0.0 0.0 0.345 0.586 0.655 0.616 2.0 0.212 0.160 1.000
0.0 0.0 0.0 1.0 0.0 0.0 0.0 0.0 0.0 0.0 0.345 0.586 0.655 0.616 2.0 0.212 0.160 1.000
0.0 0.0 0.0 1.0 0.0 0.0 0.0 0.0 0.0 0.0 0.310 0.621 0.690 0.651 2.0 0.231 0.120 1.000
0.0 0.0 0.0 1.0 0.0 0.0 0.0 0.0 0.0 0.0 0.310 0.621 0.690 0.651 2.0 0.231 0.120 1.000
0.0 0.0 0.0 1.0 0.0 0.0 0.0 0.0 0.0 0.0 0.345 0.586 0.655 0.616 2.0 0.231 0.147 1.000
0.0 0.0 0.0 1.0 0.0 0.0 0.0 0.0 0.0 0.0 0.345 0.586 0.655 0.616 2.0 0.231 0.147 1.000
0.0 0.0 0.0 1.0 0.0 0.0 0.0 0.0 0.0 0.0 0.310 0.621 0.690 0.651 2.0 0.231 0.133 1.000
0.0 0.0 0.0 1.0 0.0 0.0 0.0 0.0 0.0 0.0 0.310 0.621 0.690 0.651 2.0 0.231 0.133 1.000
0.0 0.0 0.0 1.0 0.0 0.0 0.0 0.0 0.0 0.0 0.414 0.517 0.586 0.547 2.0 0.212 0.160 1.000
0.0 0.0 0.0 1.0 0.0 0.0 0.0 0.0 0.0 0.0 0.310 0.621 0.690 0.651 2.0 0.212 0.107 1.000
0.0 0.0 0.0 1.0 0.0 0.0 0.0 0.0 0.0 0.0 0.345 0.586 0.655 0.616 2.0 0.212 0.120 1.000
0.0 1.0 0.0 0.0 0.0 0.0 0.0 0.0 0.0 0.0 0.414 0.517 0.586 0.547 2.0 0.173 0.147 1.000
0.0 0.0 0.0 1.0 0.0 0.0 0.0 0.0 0.0 0.0 0.379 0.552 0.621 0.582 2.0 0.173 0.133 1.000
0.0 1.0 0.0 0.0 0.0 0.0 0.0 0.0 0.0 0.0 0.414 0.517 0.586 0.547 2.0 0.173 0.173 1.000
0.0 0.0 0.0 1.0 0.0 0.0 0.0 0.0 0.0 0.0 0.379 0.552 0.621 0.582 2.0 0.173 0.160 1.000
0.0 0.0 0.0 1.0 0.0 0.0 0.0 0.0 0.0 0.0 0.345 0.586 0.655 0.616 2.0 0.212 0.120 1.000
0.0 0.0 0.0 1.0 0.0 0.0 0.0 0.0 0.0 0.0 0.379 0.552 0.621 0.582 2.0 0.212 0.147 1.000
0.0 0.0 0.0 1.0 0.0 0.0 0.0 0.0 0.0 0.0 0.345 0.586 0.655 0.616 2.0 0.212 0.133 1.000
0.0 0.0 0.0 1.0 0.0 0.0 0.0 0.0 0.0 0.0 0.448 0.483 0.552 0.513 2.0 0.135 0.200 1.000
0.0 0.0 0.0 1.0 0.0 0.0 0.0 0.0 0.0 0.0 0.379 0.552 0.621 0.582 2.0 0.154 0.147 1.000
0.0 0.0 0.0 1.0 0.0 0.0 0.0 0.0 0.0 0.0 0.414 0.517 0.586 0.547 2.0 0.154 0.173 1.000
0.0 0.0 0.0 1.0 0.0 0.0 0.0 0.0 0.0 0.0 0.379 0.552 0.621 0.582 2.0 0.154 0.160 1.000
0.0 0.0 0.0 1.0 0.0 0.0 0.0 0.0 0.0 0.0 0.448 0.483 0.552 0.513 2.0 0.154 0.187 1.000
0.0 0.0 0.0 1.0 0.0 0.0 0.0 0.0 0.0 0.0 0.345 0.586 0.655 0.616 2.0 0.154 0.133 1.000
0.0 0.0 0.0 1.0 0.0 0.0 0.0 0.0 0.0 0.0 0.379 0.552 0.621 0.582 2.0 0.154 0.147 1.000
0.0 0.0 0.0 1.0 0.0 0.0 0.0 0.0 0.0 0.0 0.448 0.483 0.552 0.513 2.0 0.135 0.173 1.000
0.0 0.0 0.0 1.0 0.0 0.0 0.0 0.0 0.0 0.0 0.483 0.448 0.517 0.478 2.0 0.154 0.200 1.000
0.0 0.0 0.0 1.0 0.0 0.0 0.0 0.0 0.0 0.0 0.483 0.448 0.517 0.478 2.0 0.173 0.200 1.000
0.0 0.0 0.0 1.0 0.0 0.0 0.0 0.0 0.0 0.0 0.414 0.517 0.586 0.547 2.0 0.154 0.147 1.000
0.0 0.0 0.0 1.0 0.0 0.0 0.0 0.0 0.0 0.0 0.414 0.517 0.586 0.547 2.0 0.192 0.147 1.000
0.0 0.0 0.0 1.0 0.0 0.0 0.0 0.0 0.0 0.0 0.448 0.483 0.552 0.513 2.0 0.154 0.173 1.000
0.0 0.0 0.0 1.0 0.0 0.0 0.0 0.0 0.0 0.0 0.448 0.483 0.552 0.513 2.0 0.192 0.173 1.000
0.0 0.0 0.0 1.0 0.0 0.0 0.0 0.0 0.0 0.0 0.414 0.517 0.586 0.547 2.0 0.154 0.160 1.000
0.0 0.0 0.0 1.0 0.0 0.0 0.0 0.0 0.0 0.0 0.414 0.517 0.586 0.547 2.0 0.192 0.160 1.000
0.0 0.0 0.0 1.0 0.0 0.0 0.0 0.0 0.0 0.0 0.483 0.448 0.517 0.478 2.0 0.154 0.187 1.000
0.0 0.0 0.0 1.0 0.0 0.0 0.0 0.0 0.0 0.0 0.483 0.448 0.517 0.478 2.0 0.192 0.187 1.000
0.0 0.0 0.0 1.0 0.0 0.0 0.0 0.0 0.0 0.0 0.379 0.552 0.621 0.582 2.0 0.154 0.133 1.000
0.0 0.0 0.0 1.0 0.0 0.0 0.0 0.0 0.0 0.0 0.379 0.552 0.621 0.582 2.0 0.192 0.133 1.000
0.0 0.0 0.0 1.0 0.0 0.0 0.0 0.0 0.0 0.0 0.414 0.517 0.586 0.547 2.0 0.154 0.147 1.000
0.0 0.0 0.0 1.0 0.0 0.0 0.0 0.0 0.0 0.0 0.414 0.517 0.586 0.547 2.0 0.192 0.147 1.000
0.0 0.0 0.0 1.0 0.0 0.0 0.0 0.0 0.0 0.0 0.483 0.448 0.517 0.478 2.0 0.154 0.173 1.000
0.0 0.0 0.0 1.0 0.0 0.0 0.0 0.0 0.0 0.0 0.483 0.448 0.517 0.478 2.0 0.173 0.173 1.000
0.0 0.0 0.0 1.0 0.0 0.0 0.0 0.0 0.0 0.0 0.517 0.414 0.483 0.444 2.0 0.212 0.200 1.000
0.0 0.0 0.0 1.0 0.0 0.0 0.0 0.0 0.0 0.0 0.448 0.483 0.552 0.513 2.0 0.212 0.147 1.000
0.0 0.0 0.0 1.0 0.0 0.0 0.0 0.0 0.0 0.0 0.483 0.448 0.517 0.478 2.0 0.212 0.173 1.000
0.0 0.0 0.0 1.0 0.0 0.0 0.0 0.0 0.0 0.0 0.448 0.483 0.552 0.513 2.0 0.212 0.160 1.000
0.0 0.0 0.0 1.0 0.0 0.0 0.0 0.0 0.0 0.0 0.517 0.414 0.483 0.444 2.0 0.212 0.187 1.000
0.0 0.0 0.0 1.0 0.0 0.0 0.0 0.0 0.0 0.0 0.414 0.517 0.586 0.547 2.0 0.212 0.133 1.000
0.0 0.0 0.0 1.0 0.0 0.0 0.0 0.0 0.0 0.0 0.448 0.483 0.552 0.513 2.0 0.212 0.147 1.000
0.0 0.0 0.0 1.0 0.0 0.0 0.0 0.0 0.0 0.0 0.517 0.414 0.483 0.444 2.0 0.212 0.173 1.000
0.0 0.0 0.0 1.0 0.0 0.0 0.0 0.0 0.0 0.0 0.552 0.379 0.448 0.409 2.0 0.192 0.293 1.000
0.0 0.0 0.0 1.0 0.0 0.0 0.0 0.0 0.0 0.0 0.483 0.448 0.517 0.478 2.0 0.173 0.213 1.000
0.0 1.0 0.0 0.0 0.0 0.0 0.0 0.0 0.0 0.0 0.552 0.379 0.448 0.409 2.0 0.135 0.240 1.000
0.0 0.0 0.0 1.0 0.0 0.0 0.0 0.0 0.0 0.0 0.517 0.414 0.483 0.444 2.0 0.192 0.227 1.000
0.0 0.0 0.0 1.0 0.0 0.0 0.0 0.0 0.0 0.0 0.483 0.448 0.517 0.478 2.0 0.192 0.227 1.000
0.0 0.0 0.0 1.0 0.0 0.0 0.0 0.0 0.0 0.0 0.552 0.379 0.448 0.409 2.0 0.192 0.240 1.000
0.0 0.0 0.0 1.0 0.0 0.0 0.0 0.0 0.0 0.0 0.448 0.483 0.552 0.513 2.0 0.192 0.200 1.000
0.0 0.0 0.0 1.0 0.0 0.0 0.0 0.0 0.0 0.0 0.483 0.448 0.517 0.478 2.0 0.192 0.200 1.000
0.0 0.0 0.0 1.0 0.0 0.0 0.0 0.0 0.0 0.0 0.552 0.379 0.448 0.409 2.0 0.192 0.240 1.000
0.0 0.0 0.0 1.0 0.0 0.0 0.0 0.0 0.0 0.0 0.586 0.345 0.414 0.375 2.0 0.385 0.293 1.000
0.0 0.0 0.0 1.0 0.0 0.0 0.0 0.0 0.0 0.0 0.586 0.345 0.414 0.375 2.0 0.385 0.293 1.000
0.0 0.0 0.0 1.0 0.0 0.0 0.0 0.0 0.0 0.0 0.517 0.414 0.483 0.444 2.0 0.365 0.213 1.000
0.0 0.0 0.0 1.0 0.0 0.0 0.0 0.0 0.0 0.0 0.517 0.414 0.483 0.444 2.0 0.385 0.213 1.000
0.0 0.0 0.0 1.0 0.0 0.0 0.0 0.0 0.0 0.0 0.586 0.345 0.414 0.375 2.0 0.173 0.240 1.000
0.0 0.0 0.0 1.0 0.0 0.0 0.0 0.0 0.0 0.0 0.586 0.345 0.414 0.375 2.0 0.173 0.240 1.000
0.0 0.0 0.0 1.0 0.0 0.0 0.0 0.0 0.0 0.0 0.517 0.414 0.483 0.444 2.0 0.385 0.227 1.000
0.0 0.0 0.0 1.0 0.0 0.0 0.0 0.0 0.0 0.0 0.517 0.414 0.483 0.444 2.0 0.385 0.227 1.000
0.0 0.0 0.0 1.0 0.0 0.0 0.0 0.0 0.0 0.0 0.586 0.345 0.414 0.375 2.0 0.385 0.240 1.000
0.0 0.0 0.0 1.0 0.0 0.0 0.0 0.0 0.0 0.0 0.586 0.345 0.414 0.375 2.0 0.385 0.240 1.000
0.0 0.0 0.0 1.0 0.0 0.0 0.0 0.0 0.0 0.0 0.483 0.448 0.517 0.478 2.0 0.385 0.200 1.000
0.0 0.0 0.0 1.0 0.0 0.0 0.0 0.0 0.0 0.0 0.483 0.448 0.517 0.478 2.0 0.385 0.200 1.000
0.0 0.0 0.0 1.0 0.0 0.0 0.0 0.0 0.0 0.0 0.517 0.414 0.483 0.444 2.0 0.385 0.200 1.000
0.0 0.0 0.0 1.0 0.0 0.0 0.0 0.0 0.0 0.0 0.517 0.414 0.483 0.444 2.0 0.385 0.200 1.000
0.0 0.0 0.0 1.0 0.0 0.0 0.0 0.0 0.0 0.0 0.586 0.345 0.414 0.375 2.0 0.385 0.240 1.000
0.0 0.0 0.0 1.0 0.0 0.0 0.0 0.0 0.0 0.0 0.586 0.345 0.414 0.375 2.0 0.385 0.240 1.000
0.0 0.0 0.0 1.0 0.0 0.0 0.0 0.0 0.0 0.0 0.621 0.310 0.379 0.341 2.0 0.827 0.293 1.000
0.0 0.0 0.0 1.0 0.0 0.0 0.0 0.0 0.0 0.0 0.552 0.379 0.448 0.409 2.0 0.827 0.213 1.000
0.0 1.0 0.0 0.0 0.0 0.0 0.0 0.0 0.0 0.0 0.655 0.276 0.345 0.306 2.0 0.962 0.253 1.000
0.0 0.0 0.0 1.0 0.0 0.0 0.0 0.0 0.0 0.0 0.621 0.310 0.379 0.341 2.0 0.365 0.240 1.000
0.0 0.0 0.0 1.0 0.0 0.0 0.0 0.0 0.0 0.0 0.552 0.379 0.448 0.409 2.0 1.000 0.227 1.000
0.0 0.0 0.0 1.0 0.0 0.0 0.0 0.0 0.0 0.0 0.517 0.414 0.483 0.444 2.0 0.827 0.200 1.000
0.0 0.0 0.0 1.0 0.0 0.0 0.0 0.0 0.0 0.0 0.621 0.310 0.379 0.341 2.0 0.981 0.240 1.000
0.0 0.0 0.0 1.0 0.0 0.0 0.0 0.0 0.0 0.0 0.552 0.379 0.448 0.409 2.0 0.981 0.200 1.000
0.0 0.0 0.0 1.0 0.0 0.0 0.0 0.0 0.0 0.0 0.621 0.310 0.379 0.341 2.0 0.827 0.240 1.000
0.0 1.0 0.0 0.0 0.0 0.0 0.0 0.0 0.0 0.0 0.655 0.310 0.345 0.319 2.0 0.385 0.307 0.500
0.0 1.0 0.0 0.0 0.0 0.0 0.0 0.0 0.0 0.0 0.586 0.379 0.414 0.388 2.0 0.385 0.227 0.500
0.0 1.0 0.0 0.0 0.0 0.0 0.0 0.0 0.0 0.0 0.690 0.276 0.310 0.284 2.0 0.365 0.267 0.500
0.0 1.0 0.0 0.0 0.0 0.0 0.0 0.0 0.0 0.0 0.655 0.310 0.345 0.319 2.0 0.385 0.307 0.500
0.0 1.0 0.0 0.0 0.0 0.0 0.0 0.0 0.0 0.0 0.586 0.379 0.414 0.388 2.0 0.385 0.227 0.500
0.0 1.0 0.0 0.0 0.0 0.0 0.0 0.0 0.0 0.0 0.586 0.379 0.414 0.388 2.0 0.385 0.240 0.500
0.0 1.0 0.0 0.0 0.0 0.0 0.0 0.0 0.0 0.0 0.655 0.310 0.345 0.319 2.0 0.385 0.307 0.500
0.0 1.0 0.0 0.0 0.0 0.0 0.0 0.0 0.0 0.0 0.690 0.276 0.310 0.284 2.0 0.365 0.267 0.500
0.0 1.0 0.0 0.0 0.0 0.0 0.0 0.0 0.0 0.0 0.586 0.379 0.414 0.388 1.0 0.385 0.227 0.500
0.0 1.0 0.0 0.0 0.0 0.0 0.0 0.0 0.0 0.0 0.586 0.379 0.414 0.388 2.0 0.385 0.227 0.500
0.0 1.0 0.0 0.0 0.0 0.0 0.0 0.0 0.0 0.0 0.690 0.276 0.310 0.284 2.0 0.365 0.267 0.500
0.0 1.0 0.0 0.0 0.0 0.0 0.0 0.0 0.0 0.0 0.586 0.379 0.414 0.388 2.0 0.385 0.240 0.500
0.0 1.0 0.0 0.0 0.0 0.0 0.0 0.0 0.0 0.0 0.552 0.414 0.414 0.414 2.0 0.346 0.213 0.125
0.0 1.0 0.0 0.0 0.0 0.0 0.0 0.0 0.0 0.0 0.655 0.310 0.310 0.310 2.0 0.442 0.253 0.125
0.0 1.0 0.0 0.0 0.0 0.0 0.0 0.0 0.0 0.0 0.552 0.414 0.448 0.422 2.0 0.346 0.213 0.125
0.0 1.0 0.0 0.0 0.0 0.0 0.0 0.0 0.0 0.0 0.586 0.379 0.414 0.388 1.0 0.442 0.200 0.125
0.0 1.0 0.0 0.0 0.0 0.0 0.0 0.0 0.0 0.0 0.655 0.310 0.345 0.328 1.0 0.346 0.240 0.125
0.0 1.0 0.0 0.0 0.0 0.0 0.0 0.0 0.0 0.0 0.655 0.310 0.345 0.328 2.0 0.442 0.253 0.125
0.0 1.0 0.0 0.0 0.0 0.0 0.0 0.0 0.0 0.0 0.655 0.310 0.345 0.319 2.0 0.346 0.253 0.125
0.0 1.0 0.0 0.0 0.0 0.0 0.0 0.0 0.0 0.0 0.586 0.379 0.414 0.388 2.0 0.442 0.213 0.125
0.0 1.0 0.0 0.0 0.0 0.0 0.0 0.0 0.0 0.0 0.655 0.276 0.345 0.293 1.0 0.385 0.240 0.500
0.0 1.0 0.0 0.0 0.0 0.0 0.0 0.0 0.0 0.0 0.552 0.379 0.448 0.397 1.0 0.385 0.200 0.500
0.0 1.0 0.0 0.0 0.0 0.0 0.0 0.0 0.0 0.0 0.586 0.345 0.414 0.362 2.0 0.385 0.213 0.500
0.0 1.0 0.0 0.0 0.0 0.0 0.0 0.0 0.0 0.0 0.655 0.276 0.345 0.293 2.0 0.385 0.253 0.500
0.0 1.0 0.0 0.0 0.0 0.0 0.0 0.0 0.0 0.0 0.552 0.379 0.448 0.397 2.0 0.385 0.213 0.500
0.0 1.0 0.0 0.0 0.0 0.0 0.0 0.0 0.0 0.0 0.655 0.276 0.345 0.293 2.0 0.385 0.253 0.500
0.0 1.0 0.0 0.0 0.0 0.0 0.0 0.0 0.0 0.0 0.655 0.276 0.345 0.293 1.0 0.385 0.240 0.500
0.0 1.0 0.0 0.0 0.0 0.0 0.0 0.0 0.0 0.0 0.586 0.345 0.414 0.362 2.0 0.385 0.213 0.500
0.0 1.0 0.0 0.0 0.0 0.0 0.0 0.0 0.0 0.0 0.655 0.276 0.345 0.293 2.0 0.385 0.253 0.500
0.0 1.0 0.0 0.0 0.0 0.0 0.0 0.0 0.0 0.0 0.552 0.379 0.448 0.397 1.0 0.385 0.200 0.500
0.0 1.0 0.0 0.0 0.0 0.0 0.0 0.0 0.0 0.0 0.586 0.345 0.414 0.362 2.0 0.385 0.213 0.500
0.0 1.0 0.0 0.0 0.0 0.0 0.0 0.0 0.0 0.0 0.655 0.276 0.345 0.293 2.0 0.385 0.253 0.500
0.0 1.0 0.0 0.0 0.0 0.0 0.0 0.0 0.0 0.0 0.586 0.345 0.379 0.362 2.0 0.346 0.227 0.125
0.0 1.0 0.0 0.0 0.0 0.0 0.0 0.0 0.0 0.0 0.586 0.345 0.379 0.362 2.0 0.442 0.240 0.125
0.0 1.0 0.0 0.0 0.0 0.0 0.0 0.0 0.0 0.0 0.586 0.345 0.345 0.345 1.0 0.346 0.213 0.125
0.0 1.0 0.0 0.0 0.0 0.0 0.0 0.0 0.0 0.0 0.690 0.241 0.241 0.241 2.0 0.423 0.267 0.125
0.0 1.0 0.0 0.0 0.0 0.0 0.0 0.0 0.0 0.0 0.655 0.276 0.345 0.310 2.0 0.346 0.307 0.125
0.0 1.0 0.0 0.0 0.0 0.0 0.0 0.0 0.0 0.0 0.586 0.345 0.414 0.379 2.0 0.442 0.240 0.125
0.0 1.0 0.0 0.0 0.0 0.0 0.0 0.0 0.0 0.0 0.655 0.276 0.310 0.293 2.0 0.346 0.307 0.125
0.0 1.0 0.0 0.0 0.0 0.0 0.0 0.0 0.0 0.0 0.690 0.241 0.276 0.259 2.0 0.423 0.267 0.125
0.0 0.0 1.0 0.0 0.0 0.0 0.0 0.0 0.0 0.0 0.724 0.241 0.276 0.250 4.0 0.558 0.707 0.500
0.0 0.0 1.0 0.0 0.0 0.0 0.0 0.0 0.0 0.0 0.690 0.276 0.310 0.284 4.0 0.538 0.707 0.500
0.0 0.0 1.0 0.0 0.0 0.0 0.0 0.0 0.0 0.0 0.724 0.241 0.276 0.250 4.0 0.558 0.693 0.500
0.0 0.0 1.0 0.0 0.0 0.0 0.0 0.0 0.0 0.0 0.724 0.241 0.276 0.250 4.0 0.558 0.707 0.500
0.0 0.0 1.0 0.0 0.0 0.0 0.0 0.0 0.0 0.0 0.690 0.241 0.310 0.259 4.0 0.558 0.600 0.500
0.0 0.0 1.0 0.0 0.0 0.0 0.0 0.0 0.0 0.0 0.690 0.241 0.310 0.259 4.0 0.558 0.627 0.500
0.0 0.0 1.0 0.0 0.0 0.0 0.0 0.0 0.0 0.0 0.690 0.241 0.310 0.259 4.0 0.558 0.613 0.500
0.0 0.0 1.0 0.0 0.0 0.0 0.0 0.0 0.0 0.0 0.690 0.241 0.310 0.259 4.0 0.558 0.613 0.500
0.0 0.0 0.0 0.0 1.0 0.0 0.0 0.0 0.0 0.0 0.759 0.207 0.241 0.216 4.0 0.981 0.813 0.500
0.0 0.0 0.0 0.0 1.0 0.0 0.0 0.0 0.0 0.0 0.724 0.207 0.276 0.224 4.0 0.981 0.693 0.500
0.0 0.0 1.0 0.0 0.0 0.0 0.0 0.0 0.0 0.0 0.793 0.172 0.172 0.172 4.0 0.827 0.987 0.125
0.0 0.0 1.0 0.0 0.0 0.0 0.0 0.0 0.0 0.0 0.655 0.310 0.310 0.310 2.0 0.481 0.440 0.125
0.0 0.0 1.0 0.0 0.0 0.0 0.0 0.0 0.0 0.0 0.793 0.172 0.207 0.181 4.0 0.827 0.973 0.125
0.0 0.0 1.0 0.0 0.0 0.0 0.0 0.0 0.0 0.0 0.655 0.310 0.345 0.319 2.0 0.481 0.440 0.125
0.0 0.0 1.0 0.0 0.0 0.0 0.0 0.0 0.0 0.0 0.793 0.172 0.207 0.190 4.0 0.827 0.973 0.125
0.0 0.0 1.0 0.0 0.0 0.0 0.0 0.0 0.0 0.0 0.690 0.276 0.310 0.293 2.0 0.481 0.427 0.125
0.0 0.0 1.0 0.0 0.0 0.0 0.0 0.0 0.0 0.0 0.793 0.172 0.207 0.181 4.0 0.827 0.987 0.125
0.0 0.0 1.0 0.0 0.0 0.0 0.0 0.0 0.0 0.0 0.690 0.276 0.310 0.284 2.0 0.481 0.440 0.125
0.0 0.0 1.0 0.0 0.0 0.0 0.0 0.0 0.0 0.0 0.759 0.172 0.207 0.190 4.0 0.788 0.947 0.125
0.0 0.0 1.0 0.0 0.0 0.0 0.0 0.0 0.0 0.0 0.655 0.276 0.310 0.293 2.0 0.481 0.507 0.125
0.0 0.0 1.0 0.0 0.0 0.0 0.0 0.0 0.0 0.0 0.759 0.172 0.172 0.172 4.0 0.827 0.933 0.125
0.0 0.0 1.0 0.0 0.0 0.0 0.0 0.0 0.0 0.0 0.655 0.276 0.276 0.276 2.0 0.481 0.493 0.125
0.0 0.0 1.0 0.0 0.0 0.0 0.0 0.0 0.0 0.0 0.759 0.172 0.241 0.207 4.0 0.788 0.947 0.125
0.0 0.0 1.0 0.0 0.0 0.0 0.0 0.0 0.0 0.0 0.690 0.241 0.310 0.276 2.0 0.481 0.507 0.125
0.0 0.0 1.0 0.0 0.0 0.0 0.0 0.0 0.0 0.0 0.759 0.172 0.207 0.190 4.0 0.827 0.947 0.125
0.0 0.0 1.0 0.0 0.0 0.0 0.0 0.0 0.0 0.0 0.690 0.241 0.276 0.259 2.0 0.481 0.507 0.125
0.0 0.0 1.0 0.0 0.0 0.0 0.0 0.0 0.0 0.0 0.828 0.138 0.138 0.138 2.0 0.519 0.987 0.031
0.0 0.0 1.0 0.0 0.0 0.0 0.0 0.0 0.0 0.0 0.828 0.138 0.138 0.138 2.0 0.519 0.987 0.031
0.0 0.0 1.0 0.0 0.0 0.0 0.0 0.0 0.0 0.0 0.828 0.138 0.138 0.138 2.0 0.500 0.987 0.031
0.0 0.0 1.0 0.0 0.0 0.0 0.0 0.0 0.0 0.0 0.828 0.138 0.138 0.138 2.0 0.519 0.987 0.031
0.0 0.0 1.0 0.0 0.0 0.0 0.0 0.0 0.0 0.0 0.828 0.138 0.138 0.138 2.0 0.519 0.973 0.031
0.0 0.0 1.0 0.0 0.0 0.0 0.0 0.0 0.0 0.0 0.828 0.138 0.138 0.138 2.0 0.519 0.973 0.031
0.0 0.0 1.0 0.0 0.0 0.0 0.0 0.0 0.0 0.0 0.828 0.138 0.138 0.138 2.0 0.500 0.973 0.031
0.0 0.0 1.0 0.0 0.0 0.0 0.0 0.0 0.0 0.0 0.828 0.172 0.172 0.172 2.0 0.519 0.973 0.031
0.0 0.0 1.0 0.0 0.0 0.0 0.0 0.0 0.0 0.0 0.828 0.172 0.172 0.172 2.0 0.519 0.973 0.031
0.0 0.0 1.0 0.0 0.0 0.0 0.0 0.0 0.0 0.0 0.828 0.138 0.138 0.138 2.0 0.519 0.973 0.031
0.0 0.0 1.0 0.0 0.0 0.0 0.0 0.0 0.0 0.0 0.828 0.172 0.172 0.172 2.0 0.500 0.973 0.031
0.0 0.0 1.0 0.0 0.0 0.0 0.0 0.0 0.0 0.0 0.828 0.138 0.138 0.138 2.0 0.519 0.973 0.031
0.0 0.0 1.0 0.0 0.0 0.0 0.0 0.0 0.0 0.0 0.828 0.138 0.138 0.138 2.0 0.519 0.987 0.031
0.0 0.0 1.0 0.0 0.0 0.0 0.0 0.0 0.0 0.0 0.828 0.138 0.138 0.138 2.0 0.519 0.987 0.031
0.0 0.0 1.0 0.0 0.0 0.0 0.0 0.0 0.0 0.0 0.828 0.172 0.172 0.172 2.0 0.500 0.987 0.031
0.0 0.0 1.0 0.0 0.0 0.0 0.0 0.0 0.0 0.0 0.828 0.138 0.138 0.138 2.0 0.519 0.987 0.031
0.0 0.0 1.0 0.0 0.0 0.0 0.0 0.0 0.0 0.0 0.793 0.172 0.172 0.172 2.0 0.519 0.947 0.031
0.0 0.0 1.0 0.0 0.0 0.0 0.0 0.0 0.0 0.0 0.793 0.138 0.138 0.138 2.0 0.519 0.947 0.031
0.0 0.0 1.0 0.0 0.0 0.0 0.0 0.0 0.0 0.0 0.793 0.138 0.138 0.138 2.0 0.519 0.947 0.031
0.0 1.0 0.0 0.0 0.0 0.0 0.0 0.0 0.0 0.0 0.828 0.138 0.138 0.138 2.0 0.154 0.960 0.031
0.0 0.0 1.0 0.0 0.0 0.0 0.0 0.0 0.0 0.0 0.793 0.172 0.172 0.172 2.0 0.500 0.947 0.031
0.0 0.0 1.0 0.0 0.0 0.0 0.0 0.0 0.0 0.0 0.793 0.138 0.138 0.138 2.0 0.519 0.933 0.031
0.0 0.0 1.0 0.0 0.0 0.0 0.0 0.0 0.0 0.0 0.793 0.138 0.138 0.138 2.0 0.519 0.933 0.031
0.0 0.0 1.0 0.0 0.0 0.0 0.0 0.0 0.0 0.0 0.793 0.138 0.138 0.138 2.0 0.519 0.933 0.031
0.0 0.0 1.0 0.0 0.0 0.0 0.0 0.0 0.0 0.0 0.793 0.138 0.138 0.138 2.0 0.519 0.933 0.031
0.0 0.0 1.0 0.0 0.0 0.0 0.0 0.0 0.0 0.0 0.793 0.138 0.138 0.138 2.0 0.519 0.947 0.031
0.0 0.0 1.0 0.0 0.0 0.0 0.0 0.0 0.0 0.0 0.793 0.207 0.207 0.207 2.0 0.519 0.947 0.031
0.0 1.0 0.0 0.0 0.0 0.0 0.0 0.0 0.0 0.0 0.828 0.138 0.138 0.138 2.0 0.154 0.960 0.031
0.0 0.0 1.0 0.0 0.0 0.0 0.0 0.0 0.0 0.0 0.793 0.172 0.172 0.172 2.0 0.500 0.947 0.031
0.0 0.0 1.0 0.0 0.0 0.0 0.0 0.0 0.0 0.0 0.793 0.172 0.172 0.172 2.0 0.519 0.947 0.031
0.0 0.0 1.0 0.0 0.0 0.0 0.0 0.0 0.0 0.0 0.793 0.172 0.172 0.172 2.0 0.519 0.947 0.031
0.0 0.0 1.0 0.0 0.0 0.0 0.0 0.0 0.0 0.0 0.793 0.172 0.172 0.172 2.0 0.519 0.947 0.031
0.0 0.0 1.0 0.0 0.0 0.0 0.0 0.0 0.0 0.0 0.793 0.138 0.138 0.138 2.0 0.519 0.947 0.031
0.0 0.0 1.0 0.0 0.0 0.0 0.0 0.0 0.0 0.0 0.793 0.138 0.138 0.138 2.0 0.519 0.947 0.031
0.0 0.0 0.0 1.0 0.0 0.0 0.0 0.0 1.0 0.0 0.862 0.103 0.103 0.103 2.0 0.135 0.987 0.031
0.0 0.0 0.0 1.0 0.0 0.0 0.0 0.0 1.0 0.0 0.862 0.103 0.103 0.103 2.0 0.135 0.987 0.031
0.0 0.0 0.0 1.0 0.0 0.0 0.0 0.0 1.0 0.0 0.862 0.103 0.103 0.103 2.0 0.135 0.987 0.031
0.0 0.0 0.0 1.0 0.0 0.0 0.0 0.0 1.0 0.0 0.862 0.103 0.103 0.103 2.0 0.135 0.987 0.031
0.0 0.0 0.0 1.0 0.0 0.0 0.0 0.0 1.0 0.0 0.862 0.103 0.103 0.103 2.0 0.135 0.973 0.031
0.0 0.0 0.0 1.0 0.0 0.0 0.0 0.0 1.0 0.0 0.862 0.103 0.103 0.103 2.0 0.135 0.973 0.031
0.0 0.0 0.0 1.0 0.0 0.0 0.0 0.0 1.0 0.0 0.862 0.103 0.103 0.103 2.0 0.135 0.973 0.031
0.0 0.0 0.0 1.0 0.0 0.0 0.0 0.0 1.0 0.0 0.862 0.138 0.138 0.138 2.0 0.135 0.973 0.031
0.0 0.0 0.0 1.0 0.0 0.0 0.0 0.0 1.0 0.0 0.862 0.138 0.138 0.138 2.0 0.154 0.973 0.031
0.0 0.0 0.0 1.0 0.0 0.0 0.0 0.0 1.0 0.0 0.862 0.103 0.103 0.103 2.0 0.135 0.973 0.031
0.0 0.0 0.0 1.0 0.0 0.0 0.0 0.0 1.0 0.0 0.862 0.138 0.138 0.138 2.0 0.135 0.973 0.031
0.0 0.0 0.0 1.0 0.0 0.0 0.0 0.0 1.0 0.0 0.862 0.103 0.103 0.103 2.0 0.135 0.973 0.031
0.0 0.0 0.0 1.0 0.0 0.0 0.0 0.0 1.0 0.0 0.862 0.103 0.103 0.103 2.0 0.135 0.987 0.031
0.0 0.0 0.0 1.0 0.0 0.0 0.0 0.0 1.0 0.0 0.862 0.103 0.103 0.103 2.0 0.135 0.987 0.031
0.0 1.0 0.0 0.0 0.0 0.0 0.0 0.0 0.0 0.0 0.897 0.103 0.103 0.103 2.0 0.115 1.000 0.031
0.0 0.0 0.0 1.0 0.0 0.0 0.0 0.0 1.0 0.0 0.862 0.138 0.138 0.138 2.0 0.135 0.987 0.031
0.0 0.0 0.0 1.0 0.0 0.0 0.0 0.0 1.0 0.0 0.862 0.103 0.103 0.103 2.0 0.135 0.987 0.031
0.0 0.0 0.0 1.0 0.0 0.0 0.0 0.0 1.0 0.0 0.828 0.138 0.138 0.138 2.0 0.154 0.947 0.031
0.0 0.0 0.0 1.0 0.0 0.0 0.0 0.0 1.0 0.0 0.828 0.103 0.103 0.103 2.0 0.135 0.947 0.031
0.0 0.0 0.0 1.0 0.0 0.0 0.0 0.0 1.0 0.0 0.828 0.103 0.103 0.103 2.0 0.135 0.947 0.031
0.0 0.0 0.0 1.0 0.0 0.0 0.0 0.0 1.0 0.0 0.862 0.103 0.103 0.103 2.0 0.115 0.960 0.031
0.0 0.0 0.0 1.0 0.0 0.0 0.0 0.0 1.0 0.0 0.828 0.103 0.103 0.103 2.0 0.135 0.933 0.031
0.0 0.0 0.0 1.0 0.0 0.0 0.0 0.0 1.0 0.0 0.828 0.103 0.103 0.103 2.0 0.135 0.933 0.031
0.0 0.0 0.0 1.0 0.0 0.0 0.0 0.0 1.0 0.0 0.828 0.103 0.103 0.103 2.0 0.135 0.933 0.031
0.0 0.0 0.0 1.0 0.0 0.0 0.0 0.0 1.0 0.0 0.828 0.103 0.103 0.103 2.0 0.135 0.933 0.031
0.0 0.0 0.0 1.0 0.0 0.0 0.0 0.0 1.0 0.0 0.828 0.103 0.103 0.103 2.0 0.135 0.947 0.031
0.0 0.0 0.0 1.0 0.0 0.0 0.0 0.0 1.0 0.0 0.828 0.172 0.172 0.172 2.0 0.135 0.947 0.031
0.0 0.0 0.0 1.0 0.0 0.0 0.0 0.0 1.0 0.0 0.862 0.103 0.103 0.103 2.0 0.115 0.960 0.031
0.0 1.0 0.0 0.0 0.0 0.0 0.0 0.0 0.0 0.0 0.862 0.103 0.103 0.103 2.0 0.115 0.960 0.031
0.0 0.0 0.0 1.0 0.0 0.0 0.0 0.0 1.0 0.0 0.828 0.138 0.138 0.138 2.0 0.135 0.947 0.031
0.0 0.0 0.0 1.0 0.0 0.0 0.0 0.0 1.0 0.0 0.828 0.138 0.138 0.138 2.0 0.154 0.947 0.031
0.0 0.0 0.0 1.0 0.0 0.0 0.0 0.0 1.0 0.0 0.828 0.138 0.138 0.138 2.0 0.154 0.947 0.031
0.0 0.0 0.0 1.0 0.0 0.0 0.0 0.0 1.0 0.0 0.828 0.103 0.103 0.103 2.0 0.135 0.947 0.031
0.0 0.0 0.0 1.0 0.0 0.0 0.0 0.0 1.0 0.0 0.828 0.103 0.103 0.103 2.0 0.135 0.947 0.031
0.0 0.0 0.0 1.0 0.0 0.0 0.0 0.0 1.0 0.0 0.897 0.069 0.069 0.069 2.0 0.115 0.987 0.031
0.0 0.0 0.0 1.0 0.0 0.0 0.0 0.0 0.0 0.0 0.897 0.069 0.069 0.069 2.0 0.154 0.987 0.031
0.0 0.0 0.0 1.0 0.0 0.0 0.0 0.0 1.0 0.0 0.897 0.069 0.069 0.069 2.0 0.115 0.987 0.031
0.0 0.0 0.0 1.0 0.0 0.0 0.0 0.0 0.0 0.0 0.897 0.069 0.069 0.069 2.0 0.154 0.987 0.031
0.0 0.0 0.0 1.0 0.0 0.0 0.0 0.0 1.0 0.0 0.897 0.069 0.069 0.069 2.0 0.115 0.987 0.031
0.0 0.0 0.0 1.0 0.0 0.0 0.0 0.0 0.0 0.0 0.897 0.069 0.069 0.069 2.0 0.154 0.987 0.031
0.0 0.0 0.0 1.0 0.0 0.0 0.0 0.0 1.0 0.0 0.897 0.069 0.069 0.069 2.0 0.115 0.987 0.031
0.0 0.0 0.0 1.0 0.0 0.0 0.0 0.0 0.0 0.0 0.897 0.069 0.069 0.069 2.0 0.154 0.987 0.031
0.0 0.0 0.0 1.0 0.0 0.0 0.0 0.0 1.0 0.0 0.897 0.069 0.069 0.069 2.0 0.115 0.973 0.031
0.0 0.0 0.0 1.0 0.0 0.0 0.0 0.0 0.0 0.0 0.897 0.069 0.069 0.069 2.0 0.154 0.973 0.031
0.0 0.0 0.0 1.0 0.0 0.0 0.0 0.0 1.0 0.0 0.897 0.069 0.069 0.069 2.0 0.115 0.973 0.031
0.0 0.0 0.0 1.0 0.0 0.0 0.0 0.0 0.0 0.0 0.897 0.069 0.069 0.069 2.0 0.154 0.973 0.031
0.0 0.0 0.0 1.0 0.0 0.0 0.0 0.0 1.0 0.0 0.897 0.069 0.069 0.069 2.0 0.115 0.973 0.031
0.0 0.0 0.0 1.0 0.0 0.0 0.0 0.0 0.0 0.0 0.897 0.069 0.069 0.069 2.0 0.154 0.973 0.031
0.0 0.0 0.0 1.0 0.0 0.0 0.0 0.0 1.0 0.0 0.897 0.103 0.103 0.103 2.0 0.115 0.973 0.031
0.0 0.0 0.0 1.0 0.0 0.0 0.0 0.0 0.0 0.0 0.897 0.103 0.103 0.103 2.0 0.154 0.973 0.031
0.0 1.0 0.0 0.0 0.0 0.0 0.0 0.0 0.0 0.0 0.931 0.069 0.069 0.069 2.0 0.115 0.987 0.031
0.0 0.0 0.0 1.0 0.0 0.0 0.0 0.0 1.0 0.0 0.897 0.103 0.103 0.103 2.0 0.115 0.973 0.031
0.0 0.0 0.0 1.0 0.0 0.0 0.0 0.0 0.0 0.0 0.897 0.103 0.103 0.103 2.0 0.173 0.973 0.031
0.0 0.0 0.0 1.0 0.0 0.0 0.0 0.0 1.0 0.0 0.897 0.069 0.069 0.069 2.0 0.115 0.973 0.031
0.0 0.0 0.0 1.0 0.0 0.0 0.0 0.0 0.0 0.0 0.897 0.069 0.069 0.069 2.0 0.154 0.973 0.031
0.0 0.0 0.0 1.0 0.0 0.0 0.0 0.0 1.0 0.0 0.897 0.103 0.103 0.103 2.0 0.115 0.973 0.031
0.0 0.0 0.0 1.0 0.0 0.0 0.0 0.0 0.0 0.0 0.897 0.103 0.103 0.103 2.0 0.154 0.973 0.031
0.0 0.0 0.0 1.0 0.0 0.0 0.0 0.0 1.0 0.0 0.897 0.069 0.069 0.069 2.0 0.115 0.973 0.031
0.0 0.0 0.0 1.0 0.0 0.0 0.0 0.0 0.0 0.0 0.897 0.069 0.069 0.069 2.0 0.154 0.973 0.031
0.0 0.0 0.0 1.0 0.0 0.0 0.0 0.0 1.0 0.0 0.897 0.069 0.069 0.069 2.0 0.115 0.987 0.031
0.0 0.0 0.0 1.0 0.0 0.0 0.0 0.0 0.0 0.0 0.897 0.069 0.069 0.069 2.0 0.154 0.987 0.031
0.0 0.0 0.0 1.0 0.0 0.0 0.0 0.0 1.0 0.0 0.897 0.069 0.069 0.069 2.0 0.115 0.987 0.031
0.0 0.0 0.0 1.0 0.0 0.0 0.0 0.0 0.0 0.0 0.897 0.069 0.069 0.069 2.0 0.154 0.987 0.031
0.0 0.0 0.0 1.0 0.0 0.0 0.0 0.0 1.0 0.0 0.931 0.069 0.069 0.069 2.0 0.115 1.000 0.031
0.0 0.0 0.0 1.0 0.0 0.0 0.0 0.0 0.0 0.0 0.931 0.069 0.069 0.069 2.0 0.173 1.000 0.031
0.0 0.0 0.0 1.0 0.0 0.0 0.0 0.0 1.0 0.0 0.897 0.069 0.069 0.069 2.0 0.115 0.987 0.031
0.0 0.0 0.0 1.0 0.0 0.0 0.0 0.0 0.0 0.0 0.897 0.069 0.069 0.069 2.0 0.154 0.987 0.031
0.0 1.0 0.0 0.0 0.0 0.0 0.0 0.0 0.0 0.0 0.897 0.069 0.069 0.069 2.0 0.115 0.960 0.031
0.0 0.0 0.0 1.0 0.0 0.0 0.0 0.0 1.0 0.0 0.862 0.103 0.103 0.103 2.0 0.115 0.947 0.031
0.0 0.0 0.0 1.0 0.0 0.0 0.0 0.0 0.0 0.0 0.862 0.103 0.103 0.103 2.0 0.173 0.947 0.031
0.0 0.0 0.0 1.0 0.0 0.0 0.0 0.0 1.0 0.0 0.862 0.069 0.069 0.069 2.0 0.115 0.947 0.031
0.0 0.0 0.0 1.0 0.0 0.0 0.0 0.0 0.0 0.0 0.862 0.069 0.069 0.069 2.0 0.154 0.947 0.031
0.0 0.0 0.0 1.0 0.0 0.0 0.0 0.0 1.0 0.0 0.862 0.069 0.069 0.069 2.0 0.115 0.947 0.031
0.0 0.0 0.0 1.0 0.0 0.0 0.0 0.0 0.0 0.0 0.862 0.069 0.069 0.069 2.0 0.154 0.947 0.031
0.0 0.0 0.0 1.0 0.0 0.0 0.0 0.0 1.0 0.0 0.897 0.069 0.069 0.069 2.0 0.115 0.960 0.031
0.0 0.0 0.0 1.0 0.0 0.0 0.0 0.0 0.0 0.0 0.897 0.069 0.069 0.069 2.0 0.135 0.960 0.031
0.0 0.0 0.0 1.0 0.0 0.0 0.0 0.0 1.0 0.0 0.862 0.069 0.069 0.069 2.0 0.115 0.933 0.031
0.0 0.0 0.0 1.0 0.0 0.0 0.0 0.0 0.0 0.0 0.862 0.069 0.069 0.069 2.0 0.154 0.933 0.031
0.0 0.0 0.0 1.0 0.0 0.0 0.0 0.0 1.0 0.0 0.862 0.069 0.069 0.069 2.0 0.115 0.933 0.031
0.0 0.0 0.0 1.0 0.0 0.0 0.0 0.0 0.0 0.0 0.862 0.069 0.069 0.069 2.0 0.154 0.933 0.031
0.0 0.0 0.0 1.0 0.0 0.0 0.0 0.0 1.0 0.0 0.862 0.069 0.069 0.069 2.0 0.115 0.933 0.031
0.0 0.0 0.0 1.0 0.0 0.0 0.0 0.0 0.0 0.0 0.862 0.069 0.069 0.069 2.0 0.154 0.933 0.031
0.0 0.0 0.0 1.0 0.0 0.0 0.0 0.0 1.0 0.0 0.862 0.069 0.069 0.069 2.0 0.115 0.933 0.031
0.0 0.0 0.0 1.0 0.0 0.0 0.0 0.0 0.0 0.0 0.862 0.069 0.069 0.069 2.0 0.154 0.933 0.031
0.0 0.0 0.0 1.0 0.0 0.0 0.0 0.0 1.0 0.0 0.862 0.069 0.069 0.069 2.0 0.115 0.947 0.031
0.0 0.0 0.0 1.0 0.0 0.0 0.0 0.0 0.0 0.0 0.862 0.069 0.069 0.069 2.0 0.154 0.947 0.031
0.0 0.0 0.0 1.0 0.0 0.0 0.0 0.0 1.0 0.0 0.862 0.138 0.138 0.138 2.0 0.115 0.947 0.031
0.0 0.0 0.0 1.0 0.0 0.0 0.0 0.0 0.0 0.0 0.862 0.138 0.138 0.138 2.0 0.154 0.947 0.031
0.0 0.0 0.0 1.0 0.0 0.0 0.0 0.0 1.0 0.0 0.897 0.069 0.069 0.069 2.0 0.115 0.960 0.031
0.0 0.0 0.0 1.0 0.0 0.0 0.0 0.0 0.0 0.0 0.897 0.069 0.069 0.069 2.0 0.135 0.960 0.031
0.0 0.0 0.0 1.0 0.0 0.0 0.0 0.0 1.0 0.0 0.897 0.069 0.069 0.069 2.0 0.115 0.960 0.031
0.0 0.0 0.0 1.0 0.0 0.0 0.0 0.0 0.0 0.0 0.897 0.069 0.069 0.069 2.0 0.173 0.960 0.031
0.0 1.0 0.0 0.0 0.0 0.0 0.0 0.0 0.0 0.0 0.897 0.069 0.069 0.069 2.0 0.115 0.960 0.031
0.0 0.0 0.0 1.0 0.0 0.0 0.0 0.0 1.0 0.0 0.862 0.103 0.103 0.103 2.0 0.115 0.947 0.031
0.0 0.0 0.0 1.0 0.0 0.0 0.0 0.0 0.0 0.0 0.862 0.103 0.103 0.103 2.0 0.173 0.947 0.031
0.0 0.0 0.0 1.0 0.0 0.0 0.0 0.0 1.0 0.0 0.862 0.103 0.103 0.103 2.0 0.135 0.947 0.031
0.0 1.0 0.0 0.0 0.0 0.0 0.0 0.0 0.0 0.0 0.897 0.069 0.069 0.069 2.0 0.135 0.960 0.031
0.0 0.0 0.0 1.0 0.0 0.0 0.0 0.0 0.0 0.0 0.862 0.103 0.103 0.103 2.0 0.154 0.947 0.031
0.0 0.0 0.0 1.0 0.0 0.0 0.0 0.0 1.0 0.0 0.862 0.069 0.069 0.069 2.0 0.115 0.947 0.031
0.0 0.0 0.0 1.0 0.0 0.0 0.0 0.0 0.0 0.0 0.862 0.069 0.069 0.069 2.0 0.154 0.947 0.031
0.0 0.0 0.0 1.0 0.0 0.0 0.0 0.0 1.0 0.0 0.862 0.069 0.069 0.069 2.0 0.115 0.947 0.031
0.0 0.0 0.0 1.0 0.0 0.0 0.0 0.0 0.0 0.0 0.862 0.069 0.069 0.069 2.0 0.154 0.947 0.031
0.0 0.0 0.0 1.0 0.0 0.0 0.0 0.0 0.0 0.0 0.931 0.034 0.034 0.034 2.0 0.115 0.987 0.031
0.0 0.0 0.0 1.0 0.0 0.0 0.0 0.0 0.0 0.0 0.931 0.034 0.034 0.034 2.0 0.115 0.987 0.031
0.0 0.0 0.0 1.0 0.0 0.0 0.0 0.0 0.0 0.0 0.931 0.034 0.034 0.034 2.0 0.115 0.987 0.031
0.0 0.0 0.0 1.0 0.0 0.0 0.0 0.0 0.0 0.0 0.931 0.034 0.034 0.034 2.0 0.115 0.987 0.031
0.0 0.0 0.0 1.0 0.0 0.0 0.0 0.0 0.0 0.0 0.931 0.034 0.034 0.034 2.0 0.115 0.973 0.031
0.0 0.0 0.0 1.0 0.0 0.0 0.0 0.0 0.0 0.0 0.931 0.034 0.034 0.034 2.0 0.115 0.973 0.031
0.0 0.0 0.0 1.0 0.0 0.0 0.0 0.0 0.0 0.0 0.931 0.034 0.034 0.034 2.0 0.115 0.973 0.031
0.0 1.0 0.0 0.0 0.0 0.0 0.0 0.0 0.0 0.0 0.966 0.034 0.034 0.034 2.0 0.096 0.987 0.031
0.0 0.0 0.0 1.0 0.0 0.0 0.0 0.0 0.0 0.0 0.931 0.069 0.069 0.069 2.0 0.135 0.973 0.031
0.0 0.0 0.0 1.0 0.0 0.0 0.0 0.0 0.0 0.0 0.966 0.034 0.034 0.034 2.0 0.135 0.987 0.031
0.0 0.0 0.0 1.0 0.0 0.0 0.0 0.0 0.0 0.0 0.931 0.034 0.034 0.034 2.0 0.115 0.973 0.031
0.0 1.0 0.0 0.0 0.0 0.0 0.0 0.0 0.0 0.0 0.966 0.034 0.034 0.034 2.0 0.096 0.987 0.031
0.0 0.0 0.0 1.0 0.0 0.0 0.0 0.0 0.0 0.0 0.931 0.069 0.069 0.069 2.0 0.135 0.973 0.031
0.0 0.0 0.0 1.0 0.0 0.0 0.0 0.0 0.0 0.0 0.931 0.034 0.034 0.034 2.0 0.115 0.973 0.031
0.0 0.0 0.0 1.0 0.0 0.0 0.0 0.0 0.0 0.0 0.931 0.034 0.034 0.034 2.0 0.115 0.987 0.031
0.0 0.0 0.0 1.0 0.0 0.0 0.0 0.0 0.0 0.0 0.931 0.034 0.034 0.034 2.0 0.115 0.987 0.031
0.0 0.0 0.0 1.0 0.0 0.0 0.0 0.0 0.0 0.0 0.966 0.034 0.034 0.034 2.0 0.115 1.000 0.031
0.0 0.0 0.0 1.0 0.0 0.0 0.0 0.0 0.0 0.0 0.931 0.034 0.034 0.034 2.0 0.115 0.987 0.031
0.0 0.0 0.0 1.0 0.0 0.0 0.0 0.0 0.0 0.0 0.931 0.034 0.034 0.034 2.0 0.135 0.960 0.031
0.0 0.0 0.0 1.0 0.0 0.0 0.0 0.0 0.0 0.0 0.897 0.034 0.034 0.034 2.0 0.115 0.947 0.031
0.0 0.0 0.0 1.0 0.0 0.0 0.0 0.0 0.0 0.0 0.897 0.034 0.034 0.034 2.0 0.115 0.947 0.031
0.0 0.0 0.0 1.0 0.0 0.0 0.0 0.0 0.0 0.0 0.931 0.034 0.034 0.034 2.0 0.115 0.960 0.031
0.0 0.0 0.0 1.0 0.0 0.0 0.0 0.0 0.0 0.0 0.897 0.034 0.034 0.034 2.0 0.115 0.933 0.031
0.0 0.0 0.0 1.0 0.0 0.0 0.0 0.0 0.0 0.0 0.897 0.034 0.034 0.034 2.0 0.115 0.933 0.031
0.0 0.0 0.0 1.0 0.0 0.0 0.0 0.0 0.0 0.0 0.897 0.034 0.034 0.034 2.0 0.115 0.933 0.031
0.0 0.0 0.0 1.0 0.0 0.0 0.0 0.0 0.0 0.0 0.897 0.034 0.034 0.034 2.0 0.115 0.933 0.031
0.0 0.0 0.0 1.0 0.0 0.0 0.0 0.0 0.0 0.0 0.897 0.034 0.034 0.034 2.0 0.115 0.947 0.031
0.0 1.0 0.0 0.0 0.0 0.0 0.0 0.0 0.0 0.0 0.931 0.069 0.069 0.069 2.0 0.115 0.960 0.031
0.0 0.0 0.0 1.0 0.0 0.0 0.0 0.0 0.0 0.0 0.897 0.103 0.103 0.103 2.0 0.135 0.947 0.031
0.0 0.0 0.0 1.0 0.0 0.0 0.0 0.0 0.0 0.0 0.931 0.034 0.034 0.034 2.0 0.115 0.960 0.031
0.0 0.0 0.0 1.0 0.0 0.0 0.0 0.0 0.0 0.0 0.931 0.034 0.034 0.034 2.0 0.115 0.960 0.031
0.0 0.0 0.0 1.0 0.0 0.0 0.0 0.0 0.0 0.0 0.931 0.034 0.034 0.034 2.0 0.135 0.960 0.031
0.0 0.0 0.0 1.0 0.0 0.0 0.0 0.0 0.0 0.0 0.931 0.034 0.034 0.034 2.0 0.115 0.960 0.031
0.0 0.0 0.0 1.0 0.0 0.0 0.0 0.0 0.0 0.0 0.897 0.034 0.034 0.034 2.0 0.115 0.947 0.031
0.0 0.0 0.0 1.0 0.0 0.0 0.0 0.0 0.0 0.0 0.897 0.034 0.034 0.034 2.0 0.115 0.947 0.031
1.0 0.0 0.0 0.0 0.0 0.0 0.0 0.0 0.0 1.0 0.966 0.000 0.000 0.000 1.0 0.077 0.987 0.031
1.0 0.0 0.0 0.0 0.0 0.0 0.0 0.0 0.0 1.0 0.966 0.000 0.000 0.000 1.0 0.077 0.987 0.031
1.0 0.0 0.0 0.0 0.0 0.0 0.0 0.0 0.0 1.0 0.966 0.000 0.000 0.000 1.0 0.077 0.987 0.031
1.0 0.0 0.0 0.0 0.0 0.0 0.0 0.0 0.0 1.0 0.966 0.000 0.000 0.000 1.0 0.077 0.987 0.031
1.0 0.0 0.0 0.0 0.0 0.0 0.0 0.0 0.0 1.0 0.966 0.000 0.000 0.000 1.0 0.077 0.973 0.031
1.0 0.0 0.0 0.0 0.0 0.0 0.0 0.0 0.0 1.0 0.966 0.000 0.000 0.000 1.0 0.077 0.973 0.031
1.0 0.0 0.0 0.0 0.0 0.0 0.0 0.0 0.0 1.0 0.966 0.000 0.000 0.000 1.0 0.077 0.973 0.031
1.0 0.0 0.0 0.0 0.0 0.0 0.0 0.0 0.0 1.0 1.000 0.000 0.000 0.000 1.0 0.058 0.987 0.031
1.0 0.0 0.0 0.0 0.0 0.0 0.0 0.0 0.0 1.0 1.000 0.000 0.000 0.000 1.0 0.077 0.987 0.031
1.0 0.0 0.0 0.0 0.0 0.0 0.0 0.0 0.0 1.0 0.966 0.000 0.000 0.000 1.0 0.077 0.973 0.031
1.0 0.0 0.0 0.0 0.0 0.0 0.0 0.0 0.0 1.0 1.000 0.000 0.000 0.000 1.0 0.058 0.987 0.031
1.0 0.0 0.0 0.0 0.0 0.0 0.0 0.0 0.0 1.0 0.966 0.000 0.000 0.000 1.0 0.077 0.973 0.031
1.0 0.0 0.0 0.0 0.0 0.0 0.0 0.0 0.0 1.0 0.966 0.000 0.000 0.000 1.0 0.077 0.987 0.031
1.0 0.0 0.0 0.0 0.0 0.0 0.0 0.0 0.0 1.0 0.966 0.000 0.000 0.000 1.0 0.077 0.987 0.031
1.0 0.0 0.0 0.0 0.0 0.0 0.0 0.0 0.0 1.0 1.000 0.000 0.000 0.000 1.0 0.077 1.000 0.031
1.0 0.0 0.0 0.0 0.0 0.0 0.0 0.0 0.0 1.0 0.966 0.000 0.000 0.000 1.0 0.077 0.987 0.031
1.0 0.0 0.0 0.0 0.0 0.0 0.0 0.0 0.0 1.0 0.966 0.000 0.000 0.000 1.0 0.077 0.960 0.031
1.0 0.0 0.0 0.0 0.0 0.0 0.0 0.0 0.0 1.0 0.931 0.000 0.000 0.000 1.0 0.077 0.947 0.031
1.0 0.0 0.0 0.0 0.0 0.0 0.0 0.0 0.0 1.0 0.931 0.000 0.000 0.000 1.0 0.077 0.947 0.031
1.0 0.0 0.0 0.0 0.0 0.0 0.0 0.0 0.0 1.0 0.966 0.000 0.000 0.000 1.0 0.077 0.960 0.031
1.0 0.0 0.0 0.0 0.0 0.0 0.0 0.0 0.0 1.0 0.931 0.000 0.000 0.000 1.0 0.077 0.933 0.031
1.0 0.0 0.0 0.0 0.0 0.0 0.0 0.0 0.0 1.0 0.931 0.000 0.000 0.000 1.0 0.077 0.933 0.031
1.0 0.0 0.0 0.0 0.0 0.0 0.0 0.0 0.0 1.0 0.931 0.000 0.000 0.000 1.0 0.077 0.933 0.031
1.0 0.0 0.0 0.0 0.0 0.0 0.0 0.0 0.0 1.0 0.931 0.000 0.000 0.000 1.0 0.077 0.933 0.031
1.0 0.0 0.0 0.0 0.0 0.0 0.0 0.0 0.0 1.0 0.931 0.000 0.000 0.000 1.0 0.077 0.947 0.031
0.0 1.0 0.0 0.0 0.0 0.0 0.0 0.0 0.0 1.0 1.000 0.000 0.000 0.000 2.0 0.058 0.973 0.031
1.0 0.0 0.0 0.0 0.0 0.0 0.0 0.0 0.0 0.0 0.966 0.034 0.034 0.034 1.0 0.077 0.960 0.031
1.0 0.0 0.0 0.0 0.0 0.0 0.0 0.0 0.0 1.0 0.966 0.000 0.000 0.000 1.0 0.077 0.960 0.031
1.0 0.0 0.0 0.0 0.0 0.0 0.0 0.0 0.0 1.0 0.966 0.000 0.000 0.000 1.0 0.077 0.960 0.031
1.0 0.0 0.0 0.0 0.0 0.0 0.0 0.0 0.0 1.0 0.966 0.000 0.000 0.000 1.0 0.077 0.960 0.031
1.0 0.0 0.0 0.0 0.0 0.0 0.0 0.0 0.0 1.0 0.966 0.000 0.000 0.000 1.0 0.077 0.960 0.031
1.0 0.0 0.0 0.0 0.0 0.0 0.0 0.0 0.0 1.0 0.931 0.000 0.000 0.000 1.0 0.077 0.947 0.031
1.0 0.0 0.0 0.0 0.0 0.0 0.0 0.0 0.0 1.0 0.931 0.000 0.000 0.000 1.0 0.077 0.947 0.031
