0.0 1.0 0.0 0.0 0.0 0.0 0.0 0.0 0.0 0.0 0.545 0.152 0.455 0.307 1.0 0.180 0.846 0.121
0.0 0.0 0.0 1.0 0.0 0.0 0.0 0.0 0.0 1.0 0.515 0.000 0.000 0.000 2.0 0.056 0.462 0.015
0.0 0.0 0.0 1.0 0.0 0.0 0.0 0.0 0.0 1.0 0.515 0.000 0.000 0.000 2.0 0.056 0.462 0.015
0.0 1.0 0.0 0.0 0.0 0.0 0.0 0.0 0.0 1.0 0.545 0.000 0.000 0.000 1.0 0.045 0.462 0.015
0.0 0.0 1.0 0.0 0.0 0.0 0.0 0.0 0.0 0.0 0.515 0.030 0.030 0.030 2.0 0.067 0.462 0.015
0.0 0.0 0.0 1.0 0.0 0.0 0.0 0.0 0.0 1.0 0.545 0.000 0.000 0.000 2.0 0.056 0.462 0.015
0.0 0.0 0.0 1.0 0.0 0.0 0.0 0.0 0.0 1.0 0.515 0.000 0.000 0.000 2.0 0.056 0.462 0.015
0.0 1.0 0.0 0.0 0.0 0.0 0.0 0.0 0.0 1.0 0.576 0.000 0.000 0.000 1.0 0.045 0.462 0.015
0.0 0.0 1.0 0.0 0.0 0.0 0.0 0.0 0.0 0.0 0.545 0.030 0.030 0.030 2.0 0.067 0.462 0.015
0.0 0.0 0.0 1.0 0.0 0.0 0.0 0.0 0.0 1.0 0.515 0.000 0.000 0.000 2.0 0.056 0.462 0.015
0.0 0.0 0.0 1.0 0.0 0.0 0.0 0.0 0.0 1.0 0.515 0.000 0.000 0.000 2.0 0.056 0.462 0.015
0.0 0.0 0.0 1.0 0.0 0.0 0.0 0.0 0.0 1.0 0.545 0.000 0.000 0.000 2.0 0.056 0.667 0.015
0.0 0.0 0.0 1.0 0.0 0.0 0.0 0.0 0.0 1.0 0.515 0.000 0.000 0.000 2.0 0.056 0.667 0.015
0.0 0.0 0.0 1.0 0.0 0.0 0.0 0.0 0.0 1.0 0.545 0.000 0.000 0.000 2.0 0.056 0.667 0.015
0.0 0.0 0.0 1.0 0.0 0.0 0.0 0.0 0.0 1.0 0.515 0.000 0.000 0.000 2.0 0.056 0.667 0.015
0.0 1.0 0.0 0.0 0.0 0.0 0.0 0.0 0.0 1.0 0.576 0.000 0.000 0.000 1.0 0.045 0.667 0.015
0.0 0.0 0.0 1.0 0.0 0.0 0.0 0.0 0.0 0.0 0.545 0.030 0.030 0.030 2.0 0.067 0.667 0.015
0.0 1.0 0.0 0.0 0.0 0.0 0.0 0.0 0.0 1.0 0.576 0.000 0.000 0.000 1.0 0.045 0.667 0.015
0.0 0.0 1.0 0.0 0.0 0.0 0.0 0.0 0.0 0.0 0.545 0.030 0.030 0.030 2.0 0.067 0.667 0.015
0.0 1.0 0.0 0.0 0.0 0.0 0.0 0.0 0.0 1.0 0.545 0.000 0.000 0.000 1.0 0.045 0.667 0.015
0.0 0.0 0.0 1.0 0.0 0.0 0.0 0.0 0.0 0.0 0.515 0.030 0.030 0.030 2.0 0.067 0.667 0.015
0.0 0.0 0.0 1.0 0.0 0.0 0.0 0.0 0.0 1.0 0.515 0.000 0.000 0.000 2.0 0.056 0.667 0.015
0.0 0.0 0.0 1.0 0.0 0.0 0.0 0.0 0.0 1.0 0.182 0.000 0.000 0.000 2.0 0.056 0.128 0.015
0.0 0.0 0.0 1.0 0.0 0.0 0.0 0.0 0.0 1.0 0.182 0.000 0.000 0.000 2.0 0.056 0.128 0.015
0.0 0.0 0.0 1.0 0.0 0.0 0.0 0.0 0.0 1.0 0.182 0.000 0.000 0.000 2.0 0.056 0.128 0.015
0.0 0.0 0.0 1.0 0.0 0.0 0.0 0.0 0.0 1.0 0.182 0.000 0.000 0.000 2.0 0.056 0.128 0.015
0.0 0.0 0.0 1.0 0.0 0.0 0.0 0.0 0.0 1.0 0.182 0.000 0.000 0.000 2.0 0.056 0.128 0.015
0.0 0.0 0.0 1.0 0.0 0.0 0.0 0.0 0.0 1.0 0.182 0.000 0.000 0.000 2.0 0.056 0.128 0.015
0.0 0.0 0.0 1.0 0.0 0.0 0.0 0.0 0.0 1.0 0.212 0.000 0.000 0.000 2.0 0.056 0.128 0.015
0.0 1.0 0.0 0.0 0.0 0.0 0.0 0.0 0.0 1.0 0.212 0.000 0.000 0.000 1.0 0.045 0.128 0.015
0.0 0.0 1.0 0.0 0.0 0.0 0.0 0.0 0.0 0.0 0.182 0.030 0.030 0.030 2.0 0.067 0.128 0.015
0.0 0.0 0.0 1.0 0.0 0.0 0.0 0.0 0.0 1.0 0.212 0.000 0.000 0.000 2.0 0.056 0.103 0.015
0.0 0.0 0.0 1.0 0.0 0.0 0.0 0.0 0.0 1.0 0.212 0.000 0.000 0.000 2.0 0.056 0.103 0.015
0.0 0.0 0.0 1.0 0.0 0.0 0.0 0.0 0.0 1.0 0.212 0.000 0.000 0.000 2.0 0.056 0.103 0.015
0.0 0.0 0.0 1.0 0.0 0.0 0.0 0.0 0.0 1.0 0.212 0.000 0.000 0.000 2.0 0.056 0.103 0.015
0.0 0.0 0.0 1.0 0.0 0.0 0.0 0.0 0.0 1.0 0.212 0.000 0.000 0.000 2.0 0.056 0.103 0.015
0.0 0.0 0.0 1.0 0.0 0.0 0.0 0.0 0.0 1.0 0.212 0.000 0.000 0.000 2.0 0.056 0.103 0.015
0.0 0.0 0.0 1.0 0.0 0.0 0.0 0.0 0.0 1.0 0.212 0.000 0.000 0.000 2.0 0.056 0.103 0.015
0.0 0.0 0.0 1.0 0.0 0.0 0.0 0.0 0.0 1.0 0.212 0.000 0.000 0.000 2.0 0.056 0.103 0.015
0.0 0.0 0.0 1.0 0.0 0.0 0.0 0.0 0.0 1.0 0.212 0.000 0.000 0.000 2.0 0.056 0.103 0.015
0.0 0.0 0.0 1.0 0.0 0.0 0.0 0.0 0.0 1.0 0.212 0.000 0.000 0.000 2.0 0.056 0.103 0.015
0.0 0.0 0.0 1.0 0.0 0.0 0.0 0.0 0.0 1.0 0.212 0.000 0.000 0.000 2.0 0.056 0.103 0.015
0.0 0.0 0.0 1.0 0.0 0.0 0.0 0.0 0.0 1.0 0.212 0.000 0.000 0.000 2.0 0.056 0.103 0.015
0.0 0.0 0.0 1.0 0.0 0.0 0.0 0.0 0.0 1.0 0.212 0.000 0.000 0.000 2.0 0.056 0.103 0.015
0.0 0.0 0.0 1.0 0.0 0.0 0.0 0.0 0.0 1.0 0.212 0.000 0.000 0.000 2.0 0.056 0.103 0.015
0.0 0.0 0.0 1.0 0.0 0.0 0.0 0.0 0.0 1.0 0.212 0.000 0.000 0.000 2.0 0.056 0.103 0.015
0.0 0.0 0.0 1.0 0.0 0.0 0.0 0.0 0.0 1.0 0.242 0.000 0.000 0.000 2.0 0.056 0.103 0.015
0.0 0.0 0.0 1.0 0.0 0.0 0.0 0.0 0.0 1.0 0.212 0.000 0.000 0.000 2.0 0.056 0.103 0.015
0.0 0.0 0.0 1.0 0.0 0.0 0.0 0.0 0.0 1.0 0.212 0.000 0.000 0.000 2.0 0.056 0.103 0.015
0.0 0.0 0.0 1.0 0.0 0.0 0.0 0.0 0.0 1.0 0.212 0.000 0.000 0.000 2.0 0.056 0.103 0.015
0.0 0.0 0.0 1.0 0.0 0.0 0.0 0.0 0.0 1.0 0.212 0.000 0.000 0.000 2.0 0.056 0.103 0.015
0.0 1.0 0.0 0.0 0.0 0.0 0.0 0.0 0.0 1.0 0.242 0.000 0.000 0.000 1.0 0.045 0.103 0.015
0.0 0.0 0.0 1.0 0.0 0.0 0.0 0.0 0.0 0.0 0.212 0.030 0.030 0.030 2.0 0.067 0.103 0.015
0.0 1.0 0.0 0.0 0.0 0.0 0.0 0.0 0.0 1.0 0.242 0.000 0.000 0.000 1.0 0.045 0.103 0.015
0.0 0.0 0.0 1.0 0.0 0.0 0.0 0.0 0.0 0.0 0.212 0.030 0.030 0.030 2.0 0.067 0.103 0.015
0.0 0.0 0.0 1.0 0.0 0.0 0.0 0.0 0.0 1.0 0.242 0.000 0.000 0.000 2.0 0.056 0.103 0.015
0.0 0.0 0.0 1.0 0.0 0.0 0.0 0.0 0.0 1.0 0.212 0.000 0.000 0.000 2.0 0.056 0.103 0.015
0.0 0.0 0.0 1.0 0.0 0.0 0.0 0.0 0.0 1.0 0.212 0.000 0.000 0.000 2.0 0.056 0.103 0.015
0.0 1.0 0.0 0.0 0.0 0.0 0.0 0.0 0.0 1.0 0.242 0.000 0.000 0.000 1.0 0.045 0.103 0.015
0.0 0.0 0.0 1.0 0.0 0.0 0.0 0.0 0.0 0.0 0.212 0.030 0.030 0.030 2.0 0.067 0.103 0.015
0.0 0.0 0.0 1.0 0.0 0.0 0.0 0.0 0.0 1.0 0.212 0.000 0.000 0.000 2.0 0.056 0.103 0.015
0.0 0.0 0.0 1.0 0.0 0.0 0.0 0.0 0.0 1.0 0.212 0.000 0.000 0.000 2.0 0.056 0.103 0.015
0.0 0.0 0.0 1.0 0.0 0.0 0.0 0.0 0.0 1.0 0.242 0.000 0.000 0.000 2.0 0.056 0.103 0.015
0.0 0.0 0.0 1.0 0.0 0.0 0.0 0.0 0.0 1.0 0.212 0.000 0.000 0.000 2.0 0.056 0.103 0.015
0.0 0.0 0.0 1.0 0.0 0.0 0.0 0.0 0.0 1.0 0.212 0.000 0.000 0.000 2.0 0.056 0.103 0.015
0.0 0.0 0.0 1.0 0.0 0.0 0.0 0.0 0.0 1.0 0.212 0.000 0.000 0.000 2.0 0.056 0.103 0.015
0.0 0.0 0.0 1.0 0.0 0.0 0.0 0.0 0.0 1.0 0.970 0.000 0.000 0.000 4.0 0.124 1.000 0.015
0.0 0.0 0.0 0.0 1.0 0.0 0.0 0.0 0.0 1.0 0.121 0.000 0.879 0.218 2.0 0.888 0.051 0.621
0.0 0.0 0.0 1.0 0.0 0.0 0.0 0.0 0.0 1.0 0.970 0.000 0.000 0.000 4.0 0.124 1.000 0.015
0.0 0.0 0.0 1.0 0.0 0.0 0.0 0.0 0.0 1.0 1.000 0.000 0.000 0.000 4.0 0.112 1.000 0.015
0.0 0.0 1.0 0.0 0.0 0.0 0.0 0.0 0.0 0.0 0.970 0.030 0.030 0.030 2.0 0.112 0.949 0.015
0.0 0.0 0.0 1.0 0.0 0.0 0.0 0.0 0.0 1.0 0.909 0.000 0.000 0.000 4.0 0.112 1.000 0.015
0.0 0.0 1.0 0.0 0.0 0.0 0.0 0.0 0.0 0.0 0.879 0.030 0.030 0.030 2.0 0.124 0.949 0.015
0.0 0.0 0.0 1.0 0.0 0.0 0.0 0.0 0.0 1.0 0.818 0.000 0.000 0.000 4.0 0.112 1.000 0.015
0.0 0.0 1.0 0.0 0.0 0.0 0.0 0.0 0.0 0.0 0.788 0.030 0.030 0.030 2.0 0.124 0.949 0.015
0.0 0.0 0.0 1.0 0.0 0.0 0.0 0.0 0.0 1.0 0.758 0.000 0.000 0.000 4.0 0.112 1.000 0.015
0.0 0.0 1.0 0.0 0.0 0.0 0.0 0.0 0.0 0.0 0.727 0.030 0.030 0.030 2.0 0.124 0.949 0.015
0.0 0.0 0.0 1.0 0.0 0.0 0.0 0.0 0.0 1.0 0.697 0.000 0.000 0.000 4.0 0.112 1.000 0.015
0.0 0.0 1.0 0.0 0.0 0.0 0.0 0.0 0.0 0.0 0.667 0.030 0.030 0.030 2.0 0.124 0.949 0.015
0.0 0.0 0.0 1.0 0.0 0.0 0.0 0.0 0.0 1.0 0.697 0.000 0.000 0.000 4.0 0.112 1.000 0.015
0.0 0.0 1.0 0.0 0.0 0.0 0.0 0.0 0.0 0.0 0.667 0.030 0.030 0.030 2.0 0.112 0.949 0.015
0.0 1.0 0.0 0.0 0.0 0.0 0.0 0.0 1.0 0.0 0.030 0.030 0.970 0.334 1.0 0.607 0.026 1.000
0.0 1.0 0.0 0.0 0.0 0.0 0.0 0.0 1.0 0.0 0.030 0.030 0.970 0.334 1.0 0.124 0.026 1.000
0.0 1.0 0.0 0.0 0.0 0.0 0.0 0.0 0.0 0.0 0.364 0.152 0.212 0.178 1.0 0.124 0.410 0.121
0.0 0.0 1.0 0.0 0.0 0.0 0.0 0.0 1.0 0.0 0.061 0.121 0.152 0.129 2.0 0.213 0.077 0.121
0.0 0.0 1.0 0.0 0.0 0.0 0.0 0.0 1.0 0.0 0.061 0.061 0.939 0.279 2.0 0.820 0.051 0.621
0.0 0.0 0.0 0.0 0.0 1.0 0.0 0.0 0.0 0.0 0.182 0.515 0.818 0.670 2.0 0.640 0.051 0.121
0.0 0.0 1.0 0.0 0.0 0.0 0.0 0.0 0.0 0.0 0.212 0.485 0.788 0.640 2.0 0.427 0.077 0.121
0.0 1.0 0.0 0.0 0.0 0.0 0.0 0.0 1.0 0.0 0.030 0.667 0.970 0.822 1.0 0.101 0.026 0.121
0.0 1.0 0.0 0.0 0.0 0.0 0.0 0.0 1.0 0.0 0.030 0.667 0.970 0.822 1.0 0.461 0.026 0.121
0.0 1.0 0.0 0.0 0.0 0.0 0.0 0.0 0.0 0.0 0.273 0.424 0.727 0.580 1.0 0.225 0.103 0.121
0.0 0.0 0.0 1.0 0.0 0.0 0.0 0.0 0.0 0.0 0.242 0.455 0.758 0.610 2.0 0.202 0.103 0.121
0.0 0.0 1.0 0.0 0.0 0.0 0.0 0.0 1.0 0.0 0.242 0.455 0.758 0.610 3.0 0.247 0.128 0.121
0.0 0.0 1.0 0.0 0.0 0.0 0.0 0.0 0.0 0.0 0.212 0.485 0.788 0.601 2.0 0.281 0.128 0.091
0.0 0.0 1.0 0.0 0.0 0.0 0.0 0.0 0.0 0.0 0.606 0.091 0.394 0.207 2.0 0.303 0.949 0.091
0.0 1.0 0.0 0.0 0.0 0.0 0.0 0.0 0.0 0.0 0.576 0.121 0.424 0.277 1.0 0.213 0.846 0.121
0.0 0.0 1.0 0.0 0.0 0.0 0.0 0.0 0.0 0.0 0.576 0.121 0.424 0.237 2.0 0.292 0.949 0.091
0.0 0.0 0.0 1.0 0.0 0.0 0.0 0.0 0.0 0.0 0.091 0.606 0.909 0.761 2.0 0.180 0.077 0.121
0.0 0.0 0.0 1.0 0.0 0.0 0.0 0.0 0.0 0.0 0.091 0.606 0.909 0.761 2.0 0.191 0.077 0.121
0.0 1.0 0.0 0.0 0.0 0.0 0.0 0.0 0.0 0.0 0.121 0.576 0.879 0.731 1.0 0.191 0.077 0.121
0.0 0.0 1.0 0.0 0.0 0.0 0.0 0.0 0.0 0.0 0.091 0.606 0.909 0.761 2.0 0.101 0.077 0.121
0.0 0.0 0.0 1.0 0.0 0.0 0.0 0.0 0.0 0.0 0.091 0.606 0.909 0.761 2.0 0.180 0.077 0.121
0.0 0.0 0.0 1.0 0.0 0.0 0.0 0.0 0.0 0.0 0.091 0.606 0.909 0.761 2.0 0.191 0.077 0.121
0.0 0.0 0.0 1.0 0.0 0.0 0.0 0.0 0.0 0.0 0.091 0.606 0.909 0.761 2.0 0.180 0.077 0.121
0.0 0.0 0.0 1.0 0.0 0.0 0.0 0.0 0.0 0.0 0.091 0.606 0.909 0.761 2.0 0.191 0.077 0.121
0.0 0.0 0.0 1.0 0.0 0.0 0.0 0.0 0.0 0.0 0.091 0.606 0.909 0.761 2.0 0.169 0.077 0.121
0.0 0.0 0.0 1.0 0.0 0.0 0.0 0.0 0.0 0.0 0.091 0.606 0.909 0.761 2.0 0.191 0.077 0.121
0.0 0.0 0.0 1.0 0.0 0.0 0.0 0.0 0.0 0.0 0.091 0.606 0.909 0.761 2.0 0.180 0.077 0.121
0.0 0.0 0.0 1.0 0.0 0.0 0.0 0.0 0.0 0.0 0.121 0.576 0.879 0.731 2.0 0.180 0.077 0.121
0.0 0.0 0.0 1.0 0.0 0.0 0.0 0.0 0.0 0.0 0.091 0.606 0.909 0.761 2.0 0.180 0.077 0.121
0.0 1.0 0.0 0.0 0.0 0.0 0.0 0.0 0.0 0.0 0.121 0.576 0.879 0.731 1.0 0.247 0.077 0.121
0.0 0.0 0.0 1.0 0.0 0.0 0.0 0.0 0.0 0.0 0.091 0.606 0.909 0.761 2.0 0.135 0.077 0.121
0.0 0.0 0.0 1.0 0.0 0.0 0.0 0.0 0.0 0.0 0.121 0.576 0.879 0.731 2.0 0.180 0.077 0.121
0.0 0.0 0.0 1.0 0.0 0.0 0.0 0.0 0.0 0.0 0.091 0.606 0.909 0.761 2.0 0.157 0.077 0.121
0.0 0.0 0.0 1.0 0.0 0.0 0.0 0.0 0.0 0.0 0.091 0.606 0.909 0.761 2.0 0.169 0.077 0.121
0.0 0.0 1.0 0.0 0.0 0.0 0.0 0.0 0.0 1.0 0.061 0.000 0.515 0.345 2.0 0.146 0.051 0.379
0.0 1.0 0.0 0.0 0.0 0.0 0.0 0.0 0.0 0.0 0.091 0.091 0.485 0.330 1.0 0.382 0.051 0.364
0.0 1.0 0.0 0.0 0.0 0.0 0.0 0.0 0.0 0.0 0.091 0.030 0.909 0.248 1.0 0.067 0.051 0.621
0.0 0.0 0.0 1.0 0.0 0.0 0.0 0.0 1.0 0.0 0.061 0.061 0.939 0.279 2.0 0.067 0.051 0.621
0.0 1.0 0.0 0.0 0.0 0.0 0.0 0.0 0.0 0.0 0.152 0.061 0.848 0.193 1.0 1.000 0.051 0.606
0.0 1.0 0.0 0.0 0.0 0.0 0.0 0.0 0.0 0.0 0.394 0.121 0.182 0.136 1.0 0.067 0.436 0.121
0.0 0.0 0.0 1.0 0.0 0.0 0.0 0.0 1.0 0.0 0.364 0.152 0.212 0.167 2.0 0.090 0.436 0.121
0.0 1.0 0.0 0.0 0.0 0.0 0.0 0.0 0.0 0.0 0.455 0.061 0.121 0.076 1.0 0.225 0.462 0.121
0.0 0.0 0.0 1.0 0.0 0.0 0.0 0.0 0.0 0.0 0.424 0.091 0.152 0.106 2.0 0.191 0.462 0.121
0.0 0.0 0.0 0.0 1.0 0.0 0.0 0.0 1.0 0.0 0.364 0.152 0.212 0.167 2.0 0.180 0.436 0.121
0.0 0.0 0.0 1.0 0.0 0.0 0.0 0.0 0.0 0.0 0.394 0.121 0.182 0.136 2.0 0.258 0.462 0.121
0.0 1.0 0.0 0.0 0.0 0.0 0.0 0.0 0.0 0.0 0.455 0.061 0.061 0.061 1.0 0.056 0.462 0.015
0.0 0.0 1.0 0.0 0.0 0.0 0.0 0.0 1.0 0.0 0.424 0.091 0.091 0.091 2.0 0.146 0.462 0.015
0.0 0.0 0.0 1.0 0.0 0.0 0.0 0.0 1.0 0.0 0.485 0.030 0.030 0.030 2.0 0.135 0.462 0.015
0.0 0.0 0.0 1.0 0.0 0.0 0.0 0.0 1.0 0.0 0.424 0.091 0.091 0.091 2.0 0.146 0.462 0.015
0.0 0.0 0.0 1.0 0.0 0.0 0.0 0.0 1.0 0.0 0.485 0.030 0.030 0.030 2.0 0.135 0.462 0.015
0.0 0.0 0.0 1.0 0.0 0.0 0.0 0.0 1.0 0.0 0.424 0.121 0.121 0.121 2.0 0.157 0.462 0.015
0.0 0.0 0.0 1.0 0.0 0.0 0.0 0.0 1.0 0.0 0.485 0.061 0.061 0.061 2.0 0.146 0.462 0.015
0.0 0.0 0.0 1.0 0.0 0.0 0.0 0.0 1.0 0.0 0.424 0.121 0.121 0.121 2.0 0.146 0.462 0.015
0.0 1.0 0.0 0.0 0.0 0.0 0.0 0.0 0.0 0.0 0.515 0.030 0.030 0.030 1.0 0.056 0.462 0.015
0.0 0.0 0.0 1.0 0.0 0.0 0.0 0.0 1.0 0.0 0.485 0.061 0.061 0.061 2.0 0.135 0.462 0.015
0.0 0.0 0.0 1.0 0.0 0.0 0.0 0.0 1.0 0.0 0.424 0.091 0.091 0.091 2.0 0.146 0.462 0.015
0.0 0.0 0.0 1.0 0.0 0.0 0.0 0.0 1.0 0.0 0.485 0.030 0.030 0.030 2.0 0.135 0.462 0.015
0.0 0.0 0.0 1.0 0.0 0.0 0.0 0.0 1.0 0.0 0.424 0.152 0.152 0.152 2.0 0.157 0.462 0.015
0.0 1.0 0.0 0.0 0.0 0.0 0.0 0.0 0.0 0.0 0.515 0.061 0.061 0.061 1.0 0.067 0.462 0.015
0.0 0.0 1.0 0.0 0.0 0.0 0.0 0.0 1.0 0.0 0.485 0.091 0.091 0.091 2.0 0.135 0.462 0.015
0.0 1.0 0.0 0.0 0.0 0.0 0.0 0.0 0.0 0.0 0.455 0.061 0.061 0.061 1.0 0.056 0.462 0.015
0.0 0.0 1.0 0.0 0.0 0.0 0.0 0.0 1.0 0.0 0.424 0.091 0.091 0.091 2.0 0.146 0.462 0.015
0.0 0.0 0.0 1.0 0.0 0.0 0.0 0.0 1.0 0.0 0.485 0.030 0.030 0.030 2.0 0.135 0.462 0.015
0.0 0.0 0.0 1.0 0.0 0.0 0.0 0.0 1.0 0.0 0.424 0.091 0.091 0.091 2.0 0.146 0.462 0.015
0.0 0.0 0.0 1.0 0.0 0.0 0.0 0.0 1.0 0.0 0.485 0.030 0.030 0.030 2.0 0.135 0.462 0.015
0.0 0.0 0.0 1.0 0.0 0.0 0.0 0.0 0.0 0.0 0.394 0.121 0.182 0.148 2.0 0.112 0.615 0.121
0.0 0.0 0.0 1.0 0.0 0.0 0.0 0.0 0.0 0.0 0.424 0.091 0.152 0.117 2.0 0.213 0.641 0.121
0.0 0.0 0.0 1.0 0.0 0.0 0.0 0.0 0.0 0.0 0.455 0.061 0.121 0.087 2.0 0.270 0.667 0.121
0.0 0.0 0.0 1.0 0.0 0.0 0.0 0.0 1.0 0.0 0.394 0.121 0.182 0.148 3.0 0.191 0.641 0.121
0.0 0.0 0.0 1.0 0.0 0.0 0.0 0.0 0.0 0.0 0.424 0.091 0.152 0.117 2.0 0.281 0.667 0.121
0.0 1.0 0.0 0.0 0.0 0.0 0.0 0.0 0.0 0.0 0.485 0.061 0.061 0.061 1.0 0.056 0.667 0.015
0.0 0.0 1.0 0.0 0.0 0.0 0.0 0.0 1.0 0.0 0.455 0.091 0.091 0.091 2.0 0.146 0.667 0.015
0.0 1.0 0.0 0.0 0.0 0.0 0.0 0.0 0.0 0.0 0.515 0.030 0.030 0.030 1.0 0.056 0.667 0.015
0.0 0.0 1.0 0.0 0.0 0.0 0.0 0.0 1.0 0.0 0.485 0.061 0.061 0.061 2.0 0.146 0.667 0.015
0.0 0.0 0.0 1.0 0.0 0.0 0.0 0.0 1.0 0.0 0.455 0.061 0.061 0.061 2.0 0.146 0.667 0.015
0.0 0.0 0.0 1.0 0.0 0.0 0.0 0.0 1.0 0.0 0.485 0.030 0.030 0.030 2.0 0.146 0.667 0.015
0.0 0.0 0.0 1.0 0.0 0.0 0.0 0.0 1.0 0.0 0.455 0.091 0.091 0.091 2.0 0.146 0.667 0.015
0.0 1.0 0.0 0.0 0.0 0.0 0.0 0.0 0.0 0.0 0.515 0.030 0.030 0.030 1.0 0.056 0.667 0.015
0.0 0.0 1.0 0.0 0.0 0.0 0.0 0.0 1.0 0.0 0.485 0.061 0.061 0.061 2.0 0.146 0.667 0.015
0.0 0.0 0.0 1.0 0.0 0.0 0.0 0.0 1.0 0.0 0.455 0.061 0.061 0.061 2.0 0.146 0.667 0.015
0.0 0.0 0.0 1.0 0.0 0.0 0.0 0.0 1.0 0.0 0.485 0.030 0.030 0.030 2.0 0.146 0.667 0.015
0.0 0.0 0.0 1.0 0.0 0.0 0.0 0.0 1.0 0.0 0.455 0.121 0.121 0.121 2.0 0.157 0.667 0.015
0.0 1.0 0.0 0.0 0.0 0.0 0.0 0.0 0.0 0.0 0.515 0.061 0.061 0.061 1.0 0.067 0.667 0.015
0.0 0.0 0.0 1.0 0.0 0.0 0.0 0.0 1.0 0.0 0.485 0.091 0.091 0.091 2.0 0.146 0.667 0.015
0.0 0.0 0.0 1.0 0.0 0.0 0.0 0.0 1.0 0.0 0.455 0.121 0.121 0.121 2.0 0.157 0.667 0.015
0.0 1.0 0.0 0.0 0.0 0.0 0.0 0.0 0.0 0.0 0.515 0.061 0.061 0.061 1.0 0.067 0.667 0.015
0.0 0.0 0.0 1.0 0.0 0.0 0.0 0.0 1.0 0.0 0.485 0.091 0.091 0.091 2.0 0.146 0.667 0.015
0.0 0.0 0.0 1.0 0.0 0.0 0.0 0.0 1.0 0.0 0.455 0.091 0.091 0.091 2.0 0.157 0.667 0.015
0.0 0.0 0.0 1.0 0.0 0.0 0.0 0.0 1.0 0.0 0.485 0.061 0.061 0.061 2.0 0.157 0.667 0.015
0.0 1.0 0.0 0.0 0.0 0.0 0.0 0.0 0.0 0.0 0.485 0.030 0.030 0.030 1.0 0.056 0.667 0.015
0.0 0.0 1.0 0.0 0.0 0.0 0.0 0.0 1.0 0.0 0.455 0.061 0.061 0.061 2.0 0.146 0.667 0.015
0.0 0.0 0.0 1.0 0.0 0.0 0.0 0.0 1.0 0.0 0.485 0.030 0.030 0.030 2.0 0.146 0.667 0.015
0.0 0.0 0.0 0.0 1.0 0.0 0.0 0.0 1.0 0.0 0.030 0.152 0.182 0.159 2.0 0.225 0.051 0.121
0.0 0.0 0.0 1.0 0.0 0.0 0.0 0.0 0.0 0.0 0.121 0.061 0.091 0.068 2.0 0.258 0.077 0.121
0.0 0.0 0.0 1.0 0.0 0.0 0.0 0.0 1.0 0.0 0.091 0.091 0.091 0.091 2.0 0.135 0.103 0.015
0.0 0.0 0.0 1.0 0.0 0.0 0.0 0.0 1.0 0.0 0.152 0.030 0.030 0.030 2.0 0.146 0.103 0.015
0.0 0.0 0.0 1.0 0.0 0.0 0.0 0.0 1.0 0.0 0.091 0.091 0.091 0.091 2.0 0.135 0.103 0.015
0.0 0.0 0.0 1.0 0.0 0.0 0.0 0.0 1.0 0.0 0.152 0.030 0.030 0.030 2.0 0.146 0.103 0.015
0.0 0.0 0.0 1.0 0.0 0.0 0.0 0.0 1.0 0.0 0.091 0.091 0.091 0.091 2.0 0.135 0.103 0.015
0.0 0.0 0.0 1.0 0.0 0.0 0.0 0.0 1.0 0.0 0.152 0.030 0.030 0.030 2.0 0.146 0.103 0.015
0.0 0.0 0.0 1.0 0.0 0.0 0.0 0.0 1.0 0.0 0.091 0.091 0.091 0.091 2.0 0.135 0.103 0.015
0.0 0.0 0.0 1.0 0.0 0.0 0.0 0.0 1.0 0.0 0.152 0.030 0.030 0.030 2.0 0.146 0.103 0.015
0.0 0.0 0.0 1.0 0.0 0.0 0.0 0.0 1.0 0.0 0.091 0.091 0.091 0.091 2.0 0.135 0.103 0.015
0.0 0.0 0.0 1.0 0.0 0.0 0.0 0.0 1.0 0.0 0.152 0.030 0.030 0.030 2.0 0.146 0.103 0.015
0.0 0.0 0.0 1.0 0.0 0.0 0.0 0.0 1.0 0.0 0.091 0.091 0.091 0.091 2.0 0.135 0.103 0.015
0.0 0.0 0.0 1.0 0.0 0.0 0.0 0.0 1.0 0.0 0.152 0.030 0.030 0.030 2.0 0.146 0.103 0.015
0.0 0.0 0.0 1.0 0.0 0.0 0.0 0.0 1.0 0.0 0.091 0.121 0.121 0.121 2.0 0.135 0.103 0.015
0.0 1.0 0.0 0.0 0.0 0.0 0.0 0.0 0.0 0.0 0.182 0.030 0.030 0.030 1.0 0.056 0.103 0.015
0.0 0.0 1.0 0.0 0.0 0.0 0.0 0.0 1.0 0.0 0.152 0.061 0.061 0.061 2.0 0.146 0.103 0.015
0.0 0.0 0.0 1.0 0.0 0.0 0.0 0.0 1.0 0.0 0.091 0.121 0.121 0.121 2.0 0.146 0.103 0.015
0.0 0.0 0.0 1.0 0.0 0.0 0.0 0.0 1.0 0.0 0.152 0.061 0.061 0.061 2.0 0.157 0.103 0.015
0.0 0.0 0.0 1.0 0.0 0.0 0.0 0.0 1.0 0.0 0.091 0.121 0.121 0.121 2.0 0.416 0.077 0.015
0.0 0.0 0.0 1.0 0.0 0.0 0.0 0.0 1.0 0.0 0.182 0.030 0.030 0.030 2.0 0.506 0.077 0.015
0.0 0.0 0.0 1.0 0.0 0.0 0.0 0.0 1.0 0.0 0.091 0.121 0.121 0.121 2.0 0.416 0.077 0.015
0.0 0.0 0.0 1.0 0.0 0.0 0.0 0.0 1.0 0.0 0.182 0.030 0.030 0.030 2.0 0.506 0.077 0.015
0.0 0.0 0.0 1.0 0.0 0.0 0.0 0.0 1.0 0.0 0.091 0.121 0.121 0.121 2.0 0.416 0.077 0.015
0.0 0.0 0.0 1.0 0.0 0.0 0.0 0.0 1.0 0.0 0.182 0.030 0.030 0.030 2.0 0.506 0.077 0.015
0.0 0.0 0.0 1.0 0.0 0.0 0.0 0.0 1.0 0.0 0.091 0.121 0.121 0.121 2.0 0.416 0.077 0.015
0.0 0.0 0.0 1.0 0.0 0.0 0.0 0.0 1.0 0.0 0.182 0.030 0.030 0.030 2.0 0.506 0.077 0.015
0.0 0.0 0.0 1.0 0.0 0.0 0.0 0.0 1.0 0.0 0.091 0.121 0.121 0.121 2.0 0.416 0.077 0.015
0.0 0.0 0.0 1.0 0.0 0.0 0.0 0.0 1.0 0.0 0.182 0.030 0.030 0.030 2.0 0.506 0.077 0.015
0.0 0.0 0.0 1.0 0.0 0.0 0.0 0.0 1.0 0.0 0.091 0.121 0.121 0.121 2.0 0.416 0.077 0.015
0.0 0.0 0.0 1.0 0.0 0.0 0.0 0.0 1.0 0.0 0.182 0.030 0.030 0.030 2.0 0.506 0.077 0.015
0.0 0.0 0.0 1.0 0.0 0.0 0.0 0.0 1.0 0.0 0.091 0.121 0.121 0.121 2.0 0.416 0.077 0.015
0.0 0.0 0.0 1.0 0.0 0.0 0.0 0.0 1.0 0.0 0.182 0.030 0.030 0.030 2.0 0.506 0.077 0.015
0.0 0.0 0.0 1.0 0.0 0.0 0.0 0.0 1.0 0.0 0.091 0.121 0.121 0.121 2.0 0.416 0.077 0.015
0.0 0.0 0.0 1.0 0.0 0.0 0.0 0.0 1.0 0.0 0.182 0.030 0.030 0.030 2.0 0.506 0.077 0.015
0.0 0.0 0.0 1.0 0.0 0.0 0.0 0.0 1.0 0.0 0.091 0.121 0.121 0.121 2.0 0.416 0.077 0.015
0.0 0.0 0.0 1.0 0.0 0.0 0.0 0.0 1.0 0.0 0.182 0.030 0.030 0.030 2.0 0.506 0.077 0.015
0.0 0.0 0.0 1.0 0.0 0.0 0.0 0.0 1.0 0.0 0.091 0.121 0.121 0.121 2.0 0.416 0.077 0.015
0.0 0.0 0.0 1.0 0.0 0.0 0.0 0.0 1.0 0.0 0.182 0.030 0.030 0.030 2.0 0.506 0.077 0.015
0.0 0.0 0.0 1.0 0.0 0.0 0.0 0.0 1.0 0.0 0.091 0.121 0.121 0.121 2.0 0.416 0.077 0.015
0.0 0.0 0.0 1.0 0.0 0.0 0.0 0.0 1.0 0.0 0.182 0.030 0.030 0.030 2.0 0.506 0.077 0.015
0.0 0.0 0.0 1.0 0.0 0.0 0.0 0.0 1.0 0.0 0.091 0.121 0.121 0.121 2.0 0.416 0.077 0.015
0.0 0.0 0.0 1.0 0.0 0.0 0.0 0.0 1.0 0.0 0.182 0.030 0.030 0.030 2.0 0.506 0.077 0.015
0.0 0.0 0.0 1.0 0.0 0.0 0.0 0.0 1.0 0.0 0.091 0.121 0.121 0.121 2.0 0.416 0.077 0.015
0.0 0.0 0.0 1.0 0.0 0.0 0.0 0.0 1.0 0.0 0.182 0.030 0.030 0.030 2.0 0.506 0.077 0.015
0.0 0.0 0.0 1.0 0.0 0.0 0.0 0.0 1.0 0.0 0.091 0.121 0.121 0.121 2.0 0.416 0.077 0.015
0.0 0.0 0.0 1.0 0.0 0.0 0.0 0.0 1.0 0.0 0.182 0.030 0.030 0.030 2.0 0.506 0.077 0.015
0.0 0.0 0.0 1.0 0.0 0.0 0.0 0.0 1.0 0.0 0.091 0.121 0.121 0.121 2.0 0.416 0.077 0.015
0.0 0.0 0.0 1.0 0.0 0.0 0.0 0.0 1.0 0.0 0.182 0.030 0.030 0.030 2.0 0.506 0.077 0.015
0.0 0.0 0.0 1.0 0.0 0.0 0.0 0.0 1.0 0.0 0.091 0.152 0.152 0.152 2.0 0.416 0.077 0.015
0.0 1.0 0.0 0.0 0.0 0.0 0.0 0.0 0.0 0.0 0.212 0.030 0.030 0.030 1.0 0.056 0.077 0.015
0.0 0.0 0.0 1.0 0.0 0.0 0.0 0.0 1.0 0.0 0.182 0.061 0.061 0.061 2.0 0.506 0.077 0.015
0.0 0.0 0.0 1.0 0.0 0.0 0.0 0.0 1.0 0.0 0.091 0.121 0.121 0.121 2.0 0.416 0.077 0.015
0.0 0.0 0.0 1.0 0.0 0.0 0.0 0.0 1.0 0.0 0.182 0.030 0.030 0.030 2.0 0.506 0.077 0.015
0.0 0.0 0.0 1.0 0.0 0.0 0.0 0.0 1.0 0.0 0.091 0.121 0.121 0.121 2.0 0.416 0.077 0.015
0.0 0.0 0.0 1.0 0.0 0.0 0.0 0.0 1.0 0.0 0.182 0.030 0.030 0.030 2.0 0.506 0.077 0.015
0.0 0.0 0.0 1.0 0.0 0.0 0.0 0.0 1.0 0.0 0.091 0.121 0.121 0.121 2.0 0.416 0.077 0.015
0.0 0.0 0.0 1.0 0.0 0.0 0.0 0.0 1.0 0.0 0.182 0.030 0.030 0.030 2.0 0.506 0.077 0.015
0.0 0.0 0.0 1.0 0.0 0.0 0.0 0.0 1.0 0.0 0.091 0.121 0.121 0.121 2.0 0.416 0.077 0.015
0.0 0.0 0.0 1.0 0.0 0.0 0.0 0.0 1.0 0.0 0.182 0.030 0.030 0.030 2.0 0.506 0.077 0.015
0.0 1.0 0.0 0.0 0.0 0.0 0.0 0.0 0.0 0.0 0.121 0.121 0.121 0.121 1.0 0.067 0.077 0.015
0.0 0.0 1.0 0.0 0.0 0.0 0.0 0.0 1.0 0.0 0.091 0.152 0.152 0.152 2.0 0.416 0.077 0.015
0.0 0.0 0.0 1.0 0.0 0.0 0.0 0.0 1.0 0.0 0.182 0.061 0.061 0.061 2.0 0.517 0.077 0.015
0.0 0.0 0.0 1.0 0.0 0.0 0.0 0.0 1.0 0.0 0.091 0.152 0.152 0.152 2.0 0.427 0.077 0.015
0.0 0.0 0.0 1.0 0.0 0.0 0.0 0.0 1.0 0.0 0.182 0.061 0.061 0.061 2.0 0.517 0.077 0.015
0.0 1.0 0.0 0.0 0.0 0.0 0.0 0.0 0.0 0.0 0.121 0.121 0.121 0.121 1.0 0.056 0.077 0.015
0.0 0.0 1.0 0.0 0.0 0.0 0.0 0.0 1.0 0.0 0.091 0.152 0.152 0.152 2.0 0.416 0.077 0.015
0.0 1.0 0.0 0.0 0.0 0.0 0.0 0.0 0.0 0.0 0.212 0.030 0.030 0.030 1.0 0.056 0.077 0.015
0.0 0.0 1.0 0.0 0.0 0.0 0.0 0.0 1.0 0.0 0.182 0.061 0.061 0.061 2.0 0.506 0.077 0.015
0.0 0.0 0.0 1.0 0.0 0.0 0.0 0.0 1.0 0.0 0.091 0.121 0.121 0.121 2.0 0.416 0.077 0.015
0.0 0.0 0.0 1.0 0.0 0.0 0.0 0.0 1.0 0.0 0.182 0.030 0.030 0.030 2.0 0.506 0.077 0.015
0.0 0.0 0.0 1.0 0.0 0.0 0.0 0.0 1.0 0.0 0.091 0.121 0.121 0.121 2.0 0.416 0.077 0.015
0.0 0.0 0.0 1.0 0.0 0.0 0.0 0.0 1.0 0.0 0.182 0.030 0.030 0.030 2.0 0.506 0.077 0.015
0.0 0.0 0.0 1.0 0.0 0.0 0.0 0.0 1.0 0.0 0.091 0.152 0.152 0.152 2.0 0.427 0.077 0.015
0.0 0.0 0.0 1.0 0.0 0.0 0.0 0.0 1.0 0.0 0.182 0.061 0.061 0.061 2.0 0.517 0.077 0.015
0.0 0.0 0.0 1.0 0.0 0.0 0.0 0.0 1.0 0.0 0.091 0.121 0.121 0.121 2.0 0.416 0.077 0.015
0.0 0.0 0.0 1.0 0.0 0.0 0.0 0.0 1.0 0.0 0.182 0.030 0.030 0.030 2.0 0.506 0.077 0.015
0.0 0.0 0.0 1.0 0.0 0.0 0.0 0.0 1.0 0.0 0.091 0.121 0.121 0.121 2.0 0.416 0.077 0.015
0.0 0.0 0.0 1.0 0.0 0.0 0.0 0.0 1.0 0.0 0.182 0.030 0.030 0.030 2.0 0.506 0.077 0.015
0.0 0.0 0.0 1.0 0.0 0.0 0.0 0.0 1.0 0.0 0.091 0.152 0.152 0.152 2.0 0.416 0.077 0.015
0.0 1.0 0.0 0.0 0.0 0.0 0.0 0.0 0.0 0.0 0.212 0.030 0.030 0.030 1.0 0.056 0.077 0.015
0.0 0.0 1.0 0.0 0.0 0.0 0.0 0.0 1.0 0.0 0.182 0.061 0.061 0.061 2.0 0.506 0.077 0.015
0.0 0.0 0.0 1.0 0.0 0.0 0.0 0.0 1.0 0.0 0.091 0.121 0.121 0.121 2.0 0.416 0.077 0.015
0.0 0.0 0.0 1.0 0.0 0.0 0.0 0.0 1.0 0.0 0.182 0.030 0.030 0.030 2.0 0.506 0.077 0.015
0.0 0.0 0.0 1.0 0.0 0.0 0.0 0.0 1.0 0.0 0.091 0.121 0.121 0.121 2.0 0.416 0.077 0.015
0.0 0.0 0.0 1.0 0.0 0.0 0.0 0.0 1.0 0.0 0.182 0.030 0.030 0.030 2.0 0.506 0.077 0.015
0.0 0.0 0.0 1.0 0.0 0.0 0.0 0.0 1.0 0.0 0.091 0.121 0.121 0.121 2.0 0.416 0.077 0.015
0.0 0.0 0.0 1.0 0.0 0.0 0.0 0.0 1.0 0.0 0.182 0.030 0.030 0.030 2.0 0.506 0.077 0.015
0.0 1.0 0.0 0.0 0.0 0.0 0.0 0.0 0.0 0.0 0.303 0.667 0.667 0.667 1.0 0.090 0.128 0.030
0.0 0.0 0.0 0.0 1.0 0.0 0.0 0.0 1.0 0.0 0.273 0.697 0.697 0.697 3.0 0.090 0.128 0.030
0.0 0.0 0.0 1.0 0.0 0.0 0.0 0.0 1.0 0.0 0.212 0.758 0.758 0.758 2.0 0.112 0.077 0.030
0.0 0.0 0.0 1.0 0.0 0.0 0.0 0.0 0.0 0.0 0.333 0.636 0.636 0.636 2.0 0.135 0.128 0.030
0.0 0.0 0.0 1.0 0.0 0.0 0.0 0.0 0.0 0.0 0.939 0.030 0.030 0.030 3.0 0.169 0.949 0.015
0.0 0.0 0.0 1.0 0.0 0.0 0.0 0.0 1.0 0.0 0.303 0.667 0.667 0.667 2.0 0.157 0.128 0.015
0.0 0.0 0.0 1.0 0.0 0.0 0.0 0.0 1.0 0.0 0.273 0.697 0.697 0.697 2.0 0.157 0.154 0.015
0.0 0.0 0.0 1.0 0.0 0.0 0.0 0.0 1.0 0.0 0.182 0.788 0.788 0.788 2.0 0.528 0.077 0.015
0.0 0.0 0.0 1.0 0.0 0.0 0.0 0.0 0.0 0.0 0.939 0.030 0.030 0.030 3.0 0.169 0.949 0.015
0.0 0.0 0.0 1.0 0.0 0.0 0.0 0.0 1.0 0.0 0.303 0.667 0.667 0.667 2.0 0.157 0.128 0.015
0.0 0.0 0.0 1.0 0.0 0.0 0.0 0.0 1.0 0.0 0.273 0.697 0.697 0.697 2.0 0.157 0.154 0.015
0.0 0.0 0.0 1.0 0.0 0.0 0.0 0.0 1.0 0.0 0.182 0.788 0.788 0.788 2.0 0.528 0.077 0.015
0.0 0.0 0.0 0.0 1.0 0.0 0.0 0.0 1.0 0.0 0.061 0.636 0.939 0.753 2.0 0.079 0.051 0.091
0.0 0.0 0.0 1.0 0.0 0.0 0.0 0.0 0.0 0.0 0.091 0.606 0.909 0.722 2.0 0.281 0.077 0.091
0.0 1.0 0.0 0.0 0.0 0.0 0.0 0.0 0.0 0.0 0.939 0.061 0.061 0.061 1.0 0.079 0.949 0.015
0.0 0.0 1.0 0.0 0.0 0.0 0.0 0.0 0.0 0.0 0.909 0.091 0.091 0.091 2.0 0.157 0.949 0.015
0.0 0.0 0.0 1.0 0.0 0.0 0.0 0.0 0.0 0.0 0.758 0.242 0.242 0.242 2.0 0.180 0.949 0.015
0.0 0.0 0.0 1.0 0.0 0.0 0.0 0.0 1.0 0.0 0.303 0.697 0.697 0.697 2.0 0.157 0.128 0.015
0.0 0.0 0.0 1.0 0.0 0.0 0.0 0.0 1.0 0.0 0.273 0.727 0.727 0.727 2.0 0.157 0.154 0.015
0.0 0.0 0.0 1.0 0.0 0.0 0.0 0.0 1.0 0.0 0.182 0.818 0.818 0.818 2.0 0.528 0.077 0.015
0.0 0.0 0.0 1.0 0.0 0.0 0.0 0.0 0.0 0.0 0.848 0.061 0.061 0.061 2.0 0.169 0.949 0.015
0.0 0.0 0.0 1.0 0.0 0.0 0.0 0.0 0.0 0.0 0.727 0.182 0.182 0.182 2.0 0.180 0.949 0.015
0.0 0.0 0.0 1.0 0.0 0.0 0.0 0.0 1.0 0.0 0.303 0.606 0.606 0.606 2.0 0.157 0.128 0.015
0.0 1.0 0.0 0.0 0.0 0.0 0.0 0.0 0.0 0.0 0.303 0.606 0.606 0.606 1.0 0.079 0.154 0.015
0.0 0.0 1.0 0.0 0.0 0.0 0.0 0.0 1.0 0.0 0.273 0.636 0.636 0.636 2.0 0.135 0.154 0.015
0.0 0.0 0.0 1.0 0.0 0.0 0.0 0.0 1.0 0.0 0.182 0.727 0.727 0.727 2.0 0.528 0.077 0.015
0.0 0.0 0.0 1.0 0.0 0.0 0.0 0.0 0.0 0.0 0.758 0.061 0.061 0.061 2.0 0.169 0.949 0.015
0.0 0.0 0.0 1.0 0.0 0.0 0.0 0.0 0.0 0.0 0.606 0.212 0.212 0.212 2.0 0.191 0.949 0.015
0.0 1.0 0.0 0.0 0.0 0.0 0.0 0.0 0.0 0.0 0.333 0.485 0.485 0.485 1.0 0.079 0.128 0.015
0.0 0.0 1.0 0.0 0.0 0.0 0.0 0.0 1.0 0.0 0.303 0.515 0.515 0.515 2.0 0.135 0.128 0.015
0.0 0.0 0.0 1.0 0.0 0.0 0.0 0.0 1.0 0.0 0.273 0.545 0.545 0.545 2.0 0.157 0.154 0.015
0.0 0.0 0.0 1.0 0.0 0.0 0.0 0.0 1.0 0.0 0.182 0.636 0.636 0.636 2.0 0.528 0.077 0.015
0.0 0.0 0.0 1.0 0.0 0.0 0.0 0.0 0.0 0.0 0.697 0.061 0.061 0.061 2.0 0.169 0.949 0.015
0.0 0.0 0.0 1.0 0.0 0.0 0.0 0.0 0.0 0.0 0.606 0.152 0.152 0.152 2.0 0.202 0.949 0.015
0.0 0.0 0.0 1.0 0.0 0.0 0.0 0.0 1.0 0.0 0.303 0.455 0.455 0.455 2.0 0.157 0.128 0.015
0.0 0.0 0.0 1.0 0.0 0.0 0.0 0.0 1.0 0.0 0.273 0.485 0.485 0.485 2.0 0.157 0.154 0.015
0.0 0.0 0.0 1.0 0.0 0.0 0.0 0.0 1.0 0.0 0.182 0.576 0.576 0.576 2.0 0.528 0.077 0.015
0.0 0.0 0.0 1.0 0.0 0.0 0.0 0.0 0.0 0.0 0.636 0.061 0.061 0.061 2.0 0.169 0.949 0.015
0.0 0.0 0.0 1.0 0.0 0.0 0.0 0.0 0.0 0.0 0.606 0.091 0.091 0.091 2.0 0.191 0.949 0.015
0.0 0.0 0.0 1.0 0.0 0.0 0.0 0.0 1.0 0.0 0.303 0.394 0.394 0.394 2.0 0.157 0.128 0.015
0.0 0.0 0.0 1.0 0.0 0.0 0.0 0.0 1.0 0.0 0.273 0.424 0.424 0.424 2.0 0.157 0.154 0.015
0.0 0.0 0.0 1.0 0.0 0.0 0.0 0.0 1.0 0.0 0.182 0.515 0.515 0.515 2.0 0.528 0.077 0.015
0.0 0.0 0.0 1.0 0.0 0.0 0.0 0.0 0.0 0.0 0.636 0.061 0.061 0.061 2.0 0.213 0.949 0.015
0.0 1.0 0.0 0.0 0.0 0.0 0.0 0.0 0.0 0.0 0.636 0.061 0.061 0.061 1.0 0.079 0.949 0.015
0.0 0.0 1.0 0.0 0.0 0.0 0.0 0.0 0.0 0.0 0.606 0.091 0.091 0.091 2.0 0.213 0.949 0.015
0.0 1.0 0.0 0.0 0.0 0.0 0.0 0.0 0.0 0.0 0.333 0.364 0.364 0.364 1.0 0.079 0.128 0.015
0.0 0.0 1.0 0.0 0.0 0.0 0.0 0.0 1.0 0.0 0.303 0.394 0.394 0.394 2.0 0.135 0.128 0.015
0.0 1.0 0.0 0.0 0.0 0.0 0.0 0.0 0.0 0.0 0.303 0.394 0.394 0.394 1.0 0.079 0.154 0.015
0.0 0.0 0.0 1.0 0.0 0.0 0.0 0.0 1.0 0.0 0.273 0.424 0.424 0.424 2.0 0.135 0.154 0.015
0.0 0.0 0.0 1.0 0.0 0.0 0.0 0.0 1.0 0.0 0.182 0.515 0.515 0.515 2.0 0.528 0.077 0.015
0.0 0.0 0.0 1.0 0.0 0.0 0.0 0.0 1.0 0.0 0.061 0.636 0.939 0.792 2.0 0.281 0.051 0.121
0.0 1.0 0.0 0.0 0.0 0.0 0.0 0.0 0.0 0.0 0.061 0.636 0.939 0.792 1.0 0.090 0.051 0.121
0.0 0.0 1.0 0.0 0.0 0.0 0.0 0.0 1.0 0.0 0.030 0.667 0.970 0.822 2.0 0.034 0.051 0.121
0.0 0.0 0.0 1.0 0.0 0.0 0.0 0.0 1.0 0.0 0.061 0.636 0.939 0.792 2.0 0.281 0.051 0.121
0.0 0.0 0.0 1.0 0.0 0.0 0.0 0.0 1.0 0.0 0.030 0.667 0.970 0.822 2.0 0.079 0.051 0.121
0.0 0.0 0.0 1.0 0.0 0.0 0.0 0.0 1.0 0.0 0.061 0.636 0.939 0.792 2.0 0.247 0.051 0.121
0.0 0.0 0.0 1.0 0.0 0.0 0.0 0.0 1.0 0.0 0.030 0.667 0.970 0.822 2.0 0.045 0.051 0.121
0.0 0.0 0.0 1.0 0.0 0.0 0.0 0.0 1.0 0.0 0.061 0.636 0.939 0.792 2.0 0.292 0.051 0.121
0.0 0.0 0.0 1.0 0.0 0.0 0.0 0.0 1.0 0.0 0.030 0.667 0.970 0.822 2.0 0.090 0.051 0.121
0.0 0.0 0.0 1.0 0.0 0.0 0.0 0.0 1.0 0.0 0.061 0.636 0.939 0.792 2.0 0.281 0.051 0.121
0.0 0.0 0.0 1.0 0.0 0.0 0.0 0.0 1.0 0.0 0.030 0.667 0.970 0.822 2.0 0.079 0.051 0.121
0.0 0.0 0.0 1.0 0.0 0.0 0.0 0.0 1.0 0.0 0.061 0.636 0.939 0.792 2.0 0.281 0.051 0.121
0.0 0.0 0.0 1.0 0.0 0.0 0.0 0.0 1.0 0.0 0.030 0.667 0.970 0.822 2.0 0.079 0.051 0.121
0.0 0.0 0.0 1.0 0.0 0.0 0.0 0.0 1.0 0.0 0.061 0.636 0.939 0.792 2.0 0.281 0.051 0.121
0.0 0.0 0.0 1.0 0.0 0.0 0.0 0.0 1.0 0.0 0.030 0.667 0.970 0.822 2.0 0.079 0.051 0.121
0.0 0.0 0.0 1.0 0.0 0.0 0.0 0.0 1.0 0.0 0.061 0.636 0.939 0.792 2.0 0.281 0.051 0.121
0.0 0.0 0.0 1.0 0.0 0.0 0.0 0.0 1.0 0.0 0.030 0.667 0.970 0.822 2.0 0.079 0.051 0.121
0.0 0.0 0.0 1.0 0.0 0.0 0.0 0.0 1.0 0.0 0.061 0.636 0.939 0.792 2.0 0.281 0.051 0.121
0.0 0.0 0.0 1.0 0.0 0.0 0.0 0.0 1.0 0.0 0.030 0.667 0.970 0.822 2.0 0.079 0.051 0.121
0.0 0.0 0.0 1.0 0.0 0.0 0.0 0.0 1.0 0.0 0.061 0.636 0.939 0.792 2.0 0.281 0.051 0.121
0.0 0.0 0.0 1.0 0.0 0.0 0.0 0.0 1.0 0.0 0.030 0.667 0.970 0.822 2.0 0.079 0.051 0.121
0.0 1.0 0.0 0.0 0.0 0.0 0.0 0.0 0.0 0.0 0.091 0.606 0.909 0.761 1.0 0.112 0.051 0.121
0.0 0.0 1.0 0.0 0.0 0.0 0.0 0.0 1.0 0.0 0.061 0.636 0.939 0.792 2.0 0.236 0.051 0.121
0.0 0.0 0.0 1.0 0.0 0.0 0.0 0.0 1.0 0.0 0.030 0.667 0.970 0.822 2.0 0.090 0.051 0.121
0.0 0.0 0.0 1.0 0.0 0.0 0.0 0.0 1.0 0.0 0.061 0.636 0.939 0.792 2.0 0.281 0.051 0.121
0.0 0.0 0.0 1.0 0.0 0.0 0.0 0.0 1.0 0.0 0.030 0.667 0.970 0.822 2.0 0.079 0.051 0.121
0.0 0.0 0.0 1.0 0.0 0.0 0.0 0.0 1.0 0.0 0.061 0.636 0.939 0.792 2.0 0.247 0.051 0.121
0.0 0.0 0.0 1.0 0.0 0.0 0.0 0.0 1.0 0.0 0.030 0.667 0.970 0.822 2.0 0.045 0.051 0.121
0.0 1.0 0.0 0.0 0.0 0.0 0.0 0.0 0.0 0.0 0.091 0.606 0.909 0.761 1.0 0.090 0.051 0.121
0.0 0.0 1.0 0.0 0.0 0.0 0.0 0.0 1.0 0.0 0.061 0.636 0.939 0.792 2.0 0.236 0.051 0.121
0.0 1.0 0.0 0.0 0.0 0.0 0.0 0.0 0.0 0.0 0.061 0.636 0.939 0.792 1.0 0.079 0.051 0.121
0.0 0.0 1.0 0.0 0.0 0.0 0.0 0.0 1.0 0.0 0.030 0.667 0.970 0.822 2.0 0.034 0.051 0.121
0.0 0.0 0.0 1.0 0.0 0.0 0.0 0.0 1.0 0.0 0.061 0.636 0.939 0.792 2.0 0.281 0.051 0.121
0.0 0.0 0.0 1.0 0.0 0.0 0.0 0.0 1.0 0.0 0.030 0.667 0.970 0.822 2.0 0.079 0.051 0.121
0.0 0.0 0.0 1.0 0.0 0.0 0.0 0.0 1.0 0.0 0.061 0.636 0.939 0.792 2.0 0.281 0.051 0.121
0.0 0.0 0.0 1.0 0.0 0.0 0.0 0.0 1.0 0.0 0.030 0.667 0.970 0.822 2.0 0.079 0.051 0.121
0.0 1.0 0.0 0.0 0.0 0.0 0.0 0.0 0.0 0.0 0.242 0.727 0.727 0.727 1.0 0.101 0.077 0.030
0.0 0.0 0.0 1.0 0.0 0.0 0.0 0.0 1.0 0.0 0.061 0.455 0.515 0.481 2.0 0.079 0.051 0.121
0.0 0.0 0.0 1.0 0.0 0.0 0.0 0.0 0.0 0.0 0.333 0.182 0.242 0.208 3.0 0.146 0.410 0.121
0.0 1.0 0.0 0.0 0.0 0.0 0.0 0.0 0.0 0.0 0.091 0.424 0.485 0.451 1.0 0.079 0.051 0.121
0.0 0.0 0.0 0.0 1.0 0.0 0.0 0.0 1.0 0.0 0.061 0.455 0.515 0.481 2.0 0.056 0.051 0.121
0.0 0.0 0.0 0.0 1.0 0.0 0.0 0.0 1.0 0.0 0.061 0.455 0.515 0.481 2.0 0.079 0.051 0.121
0.0 0.0 0.0 1.0 0.0 0.0 0.0 0.0 0.0 0.0 0.303 0.212 0.273 0.239 3.0 0.124 0.359 0.121
0.0 1.0 0.0 0.0 0.0 0.0 0.0 0.0 0.0 0.0 0.091 0.424 0.485 0.451 1.0 0.079 0.051 0.121
0.0 0.0 0.0 1.0 0.0 0.0 0.0 0.0 1.0 0.0 0.061 0.455 0.515 0.481 2.0 0.056 0.051 0.121
0.0 0.0 0.0 0.0 1.0 0.0 0.0 0.0 1.0 0.0 0.061 0.455 0.515 0.481 2.0 0.079 0.051 0.121
0.0 0.0 0.0 1.0 0.0 0.0 0.0 0.0 0.0 0.0 0.515 0.182 0.485 0.337 2.0 0.112 0.846 0.121
0.0 1.0 0.0 0.0 0.0 0.0 0.0 0.0 0.0 0.0 0.121 0.576 0.879 0.731 1.0 0.124 0.077 0.121
0.0 1.0 0.0 0.0 0.0 0.0 0.0 0.0 0.0 0.0 0.121 0.576 0.879 0.731 1.0 0.112 0.077 0.121
0.0 0.0 0.0 1.0 0.0 0.0 0.0 0.0 0.0 0.0 0.455 0.242 0.545 0.398 2.0 0.146 0.846 0.121
0.0 0.0 0.0 1.0 0.0 0.0 0.0 0.0 0.0 0.0 0.152 0.545 0.848 0.701 2.0 0.191 0.128 0.121
0.0 0.0 0.0 1.0 0.0 0.0 0.0 0.0 0.0 0.0 0.152 0.545 0.848 0.701 2.0 0.157 0.128 0.121
0.0 1.0 0.0 0.0 0.0 0.0 0.0 0.0 0.0 0.0 0.212 0.485 0.788 0.640 1.0 0.090 0.231 0.121
0.0 0.0 1.0 0.0 0.0 0.0 0.0 0.0 0.0 0.0 0.182 0.515 0.818 0.670 2.0 0.101 0.231 0.121
0.0 0.0 0.0 0.0 1.0 0.0 0.0 0.0 0.0 0.0 0.152 0.545 0.848 0.701 2.0 0.202 0.128 0.121
0.0 0.0 0.0 0.0 1.0 0.0 0.0 0.0 0.0 0.0 0.121 0.576 0.879 0.731 2.0 0.180 0.128 0.121
0.0 0.0 0.0 1.0 0.0 0.0 0.0 0.0 0.0 0.0 0.242 0.455 0.758 0.610 3.0 0.146 0.333 0.121
0.0 0.0 0.0 1.0 0.0 0.0 0.0 0.0 0.0 0.0 0.152 0.545 0.848 0.701 2.0 0.169 0.128 0.121
0.0 0.0 0.0 1.0 0.0 0.0 0.0 0.0 0.0 0.0 0.121 0.576 0.879 0.731 2.0 0.180 0.128 0.121
0.0 0.0 0.0 1.0 0.0 0.0 0.0 0.0 0.0 0.0 0.273 0.424 0.727 0.580 3.0 0.169 0.436 0.121
0.0 0.0 0.0 0.0 1.0 0.0 0.0 0.0 0.0 0.0 0.152 0.545 0.848 0.701 2.0 0.169 0.128 0.121
0.0 0.0 0.0 0.0 1.0 0.0 0.0 0.0 0.0 0.0 0.152 0.545 0.848 0.701 2.0 0.169 0.128 0.121
0.0 0.0 0.0 1.0 0.0 0.0 0.0 0.0 0.0 0.0 0.303 0.394 0.697 0.549 3.0 0.169 0.538 0.121
0.0 0.0 0.0 1.0 0.0 0.0 0.0 0.0 0.0 0.0 0.121 0.576 0.879 0.731 2.0 0.180 0.128 0.121
0.0 0.0 0.0 1.0 0.0 0.0 0.0 0.0 0.0 0.0 0.152 0.545 0.848 0.701 2.0 0.169 0.128 0.121
0.0 0.0 0.0 1.0 0.0 0.0 0.0 0.0 0.0 0.0 0.333 0.364 0.667 0.519 3.0 0.169 0.641 0.121
0.0 0.0 0.0 0.0 1.0 0.0 0.0 0.0 0.0 0.0 0.121 0.576 0.879 0.731 2.0 0.180 0.128 0.121
0.0 0.0 0.0 0.0 1.0 0.0 0.0 0.0 0.0 0.0 0.121 0.576 0.879 0.731 2.0 0.180 0.128 0.121
0.0 0.0 0.0 1.0 0.0 0.0 0.0 0.0 0.0 0.0 0.364 0.333 0.636 0.489 3.0 0.157 0.744 0.121
0.0 1.0 0.0 0.0 0.0 0.0 0.0 0.0 0.0 0.0 0.152 0.545 0.848 0.701 1.0 0.079 0.128 0.121
0.0 0.0 0.0 1.0 0.0 0.0 0.0 0.0 0.0 0.0 0.121 0.576 0.879 0.731 2.0 0.157 0.128 0.121
0.0 0.0 0.0 1.0 0.0 0.0 0.0 0.0 0.0 0.0 0.394 0.303 0.606 0.458 2.0 0.112 0.744 0.121
0.0 0.0 0.0 0.0 1.0 0.0 0.0 0.0 0.0 0.0 0.121 0.576 0.879 0.731 2.0 0.169 0.128 0.121
0.0 0.0 0.0 1.0 0.0 0.0 0.0 0.0 0.0 0.0 0.424 0.273 0.576 0.428 2.0 0.124 0.846 0.121
0.0 0.0 0.0 1.0 0.0 0.0 0.0 0.0 0.0 0.0 0.121 0.576 0.879 0.731 2.0 0.180 0.128 0.121
0.0 0.0 0.0 0.0 1.0 0.0 0.0 0.0 0.0 0.0 0.152 0.545 0.848 0.701 2.0 0.169 0.128 0.121
0.0 1.0 0.0 0.0 0.0 0.0 0.0 0.0 0.0 0.0 0.182 0.515 0.818 0.670 1.0 0.112 0.128 0.121
0.0 0.0 0.0 0.0 0.0 1.0 0.0 0.0 0.0 0.0 0.152 0.545 0.848 0.701 2.0 0.135 0.128 0.121
0.0 1.0 0.0 0.0 0.0 0.0 0.0 0.0 0.0 0.0 0.242 0.455 0.758 0.610 1.0 0.079 0.128 0.121
0.0 0.0 1.0 0.0 0.0 0.0 0.0 0.0 0.0 0.0 0.212 0.485 0.788 0.640 2.0 0.101 0.128 0.121
0.0 0.0 0.0 1.0 0.0 0.0 0.0 0.0 0.0 0.0 0.485 0.212 0.515 0.367 3.0 0.146 0.846 0.121
0.0 0.0 0.0 0.0 1.0 0.0 0.0 0.0 0.0 0.0 0.485 0.212 0.515 0.367 2.0 0.101 0.846 0.121
0.0 0.0 0.0 1.0 0.0 0.0 0.0 0.0 0.0 0.0 0.333 0.182 0.242 0.203 2.0 0.157 0.410 0.242
0.0 1.0 0.0 0.0 0.0 0.0 0.0 0.0 1.0 0.0 0.030 0.485 0.545 0.506 1.0 0.056 0.026 0.242
0.0 1.0 0.0 0.0 0.0 0.0 0.0 0.0 1.0 0.0 0.030 0.485 0.545 0.506 1.0 0.056 0.026 0.242
0.0 1.0 0.0 0.0 0.0 0.0 0.0 0.0 1.0 0.0 0.030 0.485 0.545 0.506 1.0 0.056 0.026 0.242
0.0 1.0 0.0 0.0 0.0 0.0 0.0 0.0 1.0 0.0 0.030 0.485 0.545 0.506 1.0 0.056 0.026 0.242
0.0 1.0 0.0 0.0 0.0 0.0 0.0 0.0 1.0 0.0 0.030 0.485 0.545 0.506 1.0 0.056 0.026 0.242
0.0 1.0 0.0 0.0 0.0 0.0 0.0 0.0 1.0 0.0 0.030 0.485 0.545 0.506 1.0 0.056 0.026 0.242
0.0 1.0 0.0 0.0 0.0 0.0 0.0 0.0 1.0 0.0 0.030 0.485 0.545 0.506 1.0 0.056 0.026 0.242
0.0 1.0 0.0 0.0 0.0 0.0 0.0 0.0 1.0 0.0 0.030 0.485 0.545 0.506 1.0 0.045 0.026 0.242
0.0 0.0 0.0 1.0 0.0 0.0 0.0 0.0 1.0 0.0 0.061 0.455 0.515 0.475 2.0 0.067 0.051 0.242
0.0 1.0 0.0 0.0 0.0 0.0 0.0 0.0 0.0 0.0 0.121 0.394 0.455 0.415 1.0 0.090 0.103 0.242
0.0 0.0 1.0 0.0 0.0 0.0 0.0 0.0 1.0 0.0 0.091 0.424 0.485 0.445 3.0 0.067 0.103 0.242
0.0 0.0 0.0 0.0 1.0 0.0 0.0 0.0 1.0 0.0 0.061 0.455 0.515 0.475 2.0 0.079 0.051 0.242
0.0 1.0 0.0 0.0 0.0 0.0 0.0 0.0 0.0 0.0 0.091 0.424 0.485 0.445 1.0 0.079 0.051 0.242
0.0 0.0 0.0 1.0 0.0 0.0 0.0 0.0 1.0 0.0 0.061 0.455 0.515 0.475 2.0 0.056 0.051 0.242
0.0 0.0 0.0 1.0 0.0 0.0 0.0 0.0 0.0 0.0 0.152 0.364 0.424 0.384 3.0 0.124 0.154 0.242
0.0 0.0 0.0 0.0 1.0 0.0 0.0 0.0 1.0 0.0 0.061 0.455 0.515 0.475 2.0 0.079 0.051 0.242
0.0 0.0 0.0 1.0 0.0 0.0 0.0 0.0 1.0 0.0 0.061 0.455 0.515 0.475 2.0 0.079 0.051 0.242
0.0 0.0 0.0 1.0 0.0 0.0 0.0 0.0 0.0 0.0 0.182 0.333 0.394 0.354 3.0 0.146 0.205 0.242
0.0 0.0 0.0 0.0 1.0 0.0 0.0 0.0 1.0 0.0 0.061 0.455 0.515 0.475 2.0 0.079 0.051 0.242
0.0 0.0 0.0 1.0 0.0 0.0 0.0 0.0 1.0 0.0 0.061 0.455 0.515 0.475 2.0 0.079 0.051 0.242
0.0 0.0 0.0 1.0 0.0 0.0 0.0 0.0 0.0 0.0 0.212 0.303 0.364 0.324 3.0 0.146 0.256 0.242
0.0 0.0 0.0 0.0 1.0 0.0 0.0 0.0 1.0 0.0 0.061 0.455 0.515 0.475 2.0 0.079 0.051 0.242
0.0 1.0 0.0 0.0 0.0 0.0 0.0 0.0 0.0 0.0 0.091 0.424 0.485 0.445 1.0 0.079 0.051 0.242
0.0 0.0 0.0 1.0 0.0 0.0 0.0 0.0 1.0 0.0 0.061 0.455 0.515 0.475 2.0 0.056 0.051 0.242
0.0 0.0 0.0 1.0 0.0 0.0 0.0 0.0 0.0 0.0 0.242 0.273 0.333 0.294 3.0 0.146 0.308 0.242
0.0 0.0 0.0 0.0 1.0 0.0 0.0 0.0 1.0 0.0 0.061 0.455 0.515 0.475 2.0 0.079 0.051 0.242
0.0 0.0 0.0 1.0 0.0 0.0 0.0 0.0 1.0 0.0 0.061 0.455 0.515 0.475 2.0 0.079 0.051 0.242
0.0 0.0 0.0 1.0 0.0 0.0 0.0 0.0 0.0 0.0 0.273 0.242 0.303 0.263 3.0 0.146 0.359 0.242
0.0 0.0 0.0 0.0 1.0 0.0 0.0 0.0 1.0 0.0 0.061 0.455 0.515 0.475 2.0 0.079 0.051 0.242
0.0 0.0 0.0 0.0 1.0 0.0 0.0 0.0 1.0 0.0 0.061 0.455 0.515 0.475 2.0 0.079 0.051 0.242
0.0 0.0 0.0 1.0 0.0 0.0 0.0 0.0 0.0 0.0 0.303 0.212 0.273 0.233 3.0 0.157 0.410 0.242
0.0 0.0 0.0 1.0 0.0 0.0 0.0 0.0 1.0 0.0 0.061 0.455 0.515 0.475 2.0 0.090 0.051 0.242
0.0 0.0 1.0 0.0 0.0 0.0 0.0 0.0 0.0 0.0 0.667 0.091 0.091 0.091 2.0 0.146 0.436 0.015
0.0 0.0 1.0 0.0 0.0 0.0 0.0 0.0 0.0 0.0 0.818 0.091 0.091 0.091 2.0 0.135 0.641 0.015
0.0 0.0 1.0 0.0 0.0 0.0 0.0 0.0 0.0 0.0 0.879 0.121 0.121 0.121 2.0 0.124 0.744 0.015
0.0 0.0 0.0 0.0 0.0 1.0 0.0 0.0 0.0 0.0 0.909 0.061 0.061 0.061 2.0 0.135 0.744 0.015
0.0 0.0 0.0 0.0 1.0 0.0 0.0 0.0 0.0 0.0 0.636 0.121 0.364 0.268 3.0 0.315 0.436 0.091
0.0 0.0 0.0 0.0 1.0 0.0 0.0 0.0 0.0 0.0 0.788 0.121 0.212 0.174 3.0 0.281 0.641 0.061
0.0 0.0 0.0 1.0 0.0 0.0 0.0 0.0 0.0 0.0 0.515 0.182 0.182 0.182 2.0 0.090 0.333 0.015
0.0 0.0 0.0 0.0 1.0 0.0 0.0 0.0 0.0 0.0 0.848 0.121 0.152 0.131 2.0 0.191 0.744 0.045
0.0 0.0 1.0 0.0 0.0 0.0 0.0 0.0 0.0 0.0 0.909 0.061 0.061 0.061 2.0 0.101 0.744 0.015
0.0 1.0 0.0 0.0 0.0 0.0 0.0 0.0 0.0 0.0 0.667 0.152 0.242 0.197 1.0 0.112 0.538 0.030
0.0 0.0 1.0 0.0 0.0 0.0 0.0 0.0 0.0 0.0 0.727 0.091 0.091 0.091 2.0 0.124 0.538 0.015
0.0 1.0 0.0 0.0 0.0 0.0 0.0 0.0 0.0 0.0 0.455 0.242 0.242 0.242 1.0 0.112 0.333 0.015
0.0 1.0 0.0 0.0 0.0 0.0 0.0 0.0 0.0 0.0 0.667 0.152 0.242 0.197 1.0 0.135 0.436 0.030
0.0 0.0 0.0 1.0 0.0 0.0 0.0 0.0 0.0 0.0 0.848 0.152 0.152 0.152 2.0 0.135 0.744 0.015
0.0 0.0 0.0 1.0 0.0 0.0 0.0 0.0 0.0 0.0 0.788 0.121 0.121 0.121 2.0 0.124 0.641 0.015
0.0 0.0 0.0 0.0 1.0 0.0 0.0 0.0 0.0 0.0 0.455 0.303 0.303 0.303 2.0 0.169 0.333 0.015
0.0 0.0 0.0 1.0 0.0 0.0 0.0 0.0 0.0 0.0 0.636 0.121 0.121 0.121 2.0 0.112 0.436 0.015
0.0 0.0 0.0 1.0 0.0 0.0 0.0 0.0 0.0 0.0 0.879 0.091 0.091 0.091 2.0 0.135 0.744 0.015
0.0 0.0 0.0 0.0 1.0 0.0 0.0 0.0 0.0 0.0 0.879 0.091 0.091 0.091 2.0 0.135 0.744 0.015
0.0 0.0 0.0 1.0 0.0 0.0 0.0 0.0 0.0 0.0 0.697 0.121 0.212 0.167 2.0 0.124 0.538 0.030
0.0 0.0 0.0 1.0 0.0 0.0 0.0 0.0 0.0 0.0 0.667 0.152 0.152 0.152 2.0 0.169 0.538 0.015
0.0 0.0 0.0 0.0 1.0 0.0 0.0 0.0 0.0 0.0 0.485 0.212 0.212 0.212 2.0 0.135 0.333 0.015
0.0 0.0 0.0 1.0 0.0 0.0 0.0 0.0 0.0 0.0 0.485 0.212 0.212 0.212 2.0 0.135 0.333 0.015
0.0 1.0 0.0 0.0 0.0 0.0 0.0 0.0 0.0 0.0 0.879 0.091 0.091 0.091 1.0 0.112 0.744 0.015
0.0 0.0 1.0 0.0 0.0 0.0 0.0 0.0 0.0 0.0 0.515 0.242 0.485 0.389 2.0 0.225 0.436 0.091
0.0 1.0 0.0 0.0 0.0 0.0 0.0 0.0 0.0 0.0 0.727 0.242 0.273 0.253 1.0 0.135 0.744 0.045
0.0 0.0 1.0 0.0 0.0 0.0 0.0 0.0 0.0 0.0 0.697 0.273 0.303 0.283 2.0 0.157 0.744 0.045
0.0 0.0 0.0 1.0 0.0 0.0 0.0 0.0 0.0 0.0 0.273 0.424 0.727 0.580 3.0 0.292 0.231 0.121
0.0 1.0 0.0 0.0 0.0 0.0 0.0 0.0 0.0 0.0 0.152 0.545 0.848 0.701 1.0 0.124 0.077 0.121
0.0 0.0 0.0 1.0 0.0 0.0 0.0 0.0 0.0 0.0 0.152 0.545 0.848 0.701 2.0 0.247 0.128 0.121
0.0 1.0 0.0 0.0 0.0 0.0 0.0 0.0 0.0 0.0 0.121 0.576 0.879 0.731 1.0 0.191 0.077 0.121
0.0 1.0 0.0 0.0 0.0 0.0 0.0 0.0 0.0 0.0 0.121 0.576 0.879 0.753 1.0 0.180 0.077 0.106
0.0 1.0 0.0 0.0 0.0 0.0 0.0 0.0 0.0 0.0 0.121 0.576 0.879 0.753 1.0 0.169 0.077 0.106
0.0 1.0 0.0 0.0 0.0 0.0 0.0 0.0 0.0 0.0 0.152 0.667 0.848 0.782 1.0 0.157 0.077 0.076
0.0 1.0 0.0 0.0 0.0 0.0 0.0 0.0 0.0 0.0 0.121 0.697 0.879 0.812 1.0 0.180 0.077 0.076
0.0 0.0 0.0 0.0 0.0 1.0 0.0 0.0 0.0 0.0 0.485 0.333 0.515 0.448 2.0 0.157 0.436 0.076
0.0 0.0 1.0 0.0 0.0 0.0 0.0 0.0 0.0 0.0 0.576 0.333 0.424 0.386 2.0 0.180 0.538 0.061
0.0 1.0 0.0 0.0 0.0 0.0 0.0 0.0 0.0 0.0 0.121 0.788 0.879 0.841 1.0 0.202 0.077 0.061
0.0 1.0 0.0 0.0 0.0 0.0 0.0 0.0 0.0 0.0 0.121 0.788 0.879 0.841 1.0 0.202 0.077 0.061
0.0 0.0 1.0 0.0 0.0 0.0 0.0 0.0 0.0 0.0 0.394 0.364 0.606 0.510 2.0 0.135 0.333 0.091
0.0 1.0 0.0 0.0 0.0 0.0 0.0 0.0 0.0 0.0 0.455 0.303 0.545 0.449 1.0 0.135 0.436 0.091
0.0 0.0 0.0 0.0 1.0 0.0 0.0 0.0 0.0 0.0 0.424 0.333 0.576 0.480 2.0 0.124 0.436 0.091
0.0 0.0 0.0 1.0 0.0 0.0 0.0 0.0 0.0 0.0 0.242 0.455 0.758 0.610 2.0 0.202 0.128 0.121
0.0 1.0 0.0 0.0 0.0 0.0 0.0 0.0 0.0 0.0 0.697 0.212 0.303 0.265 1.0 0.146 0.641 0.061
0.0 0.0 1.0 0.0 0.0 0.0 0.0 0.0 0.0 0.0 0.667 0.242 0.333 0.295 2.0 0.135 0.641 0.061
0.0 0.0 0.0 1.0 0.0 0.0 0.0 0.0 0.0 0.0 0.576 0.242 0.424 0.358 2.0 0.213 0.538 0.076
0.0 0.0 0.0 1.0 0.0 0.0 0.0 0.0 0.0 0.0 0.364 0.333 0.636 0.511 2.0 0.213 0.333 0.106
0.0 1.0 0.0 0.0 0.0 0.0 0.0 0.0 0.0 0.0 0.121 0.848 0.879 0.859 1.0 0.124 0.077 0.045
0.0 1.0 0.0 0.0 0.0 0.0 0.0 0.0 0.0 0.0 0.121 0.848 0.879 0.859 1.0 0.124 0.077 0.045
0.0 0.0 0.0 0.0 1.0 0.0 0.0 0.0 0.0 0.0 0.303 0.394 0.697 0.571 2.0 0.191 0.231 0.106
0.0 0.0 0.0 0.0 0.0 1.0 0.0 0.0 0.0 0.0 0.182 0.515 0.818 0.670 2.0 0.213 0.179 0.121
0.0 1.0 0.0 0.0 0.0 0.0 0.0 0.0 0.0 0.0 0.515 0.303 0.485 0.418 1.0 0.112 0.436 0.076
0.0 1.0 0.0 0.0 0.0 0.0 0.0 0.0 0.0 0.0 0.182 0.515 0.818 0.670 1.0 0.157 0.128 0.121
0.0 0.0 0.0 1.0 0.0 0.0 0.0 0.0 0.0 0.0 0.152 0.606 0.848 0.753 2.0 0.202 0.128 0.091
0.0 1.0 0.0 0.0 0.0 0.0 0.0 0.0 0.0 0.0 0.242 0.455 0.758 0.632 1.0 0.079 0.179 0.106
0.0 0.0 0.0 0.0 0.0 1.0 0.0 0.0 0.0 0.0 0.212 0.485 0.788 0.662 2.0 0.135 0.179 0.106
0.0 0.0 1.0 0.0 0.0 0.0 0.0 0.0 0.0 0.0 0.273 0.424 0.727 0.602 2.0 0.180 0.231 0.106
0.0 0.0 0.0 1.0 0.0 0.0 0.0 0.0 0.0 0.0 0.152 0.606 0.848 0.753 2.0 0.124 0.128 0.091
0.0 1.0 0.0 0.0 0.0 0.0 0.0 0.0 0.0 0.0 0.364 0.394 0.636 0.540 1.0 0.090 0.333 0.091
0.0 0.0 1.0 0.0 0.0 0.0 0.0 0.0 0.0 0.0 0.333 0.424 0.667 0.571 2.0 0.124 0.333 0.091
0.0 0.0 0.0 0.0 1.0 0.0 0.0 0.0 0.0 0.0 0.152 0.606 0.848 0.753 2.0 0.135 0.128 0.091
0.0 0.0 0.0 0.0 0.0 1.0 0.0 0.0 0.0 0.0 0.152 0.606 0.848 0.753 2.0 0.157 0.128 0.091
0.0 0.0 0.0 0.0 1.0 0.0 0.0 0.0 0.0 0.0 0.182 0.727 0.818 0.780 2.0 0.124 0.128 0.061
0.0 1.0 0.0 0.0 0.0 0.0 0.0 0.0 0.0 0.0 0.545 0.364 0.455 0.417 1.0 0.101 0.538 0.061
0.0 0.0 0.0 1.0 0.0 0.0 0.0 0.0 0.0 0.0 0.515 0.394 0.485 0.447 2.0 0.124 0.538 0.061
0.0 0.0 0.0 1.0 0.0 0.0 0.0 0.0 0.0 0.0 0.182 0.727 0.818 0.780 2.0 0.146 0.128 0.061
0.0 1.0 0.0 0.0 0.0 0.0 0.0 0.0 0.0 0.0 0.606 0.303 0.394 0.356 1.0 0.135 0.538 0.061
0.0 0.0 0.0 1.0 0.0 0.0 0.0 0.0 0.0 0.0 0.152 0.818 0.848 0.828 2.0 0.169 0.128 0.045
0.0 0.0 0.0 1.0 0.0 0.0 0.0 0.0 0.0 0.0 0.606 0.364 0.394 0.374 2.0 0.169 0.641 0.045
0.0 0.0 0.0 0.0 1.0 0.0 0.0 0.0 0.0 0.0 0.152 0.818 0.848 0.828 2.0 0.180 0.128 0.045
0.0 0.0 0.0 1.0 0.0 0.0 0.0 0.0 0.0 0.0 0.636 0.333 0.364 0.343 4.0 0.202 0.744 0.045
0.0 0.0 0.0 1.0 0.0 0.0 0.0 0.0 0.0 0.0 0.636 0.333 0.364 0.343 2.0 0.135 0.641 0.045
0.0 0.0 0.0 1.0 0.0 0.0 0.0 0.0 0.0 0.0 0.667 0.303 0.333 0.313 3.0 0.157 0.744 0.045
0.0 0.0 0.0 0.0 1.0 0.0 0.0 0.0 0.0 0.0 0.152 0.606 0.848 0.753 2.0 0.146 0.128 0.091
0.0 0.0 0.0 1.0 0.0 0.0 0.0 0.0 0.0 0.0 0.182 0.576 0.818 0.722 2.0 0.112 0.128 0.091
0.0 0.0 0.0 1.0 0.0 0.0 0.0 0.0 0.0 0.0 0.424 0.333 0.576 0.480 2.0 0.157 0.436 0.091
0.0 0.0 0.0 1.0 0.0 0.0 0.0 0.0 0.0 0.0 0.485 0.273 0.515 0.419 2.0 0.169 0.436 0.091
0.0 0.0 0.0 1.0 0.0 0.0 0.0 0.0 0.0 0.0 0.242 0.455 0.758 0.610 2.0 0.169 0.231 0.121
0.0 0.0 0.0 0.0 1.0 0.0 0.0 0.0 0.0 0.0 0.152 0.818 0.848 0.828 2.0 0.180 0.128 0.045
0.0 0.0 0.0 0.0 1.0 0.0 0.0 0.0 0.0 0.0 0.152 0.818 0.848 0.828 2.0 0.180 0.128 0.045
0.0 0.0 0.0 1.0 0.0 0.0 0.0 0.0 0.0 0.0 0.182 0.788 0.818 0.798 2.0 0.135 0.128 0.045
0.0 0.0 0.0 0.0 1.0 0.0 0.0 0.0 0.0 0.0 0.152 0.758 0.848 0.811 2.0 0.191 0.128 0.061
0.0 0.0 0.0 0.0 1.0 0.0 0.0 0.0 0.0 0.0 0.152 0.758 0.848 0.811 2.0 0.191 0.128 0.061
0.0 0.0 0.0 1.0 0.0 0.0 0.0 0.0 0.0 0.0 0.182 0.727 0.818 0.780 2.0 0.124 0.128 0.061
0.0 0.0 0.0 1.0 0.0 0.0 0.0 0.0 0.0 0.0 0.636 0.273 0.364 0.326 2.0 0.112 0.641 0.061
0.0 0.0 0.0 1.0 0.0 0.0 0.0 0.0 0.0 0.0 0.606 0.303 0.394 0.356 3.0 0.180 0.641 0.061
0.0 0.0 0.0 0.0 1.0 0.0 0.0 0.0 0.0 0.0 0.152 0.667 0.848 0.782 2.0 0.180 0.128 0.076
0.0 1.0 0.0 0.0 0.0 0.0 0.0 0.0 0.0 0.0 0.212 0.606 0.788 0.721 1.0 0.112 0.128 0.076
0.0 0.0 0.0 0.0 1.0 0.0 0.0 0.0 0.0 0.0 0.182 0.636 0.818 0.752 2.0 0.157 0.128 0.076
0.0 0.0 0.0 1.0 0.0 0.0 0.0 0.0 0.0 0.0 0.242 0.576 0.758 0.691 2.0 0.112 0.128 0.076
0.0 0.0 0.0 1.0 0.0 0.0 0.0 0.0 0.0 0.0 0.545 0.273 0.455 0.388 3.0 0.157 0.538 0.076
0.0 0.0 0.0 1.0 0.0 0.0 0.0 0.0 0.0 0.0 0.515 0.303 0.485 0.418 2.0 0.157 0.538 0.076
0.0 1.0 0.0 0.0 0.0 0.0 0.0 0.0 0.0 0.0 0.182 0.515 0.818 0.693 1.0 0.112 0.128 0.106
0.0 0.0 0.0 0.0 1.0 0.0 0.0 0.0 0.0 0.0 0.152 0.545 0.848 0.723 2.0 0.157 0.128 0.106
0.0 0.0 0.0 0.0 1.0 0.0 0.0 0.0 0.0 0.0 0.152 0.545 0.848 0.723 2.0 0.191 0.128 0.106
0.0 0.0 1.0 0.0 0.0 0.0 0.0 0.0 0.0 0.0 0.212 0.485 0.788 0.662 2.0 0.112 0.128 0.106
0.0 0.0 0.0 1.0 0.0 0.0 0.0 0.0 0.0 0.0 0.333 0.364 0.667 0.541 3.0 0.180 0.333 0.106
0.0 0.0 0.0 0.0 1.0 0.0 0.0 0.0 0.0 0.0 0.333 0.364 0.667 0.541 2.0 0.146 0.333 0.106
0.0 0.0 0.0 1.0 0.0 0.0 0.0 0.0 0.0 0.0 0.182 0.515 0.818 0.670 2.0 0.180 0.179 0.121
0.0 0.0 0.0 0.0 1.0 0.0 0.0 0.0 0.0 0.0 0.182 0.515 0.818 0.670 2.0 0.180 0.179 0.121
0.0 0.0 0.0 1.0 0.0 0.0 0.0 0.0 0.0 0.0 0.212 0.485 0.788 0.640 2.0 0.090 0.179 0.121
0.0 0.0 0.0 0.0 1.0 0.0 0.0 0.0 0.0 0.0 0.212 0.485 0.788 0.640 3.0 0.247 0.231 0.121
0.0 0.0 0.0 1.0 0.0 0.0 0.0 0.0 0.0 0.0 0.212 0.485 0.788 0.640 2.0 0.225 0.231 0.121
0.0 0.0 0.0 0.0 1.0 0.0 0.0 0.0 0.0 0.0 0.182 0.515 0.818 0.670 2.0 0.157 0.128 0.121
0.0 1.0 0.0 0.0 0.0 0.0 0.0 0.0 0.0 0.0 0.212 0.485 0.788 0.640 1.0 0.101 0.128 0.121
0.0 0.0 1.0 0.0 0.0 0.0 0.0 0.0 0.0 0.0 0.182 0.515 0.818 0.670 2.0 0.124 0.128 0.121
0.0 1.0 0.0 0.0 0.0 0.0 0.0 0.0 0.0 0.0 0.182 0.636 0.818 0.752 1.0 0.124 0.128 0.076
0.0 0.0 1.0 0.0 0.0 0.0 0.0 0.0 0.0 0.0 0.424 0.273 0.576 0.450 2.0 0.247 0.333 0.106
0.0 0.0 1.0 0.0 0.0 0.0 0.0 0.0 0.0 0.0 0.636 0.182 0.364 0.297 2.0 0.213 0.538 0.076
0.0 0.0 1.0 0.0 0.0 0.0 0.0 0.0 0.0 0.0 0.758 0.152 0.242 0.205 2.0 0.169 0.641 0.061
0.0 0.0 1.0 0.0 0.0 0.0 0.0 0.0 0.0 0.0 0.818 0.152 0.182 0.162 2.0 0.157 0.744 0.045
0.0 1.0 0.0 0.0 0.0 0.0 0.0 0.0 0.0 0.0 0.788 0.182 0.212 0.192 1.0 0.157 0.744 0.045
0.0 0.0 0.0 0.0 0.0 1.0 0.0 0.0 0.0 0.0 0.758 0.212 0.242 0.222 2.0 0.157 0.744 0.045
0.0 0.0 0.0 0.0 1.0 0.0 0.0 0.0 0.0 0.0 0.394 0.303 0.606 0.481 3.0 0.360 0.333 0.106
0.0 0.0 0.0 0.0 1.0 0.0 0.0 0.0 0.0 0.0 0.606 0.212 0.394 0.327 3.0 0.315 0.538 0.076
0.0 0.0 0.0 0.0 1.0 0.0 0.0 0.0 0.0 0.0 0.727 0.182 0.273 0.235 2.0 0.202 0.641 0.061
0.0 0.0 0.0 1.0 0.0 0.0 0.0 0.0 0.0 0.0 0.364 0.333 0.636 0.489 2.0 0.247 0.231 0.121
0.0 1.0 0.0 0.0 0.0 0.0 0.0 0.0 0.0 0.0 0.545 0.212 0.455 0.359 1.0 0.124 0.436 0.091
0.0 0.0 1.0 0.0 0.0 0.0 0.0 0.0 0.0 0.0 0.606 0.152 0.394 0.298 2.0 0.191 0.436 0.091
0.0 1.0 0.0 0.0 0.0 0.0 0.0 0.0 0.0 0.0 0.273 0.424 0.727 0.580 1.0 0.124 0.128 0.121
0.0 1.0 0.0 0.0 0.0 0.0 0.0 0.0 0.0 0.0 0.424 0.333 0.576 0.480 1.0 0.135 0.333 0.091
0.0 0.0 0.0 1.0 0.0 0.0 0.0 0.0 0.0 0.0 0.758 0.212 0.242 0.222 2.0 0.146 0.744 0.045
0.0 0.0 0.0 1.0 0.0 0.0 0.0 0.0 0.0 0.0 0.727 0.182 0.273 0.235 2.0 0.146 0.641 0.061
0.0 0.0 0.0 1.0 0.0 0.0 0.0 0.0 0.0 0.0 0.606 0.212 0.394 0.327 2.0 0.157 0.538 0.076
0.0 0.0 0.0 0.0 1.0 0.0 0.0 0.0 0.0 0.0 0.303 0.394 0.697 0.571 2.0 0.180 0.231 0.106
0.0 0.0 0.0 1.0 0.0 0.0 0.0 0.0 0.0 0.0 0.394 0.303 0.606 0.481 2.0 0.146 0.333 0.106
0.0 0.0 0.0 1.0 0.0 0.0 0.0 0.0 0.0 0.0 0.576 0.182 0.424 0.328 2.0 0.135 0.436 0.091
0.0 0.0 0.0 1.0 0.0 0.0 0.0 0.0 0.0 0.0 0.545 0.212 0.455 0.359 2.0 0.191 0.436 0.091
0.0 0.0 0.0 0.0 1.0 0.0 0.0 0.0 0.0 0.0 0.303 0.394 0.697 0.549 2.0 0.202 0.231 0.121
0.0 1.0 0.0 0.0 0.0 0.0 0.0 0.0 0.0 0.0 0.333 0.364 0.667 0.519 1.0 0.124 0.231 0.121
0.0 0.0 1.0 0.0 0.0 0.0 0.0 0.0 0.0 0.0 0.303 0.394 0.697 0.549 2.0 0.146 0.231 0.121
0.0 0.0 0.0 1.0 0.0 0.0 0.0 0.0 0.0 0.0 0.364 0.152 0.212 0.178 2.0 0.135 0.410 0.121
0.0 1.0 0.0 0.0 0.0 0.0 0.0 0.0 1.0 0.0 0.030 0.485 0.545 0.511 1.0 0.056 0.026 0.121
0.0 1.0 0.0 0.0 0.0 0.0 0.0 0.0 1.0 0.0 0.030 0.485 0.545 0.511 1.0 0.056 0.026 0.121
0.0 1.0 0.0 0.0 0.0 0.0 0.0 0.0 1.0 0.0 0.030 0.485 0.545 0.511 1.0 0.056 0.026 0.121
0.0 1.0 0.0 0.0 0.0 0.0 0.0 0.0 1.0 0.0 0.030 0.485 0.545 0.511 1.0 0.056 0.026 0.121
0.0 1.0 0.0 0.0 0.0 0.0 0.0 0.0 1.0 0.0 0.030 0.485 0.545 0.511 1.0 0.056 0.026 0.121
0.0 1.0 0.0 0.0 0.0 0.0 0.0 0.0 1.0 0.0 0.030 0.485 0.545 0.511 1.0 0.056 0.026 0.121
0.0 1.0 0.0 0.0 0.0 0.0 0.0 0.0 1.0 0.0 0.030 0.485 0.545 0.511 1.0 0.056 0.026 0.121
0.0 1.0 0.0 0.0 0.0 0.0 0.0 0.0 1.0 0.0 0.030 0.485 0.545 0.511 1.0 0.045 0.026 0.121
0.0 0.0 0.0 1.0 0.0 0.0 0.0 0.0 1.0 0.0 0.061 0.455 0.515 0.481 2.0 0.067 0.051 0.121
0.0 1.0 0.0 0.0 0.0 0.0 0.0 0.0 0.0 0.0 0.121 0.394 0.455 0.420 1.0 0.090 0.103 0.121
0.0 0.0 0.0 1.0 0.0 0.0 0.0 0.0 1.0 0.0 0.091 0.424 0.485 0.451 3.0 0.067 0.103 0.121
0.0 0.0 0.0 0.0 1.0 0.0 0.0 0.0 1.0 0.0 0.061 0.455 0.515 0.481 2.0 0.079 0.051 0.121
0.0 0.0 0.0 1.0 0.0 0.0 0.0 0.0 1.0 0.0 0.061 0.455 0.515 0.481 2.0 0.079 0.051 0.121
0.0 0.0 0.0 1.0 0.0 0.0 0.0 0.0 0.0 0.0 0.152 0.364 0.424 0.390 3.0 0.124 0.154 0.121
0.0 0.0 0.0 0.0 1.0 0.0 0.0 0.0 1.0 0.0 0.061 0.455 0.515 0.481 2.0 0.079 0.051 0.121
0.0 0.0 0.0 1.0 0.0 0.0 0.0 0.0 1.0 0.0 0.061 0.455 0.515 0.481 2.0 0.079 0.051 0.121
0.0 0.0 0.0 1.0 0.0 0.0 0.0 0.0 0.0 0.0 0.182 0.333 0.394 0.360 3.0 0.146 0.205 0.121
0.0 0.0 0.0 0.0 1.0 0.0 0.0 0.0 1.0 0.0 0.061 0.455 0.515 0.481 2.0 0.079 0.051 0.121
0.0 0.0 0.0 1.0 0.0 0.0 0.0 0.0 1.0 0.0 0.061 0.455 0.515 0.481 2.0 0.079 0.051 0.121
0.0 0.0 0.0 1.0 0.0 0.0 0.0 0.0 0.0 0.0 0.212 0.303 0.364 0.330 3.0 0.146 0.256 0.121
0.0 0.0 0.0 0.0 1.0 0.0 0.0 0.0 1.0 0.0 0.061 0.455 0.515 0.481 2.0 0.079 0.051 0.121
0.0 0.0 0.0 1.0 0.0 0.0 0.0 0.0 1.0 0.0 0.061 0.455 0.515 0.481 2.0 0.079 0.051 0.121
0.0 1.0 0.0 0.0 0.0 0.0 0.0 0.0 0.0 0.0 0.273 0.242 0.303 0.269 1.0 0.101 0.308 0.121
0.0 0.0 1.0 0.0 0.0 0.0 0.0 0.0 0.0 0.0 0.242 0.273 0.333 0.299 3.0 0.124 0.308 0.121
