0.0 0.0 0.0 0.0 0.0 0.0 1.0 0.0 1.0 0.0 0.640 0.000 0.000 0.000 2.0 0.078 0.974 0.000
0.0 0.0 0.0 0.0 0.0 1.0 0.0 0.0 0.0 0.0 0.600 0.000 0.000 0.000 2.0 0.353 0.974 0.000
0.0 0.0 0.0 0.0 0.0 0.0 1.0 0.0 1.0 0.0 0.640 0.000 0.000 0.000 2.0 0.078 0.974 0.000
0.0 0.0 0.0 0.0 0.0 1.0 0.0 0.0 0.0 0.0 0.600 0.000 0.000 0.000 2.0 0.353 0.974 0.000
0.0 0.0 0.0 0.0 0.0 0.0 0.0 1.0 0.0 0.0 0.640 0.000 0.000 0.000 2.0 0.118 0.974 0.000
0.0 0.0 0.0 0.0 0.0 1.0 0.0 0.0 0.0 0.0 0.600 0.000 0.000 0.000 2.0 0.392 0.974 0.000
0.0 0.0 0.0 0.0 0.0 0.0 1.0 0.0 1.0 1.0 0.640 0.000 0.000 0.000 2.0 0.078 0.974 0.200
0.0 0.0 0.0 0.0 0.0 1.0 0.0 0.0 0.0 0.0 0.600 0.040 0.040 0.040 2.0 0.353 0.974 0.200
0.0 0.0 0.0 1.0 0.0 0.0 0.0 0.0 0.0 0.0 0.560 0.080 0.080 0.080 4.0 0.686 0.974 0.200
0.0 0.0 0.0 0.0 0.0 1.0 0.0 0.0 0.0 0.0 0.440 0.200 0.200 0.200 2.0 0.412 0.403 0.200
0.0 1.0 0.0 0.0 0.0 0.0 0.0 0.0 0.0 0.0 0.400 0.240 0.240 0.240 2.0 0.235 0.260 0.200
0.0 1.0 0.0 0.0 0.0 0.0 0.0 0.0 0.0 0.0 0.360 0.280 0.280 0.280 2.0 0.333 0.221 0.200
0.0 0.0 0.0 0.0 0.0 0.0 1.0 0.0 1.0 0.0 0.640 0.000 0.000 0.000 2.0 0.078 0.961 0.000
0.0 0.0 0.0 0.0 0.0 1.0 0.0 0.0 0.0 0.0 0.600 0.000 0.000 0.000 2.0 0.353 0.961 0.000
0.0 0.0 0.0 0.0 0.0 0.0 1.0 0.0 0.0 0.0 0.640 0.000 0.000 0.000 2.0 0.098 0.974 0.000
0.0 0.0 0.0 0.0 0.0 1.0 0.0 0.0 0.0 0.0 0.600 0.000 0.000 0.000 2.0 0.373 0.961 0.000
0.0 1.0 0.0 0.0 0.0 0.0 0.0 0.0 1.0 0.0 0.040 0.000 0.000 0.000 2.0 0.059 0.026 0.000
0.0 0.0 0.0 0.0 0.0 0.0 1.0 0.0 1.0 0.0 0.640 0.000 0.000 0.000 2.0 0.078 0.961 0.000
0.0 0.0 0.0 0.0 0.0 1.0 0.0 0.0 0.0 0.0 0.600 0.000 0.000 0.000 2.0 0.373 0.961 0.000
0.0 0.0 0.0 0.0 0.0 0.0 1.0 0.0 0.0 0.0 0.640 0.000 0.000 0.000 2.0 0.098 0.974 0.000
0.0 0.0 0.0 0.0 0.0 1.0 0.0 0.0 0.0 0.0 0.600 0.000 0.000 0.000 2.0 0.373 0.961 0.000
0.0 0.0 0.0 1.0 0.0 0.0 0.0 0.0 0.0 0.0 0.560 0.000 0.000 0.000 4.0 0.784 0.961 0.000
0.0 0.0 0.0 0.0 0.0 1.0 0.0 0.0 0.0 0.0 0.400 0.000 0.000 0.000 2.0 0.353 0.403 0.000
0.0 1.0 0.0 0.0 0.0 0.0 0.0 0.0 0.0 0.0 0.360 0.000 0.000 0.000 2.0 0.275 0.234 0.000
0.0 1.0 0.0 0.0 0.0 0.0 0.0 0.0 1.0 0.0 0.040 0.000 0.000 0.000 2.0 0.059 0.026 0.000
0.0 1.0 0.0 0.0 0.0 0.0 0.0 0.0 0.0 0.0 0.760 0.000 0.000 0.000 2.0 0.078 0.987 0.000
0.0 0.0 0.0 0.0 0.0 1.0 0.0 0.0 0.0 0.0 0.720 0.000 0.000 0.000 2.0 0.118 0.974 0.000
0.0 1.0 0.0 0.0 0.0 0.0 0.0 0.0 0.0 0.0 0.680 0.000 0.000 0.000 2.0 0.137 0.974 0.000
0.0 0.0 0.0 1.0 0.0 0.0 0.0 0.0 1.0 0.0 0.640 0.000 0.000 0.000 3.0 0.294 0.961 0.000
0.0 0.0 0.0 0.0 0.0 1.0 0.0 0.0 1.0 0.0 0.640 0.000 0.000 0.000 2.0 0.137 0.961 0.000
0.0 0.0 0.0 0.0 0.0 1.0 0.0 0.0 0.0 0.0 0.600 0.000 0.000 0.000 2.0 0.392 0.961 0.000
0.0 0.0 0.0 0.0 0.0 1.0 0.0 0.0 0.0 0.0 0.720 0.000 0.000 0.000 2.0 0.098 0.974 0.000
0.0 1.0 0.0 0.0 0.0 0.0 0.0 0.0 0.0 0.0 0.680 0.000 0.000 0.000 2.0 0.118 0.974 0.000
0.0 0.0 0.0 1.0 0.0 0.0 0.0 0.0 1.0 0.0 0.640 0.000 0.000 0.000 3.0 0.275 0.961 0.000
0.0 1.0 0.0 0.0 0.0 0.0 0.0 0.0 0.0 0.0 0.600 0.000 0.000 0.000 1.0 0.314 0.961 0.000
0.0 0.0 0.0 0.0 0.0 1.0 0.0 0.0 1.0 0.0 0.640 0.000 0.000 0.000 2.0 0.118 0.961 0.000
0.0 0.0 0.0 0.0 0.0 1.0 0.0 0.0 0.0 0.0 0.600 0.000 0.000 0.000 2.0 0.392 0.961 0.000
0.0 0.0 0.0 0.0 0.0 0.0 1.0 0.0 1.0 1.0 0.640 0.000 0.000 0.000 2.0 0.078 0.961 0.200
0.0 0.0 0.0 0.0 0.0 1.0 0.0 0.0 0.0 0.0 0.600 0.040 0.040 0.040 2.0 0.392 0.961 0.200
0.0 0.0 0.0 0.0 0.0 0.0 1.0 0.0 1.0 0.0 0.640 0.000 0.000 0.000 2.0 0.078 0.961 0.000
0.0 0.0 0.0 0.0 0.0 1.0 0.0 0.0 0.0 0.0 0.600 0.000 0.000 0.000 2.0 0.373 0.961 0.000
0.0 0.0 0.0 1.0 0.0 0.0 0.0 0.0 0.0 0.0 0.560 0.080 0.080 0.080 4.0 0.686 0.961 0.200
0.0 0.0 0.0 0.0 0.0 1.0 0.0 0.0 0.0 0.0 0.360 0.280 0.280 0.280 2.0 0.549 0.416 0.200
0.0 1.0 0.0 0.0 0.0 0.0 0.0 0.0 0.0 0.0 0.520 0.120 0.120 0.120 2.0 0.392 0.234 0.200
0.0 0.0 0.0 0.0 0.0 0.0 1.0 0.0 1.0 0.0 0.680 0.000 0.000 0.000 2.0 0.078 0.974 0.000
0.0 0.0 0.0 0.0 0.0 1.0 0.0 0.0 0.0 0.0 0.640 0.000 0.000 0.000 2.0 0.353 0.974 0.000
0.0 0.0 0.0 0.0 0.0 0.0 1.0 0.0 1.0 0.0 0.680 0.000 0.000 0.000 2.0 0.078 0.974 0.000
0.0 0.0 0.0 0.0 0.0 1.0 0.0 0.0 0.0 0.0 0.640 0.000 0.000 0.000 2.0 0.353 0.974 0.000
0.0 0.0 0.0 0.0 0.0 0.0 1.0 0.0 1.0 0.0 0.680 0.000 0.000 0.000 2.0 0.078 0.974 0.000
0.0 0.0 0.0 0.0 0.0 1.0 0.0 0.0 0.0 0.0 0.640 0.000 0.000 0.000 2.0 0.373 0.974 0.000
0.0 0.0 0.0 0.0 0.0 0.0 1.0 0.0 0.0 0.0 0.680 0.000 0.000 0.000 2.0 0.098 0.987 0.000
0.0 0.0 0.0 0.0 0.0 1.0 0.0 0.0 0.0 0.0 0.640 0.000 0.000 0.000 2.0 0.373 0.974 0.000
0.0 0.0 0.0 1.0 0.0 0.0 0.0 0.0 0.0 0.0 0.600 0.000 0.000 0.000 4.0 0.725 0.974 0.000
0.0 0.0 0.0 0.0 0.0 1.0 0.0 0.0 0.0 0.0 0.560 0.000 0.000 0.000 2.0 0.255 0.403 0.000
0.0 1.0 0.0 0.0 0.0 0.0 0.0 0.0 0.0 0.0 0.520 0.000 0.000 0.000 2.0 0.275 0.234 0.000
0.0 1.0 0.0 0.0 0.0 0.0 0.0 0.0 0.0 0.0 0.400 0.000 0.000 0.000 2.0 0.196 0.234 0.000
0.0 0.0 0.0 1.0 0.0 0.0 0.0 0.0 0.0 0.0 0.520 0.120 0.120 0.120 4.0 1.000 0.753 0.400
0.0 0.0 0.0 1.0 0.0 0.0 0.0 0.0 0.0 0.0 0.480 0.160 0.160 0.160 4.0 0.588 0.636 0.400
0.0 1.0 0.0 0.0 0.0 0.0 0.0 0.0 0.0 0.0 0.440 0.200 0.200 0.200 2.0 0.255 0.221 0.400
0.0 1.0 0.0 0.0 0.0 0.0 0.0 0.0 0.0 0.0 0.360 0.280 0.280 0.280 2.0 0.275 0.234 0.400
0.0 0.0 0.0 1.0 0.0 0.0 0.0 0.0 0.0 0.0 0.480 0.160 0.160 0.160 4.0 0.451 0.649 0.400
0.0 1.0 0.0 0.0 0.0 0.0 0.0 0.0 0.0 0.0 0.440 0.200 0.200 0.200 2.0 0.255 0.221 0.400
0.0 1.0 0.0 0.0 0.0 0.0 0.0 0.0 0.0 0.0 0.400 0.240 0.240 0.240 2.0 0.275 0.234 0.400
0.0 1.0 0.0 0.0 0.0 0.0 0.0 0.0 0.0 0.0 0.400 0.240 0.240 0.240 2.0 0.294 0.221 0.400
0.0 0.0 0.0 1.0 0.0 0.0 0.0 0.0 0.0 0.0 0.480 0.160 0.160 0.160 4.0 0.451 0.649 0.400
0.0 1.0 0.0 0.0 0.0 0.0 0.0 0.0 0.0 0.0 0.400 0.240 0.240 0.240 2.0 0.294 0.221 0.400
0.0 1.0 0.0 0.0 0.0 0.0 0.0 0.0 0.0 0.0 0.440 0.200 0.200 0.200 2.0 0.255 0.221 0.400
0.0 1.0 0.0 0.0 0.0 0.0 0.0 0.0 0.0 0.0 0.440 0.200 0.200 0.200 2.0 0.275 0.234 0.400
0.0 0.0 0.0 1.0 0.0 0.0 0.0 0.0 0.0 0.0 0.480 0.160 0.160 0.160 4.0 0.431 0.649 0.400
0.0 1.0 0.0 0.0 0.0 0.0 0.0 0.0 0.0 0.0 0.440 0.200 0.200 0.200 2.0 0.275 0.221 0.400
0.0 1.0 0.0 0.0 0.0 0.0 0.0 0.0 0.0 0.0 0.360 0.280 0.280 0.280 2.0 0.275 0.234 0.400
0.0 1.0 0.0 0.0 0.0 0.0 0.0 0.0 0.0 0.0 0.400 0.240 0.240 0.240 2.0 0.275 0.234 0.400
0.0 1.0 0.0 0.0 0.0 0.0 0.0 0.0 1.0 0.0 0.040 0.000 0.000 0.000 2.0 0.059 0.026 0.000
0.0 0.0 0.0 0.0 0.0 0.0 1.0 0.0 1.0 0.0 0.880 0.000 0.000 0.000 2.0 0.078 0.974 0.000
0.0 0.0 0.0 0.0 0.0 1.0 0.0 0.0 0.0 0.0 0.840 0.000 0.000 0.000 2.0 0.392 0.974 0.000
0.0 0.0 0.0 0.0 0.0 0.0 1.0 0.0 1.0 1.0 0.880 0.000 0.000 0.000 2.0 0.078 0.974 0.200
0.0 0.0 0.0 0.0 0.0 1.0 0.0 0.0 0.0 0.0 0.840 0.040 0.040 0.040 2.0 0.353 0.974 0.200
0.0 0.0 0.0 1.0 0.0 0.0 0.0 0.0 0.0 0.0 0.960 0.000 0.000 0.000 2.0 0.098 0.987 0.000
0.0 0.0 0.0 1.0 0.0 0.0 0.0 0.0 1.0 0.0 0.880 0.000 0.000 0.000 2.0 0.137 0.974 0.000
0.0 1.0 0.0 0.0 0.0 0.0 0.0 0.0 0.0 0.0 0.920 0.000 0.000 0.000 2.0 0.098 0.987 0.000
0.0 0.0 0.0 0.0 0.0 1.0 0.0 0.0 1.0 0.0 0.880 0.000 0.000 0.000 2.0 0.137 0.974 0.000
0.0 0.0 0.0 0.0 1.0 0.0 0.0 0.0 0.0 0.0 0.840 0.000 0.000 0.000 2.0 0.392 0.974 0.000
0.0 0.0 0.0 0.0 0.0 0.0 1.0 0.0 1.0 0.0 0.880 0.000 0.000 0.000 2.0 0.078 0.974 0.000
0.0 0.0 0.0 0.0 0.0 1.0 0.0 0.0 0.0 0.0 0.840 0.000 0.000 0.000 2.0 0.353 0.974 0.000
0.0 0.0 0.0 1.0 0.0 0.0 0.0 0.0 0.0 0.0 0.800 0.080 0.080 0.080 4.0 0.647 0.974 0.200
0.0 0.0 0.0 0.0 0.0 1.0 0.0 0.0 0.0 0.0 0.400 0.480 0.480 0.480 2.0 0.510 0.416 0.200
0.0 1.0 0.0 0.0 0.0 0.0 0.0 0.0 0.0 0.0 0.400 0.480 0.480 0.480 2.0 0.333 0.234 0.200
0.0 0.0 0.0 0.0 0.0 0.0 1.0 0.0 1.0 0.0 0.960 0.000 0.000 0.000 2.0 0.078 0.987 0.000
0.0 0.0 0.0 0.0 0.0 1.0 0.0 0.0 0.0 0.0 0.920 0.000 0.000 0.000 2.0 0.392 0.987 0.000
0.0 0.0 0.0 0.0 0.0 0.0 1.0 0.0 1.0 0.0 0.960 0.000 0.000 0.000 2.0 0.078 0.987 0.000
0.0 0.0 0.0 0.0 0.0 1.0 0.0 0.0 0.0 0.0 0.920 0.000 0.000 0.000 2.0 0.353 0.987 0.000
0.0 0.0 0.0 0.0 0.0 0.0 1.0 0.0 1.0 0.0 0.960 0.000 0.000 0.000 2.0 0.078 0.987 0.000
0.0 0.0 0.0 0.0 0.0 1.0 0.0 0.0 0.0 0.0 0.920 0.000 0.000 0.000 2.0 0.333 0.987 0.000
0.0 0.0 0.0 0.0 0.0 0.0 1.0 0.0 1.0 0.0 0.960 0.000 0.000 0.000 2.0 0.078 0.987 0.000
0.0 0.0 0.0 0.0 0.0 1.0 0.0 0.0 0.0 0.0 0.920 0.000 0.000 0.000 2.0 0.353 0.987 0.000
0.0 0.0 0.0 1.0 0.0 0.0 0.0 0.0 0.0 0.0 0.880 0.000 0.000 0.000 4.0 0.549 0.987 0.000
0.0 1.0 0.0 0.0 0.0 0.0 0.0 0.0 0.0 0.0 0.440 0.000 0.000 0.000 2.0 0.333 0.221 0.000
0.0 1.0 0.0 0.0 0.0 0.0 0.0 0.0 0.0 0.0 0.400 0.000 0.000 0.000 2.0 0.333 0.234 0.000
0.0 0.0 0.0 0.0 0.0 0.0 1.0 0.0 1.0 1.0 0.880 0.000 0.000 0.000 2.0 0.078 0.961 0.200
0.0 0.0 0.0 0.0 0.0 1.0 0.0 0.0 0.0 0.0 0.840 0.040 0.040 0.040 2.0 0.412 0.961 0.200
0.0 0.0 0.0 0.0 0.0 0.0 1.0 0.0 1.0 0.0 0.880 0.000 0.000 0.000 2.0 0.078 0.961 0.000
0.0 0.0 0.0 0.0 0.0 1.0 0.0 0.0 0.0 0.0 0.840 0.000 0.000 0.000 2.0 0.373 0.961 0.000
0.0 0.0 0.0 0.0 0.0 1.0 0.0 0.0 0.0 0.0 0.960 0.000 0.000 0.000 2.0 0.098 0.974 0.000
0.0 1.0 0.0 0.0 0.0 0.0 0.0 0.0 0.0 0.0 0.920 0.000 0.000 0.000 2.0 0.118 0.974 0.000
0.0 0.0 0.0 1.0 0.0 0.0 0.0 0.0 1.0 0.0 0.880 0.000 0.000 0.000 3.0 0.294 0.961 0.000
0.0 1.0 0.0 0.0 0.0 0.0 0.0 0.0 0.0 0.0 0.840 0.000 0.000 0.000 1.0 0.255 0.961 0.000
0.0 0.0 0.0 0.0 0.0 1.0 0.0 0.0 1.0 0.0 0.880 0.000 0.000 0.000 2.0 0.118 0.961 0.000
0.0 0.0 0.0 0.0 0.0 1.0 0.0 0.0 0.0 0.0 0.840 0.000 0.000 0.000 2.0 0.373 0.961 0.000
0.0 0.0 0.0 0.0 0.0 0.0 1.0 0.0 1.0 0.0 0.880 0.000 0.000 0.000 2.0 0.078 0.961 0.000
0.0 0.0 0.0 0.0 0.0 1.0 0.0 0.0 0.0 0.0 0.840 0.000 0.000 0.000 2.0 0.373 0.961 0.000
0.0 0.0 0.0 1.0 0.0 0.0 0.0 0.0 0.0 0.0 0.800 0.080 0.080 0.080 4.0 0.804 0.961 0.200
0.0 0.0 0.0 0.0 0.0 1.0 0.0 0.0 0.0 0.0 0.440 0.440 0.440 0.440 2.0 0.510 0.377 0.200
0.0 1.0 0.0 0.0 0.0 0.0 0.0 0.0 0.0 0.0 0.400 0.240 0.480 0.320 1.0 0.608 0.221 0.600
0.0 0.0 0.0 1.0 0.0 0.0 0.0 0.0 0.0 0.0 1.000 0.000 0.000 0.000 2.0 0.098 1.000 0.000
1.0 0.0 0.0 0.0 0.0 0.0 0.0 0.0 1.0 0.0 0.040 0.000 0.000 0.000 2.0 0.059 0.026 0.000
0.0 0.0 0.0 0.0 0.0 0.0 1.0 0.0 0.0 0.0 0.960 0.000 0.000 0.000 2.0 0.137 1.000 0.000
0.0 0.0 0.0 0.0 0.0 1.0 0.0 0.0 0.0 0.0 0.920 0.000 0.000 0.000 2.0 0.431 0.987 0.000
0.0 1.0 0.0 0.0 0.0 0.0 0.0 0.0 1.0 0.0 0.040 0.000 0.000 0.000 2.0 0.078 0.026 0.000
0.0 0.0 0.0 0.0 0.0 0.0 0.0 1.0 0.0 0.0 0.960 0.000 0.000 0.000 2.0 0.118 0.987 0.000
0.0 0.0 0.0 0.0 0.0 1.0 0.0 0.0 0.0 0.0 0.920 0.000 0.000 0.000 2.0 0.373 0.987 0.000
0.0 0.0 0.0 0.0 0.0 0.0 1.0 0.0 1.0 0.0 0.960 0.000 0.000 0.000 2.0 0.078 0.987 0.000
0.0 0.0 0.0 0.0 0.0 1.0 0.0 0.0 0.0 0.0 0.920 0.000 0.000 0.000 2.0 0.333 0.987 0.000
0.0 0.0 0.0 0.0 0.0 0.0 1.0 0.0 1.0 1.0 0.960 0.000 0.000 0.000 2.0 0.078 0.987 0.200
0.0 0.0 0.0 0.0 0.0 1.0 0.0 0.0 0.0 0.0 0.920 0.040 0.040 0.040 2.0 0.353 0.987 0.200
0.0 0.0 0.0 1.0 0.0 0.0 0.0 0.0 0.0 0.0 0.880 0.080 0.080 0.080 4.0 0.569 0.987 0.200
0.0 0.0 0.0 0.0 0.0 0.0 0.0 1.0 0.0 0.0 0.360 0.280 0.600 0.440 2.0 0.686 0.221 1.000
0.0 0.0 0.0 0.0 0.0 1.0 0.0 0.0 0.0 0.0 0.280 0.360 0.680 0.520 2.0 0.275 0.078 1.000
0.0 1.0 0.0 0.0 0.0 0.0 0.0 0.0 0.0 0.0 0.240 0.400 0.720 0.560 2.0 0.137 0.078 1.000
0.0 0.0 0.0 1.0 0.0 0.0 0.0 0.0 0.0 0.0 0.200 0.440 0.760 0.600 2.0 0.157 0.065 1.000
0.0 0.0 0.0 0.0 0.0 1.0 0.0 0.0 0.0 0.0 0.200 0.440 0.760 0.600 2.0 0.176 0.065 1.000
0.0 0.0 0.0 0.0 0.0 0.0 1.0 0.0 1.0 0.0 0.040 0.600 0.920 0.760 2.0 0.118 0.026 1.000
0.0 0.0 1.0 0.0 0.0 0.0 0.0 0.0 0.0 0.0 0.160 0.480 0.800 0.640 2.0 0.196 0.039 1.000
0.0 0.0 0.0 1.0 0.0 0.0 0.0 0.0 1.0 0.0 0.080 0.560 0.880 0.720 2.0 0.176 0.026 1.000
0.0 1.0 0.0 0.0 0.0 0.0 0.0 0.0 0.0 0.0 0.120 0.520 0.840 0.680 2.0 0.137 0.039 1.000
0.0 0.0 0.0 0.0 1.0 0.0 0.0 0.0 1.0 0.0 0.080 0.560 0.880 0.720 2.0 0.137 0.026 1.000
0.0 0.0 0.0 1.0 0.0 0.0 0.0 0.0 0.0 0.0 0.320 0.320 0.640 0.480 2.0 0.275 0.143 1.000
0.0 0.0 0.0 1.0 0.0 0.0 0.0 0.0 0.0 0.0 0.200 0.440 0.760 0.600 2.0 0.176 0.130 1.000
0.0 0.0 0.0 1.0 0.0 0.0 0.0 0.0 1.0 0.0 0.040 0.600 0.920 0.760 2.0 0.078 0.026 1.000
0.0 1.0 0.0 0.0 0.0 0.0 0.0 0.0 0.0 0.0 0.280 0.360 0.680 0.520 2.0 0.118 0.143 1.000
0.0 0.0 0.0 1.0 0.0 0.0 0.0 0.0 1.0 0.0 0.240 0.400 0.720 0.560 3.0 0.098 0.130 1.000
0.0 1.0 0.0 0.0 0.0 0.0 0.0 0.0 0.0 0.0 0.200 0.440 0.760 0.600 1.0 0.137 0.104 1.000
0.0 0.0 0.0 0.0 0.0 0.0 0.0 1.0 0.0 0.0 0.160 0.480 0.800 0.640 2.0 0.235 0.104 1.000
0.0 0.0 0.0 0.0 0.0 0.0 1.0 0.0 0.0 0.0 0.120 0.520 0.840 0.680 2.0 0.196 0.052 1.000
0.0 0.0 0.0 0.0 0.0 0.0 1.0 0.0 0.0 0.0 0.080 0.560 0.880 0.720 2.0 0.196 0.052 1.000
0.0 0.0 0.0 0.0 0.0 1.0 0.0 0.0 0.0 0.0 0.840 0.120 0.120 0.120 2.0 0.529 0.831 0.200
0.0 1.0 0.0 0.0 0.0 0.0 0.0 0.0 0.0 0.0 0.360 0.280 0.600 0.420 1.0 0.569 0.221 0.800
0.0 0.0 0.0 0.0 0.0 0.0 0.0 1.0 0.0 0.0 0.320 0.320 0.640 0.480 2.0 0.549 0.221 1.000
0.0 0.0 0.0 0.0 0.0 0.0 1.0 0.0 0.0 0.0 0.280 0.360 0.680 0.520 2.0 0.294 0.195 1.000
0.0 0.0 0.0 1.0 0.0 0.0 0.0 0.0 0.0 0.0 0.200 0.440 0.760 0.600 2.0 0.176 0.117 1.000
0.0 0.0 0.0 1.0 0.0 0.0 0.0 0.0 0.0 0.0 0.120 0.520 0.840 0.680 2.0 0.216 0.104 1.000
0.0 1.0 0.0 0.0 0.0 0.0 0.0 0.0 0.0 0.0 0.160 0.480 0.800 0.640 2.0 0.137 0.117 1.000
0.0 0.0 0.0 0.0 0.0 1.0 0.0 0.0 0.0 0.0 0.120 0.520 0.840 0.680 2.0 0.196 0.104 1.000
0.0 0.0 0.0 0.0 0.0 0.0 0.0 1.0 0.0 0.0 0.080 0.560 0.880 0.720 2.0 0.157 0.052 1.000
0.0 0.0 0.0 0.0 0.0 0.0 1.0 0.0 1.0 0.0 0.040 0.600 0.920 0.760 2.0 0.098 0.026 1.000
0.0 0.0 0.0 0.0 0.0 0.0 0.0 1.0 1.0 0.0 0.040 0.600 0.920 0.760 2.0 0.098 0.026 1.000
0.0 0.0 0.0 0.0 0.0 0.0 1.0 0.0 0.0 0.0 0.080 0.560 0.880 0.720 2.0 0.157 0.052 1.000
0.0 0.0 0.0 0.0 0.0 0.0 1.0 0.0 1.0 0.0 0.040 0.600 0.920 0.760 2.0 0.098 0.026 1.000
0.0 0.0 0.0 0.0 0.0 0.0 0.0 1.0 1.0 0.0 0.040 0.600 0.920 0.760 2.0 0.098 0.026 1.000
0.0 0.0 0.0 1.0 0.0 0.0 0.0 0.0 0.0 0.0 0.240 0.400 0.720 0.560 2.0 0.176 0.078 1.000
0.0 0.0 0.0 1.0 0.0 0.0 0.0 0.0 0.0 0.0 0.160 0.480 0.800 0.640 2.0 0.157 0.065 1.000
0.0 1.0 0.0 0.0 0.0 0.0 0.0 0.0 0.0 0.0 0.200 0.440 0.760 0.600 2.0 0.137 0.078 1.000
0.0 0.0 0.0 1.0 0.0 0.0 0.0 0.0 0.0 0.0 0.160 0.480 0.800 0.640 2.0 0.137 0.065 1.000
0.0 1.0 0.0 0.0 0.0 0.0 0.0 0.0 0.0 0.0 0.120 0.520 0.840 0.680 2.0 0.157 0.065 1.000
0.0 0.0 0.0 1.0 0.0 0.0 0.0 0.0 0.0 0.0 0.080 0.560 0.880 0.720 2.0 0.118 0.052 1.000
0.0 0.0 0.0 0.0 0.0 0.0 1.0 0.0 1.0 0.0 0.040 0.600 0.920 0.760 2.0 0.118 0.026 1.000
0.0 0.0 0.0 0.0 0.0 0.0 1.0 0.0 1.0 0.0 0.040 0.600 0.920 0.760 2.0 0.118 0.026 1.000
0.0 0.0 0.0 1.0 0.0 0.0 0.0 0.0 1.0 0.0 0.040 0.600 0.920 0.760 2.0 0.176 0.026 1.000
0.0 1.0 0.0 0.0 0.0 0.0 0.0 0.0 0.0 0.0 0.800 0.160 0.160 0.160 1.0 0.216 0.779 0.200
0.0 0.0 0.0 1.0 0.0 0.0 0.0 0.0 0.0 0.0 0.760 0.120 0.200 0.147 3.0 0.588 0.779 0.600
0.0 0.0 0.0 1.0 0.0 0.0 0.0 0.0 0.0 0.0 0.560 0.320 0.400 0.347 4.0 0.471 0.649 0.600
0.0 1.0 0.0 0.0 0.0 0.0 0.0 0.0 0.0 0.0 0.360 0.520 0.600 0.547 2.0 0.275 0.221 0.600
0.0 1.0 0.0 0.0 0.0 0.0 0.0 0.0 0.0 0.0 0.400 0.480 0.560 0.507 2.0 0.275 0.260 0.600
0.0 0.0 0.0 1.0 0.0 0.0 0.0 0.0 0.0 0.0 0.720 0.160 0.240 0.187 2.0 0.353 0.727 0.600
0.0 0.0 0.0 1.0 0.0 0.0 0.0 0.0 0.0 0.0 0.680 0.200 0.280 0.227 3.0 0.235 0.610 0.600
0.0 1.0 0.0 0.0 0.0 0.0 0.0 0.0 0.0 0.0 0.640 0.240 0.320 0.267 2.0 0.196 0.545 0.600
0.0 0.0 0.0 1.0 0.0 0.0 0.0 0.0 0.0 0.0 0.560 0.320 0.400 0.347 3.0 0.333 0.532 0.600
0.0 1.0 0.0 0.0 0.0 0.0 0.0 0.0 0.0 0.0 0.320 0.320 0.640 0.520 1.0 0.569 0.208 0.800
0.0 1.0 0.0 0.0 0.0 0.0 0.0 0.0 0.0 0.0 0.520 0.360 0.440 0.387 2.0 0.294 0.234 0.600
0.0 1.0 0.0 0.0 0.0 0.0 0.0 0.0 0.0 0.0 0.400 0.480 0.560 0.507 2.0 0.216 0.234 0.600
0.0 1.0 0.0 0.0 0.0 0.0 0.0 0.0 0.0 0.0 0.560 0.320 0.400 0.347 2.0 0.196 0.545 0.600
0.0 0.0 0.0 1.0 0.0 0.0 0.0 0.0 0.0 0.0 0.720 0.160 0.240 0.187 2.0 0.353 0.701 0.600
0.0 0.0 0.0 1.0 0.0 0.0 0.0 0.0 0.0 0.0 0.680 0.200 0.280 0.227 2.0 0.157 0.584 0.600
0.0 1.0 0.0 0.0 0.0 0.0 0.0 0.0 0.0 0.0 0.560 0.320 0.400 0.347 2.0 0.176 0.545 0.600
0.0 0.0 1.0 0.0 0.0 0.0 0.0 0.0 0.0 0.0 0.520 0.360 0.440 0.387 3.0 0.373 0.532 0.600
0.0 1.0 0.0 0.0 0.0 0.0 0.0 0.0 0.0 0.0 0.320 0.560 0.640 0.587 2.0 0.275 0.221 0.600
0.0 1.0 0.0 0.0 0.0 0.0 0.0 0.0 0.0 0.0 0.400 0.480 0.560 0.507 2.0 0.235 0.234 0.600
0.0 1.0 0.0 0.0 0.0 0.0 0.0 0.0 0.0 0.0 0.640 0.240 0.320 0.267 2.0 0.176 0.545 0.600
0.0 0.0 1.0 0.0 0.0 0.0 0.0 0.0 0.0 0.0 0.600 0.280 0.360 0.307 3.0 0.333 0.532 0.600
0.0 1.0 0.0 0.0 0.0 0.0 0.0 0.0 0.0 0.0 0.560 0.320 0.400 0.347 2.0 0.255 0.234 0.600
0.0 1.0 0.0 0.0 0.0 0.0 0.0 0.0 0.0 0.0 0.520 0.360 0.440 0.387 1.0 0.608 0.221 0.600
0.0 0.0 0.0 1.0 0.0 0.0 0.0 0.0 0.0 0.0 0.480 0.160 0.480 0.320 2.0 0.824 0.221 1.000
0.0 0.0 0.0 1.0 0.0 0.0 0.0 0.0 0.0 0.0 0.400 0.240 0.560 0.400 2.0 0.353 0.208 1.000
0.0 1.0 0.0 0.0 0.0 0.0 0.0 0.0 0.0 0.0 0.440 0.200 0.520 0.360 2.0 0.275 0.221 1.000
0.0 0.0 0.0 0.0 1.0 0.0 0.0 0.0 0.0 0.0 0.400 0.240 0.560 0.400 2.0 0.196 0.208 1.000
0.0 0.0 1.0 0.0 0.0 0.0 0.0 0.0 0.0 0.0 0.360 0.280 0.600 0.440 2.0 0.216 0.156 1.000
0.0 1.0 0.0 0.0 0.0 0.0 0.0 0.0 0.0 0.0 0.280 0.360 0.680 0.520 2.0 0.176 0.130 1.000
0.0 0.0 0.0 0.0 0.0 0.0 1.0 0.0 0.0 0.0 0.320 0.320 0.640 0.480 2.0 0.157 0.156 1.000
0.0 1.0 0.0 0.0 0.0 0.0 0.0 0.0 0.0 0.0 0.280 0.360 0.680 0.520 2.0 0.157 0.130 1.000
0.0 0.0 0.0 0.0 0.0 0.0 1.0 0.0 0.0 0.0 0.240 0.400 0.720 0.560 2.0 0.275 0.117 1.000
0.0 0.0 0.0 1.0 0.0 0.0 0.0 0.0 1.0 0.0 0.040 0.600 0.920 0.760 2.0 0.078 0.026 1.000
0.0 0.0 0.0 0.0 0.0 0.0 1.0 0.0 0.0 0.0 0.080 0.560 0.880 0.720 2.0 0.196 0.052 1.000
0.0 0.0 0.0 0.0 0.0 0.0 1.0 0.0 1.0 0.0 0.040 0.600 0.920 0.760 2.0 0.157 0.026 1.000
0.0 0.0 0.0 0.0 0.0 0.0 0.0 1.0 0.0 0.0 0.280 0.360 0.680 0.520 2.0 0.784 0.208 1.000
0.0 0.0 0.0 0.0 0.0 0.0 0.0 1.0 0.0 0.0 0.160 0.480 0.800 0.640 2.0 0.333 0.104 1.000
0.0 0.0 0.0 0.0 0.0 0.0 1.0 0.0 0.0 0.0 0.120 0.520 0.840 0.680 2.0 0.176 0.052 1.000
0.0 0.0 0.0 0.0 0.0 0.0 0.0 1.0 1.0 0.0 0.080 0.560 0.880 0.720 2.0 0.176 0.026 1.000
0.0 1.0 0.0 0.0 0.0 0.0 0.0 0.0 1.0 0.0 0.040 0.600 0.920 0.760 1.0 0.118 0.013 1.000
0.0 0.0 0.0 0.0 0.0 0.0 1.0 0.0 0.0 0.0 0.240 0.400 0.720 0.560 2.0 0.294 0.104 1.000
0.0 0.0 0.0 0.0 0.0 0.0 0.0 1.0 0.0 0.0 0.200 0.440 0.760 0.600 2.0 0.235 0.065 1.000
0.0 0.0 0.0 0.0 0.0 0.0 1.0 0.0 1.0 0.0 0.040 0.600 0.920 0.760 2.0 0.098 0.026 1.000
0.0 0.0 0.0 1.0 0.0 0.0 0.0 0.0 0.0 0.0 0.160 0.480 0.800 0.640 2.0 0.176 0.039 1.000
0.0 0.0 0.0 1.0 0.0 0.0 0.0 0.0 1.0 0.0 0.080 0.560 0.880 0.720 2.0 0.157 0.026 1.000
0.0 1.0 0.0 0.0 0.0 0.0 0.0 0.0 0.0 0.0 0.120 0.520 0.840 0.680 2.0 0.118 0.039 1.000
0.0 0.0 0.0 0.0 1.0 0.0 0.0 0.0 1.0 0.0 0.080 0.560 0.880 0.720 2.0 0.137 0.026 1.000
0.0 1.0 0.0 0.0 0.0 0.0 0.0 0.0 1.0 0.0 0.040 0.600 0.920 0.760 1.0 0.176 0.013 1.000
0.0 1.0 0.0 0.0 0.0 0.0 0.0 0.0 0.0 0.0 0.080 0.560 0.880 0.720 2.0 0.098 0.039 1.000
0.0 0.0 0.0 1.0 0.0 0.0 0.0 0.0 1.0 0.0 0.040 0.600 0.920 0.760 2.0 0.059 0.026 1.000
0.0 1.0 0.0 0.0 0.0 0.0 0.0 0.0 0.0 0.0 0.400 0.480 0.560 0.507 2.0 0.235 0.234 0.600
0.0 1.0 0.0 0.0 0.0 0.0 0.0 0.0 0.0 0.0 0.360 0.520 0.600 0.547 1.0 0.471 0.221 0.600
0.0 0.0 0.0 0.0 0.0 0.0 0.0 1.0 0.0 0.0 0.320 0.320 0.640 0.480 2.0 0.627 0.221 1.000
0.0 0.0 0.0 0.0 0.0 0.0 1.0 0.0 0.0 0.0 0.120 0.520 0.840 0.680 2.0 0.314 0.078 1.000
0.0 0.0 0.0 0.0 0.0 0.0 1.0 0.0 0.0 0.0 0.080 0.560 0.880 0.720 2.0 0.137 0.052 1.000
0.0 0.0 0.0 1.0 0.0 0.0 0.0 0.0 1.0 0.0 0.040 0.600 0.920 0.760 2.0 0.078 0.026 1.000
0.0 0.0 0.0 0.0 0.0 0.0 0.0 1.0 1.0 0.0 0.040 0.600 0.920 0.760 2.0 0.137 0.026 1.000
0.0 1.0 0.0 0.0 0.0 0.0 0.0 0.0 0.0 0.0 0.280 0.360 0.680 0.520 2.0 0.275 0.143 1.000
0.0 0.0 0.0 1.0 0.0 0.0 0.0 0.0 0.0 0.0 0.240 0.400 0.720 0.560 2.0 0.157 0.130 1.000
0.0 0.0 0.0 1.0 0.0 0.0 0.0 0.0 0.0 0.0 0.160 0.480 0.800 0.640 2.0 0.275 0.117 1.000
0.0 1.0 0.0 0.0 0.0 0.0 0.0 0.0 0.0 0.0 0.200 0.440 0.760 0.600 2.0 0.137 0.130 1.000
0.0 0.0 0.0 0.0 0.0 1.0 0.0 0.0 0.0 0.0 0.160 0.480 0.800 0.640 2.0 0.255 0.117 1.000
0.0 0.0 0.0 0.0 0.0 0.0 0.0 1.0 0.0 0.0 0.080 0.560 0.880 0.720 2.0 0.235 0.052 1.000
0.0 0.0 0.0 0.0 0.0 0.0 1.0 0.0 1.0 0.0 0.040 0.600 0.920 0.760 2.0 0.118 0.026 1.000
0.0 0.0 0.0 0.0 0.0 0.0 0.0 1.0 1.0 0.0 0.040 0.600 0.920 0.760 2.0 0.118 0.026 1.000
0.0 1.0 0.0 0.0 0.0 0.0 0.0 0.0 0.0 0.0 0.440 0.520 0.520 0.520 2.0 0.314 0.221 0.200
0.0 1.0 0.0 0.0 0.0 0.0 0.0 0.0 0.0 0.0 0.400 0.240 0.560 0.347 1.0 0.608 0.208 0.600
0.0 0.0 0.0 0.0 0.0 0.0 0.0 1.0 0.0 0.0 0.360 0.280 0.600 0.440 2.0 0.725 0.208 1.000
0.0 0.0 0.0 0.0 0.0 0.0 1.0 0.0 0.0 0.0 0.320 0.320 0.640 0.480 2.0 0.275 0.169 1.000
0.0 0.0 0.0 0.0 0.0 0.0 0.0 1.0 1.0 0.0 0.040 0.600 0.920 0.760 2.0 0.078 0.026 1.000
0.0 0.0 0.0 1.0 0.0 0.0 0.0 0.0 0.0 0.0 0.280 0.360 0.680 0.520 2.0 0.176 0.143 1.000
0.0 1.0 0.0 0.0 0.0 0.0 0.0 0.0 0.0 0.0 0.200 0.440 0.760 0.600 2.0 0.157 0.117 1.000
0.0 0.0 0.0 0.0 0.0 0.0 1.0 0.0 0.0 0.0 0.240 0.400 0.720 0.560 2.0 0.137 0.143 1.000
0.0 1.0 0.0 0.0 0.0 0.0 0.0 0.0 0.0 0.0 0.200 0.440 0.760 0.600 2.0 0.157 0.117 1.000
0.0 0.0 0.0 0.0 0.0 0.0 1.0 0.0 0.0 0.0 0.160 0.480 0.800 0.640 2.0 0.216 0.104 1.000
0.0 0.0 0.0 0.0 0.0 0.0 0.0 1.0 0.0 0.0 0.120 0.520 0.840 0.680 2.0 0.176 0.052 1.000
0.0 0.0 0.0 0.0 0.0 0.0 1.0 0.0 1.0 0.0 0.040 0.600 0.920 0.760 2.0 0.137 0.026 1.000
0.0 1.0 0.0 0.0 0.0 0.0 0.0 0.0 0.0 0.0 0.080 0.560 0.880 0.720 1.0 0.118 0.026 1.000
0.0 0.0 0.0 0.0 0.0 0.0 1.0 0.0 1.0 0.0 0.040 0.600 0.920 0.760 2.0 0.137 0.026 1.000
0.0 0.0 0.0 0.0 0.0 0.0 0.0 1.0 0.0 0.0 0.080 0.560 0.880 0.720 2.0 0.196 0.052 1.000
0.0 0.0 0.0 0.0 0.0 0.0 1.0 0.0 1.0 0.0 0.040 0.600 0.920 0.760 2.0 0.137 0.026 1.000
0.0 0.0 0.0 1.0 0.0 0.0 0.0 0.0 1.0 0.0 0.040 0.600 0.920 0.760 2.0 0.078 0.026 1.000
0.0 1.0 0.0 0.0 0.0 0.0 0.0 0.0 0.0 0.0 0.120 0.520 0.840 0.680 2.0 0.235 0.039 1.000
0.0 0.0 0.0 0.0 0.0 0.0 0.0 1.0 1.0 0.0 0.080 0.560 0.880 0.720 2.0 0.098 0.026 1.000
0.0 1.0 0.0 0.0 0.0 0.0 0.0 0.0 1.0 0.0 0.040 0.600 0.920 0.760 1.0 0.098 0.013 1.000
0.0 1.0 0.0 0.0 0.0 0.0 0.0 0.0 0.0 0.0 0.440 0.520 0.520 0.520 2.0 0.333 0.221 0.200
0.0 1.0 0.0 0.0 0.0 0.0 0.0 0.0 0.0 0.0 0.400 0.240 0.560 0.347 1.0 0.549 0.208 0.600
0.0 0.0 0.0 1.0 0.0 0.0 0.0 0.0 0.0 0.0 0.360 0.280 0.600 0.440 2.0 0.824 0.208 1.000
0.0 0.0 0.0 1.0 0.0 0.0 0.0 0.0 0.0 0.0 0.280 0.360 0.680 0.520 2.0 0.333 0.195 1.000
0.0 1.0 0.0 0.0 0.0 0.0 0.0 0.0 0.0 0.0 0.320 0.320 0.640 0.480 2.0 0.255 0.208 1.000
0.0 0.0 0.0 0.0 0.0 1.0 0.0 0.0 0.0 0.0 0.280 0.360 0.680 0.520 2.0 0.196 0.195 1.000
0.0 0.0 0.0 1.0 0.0 0.0 0.0 0.0 0.0 0.0 0.240 0.400 0.720 0.560 2.0 0.216 0.143 1.000
0.0 1.0 0.0 0.0 0.0 0.0 0.0 0.0 0.0 0.0 0.160 0.480 0.800 0.640 2.0 0.176 0.117 1.000
0.0 0.0 0.0 0.0 0.0 0.0 1.0 0.0 0.0 0.0 0.200 0.440 0.760 0.600 2.0 0.157 0.143 1.000
0.0 1.0 0.0 0.0 0.0 0.0 0.0 0.0 0.0 0.0 0.160 0.480 0.800 0.640 2.0 0.157 0.117 1.000
0.0 0.0 0.0 0.0 0.0 0.0 1.0 0.0 0.0 0.0 0.120 0.520 0.840 0.680 2.0 0.216 0.104 1.000
0.0 0.0 0.0 0.0 0.0 0.0 0.0 1.0 0.0 0.0 0.080 0.560 0.880 0.720 2.0 0.137 0.052 1.000
0.0 0.0 0.0 0.0 0.0 0.0 1.0 0.0 1.0 0.0 0.040 0.600 0.920 0.760 2.0 0.078 0.026 1.000
0.0 0.0 0.0 0.0 0.0 0.0 0.0 1.0 1.0 0.0 0.040 0.600 0.920 0.760 2.0 0.078 0.026 1.000
0.0 0.0 0.0 0.0 0.0 0.0 1.0 0.0 0.0 0.0 0.080 0.560 0.880 0.720 2.0 0.137 0.052 1.000
0.0 0.0 0.0 0.0 0.0 0.0 1.0 0.0 1.0 0.0 0.040 0.600 0.920 0.760 2.0 0.078 0.026 1.000
0.0 0.0 0.0 0.0 0.0 0.0 0.0 1.0 1.0 0.0 0.040 0.600 0.920 0.760 2.0 0.078 0.026 1.000
0.0 0.0 0.0 1.0 0.0 0.0 0.0 0.0 1.0 0.0 0.040 0.600 0.920 0.760 2.0 0.078 0.026 1.000
0.0 0.0 0.0 0.0 0.0 0.0 1.0 0.0 0.0 0.0 0.080 0.560 0.880 0.720 2.0 0.157 0.052 1.000
0.0 0.0 0.0 0.0 0.0 0.0 1.0 0.0 1.0 0.0 0.040 0.600 0.920 0.760 2.0 0.098 0.026 1.000
0.0 0.0 0.0 0.0 0.0 0.0 0.0 1.0 1.0 0.0 0.040 0.600 0.920 0.760 2.0 0.098 0.026 1.000
0.0 1.0 0.0 0.0 0.0 0.0 0.0 0.0 0.0 0.0 0.360 0.280 0.600 0.480 1.0 0.529 0.247 0.800
0.0 0.0 0.0 0.0 0.0 0.0 0.0 1.0 0.0 0.0 0.320 0.320 0.640 0.480 2.0 0.706 0.247 1.000
0.0 0.0 0.0 0.0 0.0 0.0 1.0 0.0 0.0 0.0 0.280 0.360 0.680 0.520 2.0 0.235 0.104 1.000
0.0 0.0 0.0 1.0 0.0 0.0 0.0 0.0 1.0 0.0 0.040 0.600 0.920 0.760 2.0 0.078 0.026 1.000
0.0 0.0 0.0 1.0 0.0 0.0 0.0 0.0 0.0 0.0 0.240 0.400 0.720 0.560 2.0 0.176 0.078 1.000
0.0 0.0 0.0 1.0 0.0 0.0 0.0 0.0 0.0 0.0 0.160 0.480 0.800 0.640 2.0 0.176 0.065 1.000
0.0 1.0 0.0 0.0 0.0 0.0 0.0 0.0 0.0 0.0 0.200 0.440 0.760 0.600 2.0 0.137 0.078 1.000
0.0 0.0 1.0 0.0 0.0 0.0 0.0 0.0 0.0 0.0 0.160 0.480 0.800 0.640 2.0 0.157 0.065 1.000
0.0 1.0 0.0 0.0 0.0 0.0 0.0 0.0 0.0 0.0 0.120 0.520 0.840 0.680 2.0 0.157 0.065 1.000
0.0 0.0 0.0 1.0 0.0 0.0 0.0 0.0 0.0 0.0 0.080 0.560 0.880 0.720 2.0 0.157 0.052 1.000
0.0 0.0 0.0 0.0 0.0 0.0 1.0 0.0 1.0 0.0 0.040 0.600 0.920 0.760 2.0 0.176 0.026 1.000
0.0 0.0 0.0 0.0 0.0 0.0 1.0 0.0 1.0 0.0 0.040 0.600 0.920 0.760 2.0 0.176 0.026 1.000
0.0 1.0 0.0 0.0 0.0 0.0 0.0 0.0 0.0 0.0 0.280 0.360 0.680 0.520 2.0 0.216 0.143 1.000
0.0 0.0 0.0 1.0 0.0 0.0 0.0 0.0 0.0 0.0 0.240 0.400 0.720 0.560 2.0 0.157 0.130 1.000
0.0 0.0 0.0 1.0 0.0 0.0 0.0 0.0 0.0 0.0 0.160 0.480 0.800 0.640 2.0 0.275 0.117 1.000
0.0 1.0 0.0 0.0 0.0 0.0 0.0 0.0 0.0 0.0 0.200 0.440 0.760 0.600 2.0 0.137 0.130 1.000
0.0 0.0 0.0 0.0 0.0 1.0 0.0 0.0 0.0 0.0 0.160 0.480 0.800 0.640 2.0 0.255 0.117 1.000
0.0 0.0 0.0 0.0 0.0 0.0 1.0 0.0 0.0 0.0 0.080 0.560 0.880 0.720 2.0 0.216 0.052 1.000
0.0 0.0 0.0 0.0 0.0 0.0 1.0 0.0 1.0 0.0 0.040 0.600 0.920 0.760 2.0 0.118 0.026 1.000
0.0 0.0 0.0 0.0 0.0 0.0 0.0 1.0 1.0 0.0 0.040 0.600 0.920 0.760 2.0 0.118 0.026 1.000
0.0 0.0 0.0 0.0 0.0 0.0 1.0 0.0 0.0 0.0 0.120 0.520 0.840 0.680 2.0 0.275 0.065 1.000
0.0 0.0 0.0 0.0 0.0 0.0 1.0 0.0 1.0 0.0 0.040 0.600 0.920 0.760 2.0 0.137 0.026 1.000
0.0 0.0 0.0 0.0 0.0 0.0 0.0 1.0 1.0 0.0 0.080 0.560 0.880 0.720 2.0 0.157 0.039 1.000
0.0 1.0 0.0 0.0 0.0 0.0 0.0 0.0 1.0 0.0 0.040 0.600 0.920 0.760 2.0 0.059 0.026 1.000
