0.0 1.0 0.0 0.0 0.0 0.0 0.0 0.0 1.0 0.0 0.022 0.756 0.978 0.816 1.0 0.141 0.014 1.000
0.0 1.0 0.0 0.0 0.0 0.0 0.0 0.0 1.0 0.0 0.022 0.756 0.978 0.816 1.0 0.099 0.014 1.000
0.0 1.0 0.0 0.0 0.0 0.0 0.0 0.0 1.0 0.0 0.022 0.756 0.978 0.816 1.0 0.141 0.014 1.000
0.0 1.0 0.0 0.0 0.0 0.0 0.0 0.0 1.0 0.0 0.022 0.756 0.978 0.816 1.0 0.183 0.014 1.000
0.0 1.0 0.0 0.0 0.0 0.0 0.0 0.0 1.0 0.0 0.022 0.756 0.978 0.816 1.0 0.099 0.014 1.000
0.0 1.0 0.0 0.0 0.0 0.0 0.0 0.0 1.0 0.0 0.022 0.756 0.978 0.816 1.0 0.099 0.014 1.000
0.0 1.0 0.0 0.0 0.0 0.0 0.0 0.0 1.0 0.0 0.022 0.756 0.978 0.816 1.0 0.141 0.014 1.000
0.0 1.0 0.0 0.0 0.0 0.0 0.0 0.0 1.0 0.0 0.022 0.756 0.978 0.816 1.0 0.141 0.014 1.000
0.0 1.0 0.0 0.0 0.0 0.0 0.0 0.0 1.0 0.0 0.022 0.756 0.978 0.816 1.0 0.183 0.014 1.000
0.0 1.0 0.0 0.0 0.0 0.0 0.0 0.0 1.0 0.0 0.022 0.756 0.978 0.816 1.0 0.141 0.014 1.000
0.0 1.0 0.0 0.0 0.0 0.0 0.0 0.0 1.0 0.0 0.022 0.756 0.978 0.816 1.0 0.099 0.014 1.000
0.0 1.0 0.0 0.0 0.0 0.0 0.0 0.0 1.0 0.0 0.022 0.756 0.978 0.816 1.0 0.099 0.014 1.000
0.0 1.0 0.0 0.0 0.0 0.0 0.0 0.0 1.0 0.0 0.022 0.756 0.978 0.816 1.0 0.141 0.014 1.000
0.0 1.0 0.0 0.0 0.0 0.0 0.0 0.0 1.0 0.0 0.022 0.756 0.978 0.816 1.0 0.141 0.014 1.000
0.0 1.0 0.0 0.0 0.0 0.0 0.0 0.0 1.0 0.0 0.022 0.756 0.978 0.816 1.0 0.141 0.014 1.000
0.0 1.0 0.0 0.0 0.0 0.0 0.0 0.0 1.0 0.0 0.022 0.756 0.978 0.816 1.0 0.141 0.014 1.000
0.0 0.0 0.0 1.0 0.0 0.0 0.0 0.0 1.0 0.0 0.022 0.933 0.933 0.933 2.0 0.070 0.028 0.040
0.0 0.0 0.0 1.0 0.0 0.0 0.0 0.0 1.0 0.0 0.022 0.911 0.911 0.911 2.0 0.070 0.028 0.040
0.0 1.0 0.0 0.0 0.0 0.0 0.0 0.0 1.0 0.0 0.022 0.756 0.978 0.816 2.0 0.113 0.028 1.000
0.0 1.0 0.0 0.0 0.0 0.0 0.0 0.0 1.0 0.0 0.022 0.756 0.978 0.816 2.0 0.085 0.028 1.000
1.0 0.0 0.0 0.0 0.0 0.0 0.0 0.0 1.0 0.0 0.022 0.756 0.978 0.816 1.0 0.113 0.014 1.000
1.0 0.0 0.0 0.0 0.0 0.0 0.0 0.0 1.0 0.0 0.022 0.756 0.978 0.816 1.0 0.155 0.014 1.000
0.0 1.0 0.0 0.0 0.0 0.0 0.0 0.0 1.0 0.0 0.022 0.756 0.978 0.816 1.0 0.099 0.014 1.000
0.0 1.0 0.0 0.0 0.0 0.0 0.0 0.0 1.0 0.0 0.022 0.756 0.978 0.816 1.0 0.099 0.014 1.000
0.0 1.0 0.0 0.0 0.0 0.0 0.0 0.0 1.0 0.0 0.022 0.756 0.978 0.816 1.0 0.099 0.014 1.000
0.0 1.0 0.0 0.0 0.0 0.0 0.0 0.0 1.0 0.0 0.022 0.756 0.978 0.816 1.0 0.099 0.014 1.000
0.0 1.0 0.0 0.0 0.0 0.0 0.0 0.0 1.0 0.0 0.022 0.933 0.933 0.933 1.0 0.070 0.014 0.040
0.0 1.0 0.0 0.0 0.0 0.0 0.0 0.0 1.0 0.0 0.022 0.911 0.911 0.911 1.0 0.070 0.014 0.040
0.0 1.0 0.0 0.0 0.0 0.0 0.0 0.0 1.0 0.0 0.022 0.756 0.978 0.838 1.0 0.113 0.014 0.640
0.0 1.0 0.0 0.0 0.0 0.0 0.0 0.0 1.0 0.0 0.022 0.756 0.978 0.829 1.0 0.113 0.014 0.640
1.0 0.0 0.0 0.0 0.0 0.0 0.0 0.0 1.0 0.0 0.022 0.889 0.978 0.907 1.0 0.282 0.014 0.240
0.0 1.0 0.0 0.0 0.0 0.0 0.0 0.0 1.0 0.0 0.022 0.756 0.978 0.816 1.0 0.352 0.014 1.000
1.0 0.0 0.0 0.0 0.0 0.0 0.0 0.0 1.0 0.0 0.022 0.756 0.978 0.816 1.0 0.127 0.014 1.000
0.0 1.0 0.0 0.0 0.0 0.0 0.0 0.0 1.0 0.0 0.022 0.756 0.978 0.816 1.0 0.155 0.014 1.000
1.0 0.0 0.0 0.0 0.0 0.0 0.0 0.0 1.0 0.0 0.022 0.756 0.978 0.816 1.0 0.211 0.014 1.000
0.0 1.0 0.0 0.0 0.0 0.0 0.0 0.0 1.0 0.0 0.022 0.889 0.978 0.907 1.0 0.197 0.014 0.240
0.0 1.0 0.0 0.0 0.0 0.0 0.0 0.0 1.0 0.0 0.022 0.822 0.822 0.822 1.0 0.070 0.014 0.040
1.0 0.0 0.0 0.0 0.0 0.0 0.0 0.0 1.0 0.0 0.022 0.911 0.933 0.922 1.0 0.127 0.014 0.080
0.0 1.0 0.0 0.0 0.0 0.0 0.0 0.0 1.0 0.0 0.022 0.756 0.978 0.816 1.0 0.296 0.014 1.000
1.0 0.0 0.0 0.0 0.0 0.0 0.0 0.0 1.0 0.0 0.022 0.756 0.978 0.816 1.0 0.183 0.014 1.000
1.0 0.0 0.0 0.0 0.0 0.0 0.0 0.0 1.0 0.0 0.022 0.889 0.978 0.907 1.0 0.197 0.014 0.240
0.0 1.0 0.0 0.0 0.0 0.0 0.0 0.0 1.0 0.0 0.022 0.756 0.978 0.816 1.0 0.296 0.014 1.000
1.0 0.0 0.0 0.0 0.0 0.0 0.0 0.0 1.0 0.0 0.022 0.778 0.778 0.778 1.0 0.085 0.014 0.040
1.0 0.0 0.0 0.0 0.0 0.0 0.0 0.0 1.0 0.0 0.022 0.756 0.756 0.756 1.0 0.085 0.014 0.040
1.0 0.0 0.0 0.0 0.0 0.0 0.0 0.0 1.0 0.0 0.022 0.756 0.756 0.756 1.0 0.085 0.014 0.040
1.0 0.0 0.0 0.0 0.0 0.0 0.0 0.0 1.0 0.0 0.022 0.756 0.756 0.756 1.0 0.085 0.014 0.040
1.0 0.0 0.0 0.0 0.0 0.0 0.0 0.0 1.0 0.0 0.022 0.822 0.822 0.822 1.0 0.085 0.014 0.040
1.0 0.0 0.0 0.0 0.0 0.0 0.0 0.0 1.0 0.0 0.022 0.778 0.778 0.778 1.0 0.085 0.014 0.040
1.0 0.0 0.0 0.0 0.0 0.0 0.0 0.0 1.0 0.0 0.022 0.778 0.778 0.778 1.0 0.085 0.014 0.040
1.0 0.0 0.0 0.0 0.0 0.0 0.0 0.0 1.0 0.0 0.022 0.778 0.778 0.778 1.0 0.085 0.014 0.040
1.0 0.0 0.0 0.0 0.0 0.0 0.0 0.0 1.0 0.0 0.022 0.778 0.778 0.778 1.0 0.085 0.014 0.040
1.0 0.0 0.0 0.0 0.0 0.0 0.0 0.0 1.0 0.0 0.022 0.756 0.756 0.756 1.0 0.085 0.014 0.040
1.0 0.0 0.0 0.0 0.0 0.0 0.0 0.0 1.0 0.0 0.022 0.756 0.756 0.756 1.0 0.085 0.014 0.040
1.0 0.0 0.0 0.0 0.0 0.0 0.0 0.0 1.0 0.0 0.022 0.756 0.756 0.756 1.0 0.085 0.014 0.040
1.0 0.0 0.0 0.0 0.0 0.0 0.0 0.0 1.0 0.0 0.022 0.756 0.756 0.756 1.0 0.085 0.014 0.040
1.0 0.0 0.0 0.0 0.0 0.0 0.0 0.0 1.0 0.0 0.022 0.778 0.778 0.778 1.0 0.085 0.014 0.040
1.0 0.0 0.0 0.0 0.0 0.0 0.0 0.0 1.0 0.0 0.022 0.756 0.756 0.756 1.0 0.085 0.014 0.040
1.0 0.0 0.0 0.0 0.0 0.0 0.0 0.0 1.0 0.0 0.022 0.756 0.756 0.756 1.0 0.085 0.014 0.040
0.0 1.0 0.0 0.0 0.0 0.0 0.0 0.0 0.0 0.0 0.044 0.756 0.756 0.756 1.0 0.085 0.014 0.040
0.0 1.0 0.0 0.0 0.0 0.0 0.0 0.0 0.0 0.0 0.044 0.733 0.733 0.733 2.0 0.085 0.028 0.040
0.0 1.0 0.0 0.0 0.0 0.0 0.0 0.0 0.0 0.0 0.044 0.733 0.733 0.733 1.0 0.085 0.014 0.040
0.0 1.0 0.0 0.0 0.0 0.0 0.0 0.0 0.0 0.0 0.044 0.733 0.733 0.733 1.0 0.085 0.014 0.040
0.0 1.0 0.0 0.0 0.0 0.0 0.0 0.0 0.0 0.0 0.044 0.800 0.800 0.800 1.0 0.085 0.014 0.040
0.0 1.0 0.0 0.0 0.0 0.0 0.0 0.0 0.0 0.0 0.044 0.756 0.756 0.756 1.0 0.085 0.014 0.040
0.0 1.0 0.0 0.0 0.0 0.0 0.0 0.0 0.0 0.0 0.044 0.756 0.756 0.756 1.0 0.085 0.014 0.040
0.0 1.0 0.0 0.0 0.0 0.0 0.0 0.0 0.0 0.0 0.044 0.756 0.756 0.756 1.0 0.085 0.014 0.040
0.0 1.0 0.0 0.0 0.0 0.0 0.0 0.0 0.0 0.0 0.044 0.756 0.756 0.756 1.0 0.085 0.014 0.040
0.0 1.0 0.0 0.0 0.0 0.0 0.0 0.0 0.0 0.0 0.044 0.733 0.733 0.733 1.0 0.085 0.014 0.040
0.0 1.0 0.0 0.0 0.0 0.0 0.0 0.0 0.0 0.0 0.044 0.733 0.733 0.733 1.0 0.085 0.014 0.040
0.0 1.0 0.0 0.0 0.0 0.0 0.0 0.0 0.0 0.0 0.044 0.733 0.733 0.733 1.0 0.085 0.014 0.040
0.0 1.0 0.0 0.0 0.0 0.0 0.0 0.0 0.0 0.0 0.044 0.733 0.733 0.733 1.0 0.085 0.014 0.040
0.0 1.0 0.0 0.0 0.0 0.0 0.0 0.0 0.0 0.0 0.044 0.756 0.756 0.756 1.0 0.085 0.014 0.040
0.0 1.0 0.0 0.0 0.0 0.0 0.0 0.0 0.0 0.0 0.044 0.733 0.733 0.733 1.0 0.085 0.014 0.040
0.0 1.0 0.0 0.0 0.0 0.0 0.0 0.0 0.0 0.0 0.044 0.733 0.733 0.733 1.0 0.085 0.014 0.040
0.0 0.0 0.0 1.0 0.0 0.0 0.0 0.0 0.0 0.0 0.044 0.867 0.867 0.867 2.0 0.141 0.028 0.040
0.0 0.0 0.0 1.0 0.0 0.0 0.0 0.0 0.0 0.0 0.044 0.889 0.889 0.889 2.0 0.141 0.028 0.040
0.0 0.0 0.0 1.0 0.0 0.0 0.0 0.0 0.0 0.0 0.044 0.956 0.956 0.956 2.0 0.141 0.028 0.040
0.0 0.0 0.0 1.0 0.0 0.0 0.0 0.0 0.0 0.0 0.044 0.867 0.867 0.867 2.0 0.141 0.028 0.040
0.0 0.0 0.0 1.0 0.0 0.0 0.0 0.0 0.0 0.0 0.044 0.867 0.867 0.867 2.0 0.141 0.028 0.040
0.0 0.0 0.0 1.0 0.0 0.0 0.0 0.0 0.0 0.0 0.044 0.867 0.867 0.867 2.0 0.141 0.028 0.040
1.0 0.0 0.0 0.0 0.0 0.0 0.0 0.0 0.0 0.0 0.044 0.733 0.956 0.794 1.0 0.141 0.014 1.000
1.0 0.0 0.0 0.0 0.0 0.0 0.0 0.0 0.0 0.0 0.044 0.733 0.956 0.794 1.0 0.127 0.014 1.000
1.0 0.0 0.0 0.0 0.0 0.0 0.0 0.0 0.0 0.0 0.044 0.733 0.956 0.794 1.0 0.127 0.014 1.000
1.0 0.0 0.0 0.0 0.0 0.0 0.0 0.0 0.0 0.0 0.044 0.733 0.956 0.794 1.0 0.127 0.014 1.000
1.0 0.0 0.0 0.0 0.0 0.0 0.0 0.0 0.0 0.0 0.044 0.733 0.956 0.794 1.0 0.141 0.014 1.000
1.0 0.0 0.0 0.0 0.0 0.0 0.0 0.0 0.0 0.0 0.044 0.733 0.956 0.794 1.0 0.141 0.014 1.000
0.0 0.0 1.0 0.0 0.0 0.0 0.0 0.0 1.0 0.0 0.044 0.733 0.956 0.794 2.0 0.183 0.028 1.000
1.0 0.0 0.0 0.0 0.0 0.0 0.0 0.0 0.0 0.0 0.044 0.733 0.956 0.794 1.0 0.155 0.014 1.000
1.0 0.0 0.0 0.0 0.0 0.0 0.0 0.0 0.0 0.0 0.044 0.733 0.956 0.794 1.0 0.127 0.014 1.000
1.0 0.0 0.0 0.0 0.0 0.0 0.0 0.0 0.0 0.0 0.044 0.733 0.956 0.794 1.0 0.127 0.014 1.000
0.0 0.0 1.0 0.0 0.0 0.0 0.0 0.0 1.0 0.0 0.044 0.733 0.956 0.794 2.0 0.183 0.028 1.000
1.0 0.0 0.0 0.0 0.0 0.0 0.0 0.0 0.0 0.0 0.044 0.733 0.956 0.794 1.0 0.141 0.014 1.000
0.0 0.0 1.0 0.0 0.0 0.0 0.0 0.0 1.0 0.0 0.044 0.733 0.956 0.794 3.0 0.197 0.056 1.000
1.0 0.0 0.0 0.0 0.0 0.0 0.0 0.0 0.0 0.0 0.044 0.733 0.956 0.794 1.0 0.127 0.014 1.000
1.0 0.0 0.0 0.0 0.0 0.0 0.0 0.0 0.0 0.0 0.044 0.733 0.956 0.794 1.0 0.141 0.014 1.000
0.0 0.0 0.0 1.0 0.0 0.0 0.0 0.0 0.0 0.0 0.044 0.911 0.911 0.911 2.0 0.141 0.028 0.040
0.0 0.0 0.0 1.0 0.0 0.0 0.0 0.0 0.0 0.0 0.044 0.889 0.889 0.889 2.0 0.141 0.028 0.040
0.0 0.0 0.0 1.0 0.0 0.0 0.0 0.0 1.0 0.0 0.044 0.733 0.956 0.794 2.0 0.324 0.028 1.000
0.0 0.0 0.0 1.0 0.0 0.0 0.0 0.0 0.0 0.0 0.044 0.733 0.956 0.794 2.0 0.197 0.028 1.000
0.0 0.0 0.0 1.0 0.0 0.0 0.0 0.0 0.0 0.0 0.044 0.733 0.956 0.794 2.0 0.183 0.042 1.000
1.0 0.0 0.0 0.0 0.0 0.0 0.0 0.0 0.0 0.0 0.044 0.733 0.956 0.794 1.0 0.141 0.014 1.000
1.0 0.0 0.0 0.0 0.0 0.0 0.0 0.0 0.0 0.0 0.044 0.733 0.956 0.794 1.0 0.127 0.014 1.000
1.0 0.0 0.0 0.0 0.0 0.0 0.0 0.0 0.0 0.0 0.044 0.889 0.889 0.889 1.0 0.141 0.014 0.040
1.0 0.0 0.0 0.0 0.0 0.0 0.0 0.0 0.0 0.0 0.044 0.889 0.889 0.889 1.0 0.127 0.014 0.040
1.0 0.0 0.0 0.0 0.0 0.0 0.0 0.0 0.0 0.0 0.044 0.956 0.956 0.956 1.0 0.127 0.014 0.040
1.0 0.0 0.0 0.0 0.0 0.0 0.0 0.0 0.0 0.0 0.044 0.733 0.956 0.794 1.0 0.127 0.014 1.000
1.0 0.0 0.0 0.0 0.0 0.0 0.0 0.0 0.0 0.0 0.044 0.733 0.956 0.794 1.0 0.113 0.014 1.000
1.0 0.0 0.0 0.0 0.0 0.0 0.0 0.0 0.0 0.0 0.044 0.733 0.956 0.794 1.0 0.113 0.014 1.000
1.0 0.0 0.0 0.0 0.0 0.0 0.0 0.0 0.0 0.0 0.044 0.733 0.956 0.794 1.0 0.127 0.014 1.000
0.0 0.0 1.0 0.0 0.0 0.0 0.0 0.0 1.0 0.0 0.044 0.733 0.956 0.794 3.0 0.183 0.042 1.000
1.0 0.0 0.0 0.0 0.0 0.0 0.0 0.0 0.0 0.0 0.044 0.733 0.956 0.794 1.0 0.113 0.014 1.000
1.0 0.0 0.0 0.0 0.0 0.0 0.0 0.0 0.0 0.0 0.044 0.733 0.956 0.794 1.0 0.141 0.014 1.000
1.0 0.0 0.0 0.0 0.0 0.0 0.0 0.0 0.0 0.0 0.044 0.733 0.956 0.794 1.0 0.127 0.014 1.000
0.0 0.0 1.0 0.0 0.0 0.0 0.0 0.0 1.0 0.0 0.044 0.733 0.956 0.794 3.0 0.183 0.042 1.000
1.0 0.0 0.0 0.0 0.0 0.0 0.0 0.0 0.0 0.0 0.044 0.733 0.956 0.794 1.0 0.113 0.014 1.000
1.0 0.0 0.0 0.0 0.0 0.0 0.0 0.0 0.0 0.0 0.044 0.800 0.800 0.800 1.0 0.113 0.014 0.040
1.0 0.0 0.0 0.0 0.0 0.0 0.0 0.0 0.0 0.0 0.044 0.733 0.956 0.794 1.0 0.113 0.014 1.000
1.0 0.0 0.0 0.0 0.0 0.0 0.0 0.0 0.0 0.0 0.044 0.800 0.800 0.800 1.0 0.113 0.014 0.040
1.0 0.0 0.0 0.0 0.0 0.0 0.0 0.0 0.0 0.0 0.044 0.733 0.956 0.794 1.0 0.113 0.014 1.000
1.0 0.0 0.0 0.0 0.0 0.0 0.0 0.0 0.0 0.0 0.044 0.800 0.800 0.800 1.0 0.113 0.014 0.040
1.0 0.0 0.0 0.0 0.0 0.0 0.0 0.0 0.0 0.0 0.044 0.733 0.956 0.794 1.0 0.113 0.014 1.000
1.0 0.0 0.0 0.0 0.0 0.0 0.0 0.0 0.0 0.0 0.044 0.800 0.800 0.800 1.0 0.113 0.014 0.040
0.0 0.0 1.0 0.0 0.0 0.0 0.0 0.0 0.0 0.0 0.044 0.911 0.911 0.911 2.0 0.127 0.042 0.040
0.0 0.0 1.0 0.0 0.0 0.0 0.0 0.0 0.0 0.0 0.044 0.889 0.889 0.889 2.0 0.127 0.042 0.040
1.0 0.0 0.0 0.0 0.0 0.0 0.0 0.0 0.0 0.0 0.044 0.733 0.956 0.794 1.0 0.127 0.014 1.000
1.0 0.0 0.0 0.0 0.0 0.0 0.0 0.0 0.0 0.0 0.044 0.733 0.956 0.794 1.0 0.127 0.014 1.000
1.0 0.0 0.0 0.0 0.0 0.0 0.0 0.0 0.0 0.0 0.044 0.733 0.956 0.794 1.0 0.127 0.014 1.000
1.0 0.0 0.0 0.0 0.0 0.0 0.0 0.0 0.0 0.0 0.044 0.733 0.956 0.794 1.0 0.127 0.014 1.000
1.0 0.0 0.0 0.0 0.0 0.0 0.0 0.0 0.0 0.0 0.044 0.733 0.956 0.794 1.0 0.127 0.014 1.000
1.0 0.0 0.0 0.0 0.0 0.0 0.0 0.0 0.0 0.0 0.044 0.733 0.956 0.794 1.0 0.127 0.014 1.000
1.0 0.0 0.0 0.0 0.0 0.0 0.0 0.0 0.0 0.0 0.044 0.889 0.889 0.889 1.0 0.127 0.014 0.040
1.0 0.0 0.0 0.0 0.0 0.0 0.0 0.0 0.0 0.0 0.044 0.733 0.956 0.794 1.0 0.127 0.014 1.000
1.0 0.0 0.0 0.0 0.0 0.0 0.0 0.0 0.0 0.0 0.044 0.733 0.956 0.794 1.0 0.141 0.014 1.000
1.0 0.0 0.0 0.0 0.0 0.0 0.0 0.0 0.0 0.0 0.044 0.889 0.889 0.889 1.0 0.141 0.014 0.040
1.0 0.0 0.0 0.0 0.0 0.0 0.0 0.0 0.0 0.0 0.044 0.733 0.956 0.794 1.0 0.113 0.014 1.000
1.0 0.0 0.0 0.0 0.0 0.0 0.0 0.0 0.0 0.0 0.044 0.733 0.956 0.794 1.0 0.127 0.014 1.000
0.0 0.0 1.0 0.0 0.0 0.0 0.0 0.0 1.0 0.0 0.044 0.733 0.956 0.794 3.0 0.183 0.056 1.000
1.0 0.0 0.0 0.0 0.0 0.0 0.0 0.0 0.0 0.0 0.044 0.733 0.956 0.794 1.0 0.127 0.014 1.000
1.0 0.0 0.0 0.0 0.0 0.0 0.0 0.0 0.0 0.0 0.044 0.733 0.956 0.794 1.0 0.141 0.014 1.000
1.0 0.0 0.0 0.0 0.0 0.0 0.0 0.0 0.0 0.0 0.044 0.733 0.956 0.794 1.0 0.141 0.014 1.000
1.0 0.0 0.0 0.0 0.0 0.0 0.0 0.0 0.0 0.0 0.044 0.733 0.956 0.794 1.0 0.113 0.014 1.000
1.0 0.0 0.0 0.0 0.0 0.0 0.0 0.0 0.0 0.0 0.044 0.733 0.956 0.794 1.0 0.127 0.014 1.000
1.0 0.0 0.0 0.0 0.0 0.0 0.0 0.0 0.0 0.0 0.044 0.733 0.956 0.794 1.0 0.127 0.014 1.000
1.0 0.0 0.0 0.0 0.0 0.0 0.0 0.0 0.0 0.0 0.044 0.733 0.956 0.794 1.0 0.127 0.014 1.000
1.0 0.0 0.0 0.0 0.0 0.0 0.0 0.0 0.0 0.0 0.044 0.733 0.956 0.794 1.0 0.127 0.014 1.000
1.0 0.0 0.0 0.0 0.0 0.0 0.0 0.0 0.0 0.0 0.044 0.733 0.956 0.794 1.0 0.127 0.014 1.000
0.0 1.0 0.0 0.0 0.0 0.0 0.0 0.0 0.0 0.0 0.067 0.889 0.889 0.889 1.0 0.113 0.042 0.040
0.0 1.0 0.0 0.0 0.0 0.0 0.0 0.0 0.0 0.0 0.067 0.867 0.867 0.867 1.0 0.113 0.042 0.040
0.0 1.0 0.0 0.0 0.0 0.0 0.0 0.0 0.0 0.0 0.067 0.711 0.933 0.772 1.0 0.099 0.014 1.000
0.0 1.0 0.0 0.0 0.0 0.0 0.0 0.0 0.0 0.0 0.067 0.711 0.933 0.772 1.0 0.099 0.014 1.000
0.0 1.0 0.0 0.0 0.0 0.0 0.0 0.0 0.0 0.0 0.067 0.867 0.867 0.867 1.0 0.099 0.014 0.040
0.0 1.0 0.0 0.0 0.0 0.0 0.0 0.0 0.0 0.0 0.067 0.867 0.867 0.867 1.0 0.099 0.014 0.040
0.0 1.0 0.0 0.0 0.0 0.0 0.0 0.0 0.0 0.0 0.067 0.711 0.933 0.772 1.0 0.099 0.014 1.000
0.0 1.0 0.0 0.0 0.0 0.0 0.0 0.0 0.0 0.0 0.067 0.711 0.933 0.772 1.0 0.113 0.042 1.000
0.0 1.0 0.0 0.0 0.0 0.0 0.0 0.0 0.0 0.0 0.067 0.711 0.933 0.772 1.0 0.099 0.014 1.000
0.0 1.0 0.0 0.0 0.0 0.0 0.0 0.0 0.0 0.0 0.067 0.711 0.933 0.772 1.0 0.099 0.014 1.000
0.0 1.0 0.0 0.0 0.0 0.0 0.0 0.0 0.0 0.0 0.067 0.711 0.933 0.772 1.0 0.113 0.042 1.000
0.0 0.0 1.0 0.0 0.0 0.0 0.0 0.0 1.0 0.0 0.067 0.844 0.844 0.844 2.0 0.155 0.056 0.040
0.0 1.0 0.0 0.0 0.0 0.0 0.0 0.0 0.0 0.0 0.089 0.822 0.822 0.822 2.0 0.113 0.056 0.040
0.0 0.0 1.0 0.0 0.0 0.0 0.0 0.0 1.0 0.0 0.067 0.844 0.844 0.844 2.0 0.113 0.042 0.040
0.0 0.0 0.0 1.0 0.0 0.0 0.0 0.0 1.0 0.0 0.067 0.711 0.933 0.772 2.0 0.225 0.056 1.000
0.0 0.0 0.0 1.0 0.0 0.0 0.0 0.0 1.0 0.0 0.067 0.711 0.933 0.772 2.0 0.239 0.042 1.000
0.0 0.0 0.0 1.0 0.0 0.0 0.0 0.0 1.0 0.0 0.067 0.711 0.933 0.772 2.0 0.169 0.056 1.000
0.0 0.0 0.0 1.0 0.0 0.0 0.0 0.0 1.0 0.0 0.067 0.711 0.933 0.772 2.0 0.169 0.042 1.000
0.0 1.0 0.0 0.0 0.0 0.0 0.0 0.0 0.0 0.0 0.067 0.778 0.778 0.778 1.0 0.099 0.014 0.040
0.0 1.0 0.0 0.0 0.0 0.0 0.0 0.0 0.0 0.0 0.067 0.711 0.933 0.772 1.0 0.099 0.014 1.000
0.0 1.0 0.0 0.0 0.0 0.0 0.0 0.0 0.0 0.0 0.067 0.778 0.778 0.778 1.0 0.099 0.014 0.040
0.0 1.0 0.0 0.0 0.0 0.0 0.0 0.0 0.0 0.0 0.067 0.711 0.933 0.772 1.0 0.099 0.014 1.000
0.0 1.0 0.0 0.0 0.0 0.0 0.0 0.0 0.0 0.0 0.067 0.778 0.778 0.778 1.0 0.099 0.014 0.040
0.0 1.0 0.0 0.0 0.0 0.0 0.0 0.0 0.0 0.0 0.067 0.711 0.933 0.772 1.0 0.099 0.014 1.000
0.0 1.0 0.0 0.0 0.0 0.0 0.0 0.0 0.0 0.0 0.067 0.778 0.778 0.778 1.0 0.099 0.014 0.040
0.0 1.0 0.0 0.0 0.0 0.0 0.0 0.0 0.0 0.0 0.067 0.711 0.933 0.772 1.0 0.099 0.014 1.000
0.0 0.0 0.0 1.0 0.0 0.0 0.0 0.0 0.0 0.0 0.067 0.711 0.933 0.793 4.0 0.394 0.070 0.640
0.0 0.0 0.0 1.0 0.0 0.0 0.0 0.0 0.0 0.0 0.067 0.711 0.933 0.785 4.0 0.394 0.070 0.640
0.0 0.0 0.0 1.0 0.0 0.0 0.0 0.0 0.0 0.0 0.067 0.711 0.933 0.772 3.0 0.620 0.056 1.000
0.0 0.0 1.0 0.0 0.0 0.0 0.0 0.0 0.0 0.0 0.067 0.778 0.778 0.778 3.0 0.507 0.056 0.040
1.0 0.0 0.0 0.0 0.0 0.0 0.0 0.0 0.0 0.0 0.067 0.711 0.933 0.772 1.0 0.127 0.014 1.000
0.0 1.0 0.0 0.0 0.0 0.0 0.0 0.0 0.0 0.0 0.067 0.711 0.933 0.772 1.0 0.099 0.014 1.000
1.0 0.0 0.0 0.0 0.0 0.0 0.0 0.0 0.0 0.0 0.067 0.711 0.933 0.772 1.0 0.127 0.014 1.000
0.0 1.0 0.0 0.0 0.0 0.0 0.0 0.0 0.0 0.0 0.067 0.711 0.933 0.772 1.0 0.099 0.014 1.000
1.0 0.0 0.0 0.0 0.0 0.0 0.0 0.0 0.0 0.0 0.067 0.711 0.933 0.772 1.0 0.127 0.014 1.000
0.0 1.0 0.0 0.0 0.0 0.0 0.0 0.0 0.0 0.0 0.067 0.711 0.933 0.772 1.0 0.099 0.014 1.000
1.0 0.0 0.0 0.0 0.0 0.0 0.0 0.0 0.0 0.0 0.067 0.711 0.933 0.772 1.0 0.127 0.014 1.000
0.0 1.0 0.0 0.0 0.0 0.0 0.0 0.0 0.0 0.0 0.067 0.711 0.933 0.772 1.0 0.099 0.014 1.000
1.0 0.0 0.0 0.0 0.0 0.0 0.0 0.0 0.0 0.0 0.067 0.711 0.933 0.772 1.0 0.127 0.014 1.000
0.0 1.0 0.0 0.0 0.0 0.0 0.0 0.0 0.0 0.0 0.067 0.711 0.933 0.772 1.0 0.099 0.014 1.000
1.0 0.0 0.0 0.0 0.0 0.0 0.0 0.0 0.0 0.0 0.067 0.711 0.933 0.772 1.0 0.127 0.014 1.000
0.0 1.0 0.0 0.0 0.0 0.0 0.0 0.0 0.0 0.0 0.067 0.711 0.933 0.772 1.0 0.099 0.014 1.000
1.0 0.0 0.0 0.0 0.0 0.0 0.0 0.0 0.0 0.0 0.067 0.844 0.844 0.844 1.0 0.127 0.028 0.040
1.0 0.0 0.0 0.0 0.0 0.0 0.0 0.0 0.0 0.0 0.067 0.711 0.933 0.772 1.0 0.127 0.028 1.000
1.0 0.0 0.0 0.0 0.0 0.0 0.0 0.0 0.0 0.0 0.067 0.867 0.867 0.867 1.0 0.127 0.014 0.040
0.0 1.0 0.0 0.0 0.0 0.0 0.0 0.0 0.0 0.0 0.067 0.867 0.867 0.867 1.0 0.099 0.014 0.040
1.0 0.0 0.0 0.0 0.0 0.0 0.0 0.0 0.0 0.0 0.067 0.711 0.933 0.772 1.0 0.127 0.014 1.000
0.0 1.0 0.0 0.0 0.0 0.0 0.0 0.0 0.0 0.0 0.067 0.711 0.933 0.772 1.0 0.099 0.014 1.000
1.0 0.0 0.0 0.0 0.0 0.0 0.0 0.0 0.0 0.0 0.067 0.711 0.933 0.772 1.0 0.127 0.028 1.000
0.0 1.0 0.0 0.0 0.0 0.0 0.0 0.0 0.0 0.0 0.067 0.711 0.933 0.772 1.0 0.099 0.014 1.000
1.0 0.0 0.0 0.0 0.0 0.0 0.0 0.0 0.0 0.0 0.067 0.867 0.867 0.867 1.0 0.127 0.028 0.040
0.0 1.0 0.0 0.0 0.0 0.0 0.0 0.0 0.0 0.0 0.067 0.867 0.867 0.867 1.0 0.099 0.014 0.040
1.0 0.0 0.0 0.0 0.0 0.0 0.0 0.0 0.0 0.0 0.067 0.933 0.933 0.933 1.0 0.141 0.056 0.040
0.0 1.0 0.0 0.0 0.0 0.0 0.0 0.0 0.0 0.0 0.067 0.933 0.933 0.933 1.0 0.099 0.014 0.040
1.0 0.0 0.0 0.0 0.0 0.0 0.0 0.0 0.0 0.0 0.067 0.711 0.933 0.772 1.0 0.141 0.056 1.000
0.0 1.0 0.0 0.0 0.0 0.0 0.0 0.0 0.0 0.0 0.067 0.711 0.933 0.772 1.0 0.099 0.014 1.000
0.0 1.0 0.0 0.0 0.0 0.0 0.0 0.0 0.0 0.0 0.067 0.711 0.933 0.772 1.0 0.099 0.014 1.000
0.0 1.0 0.0 0.0 0.0 0.0 0.0 0.0 0.0 0.0 0.067 0.711 0.933 0.772 1.0 0.099 0.014 1.000
0.0 1.0 0.0 0.0 0.0 0.0 0.0 0.0 0.0 0.0 0.067 0.711 0.933 0.772 1.0 0.113 0.056 1.000
0.0 1.0 0.0 0.0 0.0 0.0 0.0 0.0 0.0 0.0 0.067 0.711 0.933 0.772 1.0 0.099 0.014 1.000
0.0 1.0 0.0 0.0 0.0 0.0 0.0 0.0 0.0 0.0 0.067 0.711 0.933 0.772 1.0 0.099 0.014 1.000
1.0 0.0 0.0 0.0 0.0 0.0 0.0 0.0 0.0 0.0 0.067 0.711 0.933 0.772 1.0 0.127 0.014 1.000
0.0 1.0 0.0 0.0 0.0 0.0 0.0 0.0 0.0 0.0 0.067 0.711 0.933 0.772 1.0 0.099 0.014 1.000
0.0 1.0 0.0 0.0 0.0 0.0 0.0 0.0 0.0 0.0 0.089 0.689 0.911 0.749 2.0 0.113 0.028 1.000
1.0 0.0 0.0 0.0 0.0 0.0 0.0 0.0 0.0 0.0 0.067 0.711 0.933 0.772 1.0 0.099 0.014 1.000
0.0 1.0 0.0 0.0 0.0 0.0 0.0 0.0 0.0 0.0 0.067 0.711 0.933 0.772 1.0 0.099 0.014 1.000
0.0 1.0 0.0 0.0 0.0 0.0 0.0 0.0 0.0 0.0 0.067 0.711 0.933 0.772 1.0 0.099 0.014 1.000
0.0 1.0 0.0 0.0 0.0 0.0 0.0 0.0 0.0 0.0 0.067 0.711 0.933 0.772 1.0 0.099 0.014 1.000
0.0 1.0 0.0 0.0 0.0 0.0 0.0 0.0 0.0 0.0 0.067 0.711 0.933 0.772 1.0 0.099 0.014 1.000
0.0 1.0 0.0 0.0 0.0 0.0 0.0 0.0 0.0 0.0 0.067 0.711 0.933 0.772 1.0 0.099 0.014 1.000
0.0 1.0 0.0 0.0 0.0 0.0 0.0 0.0 0.0 0.0 0.067 0.711 0.933 0.772 1.0 0.099 0.014 1.000
0.0 1.0 0.0 0.0 0.0 0.0 0.0 0.0 0.0 0.0 0.067 0.711 0.933 0.772 1.0 0.099 0.014 1.000
0.0 1.0 0.0 0.0 0.0 0.0 0.0 0.0 0.0 0.0 0.067 0.711 0.933 0.772 1.0 0.099 0.014 1.000
0.0 1.0 0.0 0.0 0.0 0.0 0.0 0.0 0.0 0.0 0.067 0.711 0.933 0.772 1.0 0.099 0.014 1.000
1.0 0.0 0.0 0.0 0.0 0.0 0.0 0.0 0.0 0.0 0.067 0.711 0.933 0.772 1.0 0.127 0.014 1.000
1.0 0.0 0.0 0.0 0.0 0.0 0.0 0.0 0.0 0.0 0.067 0.711 0.933 0.772 1.0 0.127 0.014 1.000
1.0 0.0 0.0 0.0 0.0 0.0 0.0 0.0 0.0 0.0 0.067 0.711 0.933 0.772 1.0 0.127 0.014 1.000
1.0 0.0 0.0 0.0 0.0 0.0 0.0 0.0 0.0 0.0 0.067 0.711 0.933 0.772 1.0 0.127 0.014 1.000
1.0 0.0 0.0 0.0 0.0 0.0 0.0 0.0 0.0 0.0 0.067 0.711 0.933 0.772 1.0 0.127 0.014 1.000
1.0 0.0 0.0 0.0 0.0 0.0 0.0 0.0 0.0 0.0 0.067 0.711 0.933 0.772 1.0 0.127 0.014 1.000
1.0 0.0 0.0 0.0 0.0 0.0 0.0 0.0 0.0 0.0 0.067 0.844 0.844 0.844 1.0 0.127 0.014 0.040
1.0 0.0 0.0 0.0 0.0 0.0 0.0 0.0 0.0 0.0 0.067 0.711 0.933 0.772 1.0 0.127 0.014 1.000
1.0 0.0 0.0 0.0 0.0 0.0 0.0 0.0 0.0 0.0 0.067 0.867 0.867 0.867 1.0 0.127 0.014 0.040
1.0 0.0 0.0 0.0 0.0 0.0 0.0 0.0 0.0 0.0 0.067 0.711 0.933 0.772 1.0 0.127 0.014 1.000
1.0 0.0 0.0 0.0 0.0 0.0 0.0 0.0 0.0 0.0 0.067 0.711 0.933 0.772 1.0 0.127 0.014 1.000
1.0 0.0 0.0 0.0 0.0 0.0 0.0 0.0 0.0 0.0 0.067 0.867 0.867 0.867 1.0 0.127 0.014 0.040
1.0 0.0 0.0 0.0 0.0 0.0 0.0 0.0 0.0 0.0 0.067 0.711 0.933 0.772 1.0 0.127 0.014 1.000
1.0 0.0 0.0 0.0 0.0 0.0 0.0 0.0 0.0 0.0 0.067 0.711 0.933 0.772 1.0 0.127 0.014 1.000
0.0 0.0 0.0 1.0 0.0 0.0 0.0 0.0 0.0 0.0 0.089 0.689 0.911 0.749 2.0 0.127 0.028 1.000
0.0 0.0 0.0 1.0 0.0 0.0 0.0 0.0 0.0 0.0 0.089 0.689 0.911 0.749 2.0 0.127 0.028 1.000
0.0 0.0 0.0 1.0 0.0 0.0 0.0 0.0 0.0 0.0 0.089 0.844 0.844 0.844 2.0 0.127 0.028 0.040
0.0 0.0 0.0 1.0 0.0 0.0 0.0 0.0 0.0 0.0 0.089 0.844 0.844 0.844 2.0 0.127 0.028 0.040
0.0 0.0 0.0 1.0 0.0 0.0 0.0 0.0 0.0 0.0 0.089 0.689 0.911 0.749 2.0 0.141 0.056 1.000
0.0 0.0 0.0 1.0 0.0 0.0 0.0 0.0 0.0 0.0 0.089 0.689 0.911 0.749 2.0 0.127 0.056 1.000
0.0 0.0 0.0 1.0 0.0 0.0 0.0 0.0 0.0 0.0 0.089 0.689 0.911 0.749 2.0 0.127 0.028 1.000
0.0 0.0 0.0 1.0 0.0 0.0 0.0 0.0 0.0 0.0 0.089 0.689 0.911 0.749 2.0 0.127 0.028 1.000
0.0 0.0 0.0 1.0 0.0 0.0 0.0 0.0 0.0 0.0 0.089 0.689 0.911 0.749 2.0 0.141 0.070 1.000
0.0 1.0 0.0 0.0 0.0 0.0 0.0 0.0 0.0 0.0 0.111 0.667 0.889 0.727 2.0 0.113 0.085 1.000
0.0 0.0 0.0 1.0 0.0 0.0 0.0 0.0 0.0 0.0 0.089 0.689 0.911 0.749 2.0 0.127 0.070 1.000
0.0 0.0 0.0 1.0 0.0 0.0 0.0 0.0 0.0 0.0 0.089 0.689 0.911 0.749 2.0 0.141 0.028 1.000
0.0 0.0 0.0 1.0 0.0 0.0 0.0 0.0 0.0 0.0 0.089 0.689 0.911 0.749 2.0 0.141 0.028 1.000
0.0 0.0 0.0 1.0 0.0 0.0 0.0 0.0 0.0 0.0 0.089 0.689 0.911 0.749 2.0 0.141 0.028 1.000
0.0 0.0 0.0 1.0 0.0 0.0 0.0 0.0 0.0 0.0 0.089 0.689 0.911 0.749 2.0 0.141 0.028 1.000
0.0 0.0 0.0 1.0 0.0 0.0 0.0 0.0 0.0 0.0 0.089 0.689 0.911 0.749 2.0 0.141 0.028 1.000
0.0 0.0 0.0 1.0 0.0 0.0 0.0 0.0 0.0 0.0 0.089 0.689 0.911 0.749 2.0 0.141 0.028 1.000
0.0 1.0 0.0 0.0 0.0 0.0 0.0 0.0 0.0 0.0 0.089 0.689 0.911 0.749 1.0 0.099 0.014 1.000
0.0 1.0 0.0 0.0 0.0 0.0 0.0 0.0 0.0 0.0 0.089 0.689 0.911 0.749 1.0 0.099 0.014 1.000
0.0 0.0 0.0 1.0 0.0 0.0 0.0 0.0 0.0 0.0 0.111 0.667 0.889 0.727 2.0 0.141 0.028 1.000
0.0 1.0 0.0 0.0 0.0 0.0 0.0 0.0 0.0 0.0 0.089 0.689 0.911 0.749 1.0 0.099 0.014 1.000
0.0 1.0 0.0 0.0 0.0 0.0 0.0 0.0 0.0 0.0 0.089 0.689 0.911 0.749 1.0 0.099 0.014 1.000
0.0 1.0 0.0 0.0 0.0 0.0 0.0 0.0 0.0 0.0 0.089 0.689 0.911 0.749 1.0 0.099 0.014 1.000
0.0 1.0 0.0 0.0 0.0 0.0 0.0 0.0 0.0 0.0 0.089 0.689 0.911 0.749 1.0 0.099 0.014 1.000
0.0 1.0 0.0 0.0 0.0 0.0 0.0 0.0 0.0 0.0 0.089 0.689 0.911 0.749 2.0 0.099 0.042 1.000
0.0 1.0 0.0 0.0 0.0 0.0 0.0 0.0 0.0 0.0 0.089 0.689 0.911 0.749 1.0 0.099 0.014 1.000
0.0 1.0 0.0 0.0 0.0 0.0 0.0 0.0 0.0 0.0 0.089 0.844 0.844 0.844 1.0 0.099 0.028 0.040
0.0 0.0 0.0 1.0 0.0 0.0 0.0 0.0 0.0 0.0 0.111 0.822 0.822 0.822 2.0 0.141 0.028 0.040
0.0 1.0 0.0 0.0 0.0 0.0 0.0 0.0 0.0 0.0 0.089 0.689 0.911 0.749 1.0 0.099 0.056 1.000
0.0 1.0 0.0 0.0 0.0 0.0 0.0 0.0 0.0 0.0 0.111 0.667 0.889 0.727 2.0 0.099 0.085 1.000
0.0 0.0 0.0 1.0 0.0 0.0 0.0 0.0 0.0 0.0 0.089 0.689 0.911 0.749 2.0 0.113 0.070 1.000
0.0 1.0 0.0 0.0 0.0 0.0 0.0 0.0 0.0 0.0 0.111 0.667 0.889 0.727 1.0 0.099 0.028 1.000
0.0 0.0 0.0 1.0 0.0 0.0 0.0 0.0 0.0 0.0 0.111 0.667 0.889 0.727 2.0 0.141 0.056 1.000
0.0 1.0 0.0 0.0 0.0 0.0 0.0 0.0 0.0 0.0 0.089 0.756 0.756 0.756 1.0 0.113 0.056 0.040
1.0 0.0 0.0 0.0 0.0 0.0 0.0 0.0 0.0 0.0 0.089 0.689 0.911 0.749 1.0 0.352 0.056 1.000
0.0 1.0 0.0 0.0 0.0 0.0 0.0 0.0 0.0 0.0 0.089 0.756 0.756 0.756 1.0 0.113 0.042 0.040
1.0 0.0 0.0 0.0 0.0 0.0 0.0 0.0 0.0 0.0 0.089 0.689 0.911 0.749 1.0 0.169 0.042 1.000
0.0 0.0 0.0 1.0 0.0 0.0 0.0 0.0 0.0 0.0 0.089 0.689 0.911 0.771 2.0 1.000 0.085 0.640
0.0 0.0 0.0 1.0 0.0 0.0 0.0 0.0 0.0 0.0 0.089 0.689 0.911 0.762 2.0 1.000 0.085 0.640
0.0 1.0 0.0 0.0 0.0 0.0 0.0 0.0 0.0 0.0 0.089 0.689 0.911 0.749 1.0 0.099 0.014 1.000
0.0 0.0 0.0 1.0 0.0 0.0 0.0 0.0 0.0 0.0 0.089 0.689 0.911 0.749 2.0 0.127 0.028 1.000
0.0 1.0 0.0 0.0 0.0 0.0 0.0 0.0 0.0 0.0 0.089 0.689 0.911 0.749 1.0 0.099 0.014 1.000
0.0 1.0 0.0 0.0 0.0 0.0 0.0 0.0 0.0 0.0 0.111 0.667 0.889 0.727 2.0 0.113 0.042 1.000
0.0 0.0 0.0 1.0 0.0 0.0 0.0 0.0 0.0 0.0 0.089 0.689 0.911 0.749 2.0 0.113 0.028 1.000
0.0 1.0 0.0 0.0 0.0 0.0 0.0 0.0 0.0 0.0 0.089 0.689 0.911 0.749 1.0 0.099 0.014 1.000
0.0 1.0 0.0 0.0 0.0 0.0 0.0 0.0 0.0 0.0 0.111 0.667 0.889 0.727 2.0 0.113 0.042 1.000
0.0 0.0 0.0 1.0 0.0 0.0 0.0 0.0 0.0 0.0 0.089 0.689 0.911 0.749 2.0 0.113 0.028 1.000
0.0 1.0 0.0 0.0 0.0 0.0 0.0 0.0 0.0 0.0 0.089 0.689 0.911 0.749 1.0 0.099 0.014 1.000
0.0 0.0 0.0 1.0 0.0 0.0 0.0 0.0 0.0 0.0 0.089 0.689 0.911 0.749 2.0 0.141 0.028 1.000
0.0 1.0 0.0 0.0 0.0 0.0 0.0 0.0 0.0 0.0 0.089 0.689 0.911 0.749 2.0 0.099 0.028 1.000
0.0 0.0 0.0 1.0 0.0 0.0 0.0 0.0 0.0 0.0 0.089 0.689 0.911 0.749 2.0 0.141 0.028 1.000
0.0 1.0 0.0 0.0 0.0 0.0 0.0 0.0 0.0 0.0 0.089 0.689 0.911 0.749 1.0 0.099 0.014 1.000
0.0 0.0 0.0 1.0 0.0 0.0 0.0 0.0 0.0 0.0 0.089 0.689 0.911 0.749 2.0 0.141 0.028 1.000
0.0 1.0 0.0 0.0 0.0 0.0 0.0 0.0 0.0 0.0 0.089 0.822 0.822 0.822 1.0 0.099 0.014 0.040
0.0 1.0 0.0 0.0 0.0 0.0 0.0 0.0 0.0 0.0 0.089 0.822 0.822 0.822 1.0 0.099 0.028 0.040
0.0 1.0 0.0 0.0 0.0 0.0 0.0 0.0 0.0 0.0 0.089 0.689 0.911 0.749 1.0 0.099 0.014 1.000
0.0 1.0 0.0 0.0 0.0 0.0 0.0 0.0 0.0 0.0 0.089 0.844 0.844 0.844 1.0 0.099 0.014 0.040
0.0 0.0 0.0 1.0 0.0 0.0 0.0 0.0 0.0 0.0 0.089 0.844 0.844 0.844 2.0 0.141 0.028 0.040
0.0 1.0 0.0 0.0 0.0 0.0 0.0 0.0 0.0 0.0 0.089 0.844 0.844 0.844 2.0 0.099 0.028 0.040
0.0 1.0 0.0 0.0 0.0 0.0 0.0 0.0 0.0 0.0 0.089 0.689 0.911 0.749 1.0 0.099 0.014 1.000
0.0 0.0 0.0 1.0 0.0 0.0 0.0 0.0 0.0 0.0 0.089 0.689 0.911 0.749 2.0 0.141 0.028 1.000
0.0 1.0 0.0 0.0 0.0 0.0 0.0 0.0 0.0 0.0 0.089 0.689 0.911 0.749 1.0 0.099 0.014 1.000
0.0 0.0 0.0 1.0 0.0 0.0 0.0 0.0 0.0 0.0 0.089 0.689 0.911 0.749 2.0 0.141 0.028 1.000
0.0 1.0 0.0 0.0 0.0 0.0 0.0 0.0 0.0 0.0 0.089 0.689 0.911 0.749 1.0 0.099 0.028 1.000
0.0 1.0 0.0 0.0 0.0 0.0 0.0 0.0 0.0 0.0 0.089 0.844 0.844 0.844 1.0 0.099 0.014 0.040
0.0 0.0 0.0 1.0 0.0 0.0 0.0 0.0 0.0 0.0 0.089 0.844 0.844 0.844 2.0 0.141 0.028 0.040
0.0 1.0 0.0 0.0 0.0 0.0 0.0 0.0 0.0 0.0 0.089 0.911 0.911 0.911 1.0 0.099 0.056 0.040
0.0 0.0 0.0 1.0 0.0 0.0 0.0 0.0 0.0 0.0 0.089 0.911 0.911 0.911 2.0 0.141 0.070 0.040
0.0 1.0 0.0 0.0 0.0 0.0 0.0 0.0 0.0 0.0 0.133 0.644 0.867 0.705 2.0 0.127 0.042 1.000
0.0 0.0 0.0 1.0 0.0 0.0 0.0 0.0 0.0 0.0 0.111 0.667 0.889 0.727 2.0 0.141 0.028 1.000
0.0 0.0 0.0 1.0 0.0 0.0 0.0 0.0 0.0 0.0 0.133 0.644 0.867 0.705 2.0 0.155 0.085 1.000
0.0 1.0 0.0 0.0 0.0 0.0 0.0 0.0 0.0 0.0 0.089 0.689 0.911 0.749 1.0 0.099 0.014 1.000
0.0 0.0 0.0 1.0 0.0 0.0 0.0 0.0 0.0 0.0 0.089 0.689 0.911 0.749 2.0 0.141 0.028 1.000
0.0 1.0 0.0 0.0 0.0 0.0 0.0 0.0 0.0 0.0 0.089 0.689 0.911 0.749 1.0 0.099 0.014 1.000
0.0 1.0 0.0 0.0 0.0 0.0 0.0 0.0 0.0 0.0 0.089 0.689 0.911 0.749 2.0 0.099 0.028 1.000
0.0 0.0 0.0 1.0 0.0 0.0 0.0 0.0 0.0 0.0 0.089 0.689 0.911 0.749 2.0 0.141 0.028 1.000
0.0 0.0 0.0 1.0 0.0 0.0 0.0 0.0 0.0 0.0 0.111 0.667 0.889 0.727 2.0 0.169 0.028 1.000
0.0 0.0 0.0 1.0 0.0 0.0 0.0 0.0 0.0 0.0 0.111 0.667 0.889 0.727 2.0 0.169 0.028 1.000
0.0 0.0 0.0 1.0 0.0 0.0 0.0 0.0 0.0 0.0 0.111 0.667 0.889 0.727 2.0 0.169 0.028 1.000
1.0 0.0 0.0 0.0 0.0 0.0 0.0 0.0 0.0 0.0 0.089 0.689 0.911 0.749 1.0 0.127 0.056 1.000
1.0 0.0 0.0 0.0 0.0 0.0 0.0 0.0 0.0 0.0 0.089 0.756 0.756 0.756 1.0 0.127 0.056 0.040
1.0 0.0 0.0 0.0 0.0 0.0 0.0 0.0 0.0 0.0 0.089 0.689 0.911 0.749 1.0 0.127 0.042 1.000
1.0 0.0 0.0 0.0 0.0 0.0 0.0 0.0 0.0 0.0 0.089 0.756 0.756 0.756 1.0 0.127 0.042 0.040
0.0 1.0 0.0 0.0 0.0 0.0 0.0 0.0 0.0 0.0 0.133 0.644 0.867 0.705 1.0 0.141 0.028 1.000
0.0 0.0 0.0 1.0 0.0 0.0 0.0 0.0 0.0 0.0 0.111 0.667 0.889 0.727 2.0 0.127 0.070 1.000
0.0 0.0 0.0 1.0 0.0 0.0 0.0 0.0 0.0 0.0 0.111 0.667 0.889 0.727 2.0 0.127 0.028 1.000
0.0 0.0 0.0 1.0 0.0 0.0 0.0 0.0 0.0 0.0 0.111 0.667 0.889 0.727 2.0 0.141 0.028 1.000
0.0 0.0 0.0 1.0 0.0 0.0 0.0 0.0 0.0 0.0 0.111 0.667 0.889 0.727 2.0 0.141 0.028 1.000
0.0 0.0 0.0 1.0 0.0 0.0 0.0 0.0 0.0 0.0 0.111 0.667 0.889 0.727 2.0 0.141 0.028 1.000
0.0 0.0 0.0 1.0 0.0 0.0 0.0 0.0 0.0 0.0 0.111 0.667 0.889 0.727 2.0 0.141 0.042 1.000
0.0 0.0 0.0 1.0 0.0 0.0 0.0 0.0 0.0 0.0 0.111 0.667 0.889 0.727 2.0 0.141 0.028 1.000
0.0 0.0 0.0 1.0 0.0 0.0 0.0 0.0 0.0 0.0 0.111 0.822 0.822 0.822 2.0 0.141 0.028 0.040
0.0 0.0 0.0 1.0 0.0 0.0 0.0 0.0 0.0 0.0 0.111 0.667 0.889 0.727 2.0 0.141 0.028 1.000
0.0 0.0 0.0 1.0 0.0 0.0 0.0 0.0 0.0 0.0 0.111 0.667 0.889 0.727 2.0 0.141 0.028 1.000
0.0 0.0 0.0 1.0 0.0 0.0 0.0 0.0 0.0 0.0 0.111 0.822 0.822 0.822 2.0 0.141 0.028 0.040
0.0 1.0 0.0 0.0 0.0 0.0 0.0 0.0 0.0 0.0 0.133 0.800 0.800 0.800 1.0 0.127 0.028 0.040
0.0 0.0 0.0 1.0 0.0 0.0 0.0 0.0 0.0 0.0 0.111 0.889 0.889 0.889 2.0 0.141 0.070 0.040
0.0 0.0 0.0 1.0 0.0 0.0 0.0 0.0 0.0 0.0 0.111 0.667 0.889 0.727 2.0 0.141 0.028 1.000
0.0 0.0 0.0 1.0 0.0 0.0 0.0 0.0 0.0 0.0 0.111 0.667 0.889 0.727 2.0 0.141 0.042 1.000
0.0 1.0 0.0 0.0 0.0 0.0 0.0 0.0 0.0 0.0 0.133 0.644 0.867 0.705 1.0 0.127 0.056 1.000
0.0 0.0 0.0 1.0 0.0 0.0 0.0 0.0 0.0 0.0 0.133 0.644 0.867 0.705 2.0 0.127 0.085 1.000
0.0 0.0 0.0 1.0 0.0 0.0 0.0 0.0 0.0 0.0 0.133 0.644 0.867 0.705 2.0 0.141 0.042 1.000
0.0 1.0 0.0 0.0 0.0 0.0 0.0 0.0 0.0 0.0 0.133 0.644 0.867 0.705 1.0 0.113 0.028 1.000
0.0 1.0 0.0 0.0 0.0 0.0 0.0 0.0 0.0 0.0 0.111 0.733 0.733 0.733 1.0 0.099 0.056 0.040
0.0 1.0 0.0 0.0 0.0 0.0 0.0 0.0 0.0 0.0 0.111 0.667 0.889 0.727 2.0 0.099 0.070 1.000
0.0 1.0 0.0 0.0 0.0 0.0 0.0 0.0 0.0 0.0 0.111 0.733 0.733 0.733 1.0 0.099 0.042 0.040
0.0 1.0 0.0 0.0 0.0 0.0 0.0 0.0 0.0 0.0 0.111 0.667 0.889 0.727 1.0 0.099 0.042 1.000
0.0 1.0 0.0 0.0 0.0 0.0 0.0 0.0 0.0 0.0 0.156 0.622 0.844 0.683 2.0 0.127 0.042 1.000
0.0 0.0 0.0 1.0 0.0 0.0 0.0 0.0 0.0 0.0 0.133 0.644 0.867 0.705 2.0 0.141 0.028 1.000
0.0 0.0 0.0 1.0 0.0 0.0 0.0 0.0 0.0 0.0 0.133 0.644 0.867 0.705 2.0 0.155 0.042 1.000
0.0 0.0 0.0 1.0 0.0 0.0 0.0 0.0 0.0 0.0 0.133 0.644 0.867 0.705 2.0 0.155 0.042 1.000
0.0 0.0 0.0 1.0 0.0 0.0 0.0 0.0 0.0 0.0 0.133 0.644 0.867 0.705 2.0 0.169 0.028 1.000
0.0 0.0 0.0 1.0 0.0 0.0 0.0 0.0 0.0 0.0 0.133 0.644 0.867 0.705 2.0 0.169 0.042 1.000
0.0 0.0 0.0 1.0 0.0 0.0 0.0 0.0 0.0 0.0 0.133 0.644 0.867 0.705 2.0 0.169 0.028 1.000
0.0 0.0 0.0 1.0 0.0 0.0 0.0 0.0 0.0 0.0 0.133 0.800 0.800 0.800 2.0 0.169 0.028 0.040
0.0 0.0 0.0 1.0 0.0 0.0 0.0 0.0 0.0 0.0 0.133 0.644 0.867 0.705 2.0 0.169 0.028 1.000
0.0 0.0 0.0 1.0 0.0 0.0 0.0 0.0 0.0 0.0 0.133 0.644 0.867 0.705 2.0 0.169 0.028 1.000
0.0 0.0 0.0 1.0 0.0 0.0 0.0 0.0 0.0 0.0 0.133 0.800 0.800 0.800 2.0 0.169 0.028 0.040
0.0 0.0 0.0 1.0 0.0 0.0 0.0 0.0 0.0 0.0 0.133 0.867 0.867 0.867 2.0 0.169 0.070 0.040
0.0 1.0 0.0 0.0 0.0 0.0 0.0 0.0 0.0 0.0 0.156 0.622 0.844 0.683 1.0 0.099 0.042 1.000
0.0 0.0 0.0 1.0 0.0 0.0 0.0 0.0 0.0 0.0 0.156 0.622 0.844 0.683 2.0 0.141 0.056 1.000
0.0 1.0 0.0 0.0 0.0 0.0 0.0 0.0 0.0 0.0 0.156 0.622 0.844 0.683 1.0 0.113 0.085 1.000
0.0 0.0 0.0 1.0 0.0 0.0 0.0 0.0 0.0 0.0 0.156 0.622 0.844 0.683 2.0 0.155 0.099 1.000
0.0 0.0 0.0 1.0 0.0 0.0 0.0 0.0 0.0 0.0 0.133 0.644 0.867 0.705 2.0 0.169 0.028 1.000
0.0 0.0 0.0 1.0 0.0 0.0 0.0 0.0 0.0 0.0 0.133 0.644 0.867 0.705 2.0 0.169 0.042 1.000
0.0 1.0 0.0 0.0 0.0 0.0 0.0 0.0 0.0 0.0 0.133 0.644 0.867 0.705 1.0 0.113 0.028 1.000
0.0 0.0 0.0 1.0 0.0 0.0 0.0 0.0 0.0 0.0 0.133 0.644 0.867 0.705 2.0 0.155 0.042 1.000
0.0 1.0 0.0 0.0 0.0 0.0 0.0 0.0 0.0 0.0 0.133 0.644 0.867 0.705 1.0 0.113 0.028 1.000
0.0 1.0 0.0 0.0 0.0 0.0 0.0 0.0 0.0 0.0 0.156 0.622 0.844 0.683 2.0 0.113 0.056 1.000
0.0 0.0 0.0 1.0 0.0 0.0 0.0 0.0 0.0 0.0 0.133 0.644 0.867 0.705 2.0 0.127 0.042 1.000
0.0 1.0 0.0 0.0 0.0 0.0 0.0 0.0 0.0 0.0 0.156 0.778 0.778 0.778 1.0 0.099 0.028 0.040
0.0 0.0 0.0 1.0 0.0 0.0 0.0 0.0 0.0 0.0 0.156 0.622 0.844 0.683 2.0 0.127 0.042 1.000
0.0 1.0 0.0 0.0 0.0 0.0 0.0 0.0 0.0 0.0 0.156 0.622 0.844 0.683 1.0 0.099 0.056 1.000
1.0 0.0 0.0 0.0 0.0 0.0 0.0 0.0 0.0 0.0 0.156 0.622 0.844 0.683 1.0 0.127 0.028 1.000
1.0 0.0 0.0 0.0 0.0 0.0 0.0 0.0 0.0 0.0 0.156 0.800 0.800 0.800 1.0 0.127 0.028 0.040
0.0 0.0 0.0 1.0 0.0 0.0 0.0 0.0 0.0 0.0 0.178 0.600 0.822 0.660 2.0 0.141 0.056 1.000
0.0 0.0 0.0 1.0 0.0 0.0 0.0 0.0 0.0 0.0 0.178 0.600 0.822 0.660 2.0 0.141 0.099 1.000
0.0 0.0 0.0 1.0 0.0 0.0 0.0 0.0 0.0 0.0 0.156 0.622 0.844 0.683 2.0 0.141 0.042 1.000
0.0 0.0 0.0 1.0 0.0 0.0 0.0 0.0 0.0 0.0 0.156 0.622 0.844 0.683 2.0 0.141 0.042 1.000
0.0 1.0 0.0 0.0 0.0 0.0 0.0 0.0 0.0 0.0 0.156 0.622 0.844 0.683 2.0 0.127 0.099 1.000
0.0 0.0 0.0 1.0 0.0 0.0 0.0 0.0 0.0 0.0 0.156 0.622 0.844 0.683 2.0 0.141 0.056 1.000
0.0 1.0 0.0 0.0 0.0 0.0 0.0 0.0 0.0 0.0 0.156 0.622 0.844 0.683 1.0 0.113 0.042 1.000
0.0 0.0 0.0 1.0 0.0 0.0 0.0 0.0 0.0 0.0 0.178 0.600 0.822 0.660 2.0 0.141 0.056 1.000
0.0 1.0 0.0 0.0 0.0 0.0 0.0 0.0 0.0 0.0 0.178 0.600 0.822 0.660 1.0 0.099 0.042 1.000
0.0 0.0 0.0 1.0 0.0 0.0 0.0 0.0 0.0 0.0 0.156 0.622 0.844 0.683 2.0 0.155 0.056 1.000
0.0 1.0 0.0 0.0 0.0 0.0 0.0 0.0 0.0 0.0 0.156 0.622 0.844 0.683 1.0 0.113 0.042 1.000
0.0 1.0 0.0 0.0 0.0 0.0 0.0 0.0 0.0 0.0 0.178 0.600 0.822 0.660 2.0 0.099 0.056 1.000
0.0 0.0 0.0 1.0 0.0 0.0 0.0 0.0 0.0 0.0 0.156 0.622 0.844 0.683 2.0 0.127 0.042 1.000
0.0 1.0 0.0 0.0 0.0 0.0 0.0 0.0 0.0 0.0 0.156 0.622 0.844 0.683 1.0 0.113 0.028 1.000
0.0 1.0 0.0 0.0 0.0 0.0 0.0 0.0 0.0 0.0 0.178 0.600 0.822 0.660 2.0 0.099 0.056 1.000
0.0 0.0 0.0 1.0 0.0 0.0 0.0 0.0 0.0 0.0 0.156 0.622 0.844 0.683 2.0 0.127 0.042 1.000
0.0 1.0 0.0 0.0 0.0 0.0 0.0 0.0 0.0 0.0 0.156 0.622 0.844 0.683 1.0 0.113 0.028 1.000
0.0 0.0 0.0 1.0 0.0 0.0 0.0 0.0 0.0 0.0 0.156 0.622 0.844 0.683 2.0 0.169 0.056 1.000
0.0 1.0 0.0 0.0 0.0 0.0 0.0 0.0 0.0 0.0 0.156 0.622 0.844 0.683 1.0 0.113 0.042 1.000
0.0 0.0 0.0 1.0 0.0 0.0 0.0 0.0 0.0 0.0 0.156 0.622 0.844 0.683 2.0 0.141 0.042 1.000
0.0 1.0 0.0 0.0 0.0 0.0 0.0 0.0 0.0 0.0 0.156 0.622 0.844 0.683 1.0 0.113 0.028 1.000
0.0 0.0 0.0 1.0 0.0 0.0 0.0 0.0 0.0 0.0 0.156 0.778 0.778 0.778 2.0 0.141 0.056 0.040
0.0 1.0 0.0 0.0 0.0 0.0 0.0 0.0 0.0 0.0 0.156 0.778 0.778 0.778 2.0 0.113 0.042 0.040
0.0 1.0 0.0 0.0 0.0 0.0 0.0 0.0 0.0 0.0 0.156 0.844 0.844 0.844 1.0 0.113 0.070 0.040
0.0 0.0 0.0 1.0 0.0 0.0 0.0 0.0 0.0 0.0 0.156 0.622 0.844 0.683 2.0 0.141 0.070 1.000
0.0 1.0 0.0 0.0 0.0 0.0 0.0 0.0 0.0 0.0 0.156 0.622 0.844 0.683 1.0 0.113 0.042 1.000
0.0 0.0 0.0 1.0 0.0 0.0 0.0 0.0 0.0 0.0 0.178 0.600 0.822 0.660 2.0 0.141 0.042 1.000
0.0 1.0 0.0 0.0 0.0 0.0 0.0 0.0 0.0 0.0 0.156 0.778 0.778 0.778 1.0 0.113 0.028 0.040
0.0 0.0 0.0 1.0 0.0 0.0 0.0 0.0 0.0 0.0 0.156 0.778 0.778 0.778 2.0 0.155 0.056 0.040
0.0 1.0 0.0 0.0 0.0 0.0 0.0 0.0 0.0 0.0 0.156 0.622 0.844 0.683 1.0 0.113 0.028 1.000
0.0 0.0 0.0 1.0 0.0 0.0 0.0 0.0 0.0 0.0 0.156 0.622 0.844 0.683 2.0 0.155 0.056 1.000
0.0 0.0 0.0 1.0 0.0 0.0 0.0 0.0 0.0 0.0 0.200 0.578 0.800 0.638 2.0 0.169 0.056 1.000
0.0 1.0 0.0 0.0 0.0 0.0 0.0 0.0 0.0 0.0 0.156 0.622 0.844 0.683 1.0 0.113 0.028 1.000
0.0 0.0 0.0 1.0 0.0 0.0 0.0 0.0 0.0 0.0 0.156 0.622 0.844 0.683 2.0 0.155 0.042 1.000
0.0 0.0 0.0 1.0 0.0 0.0 0.0 0.0 0.0 0.0 0.200 0.578 0.800 0.638 2.0 0.169 0.099 1.000
0.0 0.0 0.0 1.0 0.0 0.0 0.0 0.0 0.0 0.0 0.178 0.600 0.822 0.660 2.0 0.155 0.056 1.000
0.0 0.0 0.0 1.0 0.0 0.0 0.0 0.0 0.0 0.0 0.178 0.600 0.822 0.660 2.0 0.169 0.042 1.000
0.0 0.0 0.0 1.0 0.0 0.0 0.0 0.0 0.0 0.0 0.178 0.600 0.822 0.660 2.0 0.127 0.056 1.000
0.0 0.0 0.0 1.0 0.0 0.0 0.0 0.0 0.0 0.0 0.200 0.578 0.800 0.638 2.0 0.141 0.056 1.000
0.0 0.0 0.0 1.0 0.0 0.0 0.0 0.0 0.0 0.0 0.178 0.600 0.822 0.660 2.0 0.141 0.056 1.000
0.0 1.0 0.0 0.0 0.0 0.0 0.0 0.0 0.0 0.0 0.178 0.778 0.778 0.778 2.0 0.099 0.042 0.040
0.0 1.0 0.0 0.0 0.0 0.0 0.0 0.0 0.0 0.0 0.178 0.600 0.822 0.660 1.0 0.099 0.028 1.000
0.0 1.0 0.0 0.0 0.0 0.0 0.0 0.0 0.0 0.0 0.200 0.578 0.800 0.638 2.0 0.099 0.056 1.000
0.0 0.0 0.0 1.0 0.0 0.0 0.0 0.0 0.0 0.0 0.178 0.600 0.822 0.660 2.0 0.113 0.042 1.000
0.0 0.0 0.0 1.0 0.0 0.0 0.0 0.0 0.0 0.0 0.178 0.600 0.822 0.660 2.0 0.127 0.042 1.000
0.0 0.0 0.0 1.0 0.0 0.0 0.0 0.0 0.0 0.0 0.178 0.600 0.822 0.660 2.0 0.155 0.056 1.000
0.0 0.0 0.0 1.0 0.0 0.0 0.0 0.0 0.0 0.0 0.178 0.600 0.822 0.660 2.0 0.127 0.042 1.000
0.0 0.0 0.0 1.0 0.0 0.0 0.0 0.0 0.0 0.0 0.178 0.756 0.756 0.756 2.0 0.127 0.070 0.040
0.0 0.0 0.0 1.0 0.0 0.0 0.0 0.0 0.0 0.0 0.178 0.600 0.822 0.660 2.0 0.127 0.070 1.000
0.0 1.0 0.0 0.0 0.0 0.0 0.0 0.0 0.0 0.0 0.178 0.600 0.822 0.660 1.0 0.099 0.099 1.000
0.0 0.0 0.0 1.0 0.0 0.0 0.0 0.0 0.0 0.0 0.178 0.756 0.756 0.756 2.0 0.141 0.042 0.040
0.0 0.0 0.0 1.0 0.0 0.0 0.0 0.0 0.0 0.0 0.178 0.600 0.822 0.660 2.0 0.141 0.056 1.000
0.0 0.0 0.0 1.0 0.0 0.0 0.0 0.0 0.0 0.0 0.178 0.600 0.822 0.660 2.0 0.141 0.042 1.000
0.0 1.0 0.0 0.0 0.0 0.0 0.0 0.0 0.0 0.0 0.200 0.578 0.800 0.638 1.0 0.127 0.042 1.000
0.0 0.0 0.0 1.0 0.0 0.0 0.0 0.0 0.0 0.0 0.200 0.578 0.800 0.638 2.0 0.141 0.056 1.000
0.0 0.0 0.0 1.0 0.0 0.0 0.0 0.0 0.0 0.0 0.222 0.556 0.778 0.616 2.0 0.183 0.056 1.000
0.0 0.0 0.0 1.0 0.0 0.0 0.0 0.0 0.0 0.0 0.200 0.578 0.800 0.638 2.0 0.183 0.056 1.000
0.0 0.0 0.0 1.0 0.0 0.0 0.0 0.0 0.0 0.0 0.222 0.556 0.778 0.616 2.0 0.113 0.070 1.000
0.0 0.0 0.0 1.0 0.0 0.0 0.0 0.0 0.0 0.0 0.200 0.578 0.800 0.638 2.0 0.127 0.056 1.000
0.0 0.0 0.0 1.0 0.0 0.0 0.0 0.0 0.0 0.0 0.200 0.578 0.800 0.638 2.0 0.225 0.056 1.000
0.0 0.0 0.0 1.0 0.0 0.0 0.0 0.0 0.0 0.0 0.200 0.578 0.800 0.638 2.0 0.155 0.042 1.000
0.0 0.0 0.0 1.0 0.0 0.0 0.0 0.0 0.0 0.0 0.200 0.733 0.733 0.733 2.0 0.141 0.070 0.040
0.0 1.0 0.0 0.0 0.0 0.0 0.0 0.0 0.0 0.0 0.222 0.556 0.778 0.616 2.0 0.113 0.070 1.000
0.0 0.0 0.0 1.0 0.0 0.0 0.0 0.0 0.0 0.0 0.200 0.578 0.800 0.638 2.0 0.141 0.070 1.000
0.0 1.0 0.0 0.0 0.0 0.0 0.0 0.0 0.0 0.0 0.222 0.556 0.778 0.616 1.0 0.113 0.099 1.000
0.0 1.0 0.0 0.0 0.0 0.0 0.0 0.0 0.0 0.0 0.200 0.578 0.800 0.638 1.0 0.113 0.056 1.000
0.0 1.0 0.0 0.0 0.0 0.0 0.0 0.0 0.0 0.0 0.200 0.578 0.800 0.638 1.0 0.113 0.042 1.000
0.0 0.0 0.0 1.0 0.0 0.0 0.0 0.0 0.0 0.0 0.200 0.578 0.800 0.638 2.0 0.169 0.056 1.000
0.0 0.0 0.0 1.0 0.0 0.0 0.0 0.0 0.0 0.0 0.200 0.733 0.733 0.733 2.0 0.169 0.056 0.040
0.0 0.0 0.0 1.0 0.0 0.0 0.0 0.0 0.0 0.0 0.200 0.578 0.800 0.638 2.0 0.169 0.042 1.000
0.0 1.0 0.0 0.0 0.0 0.0 0.0 0.0 0.0 0.0 0.222 0.556 0.778 0.616 1.0 0.141 0.056 1.000
0.0 1.0 0.0 0.0 0.0 0.0 0.0 0.0 0.0 0.0 0.222 0.556 0.778 0.616 1.0 0.141 0.056 1.000
0.0 1.0 0.0 0.0 0.0 0.0 0.0 0.0 0.0 0.0 0.222 0.556 0.778 0.616 1.0 0.183 0.042 1.000
0.0 1.0 0.0 0.0 0.0 0.0 0.0 0.0 0.0 0.0 0.244 0.533 0.756 0.594 1.0 0.141 0.070 1.000
0.0 0.0 0.0 1.0 0.0 0.0 0.0 0.0 0.0 0.0 0.222 0.556 0.778 0.616 2.0 0.155 0.099 1.000
0.0 0.0 0.0 1.0 0.0 0.0 0.0 0.0 0.0 0.0 0.222 0.556 0.778 0.616 2.0 0.155 0.099 1.000
0.0 1.0 0.0 0.0 0.0 0.0 0.0 0.0 0.0 0.0 0.222 0.556 0.778 0.616 1.0 0.099 0.042 1.000
0.0 1.0 0.0 0.0 0.0 0.0 0.0 0.0 0.0 0.0 0.222 0.711 0.711 0.711 1.0 0.127 0.070 0.040
0.0 1.0 0.0 0.0 0.0 0.0 0.0 0.0 0.0 0.0 0.222 0.556 0.778 0.616 1.0 0.127 0.070 1.000
1.0 0.0 0.0 0.0 0.0 0.0 0.0 0.0 0.0 0.0 0.222 0.556 0.778 0.616 1.0 0.169 0.056 1.000
0.0 1.0 0.0 0.0 0.0 0.0 0.0 0.0 0.0 0.0 0.222 0.556 0.778 0.616 1.0 0.113 0.056 1.000
0.0 1.0 0.0 0.0 0.0 0.0 0.0 0.0 0.0 0.0 0.222 0.711 0.711 0.711 1.0 0.113 0.056 0.040
0.0 0.0 0.0 1.0 0.0 0.0 0.0 0.0 0.0 0.0 0.244 0.533 0.756 0.594 2.0 0.155 0.141 1.000
0.0 1.0 0.0 0.0 0.0 0.0 0.0 0.0 0.0 0.0 0.222 0.556 0.778 0.616 1.0 0.113 0.042 1.000
0.0 0.0 0.0 1.0 0.0 0.0 0.0 0.0 0.0 0.0 0.244 0.533 0.756 0.594 2.0 0.169 0.099 1.000
1.0 0.0 0.0 0.0 0.0 0.0 0.0 0.0 0.0 0.0 0.222 0.556 0.778 0.616 1.0 0.141 0.056 1.000
1.0 0.0 0.0 0.0 0.0 0.0 0.0 0.0 0.0 0.0 0.222 0.733 0.733 0.733 1.0 0.141 0.056 0.040
1.0 0.0 0.0 0.0 0.0 0.0 0.0 0.0 0.0 0.0 0.222 0.689 0.689 0.689 1.0 0.155 0.056 0.040
1.0 0.0 0.0 0.0 0.0 0.0 0.0 0.0 0.0 0.0 0.222 0.556 0.778 0.616 1.0 0.155 0.056 1.000
1.0 0.0 0.0 0.0 0.0 0.0 0.0 0.0 0.0 0.0 0.244 0.689 0.689 0.689 1.0 0.141 0.056 0.040
1.0 0.0 0.0 0.0 0.0 0.0 0.0 0.0 0.0 0.0 0.244 0.533 0.756 0.594 1.0 0.141 0.056 1.000
1.0 0.0 0.0 0.0 0.0 0.0 0.0 0.0 0.0 0.0 0.244 0.533 0.756 0.594 1.0 0.155 0.042 1.000
1.0 0.0 0.0 0.0 0.0 0.0 0.0 0.0 0.0 0.0 0.244 0.533 0.756 0.594 1.0 0.141 0.056 1.000
0.0 1.0 0.0 0.0 0.0 0.0 0.0 0.0 0.0 0.0 0.244 0.689 0.689 0.689 1.0 0.099 0.070 0.040
0.0 0.0 0.0 1.0 0.0 0.0 0.0 0.0 0.0 0.0 0.244 0.533 0.756 0.594 2.0 0.155 0.141 1.000
0.0 0.0 0.0 1.0 0.0 0.0 0.0 0.0 0.0 0.0 0.244 0.533 0.756 0.594 2.0 0.141 0.113 1.000
0.0 1.0 0.0 0.0 0.0 0.0 0.0 0.0 0.0 0.0 0.244 0.533 0.756 0.594 1.0 0.099 0.070 1.000
1.0 0.0 0.0 0.0 0.0 0.0 0.0 0.0 0.0 0.0 0.267 0.733 0.733 0.733 1.0 0.127 0.070 0.040
1.0 0.0 0.0 0.0 0.0 0.0 0.0 0.0 0.0 0.0 0.267 0.511 0.733 0.572 1.0 0.127 0.070 1.000
1.0 0.0 0.0 0.0 0.0 0.0 0.0 0.0 0.0 0.0 0.244 0.533 0.756 0.594 1.0 0.127 0.056 1.000
1.0 0.0 0.0 0.0 0.0 0.0 0.0 0.0 0.0 0.0 0.244 0.711 0.711 0.711 1.0 0.127 0.056 0.040
1.0 0.0 0.0 0.0 0.0 0.0 0.0 0.0 0.0 0.0 0.244 0.689 0.689 0.689 1.0 0.127 0.056 0.040
1.0 0.0 0.0 0.0 0.0 0.0 0.0 0.0 0.0 0.0 0.244 0.756 0.756 0.756 1.0 0.141 0.042 0.040
1.0 0.0 0.0 0.0 0.0 0.0 0.0 0.0 0.0 0.0 0.244 0.533 0.756 0.594 1.0 0.141 0.042 1.000
0.0 0.0 0.0 1.0 0.0 0.0 0.0 0.0 0.0 0.0 0.267 0.511 0.733 0.572 2.0 0.155 0.141 1.000
0.0 1.0 0.0 0.0 0.0 0.0 0.0 0.0 0.0 0.0 0.267 0.511 0.733 0.572 1.0 0.113 0.099 1.000
0.0 1.0 0.0 0.0 0.0 0.0 0.0 0.0 0.0 0.0 0.244 0.533 0.756 0.594 2.0 0.099 0.070 1.000
0.0 1.0 0.0 0.0 0.0 0.0 0.0 0.0 0.0 0.0 0.244 0.711 0.711 0.711 2.0 0.099 0.070 0.040
0.0 0.0 0.0 1.0 0.0 0.0 0.0 0.0 0.0 0.0 0.244 0.667 0.667 0.667 2.0 0.141 0.070 0.040
0.0 1.0 0.0 0.0 0.0 0.0 0.0 0.0 0.0 0.0 0.244 0.667 0.667 0.667 1.0 0.099 0.056 0.040
0.0 0.0 0.0 1.0 0.0 0.0 0.0 0.0 0.0 0.0 0.244 0.533 0.756 0.594 2.0 0.141 0.070 1.000
0.0 1.0 0.0 0.0 0.0 0.0 0.0 0.0 0.0 0.0 0.244 0.533 0.756 0.594 1.0 0.099 0.056 1.000
0.0 1.0 0.0 0.0 0.0 0.0 0.0 0.0 0.0 0.0 0.267 0.667 0.667 0.667 1.0 0.099 0.056 0.040
0.0 1.0 0.0 0.0 0.0 0.0 0.0 0.0 0.0 0.0 0.267 0.511 0.733 0.572 2.0 0.099 0.070 1.000
0.0 0.0 0.0 1.0 0.0 0.0 0.0 0.0 0.0 0.0 0.267 0.511 0.733 0.572 2.0 0.169 0.141 1.000
0.0 0.0 0.0 1.0 0.0 0.0 0.0 0.0 0.0 0.0 0.267 0.511 0.733 0.572 2.0 0.141 0.113 1.000
1.0 0.0 0.0 0.0 0.0 0.0 0.0 0.0 0.0 0.0 0.244 0.756 0.756 0.756 1.0 0.127 0.056 0.040
1.0 0.0 0.0 0.0 0.0 0.0 0.0 0.0 0.0 0.0 0.244 0.533 0.756 0.594 1.0 0.127 0.056 1.000
0.0 0.0 0.0 1.0 0.0 0.0 0.0 0.0 0.0 0.0 0.289 0.489 0.711 0.549 2.0 0.155 0.141 1.000
0.0 1.0 0.0 0.0 0.0 0.0 0.0 0.0 0.0 0.0 0.289 0.489 0.711 0.549 1.0 0.099 0.070 1.000
0.0 1.0 0.0 0.0 0.0 0.0 0.0 0.0 0.0 0.0 0.289 0.489 0.711 0.549 2.0 0.113 0.141 1.000
0.0 0.0 0.0 1.0 0.0 0.0 0.0 0.0 0.0 0.0 0.267 0.511 0.733 0.572 2.0 0.113 0.127 1.000
0.0 1.0 0.0 0.0 0.0 0.0 0.0 0.0 0.0 0.0 0.267 0.511 0.733 0.572 1.0 0.099 0.056 1.000
0.0 0.0 0.0 1.0 0.0 0.0 0.0 0.0 0.0 0.0 0.267 0.689 0.689 0.689 2.0 0.141 0.127 0.040
0.0 1.0 0.0 0.0 0.0 0.0 0.0 0.0 0.0 0.0 0.267 0.689 0.689 0.689 2.0 0.099 0.070 0.040
0.0 0.0 0.0 1.0 0.0 0.0 0.0 0.0 0.0 0.0 0.267 0.644 0.644 0.644 2.0 0.141 0.070 0.040
0.0 0.0 0.0 1.0 0.0 0.0 0.0 0.0 0.0 0.0 0.267 0.511 0.733 0.572 2.0 0.141 0.070 1.000
1.0 0.0 0.0 0.0 0.0 0.0 0.0 0.0 0.0 0.0 0.267 0.667 0.667 0.667 1.0 0.127 0.042 0.040
1.0 0.0 0.0 0.0 0.0 0.0 0.0 0.0 0.0 0.0 0.267 0.511 0.733 0.572 1.0 0.127 0.042 1.000
0.0 0.0 0.0 1.0 0.0 0.0 0.0 0.0 0.0 0.0 0.267 0.667 0.667 0.667 2.0 0.141 0.113 0.040
0.0 1.0 0.0 0.0 0.0 0.0 0.0 0.0 0.0 0.0 0.267 0.667 0.667 0.667 1.0 0.099 0.056 0.040
0.0 0.0 0.0 1.0 0.0 0.0 0.0 0.0 0.0 0.0 0.289 0.489 0.711 0.549 2.0 0.169 0.113 1.000
0.0 1.0 0.0 0.0 0.0 0.0 0.0 0.0 0.0 0.0 0.267 0.733 0.733 0.733 2.0 0.099 0.056 0.040
0.0 1.0 0.0 0.0 0.0 0.0 0.0 0.0 0.0 0.0 0.289 0.711 0.711 0.711 1.0 0.099 0.070 0.040
0.0 1.0 0.0 0.0 0.0 0.0 0.0 0.0 0.0 0.0 0.267 0.511 0.733 0.572 1.0 0.099 0.042 1.000
1.0 0.0 0.0 0.0 0.0 0.0 0.0 0.0 0.0 0.0 0.267 0.667 0.667 0.667 1.0 0.127 0.056 0.040
1.0 0.0 0.0 0.0 0.0 0.0 0.0 0.0 0.0 0.0 0.267 0.511 0.733 0.572 1.0 0.127 0.056 1.000
0.0 0.0 0.0 1.0 0.0 0.0 0.0 0.0 0.0 0.0 0.289 0.489 0.711 0.549 2.0 0.141 0.211 1.000
0.0 1.0 0.0 0.0 0.0 0.0 0.0 0.0 0.0 0.0 0.289 0.489 0.711 0.549 1.0 0.113 0.141 1.000
0.0 0.0 0.0 1.0 0.0 0.0 0.0 0.0 0.0 0.0 0.311 0.467 0.689 0.527 2.0 0.197 0.141 1.000
0.0 0.0 0.0 1.0 0.0 0.0 0.0 0.0 0.0 0.0 0.289 0.489 0.711 0.549 2.0 0.141 0.113 1.000
0.0 0.0 0.0 1.0 0.0 0.0 0.0 0.0 0.0 0.0 0.289 0.667 0.667 0.667 2.0 0.141 0.127 0.040
0.0 0.0 0.0 1.0 0.0 0.0 0.0 0.0 0.0 0.0 0.289 0.622 0.622 0.622 2.0 0.169 0.070 0.040
0.0 0.0 0.0 1.0 0.0 0.0 0.0 0.0 0.0 0.0 0.289 0.489 0.711 0.549 2.0 0.169 0.070 1.000
0.0 0.0 0.0 1.0 0.0 0.0 0.0 0.0 0.0 0.0 0.289 0.644 0.644 0.644 2.0 0.155 0.113 0.040
0.0 1.0 0.0 0.0 0.0 0.0 0.0 0.0 0.0 0.0 0.267 0.733 0.733 0.733 1.0 0.099 0.056 0.040
0.0 0.0 0.0 1.0 0.0 0.0 0.0 0.0 0.0 0.0 0.289 0.711 0.711 0.711 2.0 0.141 0.113 0.040
0.0 1.0 0.0 0.0 0.0 0.0 0.0 0.0 0.0 0.0 0.267 0.511 0.733 0.572 1.0 0.099 0.056 1.000
0.0 0.0 0.0 1.0 0.0 0.0 0.0 0.0 0.0 0.0 0.289 0.489 0.711 0.549 2.0 0.141 0.099 1.000
0.0 1.0 0.0 0.0 0.0 0.0 0.0 0.0 0.0 0.0 0.289 0.489 0.711 0.549 1.0 0.099 0.042 1.000
0.0 0.0 0.0 1.0 0.0 0.0 0.0 0.0 0.0 0.0 0.311 0.467 0.689 0.527 2.0 0.141 0.197 1.000
0.0 0.0 0.0 1.0 0.0 0.0 0.0 0.0 0.0 0.0 0.311 0.467 0.689 0.527 2.0 0.155 0.169 1.000
0.0 1.0 0.0 0.0 0.0 0.0 0.0 0.0 0.0 0.0 0.311 0.467 0.689 0.527 2.0 0.113 0.127 1.000
0.0 0.0 0.0 1.0 0.0 0.0 0.0 0.0 0.0 0.0 0.311 0.467 0.689 0.527 2.0 0.155 0.141 1.000
0.0 0.0 0.0 1.0 0.0 0.0 0.0 0.0 0.0 0.0 0.311 0.644 0.644 0.644 2.0 0.169 0.141 0.040
0.0 1.0 0.0 0.0 0.0 0.0 0.0 0.0 0.0 0.0 0.289 0.644 0.644 0.644 1.0 0.099 0.056 0.040
0.0 0.0 0.0 1.0 0.0 0.0 0.0 0.0 0.0 0.0 0.289 0.644 0.644 0.644 2.0 0.141 0.113 0.040
0.0 1.0 0.0 0.0 0.0 0.0 0.0 0.0 0.0 0.0 0.289 0.644 0.644 0.644 2.0 0.099 0.056 0.040
0.0 1.0 0.0 0.0 0.0 0.0 0.0 0.0 0.0 0.0 0.289 0.489 0.711 0.549 1.0 0.099 0.056 1.000
0.0 0.0 0.0 1.0 0.0 0.0 0.0 0.0 0.0 0.0 0.289 0.489 0.711 0.549 2.0 0.141 0.127 1.000
0.0 0.0 0.0 1.0 0.0 0.0 0.0 0.0 0.0 0.0 0.311 0.622 0.622 0.622 2.0 0.169 0.113 0.040
0.0 0.0 0.0 1.0 0.0 0.0 0.0 0.0 0.0 0.0 0.289 0.711 0.711 0.711 2.0 0.141 0.099 0.040
0.0 0.0 0.0 1.0 0.0 0.0 0.0 0.0 0.0 0.0 0.289 0.489 0.711 0.549 2.0 0.141 0.099 1.000
0.0 0.0 0.0 1.0 0.0 0.0 0.0 0.0 0.0 0.0 0.311 0.467 0.689 0.527 2.0 0.141 0.113 1.000
0.0 1.0 0.0 0.0 0.0 0.0 0.0 0.0 0.0 0.0 0.311 0.467 0.689 0.527 1.0 0.113 0.070 1.000
0.0 1.0 0.0 0.0 0.0 0.0 0.0 0.0 0.0 0.0 0.356 0.422 0.644 0.483 2.0 0.155 0.225 1.000
0.0 0.0 0.0 1.0 0.0 0.0 0.0 0.0 0.0 0.0 0.333 0.444 0.667 0.505 2.0 0.141 0.211 1.000
0.0 0.0 0.0 1.0 0.0 0.0 0.0 0.0 0.0 0.0 0.333 0.444 0.667 0.505 2.0 0.141 0.183 1.000
0.0 0.0 0.0 1.0 0.0 0.0 0.0 0.0 0.0 0.0 0.333 0.444 0.667 0.505 2.0 0.239 0.155 1.000
0.0 1.0 0.0 0.0 0.0 0.0 0.0 0.0 0.0 0.0 0.311 0.600 0.600 0.600 2.0 0.113 0.085 0.040
0.0 0.0 0.0 1.0 0.0 0.0 0.0 0.0 0.0 0.0 0.311 0.600 0.600 0.600 2.0 0.155 0.099 0.040
0.0 0.0 0.0 1.0 0.0 0.0 0.0 0.0 0.0 0.0 0.311 0.622 0.622 0.622 2.0 0.141 0.113 0.040
0.0 0.0 0.0 1.0 0.0 0.0 0.0 0.0 0.0 0.0 0.311 0.467 0.689 0.527 2.0 0.141 0.113 1.000
0.0 0.0 0.0 1.0 0.0 0.0 0.0 0.0 0.0 0.0 0.311 0.689 0.689 0.689 2.0 0.169 0.113 0.040
0.0 0.0 0.0 1.0 0.0 0.0 0.0 0.0 0.0 0.0 0.311 0.467 0.689 0.527 2.0 0.169 0.099 1.000
1.0 0.0 0.0 0.0 0.0 0.0 0.0 0.0 0.0 0.0 0.333 0.578 0.578 0.578 1.0 0.141 0.141 0.040
0.0 0.0 0.0 1.0 0.0 0.0 0.0 0.0 0.0 0.0 0.333 0.622 0.622 0.622 2.0 0.141 0.183 0.040
0.0 1.0 0.0 0.0 0.0 0.0 0.0 0.0 0.0 0.0 0.333 0.622 0.622 0.622 1.0 0.113 0.141 0.040
0.0 0.0 0.0 1.0 0.0 0.0 0.0 0.0 0.0 0.0 0.333 0.444 0.667 0.505 2.0 0.155 0.169 1.000
0.0 1.0 0.0 0.0 0.0 0.0 0.0 0.0 0.0 0.0 0.333 0.444 0.667 0.505 1.0 0.113 0.141 1.000
0.0 0.0 0.0 1.0 0.0 0.0 0.0 0.0 0.0 0.0 0.333 0.444 0.667 0.505 2.0 0.127 0.099 1.000
0.0 0.0 0.0 1.0 0.0 0.0 0.0 0.0 0.0 0.0 0.333 0.600 0.600 0.600 2.0 0.141 0.141 0.040
0.0 1.0 0.0 0.0 0.0 0.0 0.0 0.0 0.0 0.0 0.333 0.600 0.600 0.600 1.0 0.113 0.113 0.040
0.0 0.0 0.0 1.0 0.0 0.0 0.0 0.0 0.0 0.0 0.356 0.422 0.644 0.483 2.0 0.183 0.183 1.000
0.0 0.0 0.0 1.0 0.0 0.0 0.0 0.0 0.0 0.0 0.333 0.578 0.578 0.578 2.0 0.141 0.113 0.040
0.0 0.0 0.0 1.0 0.0 0.0 0.0 0.0 0.0 0.0 0.333 0.600 0.600 0.600 2.0 0.169 0.113 0.040
0.0 0.0 0.0 1.0 0.0 0.0 0.0 0.0 0.0 0.0 0.333 0.444 0.667 0.505 2.0 0.169 0.127 1.000
0.0 0.0 0.0 1.0 0.0 0.0 0.0 0.0 0.0 0.0 0.356 0.600 0.600 0.600 2.0 0.127 0.169 0.040
0.0 0.0 0.0 1.0 0.0 0.0 0.0 0.0 0.0 0.0 0.356 0.422 0.644 0.483 2.0 0.141 0.169 1.000
0.0 0.0 0.0 1.0 0.0 0.0 0.0 0.0 0.0 0.0 0.356 0.422 0.644 0.483 2.0 0.141 0.113 1.000
0.0 0.0 0.0 1.0 0.0 0.0 0.0 0.0 0.0 0.0 0.356 0.578 0.578 0.578 2.0 0.127 0.141 0.040
0.0 0.0 0.0 1.0 0.0 0.0 0.0 0.0 0.0 0.0 0.333 0.444 0.667 0.505 2.0 0.141 0.169 1.000
0.0 1.0 0.0 0.0 0.0 0.0 0.0 0.0 0.0 0.0 0.333 0.444 0.667 0.505 1.0 0.113 0.099 1.000
0.0 1.0 0.0 0.0 0.0 0.0 0.0 0.0 0.0 0.0 0.356 0.556 0.556 0.556 1.0 0.099 0.141 0.040
0.0 0.0 0.0 1.0 0.0 0.0 0.0 0.0 0.0 0.0 0.378 0.400 0.622 0.460 2.0 0.225 0.239 1.000
0.0 1.0 0.0 0.0 0.0 0.0 0.0 0.0 0.0 0.0 0.333 0.667 0.667 0.667 1.0 0.113 0.113 0.040
0.0 0.0 0.0 1.0 0.0 0.0 0.0 0.0 0.0 0.0 0.333 0.667 0.667 0.667 2.0 0.155 0.183 0.040
1.0 0.0 0.0 0.0 0.0 0.0 0.0 0.0 0.0 0.0 0.378 0.533 0.533 0.533 1.0 0.127 0.225 0.040
1.0 0.0 0.0 0.0 0.0 0.0 0.0 0.0 0.0 0.0 0.356 0.422 0.644 0.483 1.0 0.141 0.155 1.000
1.0 0.0 0.0 0.0 0.0 0.0 0.0 0.0 0.0 0.0 0.356 0.489 0.489 0.489 1.0 0.141 0.155 0.040
0.0 0.0 0.0 1.0 0.0 0.0 0.0 0.0 0.0 0.0 0.356 0.556 0.556 0.556 2.0 0.169 0.113 0.040
0.0 0.0 0.0 1.0 0.0 0.0 0.0 0.0 0.0 0.0 0.378 0.578 0.578 0.578 2.0 0.127 0.183 0.040
0.0 0.0 0.0 1.0 0.0 0.0 0.0 0.0 0.0 0.0 0.378 0.400 0.622 0.460 2.0 0.183 0.169 1.000
0.0 0.0 0.0 1.0 0.0 0.0 0.0 0.0 0.0 0.0 0.356 0.422 0.644 0.483 2.0 0.141 0.169 1.000
0.0 1.0 0.0 0.0 0.0 0.0 0.0 0.0 0.0 0.0 0.356 0.422 0.644 0.483 1.0 0.113 0.127 1.000
0.0 0.0 0.0 1.0 0.0 0.0 0.0 0.0 0.0 0.0 0.378 0.556 0.556 0.556 2.0 0.127 0.141 0.040
0.0 1.0 0.0 0.0 0.0 0.0 0.0 0.0 0.0 0.0 0.378 0.400 0.622 0.460 2.0 0.099 0.183 1.000
0.0 0.0 0.0 1.0 0.0 0.0 0.0 0.0 0.0 0.0 0.356 0.422 0.644 0.483 2.0 0.113 0.169 1.000
0.0 0.0 0.0 1.0 0.0 0.0 0.0 0.0 0.0 0.0 0.378 0.400 0.622 0.460 2.0 0.239 0.197 1.000
0.0 1.0 0.0 0.0 0.0 0.0 0.0 0.0 0.0 0.0 0.356 0.578 0.578 0.578 1.0 0.113 0.113 0.040
0.0 0.0 0.0 1.0 0.0 0.0 0.0 0.0 0.0 0.0 0.356 0.578 0.578 0.578 2.0 0.155 0.169 0.040
0.0 1.0 0.0 0.0 0.0 0.0 0.0 0.0 0.0 0.0 0.378 0.622 0.622 0.622 2.0 0.113 0.197 0.040
0.0 0.0 0.0 1.0 0.0 0.0 0.0 0.0 0.0 0.0 0.356 0.644 0.644 0.644 2.0 0.113 0.183 0.040
0.0 1.0 0.0 0.0 0.0 0.0 0.0 0.0 0.0 0.0 0.378 0.400 0.622 0.460 1.0 0.127 0.113 1.000
0.0 1.0 0.0 0.0 0.0 0.0 0.0 0.0 0.0 0.0 0.400 0.511 0.511 0.511 2.0 0.113 0.197 0.040
1.0 0.0 0.0 0.0 0.0 0.0 0.0 0.0 0.0 0.0 0.378 0.533 0.533 0.533 1.0 0.113 0.183 0.040
0.0 1.0 0.0 0.0 0.0 0.0 0.0 0.0 0.0 0.0 0.400 0.556 0.556 0.556 1.0 0.113 0.183 0.040
0.0 0.0 0.0 1.0 0.0 0.0 0.0 0.0 0.0 0.0 0.378 0.400 0.622 0.460 2.0 0.127 0.169 1.000
0.0 1.0 0.0 0.0 0.0 0.0 0.0 0.0 0.0 0.0 0.400 0.533 0.533 0.533 1.0 0.113 0.141 0.040
0.0 0.0 0.0 1.0 0.0 0.0 0.0 0.0 0.0 0.0 0.400 0.378 0.600 0.438 2.0 0.127 0.183 1.000
0.0 1.0 0.0 0.0 0.0 0.0 0.0 0.0 0.0 0.0 0.400 0.511 0.511 0.511 1.0 0.099 0.225 0.040
0.0 0.0 0.0 1.0 0.0 0.0 0.0 0.0 0.0 0.0 0.378 0.467 0.467 0.467 2.0 0.127 0.169 0.040
0.0 1.0 0.0 0.0 0.0 0.0 0.0 0.0 0.0 0.0 0.378 0.467 0.467 0.467 1.0 0.099 0.155 0.040
0.0 0.0 0.0 1.0 0.0 0.0 0.0 0.0 0.0 0.0 0.378 0.400 0.622 0.460 2.0 0.141 0.169 1.000
0.0 1.0 0.0 0.0 0.0 0.0 0.0 0.0 0.0 0.0 0.378 0.400 0.622 0.460 1.0 0.099 0.155 1.000
0.0 1.0 0.0 0.0 0.0 0.0 0.0 0.0 0.0 0.0 0.378 0.533 0.533 0.533 1.0 0.113 0.113 0.040
0.0 0.0 0.0 1.0 0.0 0.0 0.0 0.0 0.0 0.0 0.378 0.556 0.556 0.556 2.0 0.141 0.155 0.040
1.0 0.0 0.0 0.0 0.0 0.0 0.0 0.0 0.0 0.0 0.400 0.378 0.600 0.438 1.0 0.141 0.239 1.000
1.0 0.0 0.0 0.0 0.0 0.0 0.0 0.0 0.0 0.0 0.400 0.444 0.444 0.444 1.0 0.141 0.239 0.040
0.0 0.0 0.0 1.0 0.0 0.0 0.0 0.0 0.0 0.0 0.400 0.600 0.600 0.600 2.0 0.155 0.197 0.040
0.0 0.0 0.0 1.0 0.0 0.0 0.0 0.0 0.0 0.0 0.400 0.378 0.600 0.438 2.0 0.141 0.169 1.000
0.0 1.0 0.0 0.0 0.0 0.0 0.0 0.0 0.0 0.0 0.400 0.378 0.600 0.438 1.0 0.099 0.113 1.000
0.0 1.0 0.0 0.0 0.0 0.0 0.0 0.0 0.0 0.0 0.422 0.489 0.489 0.489 1.0 0.099 0.197 0.040
0.0 0.0 0.0 1.0 0.0 0.0 0.0 0.0 0.0 0.0 0.400 0.444 0.444 0.444 2.0 0.127 0.169 0.040
0.0 0.0 0.0 1.0 0.0 0.0 0.0 0.0 0.0 0.0 0.400 0.378 0.600 0.438 2.0 0.141 0.169 1.000
1.0 0.0 0.0 0.0 0.0 0.0 0.0 0.0 0.0 0.0 0.400 0.378 0.600 0.438 1.0 0.141 0.169 1.000
0.0 1.0 0.0 0.0 0.0 0.0 0.0 0.0 0.0 0.0 0.422 0.356 0.578 0.416 2.0 0.127 0.197 1.000
1.0 0.0 0.0 0.0 0.0 0.0 0.0 0.0 0.0 0.0 0.400 0.378 0.600 0.438 1.0 0.141 0.197 1.000
1.0 0.0 0.0 0.0 0.0 0.0 0.0 0.0 0.0 0.0 0.400 0.444 0.444 0.444 1.0 0.141 0.197 0.040
1.0 0.0 0.0 0.0 0.0 0.0 0.0 0.0 0.0 0.0 0.400 0.511 0.511 0.511 1.0 0.141 0.169 0.040
0.0 0.0 0.0 1.0 0.0 0.0 0.0 0.0 0.0 0.0 0.400 0.533 0.533 0.533 2.0 0.169 0.169 0.040
0.0 0.0 1.0 0.0 0.0 0.0 0.0 0.0 0.0 0.0 0.422 0.533 0.533 0.533 2.0 0.155 0.211 0.040
0.0 0.0 1.0 0.0 0.0 0.0 0.0 0.0 0.0 0.0 0.422 0.511 0.511 0.511 2.0 0.155 0.169 0.040
0.0 0.0 0.0 1.0 0.0 0.0 0.0 0.0 0.0 0.0 0.422 0.422 0.422 0.422 2.0 0.127 0.254 0.040
0.0 1.0 0.0 0.0 0.0 0.0 0.0 0.0 0.0 0.0 0.422 0.422 0.422 0.422 1.0 0.099 0.239 0.040
0.0 0.0 0.0 1.0 0.0 0.0 0.0 0.0 0.0 0.0 0.422 0.356 0.578 0.416 2.0 0.141 0.254 1.000
0.0 1.0 0.0 0.0 0.0 0.0 0.0 0.0 0.0 0.0 0.422 0.356 0.578 0.416 1.0 0.099 0.239 1.000
0.0 0.0 0.0 1.0 0.0 0.0 0.0 0.0 0.0 0.0 0.422 0.422 0.422 0.422 2.0 0.127 0.169 0.040
0.0 0.0 0.0 1.0 0.0 0.0 0.0 0.0 0.0 0.0 0.422 0.356 0.578 0.416 2.0 0.183 0.169 1.000
0.0 1.0 0.0 0.0 0.0 0.0 0.0 0.0 0.0 0.0 0.422 0.578 0.578 0.578 1.0 0.113 0.197 0.040
0.0 1.0 0.0 0.0 0.0 0.0 0.0 0.0 0.0 0.0 0.422 0.356 0.578 0.416 1.0 0.127 0.169 1.000
0.0 1.0 0.0 0.0 0.0 0.0 0.0 0.0 0.0 0.0 0.422 0.356 0.578 0.416 1.0 0.099 0.169 1.000
0.0 0.0 0.0 1.0 0.0 0.0 0.0 0.0 0.0 0.0 0.422 0.356 0.578 0.416 2.0 0.127 0.282 1.000
0.0 1.0 0.0 0.0 0.0 0.0 0.0 0.0 0.0 0.0 0.444 0.333 0.556 0.394 1.0 0.099 0.197 1.000
0.0 0.0 0.0 1.0 0.0 0.0 0.0 0.0 0.0 0.0 0.444 0.333 0.556 0.394 2.0 0.127 0.296 1.000
0.0 0.0 0.0 1.0 0.0 0.0 0.0 0.0 0.0 0.0 0.422 0.422 0.422 0.422 2.0 0.127 0.211 0.040
0.0 1.0 0.0 0.0 0.0 0.0 0.0 0.0 0.0 0.0 0.422 0.422 0.422 0.422 1.0 0.099 0.197 0.040
0.0 0.0 0.0 1.0 0.0 0.0 0.0 0.0 0.0 0.0 0.422 0.356 0.578 0.416 2.0 0.141 0.211 1.000
0.0 1.0 0.0 0.0 0.0 0.0 0.0 0.0 0.0 0.0 0.422 0.356 0.578 0.416 2.0 0.099 0.211 1.000
0.0 0.0 0.0 1.0 0.0 0.0 0.0 0.0 0.0 0.0 0.444 0.400 0.400 0.400 2.0 0.127 0.254 0.040
0.0 0.0 0.0 1.0 0.0 0.0 0.0 0.0 0.0 0.0 0.444 0.333 0.556 0.394 2.0 0.141 0.254 1.000
0.0 1.0 0.0 0.0 0.0 0.0 0.0 0.0 0.0 0.0 0.444 0.400 0.400 0.400 1.0 0.099 0.169 0.040
0.0 1.0 0.0 0.0 0.0 0.0 0.0 0.0 0.0 0.0 0.422 0.489 0.489 0.489 1.0 0.099 0.169 0.040
0.0 0.0 0.0 1.0 0.0 0.0 0.0 0.0 0.0 0.0 0.422 0.489 0.489 0.489 2.0 0.141 0.282 0.040
0.0 1.0 0.0 0.0 0.0 0.0 0.0 0.0 0.0 0.0 0.422 0.511 0.511 0.511 1.0 0.113 0.169 0.040
0.0 0.0 0.0 1.0 0.0 0.0 0.0 0.0 0.0 0.0 0.422 0.511 0.511 0.511 2.0 0.155 0.239 0.040
0.0 1.0 0.0 0.0 0.0 0.0 0.0 0.0 0.0 0.0 0.444 0.511 0.511 0.511 1.0 0.113 0.211 0.040
0.0 1.0 0.0 0.0 0.0 0.0 0.0 0.0 0.0 0.0 0.444 0.489 0.489 0.489 1.0 0.113 0.169 0.040
0.0 0.0 0.0 1.0 0.0 0.0 0.0 0.0 0.0 0.0 0.444 0.333 0.556 0.394 2.0 0.127 0.282 1.000
0.0 1.0 0.0 0.0 0.0 0.0 0.0 0.0 0.0 0.0 0.444 0.333 0.556 0.394 2.0 0.099 0.183 1.000
0.0 0.0 0.0 1.0 0.0 0.0 0.0 0.0 0.0 0.0 0.444 0.333 0.556 0.394 2.0 0.127 0.225 1.000
0.0 0.0 0.0 1.0 0.0 0.0 0.0 0.0 0.0 0.0 0.467 0.311 0.533 0.372 2.0 0.127 0.296 1.000
0.0 0.0 0.0 1.0 0.0 0.0 0.0 0.0 0.0 0.0 0.444 0.400 0.400 0.400 2.0 0.127 0.211 0.040
0.0 0.0 0.0 1.0 0.0 0.0 0.0 0.0 0.0 0.0 0.444 0.333 0.556 0.394 2.0 0.141 0.225 1.000
0.0 0.0 0.0 1.0 0.0 0.0 0.0 0.0 0.0 0.0 0.467 0.378 0.378 0.378 2.0 0.127 0.254 0.040
0.0 0.0 0.0 1.0 0.0 0.0 0.0 0.0 0.0 0.0 0.467 0.311 0.533 0.372 2.0 0.183 0.254 1.000
0.0 1.0 0.0 0.0 0.0 0.0 0.0 0.0 0.0 0.0 0.444 0.333 0.556 0.411 1.0 0.507 0.169 0.760
1.0 0.0 0.0 0.0 0.0 0.0 0.0 0.0 0.0 0.0 0.444 0.333 0.556 0.424 1.0 0.310 0.169 0.600
0.0 0.0 0.0 1.0 0.0 0.0 0.0 0.0 0.0 0.0 0.444 0.467 0.467 0.467 2.0 0.155 0.282 0.040
0.0 0.0 0.0 1.0 0.0 0.0 0.0 0.0 0.0 0.0 0.444 0.489 0.489 0.489 2.0 0.141 0.239 0.040
0.0 0.0 0.0 1.0 0.0 0.0 0.0 0.0 0.0 0.0 0.467 0.311 0.533 0.372 2.0 0.127 0.282 1.000
0.0 0.0 0.0 1.0 0.0 0.0 0.0 0.0 0.0 0.0 0.467 0.311 0.533 0.372 2.0 0.141 0.239 1.000
0.0 0.0 0.0 1.0 0.0 0.0 0.0 0.0 0.0 0.0 0.489 0.289 0.511 0.349 2.0 0.155 0.296 1.000
0.0 0.0 0.0 1.0 0.0 0.0 0.0 0.0 0.0 0.0 0.467 0.378 0.378 0.378 2.0 0.127 0.211 0.040
0.0 0.0 0.0 1.0 0.0 0.0 0.0 0.0 0.0 0.0 0.467 0.311 0.533 0.372 2.0 0.169 0.225 1.000
0.0 1.0 0.0 0.0 0.0 0.0 0.0 0.0 0.0 0.0 0.489 0.356 0.356 0.356 1.0 0.127 0.254 0.040
0.0 0.0 0.0 1.0 0.0 0.0 0.0 0.0 0.0 0.0 0.467 0.444 0.444 0.444 2.0 0.169 0.282 0.040
0.0 0.0 0.0 1.0 0.0 0.0 0.0 0.0 0.0 0.0 0.467 0.467 0.467 0.467 2.0 0.169 0.239 0.040
0.0 1.0 0.0 0.0 0.0 0.0 0.0 0.0 0.0 0.0 0.489 0.289 0.511 0.349 1.0 0.113 0.282 1.000
0.0 0.0 0.0 1.0 0.0 0.0 0.0 0.0 0.0 0.0 0.489 0.289 0.511 0.349 2.0 0.155 0.239 1.000
0.0 0.0 0.0 1.0 0.0 0.0 0.0 0.0 0.0 0.0 0.511 0.267 0.489 0.327 2.0 0.225 0.310 1.000
0.0 1.0 0.0 0.0 0.0 0.0 0.0 0.0 0.0 0.0 0.489 0.356 0.356 0.356 2.0 0.099 0.225 0.040
0.0 1.0 0.0 0.0 0.0 0.0 0.0 0.0 0.0 0.0 0.489 0.289 0.511 0.370 1.0 0.451 0.254 0.680
1.0 0.0 0.0 0.0 0.0 0.0 0.0 0.0 0.0 0.0 0.489 0.289 0.511 0.374 1.0 0.366 0.254 0.680
0.0 1.0 0.0 0.0 0.0 0.0 0.0 0.0 0.0 0.0 0.489 0.422 0.422 0.422 1.0 0.113 0.282 0.040
0.0 1.0 0.0 0.0 0.0 0.0 0.0 0.0 0.0 0.0 0.489 0.444 0.444 0.444 2.0 0.113 0.254 0.040
0.0 0.0 0.0 1.0 0.0 0.0 0.0 0.0 0.0 0.0 0.511 0.267 0.489 0.327 2.0 0.211 0.296 1.000
0.0 0.0 0.0 1.0 0.0 0.0 0.0 0.0 0.0 0.0 0.511 0.267 0.489 0.327 2.0 0.225 0.254 1.000
0.0 1.0 0.0 0.0 0.0 0.0 0.0 0.0 0.0 0.0 0.489 0.289 0.511 0.369 1.0 0.479 0.225 0.720
0.0 1.0 0.0 0.0 0.0 0.0 0.0 0.0 0.0 0.0 0.511 0.267 0.489 0.353 2.0 0.310 0.239 0.640
1.0 0.0 0.0 0.0 0.0 0.0 0.0 0.0 0.0 0.0 0.489 0.289 0.511 0.375 1.0 0.113 0.225 0.640
0.0 0.0 1.0 0.0 0.0 0.0 0.0 0.0 0.0 0.0 0.511 0.267 0.489 0.371 2.0 0.859 0.366 0.520
0.0 0.0 1.0 0.0 0.0 0.0 0.0 0.0 0.0 0.0 0.511 0.267 0.489 0.369 2.0 0.648 0.366 0.520
0.0 0.0 1.0 0.0 0.0 0.0 0.0 0.0 0.0 0.0 0.511 0.267 0.489 0.361 2.0 0.887 0.366 0.600
0.0 0.0 1.0 0.0 0.0 0.0 0.0 0.0 0.0 0.0 0.511 0.267 0.489 0.388 2.0 0.380 0.366 0.440
1.0 0.0 0.0 0.0 0.0 0.0 0.0 0.0 0.0 0.0 0.533 0.244 0.467 0.305 1.0 0.141 0.310 1.000
1.0 0.0 0.0 0.0 0.0 0.0 0.0 0.0 0.0 0.0 0.533 0.311 0.311 0.311 1.0 0.141 0.310 0.040
1.0 0.0 0.0 0.0 0.0 0.0 0.0 0.0 0.0 0.0 0.533 0.244 0.467 0.305 1.0 0.141 0.296 1.000
1.0 0.0 0.0 0.0 0.0 0.0 0.0 0.0 0.0 0.0 0.533 0.311 0.311 0.311 1.0 0.141 0.296 0.040
1.0 0.0 0.0 0.0 0.0 0.0 0.0 0.0 0.0 0.0 0.533 0.244 0.467 0.305 1.0 0.141 0.254 1.000
1.0 0.0 0.0 0.0 0.0 0.0 0.0 0.0 0.0 0.0 0.533 0.311 0.311 0.311 1.0 0.141 0.254 0.040
0.0 0.0 0.0 1.0 0.0 0.0 0.0 0.0 0.0 0.0 0.556 0.289 0.289 0.289 2.0 0.127 0.324 0.040
0.0 1.0 0.0 0.0 0.0 0.0 0.0 0.0 0.0 0.0 0.556 0.289 0.289 0.289 1.0 0.099 0.310 0.040
0.0 0.0 0.0 1.0 0.0 0.0 0.0 0.0 0.0 0.0 0.556 0.222 0.444 0.283 2.0 0.141 0.324 1.000
0.0 1.0 0.0 0.0 0.0 0.0 0.0 0.0 0.0 0.0 0.556 0.222 0.444 0.283 1.0 0.099 0.310 1.000
0.0 0.0 0.0 1.0 0.0 0.0 0.0 0.0 0.0 0.0 0.556 0.289 0.289 0.289 2.0 0.127 0.338 0.040
0.0 1.0 0.0 0.0 0.0 0.0 0.0 0.0 0.0 0.0 0.556 0.289 0.289 0.289 1.0 0.099 0.296 0.040
0.0 0.0 0.0 1.0 0.0 0.0 0.0 0.0 0.0 0.0 0.556 0.222 0.444 0.283 2.0 0.141 0.352 1.000
0.0 1.0 0.0 0.0 0.0 0.0 0.0 0.0 0.0 0.0 0.556 0.222 0.444 0.283 1.0 0.099 0.296 1.000
0.0 0.0 0.0 1.0 0.0 0.0 0.0 0.0 0.0 0.0 0.556 0.289 0.289 0.289 2.0 0.127 0.268 0.040
0.0 1.0 0.0 0.0 0.0 0.0 0.0 0.0 0.0 0.0 0.556 0.289 0.289 0.289 1.0 0.099 0.254 0.040
0.0 0.0 0.0 1.0 0.0 0.0 0.0 0.0 0.0 0.0 0.556 0.222 0.444 0.283 2.0 0.127 0.268 1.000
0.0 1.0 0.0 0.0 0.0 0.0 0.0 0.0 0.0 0.0 0.556 0.222 0.444 0.283 1.0 0.099 0.254 1.000
0.0 0.0 0.0 1.0 0.0 0.0 0.0 0.0 0.0 0.0 0.578 0.267 0.267 0.267 2.0 0.127 0.324 0.040
0.0 1.0 0.0 0.0 0.0 0.0 0.0 0.0 0.0 0.0 0.600 0.178 0.400 0.238 2.0 0.113 0.338 1.000
0.0 0.0 0.0 1.0 0.0 0.0 0.0 0.0 0.0 0.0 0.578 0.200 0.422 0.260 2.0 0.113 0.324 1.000
0.0 0.0 0.0 1.0 0.0 0.0 0.0 0.0 0.0 0.0 0.578 0.267 0.267 0.267 2.0 0.127 0.338 0.040
0.0 0.0 0.0 1.0 0.0 0.0 0.0 0.0 0.0 0.0 0.578 0.200 0.422 0.260 2.0 0.141 0.338 1.000
0.0 0.0 0.0 1.0 0.0 0.0 0.0 0.0 0.0 0.0 0.578 0.267 0.267 0.267 2.0 0.127 0.268 0.040
0.0 0.0 0.0 1.0 0.0 0.0 0.0 0.0 0.0 0.0 0.578 0.200 0.422 0.260 2.0 0.127 0.268 1.000
0.0 0.0 0.0 1.0 0.0 0.0 0.0 0.0 0.0 0.0 0.600 0.244 0.244 0.244 2.0 0.127 0.324 0.040
0.0 0.0 0.0 1.0 0.0 0.0 0.0 0.0 0.0 0.0 0.622 0.156 0.378 0.216 2.0 0.169 0.338 1.000
0.0 0.0 0.0 1.0 0.0 0.0 0.0 0.0 0.0 0.0 0.600 0.244 0.244 0.244 2.0 0.127 0.338 0.040
0.0 0.0 0.0 1.0 0.0 0.0 0.0 0.0 0.0 0.0 0.600 0.178 0.400 0.238 2.0 0.197 0.352 1.000
0.0 0.0 0.0 1.0 0.0 0.0 0.0 0.0 0.0 0.0 0.600 0.244 0.244 0.244 2.0 0.127 0.268 0.040
0.0 1.0 0.0 0.0 0.0 0.0 0.0 0.0 0.0 0.0 0.622 0.156 0.378 0.216 2.0 0.155 0.282 1.000
0.0 0.0 0.0 1.0 0.0 0.0 0.0 0.0 0.0 0.0 0.600 0.178 0.400 0.238 2.0 0.141 0.268 1.000
0.0 1.0 0.0 0.0 0.0 0.0 0.0 0.0 0.0 0.0 0.622 0.222 0.222 0.222 2.0 0.127 0.338 0.040
0.0 1.0 0.0 0.0 0.0 0.0 0.0 0.0 0.0 0.0 0.622 0.222 0.222 0.222 1.0 0.141 0.338 0.040
0.0 1.0 0.0 0.0 0.0 0.0 0.0 0.0 0.0 0.0 0.622 0.222 0.222 0.222 1.0 0.127 0.268 0.040
0.0 1.0 0.0 0.0 0.0 0.0 0.0 0.0 0.0 0.0 0.644 0.133 0.356 0.225 2.0 0.394 0.352 0.600
1.0 0.0 0.0 0.0 0.0 0.0 0.0 0.0 0.0 0.0 0.644 0.133 0.356 0.209 1.0 0.423 0.338 0.760
0.0 1.0 0.0 0.0 0.0 0.0 0.0 0.0 0.0 0.0 0.622 0.156 0.378 0.252 1.0 0.338 0.352 0.480
0.0 0.0 1.0 0.0 0.0 0.0 0.0 0.0 0.0 0.0 0.622 0.156 0.378 0.226 2.0 0.493 0.366 0.840
0.0 1.0 0.0 0.0 0.0 0.0 0.0 0.0 0.0 0.0 0.644 0.156 0.356 0.238 1.0 0.141 0.282 0.560
0.0 0.0 1.0 0.0 0.0 0.0 0.0 0.0 0.0 0.0 0.644 0.133 0.356 0.201 2.0 0.451 0.310 0.800
0.0 0.0 0.0 1.0 0.0 0.0 0.0 0.0 0.0 0.0 0.667 0.178 0.178 0.178 4.0 0.296 0.817 0.040
0.0 0.0 1.0 0.0 0.0 0.0 0.0 0.0 0.0 0.0 0.644 0.200 0.200 0.200 4.0 0.239 0.606 0.040
0.0 0.0 1.0 0.0 0.0 0.0 0.0 0.0 0.0 0.0 0.511 0.333 0.333 0.333 2.0 0.155 0.324 0.040
1.0 0.0 0.0 0.0 0.0 0.0 0.0 0.0 0.0 0.0 0.644 0.133 0.356 0.229 1.0 0.380 0.366 0.520
1.0 0.0 0.0 0.0 0.0 0.0 0.0 0.0 0.0 0.0 0.644 0.133 0.356 0.221 1.0 0.535 0.366 0.640
1.0 0.0 0.0 0.0 0.0 0.0 0.0 0.0 0.0 0.0 0.667 0.111 0.333 0.206 1.0 0.380 0.310 0.560
1.0 0.0 0.0 0.0 0.0 0.0 0.0 0.0 0.0 0.0 0.667 0.111 0.333 0.194 1.0 0.465 0.310 0.560
0.0 0.0 1.0 0.0 0.0 0.0 0.0 0.0 0.0 0.0 0.667 0.111 0.333 0.218 2.0 0.746 0.493 0.440
0.0 0.0 1.0 0.0 0.0 0.0 0.0 0.0 0.0 0.0 0.667 0.111 0.333 0.224 2.0 0.549 0.507 0.480
0.0 0.0 1.0 0.0 0.0 0.0 0.0 0.0 0.0 0.0 0.667 0.111 0.333 0.206 2.0 0.845 0.479 0.600
0.0 0.0 1.0 0.0 0.0 0.0 0.0 0.0 0.0 0.0 0.667 0.111 0.333 0.214 2.0 0.620 0.493 0.520
0.0 0.0 1.0 0.0 0.0 0.0 0.0 0.0 0.0 0.0 0.689 0.156 0.156 0.156 4.0 0.169 0.831 0.040
0.0 0.0 1.0 0.0 0.0 0.0 0.0 0.0 0.0 0.0 0.644 0.200 0.200 0.200 2.0 0.127 0.366 0.040
0.0 0.0 1.0 0.0 0.0 0.0 0.0 0.0 0.0 0.0 0.644 0.133 0.356 0.230 2.0 0.535 0.366 0.480
0.0 0.0 1.0 0.0 0.0 0.0 0.0 0.0 0.0 0.0 0.667 0.178 0.178 0.178 2.0 0.127 0.310 0.040
0.0 1.0 0.0 0.0 0.0 0.0 0.0 0.0 0.0 0.0 0.689 0.111 0.311 0.194 2.0 0.563 0.324 0.560
0.0 0.0 1.0 0.0 0.0 0.0 0.0 0.0 0.0 0.0 0.667 0.133 0.333 0.216 2.0 0.338 0.310 0.560
0.0 0.0 0.0 1.0 0.0 0.0 0.0 0.0 0.0 0.0 0.711 0.133 0.289 0.211 4.0 0.648 0.873 0.320
0.0 0.0 1.0 0.0 0.0 0.0 0.0 0.0 0.0 0.0 0.689 0.156 0.311 0.233 2.0 0.310 0.549 0.320
0.0 0.0 0.0 1.0 0.0 0.0 0.0 0.0 0.0 0.0 0.711 0.133 0.289 0.211 4.0 0.648 0.887 0.320
0.0 0.0 1.0 0.0 0.0 0.0 0.0 0.0 0.0 0.0 0.689 0.156 0.311 0.233 2.0 0.310 0.549 0.320
0.0 0.0 0.0 1.0 0.0 0.0 0.0 0.0 0.0 0.0 0.711 0.133 0.289 0.211 4.0 0.592 0.887 0.320
0.0 0.0 1.0 0.0 0.0 0.0 0.0 0.0 0.0 0.0 0.689 0.156 0.311 0.233 2.0 0.310 0.549 0.320
0.0 0.0 0.0 1.0 0.0 0.0 0.0 0.0 0.0 0.0 0.711 0.133 0.289 0.211 4.0 0.620 0.901 0.320
0.0 0.0 1.0 0.0 0.0 0.0 0.0 0.0 0.0 0.0 0.689 0.156 0.311 0.233 2.0 0.310 0.549 0.320
0.0 0.0 0.0 1.0 0.0 0.0 0.0 0.0 0.0 0.0 0.711 0.133 0.289 0.208 4.0 0.549 0.887 0.320
0.0 0.0 1.0 0.0 0.0 0.0 0.0 0.0 0.0 0.0 0.689 0.156 0.311 0.231 2.0 0.465 0.549 0.320
0.0 0.0 0.0 1.0 0.0 0.0 0.0 0.0 0.0 0.0 0.733 0.111 0.267 0.186 4.0 0.634 0.887 0.320
0.0 1.0 0.0 0.0 0.0 0.0 0.0 0.0 0.0 0.0 0.711 0.133 0.289 0.208 2.0 0.141 0.563 0.320
0.0 0.0 1.0 0.0 0.0 0.0 0.0 0.0 0.0 0.0 0.689 0.156 0.311 0.231 2.0 0.423 0.549 0.320
0.0 0.0 0.0 1.0 0.0 0.0 0.0 0.0 0.0 0.0 0.711 0.133 0.289 0.208 4.0 0.620 0.887 0.320
0.0 0.0 1.0 0.0 0.0 0.0 0.0 0.0 0.0 0.0 0.689 0.156 0.311 0.231 2.0 0.479 0.549 0.320
0.0 1.0 0.0 0.0 0.0 0.0 0.0 0.0 0.0 0.0 0.733 0.067 0.067 0.067 2.0 0.155 0.887 0.040
0.0 0.0 1.0 0.0 0.0 0.0 0.0 0.0 0.0 0.0 0.711 0.089 0.089 0.089 4.0 0.634 0.873 0.040
0.0 0.0 1.0 0.0 0.0 0.0 0.0 0.0 0.0 0.0 0.689 0.111 0.111 0.111 2.0 0.296 0.549 0.040
0.0 0.0 1.0 0.0 0.0 0.0 0.0 0.0 0.0 0.0 0.711 0.067 0.067 0.067 4.0 0.662 0.887 0.040
0.0 0.0 1.0 0.0 0.0 0.0 0.0 0.0 0.0 0.0 0.689 0.089 0.089 0.089 2.0 0.310 0.549 0.040
0.0 0.0 1.0 0.0 0.0 0.0 0.0 0.0 0.0 0.0 0.711 0.067 0.067 0.067 4.0 0.606 0.887 0.040
0.0 0.0 1.0 0.0 0.0 0.0 0.0 0.0 0.0 0.0 0.689 0.089 0.089 0.089 2.0 0.310 0.549 0.040
0.0 0.0 1.0 0.0 0.0 0.0 0.0 0.0 0.0 0.0 0.711 0.067 0.067 0.067 4.0 0.634 0.901 0.040
0.0 0.0 1.0 0.0 0.0 0.0 0.0 0.0 0.0 0.0 0.689 0.089 0.089 0.089 2.0 0.310 0.549 0.040
0.0 0.0 1.0 0.0 0.0 0.0 0.0 0.0 0.0 0.0 0.711 0.067 0.067 0.067 4.0 0.563 0.887 0.040
0.0 0.0 1.0 0.0 0.0 0.0 0.0 0.0 0.0 0.0 0.689 0.089 0.089 0.089 2.0 0.465 0.549 0.040
0.0 0.0 1.0 0.0 0.0 0.0 0.0 0.0 0.0 0.0 0.711 0.067 0.067 0.067 4.0 0.592 0.873 0.040
0.0 0.0 1.0 0.0 0.0 0.0 0.0 0.0 0.0 0.0 0.689 0.089 0.089 0.089 2.0 0.479 0.549 0.040
0.0 0.0 1.0 0.0 0.0 0.0 0.0 0.0 0.0 0.0 0.711 0.067 0.067 0.067 4.0 0.563 0.887 0.040
0.0 0.0 1.0 0.0 0.0 0.0 0.0 0.0 0.0 0.0 0.689 0.089 0.089 0.089 2.0 0.479 0.549 0.040
0.0 0.0 0.0 1.0 0.0 0.0 0.0 0.0 0.0 0.0 0.733 0.111 0.267 0.189 4.0 0.648 0.887 0.320
0.0 0.0 1.0 0.0 0.0 0.0 0.0 0.0 0.0 0.0 0.711 0.133 0.289 0.211 2.0 0.479 0.563 0.320
0.0 0.0 0.0 1.0 0.0 0.0 0.0 0.0 0.0 0.0 0.733 0.111 0.267 0.189 4.0 0.592 0.887 0.320
0.0 0.0 1.0 0.0 0.0 0.0 0.0 0.0 0.0 0.0 0.711 0.133 0.289 0.211 2.0 0.451 0.563 0.320
0.0 0.0 0.0 1.0 0.0 0.0 0.0 0.0 0.0 0.0 0.733 0.111 0.267 0.189 4.0 0.690 0.901 0.320
0.0 0.0 1.0 0.0 0.0 0.0 0.0 0.0 0.0 0.0 0.711 0.133 0.289 0.211 2.0 0.451 0.563 0.320
0.0 0.0 0.0 1.0 0.0 0.0 0.0 0.0 0.0 0.0 0.733 0.111 0.267 0.189 4.0 0.634 0.901 0.320
0.0 0.0 1.0 0.0 0.0 0.0 0.0 0.0 0.0 0.0 0.711 0.133 0.289 0.211 2.0 0.451 0.563 0.320
0.0 0.0 0.0 1.0 0.0 0.0 0.0 0.0 0.0 0.0 0.733 0.111 0.267 0.186 4.0 0.563 0.915 0.320
0.0 0.0 1.0 0.0 0.0 0.0 0.0 0.0 0.0 0.0 0.711 0.133 0.289 0.208 2.0 0.451 0.563 0.320
0.0 0.0 0.0 1.0 0.0 0.0 0.0 0.0 0.0 0.0 0.711 0.133 0.289 0.208 4.0 0.592 0.873 0.320
0.0 0.0 1.0 0.0 0.0 0.0 0.0 0.0 0.0 0.0 0.689 0.156 0.311 0.231 2.0 0.408 0.549 0.320
0.0 0.0 0.0 1.0 0.0 0.0 0.0 0.0 0.0 0.0 0.711 0.133 0.289 0.208 4.0 0.592 0.873 0.320
0.0 0.0 1.0 0.0 0.0 0.0 0.0 0.0 0.0 0.0 0.689 0.156 0.311 0.231 2.0 0.408 0.549 0.320
0.0 0.0 0.0 1.0 0.0 0.0 0.0 0.0 0.0 0.0 0.711 0.133 0.289 0.208 4.0 0.620 0.887 0.320
0.0 0.0 1.0 0.0 0.0 0.0 0.0 0.0 0.0 0.0 0.689 0.156 0.311 0.231 2.0 0.408 0.549 0.320
0.0 0.0 0.0 1.0 0.0 0.0 0.0 0.0 0.0 0.0 0.711 0.133 0.289 0.208 4.0 0.563 0.901 0.320
0.0 0.0 1.0 0.0 0.0 0.0 0.0 0.0 0.0 0.0 0.689 0.156 0.311 0.231 2.0 0.408 0.549 0.320
0.0 0.0 0.0 1.0 0.0 0.0 0.0 0.0 0.0 0.0 0.733 0.111 0.111 0.111 4.0 0.535 0.887 0.040
0.0 0.0 1.0 0.0 0.0 0.0 0.0 0.0 0.0 0.0 0.711 0.133 0.133 0.133 2.0 0.437 0.563 0.040
0.0 1.0 0.0 0.0 0.0 0.0 0.0 0.0 0.0 0.0 0.733 0.111 0.111 0.111 2.0 0.127 0.887 0.040
0.0 0.0 0.0 1.0 0.0 0.0 0.0 0.0 0.0 0.0 0.711 0.133 0.133 0.133 4.0 0.521 0.873 0.040
0.0 0.0 1.0 0.0 0.0 0.0 0.0 0.0 0.0 0.0 0.689 0.156 0.156 0.156 2.0 0.394 0.549 0.040
0.0 0.0 0.0 1.0 0.0 0.0 0.0 0.0 0.0 0.0 0.733 0.111 0.111 0.111 4.0 0.577 0.873 0.040
0.0 0.0 1.0 0.0 0.0 0.0 0.0 0.0 0.0 0.0 0.711 0.133 0.133 0.133 2.0 0.507 0.563 0.040
0.0 0.0 0.0 1.0 0.0 0.0 0.0 0.0 0.0 0.0 0.733 0.111 0.111 0.111 4.0 0.549 0.887 0.040
0.0 0.0 1.0 0.0 0.0 0.0 0.0 0.0 0.0 0.0 0.711 0.133 0.133 0.133 2.0 0.507 0.563 0.040
0.0 0.0 0.0 1.0 0.0 0.0 0.0 0.0 0.0 0.0 0.733 0.111 0.111 0.111 4.0 0.493 0.887 0.040
0.0 0.0 1.0 0.0 0.0 0.0 0.0 0.0 0.0 0.0 0.711 0.133 0.133 0.133 2.0 0.507 0.563 0.040
0.0 0.0 0.0 1.0 0.0 0.0 0.0 0.0 0.0 0.0 0.733 0.111 0.111 0.111 4.0 0.493 0.901 0.040
0.0 0.0 1.0 0.0 0.0 0.0 0.0 0.0 0.0 0.0 0.711 0.133 0.133 0.133 2.0 0.507 0.563 0.040
0.0 0.0 0.0 1.0 0.0 0.0 0.0 0.0 0.0 0.0 0.711 0.133 0.133 0.133 4.0 0.549 0.873 0.040
0.0 0.0 1.0 0.0 0.0 0.0 0.0 0.0 0.0 0.0 0.689 0.156 0.156 0.156 2.0 0.352 0.549 0.040
0.0 0.0 0.0 1.0 0.0 0.0 0.0 0.0 0.0 0.0 0.733 0.111 0.111 0.111 4.0 0.549 0.887 0.040
0.0 0.0 1.0 0.0 0.0 0.0 0.0 0.0 0.0 0.0 0.711 0.133 0.133 0.133 2.0 0.366 0.563 0.040
0.0 0.0 1.0 0.0 0.0 0.0 0.0 0.0 0.0 0.0 0.733 0.111 0.111 0.111 4.0 0.662 0.887 0.040
0.0 0.0 1.0 0.0 0.0 0.0 0.0 0.0 0.0 0.0 0.711 0.133 0.133 0.133 2.0 0.479 0.563 0.040
0.0 0.0 1.0 0.0 0.0 0.0 0.0 0.0 0.0 0.0 0.733 0.067 0.067 0.067 4.0 0.606 0.887 0.040
0.0 0.0 1.0 0.0 0.0 0.0 0.0 0.0 0.0 0.0 0.711 0.089 0.089 0.089 2.0 0.451 0.563 0.040
0.0 0.0 1.0 0.0 0.0 0.0 0.0 0.0 0.0 0.0 0.733 0.067 0.067 0.067 4.0 0.634 0.901 0.040
0.0 0.0 1.0 0.0 0.0 0.0 0.0 0.0 0.0 0.0 0.711 0.089 0.089 0.089 2.0 0.451 0.563 0.040
0.0 0.0 1.0 0.0 0.0 0.0 0.0 0.0 0.0 0.0 0.733 0.067 0.067 0.067 4.0 0.577 0.901 0.040
0.0 0.0 1.0 0.0 0.0 0.0 0.0 0.0 0.0 0.0 0.711 0.089 0.089 0.089 2.0 0.451 0.563 0.040
0.0 0.0 1.0 0.0 0.0 0.0 0.0 0.0 0.0 0.0 0.733 0.067 0.067 0.067 4.0 0.577 0.915 0.040
0.0 0.0 1.0 0.0 0.0 0.0 0.0 0.0 0.0 0.0 0.711 0.089 0.089 0.089 2.0 0.451 0.563 0.040
0.0 0.0 1.0 0.0 0.0 0.0 0.0 0.0 0.0 0.0 0.711 0.067 0.067 0.067 4.0 0.606 0.873 0.040
0.0 0.0 1.0 0.0 0.0 0.0 0.0 0.0 0.0 0.0 0.689 0.089 0.089 0.089 2.0 0.408 0.549 0.040
0.0 0.0 1.0 0.0 0.0 0.0 0.0 0.0 0.0 0.0 0.711 0.067 0.067 0.067 4.0 0.606 0.873 0.040
0.0 0.0 1.0 0.0 0.0 0.0 0.0 0.0 0.0 0.0 0.689 0.089 0.089 0.089 2.0 0.408 0.549 0.040
0.0 0.0 1.0 0.0 0.0 0.0 0.0 0.0 0.0 0.0 0.711 0.067 0.067 0.067 4.0 0.634 0.887 0.040
0.0 0.0 1.0 0.0 0.0 0.0 0.0 0.0 0.0 0.0 0.689 0.089 0.089 0.089 2.0 0.408 0.549 0.040
0.0 0.0 1.0 0.0 0.0 0.0 0.0 0.0 0.0 0.0 0.733 0.067 0.067 0.067 4.0 0.563 0.915 0.040
0.0 1.0 0.0 0.0 0.0 0.0 0.0 0.0 0.0 0.0 0.711 0.089 0.089 0.089 2.0 0.141 0.563 0.040
0.0 0.0 1.0 0.0 0.0 0.0 0.0 0.0 0.0 0.0 0.689 0.111 0.111 0.111 2.0 0.352 0.549 0.040
0.0 0.0 0.0 1.0 0.0 0.0 0.0 0.0 0.0 0.0 0.756 0.044 0.044 0.044 2.0 0.113 0.887 0.040
0.0 1.0 0.0 0.0 0.0 0.0 0.0 0.0 0.0 0.0 0.756 0.044 0.044 0.044 1.0 0.099 0.887 0.040
0.0 0.0 0.0 1.0 0.0 0.0 0.0 0.0 0.0 0.0 0.733 0.044 0.044 0.044 2.0 0.155 0.901 0.040
0.0 1.0 0.0 0.0 0.0 0.0 0.0 0.0 0.0 0.0 0.733 0.044 0.044 0.044 2.0 0.141 0.901 0.040
0.0 0.0 0.0 1.0 0.0 0.0 0.0 0.0 0.0 0.0 0.733 0.044 0.044 0.044 2.0 0.155 0.887 0.040
0.0 1.0 0.0 0.0 0.0 0.0 0.0 0.0 0.0 0.0 0.733 0.044 0.044 0.044 2.0 0.141 0.901 0.040
0.0 0.0 0.0 1.0 0.0 0.0 0.0 0.0 0.0 0.0 0.733 0.044 0.044 0.044 2.0 0.155 0.901 0.040
0.0 1.0 0.0 0.0 0.0 0.0 0.0 0.0 0.0 0.0 0.733 0.044 0.044 0.044 1.0 0.141 0.901 0.040
0.0 0.0 0.0 1.0 0.0 0.0 0.0 0.0 0.0 0.0 0.733 0.044 0.044 0.044 2.0 0.155 0.887 0.040
0.0 1.0 0.0 0.0 0.0 0.0 0.0 0.0 0.0 0.0 0.733 0.044 0.044 0.044 2.0 0.141 0.901 0.040
0.0 0.0 0.0 1.0 0.0 0.0 0.0 0.0 0.0 0.0 0.733 0.044 0.044 0.044 2.0 0.155 0.873 0.040
0.0 1.0 0.0 0.0 0.0 0.0 0.0 0.0 0.0 0.0 0.733 0.044 0.044 0.044 1.0 0.141 0.873 0.040
0.0 0.0 0.0 1.0 0.0 0.0 0.0 0.0 0.0 0.0 0.733 0.044 0.044 0.044 2.0 0.155 0.887 0.040
0.0 1.0 0.0 0.0 0.0 0.0 0.0 0.0 0.0 0.0 0.733 0.044 0.044 0.044 1.0 0.141 0.887 0.040
0.0 0.0 1.0 0.0 0.0 0.0 0.0 0.0 0.0 0.0 0.778 0.067 0.067 0.067 4.0 0.282 0.915 0.040
0.0 0.0 1.0 0.0 0.0 0.0 0.0 0.0 0.0 0.0 0.756 0.089 0.089 0.089 4.0 0.296 0.901 0.040
0.0 0.0 1.0 0.0 0.0 0.0 0.0 0.0 0.0 0.0 0.756 0.089 0.089 0.089 2.0 0.183 0.901 0.040
0.0 0.0 0.0 1.0 0.0 0.0 0.0 0.0 0.0 0.0 0.778 0.022 0.022 0.022 2.0 0.099 0.887 0.040
0.0 0.0 0.0 1.0 0.0 0.0 0.0 0.0 0.0 0.0 0.756 0.022 0.022 0.022 2.0 0.099 0.901 0.040
0.0 0.0 0.0 1.0 0.0 0.0 0.0 0.0 0.0 0.0 0.756 0.022 0.022 0.022 2.0 0.099 0.901 0.040
0.0 0.0 0.0 1.0 0.0 0.0 0.0 0.0 0.0 0.0 0.756 0.022 0.022 0.022 2.0 0.099 0.901 0.040
0.0 0.0 0.0 1.0 0.0 0.0 0.0 0.0 0.0 0.0 0.756 0.089 0.089 0.089 2.0 0.169 0.887 0.040
0.0 1.0 0.0 0.0 0.0 0.0 0.0 0.0 0.0 0.0 0.756 0.089 0.089 0.089 1.0 0.141 0.887 0.040
0.0 0.0 0.0 1.0 0.0 0.0 0.0 0.0 0.0 0.0 0.756 0.044 0.044 0.044 2.0 0.155 0.887 0.040
0.0 1.0 0.0 0.0 0.0 0.0 0.0 0.0 0.0 0.0 0.756 0.044 0.044 0.044 2.0 0.141 0.901 0.040
0.0 0.0 0.0 1.0 0.0 0.0 0.0 0.0 0.0 0.0 0.756 0.044 0.044 0.044 2.0 0.155 0.901 0.040
0.0 1.0 0.0 0.0 0.0 0.0 0.0 0.0 0.0 0.0 0.756 0.044 0.044 0.044 1.0 0.141 0.901 0.040
0.0 0.0 0.0 1.0 0.0 0.0 0.0 0.0 0.0 0.0 0.756 0.044 0.044 0.044 2.0 0.155 0.901 0.040
0.0 1.0 0.0 0.0 0.0 0.0 0.0 0.0 0.0 0.0 0.756 0.044 0.044 0.044 2.0 0.141 0.915 0.040
0.0 0.0 0.0 1.0 0.0 0.0 0.0 0.0 0.0 0.0 0.756 0.044 0.044 0.044 2.0 0.155 0.915 0.040
0.0 1.0 0.0 0.0 0.0 0.0 0.0 0.0 0.0 0.0 0.756 0.044 0.044 0.044 1.0 0.141 0.915 0.040
0.0 0.0 0.0 1.0 0.0 0.0 0.0 0.0 0.0 0.0 0.756 0.022 0.022 0.022 2.0 0.099 0.901 0.040
0.0 1.0 0.0 0.0 0.0 0.0 0.0 0.0 0.0 0.0 0.756 0.022 0.022 0.022 2.0 0.085 0.887 0.040
0.0 0.0 0.0 1.0 0.0 0.0 0.0 0.0 0.0 0.0 0.733 0.044 0.044 0.044 2.0 0.155 0.873 0.040
0.0 1.0 0.0 0.0 0.0 0.0 0.0 0.0 0.0 0.0 0.733 0.044 0.044 0.044 1.0 0.141 0.873 0.040
0.0 0.0 0.0 1.0 0.0 0.0 0.0 0.0 0.0 0.0 0.733 0.044 0.044 0.044 2.0 0.155 0.873 0.040
0.0 1.0 0.0 0.0 0.0 0.0 0.0 0.0 0.0 0.0 0.733 0.044 0.044 0.044 1.0 0.141 0.873 0.040
0.0 0.0 0.0 1.0 0.0 0.0 0.0 0.0 0.0 0.0 0.733 0.044 0.044 0.044 2.0 0.155 0.887 0.040
0.0 1.0 0.0 0.0 0.0 0.0 0.0 0.0 0.0 0.0 0.733 0.044 0.044 0.044 1.0 0.141 0.887 0.040
0.0 0.0 0.0 1.0 0.0 0.0 0.0 0.0 0.0 0.0 0.756 0.044 0.044 0.044 2.0 0.155 0.915 0.040
0.0 1.0 0.0 0.0 0.0 0.0 0.0 0.0 0.0 0.0 0.756 0.044 0.044 0.044 1.0 0.141 0.915 0.040
0.0 0.0 0.0 1.0 0.0 0.0 0.0 0.0 0.0 0.0 0.756 0.022 0.022 0.022 2.0 0.099 0.873 0.040
0.0 0.0 0.0 1.0 0.0 0.0 0.0 0.0 0.0 0.0 0.756 0.022 0.022 0.022 2.0 0.099 0.887 0.040
0.0 0.0 0.0 1.0 0.0 0.0 0.0 0.0 0.0 0.0 0.778 0.178 0.178 0.178 4.0 0.310 0.930 0.040
0.0 0.0 1.0 0.0 0.0 0.0 0.0 0.0 0.0 0.0 0.756 0.200 0.200 0.200 4.0 0.310 0.915 0.040
0.0 1.0 0.0 0.0 0.0 0.0 0.0 0.0 0.0 0.0 0.756 0.200 0.200 0.200 2.0 0.127 0.901 0.040
0.0 0.0 1.0 0.0 0.0 0.0 0.0 0.0 0.0 0.0 0.733 0.222 0.222 0.222 2.0 0.183 0.887 0.040
0.0 0.0 0.0 1.0 0.0 0.0 0.0 0.0 0.0 0.0 0.778 0.156 0.156 0.156 4.0 0.324 0.930 0.040
0.0 0.0 1.0 0.0 0.0 0.0 0.0 0.0 0.0 0.0 0.733 0.200 0.200 0.200 4.0 0.310 0.901 0.040
0.0 0.0 1.0 0.0 0.0 0.0 0.0 0.0 0.0 0.0 0.756 0.178 0.178 0.178 2.0 0.225 0.915 0.040
0.0 0.0 1.0 0.0 0.0 0.0 0.0 0.0 0.0 0.0 0.778 0.067 0.222 0.140 4.0 0.423 0.915 0.280
0.0 0.0 1.0 0.0 0.0 0.0 0.0 0.0 0.0 0.0 0.756 0.089 0.244 0.162 4.0 0.324 0.915 0.280
0.0 0.0 1.0 0.0 0.0 0.0 0.0 0.0 0.0 0.0 0.733 0.111 0.267 0.184 2.0 0.239 0.887 0.280
0.0 0.0 1.0 0.0 0.0 0.0 0.0 0.0 0.0 0.0 0.778 0.067 0.222 0.140 4.0 0.423 0.930 0.280
0.0 0.0 1.0 0.0 0.0 0.0 0.0 0.0 0.0 0.0 0.733 0.111 0.267 0.184 4.0 0.324 0.901 0.280
0.0 0.0 1.0 0.0 0.0 0.0 0.0 0.0 0.0 0.0 0.756 0.089 0.244 0.162 2.0 0.239 0.915 0.280
0.0 0.0 0.0 1.0 0.0 0.0 0.0 0.0 0.0 1.0 0.800 0.000 0.000 0.000 2.0 0.099 0.887 0.040
0.0 0.0 0.0 1.0 0.0 0.0 0.0 0.0 0.0 1.0 0.778 0.000 0.000 0.000 2.0 0.099 0.915 0.040
0.0 0.0 0.0 1.0 0.0 0.0 0.0 0.0 0.0 1.0 0.778 0.000 0.000 0.000 2.0 0.099 0.901 0.040
0.0 0.0 0.0 1.0 0.0 0.0 0.0 0.0 0.0 1.0 0.778 0.000 0.000 0.000 2.0 0.099 0.901 0.040
0.0 1.0 0.0 0.0 0.0 0.0 0.0 0.0 0.0 0.0 0.800 0.044 0.044 0.044 2.0 0.099 0.901 0.040
0.0 0.0 0.0 1.0 0.0 0.0 0.0 0.0 0.0 0.0 0.778 0.067 0.067 0.067 2.0 0.099 0.887 0.040
0.0 0.0 0.0 1.0 0.0 0.0 0.0 0.0 0.0 0.0 0.778 0.022 0.022 0.022 2.0 0.099 0.901 0.040
0.0 0.0 0.0 1.0 0.0 0.0 0.0 0.0 0.0 0.0 0.778 0.022 0.022 0.022 2.0 0.099 0.901 0.040
0.0 0.0 0.0 1.0 0.0 0.0 0.0 0.0 0.0 0.0 0.778 0.022 0.022 0.022 2.0 0.099 0.915 0.040
0.0 0.0 0.0 1.0 0.0 0.0 0.0 0.0 0.0 0.0 0.778 0.022 0.022 0.022 2.0 0.099 0.915 0.040
0.0 0.0 0.0 1.0 0.0 0.0 0.0 0.0 0.0 1.0 0.778 0.000 0.000 0.000 2.0 0.099 0.901 0.040
0.0 0.0 0.0 1.0 0.0 0.0 0.0 0.0 0.0 0.0 0.756 0.022 0.022 0.022 2.0 0.099 0.873 0.040
0.0 0.0 0.0 1.0 0.0 0.0 0.0 0.0 0.0 0.0 0.756 0.022 0.022 0.022 2.0 0.099 0.873 0.040
0.0 0.0 0.0 1.0 0.0 0.0 0.0 0.0 0.0 0.0 0.756 0.022 0.022 0.022 2.0 0.099 0.887 0.040
0.0 0.0 0.0 1.0 0.0 0.0 0.0 0.0 0.0 0.0 0.778 0.022 0.022 0.022 2.0 0.099 0.915 0.040
0.0 0.0 0.0 1.0 0.0 0.0 0.0 0.0 0.0 1.0 0.778 0.000 0.000 0.000 2.0 0.099 0.873 0.040
0.0 0.0 0.0 1.0 0.0 0.0 0.0 0.0 0.0 1.0 0.778 0.000 0.000 0.000 2.0 0.099 0.887 0.040
0.0 0.0 1.0 0.0 0.0 0.0 0.0 0.0 0.0 0.0 0.800 0.156 0.156 0.156 2.0 0.169 0.930 0.040
0.0 0.0 1.0 0.0 0.0 0.0 0.0 0.0 0.0 0.0 0.800 0.133 0.133 0.133 2.0 0.169 0.930 0.040
0.0 1.0 0.0 0.0 0.0 0.0 0.0 0.0 0.0 1.0 0.844 0.000 0.000 0.000 2.0 0.056 0.915 0.040
0.0 0.0 0.0 1.0 0.0 0.0 0.0 0.0 0.0 0.0 0.822 0.022 0.022 0.022 2.0 0.099 0.901 0.040
0.0 0.0 0.0 1.0 0.0 0.0 0.0 0.0 0.0 1.0 0.800 0.000 0.000 0.000 2.0 0.099 0.901 0.040
0.0 0.0 0.0 1.0 0.0 0.0 0.0 0.0 0.0 1.0 0.800 0.000 0.000 0.000 2.0 0.099 0.901 0.040
0.0 0.0 0.0 1.0 0.0 0.0 0.0 0.0 0.0 1.0 0.800 0.000 0.000 0.000 2.0 0.099 0.915 0.040
0.0 0.0 0.0 1.0 0.0 0.0 0.0 0.0 0.0 1.0 0.800 0.000 0.000 0.000 2.0 0.099 0.915 0.040
0.0 0.0 0.0 1.0 0.0 0.0 0.0 0.0 0.0 1.0 0.778 0.000 0.000 0.000 2.0 0.085 0.887 0.040
0.0 0.0 0.0 1.0 0.0 0.0 0.0 0.0 0.0 1.0 0.778 0.000 0.000 0.000 2.0 0.099 0.873 0.040
0.0 0.0 0.0 1.0 0.0 0.0 0.0 0.0 0.0 1.0 0.778 0.000 0.000 0.000 2.0 0.099 0.887 0.040
0.0 0.0 0.0 1.0 0.0 0.0 0.0 0.0 0.0 1.0 0.800 0.000 0.000 0.000 2.0 0.099 0.915 0.040
0.0 0.0 1.0 0.0 0.0 0.0 0.0 0.0 0.0 0.0 0.800 0.044 0.044 0.044 3.0 0.296 0.958 0.040
0.0 0.0 0.0 1.0 0.0 0.0 0.0 0.0 0.0 0.0 0.800 0.111 0.200 0.130 2.0 0.437 0.944 0.240
0.0 0.0 1.0 0.0 0.0 0.0 0.0 0.0 1.0 0.0 0.822 0.022 0.022 0.022 4.0 0.211 0.986 0.040
0.0 0.0 0.0 1.0 0.0 0.0 0.0 0.0 0.0 0.0 0.822 0.133 0.133 0.133 2.0 0.155 0.972 0.040
0.0 1.0 0.0 0.0 0.0 0.0 0.0 0.0 0.0 0.0 0.822 0.133 0.133 0.133 1.0 0.113 0.930 0.040
0.0 0.0 0.0 1.0 0.0 0.0 0.0 0.0 0.0 0.0 0.822 0.111 0.111 0.111 2.0 0.155 0.944 0.040
0.0 1.0 0.0 0.0 0.0 0.0 0.0 0.0 0.0 0.0 0.822 0.111 0.111 0.111 1.0 0.113 0.930 0.040
0.0 0.0 0.0 0.0 0.0 1.0 0.0 0.0 0.0 1.0 0.844 0.000 0.000 0.000 2.0 0.099 0.986 0.040
0.0 0.0 1.0 0.0 0.0 0.0 0.0 0.0 0.0 0.0 0.822 0.089 0.089 0.089 3.0 0.239 0.944 0.040
0.0 1.0 0.0 0.0 0.0 0.0 0.0 0.0 0.0 0.0 0.844 0.089 0.089 0.089 2.0 0.127 0.958 0.040
0.0 0.0 1.0 0.0 0.0 0.0 0.0 0.0 1.0 0.0 0.822 0.111 0.111 0.111 3.0 0.183 0.944 0.040
0.0 0.0 1.0 0.0 0.0 0.0 0.0 0.0 1.0 0.0 0.822 0.089 0.089 0.089 3.0 0.211 0.944 0.040
0.0 0.0 1.0 0.0 0.0 0.0 0.0 0.0 1.0 0.0 0.822 0.089 0.089 0.089 3.0 0.211 0.944 0.040
0.0 0.0 1.0 0.0 0.0 0.0 0.0 0.0 0.0 0.0 0.822 0.089 0.089 0.089 3.0 0.239 0.958 0.040
0.0 0.0 0.0 1.0 0.0 0.0 0.0 0.0 0.0 0.0 0.844 0.111 0.111 0.111 2.0 0.155 0.972 0.040
0.0 0.0 0.0 1.0 0.0 0.0 0.0 0.0 0.0 0.0 0.844 0.089 0.089 0.089 2.0 0.155 0.944 0.040
0.0 1.0 0.0 0.0 0.0 0.0 0.0 0.0 0.0 0.0 0.844 0.156 0.156 0.156 2.0 0.127 0.958 0.040
0.0 0.0 1.0 0.0 0.0 0.0 0.0 0.0 1.0 0.0 0.822 0.178 0.178 0.178 3.0 0.183 0.944 0.040
0.0 0.0 0.0 1.0 0.0 0.0 0.0 0.0 0.0 0.0 0.867 0.089 0.089 0.089 2.0 0.169 0.972 0.040
0.0 0.0 0.0 1.0 0.0 0.0 0.0 0.0 0.0 0.0 0.867 0.067 0.067 0.067 2.0 0.169 0.944 0.040
0.0 0.0 0.0 1.0 0.0 0.0 0.0 0.0 0.0 0.0 0.844 0.067 0.067 0.067 2.0 0.155 0.958 0.040
0.0 0.0 0.0 1.0 0.0 0.0 0.0 0.0 0.0 0.0 0.867 0.067 0.067 0.067 2.0 0.127 1.000 0.040
0.0 0.0 0.0 1.0 0.0 0.0 0.0 0.0 0.0 0.0 0.844 0.067 0.067 0.067 2.0 0.141 0.944 0.040
0.0 0.0 0.0 1.0 0.0 0.0 0.0 0.0 0.0 0.0 0.844 0.067 0.067 0.067 2.0 0.141 0.944 0.040
0.0 0.0 0.0 1.0 0.0 0.0 0.0 0.0 0.0 0.0 0.844 0.067 0.067 0.067 2.0 0.155 0.972 0.040
0.0 1.0 0.0 0.0 0.0 0.0 0.0 0.0 0.0 0.0 0.844 0.067 0.067 0.067 1.0 0.127 0.944 0.040
0.0 1.0 0.0 0.0 0.0 0.0 0.0 0.0 0.0 0.0 0.867 0.067 0.067 0.067 1.0 0.099 0.958 0.040
0.0 1.0 0.0 0.0 0.0 0.0 0.0 0.0 0.0 0.0 0.844 0.067 0.067 0.067 1.0 0.113 0.944 0.040
0.0 1.0 0.0 0.0 0.0 0.0 0.0 0.0 0.0 0.0 0.844 0.067 0.067 0.067 1.0 0.113 0.944 0.040
0.0 1.0 0.0 0.0 0.0 0.0 0.0 0.0 0.0 0.0 0.844 0.067 0.067 0.067 1.0 0.127 0.958 0.040
0.0 1.0 0.0 0.0 0.0 0.0 0.0 0.0 0.0 0.0 0.867 0.133 0.133 0.133 1.0 0.099 0.958 0.040
0.0 0.0 0.0 1.0 0.0 0.0 0.0 0.0 0.0 0.0 0.867 0.133 0.133 0.133 2.0 0.141 0.986 0.040
0.0 0.0 0.0 1.0 0.0 0.0 0.0 0.0 0.0 0.0 0.867 0.044 0.044 0.044 2.0 0.141 0.958 0.040
0.0 0.0 0.0 1.0 0.0 0.0 0.0 0.0 0.0 0.0 0.889 0.044 0.044 0.044 2.0 0.141 0.986 0.040
0.0 0.0 0.0 1.0 0.0 0.0 0.0 0.0 0.0 0.0 0.867 0.044 0.044 0.044 2.0 0.127 0.944 0.040
0.0 0.0 0.0 1.0 0.0 0.0 0.0 0.0 0.0 0.0 0.867 0.044 0.044 0.044 2.0 0.127 0.944 0.040
0.0 0.0 0.0 1.0 0.0 0.0 0.0 0.0 0.0 0.0 0.867 0.044 0.044 0.044 2.0 0.127 0.972 0.040
0.0 0.0 0.0 1.0 0.0 0.0 0.0 0.0 0.0 0.0 0.889 0.067 0.067 0.067 2.0 0.141 0.972 0.040
0.0 1.0 0.0 0.0 0.0 0.0 0.0 0.0 0.0 0.0 0.889 0.067 0.067 0.067 1.0 0.113 0.972 0.040
0.0 0.0 0.0 1.0 0.0 0.0 0.0 0.0 0.0 0.0 0.889 0.044 0.044 0.044 2.0 0.127 0.944 0.040
0.0 1.0 0.0 0.0 0.0 0.0 0.0 0.0 0.0 0.0 0.889 0.044 0.044 0.044 1.0 0.113 0.944 0.040
0.0 0.0 0.0 1.0 0.0 0.0 0.0 0.0 0.0 0.0 0.889 0.111 0.111 0.111 2.0 0.155 0.986 0.040
0.0 0.0 0.0 1.0 0.0 0.0 0.0 0.0 0.0 0.0 0.889 0.022 0.022 0.022 2.0 0.127 0.958 0.040
0.0 0.0 0.0 1.0 0.0 0.0 0.0 0.0 0.0 0.0 0.911 0.022 0.022 0.022 2.0 0.127 1.000 0.040
0.0 0.0 0.0 1.0 0.0 0.0 0.0 0.0 0.0 0.0 0.889 0.022 0.022 0.022 2.0 0.127 0.944 0.040
0.0 0.0 0.0 1.0 0.0 0.0 0.0 0.0 0.0 0.0 0.889 0.022 0.022 0.022 2.0 0.127 0.944 0.040
0.0 0.0 0.0 1.0 0.0 0.0 0.0 0.0 0.0 0.0 0.889 0.022 0.022 0.022 2.0 0.127 0.972 0.040
0.0 0.0 0.0 1.0 0.0 0.0 0.0 0.0 0.0 0.0 0.911 0.044 0.044 0.044 2.0 0.141 0.972 0.040
0.0 0.0 0.0 1.0 0.0 0.0 0.0 0.0 0.0 0.0 0.911 0.022 0.022 0.022 2.0 0.127 0.944 0.040
0.0 0.0 0.0 1.0 0.0 0.0 0.0 0.0 0.0 0.0 0.911 0.089 0.089 0.089 2.0 0.169 0.986 0.040
0.0 0.0 1.0 0.0 0.0 0.0 0.0 0.0 0.0 1.0 0.911 0.000 0.000 0.000 2.0 0.099 0.958 0.040
0.0 0.0 1.0 0.0 0.0 0.0 0.0 0.0 0.0 1.0 0.933 0.000 0.000 0.000 2.0 0.099 1.000 0.040
0.0 0.0 1.0 0.0 0.0 0.0 0.0 0.0 0.0 1.0 0.911 0.000 0.000 0.000 2.0 0.099 0.944 0.040
0.0 0.0 1.0 0.0 0.0 0.0 0.0 0.0 0.0 1.0 0.911 0.000 0.000 0.000 2.0 0.099 0.944 0.040
0.0 0.0 1.0 0.0 0.0 0.0 0.0 0.0 0.0 1.0 0.911 0.000 0.000 0.000 2.0 0.099 0.972 0.040
0.0 1.0 0.0 0.0 0.0 0.0 0.0 0.0 0.0 1.0 0.956 0.000 0.000 0.000 2.0 0.056 0.986 0.040
0.0 0.0 0.0 1.0 0.0 0.0 0.0 0.0 0.0 0.0 0.933 0.022 0.022 0.022 2.0 0.113 0.972 0.040
0.0 0.0 0.0 1.0 0.0 0.0 0.0 0.0 0.0 1.0 0.933 0.000 0.000 0.000 2.0 0.099 0.944 0.040
0.0 0.0 0.0 1.0 0.0 0.0 0.0 0.0 0.0 0.0 0.933 0.067 0.067 0.067 2.0 0.141 0.986 0.040
0.0 1.0 0.0 0.0 0.0 0.0 0.0 0.0 0.0 0.0 0.933 0.067 0.067 0.067 1.0 0.113 0.986 0.040
0.0 0.0 0.0 1.0 0.0 0.0 0.0 0.0 0.0 0.0 0.956 0.044 0.044 0.044 2.0 0.141 0.986 0.040
0.0 0.0 0.0 1.0 0.0 0.0 0.0 0.0 0.0 0.0 0.978 0.022 0.022 0.022 2.0 0.127 0.986 0.040
0.0 0.0 1.0 0.0 0.0 0.0 0.0 0.0 0.0 1.0 1.000 0.000 0.000 0.000 2.0 0.099 0.986 0.040
