0.0 0.0 0.0 1.0 0.0 0.0 0.0 0.0 1.0 0.0 0.074 0.370 0.741 1.0 0.278 0.053 0.323
1.0 0.0 0.0 0.0 0.0 0.0 0.0 0.0 0.0 0.0 0.081 0.363 0.733 2.0 0.333 0.063 0.355
0.0 0.0 1.0 0.0 0.0 0.0 0.0 0.0 0.0 0.0 0.089 0.356 0.726 1.0 0.389 0.074 0.387
0.0 0.0 0.0 0.0 1.0 0.0 0.0 0.0 0.0 0.0 0.096 0.348 0.719 2.0 0.444 0.084 0.419
0.0 1.0 0.0 0.0 0.0 0.0 0.0 0.0 0.0 0.0 0.104 0.341 0.711 1.0 0.500 0.095 0.452
0.0 0.0 0.0 0.0 0.0 1.0 0.0 0.0 0.0 0.0 0.111 0.333 0.704 2.0 0.556 0.105 0.484
0.0 0.0 0.0 0.0 0.0 0.0 1.0 0.0 0.0 0.0 0.119 0.326 0.696 1.0 0.611 0.116 0.516
0.0 0.0 0.0 0.0 0.0 0.0 0.0 1.0 0.0 0.0 0.126 0.319 0.689 2.0 0.667 0.126 0.548
1.0 0.0 0.0 0.0 0.0 0.0 0.0 0.0 0.0 0.0 0.133 0.311 0.681 1.0 0.722 0.137 0.581
0.0 0.0 0.0 1.0 0.0 0.0 0.0 0.0 0.0 0.0 0.141 0.304 0.674 2.0 0.778 0.147 0.613
0.0 0.0 1.0 0.0 0.0 0.0 0.0 0.0 0.0 0.0 0.148 0.296 0.667 1.0 0.833 0.158 0.645
0.0 0.0 0.0 0.0 1.0 0.0 0.0 0.0 0.0 0.0 0.156 0.289 0.659 2.0 0.889 0.168 0.677
0.0 1.0 0.0 0.0 0.0 0.0 0.0 0.0 0.0 0.0 0.163 0.281 0.652 1.0 0.944 0.179 0.710
0.0 0.0 0.0 0.0 0.0 1.0 0.0 0.0 0.0 0.0 0.170 0.274 0.644 2.0 1.000 0.189 0.742
0.0 0.0 0.0 0.0 0.0 0.0 1.0 0.0 0.0 0.0 0.178 0.267 0.637 1.0 1.056 0.200 0.774
