0.0 1.0 0.0 0.0 0.0 0.0 0.0 0.0 1.0 0.0 0.022 0.778 0.978 0.833 1.0 0.139 0.013 1.000
0.0 1.0 0.0 0.0 0.0 0.0 0.0 0.0 1.0 0.0 0.022 0.778 0.978 0.833 1.0 0.097 0.013 1.000
0.0 1.0 0.0 0.0 0.0 0.0 0.0 0.0 1.0 0.0 0.022 0.778 0.978 0.833 1.0 0.139 0.013 1.000
0.0 1.0 0.0 0.0 0.0 0.0 0.0 0.0 1.0 0.0 0.022 0.778 0.978 0.833 2.0 0.181 0.027 1.000
0.0 1.0 0.0 0.0 0.0 0.0 0.0 0.0 1.0 0.0 0.022 0.778 0.978 0.833 1.0 0.097 0.013 1.000
0.0 1.0 0.0 0.0 0.0 0.0 0.0 0.0 1.0 0.0 0.022 0.778 0.978 0.833 1.0 0.097 0.013 1.000
0.0 1.0 0.0 0.0 0.0 0.0 0.0 0.0 1.0 0.0 0.022 0.778 0.978 0.833 2.0 0.139 0.027 1.000
0.0 1.0 0.0 0.0 0.0 0.0 0.0 0.0 1.0 0.0 0.022 0.778 0.978 0.833 1.0 0.139 0.013 1.000
0.0 1.0 0.0 0.0 0.0 0.0 0.0 0.0 1.0 0.0 0.022 0.778 0.978 0.833 1.0 0.181 0.013 1.000
0.0 1.0 0.0 0.0 0.0 0.0 0.0 0.0 1.0 0.0 0.022 0.778 0.978 0.833 1.0 0.139 0.013 1.000
0.0 1.0 0.0 0.0 0.0 0.0 0.0 0.0 1.0 0.0 0.022 0.778 0.978 0.833 1.0 0.097 0.013 1.000
0.0 1.0 0.0 0.0 0.0 0.0 0.0 0.0 1.0 0.0 0.022 0.778 0.978 0.833 1.0 0.097 0.013 1.000
0.0 1.0 0.0 0.0 0.0 0.0 0.0 0.0 1.0 0.0 0.022 0.778 0.978 0.833 1.0 0.139 0.013 1.000
0.0 1.0 0.0 0.0 0.0 0.0 0.0 0.0 1.0 0.0 0.022 0.778 0.978 0.833 1.0 0.139 0.013 1.000
0.0 1.0 0.0 0.0 0.0 0.0 0.0 0.0 1.0 0.0 0.022 0.778 0.978 0.833 1.0 0.139 0.013 1.000
0.0 1.0 0.0 0.0 0.0 0.0 0.0 0.0 1.0 0.0 0.022 0.778 0.978 0.833 1.0 0.139 0.013 1.000
0.0 0.0 0.0 1.0 0.0 0.0 0.0 0.0 1.0 0.0 0.022 0.933 0.933 0.933 2.0 0.069 0.027 0.040
0.0 0.0 0.0 1.0 0.0 0.0 0.0 0.0 1.0 0.0 0.022 0.933 0.933 0.933 2.0 0.069 0.027 0.040
0.0 1.0 0.0 0.0 0.0 0.0 0.0 0.0 1.0 0.0 0.022 0.778 0.978 0.833 2.0 0.056 0.027 1.000
0.0 1.0 0.0 0.0 0.0 0.0 0.0 0.0 0.0 0.0 0.044 0.756 0.956 0.811 1.0 0.125 0.027 1.000
0.0 1.0 0.0 0.0 0.0 0.0 0.0 0.0 1.0 0.0 0.022 0.778 0.978 0.833 1.0 0.083 0.013 1.000
1.0 0.0 0.0 0.0 0.0 0.0 0.0 0.0 1.0 0.0 0.022 0.778 0.978 0.833 1.0 0.097 0.013 1.000
1.0 0.0 0.0 0.0 0.0 0.0 0.0 0.0 1.0 0.0 0.022 0.778 0.978 0.833 1.0 0.153 0.013 1.000
0.0 1.0 0.0 0.0 0.0 0.0 0.0 0.0 1.0 0.0 0.022 0.778 0.978 0.833 1.0 0.097 0.013 1.000
0.0 1.0 0.0 0.0 0.0 0.0 0.0 0.0 1.0 0.0 0.022 0.778 0.978 0.833 1.0 0.097 0.013 1.000
0.0 1.0 0.0 0.0 0.0 0.0 0.0 0.0 1.0 0.0 0.022 0.778 0.978 0.833 1.0 0.097 0.013 1.000
0.0 1.0 0.0 0.0 0.0 0.0 0.0 0.0 1.0 0.0 0.022 0.778 0.978 0.833 1.0 0.097 0.013 1.000
0.0 1.0 0.0 0.0 0.0 0.0 0.0 0.0 1.0 0.0 0.022 0.933 0.933 0.933 1.0 0.069 0.013 0.040
0.0 1.0 0.0 0.0 0.0 0.0 0.0 0.0 1.0 0.0 0.022 0.933 0.933 0.933 1.0 0.069 0.013 0.040
0.0 1.0 0.0 0.0 0.0 0.0 0.0 0.0 1.0 0.0 0.022 0.778 0.978 0.851 1.0 0.111 0.013 0.640
0.0 1.0 0.0 0.0 0.0 0.0 0.0 0.0 1.0 0.0 0.022 0.778 0.978 0.851 1.0 0.111 0.013 0.640
1.0 0.0 0.0 0.0 0.0 0.0 0.0 0.0 1.0 0.0 0.022 0.911 0.978 0.930 1.0 0.306 0.013 0.240
0.0 1.0 0.0 0.0 0.0 0.0 0.0 0.0 1.0 0.0 0.022 0.778 0.978 0.833 1.0 0.347 0.013 1.000
1.0 0.0 0.0 0.0 0.0 0.0 0.0 0.0 1.0 0.0 0.022 0.778 0.978 0.833 1.0 0.125 0.013 1.000
0.0 1.0 0.0 0.0 0.0 0.0 0.0 0.0 1.0 0.0 0.022 0.778 0.978 0.833 1.0 0.153 0.013 1.000
1.0 0.0 0.0 0.0 0.0 0.0 0.0 0.0 1.0 0.0 0.022 0.778 0.978 0.833 1.0 0.208 0.013 1.000
0.0 1.0 0.0 0.0 0.0 0.0 0.0 0.0 1.0 0.0 0.022 0.911 0.978 0.930 1.0 0.194 0.013 0.240
0.0 1.0 0.0 0.0 0.0 0.0 0.0 0.0 1.0 0.0 0.022 0.844 0.844 0.844 1.0 0.069 0.013 0.040
1.0 0.0 0.0 0.0 0.0 0.0 0.0 0.0 1.0 0.0 0.022 0.933 0.933 0.933 1.0 0.125 0.013 0.080
0.0 1.0 0.0 0.0 0.0 0.0 0.0 0.0 1.0 0.0 0.022 0.778 0.978 0.833 1.0 0.278 0.013 1.000
1.0 0.0 0.0 0.0 0.0 0.0 0.0 0.0 1.0 0.0 0.022 0.778 0.978 0.833 1.0 0.181 0.013 1.000
1.0 0.0 0.0 0.0 0.0 0.0 0.0 0.0 1.0 0.0 0.022 0.911 0.978 0.930 1.0 0.194 0.013 0.240
0.0 1.0 0.0 0.0 0.0 0.0 0.0 0.0 1.0 0.0 0.022 0.778 0.978 0.833 1.0 0.292 0.013 1.000
1.0 0.0 0.0 0.0 0.0 0.0 0.0 0.0 1.0 0.0 0.022 0.778 0.778 0.778 1.0 0.083 0.013 0.040
1.0 0.0 0.0 0.0 0.0 0.0 0.0 0.0 1.0 0.0 0.022 0.822 0.822 0.822 1.0 0.083 0.013 0.040
1.0 0.0 0.0 0.0 0.0 0.0 0.0 0.0 1.0 0.0 0.022 0.778 0.778 0.778 1.0 0.083 0.013 0.040
1.0 0.0 0.0 0.0 0.0 0.0 0.0 0.0 1.0 0.0 0.022 0.778 0.778 0.778 1.0 0.083 0.013 0.040
1.0 0.0 0.0 0.0 0.0 0.0 0.0 0.0 1.0 0.0 0.022 0.778 0.778 0.778 1.0 0.083 0.013 0.040
1.0 0.0 0.0 0.0 0.0 0.0 0.0 0.0 1.0 0.0 0.022 0.778 0.778 0.778 1.0 0.083 0.013 0.040
1.0 0.0 0.0 0.0 0.0 0.0 0.0 0.0 1.0 0.0 0.022 0.778 0.778 0.778 1.0 0.083 0.013 0.040
1.0 0.0 0.0 0.0 0.0 0.0 0.0 0.0 1.0 0.0 0.022 0.778 0.778 0.778 1.0 0.083 0.013 0.040
1.0 0.0 0.0 0.0 0.0 0.0 0.0 0.0 1.0 0.0 0.022 0.778 0.778 0.778 1.0 0.083 0.013 0.040
1.0 0.0 0.0 0.0 0.0 0.0 0.0 0.0 1.0 0.0 0.022 0.800 0.800 0.800 1.0 0.083 0.013 0.040
1.0 0.0 0.0 0.0 0.0 0.0 0.0 0.0 1.0 0.0 0.022 0.778 0.778 0.778 1.0 0.083 0.013 0.040
1.0 0.0 0.0 0.0 0.0 0.0 0.0 0.0 1.0 0.0 0.022 0.800 0.800 0.800 1.0 0.083 0.013 0.040
1.0 0.0 0.0 0.0 0.0 0.0 0.0 0.0 1.0 0.0 0.022 0.778 0.778 0.778 1.0 0.083 0.013 0.040
1.0 0.0 0.0 0.0 0.0 0.0 0.0 0.0 1.0 0.0 0.022 0.778 0.778 0.778 1.0 0.083 0.013 0.040
1.0 0.0 0.0 0.0 0.0 0.0 0.0 0.0 1.0 0.0 0.022 0.778 0.778 0.778 1.0 0.083 0.013 0.040
1.0 0.0 0.0 0.0 0.0 0.0 0.0 0.0 1.0 0.0 0.022 0.778 0.778 0.778 1.0 0.083 0.013 0.040
0.0 1.0 0.0 0.0 0.0 0.0 0.0 0.0 0.0 0.0 0.044 0.756 0.756 0.756 2.0 0.083 0.027 0.040
0.0 1.0 0.0 0.0 0.0 0.0 0.0 0.0 0.0 0.0 0.044 0.800 0.800 0.800 1.0 0.083 0.013 0.040
0.0 1.0 0.0 0.0 0.0 0.0 0.0 0.0 0.0 0.0 0.044 0.756 0.756 0.756 1.0 0.083 0.013 0.040
0.0 1.0 0.0 0.0 0.0 0.0 0.0 0.0 0.0 0.0 0.044 0.756 0.756 0.756 1.0 0.083 0.013 0.040
0.0 1.0 0.0 0.0 0.0 0.0 0.0 0.0 0.0 0.0 0.044 0.756 0.756 0.756 1.0 0.083 0.013 0.040
0.0 1.0 0.0 0.0 0.0 0.0 0.0 0.0 0.0 0.0 0.044 0.756 0.756 0.756 1.0 0.083 0.013 0.040
0.0 1.0 0.0 0.0 0.0 0.0 0.0 0.0 0.0 0.0 0.044 0.756 0.756 0.756 1.0 0.083 0.013 0.040
0.0 1.0 0.0 0.0 0.0 0.0 0.0 0.0 0.0 0.0 0.044 0.756 0.756 0.756 1.0 0.083 0.013 0.040
0.0 1.0 0.0 0.0 0.0 0.0 0.0 0.0 0.0 0.0 0.044 0.756 0.756 0.756 1.0 0.083 0.013 0.040
0.0 1.0 0.0 0.0 0.0 0.0 0.0 0.0 0.0 0.0 0.044 0.778 0.778 0.778 1.0 0.083 0.013 0.040
0.0 1.0 0.0 0.0 0.0 0.0 0.0 0.0 0.0 0.0 0.044 0.756 0.756 0.756 1.0 0.083 0.013 0.040
0.0 1.0 0.0 0.0 0.0 0.0 0.0 0.0 0.0 0.0 0.044 0.778 0.778 0.778 1.0 0.083 0.013 0.040
0.0 1.0 0.0 0.0 0.0 0.0 0.0 0.0 0.0 0.0 0.044 0.756 0.756 0.756 1.0 0.083 0.013 0.040
0.0 1.0 0.0 0.0 0.0 0.0 0.0 0.0 0.0 0.0 0.044 0.756 0.756 0.756 1.0 0.083 0.013 0.040
0.0 1.0 0.0 0.0 0.0 0.0 0.0 0.0 0.0 0.0 0.044 0.756 0.756 0.756 1.0 0.083 0.013 0.040
0.0 1.0 0.0 0.0 0.0 0.0 0.0 0.0 0.0 0.0 0.044 0.756 0.756 0.756 1.0 0.083 0.013 0.040
0.0 0.0 0.0 1.0 0.0 0.0 0.0 0.0 0.0 0.0 0.044 0.889 0.889 0.889 2.0 0.139 0.027 0.040
0.0 0.0 0.0 1.0 0.0 0.0 0.0 0.0 0.0 0.0 0.044 0.911 0.911 0.911 2.0 0.139 0.027 0.040
0.0 0.0 0.0 1.0 0.0 0.0 0.0 0.0 0.0 0.0 0.044 0.956 0.956 0.956 2.0 0.139 0.027 0.040
0.0 0.0 0.0 1.0 0.0 0.0 0.0 0.0 0.0 0.0 0.044 0.889 0.889 0.889 2.0 0.139 0.027 0.040
0.0 0.0 0.0 1.0 0.0 0.0 0.0 0.0 0.0 0.0 0.044 0.889 0.889 0.889 2.0 0.139 0.027 0.040
0.0 0.0 0.0 1.0 0.0 0.0 0.0 0.0 0.0 0.0 0.044 0.911 0.911 0.911 2.0 0.139 0.027 0.040
1.0 0.0 0.0 0.0 0.0 0.0 0.0 0.0 0.0 0.0 0.044 0.756 0.956 0.811 1.0 0.139 0.013 1.000
1.0 0.0 0.0 0.0 0.0 0.0 0.0 0.0 0.0 0.0 0.044 0.756 0.956 0.811 1.0 0.125 0.013 1.000
1.0 0.0 0.0 0.0 0.0 0.0 0.0 0.0 0.0 0.0 0.044 0.756 0.956 0.811 1.0 0.125 0.013 1.000
1.0 0.0 0.0 0.0 0.0 0.0 0.0 0.0 0.0 0.0 0.044 0.756 0.956 0.811 1.0 0.111 0.013 1.000
1.0 0.0 0.0 0.0 0.0 0.0 0.0 0.0 0.0 0.0 0.044 0.756 0.956 0.811 1.0 0.139 0.013 1.000
1.0 0.0 0.0 0.0 0.0 0.0 0.0 0.0 0.0 0.0 0.044 0.756 0.956 0.811 1.0 0.139 0.013 1.000
0.0 0.0 1.0 0.0 0.0 0.0 0.0 0.0 1.0 0.0 0.044 0.756 0.956 0.811 2.0 0.167 0.027 1.000
1.0 0.0 0.0 0.0 0.0 0.0 0.0 0.0 0.0 0.0 0.044 0.756 0.956 0.811 1.0 0.153 0.013 1.000
1.0 0.0 0.0 0.0 0.0 0.0 0.0 0.0 0.0 0.0 0.044 0.756 0.956 0.811 1.0 0.125 0.013 1.000
1.0 0.0 0.0 0.0 0.0 0.0 0.0 0.0 0.0 0.0 0.044 0.756 0.956 0.811 1.0 0.125 0.013 1.000
0.0 0.0 1.0 0.0 0.0 0.0 0.0 0.0 1.0 0.0 0.044 0.756 0.956 0.811 2.0 0.181 0.027 1.000
1.0 0.0 0.0 0.0 0.0 0.0 0.0 0.0 0.0 0.0 0.044 0.756 0.956 0.811 1.0 0.139 0.013 1.000
0.0 0.0 1.0 0.0 0.0 0.0 0.0 0.0 1.0 0.0 0.067 0.733 0.933 0.788 3.0 0.208 0.053 1.000
1.0 0.0 0.0 0.0 0.0 0.0 0.0 0.0 0.0 0.0 0.044 0.756 0.956 0.811 1.0 0.139 0.013 1.000
1.0 0.0 0.0 0.0 0.0 0.0 0.0 0.0 0.0 0.0 0.044 0.756 0.956 0.811 1.0 0.125 0.013 1.000
0.0 0.0 0.0 1.0 0.0 0.0 0.0 0.0 0.0 0.0 0.044 0.911 0.911 0.911 2.0 0.139 0.027 0.040
0.0 0.0 0.0 1.0 0.0 0.0 0.0 0.0 0.0 0.0 0.044 0.911 0.911 0.911 2.0 0.139 0.027 0.040
0.0 0.0 0.0 1.0 0.0 0.0 0.0 0.0 1.0 0.0 0.044 0.756 0.956 0.811 2.0 0.319 0.027 1.000
0.0 0.0 0.0 1.0 0.0 0.0 0.0 0.0 0.0 0.0 0.044 0.756 0.956 0.811 2.0 0.167 0.027 1.000
0.0 0.0 0.0 1.0 0.0 0.0 0.0 0.0 0.0 0.0 0.044 0.756 0.956 0.811 2.0 0.181 0.027 1.000
1.0 0.0 0.0 0.0 0.0 0.0 0.0 0.0 0.0 0.0 0.044 0.756 0.956 0.811 1.0 0.139 0.027 1.000
1.0 0.0 0.0 0.0 0.0 0.0 0.0 0.0 0.0 0.0 0.044 0.756 0.956 0.811 1.0 0.125 0.013 1.000
1.0 0.0 0.0 0.0 0.0 0.0 0.0 0.0 0.0 0.0 0.044 0.911 0.911 0.911 1.0 0.139 0.013 0.040
1.0 0.0 0.0 0.0 0.0 0.0 0.0 0.0 0.0 0.0 0.044 0.911 0.911 0.911 1.0 0.125 0.013 0.040
1.0 0.0 0.0 0.0 0.0 0.0 0.0 0.0 0.0 0.0 0.044 0.956 0.956 0.956 1.0 0.125 0.013 0.040
1.0 0.0 0.0 0.0 0.0 0.0 0.0 0.0 0.0 0.0 0.044 0.756 0.956 0.811 1.0 0.125 0.013 1.000
1.0 0.0 0.0 0.0 0.0 0.0 0.0 0.0 0.0 0.0 0.044 0.756 0.956 0.811 1.0 0.111 0.013 1.000
1.0 0.0 0.0 0.0 0.0 0.0 0.0 0.0 0.0 0.0 0.044 0.756 0.956 0.811 1.0 0.111 0.013 1.000
1.0 0.0 0.0 0.0 0.0 0.0 0.0 0.0 0.0 0.0 0.044 0.756 0.956 0.811 1.0 0.125 0.013 1.000
0.0 1.0 0.0 0.0 0.0 0.0 0.0 0.0 0.0 0.0 0.067 0.733 0.933 0.788 2.0 0.125 0.053 1.000
0.0 0.0 1.0 0.0 0.0 0.0 0.0 0.0 1.0 0.0 0.044 0.756 0.956 0.811 3.0 0.153 0.040 1.000
1.0 0.0 0.0 0.0 0.0 0.0 0.0 0.0 0.0 0.0 0.044 0.756 0.956 0.811 1.0 0.111 0.013 1.000
1.0 0.0 0.0 0.0 0.0 0.0 0.0 0.0 0.0 0.0 0.044 0.756 0.956 0.811 1.0 0.139 0.027 1.000
1.0 0.0 0.0 0.0 0.0 0.0 0.0 0.0 0.0 0.0 0.044 0.756 0.956 0.811 1.0 0.125 0.013 1.000
0.0 0.0 1.0 0.0 0.0 0.0 0.0 0.0 1.0 0.0 0.044 0.756 0.956 0.811 3.0 0.181 0.040 1.000
1.0 0.0 0.0 0.0 0.0 0.0 0.0 0.0 0.0 0.0 0.044 0.756 0.956 0.811 1.0 0.111 0.013 1.000
1.0 0.0 0.0 0.0 0.0 0.0 0.0 0.0 0.0 0.0 0.044 0.822 0.822 0.822 1.0 0.111 0.013 0.040
1.0 0.0 0.0 0.0 0.0 0.0 0.0 0.0 0.0 0.0 0.044 0.756 0.956 0.811 1.0 0.111 0.013 1.000
1.0 0.0 0.0 0.0 0.0 0.0 0.0 0.0 0.0 0.0 0.044 0.822 0.822 0.822 1.0 0.111 0.013 0.040
1.0 0.0 0.0 0.0 0.0 0.0 0.0 0.0 0.0 0.0 0.044 0.756 0.956 0.811 1.0 0.111 0.013 1.000
1.0 0.0 0.0 0.0 0.0 0.0 0.0 0.0 0.0 0.0 0.044 0.822 0.822 0.822 1.0 0.111 0.013 0.040
1.0 0.0 0.0 0.0 0.0 0.0 0.0 0.0 0.0 0.0 0.044 0.756 0.956 0.811 1.0 0.111 0.013 1.000
1.0 0.0 0.0 0.0 0.0 0.0 0.0 0.0 0.0 0.0 0.044 0.822 0.822 0.822 1.0 0.111 0.013 0.040
0.0 0.0 1.0 0.0 0.0 0.0 0.0 0.0 0.0 0.0 0.044 0.911 0.911 0.911 2.0 0.125 0.040 0.040
0.0 0.0 1.0 0.0 0.0 0.0 0.0 0.0 0.0 0.0 0.044 0.911 0.911 0.911 2.0 0.125 0.040 0.040
1.0 0.0 0.0 0.0 0.0 0.0 0.0 0.0 0.0 0.0 0.044 0.756 0.956 0.811 1.0 0.125 0.013 1.000
1.0 0.0 0.0 0.0 0.0 0.0 0.0 0.0 0.0 0.0 0.044 0.756 0.956 0.811 1.0 0.125 0.013 1.000
1.0 0.0 0.0 0.0 0.0 0.0 0.0 0.0 0.0 0.0 0.044 0.756 0.956 0.811 1.0 0.125 0.027 1.000
1.0 0.0 0.0 0.0 0.0 0.0 0.0 0.0 0.0 0.0 0.044 0.756 0.956 0.811 1.0 0.125 0.027 1.000
1.0 0.0 0.0 0.0 0.0 0.0 0.0 0.0 0.0 0.0 0.044 0.756 0.956 0.811 1.0 0.125 0.013 1.000
1.0 0.0 0.0 0.0 0.0 0.0 0.0 0.0 0.0 0.0 0.044 0.756 0.956 0.811 1.0 0.125 0.013 1.000
1.0 0.0 0.0 0.0 0.0 0.0 0.0 0.0 0.0 0.0 0.044 0.911 0.911 0.911 1.0 0.125 0.013 0.040
1.0 0.0 0.0 0.0 0.0 0.0 0.0 0.0 0.0 0.0 0.044 0.756 0.956 0.811 1.0 0.125 0.013 1.000
1.0 0.0 0.0 0.0 0.0 0.0 0.0 0.0 0.0 0.0 0.044 0.756 0.956 0.811 1.0 0.139 0.027 1.000
1.0 0.0 0.0 0.0 0.0 0.0 0.0 0.0 0.0 0.0 0.044 0.911 0.911 0.911 1.0 0.139 0.027 0.040
1.0 0.0 0.0 0.0 0.0 0.0 0.0 0.0 0.0 0.0 0.044 0.756 0.956 0.811 1.0 0.111 0.013 1.000
1.0 0.0 0.0 0.0 0.0 0.0 0.0 0.0 0.0 0.0 0.044 0.756 0.956 0.811 1.0 0.125 0.013 1.000
0.0 0.0 1.0 0.0 0.0 0.0 0.0 0.0 1.0 0.0 0.067 0.733 0.933 0.788 3.0 0.194 0.053 1.000
1.0 0.0 0.0 0.0 0.0 0.0 0.0 0.0 0.0 0.0 0.044 0.756 0.956 0.811 1.0 0.125 0.013 1.000
1.0 0.0 0.0 0.0 0.0 0.0 0.0 0.0 0.0 0.0 0.044 0.756 0.956 0.811 1.0 0.139 0.013 1.000
1.0 0.0 0.0 0.0 0.0 0.0 0.0 0.0 0.0 0.0 0.044 0.756 0.956 0.811 1.0 0.139 0.013 1.000
1.0 0.0 0.0 0.0 0.0 0.0 0.0 0.0 0.0 0.0 0.044 0.756 0.956 0.811 1.0 0.111 0.013 1.000
1.0 0.0 0.0 0.0 0.0 0.0 0.0 0.0 0.0 0.0 0.044 0.756 0.956 0.811 1.0 0.125 0.013 1.000
1.0 0.0 0.0 0.0 0.0 0.0 0.0 0.0 0.0 0.0 0.044 0.756 0.956 0.811 1.0 0.125 0.013 1.000
1.0 0.0 0.0 0.0 0.0 0.0 0.0 0.0 0.0 0.0 0.044 0.756 0.956 0.811 1.0 0.125 0.013 1.000
1.0 0.0 0.0 0.0 0.0 0.0 0.0 0.0 0.0 0.0 0.044 0.756 0.956 0.811 1.0 0.125 0.027 1.000
1.0 0.0 0.0 0.0 0.0 0.0 0.0 0.0 0.0 0.0 0.044 0.756 0.956 0.811 1.0 0.125 0.013 1.000
0.0 1.0 0.0 0.0 0.0 0.0 0.0 0.0 0.0 0.0 0.067 0.889 0.889 0.889 1.0 0.111 0.040 0.040
0.0 1.0 0.0 0.0 0.0 0.0 0.0 0.0 0.0 0.0 0.067 0.889 0.889 0.889 1.0 0.111 0.040 0.040
0.0 1.0 0.0 0.0 0.0 0.0 0.0 0.0 0.0 0.0 0.067 0.733 0.933 0.788 1.0 0.097 0.027 1.000
0.0 1.0 0.0 0.0 0.0 0.0 0.0 0.0 0.0 0.0 0.067 0.733 0.933 0.788 1.0 0.097 0.013 1.000
0.0 1.0 0.0 0.0 0.0 0.0 0.0 0.0 0.0 0.0 0.067 0.889 0.889 0.889 1.0 0.097 0.013 0.040
0.0 1.0 0.0 0.0 0.0 0.0 0.0 0.0 0.0 0.0 0.067 0.889 0.889 0.889 2.0 0.083 0.027 0.040
0.0 1.0 0.0 0.0 0.0 0.0 0.0 0.0 0.0 0.0 0.089 0.867 0.867 0.867 1.0 0.083 0.027 0.040
0.0 1.0 0.0 0.0 0.0 0.0 0.0 0.0 0.0 0.0 0.067 0.733 0.933 0.788 1.0 0.097 0.013 1.000
0.0 1.0 0.0 0.0 0.0 0.0 0.0 0.0 0.0 0.0 0.089 0.711 0.911 0.766 1.0 0.097 0.053 1.000
0.0 1.0 0.0 0.0 0.0 0.0 0.0 0.0 0.0 0.0 0.067 0.733 0.933 0.788 2.0 0.083 0.040 1.000
0.0 1.0 0.0 0.0 0.0 0.0 0.0 0.0 0.0 0.0 0.089 0.711 0.911 0.766 1.0 0.083 0.040 1.000
0.0 1.0 0.0 0.0 0.0 0.0 0.0 0.0 0.0 0.0 0.067 0.733 0.933 0.788 2.0 0.097 0.027 1.000
0.0 1.0 0.0 0.0 0.0 0.0 0.0 0.0 0.0 0.0 0.067 0.733 0.933 0.788 1.0 0.111 0.040 1.000
0.0 0.0 1.0 0.0 0.0 0.0 0.0 0.0 1.0 0.0 0.067 0.867 0.867 0.867 2.0 0.153 0.040 0.040
0.0 0.0 1.0 0.0 0.0 0.0 0.0 0.0 1.0 0.0 0.067 0.889 0.889 0.889 2.0 0.153 0.040 0.040
0.0 0.0 0.0 1.0 0.0 0.0 0.0 0.0 1.0 0.0 0.067 0.733 0.933 0.788 2.0 0.222 0.040 1.000
0.0 1.0 0.0 0.0 0.0 0.0 0.0 0.0 0.0 0.0 0.089 0.711 0.911 0.766 2.0 0.194 0.053 1.000
0.0 0.0 0.0 1.0 0.0 0.0 0.0 0.0 1.0 0.0 0.067 0.733 0.933 0.788 2.0 0.139 0.040 1.000
0.0 0.0 0.0 1.0 0.0 0.0 0.0 0.0 1.0 0.0 0.067 0.733 0.933 0.788 2.0 0.167 0.040 1.000
0.0 0.0 0.0 1.0 0.0 0.0 0.0 0.0 1.0 0.0 0.067 0.733 0.933 0.788 2.0 0.167 0.040 1.000
0.0 1.0 0.0 0.0 0.0 0.0 0.0 0.0 0.0 0.0 0.067 0.800 0.800 0.800 2.0 0.097 0.027 0.040
0.0 1.0 0.0 0.0 0.0 0.0 0.0 0.0 0.0 0.0 0.067 0.733 0.933 0.788 1.0 0.097 0.013 1.000
0.0 1.0 0.0 0.0 0.0 0.0 0.0 0.0 0.0 0.0 0.067 0.800 0.800 0.800 1.0 0.097 0.013 0.040
0.0 1.0 0.0 0.0 0.0 0.0 0.0 0.0 0.0 0.0 0.067 0.733 0.933 0.788 1.0 0.097 0.013 1.000
0.0 1.0 0.0 0.0 0.0 0.0 0.0 0.0 0.0 0.0 0.067 0.800 0.800 0.800 1.0 0.097 0.013 0.040
0.0 1.0 0.0 0.0 0.0 0.0 0.0 0.0 0.0 0.0 0.067 0.733 0.933 0.788 2.0 0.083 0.027 1.000
0.0 1.0 0.0 0.0 0.0 0.0 0.0 0.0 0.0 0.0 0.089 0.711 0.911 0.766 1.0 0.083 0.027 1.000
0.0 1.0 0.0 0.0 0.0 0.0 0.0 0.0 0.0 0.0 0.067 0.800 0.800 0.800 1.0 0.097 0.013 0.040
0.0 1.0 0.0 0.0 0.0 0.0 0.0 0.0 0.0 0.0 0.067 0.733 0.933 0.788 1.0 0.097 0.013 1.000
0.0 0.0 0.0 1.0 0.0 0.0 0.0 0.0 0.0 0.0 0.067 0.733 0.933 0.807 4.0 0.389 0.067 0.640
0.0 0.0 0.0 1.0 0.0 0.0 0.0 0.0 0.0 0.0 0.067 0.733 0.933 0.807 4.0 0.389 0.067 0.640
0.0 0.0 0.0 1.0 0.0 0.0 0.0 0.0 0.0 0.0 0.067 0.733 0.933 0.788 3.0 0.611 0.053 1.000
0.0 0.0 1.0 0.0 0.0 0.0 0.0 0.0 0.0 0.0 0.067 0.800 0.800 0.800 3.0 0.486 0.053 0.040
1.0 0.0 0.0 0.0 0.0 0.0 0.0 0.0 0.0 0.0 0.067 0.733 0.933 0.788 1.0 0.125 0.013 1.000
0.0 1.0 0.0 0.0 0.0 0.0 0.0 0.0 0.0 0.0 0.067 0.733 0.933 0.788 1.0 0.097 0.013 1.000
1.0 0.0 0.0 0.0 0.0 0.0 0.0 0.0 0.0 0.0 0.067 0.733 0.933 0.788 1.0 0.125 0.013 1.000
0.0 1.0 0.0 0.0 0.0 0.0 0.0 0.0 0.0 0.0 0.067 0.733 0.933 0.788 1.0 0.097 0.013 1.000
1.0 0.0 0.0 0.0 0.0 0.0 0.0 0.0 0.0 0.0 0.067 0.733 0.933 0.788 1.0 0.125 0.013 1.000
0.0 1.0 0.0 0.0 0.0 0.0 0.0 0.0 0.0 0.0 0.067 0.733 0.933 0.788 1.0 0.097 0.027 1.000
1.0 0.0 0.0 0.0 0.0 0.0 0.0 0.0 0.0 0.0 0.067 0.733 0.933 0.788 1.0 0.125 0.013 1.000
0.0 1.0 0.0 0.0 0.0 0.0 0.0 0.0 0.0 0.0 0.067 0.733 0.933 0.788 1.0 0.097 0.027 1.000
1.0 0.0 0.0 0.0 0.0 0.0 0.0 0.0 0.0 0.0 0.067 0.733 0.933 0.788 1.0 0.125 0.013 1.000
0.0 1.0 0.0 0.0 0.0 0.0 0.0 0.0 0.0 0.0 0.067 0.733 0.933 0.788 1.0 0.097 0.013 1.000
1.0 0.0 0.0 0.0 0.0 0.0 0.0 0.0 0.0 0.0 0.067 0.733 0.933 0.788 1.0 0.125 0.013 1.000
0.0 1.0 0.0 0.0 0.0 0.0 0.0 0.0 0.0 0.0 0.067 0.733 0.933 0.788 2.0 0.083 0.027 1.000
0.0 1.0 0.0 0.0 0.0 0.0 0.0 0.0 0.0 0.0 0.089 0.711 0.911 0.766 1.0 0.083 0.027 1.000
1.0 0.0 0.0 0.0 0.0 0.0 0.0 0.0 0.0 0.0 0.067 0.867 0.867 0.867 1.0 0.125 0.027 0.040
0.0 1.0 0.0 0.0 0.0 0.0 0.0 0.0 0.0 0.0 0.089 0.711 0.911 0.766 2.0 0.111 0.040 1.000
1.0 0.0 0.0 0.0 0.0 0.0 0.0 0.0 0.0 0.0 0.067 0.733 0.933 0.788 1.0 0.097 0.027 1.000
1.0 0.0 0.0 0.0 0.0 0.0 0.0 0.0 0.0 0.0 0.067 0.889 0.889 0.889 1.0 0.125 0.013 0.040
0.0 1.0 0.0 0.0 0.0 0.0 0.0 0.0 0.0 0.0 0.067 0.889 0.889 0.889 1.0 0.097 0.013 0.040
1.0 0.0 0.0 0.0 0.0 0.0 0.0 0.0 0.0 0.0 0.067 0.733 0.933 0.788 1.0 0.125 0.013 1.000
0.0 1.0 0.0 0.0 0.0 0.0 0.0 0.0 0.0 0.0 0.067 0.733 0.933 0.788 1.0 0.097 0.013 1.000
1.0 0.0 0.0 0.0 0.0 0.0 0.0 0.0 0.0 0.0 0.067 0.733 0.933 0.788 1.0 0.125 0.027 1.000
0.0 1.0 0.0 0.0 0.0 0.0 0.0 0.0 0.0 0.0 0.067 0.733 0.933 0.788 2.0 0.083 0.040 1.000
0.0 1.0 0.0 0.0 0.0 0.0 0.0 0.0 0.0 0.0 0.089 0.711 0.911 0.766 1.0 0.083 0.040 1.000
1.0 0.0 0.0 0.0 0.0 0.0 0.0 0.0 0.0 0.0 0.067 0.889 0.889 0.889 1.0 0.125 0.027 0.040
0.0 1.0 0.0 0.0 0.0 0.0 0.0 0.0 0.0 0.0 0.067 0.889 0.889 0.889 1.0 0.097 0.027 0.040
1.0 0.0 0.0 0.0 0.0 0.0 0.0 0.0 0.0 0.0 0.089 0.911 0.911 0.911 1.0 0.139 0.053 0.040
0.0 1.0 0.0 0.0 0.0 0.0 0.0 0.0 0.0 0.0 0.067 0.933 0.933 0.933 1.0 0.097 0.013 0.040
1.0 0.0 0.0 0.0 0.0 0.0 0.0 0.0 0.0 0.0 0.089 0.711 0.911 0.766 1.0 0.139 0.053 1.000
0.0 1.0 0.0 0.0 0.0 0.0 0.0 0.0 0.0 0.0 0.067 0.733 0.933 0.788 1.0 0.097 0.013 1.000
0.0 1.0 0.0 0.0 0.0 0.0 0.0 0.0 0.0 0.0 0.067 0.733 0.933 0.788 2.0 0.083 0.027 1.000
0.0 1.0 0.0 0.0 0.0 0.0 0.0 0.0 0.0 0.0 0.089 0.711 0.911 0.766 1.0 0.083 0.027 1.000
0.0 1.0 0.0 0.0 0.0 0.0 0.0 0.0 0.0 0.0 0.067 0.733 0.933 0.788 1.0 0.097 0.013 1.000
0.0 1.0 0.0 0.0 0.0 0.0 0.0 0.0 0.0 0.0 0.089 0.711 0.911 0.766 2.0 0.097 0.067 1.000
0.0 1.0 0.0 0.0 0.0 0.0 0.0 0.0 0.0 0.0 0.111 0.689 0.889 0.744 1.0 0.083 0.067 1.000
0.0 1.0 0.0 0.0 0.0 0.0 0.0 0.0 0.0 0.0 0.067 0.733 0.933 0.788 1.0 0.097 0.013 1.000
0.0 1.0 0.0 0.0 0.0 0.0 0.0 0.0 0.0 0.0 0.067 0.733 0.933 0.788 2.0 0.083 0.027 1.000
0.0 1.0 0.0 0.0 0.0 0.0 0.0 0.0 0.0 0.0 0.089 0.711 0.911 0.766 1.0 0.083 0.027 1.000
1.0 0.0 0.0 0.0 0.0 0.0 0.0 0.0 0.0 0.0 0.067 0.733 0.933 0.788 1.0 0.125 0.013 1.000
0.0 1.0 0.0 0.0 0.0 0.0 0.0 0.0 0.0 0.0 0.067 0.733 0.933 0.788 2.0 0.083 0.027 1.000
0.0 1.0 0.0 0.0 0.0 0.0 0.0 0.0 0.0 0.0 0.089 0.711 0.911 0.766 1.0 0.083 0.027 1.000
1.0 0.0 0.0 0.0 0.0 0.0 0.0 0.0 0.0 0.0 0.067 0.733 0.933 0.788 1.0 0.125 0.013 1.000
0.0 1.0 0.0 0.0 0.0 0.0 0.0 0.0 0.0 0.0 0.067 0.733 0.933 0.788 1.0 0.097 0.013 1.000
0.0 1.0 0.0 0.0 0.0 0.0 0.0 0.0 0.0 0.0 0.067 0.733 0.933 0.788 1.0 0.097 0.013 1.000
0.0 1.0 0.0 0.0 0.0 0.0 0.0 0.0 0.0 0.0 0.067 0.733 0.933 0.788 1.0 0.097 0.013 1.000
0.0 1.0 0.0 0.0 0.0 0.0 0.0 0.0 0.0 0.0 0.067 0.733 0.933 0.788 1.0 0.097 0.013 1.000
0.0 1.0 0.0 0.0 0.0 0.0 0.0 0.0 0.0 0.0 0.067 0.733 0.933 0.788 1.0 0.097 0.013 1.000
0.0 1.0 0.0 0.0 0.0 0.0 0.0 0.0 0.0 0.0 0.067 0.733 0.933 0.788 1.0 0.097 0.013 1.000
0.0 1.0 0.0 0.0 0.0 0.0 0.0 0.0 0.0 0.0 0.067 0.733 0.933 0.788 1.0 0.097 0.013 1.000
0.0 1.0 0.0 0.0 0.0 0.0 0.0 0.0 0.0 0.0 0.067 0.733 0.933 0.788 1.0 0.097 0.027 1.000
0.0 1.0 0.0 0.0 0.0 0.0 0.0 0.0 0.0 0.0 0.067 0.733 0.933 0.788 2.0 0.097 0.027 1.000
1.0 0.0 0.0 0.0 0.0 0.0 0.0 0.0 0.0 0.0 0.067 0.733 0.933 0.788 1.0 0.125 0.013 1.000
1.0 0.0 0.0 0.0 0.0 0.0 0.0 0.0 0.0 0.0 0.067 0.733 0.933 0.788 1.0 0.125 0.013 1.000
0.0 1.0 0.0 0.0 0.0 0.0 0.0 0.0 0.0 0.0 0.089 0.711 0.911 0.766 2.0 0.111 0.027 1.000
1.0 0.0 0.0 0.0 0.0 0.0 0.0 0.0 0.0 0.0 0.067 0.733 0.933 0.788 1.0 0.097 0.013 1.000
1.0 0.0 0.0 0.0 0.0 0.0 0.0 0.0 0.0 0.0 0.067 0.733 0.933 0.788 1.0 0.125 0.013 1.000
1.0 0.0 0.0 0.0 0.0 0.0 0.0 0.0 0.0 0.0 0.067 0.733 0.933 0.788 1.0 0.125 0.013 1.000
1.0 0.0 0.0 0.0 0.0 0.0 0.0 0.0 0.0 0.0 0.067 0.733 0.933 0.788 1.0 0.125 0.013 1.000
1.0 0.0 0.0 0.0 0.0 0.0 0.0 0.0 0.0 0.0 0.067 0.867 0.867 0.867 1.0 0.125 0.013 0.040
1.0 0.0 0.0 0.0 0.0 0.0 0.0 0.0 0.0 0.0 0.067 0.733 0.933 0.788 1.0 0.125 0.013 1.000
1.0 0.0 0.0 0.0 0.0 0.0 0.0 0.0 0.0 0.0 0.067 0.889 0.889 0.889 1.0 0.125 0.013 0.040
1.0 0.0 0.0 0.0 0.0 0.0 0.0 0.0 0.0 0.0 0.067 0.733 0.933 0.788 1.0 0.125 0.013 1.000
1.0 0.0 0.0 0.0 0.0 0.0 0.0 0.0 0.0 0.0 0.067 0.733 0.933 0.788 1.0 0.125 0.013 1.000
1.0 0.0 0.0 0.0 0.0 0.0 0.0 0.0 0.0 0.0 0.067 0.889 0.889 0.889 1.0 0.125 0.013 0.040
1.0 0.0 0.0 0.0 0.0 0.0 0.0 0.0 0.0 0.0 0.067 0.733 0.933 0.788 1.0 0.125 0.013 1.000
0.0 1.0 0.0 0.0 0.0 0.0 0.0 0.0 0.0 0.0 0.089 0.711 0.911 0.766 2.0 0.111 0.027 1.000
1.0 0.0 0.0 0.0 0.0 0.0 0.0 0.0 0.0 0.0 0.067 0.733 0.933 0.788 1.0 0.097 0.013 1.000
0.0 0.0 0.0 1.0 0.0 0.0 0.0 0.0 0.0 0.0 0.089 0.711 0.911 0.766 2.0 0.125 0.040 1.000
0.0 0.0 0.0 1.0 0.0 0.0 0.0 0.0 0.0 0.0 0.089 0.711 0.911 0.766 2.0 0.125 0.040 1.000
0.0 0.0 0.0 1.0 0.0 0.0 0.0 0.0 0.0 0.0 0.089 0.867 0.867 0.867 2.0 0.125 0.027 0.040
0.0 0.0 0.0 1.0 0.0 0.0 0.0 0.0 0.0 0.0 0.111 0.844 0.844 0.844 2.0 0.125 0.040 0.040
0.0 0.0 0.0 1.0 0.0 0.0 0.0 0.0 0.0 0.0 0.089 0.711 0.911 0.766 2.0 0.139 0.067 1.000
0.0 0.0 0.0 1.0 0.0 0.0 0.0 0.0 0.0 0.0 0.089 0.711 0.911 0.766 2.0 0.125 0.053 1.000
0.0 0.0 0.0 1.0 0.0 0.0 0.0 0.0 0.0 0.0 0.089 0.711 0.911 0.766 2.0 0.139 0.027 1.000
0.0 0.0 0.0 1.0 0.0 0.0 0.0 0.0 0.0 0.0 0.111 0.689 0.889 0.744 2.0 0.139 0.040 1.000
0.0 0.0 0.0 1.0 0.0 0.0 0.0 0.0 0.0 0.0 0.133 0.667 0.867 0.722 2.0 0.139 0.080 1.000
0.0 0.0 0.0 1.0 0.0 0.0 0.0 0.0 0.0 0.0 0.089 0.711 0.911 0.766 2.0 0.153 0.067 1.000
0.0 0.0 0.0 1.0 0.0 0.0 0.0 0.0 0.0 0.0 0.089 0.711 0.911 0.766 2.0 0.139 0.027 1.000
0.0 0.0 0.0 1.0 0.0 0.0 0.0 0.0 0.0 0.0 0.089 0.711 0.911 0.766 2.0 0.139 0.027 1.000
0.0 0.0 0.0 1.0 0.0 0.0 0.0 0.0 0.0 0.0 0.089 0.711 0.911 0.766 2.0 0.139 0.027 1.000
0.0 0.0 0.0 1.0 0.0 0.0 0.0 0.0 0.0 0.0 0.089 0.711 0.911 0.766 2.0 0.139 0.027 1.000
0.0 0.0 0.0 1.0 0.0 0.0 0.0 0.0 0.0 0.0 0.089 0.711 0.911 0.766 2.0 0.139 0.040 1.000
0.0 1.0 0.0 0.0 0.0 0.0 0.0 0.0 0.0 0.0 0.111 0.689 0.889 0.744 2.0 0.111 0.067 1.000
0.0 0.0 0.0 1.0 0.0 0.0 0.0 0.0 0.0 0.0 0.089 0.711 0.911 0.766 2.0 0.111 0.053 1.000
0.0 1.0 0.0 0.0 0.0 0.0 0.0 0.0 0.0 0.0 0.089 0.711 0.911 0.766 2.0 0.097 0.027 1.000
0.0 1.0 0.0 0.0 0.0 0.0 0.0 0.0 0.0 0.0 0.089 0.711 0.911 0.766 1.0 0.097 0.013 1.000
0.0 0.0 0.0 1.0 0.0 0.0 0.0 0.0 0.0 0.0 0.111 0.689 0.889 0.744 2.0 0.139 0.040 1.000
0.0 1.0 0.0 0.0 0.0 0.0 0.0 0.0 0.0 0.0 0.089 0.711 0.911 0.766 1.0 0.097 0.013 1.000
0.0 1.0 0.0 0.0 0.0 0.0 0.0 0.0 0.0 0.0 0.089 0.711 0.911 0.766 1.0 0.097 0.013 1.000
0.0 1.0 0.0 0.0 0.0 0.0 0.0 0.0 0.0 0.0 0.089 0.711 0.911 0.766 1.0 0.097 0.013 1.000
0.0 1.0 0.0 0.0 0.0 0.0 0.0 0.0 0.0 0.0 0.089 0.711 0.911 0.766 1.0 0.097 0.013 1.000
0.0 1.0 0.0 0.0 0.0 0.0 0.0 0.0 0.0 0.0 0.111 0.689 0.889 0.744 1.0 0.097 0.040 1.000
0.0 1.0 0.0 0.0 0.0 0.0 0.0 0.0 0.0 0.0 0.089 0.711 0.911 0.766 1.0 0.097 0.013 1.000
0.0 1.0 0.0 0.0 0.0 0.0 0.0 0.0 0.0 0.0 0.089 0.867 0.867 0.867 1.0 0.097 0.027 0.040
0.0 0.0 0.0 1.0 0.0 0.0 0.0 0.0 0.0 0.0 0.133 0.822 0.822 0.822 2.0 0.139 0.040 0.040
0.0 1.0 0.0 0.0 0.0 0.0 0.0 0.0 0.0 0.0 0.111 0.689 0.889 0.744 1.0 0.097 0.053 1.000
0.0 0.0 0.0 1.0 0.0 0.0 0.0 0.0 0.0 0.0 0.111 0.689 0.889 0.744 2.0 0.125 0.067 1.000
0.0 1.0 0.0 0.0 0.0 0.0 0.0 0.0 0.0 0.0 0.089 0.711 0.911 0.766 1.0 0.097 0.013 1.000
0.0 0.0 0.0 1.0 0.0 0.0 0.0 0.0 0.0 0.0 0.111 0.689 0.889 0.744 2.0 0.139 0.067 1.000
0.0 1.0 0.0 0.0 0.0 0.0 0.0 0.0 0.0 0.0 0.089 0.778 0.778 0.778 1.0 0.111 0.040 0.040
1.0 0.0 0.0 0.0 0.0 0.0 0.0 0.0 0.0 0.0 0.089 0.711 0.911 0.766 1.0 0.347 0.040 1.000
0.0 1.0 0.0 0.0 0.0 0.0 0.0 0.0 0.0 0.0 0.111 0.756 0.756 0.756 1.0 0.111 0.053 0.040
1.0 0.0 0.0 0.0 0.0 0.0 0.0 0.0 0.0 0.0 0.111 0.689 0.889 0.744 1.0 0.375 0.053 1.000
0.0 0.0 0.0 1.0 0.0 0.0 0.0 0.0 0.0 0.0 0.089 0.711 0.911 0.785 2.0 1.000 0.080 0.640
0.0 0.0 0.0 1.0 0.0 0.0 0.0 0.0 0.0 0.0 0.089 0.711 0.911 0.785 2.0 1.000 0.080 0.640
0.0 1.0 0.0 0.0 0.0 0.0 0.0 0.0 0.0 0.0 0.089 0.711 0.911 0.766 1.0 0.097 0.013 1.000
0.0 0.0 0.0 1.0 0.0 0.0 0.0 0.0 0.0 0.0 0.089 0.711 0.911 0.766 2.0 0.139 0.027 1.000
0.0 1.0 0.0 0.0 0.0 0.0 0.0 0.0 0.0 0.0 0.089 0.711 0.911 0.766 1.0 0.097 0.013 1.000
0.0 0.0 0.0 1.0 0.0 0.0 0.0 0.0 0.0 0.0 0.089 0.711 0.911 0.766 2.0 0.139 0.027 1.000
0.0 1.0 0.0 0.0 0.0 0.0 0.0 0.0 0.0 0.0 0.111 0.689 0.889 0.744 1.0 0.097 0.027 1.000
0.0 0.0 0.0 1.0 0.0 0.0 0.0 0.0 0.0 0.0 0.111 0.689 0.889 0.744 2.0 0.139 0.053 1.000
0.0 1.0 0.0 0.0 0.0 0.0 0.0 0.0 0.0 0.0 0.089 0.711 0.911 0.766 1.0 0.097 0.013 1.000
0.0 0.0 0.0 1.0 0.0 0.0 0.0 0.0 0.0 0.0 0.089 0.711 0.911 0.766 2.0 0.139 0.040 1.000
0.0 1.0 0.0 0.0 0.0 0.0 0.0 0.0 0.0 0.0 0.089 0.711 0.911 0.766 1.0 0.097 0.013 1.000
0.0 0.0 0.0 1.0 0.0 0.0 0.0 0.0 0.0 0.0 0.089 0.711 0.911 0.766 2.0 0.139 0.027 1.000
0.0 1.0 0.0 0.0 0.0 0.0 0.0 0.0 0.0 0.0 0.089 0.711 0.911 0.766 1.0 0.097 0.013 1.000
0.0 0.0 0.0 1.0 0.0 0.0 0.0 0.0 0.0 0.0 0.111 0.689 0.889 0.744 2.0 0.139 0.040 1.000
0.0 1.0 0.0 0.0 0.0 0.0 0.0 0.0 0.0 0.0 0.089 0.844 0.844 0.844 2.0 0.083 0.027 0.040
0.0 1.0 0.0 0.0 0.0 0.0 0.0 0.0 0.0 0.0 0.111 0.822 0.822 0.822 1.0 0.083 0.027 0.040
0.0 1.0 0.0 0.0 0.0 0.0 0.0 0.0 0.0 0.0 0.089 0.844 0.844 0.844 1.0 0.097 0.027 0.040
0.0 1.0 0.0 0.0 0.0 0.0 0.0 0.0 0.0 0.0 0.089 0.711 0.911 0.766 1.0 0.097 0.013 1.000
0.0 1.0 0.0 0.0 0.0 0.0 0.0 0.0 0.0 0.0 0.089 0.867 0.867 0.867 1.0 0.097 0.013 0.040
0.0 0.0 0.0 1.0 0.0 0.0 0.0 0.0 0.0 0.0 0.089 0.867 0.867 0.867 2.0 0.139 0.027 0.040
0.0 1.0 0.0 0.0 0.0 0.0 0.0 0.0 0.0 0.0 0.089 0.867 0.867 0.867 1.0 0.097 0.013 0.040
0.0 1.0 0.0 0.0 0.0 0.0 0.0 0.0 0.0 0.0 0.089 0.711 0.911 0.766 1.0 0.097 0.013 1.000
0.0 0.0 0.0 1.0 0.0 0.0 0.0 0.0 0.0 0.0 0.089 0.711 0.911 0.766 2.0 0.139 0.027 1.000
0.0 1.0 0.0 0.0 0.0 0.0 0.0 0.0 0.0 0.0 0.089 0.711 0.911 0.766 1.0 0.097 0.013 1.000
0.0 0.0 0.0 1.0 0.0 0.0 0.0 0.0 0.0 0.0 0.111 0.689 0.889 0.744 2.0 0.139 0.053 1.000
0.0 1.0 0.0 0.0 0.0 0.0 0.0 0.0 0.0 0.0 0.089 0.711 0.911 0.766 1.0 0.097 0.027 1.000
0.0 1.0 0.0 0.0 0.0 0.0 0.0 0.0 0.0 0.0 0.089 0.867 0.867 0.867 1.0 0.097 0.013 0.040
0.0 1.0 0.0 0.0 0.0 0.0 0.0 0.0 0.0 0.0 0.111 0.844 0.844 0.844 2.0 0.111 0.053 0.040
0.0 0.0 0.0 1.0 0.0 0.0 0.0 0.0 0.0 0.0 0.089 0.867 0.867 0.867 2.0 0.111 0.040 0.040
0.0 1.0 0.0 0.0 0.0 0.0 0.0 0.0 0.0 0.0 0.111 0.889 0.889 0.889 1.0 0.097 0.053 0.040
0.0 0.0 0.0 1.0 0.0 0.0 0.0 0.0 0.0 0.0 0.111 0.889 0.889 0.889 2.0 0.139 0.067 0.040
0.0 0.0 0.0 1.0 0.0 0.0 0.0 0.0 0.0 0.0 0.133 0.667 0.867 0.722 2.0 0.167 0.040 1.000
0.0 0.0 0.0 1.0 0.0 0.0 0.0 0.0 0.0 0.0 0.156 0.644 0.844 0.700 2.0 0.167 0.080 1.000
0.0 1.0 0.0 0.0 0.0 0.0 0.0 0.0 0.0 0.0 0.089 0.711 0.911 0.766 1.0 0.097 0.013 1.000
0.0 0.0 0.0 1.0 0.0 0.0 0.0 0.0 0.0 0.0 0.111 0.689 0.889 0.744 2.0 0.139 0.040 1.000
0.0 1.0 0.0 0.0 0.0 0.0 0.0 0.0 0.0 0.0 0.089 0.711 0.911 0.766 1.0 0.097 0.013 1.000
0.0 1.0 0.0 0.0 0.0 0.0 0.0 0.0 0.0 0.0 0.111 0.689 0.889 0.744 1.0 0.097 0.027 1.000
0.0 1.0 0.0 0.0 0.0 0.0 0.0 0.0 0.0 0.0 0.133 0.667 0.867 0.722 2.0 0.111 0.053 1.000
0.0 0.0 0.0 1.0 0.0 0.0 0.0 0.0 0.0 0.0 0.111 0.689 0.889 0.744 2.0 0.111 0.040 1.000
0.0 0.0 0.0 1.0 0.0 0.0 0.0 0.0 0.0 0.0 0.111 0.689 0.889 0.744 2.0 0.167 0.027 1.000
0.0 0.0 0.0 1.0 0.0 0.0 0.0 0.0 0.0 0.0 0.111 0.689 0.889 0.744 2.0 0.167 0.027 1.000
0.0 0.0 0.0 1.0 0.0 0.0 0.0 0.0 0.0 0.0 0.133 0.667 0.867 0.722 2.0 0.153 0.067 1.000
1.0 0.0 0.0 0.0 0.0 0.0 0.0 0.0 0.0 0.0 0.089 0.711 0.911 0.766 1.0 0.125 0.040 1.000
1.0 0.0 0.0 0.0 0.0 0.0 0.0 0.0 0.0 0.0 0.089 0.778 0.778 0.778 1.0 0.125 0.040 0.040
1.0 0.0 0.0 0.0 0.0 0.0 0.0 0.0 0.0 0.0 0.089 0.711 0.911 0.766 1.0 0.125 0.040 1.000
1.0 0.0 0.0 0.0 0.0 0.0 0.0 0.0 0.0 0.0 0.089 0.778 0.778 0.778 1.0 0.125 0.040 0.040
0.0 1.0 0.0 0.0 0.0 0.0 0.0 0.0 0.0 0.0 0.133 0.667 0.867 0.722 1.0 0.139 0.040 1.000
0.0 0.0 0.0 1.0 0.0 0.0 0.0 0.0 0.0 0.0 0.133 0.667 0.867 0.722 2.0 0.125 0.067 1.000
0.0 0.0 0.0 1.0 0.0 0.0 0.0 0.0 0.0 0.0 0.111 0.689 0.889 0.744 2.0 0.139 0.027 1.000
0.0 0.0 0.0 1.0 0.0 0.0 0.0 0.0 0.0 0.0 0.111 0.689 0.889 0.744 2.0 0.139 0.027 1.000
0.0 0.0 0.0 1.0 0.0 0.0 0.0 0.0 0.0 0.0 0.133 0.667 0.867 0.722 2.0 0.139 0.053 1.000
0.0 0.0 0.0 1.0 0.0 0.0 0.0 0.0 0.0 0.0 0.111 0.689 0.889 0.744 2.0 0.139 0.040 1.000
0.0 0.0 0.0 1.0 0.0 0.0 0.0 0.0 0.0 0.0 0.111 0.689 0.889 0.744 2.0 0.139 0.027 1.000
0.0 0.0 0.0 1.0 0.0 0.0 0.0 0.0 0.0 0.0 0.111 0.689 0.889 0.744 2.0 0.139 0.027 1.000
0.0 0.0 0.0 1.0 0.0 0.0 0.0 0.0 0.0 0.0 0.111 0.844 0.844 0.844 2.0 0.139 0.027 0.040
0.0 0.0 0.0 1.0 0.0 0.0 0.0 0.0 0.0 0.0 0.111 0.689 0.889 0.744 2.0 0.139 0.027 1.000
0.0 0.0 0.0 1.0 0.0 0.0 0.0 0.0 0.0 0.0 0.111 0.689 0.889 0.744 2.0 0.139 0.040 1.000
0.0 0.0 0.0 1.0 0.0 0.0 0.0 0.0 0.0 0.0 0.111 0.844 0.844 0.844 2.0 0.139 0.040 0.040
0.0 1.0 0.0 0.0 0.0 0.0 0.0 0.0 0.0 0.0 0.156 0.800 0.800 0.800 1.0 0.125 0.040 0.040
0.0 0.0 0.0 1.0 0.0 0.0 0.0 0.0 0.0 0.0 0.133 0.867 0.867 0.867 2.0 0.139 0.067 0.040
0.0 1.0 0.0 0.0 0.0 0.0 0.0 0.0 0.0 0.0 0.156 0.644 0.844 0.700 1.0 0.097 0.040 1.000
0.0 1.0 0.0 0.0 0.0 0.0 0.0 0.0 0.0 0.0 0.133 0.667 0.867 0.722 2.0 0.083 0.040 1.000
0.0 0.0 0.0 1.0 0.0 0.0 0.0 0.0 0.0 0.0 0.111 0.689 0.889 0.744 2.0 0.111 0.027 1.000
0.0 0.0 0.0 1.0 0.0 0.0 0.0 0.0 0.0 0.0 0.133 0.667 0.867 0.722 2.0 0.139 0.040 1.000
0.0 1.0 0.0 0.0 0.0 0.0 0.0 0.0 0.0 0.0 0.133 0.667 0.867 0.722 1.0 0.125 0.067 1.000
0.0 0.0 0.0 1.0 0.0 0.0 0.0 0.0 0.0 0.0 0.156 0.644 0.844 0.700 2.0 0.139 0.067 1.000
0.0 0.0 0.0 1.0 0.0 0.0 0.0 0.0 0.0 0.0 0.156 0.644 0.844 0.700 2.0 0.139 0.107 1.000
0.0 1.0 0.0 0.0 0.0 0.0 0.0 0.0 0.0 0.0 0.156 0.644 0.844 0.700 1.0 0.111 0.067 1.000
0.0 1.0 0.0 0.0 0.0 0.0 0.0 0.0 0.0 0.0 0.111 0.756 0.756 0.756 1.0 0.097 0.040 0.040
0.0 1.0 0.0 0.0 0.0 0.0 0.0 0.0 0.0 0.0 0.111 0.689 0.889 0.744 1.0 0.097 0.040 1.000
0.0 1.0 0.0 0.0 0.0 0.0 0.0 0.0 0.0 0.0 0.111 0.756 0.756 0.756 1.0 0.097 0.040 0.040
0.0 1.0 0.0 0.0 0.0 0.0 0.0 0.0 0.0 0.0 0.111 0.689 0.889 0.744 1.0 0.097 0.040 1.000
0.0 0.0 0.0 1.0 0.0 0.0 0.0 0.0 0.0 0.0 0.133 0.667 0.867 0.722 2.0 0.167 0.027 1.000
0.0 0.0 0.0 1.0 0.0 0.0 0.0 0.0 0.0 0.0 0.133 0.667 0.867 0.722 2.0 0.167 0.027 1.000
0.0 0.0 0.0 1.0 0.0 0.0 0.0 0.0 0.0 0.0 0.156 0.644 0.844 0.700 2.0 0.167 0.053 1.000
0.0 0.0 0.0 1.0 0.0 0.0 0.0 0.0 0.0 0.0 0.133 0.667 0.867 0.722 2.0 0.167 0.040 1.000
0.0 0.0 0.0 1.0 0.0 0.0 0.0 0.0 0.0 0.0 0.133 0.667 0.867 0.722 2.0 0.167 0.027 1.000
0.0 0.0 0.0 1.0 0.0 0.0 0.0 0.0 0.0 0.0 0.133 0.667 0.867 0.722 2.0 0.167 0.040 1.000
0.0 0.0 0.0 1.0 0.0 0.0 0.0 0.0 0.0 0.0 0.133 0.822 0.822 0.822 2.0 0.167 0.027 0.040
0.0 0.0 0.0 1.0 0.0 0.0 0.0 0.0 0.0 0.0 0.133 0.667 0.867 0.722 2.0 0.167 0.027 1.000
0.0 0.0 0.0 1.0 0.0 0.0 0.0 0.0 0.0 0.0 0.133 0.667 0.867 0.722 2.0 0.167 0.053 1.000
0.0 0.0 0.0 1.0 0.0 0.0 0.0 0.0 0.0 0.0 0.133 0.822 0.822 0.822 2.0 0.153 0.053 0.040
0.0 0.0 0.0 1.0 0.0 0.0 0.0 0.0 0.0 0.0 0.156 0.844 0.844 0.844 2.0 0.167 0.067 0.040
0.0 1.0 0.0 0.0 0.0 0.0 0.0 0.0 0.0 0.0 0.156 0.644 0.844 0.700 1.0 0.111 0.040 1.000
0.0 0.0 0.0 1.0 0.0 0.0 0.0 0.0 0.0 0.0 0.156 0.644 0.844 0.700 2.0 0.153 0.053 1.000
0.0 1.0 0.0 0.0 0.0 0.0 0.0 0.0 0.0 0.0 0.178 0.622 0.822 0.677 1.0 0.111 0.080 1.000
0.0 0.0 0.0 1.0 0.0 0.0 0.0 0.0 0.0 0.0 0.178 0.622 0.822 0.677 2.0 0.153 0.107 1.000
0.0 0.0 0.0 1.0 0.0 0.0 0.0 0.0 0.0 0.0 0.178 0.622 0.822 0.677 2.0 0.153 0.053 1.000
0.0 0.0 0.0 1.0 0.0 0.0 0.0 0.0 0.0 0.0 0.156 0.644 0.844 0.700 2.0 0.153 0.053 1.000
0.0 1.0 0.0 0.0 0.0 0.0 0.0 0.0 0.0 0.0 0.133 0.667 0.867 0.722 1.0 0.111 0.027 1.000
0.0 0.0 0.0 1.0 0.0 0.0 0.0 0.0 0.0 0.0 0.133 0.667 0.867 0.722 2.0 0.153 0.040 1.000
0.0 1.0 0.0 0.0 0.0 0.0 0.0 0.0 0.0 0.0 0.133 0.667 0.867 0.722 2.0 0.097 0.040 1.000
0.0 1.0 0.0 0.0 0.0 0.0 0.0 0.0 0.0 0.0 0.156 0.644 0.844 0.700 1.0 0.083 0.040 1.000
0.0 0.0 0.0 1.0 0.0 0.0 0.0 0.0 0.0 0.0 0.133 0.667 0.867 0.722 2.0 0.153 0.040 1.000
0.0 1.0 0.0 0.0 0.0 0.0 0.0 0.0 0.0 0.0 0.178 0.778 0.778 0.778 1.0 0.097 0.040 0.040
0.0 0.0 0.0 1.0 0.0 0.0 0.0 0.0 0.0 0.0 0.178 0.622 0.822 0.677 2.0 0.125 0.093 1.000
0.0 1.0 0.0 0.0 0.0 0.0 0.0 0.0 0.0 0.0 0.156 0.644 0.844 0.700 1.0 0.097 0.067 1.000
1.0 0.0 0.0 0.0 0.0 0.0 0.0 0.0 0.0 0.0 0.156 0.644 0.844 0.700 1.0 0.125 0.040 1.000
1.0 0.0 0.0 0.0 0.0 0.0 0.0 0.0 0.0 0.0 0.156 0.800 0.800 0.800 1.0 0.125 0.040 0.040
0.0 0.0 0.0 1.0 0.0 0.0 0.0 0.0 0.0 0.0 0.178 0.622 0.822 0.677 2.0 0.139 0.053 1.000
0.0 0.0 0.0 1.0 0.0 0.0 0.0 0.0 0.0 0.0 0.200 0.600 0.800 0.655 2.0 0.139 0.093 1.000
0.0 0.0 0.0 1.0 0.0 0.0 0.0 0.0 0.0 0.0 0.156 0.644 0.844 0.700 2.0 0.139 0.040 1.000
0.0 0.0 0.0 1.0 0.0 0.0 0.0 0.0 0.0 0.0 0.178 0.622 0.822 0.677 2.0 0.139 0.053 1.000
0.0 1.0 0.0 0.0 0.0 0.0 0.0 0.0 0.0 0.0 0.178 0.622 0.822 0.677 1.0 0.125 0.067 1.000
0.0 0.0 0.0 1.0 0.0 0.0 0.0 0.0 0.0 0.0 0.156 0.644 0.844 0.700 2.0 0.139 0.053 1.000
0.0 1.0 0.0 0.0 0.0 0.0 0.0 0.0 0.0 0.0 0.156 0.644 0.844 0.700 1.0 0.111 0.027 1.000
0.0 0.0 0.0 1.0 0.0 0.0 0.0 0.0 0.0 0.0 0.156 0.644 0.844 0.700 2.0 0.153 0.040 1.000
0.0 1.0 0.0 0.0 0.0 0.0 0.0 0.0 0.0 0.0 0.156 0.644 0.844 0.700 1.0 0.111 0.027 1.000
0.0 0.0 0.0 1.0 0.0 0.0 0.0 0.0 0.0 0.0 0.178 0.622 0.822 0.677 2.0 0.153 0.067 1.000
0.0 1.0 0.0 0.0 0.0 0.0 0.0 0.0 0.0 0.0 0.178 0.622 0.822 0.677 1.0 0.111 0.053 1.000
0.0 1.0 0.0 0.0 0.0 0.0 0.0 0.0 0.0 0.0 0.178 0.622 0.822 0.677 2.0 0.097 0.067 1.000
0.0 0.0 0.0 1.0 0.0 0.0 0.0 0.0 0.0 0.0 0.156 0.644 0.844 0.700 2.0 0.125 0.053 1.000
0.0 1.0 0.0 0.0 0.0 0.0 0.0 0.0 0.0 0.0 0.156 0.644 0.844 0.700 1.0 0.111 0.040 1.000
0.0 0.0 0.0 1.0 0.0 0.0 0.0 0.0 0.0 0.0 0.156 0.644 0.844 0.700 2.0 0.139 0.053 1.000
0.0 1.0 0.0 0.0 0.0 0.0 0.0 0.0 0.0 0.0 0.156 0.644 0.844 0.700 1.0 0.111 0.040 1.000
0.0 0.0 0.0 1.0 0.0 0.0 0.0 0.0 0.0 0.0 0.156 0.644 0.844 0.700 2.0 0.167 0.040 1.000
0.0 1.0 0.0 0.0 0.0 0.0 0.0 0.0 0.0 0.0 0.156 0.644 0.844 0.700 1.0 0.111 0.027 1.000
0.0 0.0 0.0 1.0 0.0 0.0 0.0 0.0 0.0 0.0 0.156 0.644 0.844 0.700 2.0 0.139 0.040 1.000
0.0 1.0 0.0 0.0 0.0 0.0 0.0 0.0 0.0 0.0 0.156 0.644 0.844 0.700 1.0 0.111 0.027 1.000
0.0 0.0 0.0 1.0 0.0 0.0 0.0 0.0 0.0 0.0 0.156 0.800 0.800 0.800 2.0 0.139 0.080 0.040
0.0 1.0 0.0 0.0 0.0 0.0 0.0 0.0 0.0 0.0 0.156 0.800 0.800 0.800 1.0 0.111 0.053 0.040
0.0 1.0 0.0 0.0 0.0 0.0 0.0 0.0 0.0 0.0 0.178 0.822 0.822 0.822 2.0 0.111 0.080 0.040
0.0 0.0 0.0 1.0 0.0 0.0 0.0 0.0 0.0 0.0 0.178 0.622 0.822 0.677 2.0 0.139 0.067 1.000
0.0 1.0 0.0 0.0 0.0 0.0 0.0 0.0 0.0 0.0 0.178 0.622 0.822 0.677 1.0 0.111 0.053 1.000
0.0 0.0 0.0 1.0 0.0 0.0 0.0 0.0 0.0 0.0 0.200 0.600 0.800 0.655 2.0 0.139 0.107 1.000
0.0 1.0 0.0 0.0 0.0 0.0 0.0 0.0 0.0 0.0 0.156 0.800 0.800 0.800 1.0 0.111 0.027 0.040
0.0 0.0 0.0 1.0 0.0 0.0 0.0 0.0 0.0 0.0 0.156 0.800 0.800 0.800 2.0 0.153 0.040 0.040
0.0 1.0 0.0 0.0 0.0 0.0 0.0 0.0 0.0 0.0 0.156 0.644 0.844 0.700 1.0 0.111 0.053 1.000
0.0 0.0 0.0 1.0 0.0 0.0 0.0 0.0 0.0 0.0 0.156 0.644 0.844 0.700 2.0 0.153 0.080 1.000
0.0 0.0 0.0 1.0 0.0 0.0 0.0 0.0 0.0 0.0 0.200 0.600 0.800 0.655 2.0 0.167 0.053 1.000
0.0 1.0 0.0 0.0 0.0 0.0 0.0 0.0 0.0 0.0 0.200 0.600 0.800 0.655 1.0 0.111 0.053 1.000
0.0 0.0 0.0 1.0 0.0 0.0 0.0 0.0 0.0 0.0 0.200 0.600 0.800 0.655 2.0 0.153 0.067 1.000
0.0 0.0 0.0 1.0 0.0 0.0 0.0 0.0 0.0 0.0 0.222 0.578 0.778 0.633 2.0 0.167 0.107 1.000
0.0 0.0 0.0 1.0 0.0 0.0 0.0 0.0 0.0 0.0 0.200 0.600 0.800 0.655 2.0 0.167 0.053 1.000
0.0 0.0 0.0 1.0 0.0 0.0 0.0 0.0 0.0 0.0 0.178 0.622 0.822 0.677 2.0 0.167 0.040 1.000
0.0 0.0 0.0 1.0 0.0 0.0 0.0 0.0 0.0 0.0 0.178 0.622 0.822 0.677 2.0 0.125 0.040 1.000
0.0 0.0 0.0 1.0 0.0 0.0 0.0 0.0 0.0 0.0 0.178 0.622 0.822 0.677 2.0 0.139 0.040 1.000
0.0 0.0 0.0 1.0 0.0 0.0 0.0 0.0 0.0 0.0 0.200 0.600 0.800 0.655 2.0 0.139 0.067 1.000
0.0 1.0 0.0 0.0 0.0 0.0 0.0 0.0 0.0 0.0 0.178 0.778 0.778 0.778 1.0 0.097 0.040 0.040
0.0 1.0 0.0 0.0 0.0 0.0 0.0 0.0 0.0 0.0 0.178 0.622 0.822 0.677 1.0 0.097 0.040 1.000
0.0 0.0 0.0 1.0 0.0 0.0 0.0 0.0 0.0 0.0 0.178 0.622 0.822 0.677 2.0 0.125 0.053 1.000
0.0 0.0 0.0 1.0 0.0 0.0 0.0 0.0 0.0 0.0 0.178 0.622 0.822 0.677 2.0 0.125 0.053 1.000
0.0 0.0 0.0 1.0 0.0 0.0 0.0 0.0 0.0 0.0 0.178 0.622 0.822 0.677 2.0 0.153 0.040 1.000
0.0 0.0 0.0 1.0 0.0 0.0 0.0 0.0 0.0 0.0 0.178 0.622 0.822 0.677 2.0 0.125 0.040 1.000
0.0 0.0 0.0 1.0 0.0 0.0 0.0 0.0 0.0 0.0 0.178 0.778 0.778 0.778 2.0 0.125 0.080 0.040
0.0 0.0 0.0 1.0 0.0 0.0 0.0 0.0 0.0 0.0 0.200 0.600 0.800 0.655 2.0 0.125 0.067 1.000
0.0 1.0 0.0 0.0 0.0 0.0 0.0 0.0 0.0 0.0 0.200 0.600 0.800 0.655 1.0 0.097 0.067 1.000
0.0 0.0 0.0 1.0 0.0 0.0 0.0 0.0 0.0 0.0 0.178 0.778 0.778 0.778 2.0 0.139 0.040 0.040
0.0 0.0 0.0 1.0 0.0 0.0 0.0 0.0 0.0 0.0 0.178 0.622 0.822 0.677 2.0 0.139 0.080 1.000
0.0 0.0 0.0 1.0 0.0 0.0 0.0 0.0 0.0 0.0 0.222 0.578 0.778 0.633 2.0 0.139 0.067 1.000
0.0 1.0 0.0 0.0 0.0 0.0 0.0 0.0 0.0 0.0 0.222 0.578 0.778 0.633 1.0 0.125 0.107 1.000
0.0 0.0 0.0 1.0 0.0 0.0 0.0 0.0 0.0 0.0 0.200 0.600 0.800 0.655 2.0 0.139 0.053 1.000
0.0 0.0 0.0 1.0 0.0 0.0 0.0 0.0 0.0 0.0 0.200 0.600 0.800 0.655 2.0 0.181 0.040 1.000
0.0 0.0 0.0 1.0 0.0 0.0 0.0 0.0 0.0 0.0 0.222 0.578 0.778 0.633 2.0 0.181 0.067 1.000
0.0 0.0 0.0 1.0 0.0 0.0 0.0 0.0 0.0 0.0 0.200 0.600 0.800 0.655 2.0 0.125 0.067 1.000
0.0 0.0 0.0 1.0 0.0 0.0 0.0 0.0 0.0 0.0 0.200 0.600 0.800 0.655 2.0 0.139 0.053 1.000
0.0 0.0 0.0 1.0 0.0 0.0 0.0 0.0 0.0 0.0 0.200 0.600 0.800 0.655 2.0 0.208 0.040 1.000
0.0 0.0 0.0 1.0 0.0 0.0 0.0 0.0 0.0 0.0 0.200 0.600 0.800 0.655 2.0 0.153 0.040 1.000
0.0 0.0 0.0 1.0 0.0 0.0 0.0 0.0 0.0 0.0 0.200 0.756 0.756 0.756 2.0 0.139 0.080 0.040
0.0 1.0 0.0 0.0 0.0 0.0 0.0 0.0 0.0 0.0 0.222 0.578 0.778 0.633 1.0 0.111 0.053 1.000
0.0 0.0 0.0 1.0 0.0 0.0 0.0 0.0 0.0 0.0 0.222 0.578 0.778 0.633 2.0 0.139 0.067 1.000
0.0 1.0 0.0 0.0 0.0 0.0 0.0 0.0 0.0 0.0 0.244 0.556 0.756 0.611 1.0 0.111 0.107 1.000
0.0 1.0 0.0 0.0 0.0 0.0 0.0 0.0 0.0 0.0 0.222 0.578 0.778 0.633 1.0 0.111 0.053 1.000
0.0 1.0 0.0 0.0 0.0 0.0 0.0 0.0 0.0 0.0 0.200 0.600 0.800 0.655 1.0 0.111 0.040 1.000
0.0 0.0 0.0 1.0 0.0 0.0 0.0 0.0 0.0 0.0 0.200 0.600 0.800 0.655 2.0 0.167 0.080 1.000
0.0 0.0 0.0 1.0 0.0 0.0 0.0 0.0 0.0 0.0 0.200 0.756 0.756 0.756 2.0 0.167 0.040 0.040
0.0 0.0 0.0 1.0 0.0 0.0 0.0 0.0 0.0 0.0 0.244 0.556 0.756 0.611 2.0 0.167 0.067 1.000
0.0 1.0 0.0 0.0 0.0 0.0 0.0 0.0 0.0 0.0 0.222 0.578 0.778 0.633 1.0 0.139 0.053 1.000
0.0 1.0 0.0 0.0 0.0 0.0 0.0 0.0 0.0 0.0 0.222 0.578 0.778 0.633 2.0 0.139 0.067 1.000
0.0 1.0 0.0 0.0 0.0 0.0 0.0 0.0 0.0 0.0 0.222 0.578 0.778 0.633 1.0 0.181 0.040 1.000
0.0 1.0 0.0 0.0 0.0 0.0 0.0 0.0 0.0 0.0 0.222 0.578 0.778 0.633 1.0 0.139 0.067 1.000
0.0 0.0 0.0 1.0 0.0 0.0 0.0 0.0 0.0 0.0 0.244 0.556 0.756 0.611 2.0 0.153 0.093 1.000
0.0 0.0 0.0 1.0 0.0 0.0 0.0 0.0 0.0 0.0 0.222 0.578 0.778 0.633 2.0 0.153 0.093 1.000
0.0 1.0 0.0 0.0 0.0 0.0 0.0 0.0 0.0 0.0 0.244 0.556 0.756 0.611 1.0 0.097 0.107 1.000
0.0 1.0 0.0 0.0 0.0 0.0 0.0 0.0 0.0 0.0 0.222 0.733 0.733 0.733 1.0 0.125 0.080 0.040
0.0 1.0 0.0 0.0 0.0 0.0 0.0 0.0 0.0 0.0 0.244 0.556 0.756 0.611 1.0 0.125 0.067 1.000
0.0 1.0 0.0 0.0 0.0 0.0 0.0 0.0 0.0 0.0 0.244 0.556 0.756 0.611 2.0 0.125 0.053 1.000
1.0 0.0 0.0 0.0 0.0 0.0 0.0 0.0 0.0 0.0 0.222 0.578 0.778 0.633 1.0 0.125 0.040 1.000
0.0 1.0 0.0 0.0 0.0 0.0 0.0 0.0 0.0 0.0 0.222 0.578 0.778 0.633 1.0 0.111 0.080 1.000
0.0 1.0 0.0 0.0 0.0 0.0 0.0 0.0 0.0 0.0 0.222 0.733 0.733 0.733 1.0 0.111 0.040 0.040
0.0 0.0 0.0 1.0 0.0 0.0 0.0 0.0 0.0 0.0 0.267 0.533 0.733 0.588 2.0 0.153 0.173 1.000
0.0 1.0 0.0 0.0 0.0 0.0 0.0 0.0 0.0 0.0 0.267 0.533 0.733 0.588 1.0 0.111 0.067 1.000
0.0 0.0 0.0 1.0 0.0 0.0 0.0 0.0 0.0 0.0 0.267 0.533 0.733 0.588 2.0 0.167 0.093 1.000
1.0 0.0 0.0 0.0 0.0 0.0 0.0 0.0 0.0 0.0 0.244 0.556 0.756 0.611 1.0 0.139 0.067 1.000
1.0 0.0 0.0 0.0 0.0 0.0 0.0 0.0 0.0 0.0 0.244 0.711 0.711 0.711 1.0 0.139 0.067 0.040
1.0 0.0 0.0 0.0 0.0 0.0 0.0 0.0 0.0 0.0 0.222 0.711 0.711 0.711 1.0 0.153 0.040 0.040
1.0 0.0 0.0 0.0 0.0 0.0 0.0 0.0 0.0 0.0 0.222 0.578 0.778 0.633 1.0 0.153 0.040 1.000
1.0 0.0 0.0 0.0 0.0 0.0 0.0 0.0 0.0 0.0 0.222 0.733 0.733 0.733 1.0 0.139 0.040 0.040
1.0 0.0 0.0 0.0 0.0 0.0 0.0 0.0 0.0 0.0 0.222 0.578 0.778 0.633 1.0 0.139 0.040 1.000
1.0 0.0 0.0 0.0 0.0 0.0 0.0 0.0 0.0 0.0 0.244 0.556 0.756 0.611 1.0 0.139 0.040 1.000
1.0 0.0 0.0 0.0 0.0 0.0 0.0 0.0 0.0 0.0 0.244 0.556 0.756 0.611 1.0 0.139 0.067 1.000
0.0 1.0 0.0 0.0 0.0 0.0 0.0 0.0 0.0 0.0 0.244 0.711 0.711 0.711 2.0 0.083 0.093 0.040
0.0 1.0 0.0 0.0 0.0 0.0 0.0 0.0 0.0 0.0 0.267 0.689 0.689 0.689 1.0 0.083 0.093 0.040
0.0 0.0 0.0 1.0 0.0 0.0 0.0 0.0 0.0 0.0 0.289 0.511 0.711 0.566 2.0 0.153 0.173 1.000
0.0 0.0 0.0 1.0 0.0 0.0 0.0 0.0 0.0 0.0 0.267 0.533 0.733 0.588 2.0 0.139 0.173 1.000
0.0 1.0 0.0 0.0 0.0 0.0 0.0 0.0 0.0 0.0 0.267 0.533 0.733 0.588 1.0 0.097 0.067 1.000
1.0 0.0 0.0 0.0 0.0 0.0 0.0 0.0 0.0 0.0 0.244 0.756 0.756 0.756 1.0 0.125 0.067 0.040
1.0 0.0 0.0 0.0 0.0 0.0 0.0 0.0 0.0 0.0 0.244 0.556 0.756 0.611 1.0 0.125 0.067 1.000
1.0 0.0 0.0 0.0 0.0 0.0 0.0 0.0 0.0 0.0 0.244 0.556 0.756 0.611 1.0 0.125 0.053 1.000
1.0 0.0 0.0 0.0 0.0 0.0 0.0 0.0 0.0 0.0 0.244 0.711 0.711 0.711 1.0 0.125 0.053 0.040
1.0 0.0 0.0 0.0 0.0 0.0 0.0 0.0 0.0 0.0 0.244 0.711 0.711 0.711 1.0 0.125 0.067 0.040
1.0 0.0 0.0 0.0 0.0 0.0 0.0 0.0 0.0 0.0 0.244 0.756 0.756 0.756 1.0 0.139 0.040 0.040
1.0 0.0 0.0 0.0 0.0 0.0 0.0 0.0 0.0 0.0 0.244 0.556 0.756 0.611 1.0 0.139 0.040 1.000
0.0 0.0 0.0 1.0 0.0 0.0 0.0 0.0 0.0 0.0 0.289 0.511 0.711 0.566 2.0 0.153 0.147 1.000
0.0 1.0 0.0 0.0 0.0 0.0 0.0 0.0 0.0 0.0 0.289 0.511 0.711 0.566 1.0 0.111 0.093 1.000
0.0 1.0 0.0 0.0 0.0 0.0 0.0 0.0 0.0 0.0 0.267 0.533 0.733 0.588 1.0 0.097 0.067 1.000
0.0 1.0 0.0 0.0 0.0 0.0 0.0 0.0 0.0 0.0 0.267 0.689 0.689 0.689 1.0 0.097 0.067 0.040
0.0 1.0 0.0 0.0 0.0 0.0 0.0 0.0 0.0 0.0 0.289 0.644 0.644 0.644 1.0 0.097 0.080 0.040
0.0 1.0 0.0 0.0 0.0 0.0 0.0 0.0 0.0 0.0 0.267 0.667 0.667 0.667 2.0 0.083 0.080 0.040
0.0 0.0 0.0 1.0 0.0 0.0 0.0 0.0 0.0 0.0 0.244 0.689 0.689 0.689 2.0 0.111 0.067 0.040
0.0 1.0 0.0 0.0 0.0 0.0 0.0 0.0 0.0 0.0 0.244 0.689 0.689 0.689 2.0 0.097 0.053 0.040
0.0 0.0 0.0 1.0 0.0 0.0 0.0 0.0 0.0 0.0 0.244 0.556 0.756 0.611 2.0 0.139 0.053 1.000
0.0 1.0 0.0 0.0 0.0 0.0 0.0 0.0 0.0 0.0 0.244 0.556 0.756 0.611 1.0 0.097 0.040 1.000
0.0 1.0 0.0 0.0 0.0 0.0 0.0 0.0 0.0 0.0 0.244 0.711 0.711 0.711 1.0 0.097 0.040 0.040
0.0 1.0 0.0 0.0 0.0 0.0 0.0 0.0 0.0 0.0 0.244 0.556 0.756 0.611 1.0 0.097 0.040 1.000
0.0 0.0 0.0 1.0 0.0 0.0 0.0 0.0 0.0 0.0 0.311 0.489 0.689 0.544 2.0 0.167 0.173 1.000
0.0 0.0 0.0 1.0 0.0 0.0 0.0 0.0 0.0 0.0 0.289 0.511 0.711 0.566 2.0 0.139 0.173 1.000
1.0 0.0 0.0 0.0 0.0 0.0 0.0 0.0 0.0 0.0 0.267 0.733 0.733 0.733 1.0 0.125 0.053 0.040
1.0 0.0 0.0 0.0 0.0 0.0 0.0 0.0 0.0 0.0 0.267 0.533 0.733 0.588 1.0 0.125 0.053 1.000
0.0 0.0 0.0 1.0 0.0 0.0 0.0 0.0 0.0 0.0 0.311 0.489 0.689 0.544 2.0 0.139 0.147 1.000
0.0 1.0 0.0 0.0 0.0 0.0 0.0 0.0 0.0 0.0 0.267 0.533 0.733 0.588 1.0 0.097 0.067 1.000
0.0 0.0 0.0 1.0 0.0 0.0 0.0 0.0 0.0 0.0 0.289 0.511 0.711 0.566 2.0 0.139 0.120 1.000
0.0 1.0 0.0 0.0 0.0 0.0 0.0 0.0 0.0 0.0 0.267 0.533 0.733 0.588 1.0 0.097 0.053 1.000
0.0 1.0 0.0 0.0 0.0 0.0 0.0 0.0 0.0 0.0 0.311 0.644 0.644 0.644 2.0 0.111 0.133 0.040
0.0 0.0 0.0 1.0 0.0 0.0 0.0 0.0 0.0 0.0 0.289 0.667 0.667 0.667 2.0 0.111 0.120 0.040
0.0 1.0 0.0 0.0 0.0 0.0 0.0 0.0 0.0 0.0 0.267 0.689 0.689 0.689 2.0 0.083 0.067 0.040
0.0 1.0 0.0 0.0 0.0 0.0 0.0 0.0 0.0 0.0 0.289 0.667 0.667 0.667 1.0 0.083 0.067 0.040
0.0 0.0 0.0 1.0 0.0 0.0 0.0 0.0 0.0 0.0 0.267 0.667 0.667 0.667 2.0 0.139 0.067 0.040
0.0 0.0 0.0 1.0 0.0 0.0 0.0 0.0 0.0 0.0 0.267 0.533 0.733 0.588 2.0 0.139 0.053 1.000
1.0 0.0 0.0 0.0 0.0 0.0 0.0 0.0 0.0 0.0 0.267 0.689 0.689 0.689 1.0 0.125 0.040 0.040
0.0 1.0 0.0 0.0 0.0 0.0 0.0 0.0 0.0 0.0 0.289 0.511 0.711 0.566 2.0 0.111 0.053 1.000
1.0 0.0 0.0 0.0 0.0 0.0 0.0 0.0 0.0 0.0 0.267 0.533 0.733 0.588 1.0 0.097 0.040 1.000
0.0 0.0 0.0 1.0 0.0 0.0 0.0 0.0 0.0 0.0 0.267 0.689 0.689 0.689 2.0 0.139 0.107 0.040
0.0 1.0 0.0 0.0 0.0 0.0 0.0 0.0 0.0 0.0 0.267 0.689 0.689 0.689 1.0 0.097 0.067 0.040
0.0 0.0 0.0 1.0 0.0 0.0 0.0 0.0 0.0 0.0 0.311 0.489 0.689 0.544 2.0 0.167 0.173 1.000
0.0 1.0 0.0 0.0 0.0 0.0 0.0 0.0 0.0 0.0 0.267 0.733 0.733 0.733 2.0 0.097 0.053 0.040
0.0 1.0 0.0 0.0 0.0 0.0 0.0 0.0 0.0 0.0 0.267 0.733 0.733 0.733 1.0 0.097 0.067 0.040
0.0 1.0 0.0 0.0 0.0 0.0 0.0 0.0 0.0 0.0 0.267 0.533 0.733 0.588 1.0 0.097 0.040 1.000
1.0 0.0 0.0 0.0 0.0 0.0 0.0 0.0 0.0 0.0 0.267 0.689 0.689 0.689 1.0 0.125 0.067 0.040
1.0 0.0 0.0 0.0 0.0 0.0 0.0 0.0 0.0 0.0 0.267 0.533 0.733 0.588 1.0 0.125 0.067 1.000
0.0 0.0 0.0 1.0 0.0 0.0 0.0 0.0 0.0 0.0 0.333 0.467 0.667 0.522 2.0 0.153 0.227 1.000
0.0 1.0 0.0 0.0 0.0 0.0 0.0 0.0 0.0 0.0 0.333 0.467 0.667 0.522 1.0 0.111 0.173 1.000
0.0 0.0 0.0 1.0 0.0 0.0 0.0 0.0 0.0 0.0 0.333 0.467 0.667 0.522 2.0 0.181 0.147 1.000
0.0 1.0 0.0 0.0 0.0 0.0 0.0 0.0 0.0 0.0 0.311 0.489 0.689 0.544 2.0 0.111 0.133 1.000
0.0 0.0 0.0 1.0 0.0 0.0 0.0 0.0 0.0 0.0 0.289 0.511 0.711 0.566 2.0 0.111 0.120 1.000
0.0 0.0 0.0 1.0 0.0 0.0 0.0 0.0 0.0 0.0 0.311 0.644 0.644 0.644 2.0 0.139 0.133 0.040
0.0 0.0 0.0 1.0 0.0 0.0 0.0 0.0 0.0 0.0 0.311 0.622 0.622 0.622 2.0 0.153 0.093 0.040
0.0 0.0 0.0 1.0 0.0 0.0 0.0 0.0 0.0 0.0 0.289 0.511 0.711 0.566 2.0 0.167 0.053 1.000
0.0 0.0 0.0 1.0 0.0 0.0 0.0 0.0 0.0 0.0 0.289 0.667 0.667 0.667 2.0 0.153 0.107 0.040
0.0 1.0 0.0 0.0 0.0 0.0 0.0 0.0 0.0 0.0 0.289 0.711 0.711 0.711 1.0 0.097 0.053 0.040
0.0 0.0 0.0 1.0 0.0 0.0 0.0 0.0 0.0 0.0 0.289 0.711 0.711 0.711 2.0 0.139 0.107 0.040
0.0 1.0 0.0 0.0 0.0 0.0 0.0 0.0 0.0 0.0 0.289 0.511 0.711 0.566 1.0 0.097 0.053 1.000
0.0 0.0 0.0 1.0 0.0 0.0 0.0 0.0 0.0 0.0 0.289 0.511 0.711 0.566 2.0 0.139 0.093 1.000
0.0 1.0 0.0 0.0 0.0 0.0 0.0 0.0 0.0 0.0 0.311 0.489 0.689 0.544 1.0 0.097 0.053 1.000
0.0 0.0 0.0 1.0 0.0 0.0 0.0 0.0 0.0 0.0 0.356 0.444 0.644 0.500 2.0 0.153 0.227 1.000
0.0 0.0 0.0 1.0 0.0 0.0 0.0 0.0 0.0 0.0 0.333 0.467 0.667 0.522 2.0 0.153 0.240 1.000
0.0 1.0 0.0 0.0 0.0 0.0 0.0 0.0 0.0 0.0 0.333 0.467 0.667 0.522 1.0 0.111 0.173 1.000
0.0 0.0 0.0 1.0 0.0 0.0 0.0 0.0 0.0 0.0 0.333 0.467 0.667 0.522 2.0 0.153 0.133 1.000
0.0 0.0 0.0 1.0 0.0 0.0 0.0 0.0 0.0 0.0 0.333 0.622 0.622 0.622 2.0 0.153 0.147 0.040
0.0 1.0 0.0 0.0 0.0 0.0 0.0 0.0 0.0 0.0 0.289 0.667 0.667 0.667 1.0 0.097 0.067 0.040
0.0 0.0 0.0 1.0 0.0 0.0 0.0 0.0 0.0 0.0 0.289 0.667 0.667 0.667 2.0 0.139 0.107 0.040
0.0 1.0 0.0 0.0 0.0 0.0 0.0 0.0 0.0 0.0 0.289 0.667 0.667 0.667 1.0 0.097 0.040 0.040
0.0 1.0 0.0 0.0 0.0 0.0 0.0 0.0 0.0 0.0 0.289 0.511 0.711 0.566 2.0 0.083 0.080 1.000
0.0 1.0 0.0 0.0 0.0 0.0 0.0 0.0 0.0 0.0 0.311 0.489 0.689 0.544 1.0 0.083 0.080 1.000
0.0 0.0 0.0 1.0 0.0 0.0 0.0 0.0 0.0 0.0 0.289 0.511 0.711 0.566 2.0 0.139 0.107 1.000
0.0 0.0 0.0 1.0 0.0 0.0 0.0 0.0 0.0 0.0 0.311 0.644 0.644 0.644 2.0 0.167 0.107 0.040
0.0 0.0 0.0 1.0 0.0 0.0 0.0 0.0 0.0 0.0 0.311 0.689 0.689 0.689 2.0 0.139 0.093 0.040
0.0 0.0 0.0 1.0 0.0 0.0 0.0 0.0 0.0 0.0 0.311 0.489 0.689 0.544 2.0 0.139 0.093 1.000
0.0 0.0 0.0 1.0 0.0 0.0 0.0 0.0 0.0 0.0 0.311 0.489 0.689 0.544 2.0 0.139 0.093 1.000
0.0 1.0 0.0 0.0 0.0 0.0 0.0 0.0 0.0 0.0 0.311 0.489 0.689 0.544 1.0 0.111 0.053 1.000
0.0 0.0 0.0 1.0 0.0 0.0 0.0 0.0 0.0 0.0 0.378 0.422 0.622 0.477 2.0 0.194 0.227 1.000
0.0 0.0 0.0 1.0 0.0 0.0 0.0 0.0 0.0 0.0 0.356 0.444 0.644 0.500 2.0 0.139 0.240 1.000
0.0 0.0 0.0 1.0 0.0 0.0 0.0 0.0 0.0 0.0 0.356 0.444 0.644 0.500 2.0 0.236 0.160 1.000
0.0 1.0 0.0 0.0 0.0 0.0 0.0 0.0 0.0 0.0 0.333 0.600 0.600 0.600 1.0 0.111 0.093 0.040
0.0 0.0 0.0 1.0 0.0 0.0 0.0 0.0 0.0 0.0 0.333 0.600 0.600 0.600 2.0 0.153 0.120 0.040
0.0 0.0 0.0 1.0 0.0 0.0 0.0 0.0 0.0 0.0 0.311 0.644 0.644 0.644 2.0 0.139 0.107 0.040
0.0 0.0 0.0 1.0 0.0 0.0 0.0 0.0 0.0 0.0 0.333 0.467 0.667 0.522 2.0 0.139 0.120 1.000
0.0 0.0 0.0 1.0 0.0 0.0 0.0 0.0 0.0 0.0 0.333 0.667 0.667 0.667 2.0 0.167 0.107 0.040
0.0 0.0 0.0 1.0 0.0 0.0 0.0 0.0 0.0 0.0 0.333 0.467 0.667 0.522 2.0 0.167 0.093 1.000
0.0 1.0 0.0 0.0 0.0 0.0 0.0 0.0 0.0 0.0 0.378 0.556 0.556 0.556 2.0 0.111 0.160 0.040
1.0 0.0 0.0 0.0 0.0 0.0 0.0 0.0 0.0 0.0 0.356 0.578 0.578 0.578 1.0 0.111 0.147 0.040
0.0 0.0 0.0 1.0 0.0 0.0 0.0 0.0 0.0 0.0 0.356 0.600 0.600 0.600 2.0 0.139 0.187 0.040
0.0 1.0 0.0 0.0 0.0 0.0 0.0 0.0 0.0 0.0 0.356 0.600 0.600 0.600 1.0 0.111 0.147 0.040
0.0 0.0 0.0 1.0 0.0 0.0 0.0 0.0 0.0 0.0 0.356 0.444 0.644 0.500 2.0 0.139 0.173 1.000
0.0 1.0 0.0 0.0 0.0 0.0 0.0 0.0 0.0 0.0 0.356 0.444 0.644 0.500 1.0 0.111 0.133 1.000
0.0 0.0 0.0 1.0 0.0 0.0 0.0 0.0 0.0 0.0 0.333 0.467 0.667 0.522 2.0 0.125 0.093 1.000
0.0 0.0 0.0 1.0 0.0 0.0 0.0 0.0 0.0 0.0 0.333 0.622 0.622 0.622 2.0 0.139 0.147 0.040
0.0 1.0 0.0 0.0 0.0 0.0 0.0 0.0 0.0 0.0 0.333 0.622 0.622 0.622 1.0 0.111 0.107 0.040
0.0 0.0 0.0 1.0 0.0 0.0 0.0 0.0 0.0 0.0 0.378 0.422 0.622 0.477 2.0 0.194 0.240 1.000
0.0 0.0 0.0 1.0 0.0 0.0 0.0 0.0 0.0 0.0 0.356 0.578 0.578 0.578 2.0 0.139 0.120 0.040
0.0 0.0 0.0 1.0 0.0 0.0 0.0 0.0 0.0 0.0 0.333 0.622 0.622 0.622 2.0 0.167 0.107 0.040
0.0 0.0 0.0 1.0 0.0 0.0 0.0 0.0 0.0 0.0 0.356 0.444 0.644 0.500 2.0 0.167 0.120 1.000
0.0 0.0 0.0 1.0 0.0 0.0 0.0 0.0 0.0 0.0 0.378 0.578 0.578 0.578 2.0 0.125 0.187 0.040
0.0 0.0 0.0 1.0 0.0 0.0 0.0 0.0 0.0 0.0 0.378 0.422 0.622 0.477 2.0 0.125 0.173 1.000
0.0 0.0 0.0 1.0 0.0 0.0 0.0 0.0 0.0 0.0 0.356 0.444 0.644 0.500 2.0 0.139 0.093 1.000
0.0 0.0 0.0 1.0 0.0 0.0 0.0 0.0 0.0 0.0 0.356 0.600 0.600 0.600 2.0 0.125 0.147 0.040
0.0 0.0 0.0 1.0 0.0 0.0 0.0 0.0 0.0 0.0 0.356 0.444 0.644 0.500 2.0 0.139 0.160 1.000
0.0 1.0 0.0 0.0 0.0 0.0 0.0 0.0 0.0 0.0 0.356 0.444 0.644 0.500 1.0 0.111 0.093 1.000
0.0 1.0 0.0 0.0 0.0 0.0 0.0 0.0 0.0 0.0 0.400 0.533 0.533 0.533 1.0 0.097 0.160 0.040
0.0 0.0 0.0 1.0 0.0 0.0 0.0 0.0 0.0 0.0 0.400 0.400 0.600 0.455 2.0 0.236 0.240 1.000
0.0 1.0 0.0 0.0 0.0 0.0 0.0 0.0 0.0 0.0 0.356 0.644 0.644 0.644 1.0 0.111 0.107 0.040
0.0 0.0 0.0 1.0 0.0 0.0 0.0 0.0 0.0 0.0 0.356 0.644 0.644 0.644 2.0 0.153 0.173 0.040
1.0 0.0 0.0 0.0 0.0 0.0 0.0 0.0 0.0 0.0 0.400 0.533 0.533 0.533 1.0 0.139 0.227 0.040
1.0 0.0 0.0 0.0 0.0 0.0 0.0 0.0 0.0 0.0 0.378 0.422 0.622 0.477 1.0 0.139 0.160 1.000
1.0 0.0 0.0 0.0 0.0 0.0 0.0 0.0 0.0 0.0 0.378 0.489 0.489 0.489 1.0 0.139 0.160 0.040
0.0 0.0 0.0 1.0 0.0 0.0 0.0 0.0 0.0 0.0 0.378 0.556 0.556 0.556 2.0 0.167 0.120 0.040
0.0 0.0 0.0 1.0 0.0 0.0 0.0 0.0 0.0 0.0 0.400 0.556 0.556 0.556 2.0 0.125 0.187 0.040
0.0 1.0 0.0 0.0 0.0 0.0 0.0 0.0 0.0 0.0 0.422 0.378 0.578 0.433 2.0 0.139 0.187 1.000
0.0 0.0 0.0 1.0 0.0 0.0 0.0 0.0 0.0 0.0 0.400 0.400 0.600 0.455 2.0 0.139 0.173 1.000
0.0 0.0 0.0 1.0 0.0 0.0 0.0 0.0 0.0 0.0 0.378 0.422 0.622 0.477 2.0 0.139 0.173 1.000
0.0 1.0 0.0 0.0 0.0 0.0 0.0 0.0 0.0 0.0 0.378 0.422 0.622 0.477 1.0 0.111 0.120 1.000
0.0 0.0 0.0 1.0 0.0 0.0 0.0 0.0 0.0 0.0 0.378 0.578 0.578 0.578 2.0 0.125 0.147 0.040
0.0 0.0 0.0 1.0 0.0 0.0 0.0 0.0 0.0 0.0 0.378 0.422 0.622 0.477 2.0 0.125 0.160 1.000
0.0 0.0 0.0 1.0 0.0 0.0 0.0 0.0 0.0 0.0 0.400 0.400 0.600 0.455 2.0 0.236 0.253 1.000
0.0 1.0 0.0 0.0 0.0 0.0 0.0 0.0 0.0 0.0 0.356 0.600 0.600 0.600 2.0 0.097 0.120 0.040
0.0 1.0 0.0 0.0 0.0 0.0 0.0 0.0 0.0 0.0 0.378 0.578 0.578 0.578 1.0 0.083 0.120 0.040
0.0 0.0 0.0 1.0 0.0 0.0 0.0 0.0 0.0 0.0 0.356 0.600 0.600 0.600 2.0 0.153 0.147 0.040
0.0 0.0 0.0 1.0 0.0 0.0 0.0 0.0 0.0 0.0 0.378 0.622 0.622 0.622 2.0 0.139 0.173 0.040
0.0 1.0 0.0 0.0 0.0 0.0 0.0 0.0 0.0 0.0 0.378 0.422 0.622 0.477 1.0 0.125 0.093 1.000
1.0 0.0 0.0 0.0 0.0 0.0 0.0 0.0 0.0 0.0 0.400 0.556 0.556 0.556 1.0 0.139 0.240 0.040
0.0 1.0 0.0 0.0 0.0 0.0 0.0 0.0 0.0 0.0 0.422 0.533 0.533 0.533 1.0 0.111 0.187 0.040
0.0 0.0 0.0 1.0 0.0 0.0 0.0 0.0 0.0 0.0 0.400 0.400 0.600 0.455 2.0 0.125 0.173 1.000
0.0 1.0 0.0 0.0 0.0 0.0 0.0 0.0 0.0 0.0 0.400 0.556 0.556 0.556 1.0 0.111 0.147 0.040
0.0 0.0 0.0 1.0 0.0 0.0 0.0 0.0 0.0 0.0 0.400 0.400 0.600 0.455 2.0 0.139 0.160 1.000
0.0 1.0 0.0 0.0 0.0 0.0 0.0 0.0 0.0 0.0 0.422 0.511 0.511 0.511 1.0 0.097 0.227 0.040
0.0 0.0 0.0 1.0 0.0 0.0 0.0 0.0 0.0 0.0 0.400 0.467 0.467 0.467 2.0 0.125 0.173 0.040
0.0 1.0 0.0 0.0 0.0 0.0 0.0 0.0 0.0 0.0 0.400 0.467 0.467 0.467 1.0 0.097 0.160 0.040
0.0 0.0 0.0 1.0 0.0 0.0 0.0 0.0 0.0 0.0 0.400 0.400 0.600 0.455 2.0 0.139 0.173 1.000
0.0 1.0 0.0 0.0 0.0 0.0 0.0 0.0 0.0 0.0 0.400 0.400 0.600 0.455 1.0 0.097 0.160 1.000
0.0 1.0 0.0 0.0 0.0 0.0 0.0 0.0 0.0 0.0 0.400 0.533 0.533 0.533 1.0 0.111 0.120 0.040
0.0 0.0 0.0 1.0 0.0 0.0 0.0 0.0 0.0 0.0 0.400 0.556 0.556 0.556 2.0 0.139 0.160 0.040
1.0 0.0 0.0 0.0 0.0 0.0 0.0 0.0 0.0 0.0 0.422 0.378 0.578 0.433 1.0 0.139 0.240 1.000
1.0 0.0 0.0 0.0 0.0 0.0 0.0 0.0 0.0 0.0 0.422 0.444 0.444 0.444 1.0 0.139 0.240 0.040
0.0 0.0 0.0 1.0 0.0 0.0 0.0 0.0 0.0 0.0 0.400 0.600 0.600 0.600 2.0 0.167 0.173 0.040
0.0 0.0 0.0 1.0 0.0 0.0 0.0 0.0 0.0 0.0 0.422 0.378 0.578 0.433 2.0 0.139 0.173 1.000
0.0 1.0 0.0 0.0 0.0 0.0 0.0 0.0 0.0 0.0 0.400 0.400 0.600 0.455 2.0 0.083 0.107 1.000
0.0 1.0 0.0 0.0 0.0 0.0 0.0 0.0 0.0 0.0 0.422 0.378 0.578 0.433 1.0 0.083 0.107 1.000
0.0 1.0 0.0 0.0 0.0 0.0 0.0 0.0 0.0 0.0 0.422 0.533 0.533 0.533 1.0 0.097 0.240 0.040
0.0 0.0 0.0 1.0 0.0 0.0 0.0 0.0 0.0 0.0 0.422 0.444 0.444 0.444 2.0 0.125 0.173 0.040
0.0 0.0 0.0 1.0 0.0 0.0 0.0 0.0 0.0 0.0 0.422 0.378 0.578 0.433 2.0 0.139 0.173 1.000
1.0 0.0 0.0 0.0 0.0 0.0 0.0 0.0 0.0 0.0 0.444 0.356 0.556 0.411 1.0 0.125 0.187 1.000
0.0 1.0 0.0 0.0 0.0 0.0 0.0 0.0 0.0 0.0 0.422 0.378 0.578 0.433 1.0 0.125 0.160 1.000
1.0 0.0 0.0 0.0 0.0 0.0 0.0 0.0 0.0 0.0 0.422 0.378 0.578 0.433 1.0 0.139 0.253 1.000
1.0 0.0 0.0 0.0 0.0 0.0 0.0 0.0 0.0 0.0 0.422 0.444 0.444 0.444 1.0 0.139 0.253 0.040
1.0 0.0 0.0 0.0 0.0 0.0 0.0 0.0 0.0 0.0 0.444 0.489 0.489 0.489 1.0 0.125 0.187 0.040
0.0 0.0 0.0 1.0 0.0 0.0 0.0 0.0 0.0 0.0 0.422 0.533 0.533 0.533 2.0 0.167 0.160 0.040
0.0 0.0 1.0 0.0 0.0 0.0 0.0 0.0 0.0 0.0 0.444 0.511 0.511 0.511 2.0 0.153 0.213 0.040
0.0 0.0 1.0 0.0 0.0 0.0 0.0 0.0 0.0 0.0 0.422 0.533 0.533 0.533 2.0 0.153 0.173 0.040
0.0 0.0 0.0 1.0 0.0 0.0 0.0 0.0 0.0 0.0 0.444 0.422 0.422 0.422 2.0 0.125 0.253 0.040
0.0 1.0 0.0 0.0 0.0 0.0 0.0 0.0 0.0 0.0 0.444 0.422 0.422 0.422 1.0 0.097 0.240 0.040
0.0 0.0 0.0 1.0 0.0 0.0 0.0 0.0 0.0 0.0 0.444 0.356 0.556 0.411 2.0 0.139 0.267 1.000
0.0 1.0 0.0 0.0 0.0 0.0 0.0 0.0 0.0 0.0 0.444 0.356 0.556 0.411 1.0 0.097 0.240 1.000
0.0 0.0 0.0 1.0 0.0 0.0 0.0 0.0 0.0 0.0 0.444 0.422 0.422 0.422 2.0 0.125 0.173 0.040
0.0 0.0 0.0 1.0 0.0 0.0 0.0 0.0 0.0 0.0 0.444 0.356 0.556 0.411 2.0 0.181 0.173 1.000
0.0 1.0 0.0 0.0 0.0 0.0 0.0 0.0 0.0 0.0 0.422 0.578 0.578 0.578 1.0 0.111 0.173 0.040
0.0 1.0 0.0 0.0 0.0 0.0 0.0 0.0 0.0 0.0 0.444 0.356 0.556 0.411 1.0 0.125 0.173 1.000
0.0 1.0 0.0 0.0 0.0 0.0 0.0 0.0 0.0 0.0 0.467 0.333 0.533 0.388 1.0 0.097 0.187 1.000
0.0 0.0 0.0 1.0 0.0 0.0 0.0 0.0 0.0 0.0 0.467 0.333 0.533 0.388 2.0 0.125 0.293 1.000
0.0 1.0 0.0 0.0 0.0 0.0 0.0 0.0 0.0 0.0 0.444 0.356 0.556 0.411 1.0 0.097 0.160 1.000
0.0 0.0 0.0 1.0 0.0 0.0 0.0 0.0 0.0 0.0 0.444 0.356 0.556 0.411 2.0 0.125 0.227 1.000
0.0 0.0 0.0 1.0 0.0 0.0 0.0 0.0 0.0 0.0 0.444 0.422 0.422 0.422 2.0 0.125 0.267 0.040
0.0 1.0 0.0 0.0 0.0 0.0 0.0 0.0 0.0 0.0 0.444 0.422 0.422 0.422 1.0 0.097 0.253 0.040
0.0 0.0 0.0 1.0 0.0 0.0 0.0 0.0 0.0 0.0 0.444 0.356 0.556 0.411 2.0 0.139 0.267 1.000
0.0 1.0 0.0 0.0 0.0 0.0 0.0 0.0 0.0 0.0 0.444 0.356 0.556 0.411 1.0 0.097 0.253 1.000
0.0 0.0 0.0 1.0 0.0 0.0 0.0 0.0 0.0 0.0 0.467 0.400 0.400 0.400 2.0 0.125 0.253 0.040
0.0 0.0 0.0 1.0 0.0 0.0 0.0 0.0 0.0 0.0 0.467 0.333 0.533 0.388 2.0 0.139 0.253 1.000
0.0 1.0 0.0 0.0 0.0 0.0 0.0 0.0 0.0 0.0 0.467 0.400 0.400 0.400 1.0 0.097 0.173 0.040
0.0 1.0 0.0 0.0 0.0 0.0 0.0 0.0 0.0 0.0 0.467 0.467 0.467 0.467 1.0 0.097 0.187 0.040
0.0 0.0 0.0 1.0 0.0 0.0 0.0 0.0 0.0 0.0 0.467 0.467 0.467 0.467 2.0 0.139 0.307 0.040
0.0 1.0 0.0 0.0 0.0 0.0 0.0 0.0 0.0 0.0 0.444 0.511 0.511 0.511 1.0 0.111 0.160 0.040
0.0 0.0 0.0 1.0 0.0 0.0 0.0 0.0 0.0 0.0 0.444 0.511 0.511 0.511 2.0 0.153 0.253 0.040
0.0 1.0 0.0 0.0 0.0 0.0 0.0 0.0 0.0 0.0 0.467 0.489 0.489 0.489 1.0 0.111 0.213 0.040
0.0 1.0 0.0 0.0 0.0 0.0 0.0 0.0 0.0 0.0 0.444 0.511 0.511 0.511 1.0 0.111 0.173 0.040
0.0 0.0 0.0 1.0 0.0 0.0 0.0 0.0 0.0 0.0 0.489 0.311 0.511 0.366 2.0 0.125 0.280 1.000
0.0 1.0 0.0 0.0 0.0 0.0 0.0 0.0 0.0 0.0 0.467 0.333 0.533 0.388 1.0 0.097 0.173 1.000
0.0 0.0 0.0 1.0 0.0 0.0 0.0 0.0 0.0 0.0 0.467 0.333 0.533 0.388 2.0 0.125 0.253 1.000
0.0 0.0 0.0 1.0 0.0 0.0 0.0 0.0 0.0 0.0 0.467 0.333 0.533 0.388 2.0 0.125 0.227 1.000
0.0 0.0 0.0 1.0 0.0 0.0 0.0 0.0 0.0 0.0 0.467 0.400 0.400 0.400 2.0 0.125 0.267 0.040
0.0 0.0 0.0 1.0 0.0 0.0 0.0 0.0 0.0 0.0 0.467 0.333 0.533 0.388 2.0 0.139 0.267 1.000
0.0 0.0 0.0 1.0 0.0 0.0 0.0 0.0 0.0 0.0 0.489 0.378 0.378 0.378 2.0 0.125 0.253 0.040
0.0 0.0 0.0 1.0 0.0 0.0 0.0 0.0 0.0 0.0 0.489 0.311 0.511 0.366 2.0 0.181 0.267 1.000
0.0 1.0 0.0 0.0 0.0 0.0 0.0 0.0 0.0 0.0 0.467 0.333 0.533 0.404 1.0 0.500 0.173 0.760
1.0 0.0 0.0 0.0 0.0 0.0 0.0 0.0 0.0 0.0 0.467 0.333 0.533 0.422 1.0 0.194 0.173 0.600
0.0 0.0 0.0 1.0 0.0 0.0 0.0 0.0 0.0 0.0 0.489 0.444 0.444 0.444 2.0 0.153 0.307 0.040
0.0 0.0 0.0 1.0 0.0 0.0 0.0 0.0 0.0 0.0 0.467 0.489 0.489 0.489 2.0 0.139 0.240 0.040
0.0 0.0 0.0 1.0 0.0 0.0 0.0 0.0 0.0 0.0 0.511 0.289 0.489 0.344 2.0 0.125 0.293 1.000
0.0 0.0 0.0 1.0 0.0 0.0 0.0 0.0 0.0 0.0 0.489 0.311 0.511 0.366 2.0 0.139 0.253 1.000
0.0 0.0 0.0 1.0 0.0 0.0 0.0 0.0 0.0 0.0 0.489 0.311 0.511 0.366 2.0 0.153 0.227 1.000
0.0 1.0 0.0 0.0 0.0 0.0 0.0 0.0 0.0 0.0 0.511 0.356 0.356 0.356 2.0 0.083 0.280 0.040
0.0 0.0 0.0 1.0 0.0 0.0 0.0 0.0 0.0 0.0 0.489 0.378 0.378 0.378 2.0 0.125 0.267 0.040
0.0 0.0 0.0 1.0 0.0 0.0 0.0 0.0 0.0 0.0 0.489 0.311 0.511 0.366 2.0 0.181 0.267 1.000
0.0 1.0 0.0 0.0 0.0 0.0 0.0 0.0 0.0 0.0 0.511 0.356 0.356 0.356 2.0 0.083 0.267 0.040
0.0 1.0 0.0 0.0 0.0 0.0 0.0 0.0 0.0 0.0 0.533 0.333 0.333 0.333 1.0 0.111 0.267 0.040
0.0 0.0 0.0 1.0 0.0 0.0 0.0 0.0 0.0 0.0 0.511 0.422 0.422 0.422 2.0 0.167 0.307 0.040
0.0 0.0 0.0 1.0 0.0 0.0 0.0 0.0 0.0 0.0 0.489 0.467 0.467 0.467 2.0 0.167 0.253 0.040
0.0 1.0 0.0 0.0 0.0 0.0 0.0 0.0 0.0 0.0 0.533 0.267 0.467 0.322 1.0 0.111 0.293 1.000
0.0 0.0 0.0 1.0 0.0 0.0 0.0 0.0 0.0 0.0 0.511 0.289 0.489 0.344 2.0 0.153 0.253 1.000
0.0 0.0 0.0 1.0 0.0 0.0 0.0 0.0 0.0 0.0 0.511 0.289 0.489 0.344 2.0 0.222 0.240 1.000
0.0 1.0 0.0 0.0 0.0 0.0 0.0 0.0 0.0 0.0 0.533 0.333 0.333 0.333 1.0 0.083 0.280 0.040
0.0 1.0 0.0 0.0 0.0 0.0 0.0 0.0 0.0 0.0 0.511 0.289 0.489 0.367 1.0 0.333 0.267 0.680
1.0 0.0 0.0 0.0 0.0 0.0 0.0 0.0 0.0 0.0 0.511 0.289 0.489 0.367 1.0 0.361 0.267 0.680
0.0 1.0 0.0 0.0 0.0 0.0 0.0 0.0 0.0 0.0 0.533 0.400 0.400 0.400 1.0 0.111 0.307 0.040
0.0 1.0 0.0 0.0 0.0 0.0 0.0 0.0 0.0 0.0 0.511 0.444 0.444 0.444 1.0 0.111 0.253 0.040
0.0 0.0 0.0 1.0 0.0 0.0 0.0 0.0 0.0 0.0 0.556 0.244 0.444 0.300 2.0 0.208 0.307 1.000
0.0 0.0 0.0 1.0 0.0 0.0 0.0 0.0 0.0 0.0 0.533 0.267 0.467 0.322 2.0 0.222 0.267 1.000
0.0 1.0 0.0 0.0 0.0 0.0 0.0 0.0 0.0 0.0 0.511 0.289 0.489 0.364 1.0 0.472 0.267 0.720
1.0 0.0 0.0 0.0 0.0 0.0 0.0 0.0 0.0 0.0 0.511 0.289 0.489 0.371 1.0 0.333 0.267 0.640
0.0 0.0 1.0 0.0 0.0 0.0 0.0 0.0 0.0 0.0 0.533 0.267 0.467 0.366 2.0 0.847 0.387 0.520
0.0 1.0 0.0 0.0 0.0 0.0 0.0 0.0 0.0 0.0 0.556 0.244 0.444 0.347 2.0 0.583 0.400 0.520
0.0 0.0 1.0 0.0 0.0 0.0 0.0 0.0 0.0 0.0 0.533 0.267 0.467 0.369 2.0 0.236 0.387 0.520
0.0 0.0 1.0 0.0 0.0 0.0 0.0 0.0 0.0 0.0 0.533 0.267 0.467 0.356 2.0 0.847 0.387 0.600
0.0 0.0 1.0 0.0 0.0 0.0 0.0 0.0 0.0 0.0 0.533 0.267 0.467 0.384 2.0 0.375 0.387 0.440
1.0 0.0 0.0 0.0 0.0 0.0 0.0 0.0 0.0 0.0 0.533 0.267 0.467 0.322 1.0 0.139 0.240 1.000
1.0 0.0 0.0 0.0 0.0 0.0 0.0 0.0 0.0 0.0 0.533 0.333 0.333 0.333 1.0 0.139 0.240 0.040
1.0 0.0 0.0 0.0 0.0 0.0 0.0 0.0 0.0 0.0 0.578 0.222 0.422 0.277 1.0 0.139 0.307 1.000
1.0 0.0 0.0 0.0 0.0 0.0 0.0 0.0 0.0 0.0 0.578 0.289 0.289 0.289 1.0 0.139 0.307 0.040
1.0 0.0 0.0 0.0 0.0 0.0 0.0 0.0 0.0 0.0 0.556 0.244 0.444 0.300 1.0 0.139 0.267 1.000
1.0 0.0 0.0 0.0 0.0 0.0 0.0 0.0 0.0 0.0 0.556 0.311 0.311 0.311 1.0 0.139 0.267 0.040
0.0 0.0 0.0 1.0 0.0 0.0 0.0 0.0 0.0 0.0 0.556 0.311 0.311 0.311 2.0 0.125 0.253 0.040
0.0 1.0 0.0 0.0 0.0 0.0 0.0 0.0 0.0 0.0 0.556 0.311 0.311 0.311 2.0 0.097 0.253 0.040
0.0 0.0 0.0 1.0 0.0 0.0 0.0 0.0 0.0 0.0 0.556 0.244 0.444 0.300 2.0 0.139 0.253 1.000
0.0 1.0 0.0 0.0 0.0 0.0 0.0 0.0 0.0 0.0 0.556 0.244 0.444 0.300 1.0 0.097 0.240 1.000
0.0 0.0 0.0 1.0 0.0 0.0 0.0 0.0 0.0 0.0 0.600 0.267 0.267 0.267 2.0 0.125 0.333 0.040
0.0 1.0 0.0 0.0 0.0 0.0 0.0 0.0 0.0 0.0 0.600 0.267 0.267 0.267 1.0 0.097 0.307 0.040
0.0 0.0 0.0 1.0 0.0 0.0 0.0 0.0 0.0 0.0 0.600 0.200 0.400 0.255 2.0 0.139 0.333 1.000
0.0 1.0 0.0 0.0 0.0 0.0 0.0 0.0 0.0 0.0 0.600 0.200 0.400 0.255 1.0 0.097 0.307 1.000
0.0 0.0 0.0 1.0 0.0 0.0 0.0 0.0 0.0 0.0 0.578 0.289 0.289 0.289 2.0 0.125 0.293 0.040
0.0 1.0 0.0 0.0 0.0 0.0 0.0 0.0 0.0 0.0 0.578 0.289 0.289 0.289 1.0 0.097 0.267 0.040
0.0 0.0 0.0 1.0 0.0 0.0 0.0 0.0 0.0 0.0 0.578 0.222 0.422 0.277 2.0 0.139 0.280 1.000
0.0 1.0 0.0 0.0 0.0 0.0 0.0 0.0 0.0 0.0 0.578 0.222 0.422 0.277 1.0 0.097 0.267 1.000
0.0 0.0 0.0 1.0 0.0 0.0 0.0 0.0 0.0 0.0 0.578 0.289 0.289 0.289 2.0 0.125 0.267 0.040
0.0 0.0 0.0 1.0 0.0 0.0 0.0 0.0 0.0 0.0 0.578 0.222 0.422 0.277 2.0 0.139 0.253 1.000
0.0 0.0 0.0 1.0 0.0 0.0 0.0 0.0 0.0 0.0 0.622 0.244 0.244 0.244 2.0 0.125 0.333 0.040
0.0 0.0 0.0 1.0 0.0 0.0 0.0 0.0 0.0 0.0 0.622 0.178 0.378 0.233 2.0 0.139 0.333 1.000
0.0 0.0 0.0 1.0 0.0 0.0 0.0 0.0 0.0 0.0 0.600 0.267 0.267 0.267 2.0 0.125 0.280 0.040
0.0 0.0 0.0 1.0 0.0 0.0 0.0 0.0 0.0 0.0 0.600 0.200 0.400 0.255 2.0 0.139 0.280 1.000
0.0 0.0 0.0 1.0 0.0 0.0 0.0 0.0 0.0 0.0 0.600 0.267 0.267 0.267 2.0 0.125 0.267 0.040
0.0 0.0 0.0 1.0 0.0 0.0 0.0 0.0 0.0 0.0 0.600 0.200 0.400 0.255 2.0 0.181 0.253 1.000
0.0 0.0 0.0 1.0 0.0 0.0 0.0 0.0 0.0 0.0 0.644 0.222 0.222 0.222 2.0 0.125 0.333 0.040
0.0 0.0 0.0 1.0 0.0 0.0 0.0 0.0 0.0 0.0 0.644 0.156 0.356 0.211 2.0 0.194 0.333 1.000
0.0 0.0 0.0 1.0 0.0 0.0 0.0 0.0 0.0 0.0 0.622 0.244 0.244 0.244 2.0 0.125 0.293 0.040
0.0 0.0 0.0 1.0 0.0 0.0 0.0 0.0 0.0 0.0 0.622 0.178 0.378 0.233 2.0 0.194 0.280 1.000
0.0 1.0 0.0 0.0 0.0 0.0 0.0 0.0 0.0 0.0 0.622 0.244 0.244 0.244 1.0 0.125 0.267 0.040
0.0 1.0 0.0 0.0 0.0 0.0 0.0 0.0 0.0 0.0 0.667 0.200 0.200 0.200 1.0 0.139 0.333 0.040
0.0 1.0 0.0 0.0 0.0 0.0 0.0 0.0 0.0 0.0 0.644 0.222 0.222 0.222 1.0 0.125 0.293 0.040
0.0 1.0 0.0 0.0 0.0 0.0 0.0 0.0 0.0 0.0 0.622 0.178 0.378 0.267 1.0 0.389 0.253 0.600
1.0 0.0 0.0 0.0 0.0 0.0 0.0 0.0 0.0 0.0 0.622 0.178 0.378 0.248 1.0 0.417 0.253 0.760
0.0 1.0 0.0 0.0 0.0 0.0 0.0 0.0 0.0 0.0 0.667 0.133 0.333 0.230 1.0 0.333 0.333 0.480
0.0 0.0 1.0 0.0 0.0 0.0 0.0 0.0 0.0 0.0 0.667 0.133 0.333 0.198 2.0 0.486 0.347 0.840
0.0 1.0 0.0 0.0 0.0 0.0 0.0 0.0 0.0 0.0 0.644 0.156 0.356 0.248 1.0 0.361 0.280 0.560
0.0 0.0 1.0 0.0 0.0 0.0 0.0 0.0 0.0 0.0 0.644 0.156 0.356 0.224 2.0 0.458 0.320 0.800
0.0 0.0 0.0 1.0 0.0 0.0 0.0 0.0 0.0 0.0 0.711 0.156 0.156 0.156 4.0 0.250 0.867 0.040
0.0 1.0 0.0 0.0 0.0 0.0 0.0 0.0 0.0 0.0 0.689 0.178 0.178 0.178 2.0 0.167 0.587 0.040
0.0 0.0 1.0 0.0 0.0 0.0 0.0 0.0 0.0 0.0 0.667 0.200 0.200 0.200 4.0 0.181 0.573 0.040
0.0 0.0 1.0 0.0 0.0 0.0 0.0 0.0 0.0 0.0 0.556 0.311 0.311 0.311 2.0 0.153 0.387 0.040
1.0 0.0 0.0 0.0 0.0 0.0 0.0 0.0 0.0 0.0 0.689 0.111 0.311 0.202 1.0 0.375 0.347 0.520
1.0 0.0 0.0 0.0 0.0 0.0 0.0 0.0 0.0 0.0 0.689 0.111 0.311 0.193 1.0 0.528 0.347 0.640
1.0 0.0 0.0 0.0 0.0 0.0 0.0 0.0 0.0 0.0 0.667 0.133 0.333 0.230 1.0 0.375 0.320 0.560
1.0 0.0 0.0 0.0 0.0 0.0 0.0 0.0 0.0 0.0 0.667 0.133 0.333 0.216 1.0 0.458 0.320 0.560
0.0 0.0 1.0 0.0 0.0 0.0 0.0 0.0 0.0 0.0 0.644 0.156 0.356 0.263 2.0 0.708 0.427 0.440
0.0 0.0 1.0 0.0 0.0 0.0 0.0 0.0 0.0 0.0 0.644 0.156 0.356 0.263 2.0 0.542 0.427 0.480
0.0 0.0 1.0 0.0 0.0 0.0 0.0 0.0 0.0 0.0 0.644 0.156 0.356 0.243 2.0 0.875 0.427 0.600
0.0 0.0 1.0 0.0 0.0 0.0 0.0 0.0 0.0 0.0 0.644 0.156 0.356 0.256 2.0 0.611 0.427 0.520
0.0 0.0 1.0 0.0 0.0 0.0 0.0 0.0 0.0 0.0 0.733 0.133 0.133 0.133 4.0 0.167 0.880 0.040
0.0 0.0 1.0 0.0 0.0 0.0 0.0 0.0 0.0 0.0 0.689 0.178 0.178 0.178 2.0 0.125 0.347 0.040
0.0 0.0 1.0 0.0 0.0 0.0 0.0 0.0 0.0 0.0 0.689 0.111 0.311 0.207 2.0 0.528 0.347 0.480
0.0 0.0 1.0 0.0 0.0 0.0 0.0 0.0 0.0 0.0 0.667 0.200 0.200 0.200 2.0 0.125 0.320 0.040
0.0 0.0 1.0 0.0 0.0 0.0 0.0 0.0 0.0 0.0 0.667 0.133 0.333 0.225 2.0 0.597 0.320 0.560
0.0 0.0 0.0 1.0 0.0 0.0 0.0 0.0 0.0 0.0 0.733 0.133 0.267 0.208 4.0 0.639 0.840 0.320
0.0 0.0 1.0 0.0 0.0 0.0 0.0 0.0 0.0 0.0 0.711 0.156 0.289 0.231 2.0 0.306 0.533 0.320
0.0 0.0 0.0 1.0 0.0 0.0 0.0 0.0 0.0 0.0 0.733 0.133 0.267 0.208 4.0 0.639 0.840 0.320
0.0 0.0 1.0 0.0 0.0 0.0 0.0 0.0 0.0 0.0 0.711 0.156 0.289 0.231 2.0 0.306 0.533 0.320
0.0 0.0 0.0 1.0 0.0 0.0 0.0 0.0 0.0 0.0 0.733 0.133 0.267 0.208 4.0 0.583 0.853 0.320
0.0 0.0 1.0 0.0 0.0 0.0 0.0 0.0 0.0 0.0 0.711 0.156 0.289 0.231 2.0 0.306 0.533 0.320
0.0 0.0 0.0 1.0 0.0 0.0 0.0 0.0 0.0 0.0 0.756 0.111 0.244 0.186 4.0 0.611 0.853 0.320
0.0 1.0 0.0 0.0 0.0 0.0 0.0 0.0 0.0 0.0 0.733 0.133 0.267 0.208 2.0 0.139 0.547 0.320
0.0 0.0 1.0 0.0 0.0 0.0 0.0 0.0 0.0 0.0 0.711 0.156 0.289 0.231 2.0 0.250 0.533 0.320
0.0 0.0 0.0 1.0 0.0 0.0 0.0 0.0 0.0 0.0 0.733 0.133 0.267 0.208 4.0 0.528 0.853 0.320
0.0 0.0 1.0 0.0 0.0 0.0 0.0 0.0 0.0 0.0 0.711 0.156 0.289 0.231 2.0 0.458 0.533 0.320
0.0 0.0 0.0 1.0 0.0 0.0 0.0 0.0 0.0 0.0 0.733 0.133 0.267 0.208 4.0 0.639 0.840 0.320
0.0 0.0 1.0 0.0 0.0 0.0 0.0 0.0 0.0 0.0 0.711 0.156 0.289 0.231 2.0 0.472 0.533 0.320
0.0 0.0 0.0 1.0 0.0 0.0 0.0 0.0 0.0 0.0 0.733 0.133 0.267 0.208 4.0 0.611 0.840 0.320
0.0 0.0 1.0 0.0 0.0 0.0 0.0 0.0 0.0 0.0 0.711 0.156 0.289 0.231 2.0 0.472 0.533 0.320
0.0 0.0 1.0 0.0 0.0 0.0 0.0 0.0 0.0 0.0 0.733 0.067 0.067 0.067 4.0 0.653 0.840 0.040
0.0 0.0 1.0 0.0 0.0 0.0 0.0 0.0 0.0 0.0 0.711 0.089 0.089 0.089 2.0 0.306 0.533 0.040
0.0 1.0 0.0 0.0 0.0 0.0 0.0 0.0 0.0 0.0 0.778 0.067 0.067 0.067 2.0 0.153 0.867 0.040
0.0 0.0 1.0 0.0 0.0 0.0 0.0 0.0 0.0 0.0 0.756 0.089 0.089 0.089 4.0 0.611 0.853 0.040
0.0 1.0 0.0 0.0 0.0 0.0 0.0 0.0 0.0 0.0 0.733 0.111 0.111 0.111 2.0 0.125 0.547 0.040
0.0 0.0 1.0 0.0 0.0 0.0 0.0 0.0 0.0 0.0 0.711 0.133 0.133 0.133 2.0 0.250 0.533 0.040
0.0 0.0 1.0 0.0 0.0 0.0 0.0 0.0 0.0 0.0 0.733 0.067 0.067 0.067 4.0 0.583 0.853 0.040
0.0 0.0 1.0 0.0 0.0 0.0 0.0 0.0 0.0 0.0 0.711 0.089 0.089 0.089 2.0 0.306 0.533 0.040
0.0 0.0 1.0 0.0 0.0 0.0 0.0 0.0 0.0 0.0 0.733 0.067 0.067 0.067 4.0 0.625 0.840 0.040
0.0 0.0 1.0 0.0 0.0 0.0 0.0 0.0 0.0 0.0 0.711 0.089 0.089 0.089 2.0 0.306 0.533 0.040
0.0 0.0 1.0 0.0 0.0 0.0 0.0 0.0 0.0 0.0 0.733 0.089 0.089 0.089 4.0 0.542 0.853 0.040
0.0 0.0 1.0 0.0 0.0 0.0 0.0 0.0 0.0 0.0 0.711 0.111 0.111 0.111 2.0 0.458 0.533 0.040
0.0 0.0 1.0 0.0 0.0 0.0 0.0 0.0 0.0 0.0 0.733 0.067 0.067 0.067 4.0 0.583 0.840 0.040
0.0 0.0 1.0 0.0 0.0 0.0 0.0 0.0 0.0 0.0 0.711 0.089 0.089 0.089 2.0 0.472 0.533 0.040
0.0 0.0 1.0 0.0 0.0 0.0 0.0 0.0 0.0 0.0 0.733 0.067 0.067 0.067 4.0 0.556 0.840 0.040
0.0 0.0 1.0 0.0 0.0 0.0 0.0 0.0 0.0 0.0 0.711 0.089 0.089 0.089 2.0 0.472 0.533 0.040
0.0 1.0 0.0 0.0 0.0 0.0 0.0 0.0 0.0 0.0 0.756 0.111 0.244 0.186 2.0 0.181 0.853 0.320
0.0 0.0 0.0 1.0 0.0 0.0 0.0 0.0 0.0 0.0 0.733 0.133 0.267 0.208 4.0 0.625 0.840 0.320
0.0 0.0 1.0 0.0 0.0 0.0 0.0 0.0 0.0 0.0 0.711 0.156 0.289 0.231 2.0 0.472 0.533 0.320
0.0 0.0 0.0 1.0 0.0 0.0 0.0 0.0 0.0 0.0 0.733 0.133 0.267 0.208 4.0 0.583 0.853 0.320
0.0 0.0 1.0 0.0 0.0 0.0 0.0 0.0 0.0 0.0 0.711 0.156 0.289 0.231 2.0 0.458 0.533 0.320
0.0 0.0 0.0 1.0 0.0 0.0 0.0 0.0 0.0 0.0 0.733 0.133 0.267 0.208 4.0 0.681 0.840 0.320
0.0 0.0 1.0 0.0 0.0 0.0 0.0 0.0 0.0 0.0 0.711 0.156 0.289 0.231 2.0 0.458 0.533 0.320
0.0 0.0 0.0 1.0 0.0 0.0 0.0 0.0 0.0 0.0 0.756 0.111 0.244 0.186 4.0 0.611 0.853 0.320
0.0 1.0 0.0 0.0 0.0 0.0 0.0 0.0 0.0 0.0 0.733 0.133 0.267 0.208 2.0 0.139 0.547 0.320
0.0 0.0 1.0 0.0 0.0 0.0 0.0 0.0 0.0 0.0 0.711 0.156 0.289 0.231 2.0 0.403 0.533 0.320
0.0 0.0 0.0 1.0 0.0 0.0 0.0 0.0 0.0 0.0 0.733 0.133 0.267 0.208 4.0 0.556 0.840 0.320
0.0 0.0 1.0 0.0 0.0 0.0 0.0 0.0 0.0 0.0 0.711 0.156 0.289 0.231 2.0 0.458 0.533 0.320
0.0 0.0 0.0 1.0 0.0 0.0 0.0 0.0 0.0 0.0 0.733 0.133 0.267 0.208 4.0 0.597 0.840 0.320
0.0 0.0 1.0 0.0 0.0 0.0 0.0 0.0 0.0 0.0 0.711 0.156 0.289 0.231 2.0 0.403 0.533 0.320
0.0 1.0 0.0 0.0 0.0 0.0 0.0 0.0 0.0 0.0 0.756 0.111 0.244 0.186 2.0 0.181 0.867 0.320
0.0 0.0 0.0 1.0 0.0 0.0 0.0 0.0 0.0 0.0 0.733 0.133 0.267 0.208 4.0 0.556 0.853 0.320
0.0 0.0 1.0 0.0 0.0 0.0 0.0 0.0 0.0 0.0 0.711 0.156 0.289 0.231 2.0 0.389 0.533 0.320
0.0 0.0 0.0 1.0 0.0 0.0 0.0 0.0 0.0 0.0 0.733 0.133 0.267 0.208 4.0 0.625 0.840 0.320
0.0 0.0 1.0 0.0 0.0 0.0 0.0 0.0 0.0 0.0 0.711 0.156 0.289 0.231 2.0 0.403 0.533 0.320
0.0 0.0 0.0 1.0 0.0 0.0 0.0 0.0 0.0 0.0 0.733 0.133 0.267 0.208 4.0 0.569 0.840 0.320
0.0 0.0 1.0 0.0 0.0 0.0 0.0 0.0 0.0 0.0 0.711 0.156 0.289 0.231 2.0 0.403 0.533 0.320
0.0 0.0 0.0 1.0 0.0 0.0 0.0 0.0 0.0 0.0 0.733 0.133 0.133 0.133 4.0 0.514 0.827 0.040
0.0 0.0 1.0 0.0 0.0 0.0 0.0 0.0 0.0 0.0 0.711 0.156 0.156 0.156 2.0 0.444 0.533 0.040
0.0 0.0 0.0 1.0 0.0 0.0 0.0 0.0 0.0 0.0 0.733 0.133 0.133 0.133 4.0 0.514 0.827 0.040
0.0 0.0 1.0 0.0 0.0 0.0 0.0 0.0 0.0 0.0 0.711 0.156 0.156 0.156 2.0 0.389 0.533 0.040
0.0 0.0 0.0 1.0 0.0 0.0 0.0 0.0 0.0 0.0 0.733 0.133 0.133 0.133 4.0 0.569 0.827 0.040
0.0 0.0 1.0 0.0 0.0 0.0 0.0 0.0 0.0 0.0 0.711 0.156 0.156 0.156 2.0 0.514 0.533 0.040
0.0 0.0 0.0 1.0 0.0 0.0 0.0 0.0 0.0 0.0 0.733 0.133 0.133 0.133 4.0 0.542 0.827 0.040
0.0 0.0 1.0 0.0 0.0 0.0 0.0 0.0 0.0 0.0 0.711 0.156 0.156 0.156 2.0 0.514 0.533 0.040
0.0 0.0 0.0 1.0 0.0 0.0 0.0 0.0 0.0 0.0 0.733 0.133 0.133 0.133 4.0 0.472 0.840 0.040
0.0 0.0 1.0 0.0 0.0 0.0 0.0 0.0 0.0 0.0 0.711 0.156 0.156 0.156 2.0 0.514 0.533 0.040
0.0 0.0 0.0 1.0 0.0 0.0 0.0 0.0 0.0 0.0 0.733 0.133 0.133 0.133 4.0 0.486 0.827 0.040
0.0 0.0 1.0 0.0 0.0 0.0 0.0 0.0 0.0 0.0 0.711 0.156 0.156 0.156 2.0 0.514 0.533 0.040
0.0 0.0 0.0 1.0 0.0 0.0 0.0 0.0 0.0 0.0 0.756 0.111 0.111 0.111 4.0 0.528 0.840 0.040
0.0 1.0 0.0 0.0 0.0 0.0 0.0 0.0 0.0 0.0 0.733 0.133 0.133 0.133 2.0 0.125 0.547 0.040
0.0 0.0 1.0 0.0 0.0 0.0 0.0 0.0 0.0 0.0 0.711 0.156 0.156 0.156 2.0 0.306 0.533 0.040
0.0 0.0 0.0 1.0 0.0 0.0 0.0 0.0 0.0 0.0 0.733 0.133 0.133 0.133 4.0 0.542 0.827 0.040
0.0 0.0 1.0 0.0 0.0 0.0 0.0 0.0 0.0 0.0 0.711 0.156 0.156 0.156 2.0 0.375 0.533 0.040
0.0 0.0 1.0 0.0 0.0 0.0 0.0 0.0 0.0 0.0 0.733 0.067 0.067 0.067 4.0 0.653 0.840 0.040
0.0 0.0 1.0 0.0 0.0 0.0 0.0 0.0 0.0 0.0 0.711 0.089 0.089 0.089 2.0 0.486 0.533 0.040
0.0 0.0 1.0 0.0 0.0 0.0 0.0 0.0 0.0 0.0 0.733 0.067 0.067 0.067 4.0 0.583 0.853 0.040
0.0 0.0 1.0 0.0 0.0 0.0 0.0 0.0 0.0 0.0 0.711 0.089 0.089 0.089 2.0 0.458 0.533 0.040
0.0 0.0 1.0 0.0 0.0 0.0 0.0 0.0 0.0 0.0 0.733 0.067 0.067 0.067 4.0 0.625 0.840 0.040
0.0 0.0 1.0 0.0 0.0 0.0 0.0 0.0 0.0 0.0 0.711 0.089 0.089 0.089 2.0 0.458 0.533 0.040
0.0 0.0 1.0 0.0 0.0 0.0 0.0 0.0 0.0 0.0 0.733 0.067 0.067 0.067 4.0 0.569 0.840 0.040
0.0 0.0 1.0 0.0 0.0 0.0 0.0 0.0 0.0 0.0 0.711 0.089 0.089 0.089 2.0 0.458 0.533 0.040
0.0 0.0 1.0 0.0 0.0 0.0 0.0 0.0 0.0 0.0 0.733 0.067 0.067 0.067 4.0 0.569 0.840 0.040
0.0 0.0 1.0 0.0 0.0 0.0 0.0 0.0 0.0 0.0 0.711 0.089 0.089 0.089 2.0 0.458 0.533 0.040
0.0 0.0 1.0 0.0 0.0 0.0 0.0 0.0 0.0 0.0 0.733 0.067 0.067 0.067 4.0 0.597 0.840 0.040
0.0 0.0 1.0 0.0 0.0 0.0 0.0 0.0 0.0 0.0 0.711 0.089 0.089 0.089 2.0 0.403 0.533 0.040
0.0 0.0 1.0 0.0 0.0 0.0 0.0 0.0 0.0 0.0 0.733 0.089 0.089 0.089 4.0 0.583 0.853 0.040
0.0 0.0 1.0 0.0 0.0 0.0 0.0 0.0 0.0 0.0 0.711 0.111 0.111 0.111 2.0 0.403 0.533 0.040
0.0 0.0 1.0 0.0 0.0 0.0 0.0 0.0 0.0 0.0 0.733 0.067 0.067 0.067 4.0 0.625 0.840 0.040
0.0 0.0 1.0 0.0 0.0 0.0 0.0 0.0 0.0 0.0 0.711 0.089 0.089 0.089 2.0 0.403 0.533 0.040
0.0 0.0 1.0 0.0 0.0 0.0 0.0 0.0 0.0 0.0 0.733 0.067 0.067 0.067 4.0 0.569 0.840 0.040
0.0 0.0 1.0 0.0 0.0 0.0 0.0 0.0 0.0 0.0 0.711 0.089 0.089 0.089 2.0 0.403 0.533 0.040
0.0 0.0 0.0 1.0 0.0 0.0 0.0 0.0 0.0 0.0 0.756 0.044 0.044 0.044 2.0 0.153 0.853 0.040
0.0 1.0 0.0 0.0 0.0 0.0 0.0 0.0 0.0 0.0 0.756 0.044 0.044 0.044 1.0 0.139 0.840 0.040
0.0 0.0 0.0 1.0 0.0 0.0 0.0 0.0 0.0 0.0 0.800 0.044 0.044 0.044 2.0 0.111 0.867 0.040
0.0 1.0 0.0 0.0 0.0 0.0 0.0 0.0 0.0 0.0 0.800 0.044 0.044 0.044 1.0 0.097 0.867 0.040
0.0 0.0 0.0 1.0 0.0 0.0 0.0 0.0 0.0 0.0 0.756 0.044 0.044 0.044 2.0 0.153 0.853 0.040
0.0 1.0 0.0 0.0 0.0 0.0 0.0 0.0 0.0 0.0 0.756 0.044 0.044 0.044 2.0 0.139 0.867 0.040
0.0 0.0 0.0 1.0 0.0 0.0 0.0 0.0 0.0 0.0 0.756 0.044 0.044 0.044 2.0 0.153 0.840 0.040
0.0 1.0 0.0 0.0 0.0 0.0 0.0 0.0 0.0 0.0 0.756 0.044 0.044 0.044 1.0 0.139 0.840 0.040
0.0 0.0 0.0 1.0 0.0 0.0 0.0 0.0 0.0 0.0 0.756 0.067 0.067 0.067 2.0 0.167 0.853 0.040
0.0 1.0 0.0 0.0 0.0 0.0 0.0 0.0 0.0 0.0 0.756 0.067 0.067 0.067 1.0 0.139 0.853 0.040
0.0 0.0 0.0 1.0 0.0 0.0 0.0 0.0 0.0 0.0 0.756 0.044 0.044 0.044 2.0 0.153 0.840 0.040
0.0 1.0 0.0 0.0 0.0 0.0 0.0 0.0 0.0 0.0 0.756 0.044 0.044 0.044 1.0 0.139 0.840 0.040
0.0 0.0 0.0 1.0 0.0 0.0 0.0 0.0 0.0 0.0 0.756 0.044 0.044 0.044 2.0 0.153 0.840 0.040
0.0 1.0 0.0 0.0 0.0 0.0 0.0 0.0 0.0 0.0 0.756 0.044 0.044 0.044 1.0 0.139 0.840 0.040
0.0 0.0 1.0 0.0 0.0 0.0 0.0 0.0 0.0 0.0 0.778 0.089 0.089 0.089 4.0 0.278 0.853 0.040
0.0 0.0 1.0 0.0 0.0 0.0 0.0 0.0 0.0 0.0 0.756 0.111 0.111 0.111 4.0 0.292 0.840 0.040
0.0 0.0 1.0 0.0 0.0 0.0 0.0 0.0 0.0 0.0 0.756 0.111 0.111 0.111 2.0 0.181 0.827 0.040
0.0 0.0 0.0 1.0 0.0 0.0 0.0 0.0 0.0 0.0 0.778 0.022 0.022 0.022 2.0 0.097 0.840 0.040
0.0 0.0 0.0 1.0 0.0 0.0 0.0 0.0 0.0 0.0 0.822 0.022 0.022 0.022 2.0 0.097 0.867 0.040
0.0 0.0 0.0 1.0 0.0 0.0 0.0 0.0 0.0 0.0 0.778 0.022 0.022 0.022 2.0 0.097 0.867 0.040
0.0 0.0 0.0 1.0 0.0 0.0 0.0 0.0 0.0 0.0 0.778 0.022 0.022 0.022 2.0 0.097 0.840 0.040
0.0 0.0 0.0 1.0 0.0 0.0 0.0 0.0 0.0 0.0 0.756 0.044 0.044 0.044 2.0 0.153 0.840 0.040
0.0 1.0 0.0 0.0 0.0 0.0 0.0 0.0 0.0 0.0 0.756 0.044 0.044 0.044 1.0 0.139 0.840 0.040
0.0 0.0 0.0 1.0 0.0 0.0 0.0 0.0 0.0 0.0 0.756 0.044 0.044 0.044 2.0 0.153 0.853 0.040
0.0 1.0 0.0 0.0 0.0 0.0 0.0 0.0 0.0 0.0 0.756 0.044 0.044 0.044 1.0 0.139 0.853 0.040
0.0 0.0 0.0 1.0 0.0 0.0 0.0 0.0 0.0 0.0 0.756 0.044 0.044 0.044 2.0 0.153 0.840 0.040
0.0 1.0 0.0 0.0 0.0 0.0 0.0 0.0 0.0 0.0 0.756 0.044 0.044 0.044 1.0 0.139 0.840 0.040
0.0 0.0 0.0 1.0 0.0 0.0 0.0 0.0 0.0 0.0 0.756 0.044 0.044 0.044 2.0 0.153 0.840 0.040
0.0 1.0 0.0 0.0 0.0 0.0 0.0 0.0 0.0 0.0 0.756 0.044 0.044 0.044 1.0 0.139 0.840 0.040
0.0 0.0 0.0 1.0 0.0 0.0 0.0 0.0 0.0 0.0 0.756 0.044 0.044 0.044 2.0 0.153 0.840 0.040
0.0 1.0 0.0 0.0 0.0 0.0 0.0 0.0 0.0 0.0 0.756 0.044 0.044 0.044 1.0 0.139 0.840 0.040
0.0 0.0 0.0 1.0 0.0 0.0 0.0 0.0 0.0 0.0 0.778 0.044 0.044 0.044 2.0 0.111 0.853 0.040
0.0 0.0 0.0 1.0 0.0 0.0 0.0 0.0 0.0 0.0 0.756 0.044 0.044 0.044 2.0 0.153 0.840 0.040
0.0 1.0 0.0 0.0 0.0 0.0 0.0 0.0 0.0 0.0 0.756 0.044 0.044 0.044 1.0 0.139 0.840 0.040
0.0 0.0 0.0 1.0 0.0 0.0 0.0 0.0 0.0 0.0 0.756 0.067 0.067 0.067 2.0 0.167 0.853 0.040
0.0 1.0 0.0 0.0 0.0 0.0 0.0 0.0 0.0 0.0 0.756 0.067 0.067 0.067 1.0 0.139 0.853 0.040
0.0 0.0 0.0 1.0 0.0 0.0 0.0 0.0 0.0 0.0 0.756 0.044 0.044 0.044 2.0 0.153 0.840 0.040
0.0 1.0 0.0 0.0 0.0 0.0 0.0 0.0 0.0 0.0 0.756 0.044 0.044 0.044 1.0 0.139 0.840 0.040
0.0 0.0 0.0 1.0 0.0 0.0 0.0 0.0 0.0 0.0 0.756 0.044 0.044 0.044 2.0 0.153 0.840 0.040
0.0 1.0 0.0 0.0 0.0 0.0 0.0 0.0 0.0 0.0 0.756 0.044 0.044 0.044 1.0 0.139 0.840 0.040
0.0 0.0 0.0 1.0 0.0 0.0 0.0 0.0 0.0 0.0 0.778 0.022 0.022 0.022 2.0 0.097 0.840 0.040
0.0 0.0 0.0 1.0 0.0 0.0 0.0 0.0 0.0 0.0 0.778 0.022 0.022 0.022 2.0 0.097 0.840 0.040
0.0 0.0 0.0 1.0 0.0 0.0 0.0 0.0 0.0 0.0 0.800 0.156 0.156 0.156 4.0 0.319 0.893 0.040
0.0 0.0 1.0 0.0 0.0 0.0 0.0 0.0 0.0 0.0 0.778 0.178 0.178 0.178 4.0 0.292 0.880 0.040
0.0 0.0 1.0 0.0 0.0 0.0 0.0 0.0 0.0 0.0 0.756 0.200 0.200 0.200 2.0 0.222 0.840 0.040
0.0 0.0 0.0 1.0 0.0 0.0 0.0 0.0 0.0 0.0 0.800 0.156 0.156 0.156 4.0 0.319 0.867 0.040
0.0 0.0 1.0 0.0 0.0 0.0 0.0 0.0 0.0 0.0 0.778 0.178 0.178 0.178 4.0 0.292 0.867 0.040
0.0 0.0 1.0 0.0 0.0 0.0 0.0 0.0 0.0 0.0 0.756 0.200 0.200 0.200 2.0 0.222 0.853 0.040
0.0 0.0 1.0 0.0 0.0 0.0 0.0 0.0 0.0 0.0 0.800 0.067 0.200 0.140 4.0 0.417 0.893 0.280
0.0 0.0 1.0 0.0 0.0 0.0 0.0 0.0 0.0 0.0 0.778 0.089 0.222 0.162 4.0 0.306 0.880 0.280
0.0 0.0 1.0 0.0 0.0 0.0 0.0 0.0 0.0 0.0 0.756 0.111 0.244 0.184 2.0 0.236 0.840 0.280
0.0 0.0 1.0 0.0 0.0 0.0 0.0 0.0 0.0 0.0 0.800 0.067 0.200 0.140 4.0 0.417 0.867 0.280
0.0 0.0 1.0 0.0 0.0 0.0 0.0 0.0 0.0 0.0 0.778 0.089 0.222 0.162 4.0 0.306 0.867 0.280
0.0 0.0 1.0 0.0 0.0 0.0 0.0 0.0 0.0 0.0 0.756 0.111 0.244 0.184 2.0 0.236 0.853 0.280
0.0 0.0 0.0 1.0 0.0 0.0 0.0 0.0 0.0 1.0 0.800 0.000 0.000 0.000 2.0 0.097 0.853 0.040
0.0 0.0 0.0 1.0 0.0 0.0 0.0 0.0 0.0 1.0 0.844 0.000 0.000 0.000 2.0 0.097 0.867 0.040
0.0 0.0 0.0 1.0 0.0 0.0 0.0 0.0 0.0 1.0 0.800 0.000 0.000 0.000 2.0 0.097 0.867 0.040
0.0 0.0 0.0 1.0 0.0 0.0 0.0 0.0 0.0 1.0 0.800 0.000 0.000 0.000 2.0 0.097 0.840 0.040
0.0 0.0 0.0 1.0 0.0 0.0 0.0 0.0 0.0 0.0 0.778 0.022 0.022 0.022 2.0 0.097 0.840 0.040
0.0 0.0 0.0 1.0 0.0 0.0 0.0 0.0 0.0 0.0 0.778 0.022 0.022 0.022 2.0 0.097 0.853 0.040
0.0 0.0 0.0 1.0 0.0 0.0 0.0 0.0 0.0 0.0 0.778 0.022 0.022 0.022 2.0 0.097 0.840 0.040
0.0 0.0 0.0 1.0 0.0 0.0 0.0 0.0 0.0 0.0 0.778 0.022 0.022 0.022 2.0 0.097 0.840 0.040
0.0 0.0 0.0 1.0 0.0 0.0 0.0 0.0 0.0 0.0 0.778 0.022 0.022 0.022 2.0 0.097 0.840 0.040
0.0 1.0 0.0 0.0 0.0 0.0 0.0 0.0 0.0 1.0 0.822 0.000 0.000 0.000 2.0 0.056 0.867 0.040
0.0 0.0 0.0 1.0 0.0 0.0 0.0 0.0 0.0 0.0 0.800 0.022 0.022 0.022 2.0 0.111 0.853 0.040
0.0 0.0 0.0 1.0 0.0 0.0 0.0 0.0 0.0 0.0 0.778 0.022 0.022 0.022 2.0 0.097 0.840 0.040
0.0 0.0 0.0 1.0 0.0 0.0 0.0 0.0 0.0 0.0 0.778 0.044 0.044 0.044 2.0 0.111 0.853 0.040
0.0 0.0 0.0 1.0 0.0 0.0 0.0 0.0 0.0 0.0 0.778 0.022 0.022 0.022 2.0 0.097 0.840 0.040
0.0 0.0 0.0 1.0 0.0 0.0 0.0 0.0 0.0 0.0 0.778 0.022 0.022 0.022 2.0 0.097 0.840 0.040
0.0 0.0 0.0 1.0 0.0 0.0 0.0 0.0 0.0 1.0 0.800 0.000 0.000 0.000 2.0 0.097 0.840 0.040
0.0 0.0 0.0 1.0 0.0 0.0 0.0 0.0 0.0 1.0 0.800 0.000 0.000 0.000 2.0 0.097 0.840 0.040
0.0 0.0 1.0 0.0 0.0 0.0 0.0 0.0 0.0 0.0 0.822 0.133 0.133 0.133 2.0 0.167 0.893 0.040
0.0 0.0 1.0 0.0 0.0 0.0 0.0 0.0 0.0 0.0 0.822 0.133 0.133 0.133 2.0 0.167 0.867 0.040
0.0 0.0 0.0 1.0 0.0 0.0 0.0 0.0 0.0 1.0 0.800 0.000 0.000 0.000 2.0 0.097 0.840 0.040
0.0 0.0 0.0 1.0 0.0 0.0 0.0 0.0 0.0 1.0 0.800 0.000 0.000 0.000 2.0 0.097 0.853 0.040
0.0 0.0 0.0 1.0 0.0 0.0 0.0 0.0 0.0 1.0 0.800 0.000 0.000 0.000 2.0 0.097 0.840 0.040
0.0 0.0 0.0 1.0 0.0 0.0 0.0 0.0 0.0 1.0 0.800 0.000 0.000 0.000 2.0 0.097 0.840 0.040
0.0 0.0 0.0 1.0 0.0 0.0 0.0 0.0 0.0 1.0 0.800 0.000 0.000 0.000 2.0 0.097 0.840 0.040
0.0 0.0 0.0 1.0 0.0 0.0 0.0 0.0 0.0 1.0 0.800 0.000 0.000 0.000 2.0 0.097 0.840 0.040
0.0 1.0 0.0 0.0 0.0 0.0 0.0 0.0 0.0 1.0 0.822 0.000 0.000 0.000 2.0 0.056 0.867 0.040
0.0 0.0 0.0 1.0 0.0 0.0 0.0 0.0 0.0 0.0 0.800 0.022 0.022 0.022 2.0 0.111 0.853 0.040
0.0 0.0 0.0 1.0 0.0 0.0 0.0 0.0 0.0 1.0 0.800 0.000 0.000 0.000 2.0 0.097 0.840 0.040
0.0 0.0 0.0 1.0 0.0 0.0 0.0 0.0 0.0 1.0 0.800 0.000 0.000 0.000 2.0 0.097 0.840 0.040
0.0 0.0 1.0 0.0 0.0 0.0 0.0 0.0 0.0 0.0 0.822 0.044 0.044 0.044 3.0 0.292 0.933 0.040
0.0 0.0 0.0 1.0 0.0 0.0 0.0 0.0 0.0 0.0 0.822 0.111 0.178 0.130 2.0 0.458 0.920 0.240
0.0 0.0 1.0 0.0 0.0 0.0 0.0 0.0 1.0 0.0 0.844 0.022 0.022 0.022 4.0 0.208 1.000 0.040
0.0 0.0 0.0 1.0 0.0 0.0 0.0 0.0 0.0 0.0 0.844 0.111 0.111 0.111 2.0 0.153 0.920 0.040
0.0 1.0 0.0 0.0 0.0 0.0 0.0 0.0 0.0 0.0 0.844 0.111 0.111 0.111 1.0 0.111 0.893 0.040
0.0 1.0 0.0 0.0 0.0 0.0 0.0 0.0 0.0 0.0 0.867 0.089 0.089 0.089 2.0 0.111 0.893 0.040
0.0 0.0 0.0 1.0 0.0 0.0 0.0 0.0 0.0 0.0 0.844 0.111 0.111 0.111 2.0 0.125 0.880 0.040
0.0 1.0 0.0 0.0 0.0 0.0 0.0 0.0 0.0 0.0 0.844 0.111 0.111 0.111 1.0 0.111 0.867 0.040
0.0 0.0 0.0 0.0 0.0 1.0 0.0 0.0 0.0 1.0 0.867 0.000 0.000 0.000 2.0 0.097 1.000 0.040
0.0 0.0 1.0 0.0 0.0 0.0 0.0 0.0 0.0 0.0 0.844 0.089 0.089 0.089 3.0 0.236 0.920 0.040
0.0 0.0 1.0 0.0 0.0 0.0 0.0 0.0 1.0 0.0 0.844 0.111 0.111 0.111 3.0 0.208 0.920 0.040
0.0 0.0 1.0 0.0 0.0 0.0 0.0 0.0 1.0 0.0 0.844 0.089 0.089 0.089 3.0 0.208 0.920 0.040
0.0 0.0 1.0 0.0 0.0 0.0 0.0 0.0 1.0 0.0 0.844 0.089 0.089 0.089 3.0 0.208 0.920 0.040
0.0 0.0 1.0 0.0 0.0 0.0 0.0 0.0 0.0 0.0 0.844 0.111 0.111 0.111 3.0 0.236 0.920 0.040
0.0 0.0 0.0 1.0 0.0 0.0 0.0 0.0 0.0 0.0 0.867 0.089 0.089 0.089 2.0 0.153 0.920 0.040
0.0 0.0 0.0 1.0 0.0 0.0 0.0 0.0 0.0 0.0 0.867 0.089 0.089 0.089 2.0 0.153 0.880 0.040
0.0 0.0 1.0 0.0 0.0 0.0 0.0 0.0 1.0 0.0 0.844 0.156 0.156 0.156 3.0 0.208 0.920 0.040
0.0 0.0 0.0 1.0 0.0 0.0 0.0 0.0 0.0 0.0 0.889 0.067 0.067 0.067 2.0 0.167 0.920 0.040
0.0 0.0 0.0 1.0 0.0 0.0 0.0 0.0 0.0 0.0 0.889 0.067 0.067 0.067 2.0 0.153 0.893 0.040
0.0 1.0 0.0 0.0 0.0 0.0 0.0 0.0 0.0 0.0 0.889 0.044 0.044 0.044 2.0 0.097 0.973 0.040
0.0 0.0 0.0 1.0 0.0 0.0 0.0 0.0 0.0 0.0 0.867 0.067 0.067 0.067 2.0 0.139 0.960 0.040
0.0 0.0 0.0 1.0 0.0 0.0 0.0 0.0 0.0 0.0 0.867 0.089 0.089 0.089 2.0 0.139 0.960 0.040
0.0 0.0 0.0 1.0 0.0 0.0 0.0 0.0 0.0 0.0 0.867 0.067 0.067 0.067 2.0 0.139 0.920 0.040
0.0 0.0 0.0 1.0 0.0 0.0 0.0 0.0 0.0 0.0 0.867 0.067 0.067 0.067 2.0 0.139 0.933 0.040
0.0 0.0 0.0 1.0 0.0 0.0 0.0 0.0 0.0 0.0 0.867 0.089 0.089 0.089 2.0 0.153 0.920 0.040
0.0 1.0 0.0 0.0 0.0 0.0 0.0 0.0 0.0 0.0 0.867 0.067 0.067 0.067 1.0 0.125 0.920 0.040
0.0 1.0 0.0 0.0 0.0 0.0 0.0 0.0 0.0 0.0 0.867 0.089 0.089 0.089 1.0 0.111 0.920 0.040
0.0 1.0 0.0 0.0 0.0 0.0 0.0 0.0 0.0 0.0 0.867 0.067 0.067 0.067 1.0 0.111 0.920 0.040
0.0 1.0 0.0 0.0 0.0 0.0 0.0 0.0 0.0 0.0 0.867 0.067 0.067 0.067 1.0 0.111 0.920 0.040
0.0 1.0 0.0 0.0 0.0 0.0 0.0 0.0 0.0 0.0 0.867 0.089 0.089 0.089 2.0 0.111 0.933 0.040
0.0 1.0 0.0 0.0 0.0 0.0 0.0 0.0 0.0 0.0 0.889 0.067 0.067 0.067 1.0 0.083 0.933 0.040
0.0 1.0 0.0 0.0 0.0 0.0 0.0 0.0 0.0 0.0 0.867 0.133 0.133 0.133 1.0 0.111 0.920 0.040
0.0 0.0 0.0 1.0 0.0 0.0 0.0 0.0 0.0 0.0 0.867 0.133 0.133 0.133 2.0 0.153 0.933 0.040
0.0 0.0 0.0 1.0 0.0 0.0 0.0 0.0 0.0 0.0 0.889 0.044 0.044 0.044 2.0 0.139 0.960 0.040
0.0 1.0 0.0 0.0 0.0 0.0 0.0 0.0 0.0 0.0 0.911 0.044 0.044 0.044 2.0 0.097 0.973 0.040
0.0 0.0 0.0 1.0 0.0 0.0 0.0 0.0 0.0 0.0 0.889 0.067 0.067 0.067 2.0 0.125 0.960 0.040
0.0 0.0 0.0 1.0 0.0 0.0 0.0 0.0 0.0 0.0 0.889 0.044 0.044 0.044 2.0 0.125 0.920 0.040
0.0 0.0 0.0 1.0 0.0 0.0 0.0 0.0 0.0 0.0 0.889 0.044 0.044 0.044 2.0 0.125 0.933 0.040
0.0 0.0 0.0 1.0 0.0 0.0 0.0 0.0 0.0 0.0 0.911 0.044 0.044 0.044 2.0 0.125 0.933 0.040
0.0 0.0 0.0 1.0 0.0 0.0 0.0 0.0 0.0 0.0 0.911 0.044 0.044 0.044 2.0 0.125 0.920 0.040
0.0 1.0 0.0 0.0 0.0 0.0 0.0 0.0 0.0 0.0 0.911 0.044 0.044 0.044 1.0 0.111 0.920 0.040
0.0 0.0 0.0 1.0 0.0 0.0 0.0 0.0 0.0 0.0 0.911 0.044 0.044 0.044 2.0 0.125 0.893 0.040
0.0 1.0 0.0 0.0 0.0 0.0 0.0 0.0 0.0 0.0 0.911 0.044 0.044 0.044 1.0 0.111 0.893 0.040
0.0 0.0 0.0 1.0 0.0 0.0 0.0 0.0 0.0 0.0 0.889 0.111 0.111 0.111 2.0 0.153 0.933 0.040
0.0 0.0 0.0 1.0 0.0 0.0 0.0 0.0 0.0 0.0 0.911 0.022 0.022 0.022 2.0 0.111 0.973 0.040
0.0 0.0 0.0 1.0 0.0 0.0 0.0 0.0 0.0 0.0 0.933 0.022 0.022 0.022 2.0 0.111 0.973 0.040
0.0 0.0 0.0 1.0 0.0 0.0 0.0 0.0 0.0 0.0 0.911 0.022 0.022 0.022 2.0 0.125 0.920 0.040
0.0 0.0 0.0 1.0 0.0 0.0 0.0 0.0 0.0 0.0 0.911 0.022 0.022 0.022 2.0 0.125 0.933 0.040
0.0 0.0 0.0 1.0 0.0 0.0 0.0 0.0 0.0 0.0 0.933 0.022 0.022 0.022 2.0 0.125 0.933 0.040
0.0 0.0 0.0 1.0 0.0 0.0 0.0 0.0 0.0 0.0 0.933 0.022 0.022 0.022 2.0 0.125 0.920 0.040
0.0 0.0 0.0 1.0 0.0 0.0 0.0 0.0 0.0 0.0 0.933 0.022 0.022 0.022 2.0 0.125 0.893 0.040
0.0 0.0 0.0 1.0 0.0 0.0 0.0 0.0 0.0 0.0 0.911 0.089 0.089 0.089 2.0 0.167 0.933 0.040
0.0 0.0 1.0 0.0 0.0 0.0 0.0 0.0 0.0 1.0 0.933 0.000 0.000 0.000 2.0 0.097 0.973 0.040
0.0 0.0 1.0 0.0 0.0 0.0 0.0 0.0 0.0 1.0 0.956 0.000 0.000 0.000 2.0 0.097 0.973 0.040
0.0 0.0 1.0 0.0 0.0 0.0 0.0 0.0 0.0 1.0 0.933 0.000 0.000 0.000 2.0 0.097 0.920 0.040
0.0 0.0 1.0 0.0 0.0 0.0 0.0 0.0 0.0 1.0 0.933 0.000 0.000 0.000 2.0 0.097 0.933 0.040
0.0 0.0 1.0 0.0 0.0 0.0 0.0 0.0 0.0 1.0 0.956 0.000 0.000 0.000 2.0 0.097 0.933 0.040
0.0 0.0 0.0 1.0 0.0 0.0 0.0 0.0 0.0 1.0 0.956 0.000 0.000 0.000 2.0 0.097 0.920 0.040
0.0 0.0 0.0 1.0 0.0 0.0 0.0 0.0 0.0 1.0 0.956 0.000 0.000 0.000 2.0 0.097 0.893 0.040
0.0 0.0 0.0 1.0 0.0 0.0 0.0 0.0 0.0 0.0 0.933 0.067 0.067 0.067 2.0 0.139 0.947 0.040
0.0 1.0 0.0 0.0 0.0 0.0 0.0 0.0 0.0 0.0 0.933 0.067 0.067 0.067 1.0 0.111 0.933 0.040
0.0 0.0 0.0 1.0 0.0 0.0 0.0 0.0 0.0 0.0 0.956 0.044 0.044 0.044 2.0 0.139 0.933 0.040
0.0 0.0 0.0 1.0 0.0 0.0 0.0 0.0 0.0 0.0 0.978 0.022 0.022 0.022 2.0 0.125 0.947 0.040
0.0 0.0 1.0 0.0 0.0 0.0 0.0 0.0 0.0 1.0 1.000 0.000 0.000 0.000 2.0 0.097 0.947 0.040
