0.0 0.0 1.0 0.0 0.0 0.0 0.0 0.0 0.0 0.0 0.343 0.286 0.514 1.0 0.273 0.160 0.686
0.0 0.0 0.0 1.0 0.0 0.0 0.0 0.0 0.0 0.0 0.371 0.257 0.486 2.0 0.327 0.173 0.714
0.0 0.0 0.0 0.0 1.0 0.0 0.0 0.0 0.0 0.0 0.400 0.229 0.457 1.0 0.364 0.187 0.743
0.0 0.0 0.0 0.0 0.0 1.0 0.0 0.0 0.0 0.0 0.429 0.200 0.429 1.0 0.400 0.200 0.771
0.0 0.0 0.0 0.0 0.0 0.0 1.0 0.0 0.0 0.0 0.457 0.171 0.400 2.0 0.436 0.213 0.800
0.0 0.0 0.0 0.0 0.0 0.0 0.0 1.0 0.0 0.0 0.486 0.143 0.371 1.0 0.473 0.227 0.829
1.0 0.0 0.0 0.0 0.0 0.0 0.0 0.0 0.0 0.0 0.514 0.114 0.343 1.0 0.509 0.240 0.857
0.0 1.0 0.0 0.0 0.0 0.0 0.0 0.0 0.0 0.0 0.543 0.086 0.314 1.0 0.545 0.253 0.886
0.0 0.0 1.0 0.0 0.0 0.0 0.0 0.0 0.0 0.0 0.571 0.057 0.286 2.0 0.582 0.267 0.914
0.0 0.0 0.0 1.0 0.0 0.0 0.0 0.0 0.0 0.0 0.600 0.029 0.257 1.0 0.618 0.280 0.943
0.0 0.0 0.0 0.0 1.0 0.0 0.0 0.0 0.0 0.0 0.629 0.000 0.229 1.0 0.655 0.293 0.971
0.0 0.0 0.0 0.0 0.0 1.0 0.0 0.0 0.0 0.0 0.657 0.029 0.200 1.0 0.691 0.307 1.000
0.0 0.0 0.0 0.0 0.0 0.0 1.0 0.0 0.0 0.0 0.686 0.057 0.171 1.0 0.727 0.320 1.029
0.0 0.0 0.0 0.0 0.0 0.0 0.0 1.0 0.0 0.0 0.714 0.086 0.143 1.0 0.764 0.333 1.057
1.0 0.0 0.0 0.0 0.0 0.0 0.0 0.0 0.0 0.0 0.743 0.114 0.114 1.0 0.800 0.347 1.086
0.0 1.0 0.0 0.0 0.0 0.0 0.0 0.0 0.0 0.0 0.771 0.143 0.086 1.0 0.836 0.360 1.114
0.0 0.0 1.0 0.0 0.0 0.0 0.0 0.0 0.0 0.0 0.800 0.171 0.057 1.0 0.873 0.373 1.143
