0.0 1.0 0.0 0.0 0.0 0.0 0.0 0.0 0.0 0.0 0.607 0.179 0.393 0.286 1.0 0.186 0.846 0.121
0.0 0.0 0.0 1.0 0.0 0.0 0.0 0.0 0.0 1.0 0.571 0.000 0.000 0.000 2.0 0.058 0.462 0.015
0.0 0.0 0.0 1.0 0.0 0.0 0.0 0.0 0.0 1.0 0.571 0.000 0.000 0.000 2.0 0.058 0.462 0.015
0.0 0.0 0.0 1.0 0.0 0.0 0.0 0.0 0.0 1.0 0.607 0.000 0.000 0.000 2.0 0.058 0.462 0.015
0.0 0.0 0.0 1.0 0.0 0.0 0.0 0.0 0.0 1.0 0.607 0.000 0.000 0.000 2.0 0.058 0.462 0.015
0.0 0.0 0.0 1.0 0.0 0.0 0.0 0.0 0.0 1.0 0.571 0.000 0.000 0.000 2.0 0.058 0.462 0.015
0.0 0.0 0.0 1.0 0.0 0.0 0.0 0.0 0.0 1.0 0.571 0.000 0.000 0.000 2.0 0.058 0.462 0.015
0.0 0.0 0.0 1.0 0.0 0.0 0.0 0.0 0.0 1.0 0.571 0.000 0.000 0.000 2.0 0.058 0.462 0.015
0.0 0.0 0.0 1.0 0.0 0.0 0.0 0.0 0.0 1.0 0.571 0.000 0.000 0.000 2.0 0.058 0.462 0.015
0.0 0.0 0.0 1.0 0.0 0.0 0.0 0.0 0.0 1.0 0.714 0.000 0.000 0.000 2.0 0.058 0.667 0.015
0.0 0.0 0.0 1.0 0.0 0.0 0.0 0.0 0.0 1.0 0.679 0.000 0.000 0.000 2.0 0.058 0.667 0.015
0.0 0.0 0.0 1.0 0.0 0.0 0.0 0.0 0.0 1.0 0.679 0.000 0.000 0.000 2.0 0.058 0.667 0.015
0.0 0.0 0.0 1.0 0.0 0.0 0.0 0.0 0.0 1.0 0.679 0.000 0.000 0.000 2.0 0.058 0.667 0.015
0.0 1.0 0.0 0.0 0.0 0.0 0.0 0.0 0.0 1.0 0.714 0.000 0.000 0.000 1.0 0.047 0.667 0.015
0.0 0.0 1.0 0.0 0.0 0.0 0.0 0.0 0.0 0.0 0.679 0.036 0.036 0.036 2.0 0.070 0.667 0.015
0.0 0.0 0.0 1.0 0.0 0.0 0.0 0.0 0.0 1.0 0.714 0.000 0.000 0.000 2.0 0.058 0.667 0.015
0.0 0.0 0.0 1.0 0.0 0.0 0.0 0.0 0.0 1.0 0.679 0.000 0.000 0.000 2.0 0.058 0.667 0.015
0.0 0.0 0.0 1.0 0.0 0.0 0.0 0.0 0.0 1.0 0.679 0.000 0.000 0.000 2.0 0.058 0.667 0.015
0.0 0.0 0.0 1.0 0.0 0.0 0.0 0.0 0.0 1.0 0.250 0.000 0.000 0.000 2.0 0.058 0.128 0.015
0.0 0.0 0.0 1.0 0.0 0.0 0.0 0.0 0.0 1.0 0.250 0.000 0.000 0.000 2.0 0.058 0.128 0.015
0.0 0.0 0.0 1.0 0.0 0.0 0.0 0.0 0.0 1.0 0.286 0.000 0.000 0.000 2.0 0.058 0.128 0.015
0.0 0.0 0.0 1.0 0.0 0.0 0.0 0.0 0.0 1.0 0.286 0.000 0.000 0.000 2.0 0.058 0.128 0.015
0.0 1.0 0.0 0.0 0.0 0.0 0.0 0.0 0.0 1.0 0.286 0.000 0.000 0.000 1.0 0.047 0.128 0.015
0.0 0.0 0.0 1.0 0.0 0.0 0.0 0.0 0.0 0.0 0.250 0.036 0.036 0.036 2.0 0.070 0.128 0.015
0.0 0.0 0.0 1.0 0.0 0.0 0.0 0.0 0.0 1.0 0.250 0.000 0.000 0.000 2.0 0.058 0.128 0.015
0.0 1.0 0.0 0.0 0.0 0.0 0.0 0.0 0.0 1.0 0.286 0.000 0.000 0.000 1.0 0.047 0.128 0.015
0.0 0.0 1.0 0.0 0.0 0.0 0.0 0.0 0.0 0.0 0.250 0.036 0.036 0.036 2.0 0.070 0.128 0.015
0.0 0.0 0.0 1.0 0.0 0.0 0.0 0.0 0.0 1.0 0.250 0.000 0.000 0.000 2.0 0.058 0.128 0.015
0.0 0.0 0.0 1.0 0.0 0.0 0.0 0.0 0.0 1.0 0.250 0.000 0.000 0.000 2.0 0.058 0.103 0.015
0.0 0.0 0.0 1.0 0.0 0.0 0.0 0.0 0.0 1.0 0.250 0.000 0.000 0.000 2.0 0.058 0.103 0.015
0.0 0.0 0.0 1.0 0.0 0.0 0.0 0.0 0.0 1.0 0.250 0.000 0.000 0.000 2.0 0.058 0.103 0.015
0.0 0.0 0.0 1.0 0.0 0.0 0.0 0.0 0.0 1.0 0.286 0.000 0.000 0.000 2.0 0.058 0.103 0.015
0.0 0.0 0.0 1.0 0.0 0.0 0.0 0.0 0.0 1.0 0.250 0.000 0.000 0.000 2.0 0.058 0.103 0.015
0.0 0.0 0.0 1.0 0.0 0.0 0.0 0.0 0.0 1.0 0.250 0.000 0.000 0.000 2.0 0.058 0.103 0.015
0.0 0.0 0.0 1.0 0.0 0.0 0.0 0.0 0.0 1.0 0.250 0.000 0.000 0.000 2.0 0.058 0.103 0.015
0.0 0.0 0.0 1.0 0.0 0.0 0.0 0.0 0.0 1.0 0.286 0.000 0.000 0.000 2.0 0.058 0.103 0.015
0.0 0.0 0.0 1.0 0.0 0.0 0.0 0.0 0.0 1.0 0.250 0.000 0.000 0.000 2.0 0.058 0.103 0.015
0.0 0.0 0.0 1.0 0.0 0.0 0.0 0.0 0.0 1.0 0.250 0.000 0.000 0.000 2.0 0.058 0.103 0.015
0.0 0.0 0.0 1.0 0.0 0.0 0.0 0.0 0.0 1.0 0.250 0.000 0.000 0.000 2.0 0.058 0.103 0.015
0.0 0.0 0.0 1.0 0.0 0.0 0.0 0.0 0.0 1.0 0.250 0.000 0.000 0.000 2.0 0.058 0.103 0.015
0.0 0.0 0.0 1.0 0.0 0.0 0.0 0.0 0.0 1.0 0.286 0.000 0.000 0.000 2.0 0.058 0.103 0.015
0.0 0.0 0.0 1.0 0.0 0.0 0.0 0.0 0.0 1.0 0.250 0.000 0.000 0.000 2.0 0.058 0.103 0.015
0.0 0.0 0.0 1.0 0.0 0.0 0.0 0.0 0.0 1.0 0.250 0.000 0.000 0.000 2.0 0.058 0.103 0.015
0.0 0.0 0.0 1.0 0.0 0.0 0.0 0.0 0.0 1.0 0.250 0.000 0.000 0.000 2.0 0.058 0.103 0.015
0.0 0.0 0.0 1.0 0.0 0.0 0.0 0.0 0.0 1.0 0.250 0.000 0.000 0.000 2.0 0.058 0.103 0.015
0.0 0.0 0.0 1.0 0.0 0.0 0.0 0.0 0.0 1.0 0.250 0.000 0.000 0.000 2.0 0.058 0.103 0.015
0.0 0.0 0.0 1.0 0.0 0.0 0.0 0.0 0.0 1.0 0.250 0.000 0.000 0.000 2.0 0.058 0.103 0.015
0.0 0.0 0.0 1.0 0.0 0.0 0.0 0.0 0.0 1.0 0.250 0.000 0.000 0.000 2.0 0.058 0.103 0.015
0.0 1.0 0.0 0.0 0.0 0.0 0.0 0.0 0.0 1.0 0.321 0.000 0.000 0.000 1.0 0.047 0.103 0.015
0.0 0.0 1.0 0.0 0.0 0.0 0.0 0.0 0.0 0.0 0.286 0.036 0.036 0.036 2.0 0.070 0.103 0.015
0.0 0.0 0.0 1.0 0.0 0.0 0.0 0.0 0.0 1.0 0.250 0.000 0.000 0.000 2.0 0.058 0.103 0.015
0.0 1.0 0.0 0.0 0.0 0.0 0.0 0.0 0.0 1.0 0.286 0.000 0.000 0.000 1.0 0.047 0.103 0.015
0.0 0.0 0.0 1.0 0.0 0.0 0.0 0.0 0.0 0.0 0.250 0.036 0.036 0.036 2.0 0.070 0.103 0.015
0.0 0.0 0.0 1.0 0.0 0.0 0.0 0.0 0.0 1.0 0.250 0.000 0.000 0.000 2.0 0.058 0.103 0.015
0.0 1.0 0.0 0.0 0.0 0.0 0.0 0.0 0.0 1.0 0.286 0.000 0.000 0.000 1.0 0.047 0.103 0.015
0.0 0.0 1.0 0.0 0.0 0.0 0.0 0.0 0.0 0.0 0.250 0.036 0.036 0.036 2.0 0.070 0.103 0.015
0.0 0.0 0.0 1.0 0.0 0.0 0.0 0.0 0.0 1.0 0.250 0.000 0.000 0.000 2.0 0.058 0.103 0.015
0.0 0.0 0.0 1.0 0.0 0.0 0.0 0.0 0.0 1.0 0.250 0.000 0.000 0.000 2.0 0.058 0.103 0.015
0.0 0.0 0.0 1.0 0.0 0.0 0.0 0.0 0.0 1.0 0.250 0.000 0.000 0.000 2.0 0.058 0.103 0.015
0.0 0.0 0.0 1.0 0.0 0.0 0.0 0.0 0.0 1.0 0.250 0.000 0.000 0.000 2.0 0.058 0.103 0.015
0.0 1.0 0.0 0.0 0.0 0.0 0.0 0.0 0.0 1.0 0.286 0.000 0.000 0.000 1.0 0.047 0.103 0.015
0.0 0.0 1.0 0.0 0.0 0.0 0.0 0.0 0.0 0.0 0.250 0.036 0.036 0.036 2.0 0.070 0.103 0.015
0.0 0.0 0.0 1.0 0.0 0.0 0.0 0.0 0.0 1.0 0.250 0.000 0.000 0.000 2.0 0.058 0.103 0.015
0.0 0.0 0.0 1.0 0.0 0.0 0.0 0.0 0.0 1.0 0.250 0.000 0.000 0.000 2.0 0.058 0.103 0.015
0.0 0.0 0.0 1.0 0.0 0.0 0.0 0.0 0.0 1.0 1.000 0.000 0.000 0.000 4.0 0.128 1.000 0.015
0.0 1.0 0.0 0.0 0.0 0.0 0.0 0.0 0.0 1.0 0.143 0.000 0.857 0.237 1.0 0.535 0.051 0.621
0.0 0.0 0.0 0.0 1.0 0.0 0.0 0.0 0.0 0.0 0.107 0.036 0.893 0.273 2.0 0.453 0.051 0.621
0.0 1.0 0.0 0.0 0.0 0.0 0.0 0.0 0.0 1.0 1.000 0.000 0.000 0.000 1.0 0.070 1.000 0.015
0.0 0.0 0.0 1.0 0.0 0.0 0.0 0.0 0.0 0.0 0.964 0.036 0.036 0.036 4.0 0.140 1.000 0.015
0.0 0.0 0.0 1.0 0.0 0.0 0.0 0.0 0.0 1.0 1.000 0.000 0.000 0.000 4.0 0.116 1.000 0.015
0.0 0.0 1.0 0.0 0.0 0.0 0.0 0.0 0.0 0.0 0.964 0.036 0.036 0.036 2.0 0.116 0.949 0.015
0.0 0.0 0.0 1.0 0.0 0.0 0.0 0.0 0.0 1.0 0.964 0.000 0.000 0.000 4.0 0.116 1.000 0.015
0.0 0.0 1.0 0.0 0.0 0.0 0.0 0.0 0.0 0.0 0.929 0.036 0.036 0.036 2.0 0.128 0.949 0.015
0.0 0.0 0.0 1.0 0.0 0.0 0.0 0.0 0.0 1.0 0.821 0.000 0.000 0.000 4.0 0.116 1.000 0.015
0.0 0.0 1.0 0.0 0.0 0.0 0.0 0.0 0.0 0.0 0.786 0.036 0.036 0.036 2.0 0.128 0.949 0.015
0.0 0.0 0.0 1.0 0.0 0.0 0.0 0.0 0.0 1.0 0.786 0.000 0.000 0.000 4.0 0.116 1.000 0.015
0.0 0.0 1.0 0.0 0.0 0.0 0.0 0.0 0.0 0.0 0.750 0.036 0.036 0.036 2.0 0.128 0.949 0.015
0.0 0.0 0.0 1.0 0.0 0.0 0.0 0.0 0.0 1.0 0.786 0.000 0.000 0.000 4.0 0.116 1.000 0.015
0.0 0.0 1.0 0.0 0.0 0.0 0.0 0.0 0.0 0.0 0.750 0.036 0.036 0.036 2.0 0.128 0.949 0.015
0.0 0.0 0.0 1.0 0.0 0.0 0.0 0.0 0.0 1.0 0.786 0.000 0.000 0.000 4.0 0.116 1.000 0.015
0.0 0.0 1.0 0.0 0.0 0.0 0.0 0.0 0.0 0.0 0.750 0.036 0.036 0.036 2.0 0.128 0.949 0.015
0.0 1.0 0.0 0.0 0.0 0.0 0.0 0.0 1.0 0.0 0.036 0.036 0.964 0.388 1.0 0.709 0.026 1.000
0.0 1.0 0.0 0.0 0.0 0.0 0.0 0.0 1.0 0.0 0.036 0.036 0.964 0.388 1.0 0.105 0.026 1.000
0.0 1.0 0.0 0.0 0.0 0.0 0.0 0.0 0.0 0.0 0.464 0.214 0.250 0.228 1.0 0.116 0.410 0.121
0.0 0.0 1.0 0.0 0.0 0.0 0.0 0.0 1.0 0.0 0.071 0.179 0.214 0.196 2.0 0.221 0.077 0.121
0.0 0.0 1.0 0.0 0.0 0.0 0.0 0.0 1.0 0.0 0.071 0.071 0.929 0.308 2.0 0.849 0.051 0.621
0.0 1.0 0.0 0.0 0.0 0.0 0.0 0.0 0.0 0.0 0.250 0.536 0.750 0.643 1.0 0.174 0.051 0.121
0.0 0.0 0.0 0.0 1.0 0.0 0.0 0.0 0.0 0.0 0.214 0.571 0.786 0.679 2.0 0.581 0.051 0.121
0.0 0.0 1.0 0.0 0.0 0.0 0.0 0.0 0.0 0.0 0.286 0.500 0.714 0.607 2.0 0.512 0.077 0.121
0.0 1.0 0.0 0.0 0.0 0.0 0.0 0.0 1.0 0.0 0.036 0.750 0.964 0.857 1.0 0.186 0.026 0.121
0.0 1.0 0.0 0.0 0.0 0.0 0.0 0.0 1.0 0.0 0.036 0.750 0.964 0.857 1.0 0.477 0.026 0.121
0.0 0.0 1.0 0.0 0.0 0.0 0.0 0.0 0.0 0.0 0.321 0.464 0.679 0.571 2.0 0.291 0.103 0.121
0.0 0.0 1.0 0.0 0.0 0.0 0.0 0.0 1.0 0.0 0.321 0.464 0.679 0.571 3.0 0.256 0.128 0.121
0.0 0.0 1.0 0.0 0.0 0.0 0.0 0.0 0.0 0.0 0.286 0.500 0.714 0.571 2.0 0.279 0.128 0.091
0.0 0.0 1.0 0.0 0.0 0.0 0.0 0.0 0.0 0.0 0.679 0.107 0.321 0.179 2.0 0.314 0.949 0.091
0.0 1.0 0.0 0.0 0.0 0.0 0.0 0.0 0.0 0.0 0.643 0.143 0.357 0.250 1.0 0.221 0.846 0.121
0.0 0.0 1.0 0.0 0.0 0.0 0.0 0.0 0.0 0.0 0.643 0.143 0.357 0.214 2.0 0.302 0.949 0.091
0.0 0.0 0.0 1.0 0.0 0.0 0.0 0.0 0.0 0.0 0.107 0.679 0.893 0.786 2.0 0.174 0.077 0.121
0.0 0.0 0.0 1.0 0.0 0.0 0.0 0.0 0.0 0.0 0.107 0.679 0.893 0.786 2.0 0.209 0.077 0.121
0.0 0.0 0.0 1.0 0.0 0.0 0.0 0.0 0.0 0.0 0.107 0.679 0.893 0.786 2.0 0.198 0.077 0.121
0.0 0.0 0.0 1.0 0.0 0.0 0.0 0.0 0.0 0.0 0.107 0.679 0.893 0.786 2.0 0.174 0.077 0.121
0.0 0.0 0.0 1.0 0.0 0.0 0.0 0.0 0.0 0.0 0.143 0.643 0.857 0.750 2.0 0.198 0.077 0.121
0.0 0.0 0.0 1.0 0.0 0.0 0.0 0.0 0.0 0.0 0.107 0.679 0.893 0.786 2.0 0.186 0.077 0.121
0.0 0.0 0.0 1.0 0.0 0.0 0.0 0.0 0.0 0.0 0.107 0.679 0.893 0.786 2.0 0.186 0.077 0.121
0.0 0.0 0.0 1.0 0.0 0.0 0.0 0.0 0.0 0.0 0.143 0.643 0.857 0.750 2.0 0.174 0.077 0.121
0.0 0.0 0.0 1.0 0.0 0.0 0.0 0.0 0.0 0.0 0.107 0.679 0.893 0.786 2.0 0.209 0.077 0.121
0.0 0.0 0.0 1.0 0.0 0.0 0.0 0.0 0.0 0.0 0.107 0.679 0.893 0.786 2.0 0.209 0.077 0.121
0.0 1.0 0.0 0.0 0.0 0.0 0.0 0.0 0.0 0.0 0.143 0.643 0.857 0.750 1.0 0.174 0.077 0.121
0.0 0.0 1.0 0.0 0.0 0.0 0.0 0.0 0.0 0.0 0.107 0.679 0.893 0.786 2.0 0.116 0.077 0.121
0.0 1.0 0.0 0.0 0.0 0.0 0.0 0.0 0.0 0.0 0.143 0.643 0.857 0.750 1.0 0.198 0.077 0.121
0.0 0.0 1.0 0.0 0.0 0.0 0.0 0.0 0.0 0.0 0.107 0.679 0.893 0.786 2.0 0.105 0.077 0.121
0.0 0.0 0.0 1.0 0.0 0.0 0.0 0.0 0.0 0.0 0.107 0.679 0.893 0.786 2.0 0.256 0.077 0.121
0.0 0.0 0.0 1.0 0.0 0.0 0.0 0.0 0.0 0.0 0.107 0.679 0.893 0.786 2.0 0.174 0.077 0.121
0.0 0.0 0.0 1.0 0.0 0.0 0.0 0.0 0.0 0.0 0.107 0.679 0.893 0.786 2.0 0.174 0.077 0.121
0.0 0.0 0.0 1.0 0.0 0.0 0.0 0.0 0.0 0.0 0.107 0.679 0.893 0.786 2.0 0.186 0.077 0.121
0.0 0.0 1.0 0.0 0.0 0.0 0.0 0.0 0.0 1.0 0.071 0.000 0.643 0.424 2.0 0.151 0.051 0.379
0.0 1.0 0.0 0.0 0.0 0.0 0.0 0.0 0.0 0.0 0.107 0.143 0.607 0.406 1.0 0.314 0.051 0.364
0.0 0.0 1.0 0.0 0.0 0.0 0.0 0.0 1.0 0.0 0.071 0.071 0.929 0.308 2.0 0.081 0.051 0.621
0.0 1.0 0.0 0.0 0.0 0.0 0.0 0.0 0.0 0.0 0.179 0.071 0.821 0.207 1.0 1.000 0.051 0.606
0.0 0.0 0.0 1.0 0.0 0.0 0.0 0.0 1.0 0.0 0.464 0.107 0.143 0.116 2.0 0.174 0.436 0.121
0.0 0.0 0.0 1.0 0.0 0.0 0.0 0.0 0.0 0.0 0.500 0.071 0.107 0.080 2.0 0.279 0.462 0.121
0.0 0.0 0.0 0.0 1.0 0.0 0.0 0.0 1.0 0.0 0.464 0.107 0.143 0.116 2.0 0.174 0.436 0.121
0.0 0.0 0.0 1.0 0.0 0.0 0.0 0.0 0.0 0.0 0.500 0.071 0.107 0.080 2.0 0.267 0.462 0.121
0.0 0.0 0.0 1.0 0.0 0.0 0.0 0.0 1.0 0.0 0.536 0.036 0.036 0.036 2.0 0.151 0.462 0.015
0.0 0.0 0.0 1.0 0.0 0.0 0.0 0.0 1.0 0.0 0.536 0.036 0.036 0.036 2.0 0.151 0.462 0.015
0.0 0.0 0.0 1.0 0.0 0.0 0.0 0.0 1.0 0.0 0.536 0.036 0.036 0.036 2.0 0.151 0.462 0.015
0.0 0.0 0.0 1.0 0.0 0.0 0.0 0.0 1.0 0.0 0.536 0.036 0.036 0.036 2.0 0.151 0.462 0.015
0.0 0.0 0.0 1.0 0.0 0.0 0.0 0.0 1.0 0.0 0.536 0.071 0.071 0.071 2.0 0.151 0.462 0.015
0.0 1.0 0.0 0.0 0.0 0.0 0.0 0.0 0.0 0.0 0.571 0.036 0.036 0.036 1.0 0.058 0.462 0.015
0.0 0.0 0.0 1.0 0.0 0.0 0.0 0.0 1.0 0.0 0.536 0.071 0.071 0.071 2.0 0.151 0.462 0.015
0.0 0.0 0.0 1.0 0.0 0.0 0.0 0.0 1.0 0.0 0.536 0.071 0.071 0.071 2.0 0.151 0.462 0.015
0.0 1.0 0.0 0.0 0.0 0.0 0.0 0.0 0.0 0.0 0.571 0.036 0.036 0.036 1.0 0.058 0.462 0.015
0.0 0.0 1.0 0.0 0.0 0.0 0.0 0.0 1.0 0.0 0.536 0.071 0.071 0.071 2.0 0.151 0.462 0.015
0.0 0.0 0.0 1.0 0.0 0.0 0.0 0.0 1.0 0.0 0.536 0.036 0.036 0.036 2.0 0.151 0.462 0.015
0.0 0.0 0.0 1.0 0.0 0.0 0.0 0.0 1.0 0.0 0.536 0.036 0.036 0.036 2.0 0.151 0.462 0.015
0.0 0.0 0.0 1.0 0.0 0.0 0.0 0.0 1.0 0.0 0.536 0.036 0.036 0.036 2.0 0.151 0.462 0.015
0.0 0.0 0.0 1.0 0.0 0.0 0.0 0.0 1.0 0.0 0.536 0.036 0.036 0.036 2.0 0.151 0.462 0.015
0.0 0.0 0.0 1.0 0.0 0.0 0.0 0.0 1.0 0.0 0.536 0.036 0.036 0.036 2.0 0.151 0.462 0.015
0.0 0.0 0.0 1.0 0.0 0.0 0.0 0.0 1.0 0.0 0.536 0.036 0.036 0.036 2.0 0.151 0.462 0.015
0.0 0.0 0.0 1.0 0.0 0.0 0.0 0.0 1.0 0.0 0.536 0.036 0.036 0.036 2.0 0.151 0.462 0.015
0.0 0.0 0.0 1.0 0.0 0.0 0.0 0.0 1.0 0.0 0.536 0.036 0.036 0.036 2.0 0.151 0.462 0.015
0.0 0.0 0.0 1.0 0.0 0.0 0.0 0.0 0.0 0.0 0.500 0.179 0.214 0.192 2.0 0.116 0.615 0.121
0.0 1.0 0.0 0.0 0.0 0.0 0.0 0.0 0.0 0.0 0.571 0.107 0.143 0.121 1.0 0.163 0.641 0.121
0.0 0.0 1.0 0.0 0.0 0.0 0.0 0.0 0.0 0.0 0.536 0.143 0.179 0.156 2.0 0.128 0.641 0.121
0.0 0.0 0.0 1.0 0.0 0.0 0.0 0.0 0.0 0.0 0.607 0.071 0.107 0.085 2.0 0.267 0.667 0.121
0.0 0.0 0.0 1.0 0.0 0.0 0.0 0.0 1.0 0.0 0.500 0.179 0.214 0.192 3.0 0.198 0.641 0.121
0.0 0.0 0.0 1.0 0.0 0.0 0.0 0.0 0.0 0.0 0.536 0.143 0.179 0.156 2.0 0.291 0.667 0.121
0.0 1.0 0.0 0.0 0.0 0.0 0.0 0.0 0.0 0.0 0.607 0.107 0.107 0.107 1.0 0.058 0.667 0.015
0.0 0.0 1.0 0.0 0.0 0.0 0.0 0.0 1.0 0.0 0.571 0.143 0.143 0.143 2.0 0.151 0.667 0.015
0.0 1.0 0.0 0.0 0.0 0.0 0.0 0.0 0.0 0.0 0.679 0.036 0.036 0.036 1.0 0.058 0.667 0.015
0.0 0.0 0.0 1.0 0.0 0.0 0.0 0.0 1.0 0.0 0.643 0.071 0.071 0.071 2.0 0.151 0.667 0.015
0.0 0.0 0.0 1.0 0.0 0.0 0.0 0.0 1.0 0.0 0.571 0.107 0.107 0.107 2.0 0.151 0.667 0.015
0.0 0.0 0.0 1.0 0.0 0.0 0.0 0.0 1.0 0.0 0.643 0.036 0.036 0.036 2.0 0.151 0.667 0.015
0.0 0.0 0.0 1.0 0.0 0.0 0.0 0.0 1.0 0.0 0.571 0.107 0.107 0.107 2.0 0.151 0.667 0.015
0.0 0.0 0.0 1.0 0.0 0.0 0.0 0.0 1.0 0.0 0.643 0.036 0.036 0.036 2.0 0.151 0.667 0.015
0.0 0.0 0.0 1.0 0.0 0.0 0.0 0.0 1.0 0.0 0.571 0.107 0.107 0.107 2.0 0.151 0.667 0.015
0.0 0.0 0.0 1.0 0.0 0.0 0.0 0.0 1.0 0.0 0.643 0.036 0.036 0.036 2.0 0.151 0.667 0.015
0.0 0.0 0.0 1.0 0.0 0.0 0.0 0.0 1.0 0.0 0.571 0.143 0.143 0.143 2.0 0.163 0.667 0.015
0.0 0.0 0.0 1.0 0.0 0.0 0.0 0.0 1.0 0.0 0.643 0.071 0.071 0.071 2.0 0.163 0.667 0.015
0.0 0.0 0.0 1.0 0.0 0.0 0.0 0.0 1.0 0.0 0.571 0.143 0.143 0.143 2.0 0.151 0.667 0.015
0.0 1.0 0.0 0.0 0.0 0.0 0.0 0.0 0.0 0.0 0.679 0.036 0.036 0.036 1.0 0.058 0.667 0.015
0.0 0.0 0.0 1.0 0.0 0.0 0.0 0.0 1.0 0.0 0.643 0.071 0.071 0.071 2.0 0.151 0.667 0.015
0.0 0.0 0.0 1.0 0.0 0.0 0.0 0.0 1.0 0.0 0.571 0.107 0.107 0.107 2.0 0.151 0.667 0.015
0.0 0.0 0.0 1.0 0.0 0.0 0.0 0.0 1.0 0.0 0.643 0.036 0.036 0.036 2.0 0.151 0.667 0.015
0.0 0.0 0.0 1.0 0.0 0.0 0.0 0.0 1.0 0.0 0.571 0.107 0.107 0.107 2.0 0.151 0.667 0.015
0.0 0.0 0.0 1.0 0.0 0.0 0.0 0.0 1.0 0.0 0.643 0.036 0.036 0.036 2.0 0.151 0.667 0.015
0.0 0.0 0.0 0.0 1.0 0.0 0.0 0.0 1.0 0.0 0.036 0.214 0.250 0.232 2.0 0.151 0.051 0.121
0.0 1.0 0.0 0.0 0.0 0.0 0.0 0.0 0.0 0.0 0.179 0.071 0.107 0.089 1.0 0.233 0.077 0.121
0.0 0.0 1.0 0.0 0.0 0.0 0.0 0.0 0.0 0.0 0.143 0.107 0.143 0.125 2.0 0.186 0.077 0.121
0.0 0.0 0.0 1.0 0.0 0.0 0.0 0.0 1.0 0.0 0.107 0.143 0.143 0.143 2.0 0.140 0.103 0.015
0.0 0.0 0.0 1.0 0.0 0.0 0.0 0.0 1.0 0.0 0.214 0.036 0.036 0.036 2.0 0.140 0.103 0.015
0.0 0.0 0.0 1.0 0.0 0.0 0.0 0.0 1.0 0.0 0.107 0.143 0.143 0.143 2.0 0.140 0.103 0.015
0.0 0.0 0.0 1.0 0.0 0.0 0.0 0.0 1.0 0.0 0.214 0.036 0.036 0.036 2.0 0.140 0.103 0.015
0.0 1.0 0.0 0.0 0.0 0.0 0.0 0.0 0.0 0.0 0.143 0.143 0.143 0.143 1.0 0.058 0.103 0.015
0.0 0.0 1.0 0.0 0.0 0.0 0.0 0.0 1.0 0.0 0.107 0.179 0.179 0.179 2.0 0.140 0.103 0.015
0.0 1.0 0.0 0.0 0.0 0.0 0.0 0.0 0.0 0.0 0.250 0.036 0.036 0.036 1.0 0.058 0.103 0.015
0.0 0.0 0.0 1.0 0.0 0.0 0.0 0.0 1.0 0.0 0.214 0.071 0.071 0.071 2.0 0.140 0.103 0.015
0.0 1.0 0.0 0.0 0.0 0.0 0.0 0.0 0.0 0.0 0.143 0.143 0.143 0.143 1.0 0.058 0.103 0.015
0.0 0.0 0.0 1.0 0.0 0.0 0.0 0.0 1.0 0.0 0.107 0.179 0.179 0.179 2.0 0.140 0.103 0.015
0.0 1.0 0.0 0.0 0.0 0.0 0.0 0.0 0.0 0.0 0.250 0.036 0.036 0.036 1.0 0.058 0.103 0.015
0.0 0.0 0.0 1.0 0.0 0.0 0.0 0.0 1.0 0.0 0.214 0.071 0.071 0.071 2.0 0.140 0.103 0.015
0.0 0.0 0.0 1.0 0.0 0.0 0.0 0.0 1.0 0.0 0.107 0.179 0.179 0.179 2.0 0.151 0.103 0.015
0.0 0.0 0.0 1.0 0.0 0.0 0.0 0.0 1.0 0.0 0.214 0.071 0.071 0.071 2.0 0.151 0.103 0.015
0.0 0.0 0.0 1.0 0.0 0.0 0.0 0.0 1.0 0.0 0.107 0.143 0.143 0.143 2.0 0.140 0.103 0.015
0.0 0.0 0.0 1.0 0.0 0.0 0.0 0.0 1.0 0.0 0.214 0.036 0.036 0.036 2.0 0.140 0.103 0.015
0.0 0.0 0.0 1.0 0.0 0.0 0.0 0.0 1.0 0.0 0.107 0.179 0.179 0.179 2.0 0.151 0.103 0.015
0.0 0.0 0.0 1.0 0.0 0.0 0.0 0.0 1.0 0.0 0.214 0.071 0.071 0.071 2.0 0.151 0.103 0.015
0.0 0.0 0.0 1.0 0.0 0.0 0.0 0.0 1.0 0.0 0.107 0.143 0.143 0.143 2.0 0.140 0.103 0.015
0.0 0.0 0.0 1.0 0.0 0.0 0.0 0.0 1.0 0.0 0.214 0.036 0.036 0.036 2.0 0.140 0.103 0.015
0.0 0.0 0.0 1.0 0.0 0.0 0.0 0.0 1.0 0.0 0.107 0.143 0.143 0.143 2.0 0.430 0.077 0.015
0.0 0.0 0.0 1.0 0.0 0.0 0.0 0.0 1.0 0.0 0.214 0.036 0.036 0.036 2.0 0.523 0.077 0.015
0.0 0.0 0.0 1.0 0.0 0.0 0.0 0.0 1.0 0.0 0.107 0.143 0.143 0.143 2.0 0.430 0.077 0.015
0.0 0.0 0.0 1.0 0.0 0.0 0.0 0.0 1.0 0.0 0.214 0.036 0.036 0.036 2.0 0.523 0.077 0.015
0.0 0.0 0.0 1.0 0.0 0.0 0.0 0.0 1.0 0.0 0.107 0.143 0.143 0.143 2.0 0.430 0.077 0.015
0.0 0.0 0.0 1.0 0.0 0.0 0.0 0.0 1.0 0.0 0.214 0.036 0.036 0.036 2.0 0.523 0.077 0.015
0.0 0.0 0.0 1.0 0.0 0.0 0.0 0.0 1.0 0.0 0.107 0.179 0.179 0.179 2.0 0.430 0.077 0.015
0.0 1.0 0.0 0.0 0.0 0.0 0.0 0.0 0.0 0.0 0.250 0.036 0.036 0.036 1.0 0.058 0.077 0.015
0.0 0.0 0.0 1.0 0.0 0.0 0.0 0.0 1.0 0.0 0.214 0.071 0.071 0.071 2.0 0.523 0.077 0.015
0.0 0.0 0.0 1.0 0.0 0.0 0.0 0.0 1.0 0.0 0.107 0.143 0.143 0.143 2.0 0.430 0.077 0.015
0.0 0.0 0.0 1.0 0.0 0.0 0.0 0.0 1.0 0.0 0.214 0.036 0.036 0.036 2.0 0.523 0.077 0.015
0.0 0.0 0.0 1.0 0.0 0.0 0.0 0.0 1.0 0.0 0.107 0.143 0.143 0.143 2.0 0.430 0.077 0.015
0.0 0.0 0.0 1.0 0.0 0.0 0.0 0.0 1.0 0.0 0.214 0.036 0.036 0.036 2.0 0.523 0.077 0.015
0.0 0.0 0.0 1.0 0.0 0.0 0.0 0.0 1.0 0.0 0.107 0.143 0.143 0.143 2.0 0.430 0.077 0.015
0.0 0.0 0.0 1.0 0.0 0.0 0.0 0.0 1.0 0.0 0.214 0.036 0.036 0.036 2.0 0.523 0.077 0.015
0.0 0.0 0.0 1.0 0.0 0.0 0.0 0.0 1.0 0.0 0.107 0.179 0.179 0.179 2.0 0.430 0.077 0.015
0.0 1.0 0.0 0.0 0.0 0.0 0.0 0.0 0.0 0.0 0.250 0.036 0.036 0.036 1.0 0.058 0.077 0.015
0.0 0.0 1.0 0.0 0.0 0.0 0.0 0.0 1.0 0.0 0.214 0.071 0.071 0.071 2.0 0.523 0.077 0.015
0.0 0.0 0.0 1.0 0.0 0.0 0.0 0.0 1.0 0.0 0.107 0.143 0.143 0.143 2.0 0.430 0.077 0.015
0.0 0.0 0.0 1.0 0.0 0.0 0.0 0.0 1.0 0.0 0.214 0.036 0.036 0.036 2.0 0.523 0.077 0.015
0.0 0.0 0.0 1.0 0.0 0.0 0.0 0.0 1.0 0.0 0.107 0.143 0.143 0.143 2.0 0.430 0.077 0.015
0.0 0.0 0.0 1.0 0.0 0.0 0.0 0.0 1.0 0.0 0.214 0.036 0.036 0.036 2.0 0.523 0.077 0.015
0.0 0.0 0.0 1.0 0.0 0.0 0.0 0.0 1.0 0.0 0.107 0.143 0.143 0.143 2.0 0.430 0.077 0.015
0.0 0.0 0.0 1.0 0.0 0.0 0.0 0.0 1.0 0.0 0.214 0.036 0.036 0.036 2.0 0.523 0.077 0.015
0.0 0.0 0.0 1.0 0.0 0.0 0.0 0.0 1.0 0.0 0.107 0.143 0.143 0.143 2.0 0.430 0.077 0.015
0.0 0.0 0.0 1.0 0.0 0.0 0.0 0.0 1.0 0.0 0.214 0.036 0.036 0.036 2.0 0.523 0.077 0.015
0.0 0.0 0.0 1.0 0.0 0.0 0.0 0.0 1.0 0.0 0.107 0.179 0.179 0.179 2.0 0.430 0.077 0.015
0.0 1.0 0.0 0.0 0.0 0.0 0.0 0.0 0.0 0.0 0.250 0.036 0.036 0.036 1.0 0.058 0.077 0.015
0.0 0.0 1.0 0.0 0.0 0.0 0.0 0.0 1.0 0.0 0.214 0.071 0.071 0.071 2.0 0.523 0.077 0.015
0.0 0.0 0.0 1.0 0.0 0.0 0.0 0.0 1.0 0.0 0.107 0.143 0.143 0.143 2.0 0.430 0.077 0.015
0.0 0.0 0.0 1.0 0.0 0.0 0.0 0.0 1.0 0.0 0.214 0.036 0.036 0.036 2.0 0.523 0.077 0.015
0.0 0.0 0.0 1.0 0.0 0.0 0.0 0.0 1.0 0.0 0.107 0.143 0.143 0.143 2.0 0.430 0.077 0.015
0.0 0.0 0.0 1.0 0.0 0.0 0.0 0.0 1.0 0.0 0.214 0.036 0.036 0.036 2.0 0.523 0.077 0.015
0.0 1.0 0.0 0.0 0.0 0.0 0.0 0.0 0.0 0.0 0.143 0.107 0.107 0.107 1.0 0.058 0.077 0.015
0.0 0.0 0.0 1.0 0.0 0.0 0.0 0.0 1.0 0.0 0.107 0.143 0.143 0.143 2.0 0.430 0.077 0.015
0.0 0.0 0.0 1.0 0.0 0.0 0.0 0.0 1.0 0.0 0.214 0.036 0.036 0.036 2.0 0.523 0.077 0.015
0.0 0.0 0.0 1.0 0.0 0.0 0.0 0.0 1.0 0.0 0.107 0.143 0.143 0.143 2.0 0.430 0.077 0.015
0.0 0.0 0.0 1.0 0.0 0.0 0.0 0.0 1.0 0.0 0.214 0.036 0.036 0.036 2.0 0.523 0.077 0.015
0.0 0.0 0.0 1.0 0.0 0.0 0.0 0.0 1.0 0.0 0.107 0.143 0.143 0.143 2.0 0.430 0.077 0.015
0.0 0.0 0.0 1.0 0.0 0.0 0.0 0.0 1.0 0.0 0.214 0.036 0.036 0.036 2.0 0.523 0.077 0.015
0.0 0.0 0.0 1.0 0.0 0.0 0.0 0.0 1.0 0.0 0.107 0.143 0.143 0.143 2.0 0.430 0.077 0.015
0.0 0.0 0.0 1.0 0.0 0.0 0.0 0.0 1.0 0.0 0.214 0.036 0.036 0.036 2.0 0.523 0.077 0.015
0.0 0.0 0.0 1.0 0.0 0.0 0.0 0.0 1.0 0.0 0.107 0.143 0.143 0.143 2.0 0.430 0.077 0.015
0.0 0.0 0.0 1.0 0.0 0.0 0.0 0.0 1.0 0.0 0.214 0.036 0.036 0.036 2.0 0.523 0.077 0.015
0.0 0.0 0.0 1.0 0.0 0.0 0.0 0.0 1.0 0.0 0.107 0.214 0.214 0.214 2.0 0.442 0.077 0.015
0.0 1.0 0.0 0.0 0.0 0.0 0.0 0.0 0.0 0.0 0.250 0.071 0.071 0.071 1.0 0.070 0.077 0.015
0.0 0.0 0.0 1.0 0.0 0.0 0.0 0.0 1.0 0.0 0.214 0.107 0.107 0.107 2.0 0.523 0.077 0.015
0.0 0.0 0.0 1.0 0.0 0.0 0.0 0.0 1.0 0.0 0.107 0.143 0.143 0.143 2.0 0.430 0.077 0.015
0.0 0.0 0.0 1.0 0.0 0.0 0.0 0.0 1.0 0.0 0.214 0.036 0.036 0.036 2.0 0.523 0.077 0.015
0.0 0.0 0.0 1.0 0.0 0.0 0.0 0.0 1.0 0.0 0.107 0.179 0.179 0.179 2.0 0.442 0.077 0.015
0.0 0.0 0.0 1.0 0.0 0.0 0.0 0.0 1.0 0.0 0.214 0.071 0.071 0.071 2.0 0.535 0.077 0.015
0.0 0.0 0.0 1.0 0.0 0.0 0.0 0.0 1.0 0.0 0.107 0.143 0.143 0.143 2.0 0.430 0.077 0.015
0.0 0.0 0.0 1.0 0.0 0.0 0.0 0.0 1.0 0.0 0.214 0.036 0.036 0.036 2.0 0.523 0.077 0.015
0.0 0.0 0.0 1.0 0.0 0.0 0.0 0.0 1.0 0.0 0.107 0.179 0.179 0.179 2.0 0.442 0.077 0.015
0.0 0.0 0.0 1.0 0.0 0.0 0.0 0.0 1.0 0.0 0.214 0.071 0.071 0.071 2.0 0.535 0.077 0.015
0.0 0.0 0.0 1.0 0.0 0.0 0.0 0.0 1.0 0.0 0.107 0.143 0.143 0.143 2.0 0.430 0.077 0.015
0.0 0.0 0.0 1.0 0.0 0.0 0.0 0.0 1.0 0.0 0.214 0.036 0.036 0.036 2.0 0.523 0.077 0.015
0.0 0.0 0.0 1.0 0.0 0.0 0.0 0.0 1.0 0.0 0.107 0.143 0.143 0.143 2.0 0.430 0.077 0.015
0.0 0.0 0.0 1.0 0.0 0.0 0.0 0.0 1.0 0.0 0.214 0.036 0.036 0.036 2.0 0.523 0.077 0.015
0.0 0.0 0.0 1.0 0.0 0.0 0.0 0.0 1.0 0.0 0.107 0.143 0.143 0.143 2.0 0.430 0.077 0.015
0.0 0.0 0.0 1.0 0.0 0.0 0.0 0.0 1.0 0.0 0.214 0.036 0.036 0.036 2.0 0.523 0.077 0.015
0.0 0.0 0.0 1.0 0.0 0.0 0.0 0.0 1.0 0.0 0.107 0.143 0.143 0.143 2.0 0.430 0.077 0.015
0.0 0.0 0.0 1.0 0.0 0.0 0.0 0.0 1.0 0.0 0.214 0.036 0.036 0.036 2.0 0.523 0.077 0.015
0.0 0.0 0.0 1.0 0.0 0.0 0.0 0.0 1.0 0.0 0.107 0.179 0.179 0.179 2.0 0.442 0.077 0.015
0.0 0.0 0.0 1.0 0.0 0.0 0.0 0.0 1.0 0.0 0.214 0.071 0.071 0.071 2.0 0.535 0.077 0.015
0.0 0.0 0.0 1.0 0.0 0.0 0.0 0.0 1.0 0.0 0.107 0.143 0.143 0.143 2.0 0.430 0.077 0.015
0.0 0.0 0.0 1.0 0.0 0.0 0.0 0.0 1.0 0.0 0.214 0.036 0.036 0.036 2.0 0.523 0.077 0.015
0.0 0.0 0.0 1.0 0.0 0.0 0.0 0.0 1.0 0.0 0.107 0.143 0.143 0.143 2.0 0.430 0.077 0.015
0.0 0.0 0.0 1.0 0.0 0.0 0.0 0.0 1.0 0.0 0.214 0.036 0.036 0.036 2.0 0.523 0.077 0.015
0.0 0.0 0.0 0.0 1.0 0.0 0.0 0.0 1.0 0.0 0.357 0.643 0.643 0.643 3.0 0.116 0.128 0.030
0.0 1.0 0.0 0.0 0.0 0.0 0.0 0.0 0.0 0.0 0.321 0.679 0.679 0.679 1.0 0.081 0.077 0.030
0.0 0.0 1.0 0.0 0.0 0.0 0.0 0.0 1.0 0.0 0.286 0.714 0.714 0.714 2.0 0.081 0.077 0.030
0.0 0.0 0.0 1.0 0.0 0.0 0.0 0.0 0.0 0.0 0.393 0.607 0.607 0.607 2.0 0.151 0.128 0.030
0.0 0.0 0.0 1.0 0.0 0.0 0.0 0.0 0.0 0.0 0.964 0.036 0.036 0.036 3.0 0.163 0.949 0.015
0.0 1.0 0.0 0.0 0.0 0.0 0.0 0.0 0.0 0.0 0.393 0.607 0.607 0.607 1.0 0.081 0.128 0.015
0.0 0.0 0.0 1.0 0.0 0.0 0.0 0.0 1.0 0.0 0.357 0.643 0.643 0.643 2.0 0.151 0.128 0.015
0.0 0.0 0.0 1.0 0.0 0.0 0.0 0.0 1.0 0.0 0.357 0.643 0.643 0.643 2.0 0.163 0.154 0.015
0.0 0.0 0.0 1.0 0.0 0.0 0.0 0.0 1.0 0.0 0.214 0.786 0.786 0.786 2.0 0.547 0.077 0.015
0.0 0.0 0.0 1.0 0.0 0.0 0.0 0.0 0.0 0.0 0.929 0.071 0.071 0.071 3.0 0.186 0.949 0.015
0.0 0.0 0.0 1.0 0.0 0.0 0.0 0.0 1.0 0.0 0.357 0.643 0.643 0.643 2.0 0.186 0.128 0.015
0.0 1.0 0.0 0.0 0.0 0.0 0.0 0.0 0.0 0.0 0.393 0.607 0.607 0.607 1.0 0.093 0.154 0.015
0.0 0.0 0.0 1.0 0.0 0.0 0.0 0.0 1.0 0.0 0.357 0.643 0.643 0.643 2.0 0.140 0.154 0.015
0.0 1.0 0.0 0.0 0.0 0.0 0.0 0.0 0.0 0.0 0.250 0.750 0.750 0.750 1.0 0.093 0.077 0.015
0.0 0.0 1.0 0.0 0.0 0.0 0.0 0.0 1.0 0.0 0.214 0.786 0.786 0.786 2.0 0.523 0.077 0.015
0.0 0.0 0.0 0.0 1.0 0.0 0.0 0.0 1.0 0.0 0.071 0.714 0.929 0.786 2.0 0.081 0.051 0.091
0.0 0.0 0.0 1.0 0.0 0.0 0.0 0.0 0.0 0.0 0.107 0.679 0.893 0.750 2.0 0.291 0.077 0.091
0.0 1.0 0.0 0.0 0.0 0.0 0.0 0.0 0.0 0.0 0.929 0.071 0.071 0.071 1.0 0.081 0.949 0.015
0.0 0.0 0.0 1.0 0.0 0.0 0.0 0.0 0.0 0.0 0.893 0.107 0.107 0.107 2.0 0.163 0.949 0.015
0.0 0.0 0.0 1.0 0.0 0.0 0.0 0.0 0.0 0.0 0.714 0.286 0.286 0.286 2.0 0.198 0.949 0.015
0.0 1.0 0.0 0.0 0.0 0.0 0.0 0.0 0.0 0.0 0.393 0.607 0.607 0.607 1.0 0.081 0.128 0.015
0.0 0.0 0.0 1.0 0.0 0.0 0.0 0.0 1.0 0.0 0.357 0.643 0.643 0.643 2.0 0.151 0.128 0.015
0.0 1.0 0.0 0.0 0.0 0.0 0.0 0.0 0.0 0.0 0.393 0.607 0.607 0.607 1.0 0.081 0.154 0.015
0.0 0.0 0.0 1.0 0.0 0.0 0.0 0.0 1.0 0.0 0.357 0.643 0.643 0.643 2.0 0.140 0.154 0.015
0.0 0.0 0.0 1.0 0.0 0.0 0.0 0.0 1.0 0.0 0.214 0.786 0.786 0.786 2.0 0.547 0.077 0.015
0.0 0.0 0.0 1.0 0.0 0.0 0.0 0.0 0.0 0.0 0.893 0.071 0.071 0.071 2.0 0.174 0.949 0.015
0.0 0.0 0.0 1.0 0.0 0.0 0.0 0.0 0.0 0.0 0.679 0.286 0.286 0.286 2.0 0.198 0.949 0.015
0.0 0.0 0.0 1.0 0.0 0.0 0.0 0.0 1.0 0.0 0.357 0.607 0.607 0.607 2.0 0.174 0.128 0.015
0.0 0.0 0.0 1.0 0.0 0.0 0.0 0.0 1.0 0.0 0.357 0.607 0.607 0.607 2.0 0.163 0.154 0.015
0.0 1.0 0.0 0.0 0.0 0.0 0.0 0.0 0.0 0.0 0.250 0.714 0.714 0.714 1.0 0.081 0.077 0.015
0.0 0.0 0.0 1.0 0.0 0.0 0.0 0.0 1.0 0.0 0.214 0.750 0.750 0.750 2.0 0.523 0.077 0.015
0.0 0.0 0.0 1.0 0.0 0.0 0.0 0.0 0.0 0.0 0.750 0.071 0.071 0.071 2.0 0.174 0.949 0.015
0.0 0.0 0.0 1.0 0.0 0.0 0.0 0.0 0.0 0.0 0.679 0.143 0.143 0.143 2.0 0.198 0.949 0.015
0.0 0.0 0.0 1.0 0.0 0.0 0.0 0.0 1.0 0.0 0.357 0.464 0.464 0.464 2.0 0.174 0.128 0.015
0.0 0.0 0.0 1.0 0.0 0.0 0.0 0.0 1.0 0.0 0.357 0.464 0.464 0.464 2.0 0.163 0.154 0.015
0.0 0.0 0.0 1.0 0.0 0.0 0.0 0.0 1.0 0.0 0.214 0.607 0.607 0.607 2.0 0.547 0.077 0.015
0.0 0.0 0.0 1.0 0.0 0.0 0.0 0.0 0.0 0.0 0.714 0.071 0.071 0.071 2.0 0.174 0.949 0.015
0.0 0.0 0.0 1.0 0.0 0.0 0.0 0.0 0.0 0.0 0.679 0.107 0.107 0.107 2.0 0.209 0.949 0.015
0.0 0.0 0.0 1.0 0.0 0.0 0.0 0.0 1.0 0.0 0.357 0.429 0.429 0.429 2.0 0.174 0.128 0.015
0.0 0.0 0.0 1.0 0.0 0.0 0.0 0.0 1.0 0.0 0.357 0.429 0.429 0.429 2.0 0.163 0.154 0.015
0.0 0.0 0.0 1.0 0.0 0.0 0.0 0.0 1.0 0.0 0.214 0.571 0.571 0.571 2.0 0.547 0.077 0.015
0.0 0.0 0.0 1.0 0.0 0.0 0.0 0.0 0.0 0.0 0.714 0.071 0.071 0.071 2.0 0.174 0.949 0.015
0.0 0.0 0.0 1.0 0.0 0.0 0.0 0.0 0.0 0.0 0.679 0.107 0.107 0.107 2.0 0.198 0.949 0.015
0.0 0.0 0.0 1.0 0.0 0.0 0.0 0.0 1.0 0.0 0.357 0.429 0.429 0.429 2.0 0.174 0.128 0.015
0.0 1.0 0.0 0.0 0.0 0.0 0.0 0.0 0.0 0.0 0.393 0.393 0.393 0.393 1.0 0.081 0.154 0.015
0.0 0.0 1.0 0.0 0.0 0.0 0.0 0.0 1.0 0.0 0.357 0.429 0.429 0.429 2.0 0.140 0.154 0.015
0.0 0.0 0.0 1.0 0.0 0.0 0.0 0.0 1.0 0.0 0.214 0.571 0.571 0.571 2.0 0.547 0.077 0.015
0.0 0.0 0.0 1.0 0.0 0.0 0.0 0.0 0.0 0.0 0.714 0.071 0.071 0.071 2.0 0.221 0.949 0.015
0.0 0.0 0.0 1.0 0.0 0.0 0.0 0.0 0.0 0.0 0.679 0.107 0.107 0.107 2.0 0.233 0.949 0.015
0.0 1.0 0.0 0.0 0.0 0.0 0.0 0.0 0.0 0.0 0.393 0.393 0.393 0.393 1.0 0.081 0.128 0.015
0.0 0.0 1.0 0.0 0.0 0.0 0.0 0.0 1.0 0.0 0.357 0.429 0.429 0.429 2.0 0.151 0.128 0.015
0.0 0.0 0.0 1.0 0.0 0.0 0.0 0.0 1.0 0.0 0.357 0.429 0.429 0.429 2.0 0.163 0.154 0.015
0.0 1.0 0.0 0.0 0.0 0.0 0.0 0.0 0.0 0.0 0.250 0.536 0.536 0.536 1.0 0.081 0.077 0.015
0.0 0.0 1.0 0.0 0.0 0.0 0.0 0.0 1.0 0.0 0.214 0.571 0.571 0.571 2.0 0.523 0.077 0.015
0.0 0.0 0.0 1.0 0.0 0.0 0.0 0.0 1.0 0.0 0.071 0.714 0.929 0.821 2.0 0.291 0.051 0.121
0.0 0.0 0.0 1.0 0.0 0.0 0.0 0.0 1.0 0.0 0.036 0.750 0.964 0.857 2.0 0.081 0.051 0.121
0.0 0.0 0.0 1.0 0.0 0.0 0.0 0.0 1.0 0.0 0.071 0.714 0.929 0.821 2.0 0.291 0.051 0.121
0.0 1.0 0.0 0.0 0.0 0.0 0.0 0.0 0.0 0.0 0.071 0.714 0.929 0.821 1.0 0.093 0.051 0.121
0.0 0.0 0.0 1.0 0.0 0.0 0.0 0.0 1.0 0.0 0.036 0.750 0.964 0.857 2.0 0.035 0.051 0.121
0.0 0.0 0.0 1.0 0.0 0.0 0.0 0.0 1.0 0.0 0.071 0.714 0.929 0.821 2.0 0.291 0.051 0.121
0.0 0.0 0.0 1.0 0.0 0.0 0.0 0.0 1.0 0.0 0.036 0.750 0.964 0.857 2.0 0.081 0.051 0.121
0.0 0.0 0.0 1.0 0.0 0.0 0.0 0.0 1.0 0.0 0.071 0.714 0.929 0.821 2.0 0.302 0.051 0.121
0.0 0.0 0.0 1.0 0.0 0.0 0.0 0.0 1.0 0.0 0.036 0.750 0.964 0.857 2.0 0.093 0.051 0.121
0.0 1.0 0.0 0.0 0.0 0.0 0.0 0.0 0.0 0.0 0.107 0.679 0.893 0.786 1.0 0.105 0.051 0.121
0.0 0.0 1.0 0.0 0.0 0.0 0.0 0.0 1.0 0.0 0.071 0.714 0.929 0.821 2.0 0.244 0.051 0.121
0.0 0.0 0.0 1.0 0.0 0.0 0.0 0.0 1.0 0.0 0.036 0.750 0.964 0.857 2.0 0.081 0.051 0.121
0.0 0.0 0.0 1.0 0.0 0.0 0.0 0.0 1.0 0.0 0.071 0.714 0.929 0.821 2.0 0.291 0.051 0.121
0.0 0.0 0.0 1.0 0.0 0.0 0.0 0.0 1.0 0.0 0.036 0.750 0.964 0.857 2.0 0.081 0.051 0.121
0.0 0.0 0.0 1.0 0.0 0.0 0.0 0.0 1.0 0.0 0.071 0.714 0.929 0.821 2.0 0.291 0.051 0.121
0.0 0.0 0.0 1.0 0.0 0.0 0.0 0.0 1.0 0.0 0.036 0.750 0.964 0.857 2.0 0.081 0.051 0.121
0.0 1.0 0.0 0.0 0.0 0.0 0.0 0.0 0.0 0.0 0.107 0.679 0.893 0.786 1.0 0.105 0.051 0.121
0.0 0.0 1.0 0.0 0.0 0.0 0.0 0.0 1.0 0.0 0.071 0.714 0.929 0.821 2.0 0.244 0.051 0.121
0.0 0.0 0.0 1.0 0.0 0.0 0.0 0.0 1.0 0.0 0.036 0.750 0.964 0.857 2.0 0.081 0.051 0.121
0.0 0.0 0.0 1.0 0.0 0.0 0.0 0.0 1.0 0.0 0.071 0.714 0.929 0.821 2.0 0.291 0.051 0.121
0.0 1.0 0.0 0.0 0.0 0.0 0.0 0.0 0.0 0.0 0.071 0.714 0.929 0.821 1.0 0.093 0.051 0.121
0.0 0.0 1.0 0.0 0.0 0.0 0.0 0.0 1.0 0.0 0.036 0.750 0.964 0.857 2.0 0.035 0.051 0.121
0.0 0.0 0.0 1.0 0.0 0.0 0.0 0.0 1.0 0.0 0.071 0.714 0.929 0.821 2.0 0.291 0.051 0.121
0.0 1.0 0.0 0.0 0.0 0.0 0.0 0.0 0.0 0.0 0.071 0.714 0.929 0.821 1.0 0.093 0.051 0.121
0.0 0.0 1.0 0.0 0.0 0.0 0.0 0.0 1.0 0.0 0.036 0.750 0.964 0.857 2.0 0.035 0.051 0.121
0.0 0.0 0.0 1.0 0.0 0.0 0.0 0.0 1.0 0.0 0.071 0.714 0.929 0.821 2.0 0.256 0.051 0.121
0.0 0.0 0.0 1.0 0.0 0.0 0.0 0.0 1.0 0.0 0.036 0.750 0.964 0.857 2.0 0.047 0.051 0.121
0.0 0.0 0.0 1.0 0.0 0.0 0.0 0.0 1.0 0.0 0.071 0.714 0.929 0.821 2.0 0.256 0.051 0.121
0.0 0.0 0.0 1.0 0.0 0.0 0.0 0.0 1.0 0.0 0.036 0.750 0.964 0.857 2.0 0.047 0.051 0.121
0.0 0.0 0.0 1.0 0.0 0.0 0.0 0.0 1.0 0.0 0.071 0.714 0.929 0.821 2.0 0.326 0.051 0.121
0.0 0.0 0.0 1.0 0.0 0.0 0.0 0.0 1.0 0.0 0.036 0.750 0.964 0.857 2.0 0.116 0.051 0.121
0.0 0.0 0.0 1.0 0.0 0.0 0.0 0.0 1.0 0.0 0.071 0.714 0.929 0.821 2.0 0.279 0.051 0.121
0.0 0.0 0.0 1.0 0.0 0.0 0.0 0.0 1.0 0.0 0.036 0.750 0.964 0.857 2.0 0.070 0.051 0.121
0.0 0.0 0.0 1.0 0.0 0.0 0.0 0.0 1.0 0.0 0.071 0.714 0.929 0.821 2.0 0.291 0.051 0.121
0.0 0.0 0.0 1.0 0.0 0.0 0.0 0.0 1.0 0.0 0.036 0.750 0.964 0.857 2.0 0.081 0.051 0.121
0.0 0.0 0.0 1.0 0.0 0.0 0.0 0.0 1.0 0.0 0.071 0.714 0.929 0.821 2.0 0.291 0.051 0.121
0.0 1.0 0.0 0.0 0.0 0.0 0.0 0.0 0.0 0.0 0.071 0.714 0.929 0.821 1.0 0.093 0.051 0.121
0.0 0.0 0.0 1.0 0.0 0.0 0.0 0.0 1.0 0.0 0.036 0.750 0.964 0.857 2.0 0.035 0.051 0.121
0.0 1.0 0.0 0.0 0.0 0.0 0.0 0.0 0.0 0.0 0.321 0.679 0.679 0.679 1.0 0.105 0.077 0.030
0.0 0.0 0.0 1.0 0.0 0.0 0.0 0.0 1.0 0.0 0.071 0.607 0.643 0.621 2.0 0.081 0.051 0.121
0.0 0.0 0.0 1.0 0.0 0.0 0.0 0.0 0.0 0.0 0.393 0.286 0.321 0.299 3.0 0.128 0.410 0.121
0.0 0.0 0.0 0.0 1.0 0.0 0.0 0.0 1.0 0.0 0.071 0.607 0.643 0.621 2.0 0.081 0.051 0.121
0.0 0.0 0.0 0.0 1.0 0.0 0.0 0.0 1.0 0.0 0.071 0.607 0.643 0.621 2.0 0.081 0.051 0.121
0.0 1.0 0.0 0.0 0.0 0.0 0.0 0.0 0.0 0.0 0.357 0.321 0.357 0.335 1.0 0.105 0.359 0.121
0.0 0.0 1.0 0.0 0.0 0.0 0.0 0.0 0.0 0.0 0.321 0.357 0.393 0.371 3.0 0.128 0.359 0.121
0.0 1.0 0.0 0.0 0.0 0.0 0.0 0.0 0.0 0.0 0.107 0.571 0.607 0.585 1.0 0.081 0.051 0.121
0.0 0.0 1.0 0.0 0.0 0.0 0.0 0.0 1.0 0.0 0.071 0.607 0.643 0.621 2.0 0.058 0.051 0.121
0.0 0.0 0.0 0.0 1.0 0.0 0.0 0.0 1.0 0.0 0.071 0.607 0.643 0.621 2.0 0.081 0.051 0.121
0.0 0.0 0.0 1.0 0.0 0.0 0.0 0.0 0.0 0.0 0.571 0.214 0.429 0.321 2.0 0.116 0.846 0.121
0.0 1.0 0.0 0.0 0.0 0.0 0.0 0.0 0.0 0.0 0.143 0.643 0.857 0.750 1.0 0.128 0.077 0.121
0.0 1.0 0.0 0.0 0.0 0.0 0.0 0.0 0.0 0.0 0.143 0.643 0.857 0.750 1.0 0.128 0.077 0.121
0.0 0.0 0.0 1.0 0.0 0.0 0.0 0.0 0.0 0.0 0.500 0.286 0.500 0.393 2.0 0.151 0.846 0.121
0.0 0.0 0.0 1.0 0.0 0.0 0.0 0.0 0.0 0.0 0.143 0.643 0.857 0.750 2.0 0.209 0.128 0.121
0.0 0.0 0.0 1.0 0.0 0.0 0.0 0.0 0.0 0.0 0.143 0.643 0.857 0.750 2.0 0.163 0.128 0.121
0.0 0.0 0.0 1.0 0.0 0.0 0.0 0.0 0.0 0.0 0.179 0.607 0.821 0.714 2.0 0.128 0.231 0.121
0.0 0.0 0.0 0.0 1.0 0.0 0.0 0.0 0.0 0.0 0.143 0.643 0.857 0.750 2.0 0.221 0.128 0.121
0.0 0.0 0.0 0.0 1.0 0.0 0.0 0.0 0.0 0.0 0.179 0.607 0.821 0.714 2.0 0.174 0.128 0.121
0.0 0.0 0.0 1.0 0.0 0.0 0.0 0.0 0.0 0.0 0.214 0.571 0.786 0.679 3.0 0.163 0.333 0.121
0.0 0.0 0.0 1.0 0.0 0.0 0.0 0.0 0.0 0.0 0.179 0.607 0.821 0.714 2.0 0.163 0.128 0.121
0.0 0.0 0.0 1.0 0.0 0.0 0.0 0.0 0.0 0.0 0.179 0.607 0.821 0.714 2.0 0.174 0.128 0.121
0.0 0.0 0.0 1.0 0.0 0.0 0.0 0.0 0.0 0.0 0.250 0.536 0.750 0.643 3.0 0.174 0.436 0.121
0.0 0.0 0.0 0.0 1.0 0.0 0.0 0.0 0.0 0.0 0.179 0.607 0.821 0.714 2.0 0.163 0.128 0.121
0.0 0.0 0.0 0.0 1.0 0.0 0.0 0.0 0.0 0.0 0.143 0.643 0.857 0.750 2.0 0.186 0.128 0.121
0.0 0.0 0.0 1.0 0.0 0.0 0.0 0.0 0.0 0.0 0.286 0.500 0.714 0.607 3.0 0.174 0.538 0.121
0.0 0.0 0.0 1.0 0.0 0.0 0.0 0.0 0.0 0.0 0.143 0.643 0.857 0.750 2.0 0.186 0.128 0.121
0.0 0.0 0.0 1.0 0.0 0.0 0.0 0.0 0.0 0.0 0.143 0.643 0.857 0.750 2.0 0.186 0.128 0.121
0.0 0.0 0.0 1.0 0.0 0.0 0.0 0.0 0.0 0.0 0.321 0.464 0.679 0.571 3.0 0.174 0.641 0.121
0.0 0.0 0.0 0.0 1.0 0.0 0.0 0.0 0.0 0.0 0.143 0.643 0.857 0.750 2.0 0.186 0.128 0.121
0.0 0.0 0.0 0.0 1.0 0.0 0.0 0.0 0.0 0.0 0.179 0.607 0.821 0.714 2.0 0.186 0.128 0.121
0.0 1.0 0.0 0.0 0.0 0.0 0.0 0.0 0.0 0.0 0.393 0.393 0.607 0.500 1.0 0.093 0.744 0.121
0.0 0.0 1.0 0.0 0.0 0.0 0.0 0.0 0.0 0.0 0.357 0.429 0.643 0.536 3.0 0.151 0.744 0.121
0.0 0.0 0.0 1.0 0.0 0.0 0.0 0.0 0.0 0.0 0.179 0.607 0.821 0.714 2.0 0.174 0.128 0.121
0.0 0.0 0.0 1.0 0.0 0.0 0.0 0.0 0.0 0.0 0.429 0.357 0.571 0.464 2.0 0.105 0.744 0.121
0.0 0.0 0.0 0.0 1.0 0.0 0.0 0.0 0.0 0.0 0.143 0.643 0.857 0.750 2.0 0.174 0.128 0.121
0.0 0.0 0.0 1.0 0.0 0.0 0.0 0.0 0.0 0.0 0.464 0.321 0.536 0.429 2.0 0.128 0.846 0.121
0.0 0.0 0.0 1.0 0.0 0.0 0.0 0.0 0.0 0.0 0.143 0.643 0.857 0.750 2.0 0.186 0.128 0.121
0.0 0.0 0.0 0.0 1.0 0.0 0.0 0.0 0.0 0.0 0.179 0.607 0.821 0.714 2.0 0.174 0.128 0.121
0.0 0.0 0.0 0.0 1.0 0.0 0.0 0.0 0.0 0.0 0.179 0.607 0.821 0.714 2.0 0.174 0.128 0.121
0.0 1.0 0.0 0.0 0.0 0.0 0.0 0.0 0.0 0.0 0.250 0.536 0.750 0.643 1.0 0.081 0.128 0.121
0.0 0.0 1.0 0.0 0.0 0.0 0.0 0.0 0.0 0.0 0.214 0.571 0.786 0.679 2.0 0.116 0.128 0.121
0.0 0.0 0.0 1.0 0.0 0.0 0.0 0.0 0.0 0.0 0.536 0.250 0.464 0.357 3.0 0.163 0.846 0.121
0.0 0.0 0.0 0.0 1.0 0.0 0.0 0.0 0.0 0.0 0.536 0.250 0.464 0.357 2.0 0.105 0.846 0.121
0.0 1.0 0.0 0.0 0.0 0.0 0.0 0.0 0.0 0.0 0.429 0.143 0.286 0.208 1.0 0.128 0.410 0.242
0.0 0.0 1.0 0.0 0.0 0.0 0.0 0.0 0.0 0.0 0.393 0.179 0.321 0.243 2.0 0.128 0.410 0.242
0.0 1.0 0.0 0.0 0.0 0.0 0.0 0.0 1.0 0.0 0.036 0.536 0.679 0.600 1.0 0.058 0.026 0.242
0.0 1.0 0.0 0.0 0.0 0.0 0.0 0.0 1.0 0.0 0.036 0.536 0.679 0.600 1.0 0.058 0.026 0.242
0.0 1.0 0.0 0.0 0.0 0.0 0.0 0.0 1.0 0.0 0.036 0.536 0.679 0.600 1.0 0.058 0.026 0.242
0.0 1.0 0.0 0.0 0.0 0.0 0.0 0.0 1.0 0.0 0.036 0.536 0.679 0.600 1.0 0.058 0.026 0.242
0.0 1.0 0.0 0.0 0.0 0.0 0.0 0.0 1.0 0.0 0.036 0.536 0.679 0.600 1.0 0.058 0.026 0.242
0.0 1.0 0.0 0.0 0.0 0.0 0.0 0.0 1.0 0.0 0.036 0.536 0.679 0.600 1.0 0.058 0.026 0.242
0.0 1.0 0.0 0.0 0.0 0.0 0.0 0.0 1.0 0.0 0.036 0.536 0.679 0.600 1.0 0.058 0.026 0.242
0.0 1.0 0.0 0.0 0.0 0.0 0.0 0.0 1.0 0.0 0.036 0.536 0.679 0.600 1.0 0.047 0.026 0.242
0.0 0.0 0.0 1.0 0.0 0.0 0.0 0.0 1.0 0.0 0.071 0.500 0.643 0.565 2.0 0.070 0.051 0.242
0.0 0.0 0.0 1.0 0.0 0.0 0.0 0.0 1.0 0.0 0.107 0.464 0.607 0.529 3.0 0.093 0.103 0.242
0.0 0.0 0.0 0.0 1.0 0.0 0.0 0.0 1.0 0.0 0.071 0.500 0.643 0.565 2.0 0.081 0.051 0.242
0.0 1.0 0.0 0.0 0.0 0.0 0.0 0.0 0.0 0.0 0.107 0.464 0.607 0.529 1.0 0.081 0.051 0.242
0.0 0.0 0.0 1.0 0.0 0.0 0.0 0.0 1.0 0.0 0.071 0.500 0.643 0.565 2.0 0.058 0.051 0.242
0.0 1.0 0.0 0.0 0.0 0.0 0.0 0.0 0.0 0.0 0.179 0.393 0.536 0.458 1.0 0.105 0.154 0.242
0.0 0.0 1.0 0.0 0.0 0.0 0.0 0.0 0.0 0.0 0.143 0.429 0.571 0.493 3.0 0.116 0.154 0.242
0.0 1.0 0.0 0.0 0.0 0.0 0.0 0.0 0.0 0.0 0.107 0.464 0.607 0.529 1.0 0.081 0.051 0.242
0.0 0.0 0.0 0.0 1.0 0.0 0.0 0.0 1.0 0.0 0.071 0.500 0.643 0.565 2.0 0.058 0.051 0.242
0.0 0.0 0.0 1.0 0.0 0.0 0.0 0.0 1.0 0.0 0.071 0.500 0.643 0.565 2.0 0.081 0.051 0.242
0.0 0.0 0.0 1.0 0.0 0.0 0.0 0.0 0.0 0.0 0.214 0.357 0.500 0.422 3.0 0.128 0.205 0.242
0.0 0.0 0.0 0.0 1.0 0.0 0.0 0.0 1.0 0.0 0.071 0.500 0.643 0.565 2.0 0.081 0.051 0.242
0.0 0.0 0.0 1.0 0.0 0.0 0.0 0.0 1.0 0.0 0.071 0.500 0.643 0.565 2.0 0.081 0.051 0.242
0.0 0.0 0.0 1.0 0.0 0.0 0.0 0.0 0.0 0.0 0.250 0.321 0.464 0.386 3.0 0.151 0.256 0.242
0.0 0.0 0.0 0.0 1.0 0.0 0.0 0.0 1.0 0.0 0.071 0.500 0.643 0.565 2.0 0.081 0.051 0.242
0.0 0.0 0.0 1.0 0.0 0.0 0.0 0.0 1.0 0.0 0.071 0.500 0.643 0.565 2.0 0.081 0.051 0.242
0.0 0.0 0.0 1.0 0.0 0.0 0.0 0.0 0.0 0.0 0.286 0.286 0.429 0.350 3.0 0.151 0.308 0.242
0.0 0.0 0.0 0.0 1.0 0.0 0.0 0.0 1.0 0.0 0.071 0.500 0.643 0.565 2.0 0.081 0.051 0.242
0.0 0.0 0.0 1.0 0.0 0.0 0.0 0.0 1.0 0.0 0.071 0.500 0.643 0.565 2.0 0.081 0.051 0.242
0.0 0.0 0.0 1.0 0.0 0.0 0.0 0.0 0.0 0.0 0.321 0.250 0.393 0.315 3.0 0.151 0.359 0.242
0.0 0.0 0.0 0.0 1.0 0.0 0.0 0.0 1.0 0.0 0.071 0.500 0.643 0.565 2.0 0.081 0.051 0.242
0.0 0.0 0.0 0.0 1.0 0.0 0.0 0.0 1.0 0.0 0.071 0.500 0.643 0.565 2.0 0.081 0.051 0.242
0.0 0.0 0.0 1.0 0.0 0.0 0.0 0.0 0.0 0.0 0.357 0.214 0.357 0.279 3.0 0.140 0.410 0.242
0.0 0.0 0.0 1.0 0.0 0.0 0.0 0.0 1.0 0.0 0.071 0.500 0.643 0.565 2.0 0.070 0.051 0.242
0.0 0.0 1.0 0.0 0.0 0.0 0.0 0.0 0.0 0.0 0.643 0.143 0.143 0.143 2.0 0.151 0.436 0.015
0.0 0.0 1.0 0.0 0.0 0.0 0.0 0.0 0.0 0.0 0.857 0.107 0.107 0.107 2.0 0.140 0.641 0.015
0.0 0.0 1.0 0.0 0.0 0.0 0.0 0.0 0.0 0.0 0.857 0.143 0.143 0.143 2.0 0.128 0.744 0.015
0.0 1.0 0.0 0.0 0.0 0.0 0.0 0.0 0.0 0.0 0.929 0.071 0.071 0.071 1.0 0.093 0.744 0.015
0.0 0.0 0.0 0.0 0.0 1.0 0.0 0.0 0.0 0.0 0.893 0.107 0.107 0.107 2.0 0.128 0.744 0.015
0.0 0.0 0.0 0.0 1.0 0.0 0.0 0.0 0.0 0.0 0.607 0.179 0.393 0.321 3.0 0.326 0.436 0.091
0.0 0.0 0.0 0.0 1.0 0.0 0.0 0.0 0.0 0.0 0.786 0.179 0.214 0.205 3.0 0.302 0.641 0.061
0.0 0.0 0.0 1.0 0.0 0.0 0.0 0.0 0.0 0.0 0.571 0.214 0.214 0.214 2.0 0.093 0.333 0.015
0.0 0.0 0.0 0.0 1.0 0.0 0.0 0.0 0.0 0.0 0.821 0.179 0.179 0.179 2.0 0.198 0.744 0.045
0.0 0.0 1.0 0.0 0.0 0.0 0.0 0.0 0.0 0.0 0.893 0.107 0.107 0.107 2.0 0.105 0.744 0.015
0.0 1.0 0.0 0.0 0.0 0.0 0.0 0.0 0.0 0.0 0.643 0.179 0.321 0.250 1.0 0.116 0.538 0.030
0.0 0.0 1.0 0.0 0.0 0.0 0.0 0.0 0.0 0.0 0.714 0.107 0.107 0.107 2.0 0.128 0.538 0.015
0.0 1.0 0.0 0.0 0.0 0.0 0.0 0.0 0.0 0.0 0.500 0.286 0.286 0.286 1.0 0.116 0.333 0.015
0.0 1.0 0.0 0.0 0.0 0.0 0.0 0.0 0.0 0.0 0.643 0.179 0.321 0.250 1.0 0.140 0.436 0.030
0.0 0.0 0.0 1.0 0.0 0.0 0.0 0.0 0.0 0.0 0.821 0.179 0.179 0.179 2.0 0.140 0.744 0.015
0.0 1.0 0.0 0.0 0.0 0.0 0.0 0.0 0.0 0.0 0.821 0.143 0.143 0.143 1.0 0.081 0.641 0.015
0.0 0.0 1.0 0.0 0.0 0.0 0.0 0.0 0.0 0.0 0.786 0.179 0.179 0.179 2.0 0.128 0.641 0.015
0.0 0.0 0.0 0.0 1.0 0.0 0.0 0.0 0.0 0.0 0.500 0.286 0.286 0.286 2.0 0.174 0.333 0.015
0.0 0.0 0.0 1.0 0.0 0.0 0.0 0.0 0.0 0.0 0.607 0.179 0.179 0.179 2.0 0.116 0.436 0.015
0.0 0.0 0.0 1.0 0.0 0.0 0.0 0.0 0.0 0.0 0.857 0.143 0.143 0.143 2.0 0.151 0.744 0.015
0.0 0.0 0.0 0.0 1.0 0.0 0.0 0.0 0.0 0.0 0.857 0.143 0.143 0.143 2.0 0.151 0.744 0.015
0.0 0.0 0.0 1.0 0.0 0.0 0.0 0.0 0.0 0.0 0.679 0.143 0.286 0.214 2.0 0.128 0.538 0.030
0.0 0.0 0.0 1.0 0.0 0.0 0.0 0.0 0.0 0.0 0.643 0.179 0.179 0.179 2.0 0.174 0.538 0.015
0.0 0.0 0.0 0.0 1.0 0.0 0.0 0.0 0.0 0.0 0.536 0.250 0.250 0.250 2.0 0.140 0.333 0.015
0.0 0.0 0.0 1.0 0.0 0.0 0.0 0.0 0.0 0.0 0.536 0.250 0.250 0.250 2.0 0.140 0.333 0.015
0.0 1.0 0.0 0.0 0.0 0.0 0.0 0.0 0.0 0.0 0.857 0.143 0.143 0.143 1.0 0.116 0.744 0.015
0.0 0.0 1.0 0.0 0.0 0.0 0.0 0.0 0.0 0.0 0.464 0.321 0.536 0.464 2.0 0.233 0.436 0.091
0.0 0.0 1.0 0.0 0.0 0.0 0.0 0.0 0.0 0.0 0.679 0.321 0.321 0.321 2.0 0.244 0.744 0.045
0.0 0.0 0.0 1.0 0.0 0.0 0.0 0.0 0.0 0.0 0.321 0.464 0.679 0.571 3.0 0.267 0.231 0.121
0.0 1.0 0.0 0.0 0.0 0.0 0.0 0.0 0.0 0.0 0.143 0.643 0.857 0.750 1.0 0.116 0.077 0.121
0.0 0.0 0.0 1.0 0.0 0.0 0.0 0.0 0.0 0.0 0.143 0.643 0.857 0.750 2.0 0.256 0.128 0.121
0.0 1.0 0.0 0.0 0.0 0.0 0.0 0.0 0.0 0.0 0.143 0.643 0.857 0.750 1.0 0.198 0.077 0.121
0.0 1.0 0.0 0.0 0.0 0.0 0.0 0.0 0.0 0.0 0.179 0.607 0.821 0.730 1.0 0.174 0.077 0.106
0.0 1.0 0.0 0.0 0.0 0.0 0.0 0.0 0.0 0.0 0.179 0.607 0.821 0.730 1.0 0.186 0.077 0.106
0.0 1.0 0.0 0.0 0.0 0.0 0.0 0.0 0.0 0.0 0.143 0.679 0.857 0.814 1.0 0.186 0.077 0.076
0.0 1.0 0.0 0.0 0.0 0.0 0.0 0.0 0.0 0.0 0.143 0.679 0.857 0.814 1.0 0.186 0.077 0.076
0.0 0.0 0.0 0.0 0.0 1.0 0.0 0.0 0.0 0.0 0.429 0.393 0.571 0.529 2.0 0.174 0.436 0.076
0.0 0.0 1.0 0.0 0.0 0.0 0.0 0.0 0.0 0.0 0.536 0.429 0.464 0.455 2.0 0.186 0.538 0.061
0.0 1.0 0.0 0.0 0.0 0.0 0.0 0.0 0.0 0.0 0.143 0.821 0.857 0.848 1.0 0.209 0.077 0.061
0.0 1.0 0.0 0.0 0.0 0.0 0.0 0.0 0.0 0.0 0.143 0.821 0.857 0.848 1.0 0.209 0.077 0.061
0.0 0.0 1.0 0.0 0.0 0.0 0.0 0.0 0.0 0.0 0.357 0.429 0.643 0.571 2.0 0.163 0.333 0.091
0.0 0.0 0.0 0.0 0.0 1.0 0.0 0.0 0.0 0.0 0.393 0.393 0.607 0.536 2.0 0.186 0.436 0.091
0.0 0.0 0.0 1.0 0.0 0.0 0.0 0.0 0.0 0.0 0.214 0.571 0.786 0.679 2.0 0.163 0.128 0.121
0.0 0.0 0.0 1.0 0.0 0.0 0.0 0.0 0.0 0.0 0.643 0.321 0.357 0.348 2.0 0.209 0.641 0.061
0.0 0.0 0.0 1.0 0.0 0.0 0.0 0.0 0.0 0.0 0.536 0.286 0.464 0.421 2.0 0.221 0.538 0.076
0.0 0.0 0.0 1.0 0.0 0.0 0.0 0.0 0.0 0.0 0.357 0.429 0.643 0.551 2.0 0.198 0.333 0.106
0.0 1.0 0.0 0.0 0.0 0.0 0.0 0.0 0.0 0.0 0.143 0.857 0.857 0.857 1.0 0.128 0.077 0.045
0.0 1.0 0.0 0.0 0.0 0.0 0.0 0.0 0.0 0.0 0.179 0.821 0.821 0.821 1.0 0.128 0.077 0.045
0.0 0.0 0.0 0.0 1.0 0.0 0.0 0.0 0.0 0.0 0.286 0.500 0.714 0.622 2.0 0.198 0.231 0.106
0.0 0.0 0.0 0.0 0.0 1.0 0.0 0.0 0.0 0.0 0.179 0.607 0.821 0.714 2.0 0.221 0.179 0.121
0.0 1.0 0.0 0.0 0.0 0.0 0.0 0.0 0.0 0.0 0.464 0.357 0.536 0.493 1.0 0.116 0.436 0.076
0.0 1.0 0.0 0.0 0.0 0.0 0.0 0.0 0.0 0.0 0.179 0.607 0.821 0.714 1.0 0.163 0.128 0.121
0.0 1.0 0.0 0.0 0.0 0.0 0.0 0.0 0.0 0.0 0.214 0.571 0.786 0.714 1.0 0.140 0.128 0.091
0.0 0.0 0.0 1.0 0.0 0.0 0.0 0.0 0.0 0.0 0.179 0.607 0.821 0.750 2.0 0.163 0.128 0.091
0.0 0.0 0.0 0.0 1.0 0.0 0.0 0.0 0.0 0.0 0.214 0.571 0.786 0.694 2.0 0.151 0.179 0.106
0.0 0.0 1.0 0.0 0.0 0.0 0.0 0.0 0.0 0.0 0.250 0.536 0.750 0.658 2.0 0.209 0.231 0.106
0.0 0.0 0.0 1.0 0.0 0.0 0.0 0.0 0.0 0.0 0.214 0.571 0.786 0.714 2.0 0.128 0.128 0.091
0.0 0.0 0.0 1.0 0.0 0.0 0.0 0.0 0.0 0.0 0.321 0.464 0.679 0.607 2.0 0.151 0.333 0.091
0.0 0.0 0.0 0.0 1.0 0.0 0.0 0.0 0.0 0.0 0.214 0.571 0.786 0.714 2.0 0.140 0.128 0.091
0.0 0.0 0.0 0.0 0.0 1.0 0.0 0.0 0.0 0.0 0.179 0.607 0.821 0.750 2.0 0.163 0.128 0.091
0.0 0.0 0.0 0.0 1.0 0.0 0.0 0.0 0.0 0.0 0.179 0.786 0.821 0.812 2.0 0.128 0.128 0.061
0.0 1.0 0.0 0.0 0.0 0.0 0.0 0.0 0.0 0.0 0.500 0.464 0.500 0.491 1.0 0.105 0.538 0.061
0.0 0.0 1.0 0.0 0.0 0.0 0.0 0.0 0.0 0.0 0.464 0.500 0.536 0.527 2.0 0.128 0.538 0.061
0.0 0.0 0.0 1.0 0.0 0.0 0.0 0.0 0.0 0.0 0.179 0.786 0.821 0.812 2.0 0.151 0.128 0.061
0.0 1.0 0.0 0.0 0.0 0.0 0.0 0.0 0.0 0.0 0.571 0.393 0.429 0.420 1.0 0.140 0.538 0.061
0.0 0.0 0.0 1.0 0.0 0.0 0.0 0.0 0.0 0.0 0.179 0.821 0.821 0.821 2.0 0.174 0.128 0.045
0.0 0.0 0.0 1.0 0.0 0.0 0.0 0.0 0.0 0.0 0.571 0.429 0.429 0.429 2.0 0.174 0.641 0.045
0.0 0.0 0.0 0.0 1.0 0.0 0.0 0.0 0.0 0.0 0.179 0.821 0.821 0.821 2.0 0.186 0.128 0.045
0.0 0.0 0.0 1.0 0.0 0.0 0.0 0.0 0.0 0.0 0.607 0.393 0.393 0.393 4.0 0.233 0.744 0.045
0.0 0.0 0.0 1.0 0.0 0.0 0.0 0.0 0.0 0.0 0.607 0.393 0.393 0.393 2.0 0.140 0.641 0.045
0.0 0.0 0.0 1.0 0.0 0.0 0.0 0.0 0.0 0.0 0.643 0.357 0.357 0.357 3.0 0.186 0.744 0.045
0.0 0.0 0.0 0.0 1.0 0.0 0.0 0.0 0.0 0.0 0.179 0.607 0.821 0.750 2.0 0.151 0.128 0.091
0.0 0.0 0.0 1.0 0.0 0.0 0.0 0.0 0.0 0.0 0.250 0.536 0.750 0.679 2.0 0.128 0.128 0.091
0.0 0.0 0.0 1.0 0.0 0.0 0.0 0.0 0.0 0.0 0.393 0.393 0.607 0.536 2.0 0.163 0.436 0.091
0.0 0.0 0.0 1.0 0.0 0.0 0.0 0.0 0.0 0.0 0.429 0.357 0.571 0.500 2.0 0.174 0.436 0.091
0.0 0.0 0.0 1.0 0.0 0.0 0.0 0.0 0.0 0.0 0.286 0.500 0.714 0.607 2.0 0.163 0.231 0.121
0.0 0.0 0.0 0.0 1.0 0.0 0.0 0.0 0.0 0.0 0.179 0.821 0.821 0.821 2.0 0.186 0.128 0.045
0.0 0.0 0.0 0.0 1.0 0.0 0.0 0.0 0.0 0.0 0.214 0.786 0.786 0.786 2.0 0.186 0.128 0.045
0.0 0.0 0.0 1.0 0.0 0.0 0.0 0.0 0.0 0.0 0.250 0.750 0.750 0.750 2.0 0.140 0.128 0.045
0.0 0.0 0.0 0.0 1.0 0.0 0.0 0.0 0.0 0.0 0.179 0.786 0.821 0.812 2.0 0.198 0.128 0.061
0.0 0.0 0.0 0.0 1.0 0.0 0.0 0.0 0.0 0.0 0.179 0.786 0.821 0.812 2.0 0.198 0.128 0.061
0.0 0.0 0.0 1.0 0.0 0.0 0.0 0.0 0.0 0.0 0.214 0.750 0.786 0.777 2.0 0.128 0.128 0.061
0.0 0.0 0.0 1.0 0.0 0.0 0.0 0.0 0.0 0.0 0.607 0.357 0.393 0.384 2.0 0.140 0.641 0.061
0.0 0.0 0.0 1.0 0.0 0.0 0.0 0.0 0.0 0.0 0.571 0.393 0.429 0.420 3.0 0.209 0.641 0.061
0.0 0.0 0.0 0.0 1.0 0.0 0.0 0.0 0.0 0.0 0.179 0.643 0.821 0.779 2.0 0.198 0.128 0.076
0.0 0.0 0.0 0.0 1.0 0.0 0.0 0.0 0.0 0.0 0.179 0.643 0.821 0.779 2.0 0.198 0.128 0.076
0.0 0.0 0.0 1.0 0.0 0.0 0.0 0.0 0.0 0.0 0.214 0.607 0.786 0.743 2.0 0.128 0.128 0.076
0.0 0.0 0.0 1.0 0.0 0.0 0.0 0.0 0.0 0.0 0.500 0.321 0.500 0.457 3.0 0.174 0.538 0.076
0.0 0.0 0.0 1.0 0.0 0.0 0.0 0.0 0.0 0.0 0.464 0.357 0.536 0.493 2.0 0.163 0.538 0.076
0.0 0.0 0.0 0.0 1.0 0.0 0.0 0.0 0.0 0.0 0.214 0.571 0.786 0.694 2.0 0.186 0.128 0.106
0.0 0.0 0.0 0.0 1.0 0.0 0.0 0.0 0.0 0.0 0.214 0.571 0.786 0.694 2.0 0.198 0.128 0.106
0.0 0.0 1.0 0.0 0.0 0.0 0.0 0.0 0.0 0.0 0.250 0.536 0.750 0.658 2.0 0.128 0.128 0.106
0.0 0.0 0.0 1.0 0.0 0.0 0.0 0.0 0.0 0.0 0.321 0.464 0.679 0.587 3.0 0.198 0.333 0.106
0.0 0.0 0.0 0.0 1.0 0.0 0.0 0.0 0.0 0.0 0.321 0.464 0.679 0.587 2.0 0.151 0.333 0.106
0.0 0.0 0.0 1.0 0.0 0.0 0.0 0.0 0.0 0.0 0.179 0.607 0.821 0.714 2.0 0.198 0.179 0.121
0.0 0.0 0.0 0.0 1.0 0.0 0.0 0.0 0.0 0.0 0.179 0.607 0.821 0.714 2.0 0.198 0.179 0.121
0.0 1.0 0.0 0.0 0.0 0.0 0.0 0.0 0.0 0.0 0.250 0.536 0.750 0.643 1.0 0.081 0.179 0.121
0.0 0.0 1.0 0.0 0.0 0.0 0.0 0.0 0.0 0.0 0.214 0.571 0.786 0.679 2.0 0.081 0.179 0.121
0.0 0.0 0.0 0.0 1.0 0.0 0.0 0.0 0.0 0.0 0.214 0.571 0.786 0.679 3.0 0.267 0.231 0.121
0.0 0.0 0.0 1.0 0.0 0.0 0.0 0.0 0.0 0.0 0.214 0.571 0.786 0.679 2.0 0.244 0.231 0.121
0.0 0.0 0.0 0.0 1.0 0.0 0.0 0.0 0.0 0.0 0.179 0.607 0.821 0.714 2.0 0.151 0.128 0.121
0.0 0.0 0.0 1.0 0.0 0.0 0.0 0.0 0.0 0.0 0.179 0.607 0.821 0.714 2.0 0.151 0.128 0.121
0.0 1.0 0.0 0.0 0.0 0.0 0.0 0.0 0.0 0.0 0.250 0.571 0.750 0.707 1.0 0.116 0.128 0.076
0.0 0.0 1.0 0.0 0.0 0.0 0.0 0.0 0.0 0.0 0.464 0.321 0.536 0.444 2.0 0.244 0.333 0.106
0.0 0.0 1.0 0.0 0.0 0.0 0.0 0.0 0.0 0.0 0.607 0.214 0.393 0.350 2.0 0.221 0.538 0.076
0.0 0.0 1.0 0.0 0.0 0.0 0.0 0.0 0.0 0.0 0.750 0.214 0.250 0.241 2.0 0.198 0.641 0.061
0.0 0.0 1.0 0.0 0.0 0.0 0.0 0.0 0.0 0.0 0.786 0.214 0.214 0.214 2.0 0.163 0.744 0.045
0.0 0.0 0.0 0.0 1.0 0.0 0.0 0.0 0.0 0.0 0.714 0.286 0.286 0.286 2.0 0.233 0.744 0.045
0.0 1.0 0.0 0.0 0.0 0.0 0.0 0.0 0.0 0.0 0.429 0.357 0.571 0.480 1.0 0.233 0.333 0.106
0.0 0.0 0.0 0.0 1.0 0.0 0.0 0.0 0.0 0.0 0.393 0.393 0.607 0.515 3.0 0.267 0.333 0.106
0.0 0.0 0.0 0.0 1.0 0.0 0.0 0.0 0.0 0.0 0.571 0.250 0.429 0.386 3.0 0.314 0.538 0.076
0.0 0.0 0.0 0.0 1.0 0.0 0.0 0.0 0.0 0.0 0.679 0.286 0.321 0.312 2.0 0.267 0.641 0.061
0.0 0.0 0.0 1.0 0.0 0.0 0.0 0.0 0.0 0.0 0.429 0.357 0.571 0.464 2.0 0.256 0.231 0.121
0.0 1.0 0.0 0.0 0.0 0.0 0.0 0.0 0.0 0.0 0.500 0.286 0.500 0.429 1.0 0.128 0.436 0.091
0.0 0.0 1.0 0.0 0.0 0.0 0.0 0.0 0.0 0.0 0.571 0.214 0.429 0.357 2.0 0.186 0.436 0.091
0.0 1.0 0.0 0.0 0.0 0.0 0.0 0.0 0.0 0.0 0.250 0.536 0.750 0.643 1.0 0.128 0.128 0.121
0.0 1.0 0.0 0.0 0.0 0.0 0.0 0.0 0.0 0.0 0.464 0.321 0.536 0.464 1.0 0.116 0.333 0.091
0.0 1.0 0.0 0.0 0.0 0.0 0.0 0.0 0.0 0.0 0.750 0.250 0.250 0.250 1.0 0.093 0.744 0.045
0.0 0.0 0.0 1.0 0.0 0.0 0.0 0.0 0.0 0.0 0.714 0.286 0.286 0.286 2.0 0.140 0.744 0.045
0.0 1.0 0.0 0.0 0.0 0.0 0.0 0.0 0.0 0.0 0.714 0.250 0.286 0.277 1.0 0.093 0.641 0.061
0.0 0.0 1.0 0.0 0.0 0.0 0.0 0.0 0.0 0.0 0.679 0.286 0.321 0.312 2.0 0.151 0.641 0.061
0.0 0.0 0.0 1.0 0.0 0.0 0.0 0.0 0.0 0.0 0.571 0.250 0.429 0.386 2.0 0.163 0.538 0.076
0.0 0.0 0.0 0.0 1.0 0.0 0.0 0.0 0.0 0.0 0.357 0.429 0.643 0.551 2.0 0.186 0.231 0.106
0.0 0.0 0.0 1.0 0.0 0.0 0.0 0.0 0.0 0.0 0.393 0.393 0.607 0.515 2.0 0.163 0.333 0.106
0.0 0.0 0.0 1.0 0.0 0.0 0.0 0.0 0.0 0.0 0.536 0.250 0.464 0.393 2.0 0.140 0.436 0.091
0.0 1.0 0.0 0.0 0.0 0.0 0.0 0.0 0.0 0.0 0.536 0.250 0.464 0.393 1.0 0.093 0.436 0.091
0.0 0.0 0.0 1.0 0.0 0.0 0.0 0.0 0.0 0.0 0.500 0.286 0.500 0.429 2.0 0.151 0.436 0.091
0.0 1.0 0.0 0.0 0.0 0.0 0.0 0.0 0.0 0.0 0.393 0.393 0.607 0.500 1.0 0.128 0.231 0.121
0.0 0.0 0.0 0.0 1.0 0.0 0.0 0.0 0.0 0.0 0.357 0.429 0.643 0.536 2.0 0.151 0.231 0.121
0.0 0.0 0.0 1.0 0.0 0.0 0.0 0.0 0.0 0.0 0.357 0.429 0.643 0.536 2.0 0.209 0.231 0.121
0.0 0.0 0.0 1.0 0.0 0.0 0.0 0.0 0.0 0.0 0.429 0.250 0.286 0.263 2.0 0.140 0.410 0.121
0.0 1.0 0.0 0.0 0.0 0.0 0.0 0.0 1.0 0.0 0.036 0.643 0.679 0.656 1.0 0.058 0.026 0.121
0.0 1.0 0.0 0.0 0.0 0.0 0.0 0.0 1.0 0.0 0.036 0.643 0.679 0.656 1.0 0.058 0.026 0.121
0.0 1.0 0.0 0.0 0.0 0.0 0.0 0.0 1.0 0.0 0.036 0.643 0.679 0.656 1.0 0.058 0.026 0.121
0.0 1.0 0.0 0.0 0.0 0.0 0.0 0.0 1.0 0.0 0.036 0.643 0.679 0.656 1.0 0.058 0.026 0.121
0.0 1.0 0.0 0.0 0.0 0.0 0.0 0.0 1.0 0.0 0.036 0.643 0.679 0.656 1.0 0.058 0.026 0.121
0.0 1.0 0.0 0.0 0.0 0.0 0.0 0.0 1.0 0.0 0.036 0.643 0.679 0.656 1.0 0.058 0.026 0.121
0.0 1.0 0.0 0.0 0.0 0.0 0.0 0.0 1.0 0.0 0.036 0.643 0.679 0.656 1.0 0.058 0.026 0.121
0.0 1.0 0.0 0.0 0.0 0.0 0.0 0.0 1.0 0.0 0.036 0.643 0.679 0.656 1.0 0.047 0.026 0.121
0.0 0.0 0.0 1.0 0.0 0.0 0.0 0.0 1.0 0.0 0.071 0.607 0.643 0.621 2.0 0.070 0.051 0.121
0.0 0.0 0.0 1.0 0.0 0.0 0.0 0.0 1.0 0.0 0.107 0.571 0.607 0.585 3.0 0.093 0.103 0.121
0.0 0.0 0.0 0.0 1.0 0.0 0.0 0.0 1.0 0.0 0.071 0.607 0.643 0.621 2.0 0.081 0.051 0.121
0.0 0.0 0.0 1.0 0.0 0.0 0.0 0.0 1.0 0.0 0.071 0.607 0.643 0.621 2.0 0.081 0.051 0.121
0.0 0.0 0.0 1.0 0.0 0.0 0.0 0.0 0.0 0.0 0.143 0.536 0.571 0.549 3.0 0.140 0.154 0.121
0.0 0.0 0.0 0.0 1.0 0.0 0.0 0.0 1.0 0.0 0.071 0.607 0.643 0.621 2.0 0.081 0.051 0.121
0.0 0.0 0.0 1.0 0.0 0.0 0.0 0.0 1.0 0.0 0.071 0.607 0.643 0.621 2.0 0.081 0.051 0.121
0.0 1.0 0.0 0.0 0.0 0.0 0.0 0.0 0.0 0.0 0.214 0.464 0.500 0.478 1.0 0.105 0.205 0.121
0.0 0.0 1.0 0.0 0.0 0.0 0.0 0.0 0.0 0.0 0.179 0.500 0.536 0.513 3.0 0.128 0.205 0.121
0.0 0.0 0.0 0.0 1.0 0.0 0.0 0.0 1.0 0.0 0.071 0.607 0.643 0.621 2.0 0.081 0.051 0.121
0.0 0.0 0.0 1.0 0.0 0.0 0.0 0.0 1.0 0.0 0.071 0.607 0.643 0.621 2.0 0.081 0.051 0.121
0.0 0.0 0.0 1.0 0.0 0.0 0.0 0.0 0.0 0.0 0.250 0.429 0.464 0.442 3.0 0.128 0.256 0.121
0.0 0.0 0.0 0.0 1.0 0.0 0.0 0.0 1.0 0.0 0.071 0.607 0.643 0.621 2.0 0.081 0.051 0.121
0.0 0.0 0.0 1.0 0.0 0.0 0.0 0.0 1.0 0.0 0.071 0.607 0.643 0.621 2.0 0.081 0.051 0.121
0.0 0.0 0.0 1.0 0.0 0.0 0.0 0.0 0.0 0.0 0.286 0.393 0.429 0.406 3.0 0.151 0.308 0.121
