0.0 1.0 0.0 0.0 0.0 0.0 0.0 0.0 1.0 0.0 0.021 0.771 0.979 0.834 1.0 0.135 0.030 1.000
0.0 1.0 0.0 0.0 0.0 0.0 0.0 0.0 1.0 0.0 0.021 0.771 0.979 0.834 1.0 0.095 0.030 1.000
0.0 1.0 0.0 0.0 0.0 0.0 0.0 0.0 1.0 0.0 0.021 0.771 0.979 0.834 1.0 0.135 0.030 1.000
0.0 1.0 0.0 0.0 0.0 0.0 0.0 0.0 1.0 0.0 0.021 0.771 0.979 0.834 1.0 0.176 0.030 1.000
0.0 1.0 0.0 0.0 0.0 0.0 0.0 0.0 1.0 0.0 0.021 0.771 0.979 0.834 1.0 0.095 0.030 1.000
0.0 1.0 0.0 0.0 0.0 0.0 0.0 0.0 1.0 0.0 0.021 0.771 0.979 0.834 1.0 0.095 0.030 1.000
0.0 1.0 0.0 0.0 0.0 0.0 0.0 0.0 1.0 0.0 0.021 0.771 0.979 0.834 1.0 0.135 0.030 1.000
0.0 1.0 0.0 0.0 0.0 0.0 0.0 0.0 1.0 0.0 0.021 0.771 0.979 0.834 1.0 0.135 0.030 1.000
0.0 1.0 0.0 0.0 0.0 0.0 0.0 0.0 1.0 0.0 0.021 0.771 0.979 0.834 1.0 0.176 0.030 1.000
0.0 1.0 0.0 0.0 0.0 0.0 0.0 0.0 1.0 0.0 0.021 0.771 0.979 0.834 1.0 0.135 0.030 1.000
0.0 1.0 0.0 0.0 0.0 0.0 0.0 0.0 1.0 0.0 0.021 0.771 0.979 0.834 1.0 0.095 0.030 1.000
0.0 1.0 0.0 0.0 0.0 0.0 0.0 0.0 1.0 0.0 0.021 0.771 0.979 0.834 1.0 0.095 0.030 1.000
0.0 1.0 0.0 0.0 0.0 0.0 0.0 0.0 1.0 0.0 0.021 0.771 0.979 0.834 1.0 0.135 0.030 1.000
0.0 1.0 0.0 0.0 0.0 0.0 0.0 0.0 1.0 0.0 0.021 0.771 0.979 0.834 1.0 0.135 0.030 1.000
0.0 1.0 0.0 0.0 0.0 0.0 0.0 0.0 1.0 0.0 0.021 0.771 0.979 0.834 1.0 0.135 0.030 1.000
0.0 1.0 0.0 0.0 0.0 0.0 0.0 0.0 1.0 0.0 0.021 0.771 0.979 0.834 1.0 0.135 0.030 1.000
0.0 0.0 0.0 1.0 0.0 0.0 0.0 0.0 1.0 0.0 0.021 0.917 0.917 0.917 2.0 0.068 0.061 0.040
0.0 0.0 0.0 1.0 0.0 0.0 0.0 0.0 1.0 0.0 0.021 0.917 0.917 0.917 2.0 0.068 0.061 0.040
0.0 1.0 0.0 0.0 0.0 0.0 0.0 0.0 1.0 0.0 0.021 0.771 0.979 0.834 1.0 0.108 0.030 1.000
0.0 1.0 0.0 0.0 0.0 0.0 0.0 0.0 1.0 0.0 0.021 0.771 0.979 0.834 1.0 0.054 0.030 1.000
1.0 0.0 0.0 0.0 0.0 0.0 0.0 0.0 1.0 0.0 0.021 0.771 0.979 0.834 1.0 0.108 0.030 1.000
1.0 0.0 0.0 0.0 0.0 0.0 0.0 0.0 1.0 0.0 0.021 0.771 0.979 0.834 1.0 0.149 0.030 1.000
0.0 1.0 0.0 0.0 0.0 0.0 0.0 0.0 1.0 0.0 0.021 0.771 0.979 0.834 1.0 0.095 0.030 1.000
0.0 1.0 0.0 0.0 0.0 0.0 0.0 0.0 1.0 0.0 0.021 0.771 0.979 0.834 1.0 0.095 0.030 1.000
0.0 1.0 0.0 0.0 0.0 0.0 0.0 0.0 1.0 0.0 0.021 0.771 0.979 0.834 1.0 0.095 0.030 1.000
0.0 1.0 0.0 0.0 0.0 0.0 0.0 0.0 1.0 0.0 0.021 0.771 0.979 0.834 1.0 0.095 0.030 1.000
0.0 1.0 0.0 0.0 0.0 0.0 0.0 0.0 1.0 0.0 0.021 0.917 0.917 0.917 1.0 0.068 0.030 0.040
0.0 1.0 0.0 0.0 0.0 0.0 0.0 0.0 1.0 0.0 0.021 0.917 0.917 0.917 1.0 0.068 0.030 0.040
0.0 1.0 0.0 0.0 0.0 0.0 0.0 0.0 1.0 0.0 0.021 0.771 0.979 0.855 1.0 0.108 0.030 0.640
0.0 1.0 0.0 0.0 0.0 0.0 0.0 0.0 1.0 0.0 0.021 0.771 0.979 0.854 1.0 0.108 0.030 0.640
1.0 0.0 0.0 0.0 0.0 0.0 0.0 0.0 1.0 0.0 0.021 0.917 0.979 0.941 1.0 0.270 0.030 0.240
0.0 1.0 0.0 0.0 0.0 0.0 0.0 0.0 1.0 0.0 0.021 0.771 0.979 0.834 1.0 0.338 0.030 1.000
1.0 0.0 0.0 0.0 0.0 0.0 0.0 0.0 1.0 0.0 0.021 0.771 0.979 0.834 1.0 0.122 0.030 1.000
0.0 1.0 0.0 0.0 0.0 0.0 0.0 0.0 1.0 0.0 0.021 0.771 0.979 0.834 1.0 0.122 0.030 1.000
1.0 0.0 0.0 0.0 0.0 0.0 0.0 0.0 1.0 0.0 0.021 0.771 0.979 0.834 1.0 0.203 0.030 1.000
0.0 1.0 0.0 0.0 0.0 0.0 0.0 0.0 1.0 0.0 0.021 0.917 0.979 0.941 1.0 0.189 0.030 0.240
0.0 1.0 0.0 0.0 0.0 0.0 0.0 0.0 1.0 0.0 0.021 0.854 0.854 0.854 1.0 0.068 0.030 0.040
1.0 0.0 0.0 0.0 0.0 0.0 0.0 0.0 1.0 0.0 0.021 0.917 0.917 0.917 1.0 0.122 0.030 0.080
0.0 1.0 0.0 0.0 0.0 0.0 0.0 0.0 1.0 0.0 0.021 0.771 0.979 0.834 1.0 0.270 0.030 1.000
1.0 0.0 0.0 0.0 0.0 0.0 0.0 0.0 1.0 0.0 0.021 0.771 0.979 0.834 1.0 0.176 0.030 1.000
1.0 0.0 0.0 0.0 0.0 0.0 0.0 0.0 1.0 0.0 0.021 0.917 0.979 0.941 1.0 0.189 0.030 0.240
0.0 1.0 0.0 0.0 0.0 0.0 0.0 0.0 1.0 0.0 0.021 0.771 0.979 0.834 1.0 0.284 0.030 1.000
1.0 0.0 0.0 0.0 0.0 0.0 0.0 0.0 1.0 0.0 0.021 0.792 0.792 0.792 1.0 0.081 0.030 0.040
1.0 0.0 0.0 0.0 0.0 0.0 0.0 0.0 1.0 0.0 0.021 0.771 0.771 0.771 1.0 0.081 0.030 0.040
1.0 0.0 0.0 0.0 0.0 0.0 0.0 0.0 1.0 0.0 0.021 0.792 0.792 0.792 1.0 0.081 0.030 0.040
1.0 0.0 0.0 0.0 0.0 0.0 0.0 0.0 1.0 0.0 0.021 0.771 0.771 0.771 1.0 0.081 0.030 0.040
1.0 0.0 0.0 0.0 0.0 0.0 0.0 0.0 1.0 0.0 0.021 0.771 0.771 0.771 1.0 0.081 0.030 0.040
1.0 0.0 0.0 0.0 0.0 0.0 0.0 0.0 1.0 0.0 0.021 0.792 0.792 0.792 1.0 0.081 0.030 0.040
1.0 0.0 0.0 0.0 0.0 0.0 0.0 0.0 1.0 0.0 0.021 0.792 0.792 0.792 1.0 0.081 0.030 0.040
1.0 0.0 0.0 0.0 0.0 0.0 0.0 0.0 1.0 0.0 0.021 0.792 0.792 0.792 1.0 0.081 0.030 0.040
1.0 0.0 0.0 0.0 0.0 0.0 0.0 0.0 1.0 0.0 0.021 0.792 0.792 0.792 1.0 0.081 0.030 0.040
1.0 0.0 0.0 0.0 0.0 0.0 0.0 0.0 1.0 0.0 0.021 0.792 0.792 0.792 1.0 0.081 0.030 0.040
1.0 0.0 0.0 0.0 0.0 0.0 0.0 0.0 1.0 0.0 0.021 0.771 0.771 0.771 1.0 0.081 0.030 0.040
1.0 0.0 0.0 0.0 0.0 0.0 0.0 0.0 1.0 0.0 0.021 0.792 0.792 0.792 1.0 0.081 0.030 0.040
1.0 0.0 0.0 0.0 0.0 0.0 0.0 0.0 1.0 0.0 0.021 0.792 0.792 0.792 1.0 0.081 0.030 0.040
1.0 0.0 0.0 0.0 0.0 0.0 0.0 0.0 1.0 0.0 0.021 0.771 0.771 0.771 1.0 0.081 0.030 0.040
1.0 0.0 0.0 0.0 0.0 0.0 0.0 0.0 1.0 0.0 0.021 0.771 0.771 0.771 1.0 0.081 0.030 0.040
1.0 0.0 0.0 0.0 0.0 0.0 0.0 0.0 1.0 0.0 0.021 0.771 0.771 0.771 1.0 0.081 0.030 0.040
0.0 1.0 0.0 0.0 0.0 0.0 0.0 0.0 0.0 0.0 0.042 0.771 0.771 0.771 1.0 0.081 0.030 0.040
0.0 1.0 0.0 0.0 0.0 0.0 0.0 0.0 0.0 0.0 0.042 0.750 0.750 0.750 1.0 0.081 0.030 0.040
0.0 1.0 0.0 0.0 0.0 0.0 0.0 0.0 0.0 0.0 0.042 0.771 0.771 0.771 1.0 0.081 0.030 0.040
0.0 1.0 0.0 0.0 0.0 0.0 0.0 0.0 0.0 0.0 0.042 0.750 0.750 0.750 1.0 0.081 0.030 0.040
0.0 1.0 0.0 0.0 0.0 0.0 0.0 0.0 0.0 0.0 0.042 0.750 0.750 0.750 1.0 0.081 0.030 0.040
0.0 1.0 0.0 0.0 0.0 0.0 0.0 0.0 0.0 0.0 0.042 0.771 0.771 0.771 1.0 0.081 0.030 0.040
0.0 1.0 0.0 0.0 0.0 0.0 0.0 0.0 0.0 0.0 0.042 0.771 0.771 0.771 1.0 0.081 0.030 0.040
0.0 1.0 0.0 0.0 0.0 0.0 0.0 0.0 0.0 0.0 0.042 0.771 0.771 0.771 1.0 0.081 0.030 0.040
0.0 1.0 0.0 0.0 0.0 0.0 0.0 0.0 0.0 0.0 0.042 0.771 0.771 0.771 1.0 0.081 0.030 0.040
0.0 1.0 0.0 0.0 0.0 0.0 0.0 0.0 0.0 0.0 0.042 0.771 0.771 0.771 1.0 0.081 0.030 0.040
0.0 1.0 0.0 0.0 0.0 0.0 0.0 0.0 0.0 0.0 0.042 0.750 0.750 0.750 1.0 0.081 0.030 0.040
0.0 1.0 0.0 0.0 0.0 0.0 0.0 0.0 0.0 0.0 0.042 0.771 0.771 0.771 1.0 0.081 0.030 0.040
0.0 1.0 0.0 0.0 0.0 0.0 0.0 0.0 0.0 0.0 0.042 0.771 0.771 0.771 1.0 0.081 0.030 0.040
0.0 1.0 0.0 0.0 0.0 0.0 0.0 0.0 0.0 0.0 0.042 0.750 0.750 0.750 1.0 0.081 0.030 0.040
0.0 1.0 0.0 0.0 0.0 0.0 0.0 0.0 0.0 0.0 0.042 0.750 0.750 0.750 1.0 0.081 0.030 0.040
0.0 1.0 0.0 0.0 0.0 0.0 0.0 0.0 0.0 0.0 0.042 0.750 0.750 0.750 1.0 0.081 0.030 0.040
0.0 0.0 0.0 1.0 0.0 0.0 0.0 0.0 0.0 0.0 0.042 0.917 0.917 0.917 2.0 0.135 0.061 0.040
0.0 0.0 0.0 1.0 0.0 0.0 0.0 0.0 0.0 0.0 0.042 0.896 0.896 0.896 2.0 0.135 0.061 0.040
0.0 0.0 0.0 1.0 0.0 0.0 0.0 0.0 0.0 0.0 0.042 0.958 0.958 0.958 2.0 0.135 0.061 0.040
0.0 1.0 0.0 0.0 0.0 0.0 0.0 0.0 0.0 0.0 0.062 0.896 0.896 0.896 1.0 0.081 0.061 0.040
0.0 0.0 1.0 0.0 0.0 0.0 0.0 0.0 0.0 0.0 0.042 0.917 0.917 0.917 2.0 0.135 0.061 0.040
0.0 0.0 0.0 1.0 0.0 0.0 0.0 0.0 0.0 0.0 0.042 0.917 0.917 0.917 2.0 0.149 0.061 0.040
0.0 0.0 0.0 1.0 0.0 0.0 0.0 0.0 0.0 0.0 0.042 0.917 0.917 0.917 2.0 0.135 0.061 0.040
1.0 0.0 0.0 0.0 0.0 0.0 0.0 0.0 0.0 0.0 0.042 0.750 0.958 0.813 1.0 0.135 0.030 1.000
1.0 0.0 0.0 0.0 0.0 0.0 0.0 0.0 0.0 0.0 0.042 0.750 0.958 0.813 1.0 0.122 0.030 1.000
1.0 0.0 0.0 0.0 0.0 0.0 0.0 0.0 0.0 0.0 0.042 0.750 0.958 0.813 1.0 0.122 0.030 1.000
1.0 0.0 0.0 0.0 0.0 0.0 0.0 0.0 0.0 0.0 0.042 0.750 0.958 0.813 1.0 0.122 0.030 1.000
1.0 0.0 0.0 0.0 0.0 0.0 0.0 0.0 0.0 0.0 0.042 0.750 0.958 0.813 1.0 0.135 0.030 1.000
1.0 0.0 0.0 0.0 0.0 0.0 0.0 0.0 0.0 0.0 0.042 0.750 0.958 0.813 1.0 0.135 0.030 1.000
0.0 0.0 1.0 0.0 0.0 0.0 0.0 0.0 1.0 0.0 0.042 0.750 0.958 0.813 2.0 0.176 0.061 1.000
1.0 0.0 0.0 0.0 0.0 0.0 0.0 0.0 0.0 0.0 0.042 0.750 0.958 0.813 1.0 0.149 0.030 1.000
1.0 0.0 0.0 0.0 0.0 0.0 0.0 0.0 0.0 0.0 0.042 0.750 0.958 0.813 1.0 0.122 0.030 1.000
1.0 0.0 0.0 0.0 0.0 0.0 0.0 0.0 0.0 0.0 0.042 0.750 0.958 0.813 1.0 0.122 0.030 1.000
0.0 1.0 0.0 0.0 0.0 0.0 0.0 0.0 0.0 0.0 0.062 0.729 0.938 0.792 1.0 0.122 0.061 1.000
0.0 0.0 1.0 0.0 0.0 0.0 0.0 0.0 1.0 0.0 0.042 0.750 0.958 0.813 2.0 0.135 0.061 1.000
1.0 0.0 0.0 0.0 0.0 0.0 0.0 0.0 0.0 0.0 0.042 0.750 0.958 0.813 1.0 0.135 0.030 1.000
0.0 0.0 1.0 0.0 0.0 0.0 0.0 0.0 1.0 0.0 0.042 0.750 0.958 0.813 3.0 0.189 0.091 1.000
1.0 0.0 0.0 0.0 0.0 0.0 0.0 0.0 0.0 0.0 0.042 0.750 0.958 0.813 1.0 0.135 0.030 1.000
1.0 0.0 0.0 0.0 0.0 0.0 0.0 0.0 0.0 0.0 0.042 0.750 0.958 0.813 1.0 0.135 0.030 1.000
0.0 0.0 0.0 1.0 0.0 0.0 0.0 0.0 0.0 0.0 0.042 0.896 0.896 0.896 2.0 0.135 0.061 0.040
0.0 0.0 0.0 1.0 0.0 0.0 0.0 0.0 0.0 0.0 0.042 0.896 0.896 0.896 2.0 0.135 0.061 0.040
0.0 0.0 0.0 1.0 0.0 0.0 0.0 0.0 1.0 0.0 0.042 0.750 0.958 0.813 2.0 0.311 0.061 1.000
0.0 0.0 0.0 1.0 0.0 0.0 0.0 0.0 0.0 0.0 0.042 0.750 0.958 0.813 2.0 0.176 0.061 1.000
0.0 1.0 0.0 0.0 0.0 0.0 0.0 0.0 0.0 0.0 0.062 0.729 0.938 0.792 1.0 0.162 0.061 1.000
0.0 0.0 1.0 0.0 0.0 0.0 0.0 0.0 0.0 0.0 0.042 0.750 0.958 0.813 2.0 0.108 0.061 1.000
1.0 0.0 0.0 0.0 0.0 0.0 0.0 0.0 0.0 0.0 0.042 0.750 0.958 0.813 1.0 0.135 0.030 1.000
1.0 0.0 0.0 0.0 0.0 0.0 0.0 0.0 0.0 0.0 0.042 0.750 0.958 0.813 1.0 0.122 0.030 1.000
1.0 0.0 0.0 0.0 0.0 0.0 0.0 0.0 0.0 0.0 0.042 0.896 0.896 0.896 1.0 0.135 0.030 0.040
1.0 0.0 0.0 0.0 0.0 0.0 0.0 0.0 0.0 0.0 0.042 0.896 0.896 0.896 1.0 0.122 0.030 0.040
1.0 0.0 0.0 0.0 0.0 0.0 0.0 0.0 0.0 0.0 0.042 0.958 0.958 0.958 1.0 0.122 0.030 0.040
1.0 0.0 0.0 0.0 0.0 0.0 0.0 0.0 0.0 0.0 0.042 0.750 0.958 0.813 1.0 0.122 0.030 1.000
1.0 0.0 0.0 0.0 0.0 0.0 0.0 0.0 0.0 0.0 0.042 0.750 0.958 0.813 1.0 0.108 0.030 1.000
1.0 0.0 0.0 0.0 0.0 0.0 0.0 0.0 0.0 0.0 0.042 0.750 0.958 0.813 1.0 0.108 0.030 1.000
1.0 0.0 0.0 0.0 0.0 0.0 0.0 0.0 0.0 0.0 0.042 0.750 0.958 0.813 1.0 0.122 0.030 1.000
0.0 0.0 1.0 0.0 0.0 0.0 0.0 0.0 1.0 0.0 0.042 0.750 0.958 0.813 3.0 0.176 0.091 1.000
1.0 0.0 0.0 0.0 0.0 0.0 0.0 0.0 0.0 0.0 0.042 0.750 0.958 0.813 1.0 0.108 0.030 1.000
1.0 0.0 0.0 0.0 0.0 0.0 0.0 0.0 0.0 0.0 0.042 0.750 0.958 0.813 1.0 0.135 0.030 1.000
1.0 0.0 0.0 0.0 0.0 0.0 0.0 0.0 0.0 0.0 0.042 0.750 0.958 0.813 1.0 0.122 0.030 1.000
0.0 0.0 1.0 0.0 0.0 0.0 0.0 0.0 1.0 0.0 0.042 0.750 0.958 0.813 3.0 0.176 0.091 1.000
1.0 0.0 0.0 0.0 0.0 0.0 0.0 0.0 0.0 0.0 0.042 0.750 0.958 0.813 1.0 0.108 0.030 1.000
1.0 0.0 0.0 0.0 0.0 0.0 0.0 0.0 0.0 0.0 0.042 0.833 0.833 0.833 1.0 0.108 0.030 0.040
1.0 0.0 0.0 0.0 0.0 0.0 0.0 0.0 0.0 0.0 0.042 0.750 0.958 0.813 1.0 0.108 0.030 1.000
1.0 0.0 0.0 0.0 0.0 0.0 0.0 0.0 0.0 0.0 0.042 0.833 0.833 0.833 1.0 0.108 0.030 0.040
1.0 0.0 0.0 0.0 0.0 0.0 0.0 0.0 0.0 0.0 0.042 0.750 0.958 0.813 1.0 0.108 0.030 1.000
1.0 0.0 0.0 0.0 0.0 0.0 0.0 0.0 0.0 0.0 0.042 0.833 0.833 0.833 1.0 0.108 0.030 0.040
1.0 0.0 0.0 0.0 0.0 0.0 0.0 0.0 0.0 0.0 0.042 0.750 0.958 0.813 1.0 0.108 0.030 1.000
1.0 0.0 0.0 0.0 0.0 0.0 0.0 0.0 0.0 0.0 0.042 0.833 0.833 0.833 1.0 0.108 0.030 0.040
0.0 0.0 1.0 0.0 0.0 0.0 0.0 0.0 0.0 0.0 0.042 0.896 0.896 0.896 2.0 0.122 0.091 0.040
0.0 0.0 1.0 0.0 0.0 0.0 0.0 0.0 0.0 0.0 0.042 0.896 0.896 0.896 2.0 0.122 0.091 0.040
1.0 0.0 0.0 0.0 0.0 0.0 0.0 0.0 0.0 0.0 0.042 0.750 0.958 0.813 1.0 0.122 0.030 1.000
1.0 0.0 0.0 0.0 0.0 0.0 0.0 0.0 0.0 0.0 0.042 0.750 0.958 0.813 1.0 0.122 0.030 1.000
1.0 0.0 0.0 0.0 0.0 0.0 0.0 0.0 0.0 0.0 0.042 0.750 0.958 0.813 1.0 0.122 0.030 1.000
1.0 0.0 0.0 0.0 0.0 0.0 0.0 0.0 0.0 0.0 0.042 0.750 0.958 0.813 1.0 0.122 0.030 1.000
1.0 0.0 0.0 0.0 0.0 0.0 0.0 0.0 0.0 0.0 0.042 0.750 0.958 0.813 1.0 0.122 0.030 1.000
1.0 0.0 0.0 0.0 0.0 0.0 0.0 0.0 0.0 0.0 0.042 0.750 0.958 0.813 1.0 0.122 0.030 1.000
1.0 0.0 0.0 0.0 0.0 0.0 0.0 0.0 0.0 0.0 0.042 0.896 0.896 0.896 1.0 0.122 0.030 0.040
1.0 0.0 0.0 0.0 0.0 0.0 0.0 0.0 0.0 0.0 0.042 0.750 0.958 0.813 1.0 0.122 0.030 1.000
1.0 0.0 0.0 0.0 0.0 0.0 0.0 0.0 0.0 0.0 0.042 0.750 0.958 0.813 1.0 0.135 0.030 1.000
1.0 0.0 0.0 0.0 0.0 0.0 0.0 0.0 0.0 0.0 0.042 0.896 0.896 0.896 1.0 0.135 0.030 0.040
1.0 0.0 0.0 0.0 0.0 0.0 0.0 0.0 0.0 0.0 0.042 0.750 0.958 0.813 1.0 0.108 0.030 1.000
1.0 0.0 0.0 0.0 0.0 0.0 0.0 0.0 0.0 0.0 0.042 0.750 0.958 0.813 1.0 0.122 0.030 1.000
0.0 0.0 1.0 0.0 0.0 0.0 0.0 0.0 1.0 0.0 0.042 0.750 0.958 0.813 3.0 0.176 0.091 1.000
1.0 0.0 0.0 0.0 0.0 0.0 0.0 0.0 0.0 0.0 0.042 0.750 0.958 0.813 1.0 0.122 0.030 1.000
1.0 0.0 0.0 0.0 0.0 0.0 0.0 0.0 0.0 0.0 0.042 0.750 0.958 0.813 1.0 0.135 0.030 1.000
1.0 0.0 0.0 0.0 0.0 0.0 0.0 0.0 0.0 0.0 0.042 0.750 0.958 0.813 1.0 0.135 0.030 1.000
1.0 0.0 0.0 0.0 0.0 0.0 0.0 0.0 0.0 0.0 0.042 0.750 0.958 0.813 1.0 0.108 0.030 1.000
1.0 0.0 0.0 0.0 0.0 0.0 0.0 0.0 0.0 0.0 0.042 0.750 0.958 0.813 1.0 0.122 0.030 1.000
1.0 0.0 0.0 0.0 0.0 0.0 0.0 0.0 0.0 0.0 0.042 0.750 0.958 0.813 1.0 0.122 0.030 1.000
1.0 0.0 0.0 0.0 0.0 0.0 0.0 0.0 0.0 0.0 0.042 0.750 0.958 0.813 1.0 0.122 0.030 1.000
1.0 0.0 0.0 0.0 0.0 0.0 0.0 0.0 0.0 0.0 0.042 0.750 0.958 0.813 1.0 0.122 0.030 1.000
1.0 0.0 0.0 0.0 0.0 0.0 0.0 0.0 0.0 0.0 0.042 0.750 0.958 0.813 1.0 0.122 0.030 1.000
0.0 1.0 0.0 0.0 0.0 0.0 0.0 0.0 0.0 0.0 0.062 0.875 0.875 0.875 1.0 0.108 0.091 0.040
0.0 1.0 0.0 0.0 0.0 0.0 0.0 0.0 0.0 0.0 0.062 0.875 0.875 0.875 1.0 0.108 0.091 0.040
0.0 1.0 0.0 0.0 0.0 0.0 0.0 0.0 0.0 0.0 0.062 0.729 0.938 0.792 1.0 0.095 0.030 1.000
0.0 1.0 0.0 0.0 0.0 0.0 0.0 0.0 0.0 0.0 0.062 0.729 0.938 0.792 1.0 0.095 0.030 1.000
0.0 1.0 0.0 0.0 0.0 0.0 0.0 0.0 0.0 0.0 0.062 0.875 0.875 0.875 1.0 0.095 0.030 0.040
0.0 1.0 0.0 0.0 0.0 0.0 0.0 0.0 0.0 0.0 0.062 0.875 0.875 0.875 1.0 0.095 0.030 0.040
0.0 1.0 0.0 0.0 0.0 0.0 0.0 0.0 0.0 0.0 0.062 0.729 0.938 0.792 1.0 0.095 0.030 1.000
0.0 1.0 0.0 0.0 0.0 0.0 0.0 0.0 0.0 0.0 0.062 0.729 0.938 0.792 1.0 0.108 0.091 1.000
0.0 1.0 0.0 0.0 0.0 0.0 0.0 0.0 0.0 0.0 0.062 0.729 0.938 0.792 1.0 0.095 0.030 1.000
0.0 1.0 0.0 0.0 0.0 0.0 0.0 0.0 0.0 0.0 0.062 0.729 0.938 0.792 1.0 0.095 0.030 1.000
0.0 1.0 0.0 0.0 0.0 0.0 0.0 0.0 0.0 0.0 0.062 0.729 0.938 0.792 1.0 0.108 0.091 1.000
0.0 0.0 1.0 0.0 0.0 0.0 0.0 0.0 1.0 0.0 0.083 0.875 0.875 0.875 2.0 0.122 0.091 0.040
0.0 0.0 1.0 0.0 0.0 0.0 0.0 0.0 1.0 0.0 0.062 0.896 0.896 0.896 2.0 0.135 0.091 0.040
0.0 0.0 0.0 1.0 0.0 0.0 0.0 0.0 1.0 0.0 0.083 0.708 0.917 0.772 2.0 0.203 0.091 1.000
0.0 0.0 0.0 1.0 0.0 0.0 0.0 0.0 1.0 0.0 0.062 0.729 0.938 0.792 2.0 0.230 0.091 1.000
0.0 1.0 0.0 0.0 0.0 0.0 0.0 0.0 0.0 0.0 0.104 0.688 0.896 0.751 1.0 0.122 0.091 1.000
0.0 0.0 1.0 0.0 0.0 0.0 0.0 0.0 1.0 0.0 0.083 0.708 0.917 0.772 2.0 0.108 0.091 1.000
0.0 1.0 0.0 0.0 0.0 0.0 0.0 0.0 0.0 0.0 0.083 0.708 0.917 0.772 1.0 0.122 0.091 1.000
0.0 0.0 0.0 1.0 0.0 0.0 0.0 0.0 1.0 0.0 0.062 0.729 0.938 0.792 2.0 0.122 0.091 1.000
0.0 1.0 0.0 0.0 0.0 0.0 0.0 0.0 0.0 0.0 0.062 0.812 0.812 0.812 1.0 0.095 0.030 0.040
0.0 1.0 0.0 0.0 0.0 0.0 0.0 0.0 0.0 0.0 0.062 0.729 0.938 0.792 1.0 0.095 0.030 1.000
0.0 1.0 0.0 0.0 0.0 0.0 0.0 0.0 0.0 0.0 0.062 0.812 0.812 0.812 1.0 0.095 0.030 0.040
0.0 1.0 0.0 0.0 0.0 0.0 0.0 0.0 0.0 0.0 0.062 0.729 0.938 0.792 1.0 0.095 0.030 1.000
0.0 1.0 0.0 0.0 0.0 0.0 0.0 0.0 0.0 0.0 0.062 0.812 0.812 0.812 1.0 0.095 0.030 0.040
0.0 1.0 0.0 0.0 0.0 0.0 0.0 0.0 0.0 0.0 0.062 0.729 0.938 0.792 1.0 0.095 0.030 1.000
0.0 1.0 0.0 0.0 0.0 0.0 0.0 0.0 0.0 0.0 0.062 0.812 0.812 0.812 1.0 0.095 0.030 0.040
0.0 1.0 0.0 0.0 0.0 0.0 0.0 0.0 0.0 0.0 0.062 0.729 0.938 0.792 1.0 0.095 0.030 1.000
0.0 0.0 0.0 1.0 0.0 0.0 0.0 0.0 0.0 0.0 0.062 0.729 0.938 0.814 4.0 0.378 0.152 0.640
0.0 0.0 0.0 1.0 0.0 0.0 0.0 0.0 0.0 0.0 0.062 0.729 0.938 0.812 4.0 0.378 0.152 0.640
0.0 0.0 0.0 1.0 0.0 0.0 0.0 0.0 0.0 0.0 0.062 0.729 0.938 0.792 3.0 0.595 0.121 1.000
0.0 0.0 1.0 0.0 0.0 0.0 0.0 0.0 0.0 0.0 0.062 0.812 0.812 0.812 3.0 0.500 0.121 0.040
1.0 0.0 0.0 0.0 0.0 0.0 0.0 0.0 0.0 0.0 0.062 0.729 0.938 0.792 1.0 0.122 0.030 1.000
0.0 1.0 0.0 0.0 0.0 0.0 0.0 0.0 0.0 0.0 0.062 0.729 0.938 0.792 1.0 0.095 0.030 1.000
1.0 0.0 0.0 0.0 0.0 0.0 0.0 0.0 0.0 0.0 0.062 0.729 0.938 0.792 1.0 0.122 0.030 1.000
0.0 1.0 0.0 0.0 0.0 0.0 0.0 0.0 0.0 0.0 0.062 0.729 0.938 0.792 1.0 0.095 0.030 1.000
1.0 0.0 0.0 0.0 0.0 0.0 0.0 0.0 0.0 0.0 0.062 0.729 0.938 0.792 1.0 0.122 0.030 1.000
0.0 1.0 0.0 0.0 0.0 0.0 0.0 0.0 0.0 0.0 0.062 0.729 0.938 0.792 1.0 0.095 0.030 1.000
1.0 0.0 0.0 0.0 0.0 0.0 0.0 0.0 0.0 0.0 0.062 0.729 0.938 0.792 1.0 0.122 0.030 1.000
0.0 1.0 0.0 0.0 0.0 0.0 0.0 0.0 0.0 0.0 0.062 0.729 0.938 0.792 1.0 0.095 0.030 1.000
1.0 0.0 0.0 0.0 0.0 0.0 0.0 0.0 0.0 0.0 0.062 0.729 0.938 0.792 1.0 0.122 0.030 1.000
0.0 1.0 0.0 0.0 0.0 0.0 0.0 0.0 0.0 0.0 0.062 0.729 0.938 0.792 1.0 0.095 0.030 1.000
1.0 0.0 0.0 0.0 0.0 0.0 0.0 0.0 0.0 0.0 0.062 0.729 0.938 0.792 1.0 0.122 0.030 1.000
0.0 1.0 0.0 0.0 0.0 0.0 0.0 0.0 0.0 0.0 0.062 0.729 0.938 0.792 1.0 0.095 0.030 1.000
1.0 0.0 0.0 0.0 0.0 0.0 0.0 0.0 0.0 0.0 0.062 0.896 0.896 0.896 1.0 0.122 0.061 0.040
1.0 0.0 0.0 0.0 0.0 0.0 0.0 0.0 0.0 0.0 0.062 0.729 0.938 0.792 1.0 0.122 0.061 1.000
1.0 0.0 0.0 0.0 0.0 0.0 0.0 0.0 0.0 0.0 0.062 0.875 0.875 0.875 1.0 0.122 0.030 0.040
0.0 1.0 0.0 0.0 0.0 0.0 0.0 0.0 0.0 0.0 0.062 0.875 0.875 0.875 1.0 0.095 0.030 0.040
1.0 0.0 0.0 0.0 0.0 0.0 0.0 0.0 0.0 0.0 0.062 0.729 0.938 0.792 1.0 0.122 0.030 1.000
0.0 1.0 0.0 0.0 0.0 0.0 0.0 0.0 0.0 0.0 0.062 0.729 0.938 0.792 1.0 0.095 0.030 1.000
1.0 0.0 0.0 0.0 0.0 0.0 0.0 0.0 0.0 0.0 0.083 0.708 0.917 0.772 1.0 0.122 0.061 1.000
0.0 1.0 0.0 0.0 0.0 0.0 0.0 0.0 0.0 0.0 0.062 0.729 0.938 0.792 1.0 0.095 0.030 1.000
1.0 0.0 0.0 0.0 0.0 0.0 0.0 0.0 0.0 0.0 0.083 0.854 0.854 0.854 1.0 0.122 0.061 0.040
0.0 1.0 0.0 0.0 0.0 0.0 0.0 0.0 0.0 0.0 0.062 0.875 0.875 0.875 1.0 0.095 0.030 0.040
1.0 0.0 0.0 0.0 0.0 0.0 0.0 0.0 0.0 0.0 0.062 0.938 0.938 0.938 1.0 0.135 0.091 0.040
0.0 1.0 0.0 0.0 0.0 0.0 0.0 0.0 0.0 0.0 0.062 0.938 0.938 0.938 1.0 0.095 0.030 0.040
1.0 0.0 0.0 0.0 0.0 0.0 0.0 0.0 0.0 0.0 0.062 0.729 0.938 0.792 1.0 0.135 0.091 1.000
0.0 1.0 0.0 0.0 0.0 0.0 0.0 0.0 0.0 0.0 0.062 0.729 0.938 0.792 1.0 0.095 0.030 1.000
0.0 1.0 0.0 0.0 0.0 0.0 0.0 0.0 0.0 0.0 0.062 0.729 0.938 0.792 1.0 0.095 0.030 1.000
0.0 1.0 0.0 0.0 0.0 0.0 0.0 0.0 0.0 0.0 0.062 0.729 0.938 0.792 1.0 0.095 0.030 1.000
0.0 1.0 0.0 0.0 0.0 0.0 0.0 0.0 0.0 0.0 0.062 0.729 0.938 0.792 1.0 0.108 0.091 1.000
0.0 1.0 0.0 0.0 0.0 0.0 0.0 0.0 0.0 0.0 0.062 0.729 0.938 0.792 1.0 0.095 0.030 1.000
0.0 1.0 0.0 0.0 0.0 0.0 0.0 0.0 0.0 0.0 0.062 0.729 0.938 0.792 1.0 0.095 0.030 1.000
1.0 0.0 0.0 0.0 0.0 0.0 0.0 0.0 0.0 0.0 0.062 0.729 0.938 0.792 1.0 0.122 0.030 1.000
0.0 1.0 0.0 0.0 0.0 0.0 0.0 0.0 0.0 0.0 0.062 0.729 0.938 0.792 1.0 0.095 0.030 1.000
1.0 0.0 0.0 0.0 0.0 0.0 0.0 0.0 0.0 0.0 0.062 0.729 0.938 0.792 1.0 0.122 0.030 1.000
0.0 1.0 0.0 0.0 0.0 0.0 0.0 0.0 0.0 0.0 0.062 0.729 0.938 0.792 1.0 0.095 0.030 1.000
0.0 1.0 0.0 0.0 0.0 0.0 0.0 0.0 0.0 0.0 0.062 0.729 0.938 0.792 1.0 0.095 0.030 1.000
0.0 1.0 0.0 0.0 0.0 0.0 0.0 0.0 0.0 0.0 0.062 0.729 0.938 0.792 1.0 0.095 0.030 1.000
0.0 1.0 0.0 0.0 0.0 0.0 0.0 0.0 0.0 0.0 0.062 0.729 0.938 0.792 1.0 0.095 0.030 1.000
0.0 1.0 0.0 0.0 0.0 0.0 0.0 0.0 0.0 0.0 0.062 0.729 0.938 0.792 1.0 0.095 0.030 1.000
0.0 1.0 0.0 0.0 0.0 0.0 0.0 0.0 0.0 0.0 0.062 0.729 0.938 0.792 1.0 0.095 0.030 1.000
0.0 1.0 0.0 0.0 0.0 0.0 0.0 0.0 0.0 0.0 0.062 0.729 0.938 0.792 1.0 0.095 0.030 1.000
0.0 1.0 0.0 0.0 0.0 0.0 0.0 0.0 0.0 0.0 0.062 0.729 0.938 0.792 1.0 0.095 0.030 1.000
0.0 1.0 0.0 0.0 0.0 0.0 0.0 0.0 0.0 0.0 0.062 0.729 0.938 0.792 1.0 0.095 0.030 1.000
1.0 0.0 0.0 0.0 0.0 0.0 0.0 0.0 0.0 0.0 0.062 0.729 0.938 0.792 1.0 0.122 0.030 1.000
1.0 0.0 0.0 0.0 0.0 0.0 0.0 0.0 0.0 0.0 0.062 0.729 0.938 0.792 1.0 0.122 0.030 1.000
1.0 0.0 0.0 0.0 0.0 0.0 0.0 0.0 0.0 0.0 0.062 0.729 0.938 0.792 1.0 0.122 0.030 1.000
1.0 0.0 0.0 0.0 0.0 0.0 0.0 0.0 0.0 0.0 0.062 0.729 0.938 0.792 1.0 0.122 0.030 1.000
1.0 0.0 0.0 0.0 0.0 0.0 0.0 0.0 0.0 0.0 0.062 0.729 0.938 0.792 1.0 0.122 0.030 1.000
1.0 0.0 0.0 0.0 0.0 0.0 0.0 0.0 0.0 0.0 0.062 0.729 0.938 0.792 1.0 0.122 0.030 1.000
1.0 0.0 0.0 0.0 0.0 0.0 0.0 0.0 0.0 0.0 0.062 0.896 0.896 0.896 1.0 0.122 0.030 0.040
1.0 0.0 0.0 0.0 0.0 0.0 0.0 0.0 0.0 0.0 0.062 0.729 0.938 0.792 1.0 0.122 0.030 1.000
1.0 0.0 0.0 0.0 0.0 0.0 0.0 0.0 0.0 0.0 0.062 0.875 0.875 0.875 1.0 0.122 0.030 0.040
1.0 0.0 0.0 0.0 0.0 0.0 0.0 0.0 0.0 0.0 0.062 0.729 0.938 0.792 1.0 0.122 0.030 1.000
1.0 0.0 0.0 0.0 0.0 0.0 0.0 0.0 0.0 0.0 0.062 0.729 0.938 0.792 1.0 0.122 0.030 1.000
1.0 0.0 0.0 0.0 0.0 0.0 0.0 0.0 0.0 0.0 0.062 0.875 0.875 0.875 1.0 0.122 0.030 0.040
1.0 0.0 0.0 0.0 0.0 0.0 0.0 0.0 0.0 0.0 0.062 0.729 0.938 0.792 1.0 0.122 0.030 1.000
1.0 0.0 0.0 0.0 0.0 0.0 0.0 0.0 0.0 0.0 0.062 0.729 0.938 0.792 1.0 0.122 0.030 1.000
0.0 0.0 0.0 1.0 0.0 0.0 0.0 0.0 0.0 0.0 0.083 0.708 0.917 0.772 2.0 0.122 0.061 1.000
0.0 0.0 0.0 1.0 0.0 0.0 0.0 0.0 0.0 0.0 0.083 0.708 0.917 0.772 2.0 0.122 0.061 1.000
0.0 0.0 0.0 1.0 0.0 0.0 0.0 0.0 0.0 0.0 0.083 0.854 0.854 0.854 2.0 0.122 0.061 0.040
0.0 0.0 0.0 1.0 0.0 0.0 0.0 0.0 0.0 0.0 0.083 0.854 0.854 0.854 2.0 0.122 0.061 0.040
0.0 0.0 0.0 1.0 0.0 0.0 0.0 0.0 0.0 0.0 0.083 0.708 0.917 0.772 2.0 0.135 0.121 1.000
0.0 0.0 0.0 1.0 0.0 0.0 0.0 0.0 0.0 0.0 0.083 0.708 0.917 0.772 2.0 0.122 0.121 1.000
0.0 0.0 0.0 1.0 0.0 0.0 0.0 0.0 0.0 0.0 0.083 0.708 0.917 0.772 2.0 0.135 0.061 1.000
0.0 0.0 0.0 1.0 0.0 0.0 0.0 0.0 0.0 0.0 0.083 0.708 0.917 0.772 2.0 0.135 0.061 1.000
0.0 0.0 0.0 1.0 0.0 0.0 0.0 0.0 0.0 0.0 0.083 0.708 0.917 0.772 2.0 0.135 0.121 1.000
0.0 1.0 0.0 0.0 0.0 0.0 0.0 0.0 0.0 0.0 0.104 0.688 0.896 0.751 1.0 0.108 0.121 1.000
0.0 0.0 0.0 1.0 0.0 0.0 0.0 0.0 0.0 0.0 0.083 0.708 0.917 0.772 2.0 0.122 0.121 1.000
0.0 1.0 0.0 0.0 0.0 0.0 0.0 0.0 0.0 0.0 0.104 0.688 0.896 0.751 1.0 0.108 0.061 1.000
0.0 0.0 0.0 1.0 0.0 0.0 0.0 0.0 0.0 0.0 0.083 0.708 0.917 0.772 2.0 0.108 0.061 1.000
0.0 0.0 0.0 1.0 0.0 0.0 0.0 0.0 0.0 0.0 0.083 0.708 0.917 0.772 2.0 0.135 0.061 1.000
0.0 0.0 0.0 1.0 0.0 0.0 0.0 0.0 0.0 0.0 0.083 0.708 0.917 0.772 2.0 0.135 0.061 1.000
0.0 0.0 0.0 1.0 0.0 0.0 0.0 0.0 0.0 0.0 0.083 0.708 0.917 0.772 2.0 0.135 0.061 1.000
0.0 0.0 0.0 1.0 0.0 0.0 0.0 0.0 0.0 0.0 0.083 0.708 0.917 0.772 2.0 0.135 0.061 1.000
0.0 0.0 0.0 1.0 0.0 0.0 0.0 0.0 0.0 0.0 0.083 0.708 0.917 0.772 2.0 0.135 0.061 1.000
0.0 1.0 0.0 0.0 0.0 0.0 0.0 0.0 0.0 0.0 0.083 0.708 0.917 0.772 1.0 0.095 0.030 1.000
0.0 1.0 0.0 0.0 0.0 0.0 0.0 0.0 0.0 0.0 0.083 0.708 0.917 0.772 1.0 0.095 0.030 1.000
0.0 0.0 0.0 1.0 0.0 0.0 0.0 0.0 0.0 0.0 0.104 0.688 0.896 0.751 2.0 0.135 0.061 1.000
0.0 1.0 0.0 0.0 0.0 0.0 0.0 0.0 0.0 0.0 0.083 0.708 0.917 0.772 1.0 0.095 0.030 1.000
0.0 1.0 0.0 0.0 0.0 0.0 0.0 0.0 0.0 0.0 0.083 0.708 0.917 0.772 1.0 0.095 0.030 1.000
0.0 1.0 0.0 0.0 0.0 0.0 0.0 0.0 0.0 0.0 0.083 0.708 0.917 0.772 1.0 0.095 0.030 1.000
0.0 1.0 0.0 0.0 0.0 0.0 0.0 0.0 0.0 0.0 0.083 0.708 0.917 0.772 1.0 0.095 0.030 1.000
0.0 1.0 0.0 0.0 0.0 0.0 0.0 0.0 0.0 0.0 0.083 0.708 0.917 0.772 1.0 0.095 0.061 1.000
0.0 1.0 0.0 0.0 0.0 0.0 0.0 0.0 0.0 0.0 0.083 0.708 0.917 0.772 1.0 0.095 0.030 1.000
0.0 1.0 0.0 0.0 0.0 0.0 0.0 0.0 0.0 0.0 0.104 0.833 0.833 0.833 1.0 0.095 0.061 0.040
0.0 0.0 0.0 1.0 0.0 0.0 0.0 0.0 0.0 0.0 0.104 0.833 0.833 0.833 2.0 0.135 0.061 0.040
0.0 1.0 0.0 0.0 0.0 0.0 0.0 0.0 0.0 0.0 0.083 0.708 0.917 0.772 1.0 0.095 0.091 1.000
0.0 0.0 0.0 1.0 0.0 0.0 0.0 0.0 0.0 0.0 0.083 0.708 0.917 0.772 2.0 0.122 0.121 1.000
0.0 1.0 0.0 0.0 0.0 0.0 0.0 0.0 0.0 0.0 0.083 0.708 0.917 0.772 1.0 0.095 0.030 1.000
0.0 0.0 0.0 1.0 0.0 0.0 0.0 0.0 0.0 0.0 0.104 0.688 0.896 0.751 2.0 0.135 0.121 1.000
0.0 1.0 0.0 0.0 0.0 0.0 0.0 0.0 0.0 0.0 0.104 0.771 0.771 0.771 1.0 0.108 0.091 0.040
1.0 0.0 0.0 0.0 0.0 0.0 0.0 0.0 0.0 0.0 0.104 0.688 0.896 0.751 1.0 0.338 0.091 1.000
0.0 1.0 0.0 0.0 0.0 0.0 0.0 0.0 0.0 0.0 0.083 0.792 0.792 0.792 1.0 0.108 0.091 0.040
1.0 0.0 0.0 0.0 0.0 0.0 0.0 0.0 0.0 0.0 0.083 0.708 0.917 0.772 1.0 0.365 0.091 1.000
0.0 0.0 0.0 1.0 0.0 0.0 0.0 0.0 0.0 0.0 0.083 0.708 0.917 0.793 2.0 1.000 0.182 0.640
0.0 0.0 0.0 1.0 0.0 0.0 0.0 0.0 0.0 0.0 0.083 0.708 0.917 0.792 2.0 0.946 0.182 0.640
0.0 1.0 0.0 0.0 0.0 0.0 0.0 0.0 0.0 0.0 0.083 0.708 0.917 0.772 1.0 0.095 0.030 1.000
0.0 0.0 0.0 1.0 0.0 0.0 0.0 0.0 0.0 0.0 0.083 0.708 0.917 0.772 2.0 0.135 0.061 1.000
0.0 1.0 0.0 0.0 0.0 0.0 0.0 0.0 0.0 0.0 0.083 0.708 0.917 0.772 1.0 0.095 0.030 1.000
0.0 0.0 0.0 1.0 0.0 0.0 0.0 0.0 0.0 0.0 0.083 0.708 0.917 0.772 2.0 0.135 0.061 1.000
0.0 1.0 0.0 0.0 0.0 0.0 0.0 0.0 0.0 0.0 0.083 0.708 0.917 0.772 1.0 0.095 0.030 1.000
0.0 0.0 0.0 1.0 0.0 0.0 0.0 0.0 0.0 0.0 0.083 0.708 0.917 0.772 2.0 0.135 0.061 1.000
0.0 1.0 0.0 0.0 0.0 0.0 0.0 0.0 0.0 0.0 0.083 0.708 0.917 0.772 1.0 0.095 0.030 1.000
0.0 0.0 0.0 1.0 0.0 0.0 0.0 0.0 0.0 0.0 0.083 0.708 0.917 0.772 2.0 0.135 0.061 1.000
0.0 1.0 0.0 0.0 0.0 0.0 0.0 0.0 0.0 0.0 0.083 0.708 0.917 0.772 1.0 0.095 0.030 1.000
0.0 0.0 0.0 1.0 0.0 0.0 0.0 0.0 0.0 0.0 0.083 0.708 0.917 0.772 2.0 0.135 0.061 1.000
0.0 1.0 0.0 0.0 0.0 0.0 0.0 0.0 0.0 0.0 0.083 0.708 0.917 0.772 1.0 0.095 0.030 1.000
0.0 0.0 0.0 1.0 0.0 0.0 0.0 0.0 0.0 0.0 0.083 0.708 0.917 0.772 2.0 0.135 0.061 1.000
0.0 1.0 0.0 0.0 0.0 0.0 0.0 0.0 0.0 0.0 0.083 0.875 0.875 0.875 1.0 0.095 0.030 0.040
0.0 1.0 0.0 0.0 0.0 0.0 0.0 0.0 0.0 0.0 0.083 0.875 0.875 0.875 1.0 0.095 0.061 0.040
0.0 1.0 0.0 0.0 0.0 0.0 0.0 0.0 0.0 0.0 0.083 0.708 0.917 0.772 1.0 0.095 0.030 1.000
0.0 1.0 0.0 0.0 0.0 0.0 0.0 0.0 0.0 0.0 0.083 0.854 0.854 0.854 1.0 0.095 0.030 0.040
0.0 0.0 0.0 1.0 0.0 0.0 0.0 0.0 0.0 0.0 0.083 0.854 0.854 0.854 2.0 0.135 0.061 0.040
0.0 1.0 0.0 0.0 0.0 0.0 0.0 0.0 0.0 0.0 0.083 0.854 0.854 0.854 1.0 0.095 0.030 0.040
0.0 1.0 0.0 0.0 0.0 0.0 0.0 0.0 0.0 0.0 0.083 0.708 0.917 0.772 1.0 0.095 0.030 1.000
0.0 0.0 0.0 1.0 0.0 0.0 0.0 0.0 0.0 0.0 0.083 0.708 0.917 0.772 2.0 0.135 0.061 1.000
0.0 1.0 0.0 0.0 0.0 0.0 0.0 0.0 0.0 0.0 0.083 0.708 0.917 0.772 1.0 0.095 0.030 1.000
0.0 1.0 0.0 0.0 0.0 0.0 0.0 0.0 0.0 0.0 0.104 0.688 0.896 0.751 1.0 0.108 0.061 1.000
0.0 0.0 1.0 0.0 0.0 0.0 0.0 0.0 0.0 0.0 0.083 0.708 0.917 0.772 2.0 0.108 0.061 1.000
0.0 1.0 0.0 0.0 0.0 0.0 0.0 0.0 0.0 0.0 0.104 0.688 0.896 0.751 1.0 0.095 0.061 1.000
0.0 1.0 0.0 0.0 0.0 0.0 0.0 0.0 0.0 0.0 0.083 0.854 0.854 0.854 1.0 0.095 0.030 0.040
0.0 0.0 0.0 1.0 0.0 0.0 0.0 0.0 0.0 0.0 0.083 0.854 0.854 0.854 2.0 0.135 0.061 0.040
0.0 1.0 0.0 0.0 0.0 0.0 0.0 0.0 0.0 0.0 0.083 0.917 0.917 0.917 1.0 0.095 0.091 0.040
0.0 0.0 0.0 1.0 0.0 0.0 0.0 0.0 0.0 0.0 0.083 0.917 0.917 0.917 2.0 0.135 0.121 0.040
0.0 0.0 0.0 1.0 0.0 0.0 0.0 0.0 0.0 0.0 0.104 0.688 0.896 0.751 2.0 0.162 0.061 1.000
0.0 0.0 0.0 1.0 0.0 0.0 0.0 0.0 0.0 0.0 0.125 0.667 0.875 0.730 2.0 0.149 0.121 1.000
0.0 1.0 0.0 0.0 0.0 0.0 0.0 0.0 0.0 0.0 0.083 0.708 0.917 0.772 1.0 0.095 0.030 1.000
0.0 1.0 0.0 0.0 0.0 0.0 0.0 0.0 0.0 0.0 0.104 0.688 0.896 0.751 1.0 0.108 0.061 1.000
0.0 0.0 1.0 0.0 0.0 0.0 0.0 0.0 0.0 0.0 0.083 0.708 0.917 0.772 2.0 0.108 0.061 1.000
0.0 1.0 0.0 0.0 0.0 0.0 0.0 0.0 0.0 0.0 0.083 0.708 0.917 0.772 1.0 0.095 0.030 1.000
0.0 1.0 0.0 0.0 0.0 0.0 0.0 0.0 0.0 0.0 0.083 0.708 0.917 0.772 1.0 0.095 0.030 1.000
0.0 1.0 0.0 0.0 0.0 0.0 0.0 0.0 0.0 0.0 0.104 0.688 0.896 0.751 1.0 0.108 0.061 1.000
0.0 0.0 1.0 0.0 0.0 0.0 0.0 0.0 0.0 0.0 0.083 0.708 0.917 0.772 2.0 0.108 0.061 1.000
0.0 0.0 0.0 1.0 0.0 0.0 0.0 0.0 0.0 0.0 0.125 0.667 0.875 0.730 2.0 0.149 0.061 1.000
0.0 0.0 0.0 1.0 0.0 0.0 0.0 0.0 0.0 0.0 0.104 0.688 0.896 0.751 2.0 0.162 0.061 1.000
0.0 0.0 0.0 1.0 0.0 0.0 0.0 0.0 0.0 0.0 0.104 0.688 0.896 0.751 2.0 0.162 0.061 1.000
1.0 0.0 0.0 0.0 0.0 0.0 0.0 0.0 0.0 0.0 0.125 0.667 0.875 0.730 1.0 0.122 0.091 1.000
1.0 0.0 0.0 0.0 0.0 0.0 0.0 0.0 0.0 0.0 0.125 0.750 0.750 0.750 1.0 0.122 0.091 0.040
1.0 0.0 0.0 0.0 0.0 0.0 0.0 0.0 0.0 0.0 0.104 0.688 0.896 0.751 1.0 0.122 0.091 1.000
1.0 0.0 0.0 0.0 0.0 0.0 0.0 0.0 0.0 0.0 0.104 0.771 0.771 0.771 1.0 0.122 0.091 0.040
0.0 1.0 0.0 0.0 0.0 0.0 0.0 0.0 0.0 0.0 0.125 0.667 0.875 0.730 1.0 0.135 0.061 1.000
0.0 1.0 0.0 0.0 0.0 0.0 0.0 0.0 0.0 0.0 0.125 0.667 0.875 0.730 1.0 0.095 0.121 1.000
0.0 0.0 1.0 0.0 0.0 0.0 0.0 0.0 0.0 0.0 0.104 0.688 0.896 0.751 2.0 0.108 0.121 1.000
0.0 0.0 0.0 1.0 0.0 0.0 0.0 0.0 0.0 0.0 0.104 0.688 0.896 0.751 2.0 0.135 0.061 1.000
0.0 0.0 0.0 1.0 0.0 0.0 0.0 0.0 0.0 0.0 0.104 0.688 0.896 0.751 2.0 0.135 0.061 1.000
0.0 0.0 0.0 1.0 0.0 0.0 0.0 0.0 0.0 0.0 0.104 0.688 0.896 0.751 2.0 0.135 0.061 1.000
0.0 1.0 0.0 0.0 0.0 0.0 0.0 0.0 0.0 0.0 0.125 0.667 0.875 0.730 1.0 0.108 0.061 1.000
0.0 0.0 1.0 0.0 0.0 0.0 0.0 0.0 0.0 0.0 0.104 0.688 0.896 0.751 2.0 0.108 0.061 1.000
0.0 0.0 0.0 1.0 0.0 0.0 0.0 0.0 0.0 0.0 0.104 0.688 0.896 0.751 2.0 0.135 0.061 1.000
0.0 0.0 0.0 1.0 0.0 0.0 0.0 0.0 0.0 0.0 0.104 0.688 0.896 0.751 2.0 0.135 0.061 1.000
0.0 1.0 0.0 0.0 0.0 0.0 0.0 0.0 0.0 0.0 0.125 0.812 0.812 0.812 1.0 0.108 0.061 0.040
0.0 0.0 1.0 0.0 0.0 0.0 0.0 0.0 0.0 0.0 0.104 0.833 0.833 0.833 2.0 0.108 0.061 0.040
0.0 0.0 0.0 1.0 0.0 0.0 0.0 0.0 0.0 0.0 0.104 0.688 0.896 0.751 2.0 0.135 0.061 1.000
0.0 0.0 0.0 1.0 0.0 0.0 0.0 0.0 0.0 0.0 0.104 0.688 0.896 0.751 2.0 0.135 0.061 1.000
0.0 0.0 0.0 1.0 0.0 0.0 0.0 0.0 0.0 0.0 0.104 0.833 0.833 0.833 2.0 0.135 0.061 0.040
0.0 1.0 0.0 0.0 0.0 0.0 0.0 0.0 0.0 0.0 0.125 0.812 0.812 0.812 1.0 0.122 0.061 0.040
0.0 0.0 0.0 1.0 0.0 0.0 0.0 0.0 0.0 0.0 0.104 0.896 0.896 0.896 2.0 0.135 0.121 0.040
0.0 0.0 0.0 1.0 0.0 0.0 0.0 0.0 0.0 0.0 0.104 0.688 0.896 0.751 2.0 0.135 0.061 1.000
0.0 0.0 0.0 1.0 0.0 0.0 0.0 0.0 0.0 0.0 0.104 0.688 0.896 0.751 2.0 0.135 0.061 1.000
0.0 1.0 0.0 0.0 0.0 0.0 0.0 0.0 0.0 0.0 0.125 0.667 0.875 0.730 1.0 0.122 0.121 1.000
0.0 0.0 0.0 1.0 0.0 0.0 0.0 0.0 0.0 0.0 0.146 0.646 0.854 0.709 2.0 0.122 0.121 1.000
0.0 0.0 0.0 1.0 0.0 0.0 0.0 0.0 0.0 0.0 0.125 0.667 0.875 0.730 2.0 0.135 0.091 1.000
0.0 1.0 0.0 0.0 0.0 0.0 0.0 0.0 0.0 0.0 0.125 0.667 0.875 0.730 1.0 0.108 0.061 1.000
0.0 1.0 0.0 0.0 0.0 0.0 0.0 0.0 0.0 0.0 0.146 0.729 0.729 0.729 1.0 0.095 0.091 0.040
0.0 1.0 0.0 0.0 0.0 0.0 0.0 0.0 0.0 0.0 0.146 0.646 0.854 0.709 1.0 0.095 0.091 1.000
0.0 1.0 0.0 0.0 0.0 0.0 0.0 0.0 0.0 0.0 0.125 0.750 0.750 0.750 1.0 0.095 0.091 0.040
0.0 1.0 0.0 0.0 0.0 0.0 0.0 0.0 0.0 0.0 0.125 0.667 0.875 0.730 1.0 0.095 0.091 1.000
0.0 0.0 0.0 1.0 0.0 0.0 0.0 0.0 0.0 0.0 0.125 0.667 0.875 0.730 2.0 0.162 0.061 1.000
0.0 0.0 0.0 1.0 0.0 0.0 0.0 0.0 0.0 0.0 0.125 0.667 0.875 0.730 2.0 0.162 0.061 1.000
0.0 0.0 0.0 1.0 0.0 0.0 0.0 0.0 0.0 0.0 0.125 0.667 0.875 0.730 2.0 0.162 0.061 1.000
0.0 0.0 0.0 1.0 0.0 0.0 0.0 0.0 0.0 0.0 0.146 0.646 0.854 0.709 2.0 0.149 0.061 1.000
0.0 0.0 0.0 1.0 0.0 0.0 0.0 0.0 0.0 0.0 0.125 0.667 0.875 0.730 2.0 0.162 0.061 1.000
0.0 0.0 0.0 1.0 0.0 0.0 0.0 0.0 0.0 0.0 0.125 0.667 0.875 0.730 2.0 0.162 0.061 1.000
0.0 0.0 0.0 1.0 0.0 0.0 0.0 0.0 0.0 0.0 0.146 0.792 0.792 0.792 2.0 0.149 0.061 0.040
0.0 0.0 0.0 1.0 0.0 0.0 0.0 0.0 0.0 0.0 0.125 0.667 0.875 0.730 2.0 0.162 0.061 1.000
0.0 0.0 0.0 1.0 0.0 0.0 0.0 0.0 0.0 0.0 0.125 0.667 0.875 0.730 2.0 0.149 0.061 1.000
0.0 0.0 0.0 1.0 0.0 0.0 0.0 0.0 0.0 0.0 0.125 0.812 0.812 0.812 2.0 0.162 0.061 0.040
0.0 0.0 0.0 1.0 0.0 0.0 0.0 0.0 0.0 0.0 0.125 0.875 0.875 0.875 2.0 0.162 0.121 0.040
0.0 1.0 0.0 0.0 0.0 0.0 0.0 0.0 0.0 0.0 0.125 0.667 0.875 0.730 1.0 0.108 0.061 1.000
0.0 0.0 0.0 1.0 0.0 0.0 0.0 0.0 0.0 0.0 0.125 0.667 0.875 0.730 2.0 0.149 0.091 1.000
0.0 1.0 0.0 0.0 0.0 0.0 0.0 0.0 0.0 0.0 0.146 0.646 0.854 0.709 1.0 0.108 0.121 1.000
0.0 0.0 0.0 1.0 0.0 0.0 0.0 0.0 0.0 0.0 0.146 0.646 0.854 0.709 2.0 0.149 0.152 1.000
0.0 0.0 0.0 1.0 0.0 0.0 0.0 0.0 0.0 0.0 0.125 0.667 0.875 0.730 2.0 0.149 0.061 1.000
0.0 0.0 0.0 1.0 0.0 0.0 0.0 0.0 0.0 0.0 0.125 0.667 0.875 0.730 2.0 0.149 0.061 1.000
0.0 1.0 0.0 0.0 0.0 0.0 0.0 0.0 0.0 0.0 0.146 0.646 0.854 0.709 1.0 0.108 0.061 1.000
0.0 0.0 0.0 1.0 0.0 0.0 0.0 0.0 0.0 0.0 0.146 0.646 0.854 0.709 2.0 0.135 0.091 1.000
0.0 1.0 0.0 0.0 0.0 0.0 0.0 0.0 0.0 0.0 0.125 0.667 0.875 0.730 1.0 0.108 0.061 1.000
0.0 0.0 0.0 1.0 0.0 0.0 0.0 0.0 0.0 0.0 0.125 0.667 0.875 0.730 2.0 0.149 0.091 1.000
0.0 1.0 0.0 0.0 0.0 0.0 0.0 0.0 0.0 0.0 0.146 0.792 0.792 0.792 1.0 0.095 0.061 0.040
0.0 0.0 0.0 1.0 0.0 0.0 0.0 0.0 0.0 0.0 0.146 0.646 0.854 0.709 2.0 0.122 0.091 1.000
0.0 1.0 0.0 0.0 0.0 0.0 0.0 0.0 0.0 0.0 0.146 0.646 0.854 0.709 1.0 0.095 0.121 1.000
1.0 0.0 0.0 0.0 0.0 0.0 0.0 0.0 0.0 0.0 0.146 0.646 0.854 0.709 1.0 0.122 0.061 1.000
1.0 0.0 0.0 0.0 0.0 0.0 0.0 0.0 0.0 0.0 0.146 0.792 0.792 0.792 1.0 0.122 0.061 0.040
0.0 0.0 0.0 1.0 0.0 0.0 0.0 0.0 0.0 0.0 0.146 0.646 0.854 0.709 2.0 0.135 0.091 1.000
0.0 0.0 0.0 1.0 0.0 0.0 0.0 0.0 0.0 0.0 0.167 0.625 0.833 0.688 2.0 0.135 0.152 1.000
0.0 0.0 0.0 1.0 0.0 0.0 0.0 0.0 0.0 0.0 0.167 0.625 0.833 0.688 2.0 0.122 0.091 1.000
0.0 0.0 0.0 1.0 0.0 0.0 0.0 0.0 0.0 0.0 0.146 0.646 0.854 0.709 2.0 0.135 0.091 1.000
0.0 1.0 0.0 0.0 0.0 0.0 0.0 0.0 0.0 0.0 0.167 0.625 0.833 0.688 1.0 0.122 0.121 1.000
0.0 1.0 0.0 0.0 0.0 0.0 0.0 0.0 0.0 0.0 0.167 0.625 0.833 0.688 1.0 0.095 0.091 1.000
0.0 0.0 1.0 0.0 0.0 0.0 0.0 0.0 0.0 0.0 0.146 0.646 0.854 0.709 2.0 0.122 0.091 1.000
0.0 1.0 0.0 0.0 0.0 0.0 0.0 0.0 0.0 0.0 0.146 0.646 0.854 0.709 1.0 0.108 0.061 1.000
0.0 0.0 0.0 1.0 0.0 0.0 0.0 0.0 0.0 0.0 0.146 0.646 0.854 0.709 2.0 0.149 0.091 1.000
0.0 1.0 0.0 0.0 0.0 0.0 0.0 0.0 0.0 0.0 0.146 0.646 0.854 0.709 1.0 0.108 0.061 1.000
0.0 0.0 0.0 1.0 0.0 0.0 0.0 0.0 0.0 0.0 0.146 0.646 0.854 0.709 2.0 0.149 0.091 1.000
0.0 1.0 0.0 0.0 0.0 0.0 0.0 0.0 0.0 0.0 0.146 0.646 0.854 0.709 1.0 0.108 0.061 1.000
0.0 0.0 0.0 1.0 0.0 0.0 0.0 0.0 0.0 0.0 0.167 0.625 0.833 0.688 2.0 0.135 0.091 1.000
0.0 1.0 0.0 0.0 0.0 0.0 0.0 0.0 0.0 0.0 0.167 0.625 0.833 0.688 1.0 0.108 0.061 1.000
0.0 0.0 0.0 1.0 0.0 0.0 0.0 0.0 0.0 0.0 0.146 0.646 0.854 0.709 2.0 0.135 0.091 1.000
0.0 1.0 0.0 0.0 0.0 0.0 0.0 0.0 0.0 0.0 0.146 0.646 0.854 0.709 1.0 0.108 0.061 1.000
0.0 0.0 0.0 1.0 0.0 0.0 0.0 0.0 0.0 0.0 0.146 0.646 0.854 0.709 2.0 0.162 0.091 1.000
0.0 1.0 0.0 0.0 0.0 0.0 0.0 0.0 0.0 0.0 0.146 0.646 0.854 0.709 1.0 0.108 0.061 1.000
0.0 0.0 0.0 1.0 0.0 0.0 0.0 0.0 0.0 0.0 0.146 0.646 0.854 0.709 2.0 0.135 0.091 1.000
0.0 1.0 0.0 0.0 0.0 0.0 0.0 0.0 0.0 0.0 0.146 0.646 0.854 0.709 1.0 0.108 0.061 1.000
0.0 0.0 0.0 1.0 0.0 0.0 0.0 0.0 0.0 0.0 0.146 0.792 0.792 0.792 2.0 0.135 0.121 0.040
0.0 1.0 0.0 0.0 0.0 0.0 0.0 0.0 0.0 0.0 0.146 0.792 0.792 0.792 1.0 0.108 0.061 0.040
0.0 1.0 0.0 0.0 0.0 0.0 0.0 0.0 0.0 0.0 0.146 0.854 0.854 0.854 1.0 0.108 0.121 0.040
0.0 0.0 0.0 1.0 0.0 0.0 0.0 0.0 0.0 0.0 0.146 0.646 0.854 0.709 2.0 0.135 0.091 1.000
0.0 1.0 0.0 0.0 0.0 0.0 0.0 0.0 0.0 0.0 0.146 0.646 0.854 0.709 1.0 0.108 0.061 1.000
0.0 0.0 0.0 1.0 0.0 0.0 0.0 0.0 0.0 0.0 0.167 0.625 0.833 0.688 2.0 0.135 0.091 1.000
0.0 1.0 0.0 0.0 0.0 0.0 0.0 0.0 0.0 0.0 0.167 0.771 0.771 0.771 1.0 0.108 0.061 0.040
0.0 0.0 0.0 1.0 0.0 0.0 0.0 0.0 0.0 0.0 0.167 0.771 0.771 0.771 2.0 0.149 0.091 0.040
0.0 1.0 0.0 0.0 0.0 0.0 0.0 0.0 0.0 0.0 0.146 0.646 0.854 0.709 1.0 0.108 0.061 1.000
0.0 0.0 0.0 1.0 0.0 0.0 0.0 0.0 0.0 0.0 0.146 0.646 0.854 0.709 2.0 0.149 0.121 1.000
0.0 0.0 0.0 1.0 0.0 0.0 0.0 0.0 0.0 0.0 0.167 0.625 0.833 0.688 2.0 0.162 0.091 1.000
0.0 1.0 0.0 0.0 0.0 0.0 0.0 0.0 0.0 0.0 0.146 0.646 0.854 0.709 1.0 0.108 0.061 1.000
0.0 1.0 0.0 0.0 0.0 0.0 0.0 0.0 0.0 0.0 0.167 0.625 0.833 0.688 1.0 0.108 0.091 1.000
0.0 0.0 0.0 1.0 0.0 0.0 0.0 0.0 0.0 0.0 0.146 0.646 0.854 0.709 2.0 0.122 0.091 1.000
0.0 0.0 0.0 1.0 0.0 0.0 0.0 0.0 0.0 0.0 0.188 0.604 0.812 0.667 2.0 0.162 0.152 1.000
0.0 0.0 0.0 1.0 0.0 0.0 0.0 0.0 0.0 0.0 0.167 0.625 0.833 0.688 2.0 0.162 0.091 1.000
0.0 1.0 0.0 0.0 0.0 0.0 0.0 0.0 0.0 0.0 0.208 0.583 0.792 0.647 1.0 0.122 0.091 1.000
0.0 0.0 0.0 1.0 0.0 0.0 0.0 0.0 0.0 0.0 0.188 0.604 0.812 0.667 2.0 0.135 0.091 1.000
0.0 0.0 0.0 1.0 0.0 0.0 0.0 0.0 0.0 0.0 0.167 0.625 0.833 0.688 2.0 0.122 0.091 1.000
0.0 0.0 0.0 1.0 0.0 0.0 0.0 0.0 0.0 0.0 0.167 0.625 0.833 0.688 2.0 0.135 0.091 1.000
0.0 1.0 0.0 0.0 0.0 0.0 0.0 0.0 0.0 0.0 0.188 0.604 0.812 0.667 1.0 0.108 0.091 1.000
0.0 0.0 1.0 0.0 0.0 0.0 0.0 0.0 0.0 0.0 0.167 0.625 0.833 0.688 2.0 0.108 0.091 1.000
0.0 1.0 0.0 0.0 0.0 0.0 0.0 0.0 0.0 0.0 0.167 0.771 0.771 0.771 1.0 0.095 0.061 0.040
0.0 1.0 0.0 0.0 0.0 0.0 0.0 0.0 0.0 0.0 0.167 0.625 0.833 0.688 1.0 0.095 0.061 1.000
0.0 0.0 0.0 1.0 0.0 0.0 0.0 0.0 0.0 0.0 0.188 0.604 0.812 0.667 2.0 0.122 0.091 1.000
0.0 0.0 0.0 1.0 0.0 0.0 0.0 0.0 0.0 0.0 0.167 0.625 0.833 0.688 2.0 0.122 0.091 1.000
0.0 0.0 0.0 1.0 0.0 0.0 0.0 0.0 0.0 0.0 0.167 0.625 0.833 0.688 2.0 0.149 0.091 1.000
0.0 1.0 0.0 0.0 0.0 0.0 0.0 0.0 0.0 0.0 0.188 0.604 0.812 0.667 1.0 0.095 0.091 1.000
0.0 0.0 1.0 0.0 0.0 0.0 0.0 0.0 0.0 0.0 0.167 0.625 0.833 0.688 2.0 0.108 0.091 1.000
0.0 0.0 0.0 1.0 0.0 0.0 0.0 0.0 0.0 0.0 0.167 0.771 0.771 0.771 2.0 0.122 0.121 0.040
0.0 0.0 0.0 1.0 0.0 0.0 0.0 0.0 0.0 0.0 0.167 0.625 0.833 0.688 2.0 0.122 0.091 1.000
0.0 1.0 0.0 0.0 0.0 0.0 0.0 0.0 0.0 0.0 0.188 0.604 0.812 0.667 1.0 0.095 0.121 1.000
0.0 0.0 0.0 1.0 0.0 0.0 0.0 0.0 0.0 0.0 0.188 0.750 0.750 0.750 2.0 0.135 0.091 0.040
0.0 0.0 0.0 1.0 0.0 0.0 0.0 0.0 0.0 0.0 0.167 0.625 0.833 0.688 2.0 0.135 0.121 1.000
0.0 0.0 0.0 1.0 0.0 0.0 0.0 0.0 0.0 0.0 0.167 0.625 0.833 0.688 2.0 0.135 0.091 1.000
0.0 1.0 0.0 0.0 0.0 0.0 0.0 0.0 0.0 0.0 0.188 0.604 0.812 0.667 1.0 0.122 0.091 1.000
0.0 1.0 0.0 0.0 0.0 0.0 0.0 0.0 0.0 0.0 0.208 0.583 0.792 0.647 1.0 0.095 0.091 1.000
0.0 0.0 0.0 1.0 0.0 0.0 0.0 0.0 0.0 0.0 0.188 0.604 0.812 0.667 2.0 0.108 0.091 1.000
0.0 0.0 0.0 1.0 0.0 0.0 0.0 0.0 0.0 0.0 0.188 0.604 0.812 0.667 2.0 0.176 0.091 1.000
0.0 0.0 0.0 1.0 0.0 0.0 0.0 0.0 0.0 0.0 0.208 0.583 0.792 0.647 2.0 0.162 0.091 1.000
0.0 0.0 0.0 1.0 0.0 0.0 0.0 0.0 0.0 0.0 0.208 0.583 0.792 0.647 2.0 0.135 0.091 1.000
0.0 0.0 0.0 1.0 0.0 0.0 0.0 0.0 0.0 0.0 0.188 0.604 0.812 0.667 2.0 0.135 0.091 1.000
0.0 0.0 0.0 1.0 0.0 0.0 0.0 0.0 0.0 0.0 0.188 0.604 0.812 0.667 2.0 0.216 0.091 1.000
0.0 0.0 0.0 1.0 0.0 0.0 0.0 0.0 0.0 0.0 0.208 0.583 0.792 0.647 2.0 0.135 0.091 1.000
0.0 0.0 0.0 1.0 0.0 0.0 0.0 0.0 0.0 0.0 0.188 0.750 0.750 0.750 2.0 0.135 0.121 0.040
0.0 1.0 0.0 0.0 0.0 0.0 0.0 0.0 0.0 0.0 0.188 0.604 0.812 0.667 1.0 0.108 0.091 1.000
0.0 1.0 0.0 0.0 0.0 0.0 0.0 0.0 0.0 0.0 0.208 0.583 0.792 0.647 1.0 0.095 0.091 1.000
0.0 0.0 1.0 0.0 0.0 0.0 0.0 0.0 0.0 0.0 0.188 0.604 0.812 0.667 2.0 0.122 0.091 1.000
0.0 1.0 0.0 0.0 0.0 0.0 0.0 0.0 0.0 0.0 0.208 0.583 0.792 0.647 1.0 0.108 0.152 1.000
0.0 1.0 0.0 0.0 0.0 0.0 0.0 0.0 0.0 0.0 0.188 0.604 0.812 0.667 1.0 0.108 0.091 1.000
0.0 1.0 0.0 0.0 0.0 0.0 0.0 0.0 0.0 0.0 0.229 0.562 0.771 0.626 1.0 0.095 0.091 1.000
0.0 0.0 0.0 1.0 0.0 0.0 0.0 0.0 0.0 0.0 0.188 0.604 0.812 0.667 2.0 0.162 0.121 1.000
0.0 0.0 0.0 1.0 0.0 0.0 0.0 0.0 0.0 0.0 0.208 0.729 0.729 0.729 2.0 0.162 0.091 0.040
0.0 0.0 0.0 1.0 0.0 0.0 0.0 0.0 0.0 0.0 0.188 0.604 0.812 0.667 2.0 0.149 0.091 1.000
0.0 1.0 0.0 0.0 0.0 0.0 0.0 0.0 0.0 0.0 0.229 0.562 0.771 0.626 1.0 0.122 0.091 1.000
0.0 1.0 0.0 0.0 0.0 0.0 0.0 0.0 0.0 0.0 0.208 0.583 0.792 0.647 1.0 0.135 0.091 1.000
0.0 1.0 0.0 0.0 0.0 0.0 0.0 0.0 0.0 0.0 0.229 0.562 0.771 0.626 1.0 0.176 0.091 1.000
0.0 1.0 0.0 0.0 0.0 0.0 0.0 0.0 0.0 0.0 0.229 0.562 0.771 0.626 1.0 0.135 0.091 1.000
0.0 0.0 0.0 1.0 0.0 0.0 0.0 0.0 0.0 0.0 0.229 0.562 0.771 0.626 2.0 0.135 0.182 1.000
0.0 0.0 0.0 1.0 0.0 0.0 0.0 0.0 0.0 0.0 0.250 0.542 0.750 0.605 2.0 0.149 0.182 1.000
0.0 1.0 0.0 0.0 0.0 0.0 0.0 0.0 0.0 0.0 0.208 0.583 0.792 0.647 1.0 0.095 0.091 1.000
0.0 1.0 0.0 0.0 0.0 0.0 0.0 0.0 0.0 0.0 0.208 0.729 0.729 0.729 1.0 0.122 0.121 0.040
0.0 1.0 0.0 0.0 0.0 0.0 0.0 0.0 0.0 0.0 0.229 0.562 0.771 0.626 1.0 0.108 0.091 1.000
1.0 0.0 0.0 0.0 0.0 0.0 0.0 0.0 0.0 0.0 0.208 0.583 0.792 0.647 1.0 0.162 0.091 1.000
0.0 1.0 0.0 0.0 0.0 0.0 0.0 0.0 0.0 0.0 0.208 0.583 0.792 0.647 1.0 0.108 0.121 1.000
0.0 1.0 0.0 0.0 0.0 0.0 0.0 0.0 0.0 0.0 0.229 0.708 0.708 0.708 1.0 0.108 0.091 0.040
0.0 0.0 0.0 1.0 0.0 0.0 0.0 0.0 0.0 0.0 0.229 0.562 0.771 0.626 2.0 0.149 0.242 1.000
0.0 1.0 0.0 0.0 0.0 0.0 0.0 0.0 0.0 0.0 0.208 0.583 0.792 0.647 1.0 0.108 0.091 1.000
0.0 0.0 0.0 1.0 0.0 0.0 0.0 0.0 0.0 0.0 0.271 0.521 0.729 0.584 2.0 0.162 0.182 1.000
1.0 0.0 0.0 0.0 0.0 0.0 0.0 0.0 0.0 0.0 0.229 0.562 0.771 0.626 1.0 0.135 0.091 1.000
1.0 0.0 0.0 0.0 0.0 0.0 0.0 0.0 0.0 0.0 0.229 0.708 0.708 0.708 1.0 0.135 0.091 0.040
1.0 0.0 0.0 0.0 0.0 0.0 0.0 0.0 0.0 0.0 0.208 0.750 0.750 0.750 1.0 0.149 0.091 0.040
1.0 0.0 0.0 0.0 0.0 0.0 0.0 0.0 0.0 0.0 0.208 0.583 0.792 0.647 1.0 0.149 0.091 1.000
1.0 0.0 0.0 0.0 0.0 0.0 0.0 0.0 0.0 0.0 0.208 0.729 0.729 0.729 1.0 0.135 0.091 0.040
1.0 0.0 0.0 0.0 0.0 0.0 0.0 0.0 0.0 0.0 0.208 0.583 0.792 0.647 1.0 0.135 0.091 1.000
1.0 0.0 0.0 0.0 0.0 0.0 0.0 0.0 0.0 0.0 0.250 0.542 0.750 0.605 1.0 0.149 0.091 1.000
1.0 0.0 0.0 0.0 0.0 0.0 0.0 0.0 0.0 0.0 0.229 0.562 0.771 0.626 1.0 0.135 0.091 1.000
0.0 1.0 0.0 0.0 0.0 0.0 0.0 0.0 0.0 0.0 0.229 0.708 0.708 0.708 1.0 0.095 0.121 0.040
0.0 0.0 0.0 1.0 0.0 0.0 0.0 0.0 0.0 0.0 0.229 0.562 0.771 0.626 2.0 0.149 0.242 1.000
0.0 0.0 0.0 1.0 0.0 0.0 0.0 0.0 0.0 0.0 0.250 0.542 0.750 0.605 2.0 0.135 0.182 1.000
0.0 1.0 0.0 0.0 0.0 0.0 0.0 0.0 0.0 0.0 0.250 0.542 0.750 0.605 1.0 0.095 0.091 1.000
1.0 0.0 0.0 0.0 0.0 0.0 0.0 0.0 0.0 0.0 0.250 0.750 0.750 0.750 1.0 0.122 0.091 0.040
1.0 0.0 0.0 0.0 0.0 0.0 0.0 0.0 0.0 0.0 0.250 0.542 0.750 0.605 1.0 0.122 0.091 1.000
1.0 0.0 0.0 0.0 0.0 0.0 0.0 0.0 0.0 0.0 0.250 0.542 0.750 0.605 1.0 0.122 0.091 1.000
1.0 0.0 0.0 0.0 0.0 0.0 0.0 0.0 0.0 0.0 0.250 0.688 0.688 0.688 1.0 0.122 0.091 0.040
1.0 0.0 0.0 0.0 0.0 0.0 0.0 0.0 0.0 0.0 0.229 0.708 0.708 0.708 1.0 0.122 0.091 0.040
1.0 0.0 0.0 0.0 0.0 0.0 0.0 0.0 0.0 0.0 0.250 0.750 0.750 0.750 1.0 0.135 0.091 0.040
1.0 0.0 0.0 0.0 0.0 0.0 0.0 0.0 0.0 0.0 0.250 0.542 0.750 0.605 1.0 0.135 0.091 1.000
0.0 0.0 0.0 1.0 0.0 0.0 0.0 0.0 0.0 0.0 0.292 0.500 0.708 0.563 2.0 0.149 0.273 1.000
0.0 1.0 0.0 0.0 0.0 0.0 0.0 0.0 0.0 0.0 0.292 0.500 0.708 0.563 1.0 0.108 0.182 1.000
0.0 1.0 0.0 0.0 0.0 0.0 0.0 0.0 0.0 0.0 0.250 0.542 0.750 0.605 1.0 0.095 0.091 1.000
0.0 1.0 0.0 0.0 0.0 0.0 0.0 0.0 0.0 0.0 0.250 0.688 0.688 0.688 1.0 0.095 0.091 0.040
0.0 1.0 0.0 0.0 0.0 0.0 0.0 0.0 0.0 0.0 0.250 0.708 0.708 0.708 1.0 0.108 0.121 0.040
0.0 0.0 1.0 0.0 0.0 0.0 0.0 0.0 0.0 0.0 0.229 0.729 0.729 0.729 2.0 0.108 0.121 0.040
0.0 1.0 0.0 0.0 0.0 0.0 0.0 0.0 0.0 0.0 0.229 0.729 0.729 0.729 1.0 0.095 0.091 0.040
0.0 0.0 0.0 1.0 0.0 0.0 0.0 0.0 0.0 0.0 0.229 0.562 0.771 0.626 2.0 0.135 0.121 1.000
0.0 1.0 0.0 0.0 0.0 0.0 0.0 0.0 0.0 0.0 0.229 0.562 0.771 0.626 1.0 0.095 0.091 1.000
0.0 1.0 0.0 0.0 0.0 0.0 0.0 0.0 0.0 0.0 0.229 0.708 0.708 0.708 1.0 0.095 0.091 0.040
0.0 1.0 0.0 0.0 0.0 0.0 0.0 0.0 0.0 0.0 0.229 0.562 0.771 0.626 1.0 0.095 0.091 1.000
0.0 0.0 0.0 1.0 0.0 0.0 0.0 0.0 0.0 0.0 0.250 0.542 0.750 0.605 2.0 0.162 0.242 1.000
0.0 1.0 0.0 0.0 0.0 0.0 0.0 0.0 0.0 0.0 0.292 0.500 0.708 0.563 1.0 0.108 0.182 1.000
0.0 0.0 1.0 0.0 0.0 0.0 0.0 0.0 0.0 0.0 0.271 0.521 0.729 0.584 2.0 0.108 0.182 1.000
1.0 0.0 0.0 0.0 0.0 0.0 0.0 0.0 0.0 0.0 0.229 0.771 0.771 0.771 1.0 0.122 0.091 0.040
1.0 0.0 0.0 0.0 0.0 0.0 0.0 0.0 0.0 0.0 0.229 0.562 0.771 0.626 1.0 0.122 0.091 1.000
0.0 0.0 0.0 1.0 0.0 0.0 0.0 0.0 0.0 0.0 0.312 0.479 0.688 0.542 2.0 0.149 0.273 1.000
0.0 1.0 0.0 0.0 0.0 0.0 0.0 0.0 0.0 0.0 0.271 0.521 0.729 0.584 1.0 0.095 0.091 1.000
0.0 0.0 0.0 1.0 0.0 0.0 0.0 0.0 0.0 0.0 0.271 0.521 0.729 0.584 2.0 0.135 0.182 1.000
0.0 1.0 0.0 0.0 0.0 0.0 0.0 0.0 0.0 0.0 0.271 0.521 0.729 0.584 1.0 0.095 0.091 1.000
0.0 0.0 0.0 1.0 0.0 0.0 0.0 0.0 0.0 0.0 0.271 0.667 0.667 0.667 2.0 0.135 0.182 0.040
0.0 1.0 0.0 0.0 0.0 0.0 0.0 0.0 0.0 0.0 0.271 0.667 0.667 0.667 1.0 0.095 0.091 0.040
0.0 0.0 0.0 1.0 0.0 0.0 0.0 0.0 0.0 0.0 0.250 0.708 0.708 0.708 2.0 0.135 0.121 0.040
0.0 0.0 0.0 1.0 0.0 0.0 0.0 0.0 0.0 0.0 0.250 0.542 0.750 0.605 2.0 0.135 0.121 1.000
1.0 0.0 0.0 0.0 0.0 0.0 0.0 0.0 0.0 0.0 0.271 0.667 0.667 0.667 1.0 0.122 0.091 0.040
1.0 0.0 0.0 0.0 0.0 0.0 0.0 0.0 0.0 0.0 0.271 0.521 0.729 0.584 1.0 0.122 0.091 1.000
0.0 0.0 0.0 1.0 0.0 0.0 0.0 0.0 0.0 0.0 0.250 0.688 0.688 0.688 2.0 0.135 0.182 0.040
0.0 1.0 0.0 0.0 0.0 0.0 0.0 0.0 0.0 0.0 0.250 0.688 0.688 0.688 1.0 0.095 0.091 0.040
0.0 0.0 0.0 1.0 0.0 0.0 0.0 0.0 0.0 0.0 0.312 0.479 0.688 0.542 2.0 0.149 0.182 1.000
0.0 1.0 0.0 0.0 0.0 0.0 0.0 0.0 0.0 0.0 0.271 0.729 0.729 0.729 1.0 0.095 0.091 0.040
0.0 1.0 0.0 0.0 0.0 0.0 0.0 0.0 0.0 0.0 0.271 0.729 0.729 0.729 1.0 0.095 0.091 0.040
0.0 1.0 0.0 0.0 0.0 0.0 0.0 0.0 0.0 0.0 0.271 0.521 0.729 0.584 1.0 0.095 0.091 1.000
1.0 0.0 0.0 0.0 0.0 0.0 0.0 0.0 0.0 0.0 0.250 0.688 0.688 0.688 1.0 0.122 0.091 0.040
1.0 0.0 0.0 0.0 0.0 0.0 0.0 0.0 0.0 0.0 0.250 0.542 0.750 0.605 1.0 0.122 0.091 1.000
0.0 1.0 0.0 0.0 0.0 0.0 0.0 0.0 0.0 0.0 0.292 0.500 0.708 0.563 1.0 0.108 0.333 1.000
0.0 0.0 1.0 0.0 0.0 0.0 0.0 0.0 0.0 0.0 0.271 0.521 0.729 0.584 2.0 0.122 0.333 1.000
0.0 1.0 0.0 0.0 0.0 0.0 0.0 0.0 0.0 0.0 0.271 0.521 0.729 0.584 1.0 0.108 0.242 1.000
0.0 0.0 0.0 1.0 0.0 0.0 0.0 0.0 0.0 0.0 0.333 0.458 0.667 0.522 2.0 0.189 0.273 1.000
0.0 0.0 0.0 1.0 0.0 0.0 0.0 0.0 0.0 0.0 0.292 0.500 0.708 0.563 2.0 0.135 0.182 1.000
0.0 0.0 0.0 1.0 0.0 0.0 0.0 0.0 0.0 0.0 0.292 0.646 0.646 0.646 2.0 0.135 0.182 0.040
0.0 0.0 0.0 1.0 0.0 0.0 0.0 0.0 0.0 0.0 0.271 0.688 0.688 0.688 2.0 0.149 0.121 0.040
0.0 0.0 0.0 1.0 0.0 0.0 0.0 0.0 0.0 0.0 0.271 0.521 0.729 0.584 2.0 0.162 0.121 1.000
0.0 0.0 0.0 1.0 0.0 0.0 0.0 0.0 0.0 0.0 0.271 0.667 0.667 0.667 2.0 0.149 0.182 0.040
0.0 1.0 0.0 0.0 0.0 0.0 0.0 0.0 0.0 0.0 0.250 0.750 0.750 0.750 1.0 0.095 0.091 0.040
0.0 0.0 0.0 1.0 0.0 0.0 0.0 0.0 0.0 0.0 0.292 0.708 0.708 0.708 2.0 0.122 0.182 0.040
0.0 1.0 0.0 0.0 0.0 0.0 0.0 0.0 0.0 0.0 0.250 0.542 0.750 0.605 1.0 0.095 0.091 1.000
0.0 0.0 0.0 1.0 0.0 0.0 0.0 0.0 0.0 0.0 0.292 0.500 0.708 0.563 2.0 0.122 0.182 1.000
0.0 1.0 0.0 0.0 0.0 0.0 0.0 0.0 0.0 0.0 0.292 0.500 0.708 0.563 1.0 0.095 0.091 1.000
0.0 1.0 0.0 0.0 0.0 0.0 0.0 0.0 0.0 0.0 0.312 0.479 0.688 0.542 1.0 0.108 0.333 1.000
0.0 0.0 1.0 0.0 0.0 0.0 0.0 0.0 0.0 0.0 0.292 0.500 0.708 0.563 2.0 0.122 0.333 1.000
0.0 0.0 0.0 1.0 0.0 0.0 0.0 0.0 0.0 0.0 0.333 0.458 0.667 0.522 2.0 0.149 0.303 1.000
0.0 1.0 0.0 0.0 0.0 0.0 0.0 0.0 0.0 0.0 0.333 0.458 0.667 0.522 1.0 0.108 0.182 1.000
0.0 0.0 0.0 1.0 0.0 0.0 0.0 0.0 0.0 0.0 0.312 0.479 0.688 0.542 2.0 0.162 0.182 1.000
0.0 0.0 0.0 1.0 0.0 0.0 0.0 0.0 0.0 0.0 0.312 0.625 0.625 0.625 2.0 0.162 0.182 0.040
0.0 1.0 0.0 0.0 0.0 0.0 0.0 0.0 0.0 0.0 0.271 0.667 0.667 0.667 1.0 0.095 0.091 0.040
0.0 0.0 0.0 1.0 0.0 0.0 0.0 0.0 0.0 0.0 0.271 0.667 0.667 0.667 2.0 0.135 0.182 0.040
0.0 1.0 0.0 0.0 0.0 0.0 0.0 0.0 0.0 0.0 0.292 0.646 0.646 0.646 1.0 0.095 0.091 0.040
0.0 1.0 0.0 0.0 0.0 0.0 0.0 0.0 0.0 0.0 0.271 0.521 0.729 0.584 1.0 0.095 0.091 1.000
0.0 0.0 0.0 1.0 0.0 0.0 0.0 0.0 0.0 0.0 0.271 0.521 0.729 0.584 2.0 0.122 0.182 1.000
0.0 0.0 0.0 1.0 0.0 0.0 0.0 0.0 0.0 0.0 0.292 0.646 0.646 0.646 2.0 0.162 0.182 0.040
0.0 0.0 0.0 1.0 0.0 0.0 0.0 0.0 0.0 0.0 0.271 0.729 0.729 0.729 2.0 0.122 0.182 0.040
0.0 0.0 0.0 1.0 0.0 0.0 0.0 0.0 0.0 0.0 0.271 0.521 0.729 0.584 2.0 0.122 0.182 1.000
0.0 0.0 0.0 1.0 0.0 0.0 0.0 0.0 0.0 0.0 0.292 0.500 0.708 0.563 2.0 0.135 0.182 1.000
0.0 1.0 0.0 0.0 0.0 0.0 0.0 0.0 0.0 0.0 0.292 0.500 0.708 0.563 1.0 0.108 0.121 1.000
0.0 0.0 0.0 1.0 0.0 0.0 0.0 0.0 0.0 0.0 0.333 0.458 0.667 0.522 2.0 0.162 0.333 1.000
0.0 0.0 0.0 1.0 0.0 0.0 0.0 0.0 0.0 0.0 0.354 0.438 0.646 0.501 2.0 0.135 0.303 1.000
0.0 0.0 0.0 1.0 0.0 0.0 0.0 0.0 0.0 0.0 0.354 0.438 0.646 0.501 2.0 0.230 0.303 1.000
0.0 1.0 0.0 0.0 0.0 0.0 0.0 0.0 0.0 0.0 0.292 0.667 0.667 0.667 1.0 0.108 0.121 0.040
0.0 0.0 0.0 1.0 0.0 0.0 0.0 0.0 0.0 0.0 0.292 0.667 0.667 0.667 2.0 0.149 0.182 0.040
0.0 1.0 0.0 0.0 0.0 0.0 0.0 0.0 0.0 0.0 0.312 0.625 0.625 0.625 1.0 0.108 0.182 0.040
0.0 0.0 0.0 1.0 0.0 0.0 0.0 0.0 0.0 0.0 0.292 0.646 0.646 0.646 2.0 0.108 0.182 0.040
0.0 0.0 0.0 1.0 0.0 0.0 0.0 0.0 0.0 0.0 0.292 0.500 0.708 0.563 2.0 0.122 0.182 1.000
0.0 1.0 0.0 0.0 0.0 0.0 0.0 0.0 0.0 0.0 0.333 0.667 0.667 0.667 1.0 0.122 0.182 0.040
0.0 0.0 0.0 1.0 0.0 0.0 0.0 0.0 0.0 0.0 0.312 0.688 0.688 0.688 2.0 0.135 0.182 0.040
0.0 1.0 0.0 0.0 0.0 0.0 0.0 0.0 0.0 0.0 0.333 0.458 0.667 0.522 1.0 0.122 0.182 1.000
0.0 0.0 0.0 1.0 0.0 0.0 0.0 0.0 0.0 0.0 0.312 0.479 0.688 0.542 2.0 0.135 0.182 1.000
1.0 0.0 0.0 0.0 0.0 0.0 0.0 0.0 0.0 0.0 0.354 0.604 0.604 0.604 1.0 0.135 0.273 0.040
0.0 0.0 0.0 1.0 0.0 0.0 0.0 0.0 0.0 0.0 0.333 0.604 0.604 0.604 2.0 0.135 0.242 0.040
0.0 1.0 0.0 0.0 0.0 0.0 0.0 0.0 0.0 0.0 0.333 0.604 0.604 0.604 1.0 0.108 0.182 0.040
0.0 0.0 0.0 1.0 0.0 0.0 0.0 0.0 0.0 0.0 0.333 0.458 0.667 0.522 2.0 0.149 0.242 1.000
0.0 1.0 0.0 0.0 0.0 0.0 0.0 0.0 0.0 0.0 0.333 0.458 0.667 0.522 1.0 0.108 0.182 1.000
0.0 0.0 0.0 1.0 0.0 0.0 0.0 0.0 0.0 0.0 0.312 0.479 0.688 0.542 2.0 0.122 0.182 1.000
0.0 0.0 0.0 1.0 0.0 0.0 0.0 0.0 0.0 0.0 0.312 0.625 0.625 0.625 2.0 0.135 0.242 0.040
0.0 1.0 0.0 0.0 0.0 0.0 0.0 0.0 0.0 0.0 0.312 0.625 0.625 0.625 1.0 0.108 0.182 0.040
0.0 0.0 0.0 1.0 0.0 0.0 0.0 0.0 0.0 0.0 0.375 0.417 0.625 0.480 2.0 0.189 0.303 1.000
0.0 0.0 0.0 1.0 0.0 0.0 0.0 0.0 0.0 0.0 0.312 0.646 0.646 0.646 2.0 0.135 0.182 0.040
0.0 0.0 0.0 1.0 0.0 0.0 0.0 0.0 0.0 0.0 0.333 0.604 0.604 0.604 2.0 0.149 0.182 0.040
0.0 1.0 0.0 0.0 0.0 0.0 0.0 0.0 0.0 0.0 0.333 0.458 0.667 0.522 1.0 0.122 0.182 1.000
0.0 0.0 0.0 1.0 0.0 0.0 0.0 0.0 0.0 0.0 0.312 0.479 0.688 0.542 2.0 0.135 0.182 1.000
0.0 0.0 0.0 1.0 0.0 0.0 0.0 0.0 0.0 0.0 0.354 0.583 0.583 0.583 2.0 0.122 0.242 0.040
0.0 0.0 0.0 1.0 0.0 0.0 0.0 0.0 0.0 0.0 0.354 0.438 0.646 0.501 2.0 0.135 0.242 1.000
0.0 0.0 0.0 1.0 0.0 0.0 0.0 0.0 0.0 0.0 0.333 0.458 0.667 0.522 2.0 0.135 0.182 1.000
0.0 0.0 0.0 1.0 0.0 0.0 0.0 0.0 0.0 0.0 0.333 0.604 0.604 0.604 2.0 0.122 0.242 0.040
0.0 0.0 0.0 1.0 0.0 0.0 0.0 0.0 0.0 0.0 0.354 0.438 0.646 0.501 2.0 0.122 0.273 1.000
0.0 1.0 0.0 0.0 0.0 0.0 0.0 0.0 0.0 0.0 0.354 0.438 0.646 0.501 1.0 0.095 0.182 1.000
0.0 1.0 0.0 0.0 0.0 0.0 0.0 0.0 0.0 0.0 0.375 0.583 0.583 0.583 1.0 0.095 0.273 0.040
0.0 0.0 0.0 1.0 0.0 0.0 0.0 0.0 0.0 0.0 0.354 0.438 0.646 0.501 2.0 0.230 0.364 1.000
0.0 1.0 0.0 0.0 0.0 0.0 0.0 0.0 0.0 0.0 0.354 0.646 0.646 0.646 1.0 0.095 0.182 0.040
0.0 0.0 0.0 1.0 0.0 0.0 0.0 0.0 0.0 0.0 0.354 0.646 0.646 0.646 2.0 0.135 0.273 0.040
1.0 0.0 0.0 0.0 0.0 0.0 0.0 0.0 0.0 0.0 0.354 0.604 0.604 0.604 1.0 0.135 0.333 0.040
1.0 0.0 0.0 0.0 0.0 0.0 0.0 0.0 0.0 0.0 0.375 0.417 0.625 0.480 1.0 0.135 0.303 1.000
1.0 0.0 0.0 0.0 0.0 0.0 0.0 0.0 0.0 0.0 0.375 0.500 0.500 0.500 1.0 0.135 0.303 0.040
0.0 0.0 0.0 1.0 0.0 0.0 0.0 0.0 0.0 0.0 0.333 0.625 0.625 0.625 2.0 0.162 0.182 0.040
0.0 1.0 0.0 0.0 0.0 0.0 0.0 0.0 0.0 0.0 0.396 0.542 0.542 0.542 1.0 0.081 0.242 0.040
0.0 0.0 0.0 1.0 0.0 0.0 0.0 0.0 0.0 0.0 0.375 0.562 0.562 0.562 2.0 0.122 0.242 0.040
0.0 0.0 0.0 1.0 0.0 0.0 0.0 0.0 0.0 0.0 0.375 0.417 0.625 0.480 2.0 0.176 0.242 1.000
0.0 0.0 0.0 1.0 0.0 0.0 0.0 0.0 0.0 0.0 0.354 0.438 0.646 0.501 2.0 0.122 0.273 1.000
0.0 1.0 0.0 0.0 0.0 0.0 0.0 0.0 0.0 0.0 0.354 0.438 0.646 0.501 1.0 0.095 0.182 1.000
0.0 0.0 0.0 1.0 0.0 0.0 0.0 0.0 0.0 0.0 0.354 0.583 0.583 0.583 2.0 0.122 0.242 0.040
0.0 1.0 0.0 0.0 0.0 0.0 0.0 0.0 0.0 0.0 0.396 0.396 0.604 0.459 1.0 0.095 0.273 1.000
0.0 0.0 1.0 0.0 0.0 0.0 0.0 0.0 0.0 0.0 0.375 0.417 0.625 0.480 2.0 0.108 0.273 1.000
0.0 0.0 0.0 1.0 0.0 0.0 0.0 0.0 0.0 0.0 0.396 0.396 0.604 0.459 2.0 0.230 0.333 1.000
0.0 1.0 0.0 0.0 0.0 0.0 0.0 0.0 0.0 0.0 0.354 0.583 0.583 0.583 1.0 0.108 0.182 0.040
0.0 0.0 0.0 1.0 0.0 0.0 0.0 0.0 0.0 0.0 0.354 0.583 0.583 0.583 2.0 0.149 0.273 0.040
0.0 0.0 0.0 1.0 0.0 0.0 0.0 0.0 0.0 0.0 0.375 0.625 0.625 0.625 2.0 0.135 0.273 0.040
0.0 1.0 0.0 0.0 0.0 0.0 0.0 0.0 0.0 0.0 0.354 0.438 0.646 0.501 1.0 0.122 0.182 1.000
1.0 0.0 0.0 0.0 0.0 0.0 0.0 0.0 0.0 0.0 0.396 0.562 0.562 0.562 1.0 0.135 0.303 0.040
0.0 1.0 0.0 0.0 0.0 0.0 0.0 0.0 0.0 0.0 0.417 0.521 0.521 0.521 1.0 0.095 0.242 0.040
0.0 0.0 0.0 1.0 0.0 0.0 0.0 0.0 0.0 0.0 0.375 0.417 0.625 0.480 2.0 0.122 0.273 1.000
0.0 1.0 0.0 0.0 0.0 0.0 0.0 0.0 0.0 0.0 0.375 0.562 0.562 0.562 1.0 0.108 0.242 0.040
0.0 0.0 0.0 1.0 0.0 0.0 0.0 0.0 0.0 0.0 0.417 0.375 0.583 0.438 2.0 0.122 0.273 1.000
0.0 1.0 0.0 0.0 0.0 0.0 0.0 0.0 0.0 0.0 0.375 0.583 0.583 0.583 1.0 0.095 0.333 0.040
0.0 1.0 0.0 0.0 0.0 0.0 0.0 0.0 0.0 0.0 0.417 0.458 0.458 0.458 1.0 0.095 0.333 0.040
0.0 0.0 1.0 0.0 0.0 0.0 0.0 0.0 0.0 0.0 0.396 0.479 0.479 0.479 2.0 0.108 0.333 0.040
0.0 1.0 0.0 0.0 0.0 0.0 0.0 0.0 0.0 0.0 0.396 0.479 0.479 0.479 1.0 0.095 0.303 0.040
0.0 0.0 0.0 1.0 0.0 0.0 0.0 0.0 0.0 0.0 0.396 0.396 0.604 0.459 2.0 0.135 0.333 1.000
0.0 1.0 0.0 0.0 0.0 0.0 0.0 0.0 0.0 0.0 0.396 0.396 0.604 0.459 1.0 0.095 0.303 1.000
0.0 1.0 0.0 0.0 0.0 0.0 0.0 0.0 0.0 0.0 0.354 0.604 0.604 0.604 1.0 0.108 0.182 0.040
0.0 0.0 0.0 1.0 0.0 0.0 0.0 0.0 0.0 0.0 0.375 0.562 0.562 0.562 2.0 0.135 0.273 0.040
1.0 0.0 0.0 0.0 0.0 0.0 0.0 0.0 0.0 0.0 0.375 0.417 0.625 0.480 1.0 0.135 0.364 1.000
1.0 0.0 0.0 0.0 0.0 0.0 0.0 0.0 0.0 0.0 0.375 0.500 0.500 0.500 1.0 0.135 0.364 0.040
0.0 0.0 0.0 1.0 0.0 0.0 0.0 0.0 0.0 0.0 0.396 0.604 0.604 0.604 2.0 0.162 0.273 0.040
0.0 0.0 0.0 1.0 0.0 0.0 0.0 0.0 0.0 0.0 0.396 0.396 0.604 0.459 2.0 0.135 0.273 1.000
0.0 1.0 0.0 0.0 0.0 0.0 0.0 0.0 0.0 0.0 0.375 0.417 0.625 0.480 1.0 0.095 0.182 1.000
0.0 1.0 0.0 0.0 0.0 0.0 0.0 0.0 0.0 0.0 0.417 0.542 0.542 0.542 1.0 0.095 0.303 0.040
0.0 0.0 0.0 1.0 0.0 0.0 0.0 0.0 0.0 0.0 0.417 0.458 0.458 0.458 2.0 0.122 0.333 0.040
0.0 0.0 0.0 1.0 0.0 0.0 0.0 0.0 0.0 0.0 0.417 0.375 0.583 0.438 2.0 0.135 0.333 1.000
1.0 0.0 0.0 0.0 0.0 0.0 0.0 0.0 0.0 0.0 0.396 0.396 0.604 0.459 1.0 0.135 0.242 1.000
0.0 1.0 0.0 0.0 0.0 0.0 0.0 0.0 0.0 0.0 0.438 0.354 0.562 0.417 1.0 0.122 0.273 1.000
1.0 0.0 0.0 0.0 0.0 0.0 0.0 0.0 0.0 0.0 0.417 0.375 0.583 0.438 1.0 0.135 0.333 1.000
1.0 0.0 0.0 0.0 0.0 0.0 0.0 0.0 0.0 0.0 0.417 0.458 0.458 0.458 1.0 0.135 0.333 0.040
1.0 0.0 0.0 0.0 0.0 0.0 0.0 0.0 0.0 0.0 0.396 0.562 0.562 0.562 1.0 0.135 0.242 0.040
0.0 0.0 0.0 1.0 0.0 0.0 0.0 0.0 0.0 0.0 0.396 0.542 0.542 0.542 2.0 0.162 0.273 0.040
0.0 0.0 1.0 0.0 0.0 0.0 0.0 0.0 0.0 0.0 0.438 0.500 0.500 0.500 2.0 0.149 0.303 0.040
0.0 0.0 1.0 0.0 0.0 0.0 0.0 0.0 0.0 0.0 0.396 0.542 0.542 0.542 2.0 0.149 0.303 0.040
0.0 0.0 0.0 1.0 0.0 0.0 0.0 0.0 0.0 0.0 0.396 0.479 0.479 0.479 2.0 0.122 0.394 0.040
0.0 1.0 0.0 0.0 0.0 0.0 0.0 0.0 0.0 0.0 0.396 0.479 0.479 0.479 1.0 0.095 0.364 0.040
0.0 0.0 0.0 1.0 0.0 0.0 0.0 0.0 0.0 0.0 0.396 0.396 0.604 0.459 2.0 0.135 0.394 1.000
0.0 1.0 0.0 0.0 0.0 0.0 0.0 0.0 0.0 0.0 0.396 0.396 0.604 0.459 1.0 0.095 0.364 1.000
0.0 0.0 0.0 1.0 0.0 0.0 0.0 0.0 0.0 0.0 0.438 0.438 0.438 0.438 2.0 0.108 0.333 0.040
0.0 0.0 0.0 1.0 0.0 0.0 0.0 0.0 0.0 0.0 0.438 0.354 0.562 0.417 2.0 0.176 0.333 1.000
0.0 1.0 0.0 0.0 0.0 0.0 0.0 0.0 0.0 0.0 0.417 0.583 0.583 0.583 1.0 0.108 0.273 0.040
0.0 1.0 0.0 0.0 0.0 0.0 0.0 0.0 0.0 0.0 0.417 0.375 0.583 0.438 1.0 0.122 0.273 1.000
0.0 1.0 0.0 0.0 0.0 0.0 0.0 0.0 0.0 0.0 0.417 0.375 0.583 0.438 1.0 0.095 0.242 1.000
0.0 0.0 0.0 1.0 0.0 0.0 0.0 0.0 0.0 0.0 0.417 0.375 0.583 0.438 2.0 0.122 0.424 1.000
0.0 1.0 0.0 0.0 0.0 0.0 0.0 0.0 0.0 0.0 0.458 0.333 0.542 0.397 1.0 0.095 0.273 1.000
0.0 0.0 0.0 1.0 0.0 0.0 0.0 0.0 0.0 0.0 0.458 0.333 0.542 0.397 2.0 0.122 0.394 1.000
0.0 0.0 0.0 1.0 0.0 0.0 0.0 0.0 0.0 0.0 0.438 0.438 0.438 0.438 2.0 0.122 0.364 0.040
0.0 1.0 0.0 0.0 0.0 0.0 0.0 0.0 0.0 0.0 0.438 0.438 0.438 0.438 1.0 0.095 0.333 0.040
0.0 0.0 0.0 1.0 0.0 0.0 0.0 0.0 0.0 0.0 0.438 0.354 0.562 0.417 2.0 0.135 0.364 1.000
0.0 1.0 0.0 0.0 0.0 0.0 0.0 0.0 0.0 0.0 0.438 0.354 0.562 0.417 1.0 0.095 0.333 1.000
0.0 0.0 0.0 1.0 0.0 0.0 0.0 0.0 0.0 0.0 0.417 0.458 0.458 0.458 2.0 0.122 0.394 0.040
0.0 0.0 0.0 1.0 0.0 0.0 0.0 0.0 0.0 0.0 0.417 0.375 0.583 0.438 2.0 0.135 0.394 1.000
0.0 1.0 0.0 0.0 0.0 0.0 0.0 0.0 0.0 0.0 0.458 0.417 0.417 0.417 1.0 0.095 0.333 0.040
0.0 1.0 0.0 0.0 0.0 0.0 0.0 0.0 0.0 0.0 0.417 0.542 0.542 0.542 1.0 0.095 0.242 0.040
0.0 0.0 0.0 1.0 0.0 0.0 0.0 0.0 0.0 0.0 0.417 0.542 0.542 0.542 2.0 0.135 0.424 0.040
0.0 1.0 0.0 0.0 0.0 0.0 0.0 0.0 0.0 0.0 0.417 0.521 0.521 0.521 1.0 0.108 0.273 0.040
0.0 0.0 0.0 1.0 0.0 0.0 0.0 0.0 0.0 0.0 0.417 0.521 0.521 0.521 2.0 0.149 0.394 0.040
0.0 1.0 0.0 0.0 0.0 0.0 0.0 0.0 0.0 0.0 0.458 0.479 0.479 0.479 1.0 0.108 0.303 0.040
0.0 1.0 0.0 0.0 0.0 0.0 0.0 0.0 0.0 0.0 0.417 0.521 0.521 0.521 1.0 0.108 0.303 0.040
0.0 1.0 0.0 0.0 0.0 0.0 0.0 0.0 0.0 0.0 0.458 0.333 0.542 0.397 1.0 0.095 0.424 1.000
0.0 0.0 1.0 0.0 0.0 0.0 0.0 0.0 0.0 0.0 0.438 0.354 0.562 0.417 2.0 0.108 0.424 1.000
0.0 1.0 0.0 0.0 0.0 0.0 0.0 0.0 0.0 0.0 0.438 0.354 0.562 0.417 1.0 0.095 0.273 1.000
0.0 0.0 0.0 1.0 0.0 0.0 0.0 0.0 0.0 0.0 0.438 0.354 0.562 0.417 2.0 0.122 0.394 1.000
0.0 1.0 0.0 0.0 0.0 0.0 0.0 0.0 0.0 0.0 0.500 0.292 0.500 0.355 1.0 0.095 0.394 1.000
0.0 0.0 1.0 0.0 0.0 0.0 0.0 0.0 0.0 0.0 0.479 0.312 0.521 0.376 2.0 0.108 0.394 1.000
0.0 0.0 0.0 1.0 0.0 0.0 0.0 0.0 0.0 0.0 0.458 0.417 0.417 0.417 2.0 0.122 0.364 0.040
0.0 0.0 0.0 1.0 0.0 0.0 0.0 0.0 0.0 0.0 0.458 0.333 0.542 0.397 2.0 0.135 0.364 1.000
0.0 0.0 0.0 1.0 0.0 0.0 0.0 0.0 0.0 0.0 0.438 0.438 0.438 0.438 2.0 0.122 0.394 0.040
0.0 0.0 0.0 1.0 0.0 0.0 0.0 0.0 0.0 0.0 0.438 0.354 0.562 0.417 2.0 0.176 0.394 1.000
0.0 1.0 0.0 0.0 0.0 0.0 0.0 0.0 0.0 0.0 0.458 0.333 0.542 0.411 1.0 0.486 0.333 0.760
1.0 0.0 0.0 0.0 0.0 0.0 0.0 0.0 0.0 0.0 0.458 0.333 0.542 0.433 1.0 0.297 0.333 0.600
0.0 1.0 0.0 0.0 0.0 0.0 0.0 0.0 0.0 0.0 0.458 0.500 0.500 0.500 1.0 0.108 0.424 0.040
0.0 0.0 0.0 1.0 0.0 0.0 0.0 0.0 0.0 0.0 0.438 0.521 0.521 0.521 2.0 0.122 0.424 0.040
0.0 0.0 0.0 1.0 0.0 0.0 0.0 0.0 0.0 0.0 0.438 0.500 0.500 0.500 2.0 0.135 0.394 0.040
0.0 1.0 0.0 0.0 0.0 0.0 0.0 0.0 0.0 0.0 0.500 0.292 0.500 0.355 1.0 0.081 0.424 1.000
0.0 0.0 0.0 1.0 0.0 0.0 0.0 0.0 0.0 0.0 0.479 0.312 0.521 0.376 2.0 0.108 0.424 1.000
0.0 0.0 0.0 1.0 0.0 0.0 0.0 0.0 0.0 0.0 0.458 0.333 0.542 0.397 2.0 0.135 0.394 1.000
0.0 0.0 0.0 1.0 0.0 0.0 0.0 0.0 0.0 0.0 0.521 0.271 0.479 0.334 2.0 0.135 0.394 1.000
0.0 0.0 0.0 1.0 0.0 0.0 0.0 0.0 0.0 0.0 0.479 0.396 0.396 0.396 2.0 0.122 0.364 0.040
0.0 0.0 0.0 1.0 0.0 0.0 0.0 0.0 0.0 0.0 0.479 0.312 0.521 0.376 2.0 0.176 0.364 1.000
0.0 1.0 0.0 0.0 0.0 0.0 0.0 0.0 0.0 0.0 0.458 0.417 0.417 0.417 1.0 0.122 0.394 0.040
0.0 0.0 0.0 1.0 0.0 0.0 0.0 0.0 0.0 0.0 0.479 0.479 0.479 0.479 2.0 0.149 0.424 0.040
0.0 0.0 0.0 1.0 0.0 0.0 0.0 0.0 0.0 0.0 0.458 0.479 0.479 0.479 2.0 0.162 0.394 0.040
0.0 1.0 0.0 0.0 0.0 0.0 0.0 0.0 0.0 0.0 0.521 0.271 0.479 0.334 1.0 0.095 0.424 1.000
0.0 0.0 0.0 1.0 0.0 0.0 0.0 0.0 0.0 0.0 0.479 0.312 0.521 0.376 2.0 0.149 0.394 1.000
0.0 0.0 0.0 1.0 0.0 0.0 0.0 0.0 0.0 0.0 0.542 0.250 0.458 0.313 2.0 0.216 0.424 1.000
0.0 1.0 0.0 0.0 0.0 0.0 0.0 0.0 0.0 0.0 0.500 0.375 0.375 0.375 1.0 0.095 0.364 0.040
0.0 1.0 0.0 0.0 0.0 0.0 0.0 0.0 0.0 0.0 0.458 0.333 0.542 0.424 1.0 0.432 0.394 0.680
1.0 0.0 0.0 0.0 0.0 0.0 0.0 0.0 0.0 0.0 0.458 0.333 0.542 0.418 1.0 0.351 0.394 0.680
0.0 1.0 0.0 0.0 0.0 0.0 0.0 0.0 0.0 0.0 0.500 0.458 0.458 0.458 1.0 0.108 0.424 0.040
0.0 1.0 0.0 0.0 0.0 0.0 0.0 0.0 0.0 0.0 0.479 0.458 0.458 0.458 1.0 0.108 0.394 0.040
0.0 0.0 0.0 1.0 0.0 0.0 0.0 0.0 0.0 0.0 0.542 0.250 0.458 0.313 2.0 0.203 0.455 1.000
0.0 0.0 0.0 1.0 0.0 0.0 0.0 0.0 0.0 0.0 0.500 0.292 0.500 0.355 2.0 0.216 0.424 1.000
0.0 1.0 0.0 0.0 0.0 0.0 0.0 0.0 0.0 0.0 0.500 0.292 0.500 0.375 1.0 0.459 0.364 0.720
1.0 0.0 0.0 0.0 0.0 0.0 0.0 0.0 0.0 0.0 0.500 0.292 0.500 0.384 1.0 0.230 0.364 0.640
0.0 0.0 1.0 0.0 0.0 0.0 0.0 0.0 0.0 0.0 0.479 0.312 0.521 0.425 2.0 0.811 0.606 0.520
0.0 0.0 1.0 0.0 0.0 0.0 0.0 0.0 0.0 0.0 0.479 0.333 0.521 0.426 2.0 0.622 0.606 0.520
0.0 0.0 1.0 0.0 0.0 0.0 0.0 0.0 0.0 0.0 0.479 0.312 0.521 0.407 2.0 0.838 0.606 0.600
0.0 0.0 1.0 0.0 0.0 0.0 0.0 0.0 0.0 0.0 0.479 0.312 0.521 0.441 2.0 0.365 0.606 0.440
1.0 0.0 0.0 0.0 0.0 0.0 0.0 0.0 0.0 0.0 0.562 0.229 0.438 0.292 1.0 0.135 0.424 1.000
1.0 0.0 0.0 0.0 0.0 0.0 0.0 0.0 0.0 0.0 0.562 0.312 0.312 0.312 1.0 0.135 0.424 0.040
1.0 0.0 0.0 0.0 0.0 0.0 0.0 0.0 0.0 0.0 0.562 0.229 0.438 0.292 1.0 0.135 0.455 1.000
1.0 0.0 0.0 0.0 0.0 0.0 0.0 0.0 0.0 0.0 0.562 0.312 0.312 0.312 1.0 0.135 0.455 0.040
1.0 0.0 0.0 0.0 0.0 0.0 0.0 0.0 0.0 0.0 0.521 0.271 0.479 0.334 1.0 0.135 0.424 1.000
1.0 0.0 0.0 0.0 0.0 0.0 0.0 0.0 0.0 0.0 0.521 0.354 0.354 0.354 1.0 0.135 0.424 0.040
0.0 1.0 0.0 0.0 0.0 0.0 0.0 0.0 0.0 0.0 0.604 0.271 0.271 0.271 1.0 0.095 0.455 0.040
0.0 0.0 1.0 0.0 0.0 0.0 0.0 0.0 0.0 0.0 0.583 0.292 0.292 0.292 2.0 0.108 0.455 0.040
0.0 1.0 0.0 0.0 0.0 0.0 0.0 0.0 0.0 0.0 0.583 0.292 0.292 0.292 1.0 0.095 0.424 0.040
0.0 1.0 0.0 0.0 0.0 0.0 0.0 0.0 0.0 0.0 0.604 0.188 0.396 0.251 1.0 0.108 0.455 1.000
0.0 0.0 1.0 0.0 0.0 0.0 0.0 0.0 0.0 0.0 0.583 0.208 0.417 0.272 2.0 0.108 0.455 1.000
0.0 1.0 0.0 0.0 0.0 0.0 0.0 0.0 0.0 0.0 0.583 0.208 0.417 0.272 1.0 0.095 0.424 1.000
0.0 0.0 0.0 1.0 0.0 0.0 0.0 0.0 0.0 0.0 0.583 0.292 0.292 0.292 2.0 0.122 0.515 0.040
0.0 1.0 0.0 0.0 0.0 0.0 0.0 0.0 0.0 0.0 0.583 0.292 0.292 0.292 1.0 0.095 0.455 0.040
0.0 0.0 0.0 1.0 0.0 0.0 0.0 0.0 0.0 0.0 0.583 0.208 0.417 0.272 2.0 0.135 0.515 1.000
0.0 1.0 0.0 0.0 0.0 0.0 0.0 0.0 0.0 0.0 0.583 0.208 0.417 0.272 1.0 0.095 0.455 1.000
0.0 0.0 0.0 1.0 0.0 0.0 0.0 0.0 0.0 0.0 0.542 0.333 0.333 0.333 2.0 0.122 0.455 0.040
0.0 1.0 0.0 0.0 0.0 0.0 0.0 0.0 0.0 0.0 0.542 0.333 0.333 0.333 1.0 0.095 0.424 0.040
0.0 0.0 0.0 1.0 0.0 0.0 0.0 0.0 0.0 0.0 0.542 0.250 0.458 0.313 2.0 0.135 0.455 1.000
0.0 1.0 0.0 0.0 0.0 0.0 0.0 0.0 0.0 0.0 0.542 0.250 0.458 0.313 1.0 0.095 0.424 1.000
0.0 1.0 0.0 0.0 0.0 0.0 0.0 0.0 0.0 0.0 0.625 0.250 0.250 0.250 1.0 0.095 0.455 0.040
0.0 0.0 1.0 0.0 0.0 0.0 0.0 0.0 0.0 0.0 0.604 0.271 0.271 0.271 2.0 0.108 0.455 0.040
0.0 0.0 0.0 1.0 0.0 0.0 0.0 0.0 0.0 0.0 0.604 0.188 0.396 0.251 2.0 0.135 0.455 1.000
0.0 0.0 0.0 1.0 0.0 0.0 0.0 0.0 0.0 0.0 0.604 0.271 0.271 0.271 2.0 0.122 0.515 0.040
0.0 1.0 0.0 0.0 0.0 0.0 0.0 0.0 0.0 0.0 0.625 0.167 0.375 0.230 1.0 0.108 0.515 1.000
0.0 0.0 1.0 0.0 0.0 0.0 0.0 0.0 0.0 0.0 0.604 0.188 0.396 0.251 2.0 0.108 0.515 1.000
0.0 0.0 0.0 1.0 0.0 0.0 0.0 0.0 0.0 0.0 0.562 0.312 0.312 0.312 2.0 0.122 0.455 0.040
0.0 0.0 0.0 1.0 0.0 0.0 0.0 0.0 0.0 0.0 0.562 0.229 0.438 0.292 2.0 0.135 0.455 1.000
0.0 0.0 0.0 1.0 0.0 0.0 0.0 0.0 0.0 0.0 0.646 0.229 0.229 0.229 2.0 0.095 0.455 0.040
0.0 0.0 0.0 1.0 0.0 0.0 0.0 0.0 0.0 0.0 0.625 0.167 0.375 0.230 2.0 0.162 0.455 1.000
0.0 0.0 0.0 1.0 0.0 0.0 0.0 0.0 0.0 0.0 0.625 0.250 0.250 0.250 2.0 0.122 0.515 0.040
0.0 0.0 0.0 1.0 0.0 0.0 0.0 0.0 0.0 0.0 0.646 0.146 0.354 0.209 2.0 0.176 0.515 1.000
0.0 0.0 0.0 1.0 0.0 0.0 0.0 0.0 0.0 0.0 0.583 0.292 0.292 0.292 2.0 0.122 0.455 0.040
0.0 0.0 0.0 1.0 0.0 0.0 0.0 0.0 0.0 0.0 0.583 0.208 0.417 0.272 2.0 0.189 0.455 1.000
0.0 1.0 0.0 0.0 0.0 0.0 0.0 0.0 0.0 0.0 0.667 0.208 0.208 0.208 1.0 0.122 0.455 0.040
0.0 1.0 0.0 0.0 0.0 0.0 0.0 0.0 0.0 0.0 0.646 0.229 0.229 0.229 1.0 0.135 0.515 0.040
0.0 1.0 0.0 0.0 0.0 0.0 0.0 0.0 0.0 0.0 0.604 0.271 0.271 0.271 1.0 0.122 0.455 0.040
0.0 1.0 0.0 0.0 0.0 0.0 0.0 0.0 0.0 0.0 0.646 0.146 0.354 0.243 1.0 0.378 0.455 0.600
1.0 0.0 0.0 0.0 0.0 0.0 0.0 0.0 0.0 0.0 0.646 0.146 0.354 0.226 1.0 0.311 0.455 0.760
0.0 1.0 0.0 0.0 0.0 0.0 0.0 0.0 0.0 0.0 0.667 0.125 0.333 0.233 1.0 0.324 0.515 0.480
0.0 0.0 1.0 0.0 0.0 0.0 0.0 0.0 0.0 0.0 0.667 0.125 0.333 0.198 2.0 0.473 0.545 0.840
0.0 1.0 0.0 0.0 0.0 0.0 0.0 0.0 0.0 0.0 0.604 0.188 0.396 0.293 1.0 0.351 0.455 0.560
0.0 0.0 1.0 0.0 0.0 0.0 0.0 0.0 0.0 0.0 0.604 0.188 0.396 0.263 2.0 0.446 0.515 0.800
0.0 0.0 0.0 1.0 0.0 0.0 0.0 0.0 0.0 0.0 0.708 0.167 0.167 0.167 4.0 0.270 0.909 0.040
0.0 0.0 1.0 0.0 0.0 0.0 0.0 0.0 0.0 0.0 0.688 0.188 0.188 0.188 4.0 0.230 0.758 0.040
0.0 1.0 0.0 0.0 0.0 0.0 0.0 0.0 0.0 0.0 0.542 0.333 0.333 0.333 1.0 0.135 0.545 0.040
0.0 0.0 0.0 1.0 0.0 0.0 0.0 0.0 0.0 0.0 0.521 0.354 0.354 0.354 2.0 0.095 0.545 0.040
1.0 0.0 0.0 0.0 0.0 0.0 0.0 0.0 0.0 0.0 0.688 0.104 0.312 0.204 1.0 0.365 0.545 0.520
1.0 0.0 0.0 0.0 0.0 0.0 0.0 0.0 0.0 0.0 0.688 0.104 0.312 0.198 1.0 0.514 0.545 0.640
1.0 0.0 0.0 0.0 0.0 0.0 0.0 0.0 0.0 0.0 0.625 0.167 0.375 0.271 1.0 0.365 0.515 0.560
1.0 0.0 0.0 0.0 0.0 0.0 0.0 0.0 0.0 0.0 0.625 0.167 0.375 0.259 1.0 0.446 0.515 0.560
0.0 0.0 1.0 0.0 0.0 0.0 0.0 0.0 0.0 0.0 0.667 0.125 0.333 0.242 2.0 0.703 0.636 0.440
0.0 0.0 1.0 0.0 0.0 0.0 0.0 0.0 0.0 0.0 0.667 0.125 0.333 0.243 2.0 0.514 0.636 0.480
0.0 0.0 1.0 0.0 0.0 0.0 0.0 0.0 0.0 0.0 0.667 0.125 0.333 0.222 2.0 0.824 0.636 0.600
0.0 1.0 0.0 0.0 0.0 0.0 0.0 0.0 0.0 0.0 0.688 0.104 0.312 0.216 1.0 0.541 0.636 0.520
0.0 0.0 0.0 1.0 0.0 0.0 0.0 0.0 0.0 0.0 0.667 0.125 0.333 0.237 2.0 0.216 0.636 0.520
0.0 0.0 1.0 0.0 0.0 0.0 0.0 0.0 0.0 0.0 0.729 0.146 0.146 0.146 4.0 0.162 0.939 0.040
0.0 0.0 1.0 0.0 0.0 0.0 0.0 0.0 0.0 0.0 0.688 0.188 0.188 0.188 2.0 0.122 0.545 0.040
0.0 0.0 1.0 0.0 0.0 0.0 0.0 0.0 0.0 0.0 0.688 0.104 0.312 0.212 2.0 0.514 0.545 0.480
0.0 0.0 1.0 0.0 0.0 0.0 0.0 0.0 0.0 0.0 0.625 0.250 0.250 0.250 2.0 0.122 0.515 0.040
0.0 0.0 1.0 0.0 0.0 0.0 0.0 0.0 0.0 0.0 0.625 0.167 0.375 0.272 2.0 0.581 0.515 0.560
0.0 0.0 0.0 1.0 0.0 0.0 0.0 0.0 0.0 0.0 0.729 0.146 0.271 0.219 4.0 0.635 0.970 0.320
0.0 0.0 1.0 0.0 0.0 0.0 0.0 0.0 0.0 0.0 0.708 0.167 0.292 0.240 2.0 0.297 0.788 0.320
0.0 1.0 0.0 0.0 0.0 0.0 0.0 0.0 0.0 0.0 0.750 0.125 0.250 0.198 1.0 0.149 0.970 0.320
0.0 0.0 1.0 0.0 0.0 0.0 0.0 0.0 0.0 0.0 0.729 0.146 0.271 0.219 4.0 0.608 0.970 0.320
0.0 0.0 1.0 0.0 0.0 0.0 0.0 0.0 0.0 0.0 0.708 0.167 0.292 0.240 2.0 0.284 0.788 0.320
0.0 0.0 0.0 1.0 0.0 0.0 0.0 0.0 0.0 0.0 0.729 0.146 0.271 0.219 4.0 0.581 0.970 0.320
0.0 0.0 1.0 0.0 0.0 0.0 0.0 0.0 0.0 0.0 0.708 0.167 0.292 0.240 2.0 0.297 0.788 0.320
0.0 1.0 0.0 0.0 0.0 0.0 0.0 0.0 0.0 0.0 0.750 0.125 0.250 0.198 1.0 0.176 0.970 0.320
0.0 0.0 1.0 0.0 0.0 0.0 0.0 0.0 0.0 0.0 0.729 0.146 0.271 0.219 4.0 0.581 0.970 0.320
0.0 0.0 1.0 0.0 0.0 0.0 0.0 0.0 0.0 0.0 0.708 0.167 0.292 0.240 2.0 0.284 0.788 0.320
0.0 0.0 0.0 1.0 0.0 0.0 0.0 0.0 0.0 0.0 0.729 0.146 0.271 0.219 4.0 0.514 0.970 0.320
0.0 0.0 1.0 0.0 0.0 0.0 0.0 0.0 0.0 0.0 0.708 0.167 0.292 0.240 2.0 0.446 0.788 0.320
0.0 0.0 0.0 1.0 0.0 0.0 0.0 0.0 0.0 0.0 0.729 0.146 0.271 0.219 4.0 0.622 0.970 0.320
0.0 0.0 1.0 0.0 0.0 0.0 0.0 0.0 0.0 0.0 0.708 0.167 0.292 0.240 2.0 0.459 0.788 0.320
0.0 0.0 0.0 1.0 0.0 0.0 0.0 0.0 0.0 0.0 0.729 0.146 0.271 0.219 4.0 0.581 0.970 0.320
0.0 0.0 1.0 0.0 0.0 0.0 0.0 0.0 0.0 0.0 0.708 0.167 0.292 0.240 2.0 0.459 0.788 0.320
0.0 0.0 1.0 0.0 0.0 0.0 0.0 0.0 0.0 0.0 0.729 0.083 0.083 0.083 4.0 0.635 0.970 0.040
0.0 0.0 1.0 0.0 0.0 0.0 0.0 0.0 0.0 0.0 0.708 0.104 0.104 0.104 2.0 0.297 0.788 0.040
0.0 0.0 1.0 0.0 0.0 0.0 0.0 0.0 0.0 0.0 0.729 0.062 0.062 0.062 4.0 0.635 0.970 0.040
0.0 0.0 1.0 0.0 0.0 0.0 0.0 0.0 0.0 0.0 0.708 0.083 0.083 0.083 2.0 0.297 0.788 0.040
0.0 0.0 1.0 0.0 0.0 0.0 0.0 0.0 0.0 0.0 0.750 0.062 0.062 0.062 4.0 0.568 0.970 0.040
0.0 1.0 0.0 0.0 0.0 0.0 0.0 0.0 0.0 0.0 0.729 0.083 0.083 0.083 1.0 0.135 0.788 0.040
0.0 0.0 0.0 1.0 0.0 0.0 0.0 0.0 0.0 0.0 0.708 0.104 0.104 0.104 2.0 0.243 0.788 0.040
0.0 0.0 1.0 0.0 0.0 0.0 0.0 0.0 0.0 0.0 0.729 0.062 0.062 0.062 4.0 0.608 0.970 0.040
0.0 0.0 1.0 0.0 0.0 0.0 0.0 0.0 0.0 0.0 0.708 0.083 0.083 0.083 2.0 0.297 0.788 0.040
0.0 0.0 1.0 0.0 0.0 0.0 0.0 0.0 0.0 0.0 0.729 0.083 0.083 0.083 4.0 0.527 0.970 0.040
0.0 0.0 1.0 0.0 0.0 0.0 0.0 0.0 0.0 0.0 0.708 0.104 0.104 0.104 2.0 0.446 0.788 0.040
0.0 0.0 1.0 0.0 0.0 0.0 0.0 0.0 0.0 0.0 0.729 0.062 0.062 0.062 4.0 0.568 0.970 0.040
0.0 0.0 1.0 0.0 0.0 0.0 0.0 0.0 0.0 0.0 0.708 0.083 0.083 0.083 2.0 0.459 0.788 0.040
0.0 0.0 1.0 0.0 0.0 0.0 0.0 0.0 0.0 0.0 0.729 0.062 0.062 0.062 4.0 0.527 0.970 0.040
0.0 0.0 1.0 0.0 0.0 0.0 0.0 0.0 0.0 0.0 0.708 0.083 0.083 0.083 2.0 0.459 0.788 0.040
0.0 0.0 0.0 1.0 0.0 0.0 0.0 0.0 0.0 0.0 0.729 0.146 0.271 0.219 4.0 0.635 0.970 0.320
0.0 0.0 1.0 0.0 0.0 0.0 0.0 0.0 0.0 0.0 0.708 0.167 0.292 0.240 2.0 0.473 0.788 0.320
0.0 0.0 0.0 1.0 0.0 0.0 0.0 0.0 0.0 0.0 0.729 0.146 0.271 0.219 4.0 0.581 0.970 0.320
0.0 0.0 1.0 0.0 0.0 0.0 0.0 0.0 0.0 0.0 0.708 0.167 0.292 0.240 2.0 0.446 0.788 0.320
0.0 0.0 0.0 1.0 0.0 0.0 0.0 0.0 0.0 0.0 0.729 0.146 0.271 0.219 4.0 0.649 0.970 0.320
0.0 0.0 1.0 0.0 0.0 0.0 0.0 0.0 0.0 0.0 0.708 0.167 0.292 0.240 2.0 0.446 0.788 0.320
0.0 0.0 0.0 1.0 0.0 0.0 0.0 0.0 0.0 0.0 0.729 0.146 0.271 0.219 4.0 0.608 0.970 0.320
0.0 0.0 1.0 0.0 0.0 0.0 0.0 0.0 0.0 0.0 0.708 0.167 0.292 0.240 2.0 0.446 0.788 0.320
0.0 0.0 0.0 1.0 0.0 0.0 0.0 0.0 0.0 0.0 0.729 0.146 0.271 0.219 4.0 0.541 0.970 0.320
0.0 0.0 1.0 0.0 0.0 0.0 0.0 0.0 0.0 0.0 0.708 0.167 0.292 0.240 2.0 0.446 0.788 0.320
0.0 0.0 0.0 1.0 0.0 0.0 0.0 0.0 0.0 0.0 0.729 0.146 0.271 0.219 4.0 0.568 0.970 0.320
0.0 0.0 1.0 0.0 0.0 0.0 0.0 0.0 0.0 0.0 0.708 0.167 0.292 0.240 2.0 0.392 0.788 0.320
0.0 0.0 0.0 1.0 0.0 0.0 0.0 0.0 0.0 0.0 0.729 0.146 0.271 0.219 4.0 0.568 0.970 0.320
0.0 0.0 1.0 0.0 0.0 0.0 0.0 0.0 0.0 0.0 0.708 0.167 0.292 0.240 2.0 0.392 0.788 0.320
0.0 0.0 0.0 1.0 0.0 0.0 0.0 0.0 0.0 0.0 0.729 0.146 0.271 0.219 4.0 0.581 0.970 0.320
0.0 0.0 1.0 0.0 0.0 0.0 0.0 0.0 0.0 0.0 0.708 0.167 0.292 0.240 2.0 0.392 0.788 0.320
0.0 0.0 0.0 1.0 0.0 0.0 0.0 0.0 0.0 0.0 0.729 0.146 0.271 0.219 4.0 0.541 0.970 0.320
0.0 0.0 1.0 0.0 0.0 0.0 0.0 0.0 0.0 0.0 0.708 0.167 0.292 0.240 2.0 0.392 0.788 0.320
0.0 0.0 0.0 1.0 0.0 0.0 0.0 0.0 0.0 0.0 0.729 0.146 0.146 0.146 4.0 0.500 0.939 0.040
0.0 0.0 1.0 0.0 0.0 0.0 0.0 0.0 0.0 0.0 0.708 0.167 0.167 0.167 2.0 0.432 0.788 0.040
0.0 0.0 0.0 1.0 0.0 0.0 0.0 0.0 0.0 0.0 0.729 0.146 0.146 0.146 4.0 0.500 0.939 0.040
0.0 0.0 1.0 0.0 0.0 0.0 0.0 0.0 0.0 0.0 0.708 0.167 0.167 0.167 2.0 0.378 0.788 0.040
0.0 1.0 0.0 0.0 0.0 0.0 0.0 0.0 0.0 0.0 0.771 0.104 0.104 0.104 1.0 0.149 0.939 0.040
0.0 0.0 0.0 1.0 0.0 0.0 0.0 0.0 0.0 0.0 0.750 0.125 0.125 0.125 4.0 0.541 0.939 0.040
0.0 1.0 0.0 0.0 0.0 0.0 0.0 0.0 0.0 0.0 0.729 0.146 0.146 0.146 1.0 0.122 0.788 0.040
0.0 0.0 1.0 0.0 0.0 0.0 0.0 0.0 0.0 0.0 0.708 0.167 0.167 0.167 2.0 0.459 0.788 0.040
0.0 0.0 0.0 1.0 0.0 0.0 0.0 0.0 0.0 0.0 0.729 0.146 0.146 0.146 4.0 0.554 0.939 0.040
0.0 0.0 1.0 0.0 0.0 0.0 0.0 0.0 0.0 0.0 0.708 0.167 0.167 0.167 2.0 0.500 0.788 0.040
0.0 1.0 0.0 0.0 0.0 0.0 0.0 0.0 0.0 0.0 0.750 0.125 0.125 0.125 1.0 0.149 0.939 0.040
0.0 0.0 0.0 1.0 0.0 0.0 0.0 0.0 0.0 0.0 0.729 0.146 0.146 0.146 4.0 0.473 0.939 0.040
0.0 0.0 1.0 0.0 0.0 0.0 0.0 0.0 0.0 0.0 0.708 0.167 0.167 0.167 2.0 0.500 0.788 0.040
0.0 0.0 0.0 1.0 0.0 0.0 0.0 0.0 0.0 0.0 0.729 0.146 0.146 0.146 4.0 0.500 0.939 0.040
0.0 0.0 1.0 0.0 0.0 0.0 0.0 0.0 0.0 0.0 0.708 0.167 0.167 0.167 2.0 0.500 0.788 0.040
0.0 0.0 0.0 1.0 0.0 0.0 0.0 0.0 0.0 0.0 0.729 0.146 0.146 0.146 4.0 0.527 0.939 0.040
0.0 0.0 1.0 0.0 0.0 0.0 0.0 0.0 0.0 0.0 0.708 0.167 0.167 0.167 2.0 0.338 0.788 0.040
0.0 0.0 0.0 1.0 0.0 0.0 0.0 0.0 0.0 0.0 0.729 0.146 0.146 0.146 4.0 0.527 0.939 0.040
0.0 0.0 1.0 0.0 0.0 0.0 0.0 0.0 0.0 0.0 0.708 0.167 0.167 0.167 2.0 0.365 0.788 0.040
0.0 0.0 1.0 0.0 0.0 0.0 0.0 0.0 0.0 0.0 0.729 0.062 0.062 0.062 4.0 0.635 0.970 0.040
0.0 0.0 1.0 0.0 0.0 0.0 0.0 0.0 0.0 0.0 0.708 0.083 0.083 0.083 2.0 0.473 0.788 0.040
0.0 0.0 1.0 0.0 0.0 0.0 0.0 0.0 0.0 0.0 0.729 0.083 0.083 0.083 4.0 0.581 0.970 0.040
0.0 0.0 1.0 0.0 0.0 0.0 0.0 0.0 0.0 0.0 0.708 0.104 0.104 0.104 2.0 0.446 0.788 0.040
0.0 0.0 1.0 0.0 0.0 0.0 0.0 0.0 0.0 0.0 0.729 0.083 0.083 0.083 4.0 0.595 0.970 0.040
0.0 0.0 1.0 0.0 0.0 0.0 0.0 0.0 0.0 0.0 0.708 0.104 0.104 0.104 2.0 0.446 0.788 0.040
0.0 0.0 1.0 0.0 0.0 0.0 0.0 0.0 0.0 0.0 0.729 0.083 0.083 0.083 4.0 0.554 0.970 0.040
0.0 0.0 1.0 0.0 0.0 0.0 0.0 0.0 0.0 0.0 0.708 0.104 0.104 0.104 2.0 0.446 0.788 0.040
0.0 0.0 1.0 0.0 0.0 0.0 0.0 0.0 0.0 0.0 0.729 0.083 0.083 0.083 4.0 0.554 0.970 0.040
0.0 0.0 1.0 0.0 0.0 0.0 0.0 0.0 0.0 0.0 0.708 0.104 0.104 0.104 2.0 0.446 0.788 0.040
0.0 0.0 1.0 0.0 0.0 0.0 0.0 0.0 0.0 0.0 0.729 0.062 0.062 0.062 4.0 0.581 0.970 0.040
0.0 0.0 1.0 0.0 0.0 0.0 0.0 0.0 0.0 0.0 0.708 0.083 0.083 0.083 2.0 0.392 0.788 0.040
0.0 0.0 1.0 0.0 0.0 0.0 0.0 0.0 0.0 0.0 0.729 0.083 0.083 0.083 4.0 0.581 0.970 0.040
0.0 0.0 1.0 0.0 0.0 0.0 0.0 0.0 0.0 0.0 0.708 0.104 0.104 0.104 2.0 0.392 0.788 0.040
0.0 1.0 0.0 0.0 0.0 0.0 0.0 0.0 0.0 0.0 0.750 0.062 0.062 0.062 1.0 0.149 0.970 0.040
0.0 0.0 1.0 0.0 0.0 0.0 0.0 0.0 0.0 0.0 0.729 0.083 0.083 0.083 4.0 0.568 0.970 0.040
0.0 0.0 1.0 0.0 0.0 0.0 0.0 0.0 0.0 0.0 0.708 0.104 0.104 0.104 2.0 0.378 0.788 0.040
0.0 0.0 1.0 0.0 0.0 0.0 0.0 0.0 0.0 0.0 0.729 0.062 0.062 0.062 4.0 0.554 0.970 0.040
0.0 0.0 1.0 0.0 0.0 0.0 0.0 0.0 0.0 0.0 0.708 0.083 0.083 0.083 2.0 0.392 0.788 0.040
0.0 0.0 0.0 1.0 0.0 0.0 0.0 0.0 0.0 0.0 0.750 0.062 0.062 0.062 2.0 0.162 0.970 0.040
0.0 1.0 0.0 0.0 0.0 0.0 0.0 0.0 0.0 0.0 0.750 0.062 0.062 0.062 1.0 0.135 0.970 0.040
0.0 0.0 0.0 1.0 0.0 0.0 0.0 0.0 0.0 0.0 0.750 0.042 0.042 0.042 2.0 0.149 0.970 0.040
0.0 1.0 0.0 0.0 0.0 0.0 0.0 0.0 0.0 0.0 0.750 0.042 0.042 0.042 1.0 0.135 0.970 0.040
0.0 1.0 0.0 0.0 0.0 0.0 0.0 0.0 0.0 0.0 0.792 0.021 0.021 0.021 1.0 0.081 0.970 0.040
0.0 0.0 1.0 0.0 0.0 0.0 0.0 0.0 0.0 0.0 0.771 0.042 0.042 0.042 2.0 0.149 0.970 0.040
0.0 1.0 0.0 0.0 0.0 0.0 0.0 0.0 0.0 0.0 0.771 0.042 0.042 0.042 1.0 0.135 0.970 0.040
0.0 1.0 0.0 0.0 0.0 0.0 0.0 0.0 0.0 0.0 0.771 0.021 0.021 0.021 1.0 0.081 0.970 0.040
0.0 0.0 1.0 0.0 0.0 0.0 0.0 0.0 0.0 0.0 0.750 0.042 0.042 0.042 2.0 0.149 0.970 0.040
0.0 1.0 0.0 0.0 0.0 0.0 0.0 0.0 0.0 0.0 0.750 0.042 0.042 0.042 1.0 0.135 0.970 0.040
0.0 0.0 0.0 1.0 0.0 0.0 0.0 0.0 0.0 0.0 0.750 0.062 0.062 0.062 2.0 0.149 0.970 0.040
0.0 1.0 0.0 0.0 0.0 0.0 0.0 0.0 0.0 0.0 0.750 0.062 0.062 0.062 1.0 0.135 0.970 0.040
0.0 0.0 0.0 1.0 0.0 0.0 0.0 0.0 0.0 0.0 0.750 0.042 0.042 0.042 2.0 0.149 0.970 0.040
0.0 1.0 0.0 0.0 0.0 0.0 0.0 0.0 0.0 0.0 0.750 0.042 0.042 0.042 1.0 0.135 0.970 0.040
0.0 0.0 0.0 1.0 0.0 0.0 0.0 0.0 0.0 0.0 0.750 0.042 0.042 0.042 2.0 0.149 0.970 0.040
0.0 1.0 0.0 0.0 0.0 0.0 0.0 0.0 0.0 0.0 0.750 0.042 0.042 0.042 1.0 0.135 0.970 0.040
0.0 0.0 1.0 0.0 0.0 0.0 0.0 0.0 0.0 0.0 0.812 0.062 0.062 0.062 4.0 0.270 0.939 0.040
0.0 0.0 1.0 0.0 0.0 0.0 0.0 0.0 0.0 0.0 0.792 0.083 0.083 0.083 4.0 0.257 0.939 0.040
0.0 0.0 1.0 0.0 0.0 0.0 0.0 0.0 0.0 0.0 0.750 0.125 0.125 0.125 2.0 0.176 0.939 0.040
0.0 0.0 0.0 1.0 0.0 0.0 0.0 0.0 0.0 0.0 0.771 0.042 0.042 0.042 2.0 0.108 0.970 0.040
0.0 0.0 0.0 1.0 0.0 0.0 0.0 0.0 0.0 0.0 0.771 0.021 0.021 0.021 2.0 0.095 0.970 0.040
0.0 0.0 0.0 1.0 0.0 0.0 0.0 0.0 0.0 0.0 0.792 0.021 0.021 0.021 2.0 0.095 0.970 0.040
0.0 0.0 0.0 1.0 0.0 0.0 0.0 0.0 0.0 0.0 0.771 0.021 0.021 0.021 2.0 0.095 0.970 0.040
0.0 0.0 0.0 1.0 0.0 0.0 0.0 0.0 0.0 0.0 0.750 0.042 0.042 0.042 2.0 0.149 0.970 0.040
0.0 1.0 0.0 0.0 0.0 0.0 0.0 0.0 0.0 0.0 0.750 0.042 0.042 0.042 1.0 0.135 0.970 0.040
0.0 0.0 0.0 1.0 0.0 0.0 0.0 0.0 0.0 0.0 0.750 0.062 0.062 0.062 2.0 0.162 0.970 0.040
0.0 1.0 0.0 0.0 0.0 0.0 0.0 0.0 0.0 0.0 0.750 0.062 0.062 0.062 1.0 0.135 0.970 0.040
0.0 0.0 0.0 1.0 0.0 0.0 0.0 0.0 0.0 0.0 0.750 0.062 0.062 0.062 2.0 0.162 0.970 0.040
0.0 1.0 0.0 0.0 0.0 0.0 0.0 0.0 0.0 0.0 0.750 0.062 0.062 0.062 1.0 0.135 0.970 0.040
0.0 0.0 0.0 1.0 0.0 0.0 0.0 0.0 0.0 0.0 0.750 0.062 0.062 0.062 2.0 0.149 0.970 0.040
0.0 1.0 0.0 0.0 0.0 0.0 0.0 0.0 0.0 0.0 0.750 0.062 0.062 0.062 1.0 0.135 0.970 0.040
0.0 0.0 0.0 1.0 0.0 0.0 0.0 0.0 0.0 0.0 0.750 0.062 0.062 0.062 2.0 0.149 0.970 0.040
0.0 1.0 0.0 0.0 0.0 0.0 0.0 0.0 0.0 0.0 0.750 0.062 0.062 0.062 1.0 0.135 0.970 0.040
0.0 1.0 0.0 0.0 0.0 0.0 0.0 0.0 0.0 0.0 0.792 0.021 0.021 0.021 1.0 0.081 0.970 0.040
0.0 0.0 0.0 1.0 0.0 0.0 0.0 0.0 0.0 0.0 0.771 0.042 0.042 0.042 2.0 0.095 0.970 0.040
0.0 0.0 0.0 1.0 0.0 0.0 0.0 0.0 0.0 0.0 0.750 0.042 0.042 0.042 2.0 0.149 0.970 0.040
0.0 1.0 0.0 0.0 0.0 0.0 0.0 0.0 0.0 0.0 0.750 0.042 0.042 0.042 1.0 0.135 0.970 0.040
0.0 0.0 0.0 1.0 0.0 0.0 0.0 0.0 0.0 0.0 0.750 0.062 0.062 0.062 2.0 0.149 0.970 0.040
0.0 1.0 0.0 0.0 0.0 0.0 0.0 0.0 0.0 0.0 0.750 0.062 0.062 0.062 1.0 0.135 0.970 0.040
0.0 0.0 0.0 1.0 0.0 0.0 0.0 0.0 0.0 0.0 0.771 0.042 0.042 0.042 2.0 0.108 0.970 0.040
0.0 1.0 0.0 0.0 0.0 0.0 0.0 0.0 0.0 0.0 0.771 0.042 0.042 0.042 1.0 0.095 0.970 0.040
0.0 0.0 0.0 1.0 0.0 0.0 0.0 0.0 0.0 0.0 0.750 0.042 0.042 0.042 2.0 0.149 0.970 0.040
0.0 1.0 0.0 0.0 0.0 0.0 0.0 0.0 0.0 0.0 0.750 0.042 0.042 0.042 1.0 0.135 0.970 0.040
0.0 0.0 0.0 1.0 0.0 0.0 0.0 0.0 0.0 0.0 0.771 0.021 0.021 0.021 2.0 0.095 0.970 0.040
0.0 0.0 0.0 1.0 0.0 0.0 0.0 0.0 0.0 0.0 0.771 0.021 0.021 0.021 2.0 0.095 0.970 0.040
0.0 0.0 0.0 1.0 0.0 0.0 0.0 0.0 0.0 0.0 0.792 0.146 0.146 0.146 4.0 0.311 0.970 0.040
0.0 0.0 1.0 0.0 0.0 0.0 0.0 0.0 0.0 0.0 0.771 0.167 0.167 0.167 4.0 0.270 0.970 0.040
0.0 0.0 1.0 0.0 0.0 0.0 0.0 0.0 0.0 0.0 0.771 0.167 0.167 0.167 2.0 0.189 0.970 0.040
0.0 1.0 0.0 0.0 0.0 0.0 0.0 0.0 0.0 0.0 0.792 0.146 0.146 0.146 1.0 0.135 0.970 0.040
0.0 0.0 0.0 1.0 0.0 0.0 0.0 0.0 0.0 0.0 0.771 0.167 0.167 0.167 4.0 0.284 0.970 0.040
0.0 0.0 1.0 0.0 0.0 0.0 0.0 0.0 0.0 0.0 0.750 0.188 0.188 0.188 4.0 0.297 0.970 0.040
0.0 0.0 1.0 0.0 0.0 0.0 0.0 0.0 0.0 0.0 0.750 0.188 0.188 0.188 2.0 0.216 0.970 0.040
0.0 0.0 1.0 0.0 0.0 0.0 0.0 0.0 0.0 0.0 0.792 0.083 0.208 0.158 4.0 0.338 0.970 0.280
0.0 0.0 1.0 0.0 0.0 0.0 0.0 0.0 0.0 0.0 0.771 0.104 0.229 0.179 4.0 0.284 0.970 0.280
0.0 0.0 1.0 0.0 0.0 0.0 0.0 0.0 0.0 0.0 0.771 0.104 0.229 0.179 2.0 0.203 0.970 0.280
0.0 0.0 1.0 0.0 0.0 0.0 0.0 0.0 0.0 0.0 0.792 0.083 0.208 0.158 4.0 0.297 0.970 0.280
0.0 1.0 0.0 0.0 0.0 0.0 0.0 0.0 0.0 0.0 0.771 0.104 0.229 0.179 1.0 0.162 0.970 0.280
0.0 0.0 1.0 0.0 0.0 0.0 0.0 0.0 0.0 0.0 0.750 0.125 0.250 0.199 4.0 0.257 0.970 0.280
0.0 0.0 1.0 0.0 0.0 0.0 0.0 0.0 0.0 0.0 0.750 0.125 0.250 0.199 2.0 0.230 0.970 0.280
0.0 1.0 0.0 0.0 0.0 0.0 0.0 0.0 0.0 1.0 0.812 0.000 0.000 0.000 1.0 0.054 0.970 0.040
0.0 0.0 1.0 0.0 0.0 0.0 0.0 0.0 0.0 0.0 0.792 0.021 0.021 0.021 2.0 0.108 0.970 0.040
0.0 0.0 0.0 1.0 0.0 0.0 0.0 0.0 0.0 1.0 0.792 0.000 0.000 0.000 2.0 0.095 0.970 0.040
0.0 0.0 0.0 1.0 0.0 0.0 0.0 0.0 0.0 1.0 0.812 0.000 0.000 0.000 2.0 0.081 0.970 0.040
0.0 0.0 0.0 1.0 0.0 0.0 0.0 0.0 0.0 1.0 0.792 0.000 0.000 0.000 2.0 0.081 0.970 0.040
0.0 0.0 0.0 1.0 0.0 0.0 0.0 0.0 0.0 0.0 0.771 0.021 0.021 0.021 2.0 0.095 0.970 0.040
0.0 0.0 0.0 1.0 0.0 0.0 0.0 0.0 0.0 0.0 0.771 0.042 0.042 0.042 2.0 0.108 0.970 0.040
0.0 0.0 0.0 1.0 0.0 0.0 0.0 0.0 0.0 0.0 0.771 0.042 0.042 0.042 2.0 0.108 0.970 0.040
0.0 1.0 0.0 0.0 0.0 0.0 0.0 0.0 0.0 0.0 0.792 0.021 0.021 0.021 1.0 0.081 0.970 0.040
0.0 0.0 1.0 0.0 0.0 0.0 0.0 0.0 0.0 0.0 0.771 0.042 0.042 0.042 2.0 0.095 0.970 0.040
0.0 1.0 0.0 0.0 0.0 0.0 0.0 0.0 0.0 0.0 0.792 0.021 0.021 0.021 1.0 0.081 0.970 0.040
0.0 0.0 1.0 0.0 0.0 0.0 0.0 0.0 0.0 0.0 0.771 0.042 0.042 0.042 2.0 0.095 0.970 0.040
0.0 0.0 0.0 1.0 0.0 0.0 0.0 0.0 0.0 1.0 0.812 0.000 0.000 0.000 2.0 0.081 0.970 0.040
0.0 0.0 0.0 1.0 0.0 0.0 0.0 0.0 0.0 0.0 0.771 0.021 0.021 0.021 2.0 0.095 0.970 0.040
0.0 1.0 0.0 0.0 0.0 0.0 0.0 0.0 0.0 0.0 0.792 0.021 0.021 0.021 1.0 0.081 0.970 0.040
0.0 0.0 1.0 0.0 0.0 0.0 0.0 0.0 0.0 0.0 0.771 0.042 0.042 0.042 2.0 0.095 0.970 0.040
0.0 0.0 0.0 1.0 0.0 0.0 0.0 0.0 0.0 0.0 0.792 0.021 0.021 0.021 2.0 0.095 0.970 0.040
0.0 0.0 0.0 1.0 0.0 0.0 0.0 0.0 0.0 0.0 0.771 0.021 0.021 0.021 2.0 0.095 0.970 0.040
0.0 0.0 0.0 1.0 0.0 0.0 0.0 0.0 0.0 1.0 0.792 0.000 0.000 0.000 2.0 0.095 0.970 0.040
0.0 0.0 0.0 1.0 0.0 0.0 0.0 0.0 0.0 1.0 0.792 0.000 0.000 0.000 2.0 0.095 0.970 0.040
0.0 0.0 1.0 0.0 0.0 0.0 0.0 0.0 0.0 0.0 0.812 0.125 0.125 0.125 2.0 0.162 0.970 0.040
0.0 0.0 1.0 0.0 0.0 0.0 0.0 0.0 0.0 0.0 0.812 0.125 0.125 0.125 2.0 0.122 0.970 0.040
0.0 0.0 0.0 1.0 0.0 0.0 0.0 0.0 0.0 1.0 0.792 0.000 0.000 0.000 2.0 0.095 0.970 0.040
0.0 1.0 0.0 0.0 0.0 0.0 0.0 0.0 0.0 1.0 0.812 0.000 0.000 0.000 1.0 0.054 0.970 0.040
0.0 0.0 1.0 0.0 0.0 0.0 0.0 0.0 0.0 0.0 0.792 0.021 0.021 0.021 2.0 0.108 0.970 0.040
0.0 1.0 0.0 0.0 0.0 0.0 0.0 0.0 0.0 1.0 0.812 0.000 0.000 0.000 1.0 0.054 0.970 0.040
0.0 0.0 1.0 0.0 0.0 0.0 0.0 0.0 0.0 0.0 0.792 0.021 0.021 0.021 2.0 0.108 0.970 0.040
0.0 0.0 0.0 1.0 0.0 0.0 0.0 0.0 0.0 1.0 0.812 0.000 0.000 0.000 2.0 0.081 0.970 0.040
0.0 0.0 0.0 1.0 0.0 0.0 0.0 0.0 0.0 1.0 0.812 0.000 0.000 0.000 2.0 0.081 0.970 0.040
0.0 0.0 0.0 1.0 0.0 0.0 0.0 0.0 0.0 1.0 0.792 0.000 0.000 0.000 2.0 0.095 0.970 0.040
0.0 0.0 0.0 1.0 0.0 0.0 0.0 0.0 0.0 1.0 0.812 0.000 0.000 0.000 2.0 0.081 0.970 0.040
0.0 0.0 0.0 1.0 0.0 0.0 0.0 0.0 0.0 1.0 0.812 0.000 0.000 0.000 2.0 0.095 0.970 0.040
0.0 0.0 0.0 1.0 0.0 0.0 0.0 0.0 0.0 1.0 0.792 0.000 0.000 0.000 2.0 0.095 0.970 0.040
0.0 0.0 1.0 0.0 0.0 0.0 0.0 0.0 0.0 0.0 0.833 0.042 0.042 0.042 3.0 0.284 1.000 0.040
0.0 1.0 0.0 0.0 0.0 0.0 0.0 0.0 0.0 0.0 0.833 0.104 0.167 0.128 1.0 0.311 1.000 0.240
0.0 0.0 0.0 1.0 0.0 0.0 0.0 0.0 0.0 0.0 0.812 0.125 0.188 0.149 2.0 0.257 1.000 0.240
0.0 0.0 1.0 0.0 0.0 0.0 0.0 0.0 1.0 0.0 0.854 0.021 0.021 0.021 4.0 0.203 1.000 0.040
0.0 0.0 0.0 1.0 0.0 0.0 0.0 0.0 0.0 0.0 0.833 0.104 0.104 0.104 2.0 0.149 0.970 0.040
0.0 1.0 0.0 0.0 0.0 0.0 0.0 0.0 0.0 0.0 0.833 0.104 0.104 0.104 1.0 0.108 0.970 0.040
0.0 0.0 0.0 1.0 0.0 0.0 0.0 0.0 0.0 0.0 0.833 0.104 0.104 0.104 2.0 0.149 0.970 0.040
0.0 1.0 0.0 0.0 0.0 0.0 0.0 0.0 0.0 0.0 0.833 0.104 0.104 0.104 1.0 0.108 0.970 0.040
0.0 0.0 0.0 0.0 0.0 1.0 0.0 0.0 0.0 1.0 0.875 0.000 0.000 0.000 2.0 0.095 1.000 0.040
0.0 1.0 0.0 0.0 0.0 0.0 0.0 0.0 0.0 0.0 0.875 0.083 0.083 0.083 1.0 0.135 1.000 0.040
0.0 0.0 1.0 0.0 0.0 0.0 0.0 0.0 0.0 0.0 0.854 0.104 0.104 0.104 3.0 0.189 1.000 0.040
0.0 0.0 1.0 0.0 0.0 0.0 0.0 0.0 1.0 0.0 0.854 0.083 0.083 0.083 3.0 0.189 1.000 0.040
0.0 0.0 1.0 0.0 0.0 0.0 0.0 0.0 1.0 0.0 0.854 0.104 0.104 0.104 3.0 0.189 1.000 0.040
0.0 0.0 1.0 0.0 0.0 0.0 0.0 0.0 1.0 0.0 0.854 0.104 0.104 0.104 3.0 0.189 1.000 0.040
0.0 1.0 0.0 0.0 0.0 0.0 0.0 0.0 0.0 0.0 0.875 0.083 0.083 0.083 1.0 0.135 1.000 0.040
0.0 0.0 1.0 0.0 0.0 0.0 0.0 0.0 0.0 0.0 0.854 0.104 0.104 0.104 3.0 0.189 1.000 0.040
0.0 0.0 0.0 1.0 0.0 0.0 0.0 0.0 0.0 0.0 0.854 0.083 0.083 0.083 2.0 0.149 0.970 0.040
0.0 0.0 0.0 1.0 0.0 0.0 0.0 0.0 0.0 0.0 0.854 0.083 0.083 0.083 2.0 0.149 0.970 0.040
0.0 0.0 1.0 0.0 0.0 0.0 0.0 0.0 1.0 0.0 0.854 0.146 0.146 0.146 3.0 0.189 1.000 0.040
0.0 0.0 0.0 1.0 0.0 0.0 0.0 0.0 0.0 0.0 0.875 0.062 0.062 0.062 2.0 0.162 0.970 0.040
0.0 0.0 0.0 1.0 0.0 0.0 0.0 0.0 0.0 0.0 0.875 0.062 0.062 0.062 2.0 0.162 0.970 0.040
0.0 0.0 0.0 1.0 0.0 0.0 0.0 0.0 0.0 0.0 0.896 0.062 0.062 0.062 2.0 0.122 1.000 0.040
0.0 0.0 0.0 1.0 0.0 0.0 0.0 0.0 0.0 0.0 0.875 0.062 0.062 0.062 2.0 0.135 1.000 0.040
0.0 0.0 0.0 1.0 0.0 0.0 0.0 0.0 0.0 0.0 0.875 0.083 0.083 0.083 2.0 0.135 1.000 0.040
0.0 0.0 0.0 1.0 0.0 0.0 0.0 0.0 0.0 0.0 0.875 0.083 0.083 0.083 2.0 0.135 1.000 0.040
0.0 0.0 0.0 1.0 0.0 0.0 0.0 0.0 0.0 0.0 0.896 0.062 0.062 0.062 2.0 0.122 1.000 0.040
0.0 1.0 0.0 0.0 0.0 0.0 0.0 0.0 0.0 0.0 0.896 0.062 0.062 0.062 1.0 0.095 1.000 0.040
0.0 1.0 0.0 0.0 0.0 0.0 0.0 0.0 0.0 0.0 0.875 0.062 0.062 0.062 1.0 0.108 1.000 0.040
0.0 1.0 0.0 0.0 0.0 0.0 0.0 0.0 0.0 0.0 0.875 0.083 0.083 0.083 1.0 0.108 1.000 0.040
0.0 1.0 0.0 0.0 0.0 0.0 0.0 0.0 0.0 0.0 0.875 0.083 0.083 0.083 1.0 0.108 1.000 0.040
0.0 1.0 0.0 0.0 0.0 0.0 0.0 0.0 0.0 0.0 0.896 0.062 0.062 0.062 1.0 0.095 1.000 0.040
0.0 1.0 0.0 0.0 0.0 0.0 0.0 0.0 0.0 0.0 0.875 0.125 0.125 0.125 1.0 0.108 1.000 0.040
0.0 0.0 0.0 1.0 0.0 0.0 0.0 0.0 0.0 0.0 0.875 0.125 0.125 0.125 2.0 0.149 1.000 0.040
0.0 0.0 0.0 1.0 0.0 0.0 0.0 0.0 0.0 0.0 0.917 0.042 0.042 0.042 2.0 0.135 1.000 0.040
0.0 0.0 0.0 1.0 0.0 0.0 0.0 0.0 0.0 0.0 0.896 0.042 0.042 0.042 2.0 0.135 1.000 0.040
0.0 0.0 0.0 1.0 0.0 0.0 0.0 0.0 0.0 0.0 0.896 0.062 0.062 0.062 2.0 0.122 1.000 0.040
0.0 0.0 0.0 1.0 0.0 0.0 0.0 0.0 0.0 0.0 0.896 0.062 0.062 0.062 2.0 0.122 1.000 0.040
0.0 0.0 0.0 1.0 0.0 0.0 0.0 0.0 0.0 0.0 0.917 0.042 0.042 0.042 2.0 0.122 1.000 0.040
0.0 0.0 0.0 1.0 0.0 0.0 0.0 0.0 0.0 0.0 0.896 0.042 0.042 0.042 2.0 0.122 0.970 0.040
0.0 1.0 0.0 0.0 0.0 0.0 0.0 0.0 0.0 0.0 0.896 0.042 0.042 0.042 1.0 0.108 0.970 0.040
0.0 0.0 0.0 1.0 0.0 0.0 0.0 0.0 0.0 0.0 0.896 0.042 0.042 0.042 2.0 0.122 0.970 0.040
0.0 1.0 0.0 0.0 0.0 0.0 0.0 0.0 0.0 0.0 0.896 0.042 0.042 0.042 1.0 0.108 0.970 0.040
0.0 0.0 0.0 1.0 0.0 0.0 0.0 0.0 0.0 0.0 0.896 0.104 0.104 0.104 2.0 0.149 1.000 0.040
0.0 0.0 0.0 1.0 0.0 0.0 0.0 0.0 0.0 0.0 0.938 0.021 0.021 0.021 2.0 0.122 1.000 0.040
0.0 0.0 0.0 1.0 0.0 0.0 0.0 0.0 0.0 0.0 0.917 0.021 0.021 0.021 2.0 0.122 1.000 0.040
0.0 1.0 0.0 0.0 0.0 0.0 0.0 0.0 0.0 0.0 0.938 0.021 0.021 0.021 1.0 0.081 1.000 0.040
0.0 0.0 0.0 1.0 0.0 0.0 0.0 0.0 0.0 0.0 0.917 0.042 0.042 0.042 2.0 0.122 1.000 0.040
0.0 0.0 0.0 1.0 0.0 0.0 0.0 0.0 0.0 0.0 0.917 0.042 0.042 0.042 2.0 0.135 1.000 0.040
0.0 0.0 0.0 1.0 0.0 0.0 0.0 0.0 0.0 0.0 0.938 0.021 0.021 0.021 2.0 0.122 1.000 0.040
0.0 0.0 0.0 1.0 0.0 0.0 0.0 0.0 0.0 0.0 0.917 0.021 0.021 0.021 2.0 0.122 0.970 0.040
0.0 0.0 0.0 1.0 0.0 0.0 0.0 0.0 0.0 0.0 0.917 0.021 0.021 0.021 2.0 0.122 0.970 0.040
0.0 0.0 0.0 1.0 0.0 0.0 0.0 0.0 0.0 0.0 0.917 0.083 0.083 0.083 2.0 0.162 1.000 0.040
0.0 0.0 1.0 0.0 0.0 0.0 0.0 0.0 0.0 1.0 0.958 0.000 0.000 0.000 2.0 0.095 1.000 0.040
0.0 0.0 1.0 0.0 0.0 0.0 0.0 0.0 0.0 1.0 0.938 0.000 0.000 0.000 2.0 0.095 1.000 0.040
0.0 0.0 1.0 0.0 0.0 0.0 0.0 0.0 0.0 1.0 0.958 0.000 0.000 0.000 2.0 0.068 1.000 0.040
0.0 1.0 0.0 0.0 0.0 0.0 0.0 0.0 0.0 1.0 0.958 0.000 0.000 0.000 1.0 0.054 1.000 0.040
0.0 0.0 1.0 0.0 0.0 0.0 0.0 0.0 0.0 0.0 0.938 0.021 0.021 0.021 2.0 0.108 1.000 0.040
0.0 0.0 1.0 0.0 0.0 0.0 0.0 0.0 0.0 1.0 0.958 0.000 0.000 0.000 2.0 0.095 1.000 0.040
0.0 0.0 0.0 1.0 0.0 0.0 0.0 0.0 0.0 1.0 0.938 0.000 0.000 0.000 2.0 0.095 0.970 0.040
0.0 0.0 0.0 1.0 0.0 0.0 0.0 0.0 0.0 1.0 0.938 0.000 0.000 0.000 2.0 0.095 0.970 0.040
0.0 0.0 0.0 1.0 0.0 0.0 0.0 0.0 0.0 0.0 0.938 0.062 0.062 0.062 2.0 0.135 1.000 0.040
0.0 1.0 0.0 0.0 0.0 0.0 0.0 0.0 0.0 0.0 0.938 0.062 0.062 0.062 1.0 0.108 1.000 0.040
0.0 0.0 0.0 1.0 0.0 0.0 0.0 0.0 0.0 0.0 0.958 0.042 0.042 0.042 2.0 0.135 1.000 0.040
0.0 0.0 0.0 1.0 0.0 0.0 0.0 0.0 0.0 0.0 0.979 0.021 0.021 0.021 2.0 0.122 1.000 0.040
0.0 0.0 1.0 0.0 0.0 0.0 0.0 0.0 0.0 1.0 1.000 0.000 0.000 0.000 2.0 0.095 1.000 0.040
