0.0 0.0 0.0 0.0 1.0 0.0 0.0 0.0 0.0 0.0 0.429 0.286 0.457 1.0 0.327 0.200 0.857
0.0 0.0 0.0 0.0 1.0 0.0 0.0 0.0 0.0 0.0 0.429 0.286 0.457 1.0 0.327 0.200 0.857
0.0 0.0 0.0 0.0 1.0 0.0 0.0 0.0 0.0 0.0 0.457 0.257 0.429 1.0 0.909 0.213 0.857
0.0 0.0 1.0 0.0 0.0 0.0 0.0 0.0 0.0 0.0 0.486 0.229 0.400 1.0 0.291 0.227 0.429
0.0 0.0 1.0 0.0 0.0 0.0 0.0 0.0 0.0 0.0 0.514 0.200 0.371 1.0 0.127 0.227 0.429
0.0 0.0 1.0 0.0 0.0 0.0 0.0 0.0 0.0 0.0 0.486 0.229 0.400 1.0 0.291 0.227 0.429
0.0 0.0 1.0 0.0 0.0 0.0 0.0 0.0 0.0 0.0 0.486 0.229 0.400 1.0 0.345 0.227 0.429
0.0 0.0 1.0 0.0 0.0 0.0 0.0 0.0 0.0 0.0 0.486 0.257 0.343 1.0 0.400 0.227 0.086
0.0 0.0 1.0 0.0 0.0 0.0 0.0 0.0 0.0 0.0 0.486 0.257 0.343 1.0 0.400 0.227 0.086
0.0 0.0 0.0 1.0 0.0 0.0 0.0 0.0 0.0 0.0 0.571 0.171 0.314 3.0 0.509 0.640 0.429
0.0 0.0 0.0 1.0 0.0 0.0 0.0 0.0 0.0 0.0 0.543 0.200 0.343 3.0 0.509 0.653 0.429
0.0 0.0 0.0 1.0 0.0 0.0 0.0 0.0 0.0 0.0 0.657 0.114 0.143 3.0 0.745 0.933 0.086
0.0 0.0 0.0 1.0 0.0 0.0 0.0 0.0 0.0 0.0 0.657 0.114 0.143 3.0 0.764 0.920 0.086
0.0 0.0 0.0 1.0 0.0 0.0 0.0 0.0 0.0 0.0 0.714 0.086 0.086 1.0 0.418 0.893 0.000
0.0 0.0 0.0 1.0 0.0 0.0 0.0 0.0 0.0 0.0 0.657 0.086 0.086 1.0 0.473 0.907 0.000
