0.0 0.0 0.0 1.0 0.0 0.0 0.0 0.0 0.0 0.0 0.370 0.296 0.444 1.0 0.667 0.474 0.484
0.0 0.0 0.0 0.0 0.0 1.0 0.0 0.0 0.0 0.0 0.407 0.259 0.407 2.0 0.556 0.484 0.452
0.0 1.0 0.0 0.0 0.0 0.0 0.0 0.0 0.0 0.0 0.444 0.222 0.370 1.0 0.444 0.495 0.419
0.0 0.0 1.0 0.0 0.0 0.0 0.0 0.0 0.0 0.0 0.481 0.185 0.333 2.0 0.333 0.505 0.387
0.0 0.0 0.0 0.0 1.0 0.0 0.0 0.0 0.0 0.0 0.519 0.148 0.296 2.0 0.278 0.516 0.355
0.0 0.0 0.0 0.0 0.0 0.0 1.0 0.0 0.0 0.0 0.556 0.111 0.259 2.0 0.222 0.526 0.323
0.0 0.0 0.0 0.0 0.0 0.0 0.0 1.0 0.0 0.0 0.593 0.074 0.222 2.0 0.167 0.537 0.290
1.0 0.0 0.0 0.0 0.0 0.0 0.0 0.0 0.0 0.0 0.630 0.037 0.185 2.0 0.111 0.547 0.258
0.0 0.0 0.0 1.0 0.0 0.0 0.0 0.0 0.0 0.0 0.667 0.000 0.148 2.0 0.056 0.558 0.226
0.0 0.0 0.0 0.0 0.0 1.0 0.0 0.0 0.0 0.0 0.704 0.000 0.111 2.0 0.000 0.568 0.194
0.0 1.0 0.0 0.0 0.0 0.0 0.0 0.0 1.0 0.0 0.741 0.000 0.074 2.0 0.000 0.579 0.161
