0.0 0.0 0.0 1.0 0.0 0.0 0.0 0.0 1.0 0.0 0.007 0.630 0.948 2.0 0.333 0.021 0.581
1.0 0.0 0.0 0.0 0.0 0.0 0.0 0.0 0.0 0.0 0.015 0.622 0.941 2.0 0.556 0.032 0.581
0.0 0.0 0.0 0.0 1.0 0.0 0.0 0.0 0.0 0.0 0.022 0.615 0.933 2.0 0.500 0.032 0.581
0.0 0.0 1.0 0.0 0.0 0.0 0.0 0.0 0.0 0.0 0.022 0.615 0.933 2.0 0.389 0.042 0.581
0.0 1.0 0.0 0.0 0.0 0.0 0.0 0.0 0.0 0.0 0.030 0.607 0.926 1.0 0.389 0.042 0.581
0.0 0.0 0.0 0.0 0.0 1.0 0.0 0.0 0.0 0.0 0.037 0.600 0.919 2.0 0.667 0.042 0.581
0.0 0.0 0.0 0.0 0.0 0.0 1.0 0.0 0.0 0.0 0.044 0.593 0.911 2.0 0.667 0.063 0.581
0.0 0.0 0.0 0.0 0.0 0.0 0.0 1.0 0.0 0.0 0.052 0.630 0.904 2.0 0.889 0.063 0.548
1.0 0.0 0.0 0.0 0.0 0.0 0.0 0.0 0.0 0.0 0.067 0.615 0.889 2.0 0.778 0.095 0.548
0.0 1.0 0.0 0.0 0.0 0.0 0.0 0.0 0.0 0.0 0.074 0.607 0.881 2.0 0.611 0.095 0.548
0.0 0.0 0.0 1.0 0.0 0.0 0.0 0.0 0.0 0.0 0.081 0.600 0.874 2.0 0.722 0.105 0.548
