0.0 0.0 1.0 0.0 0.0 0.0 0.0 0.0 1.0 0.0 0.029 0.853 0.971 0.870 2.0 0.115 0.027 1.000
0.0 0.0 1.0 0.0 0.0 0.0 0.0 0.0 1.0 0.0 0.029 0.853 0.971 0.870 2.0 0.115 0.027 1.000
0.0 0.0 1.0 0.0 0.0 0.0 0.0 0.0 1.0 0.0 0.029 0.853 0.971 0.870 2.0 0.115 0.027 1.000
0.0 0.0 1.0 0.0 0.0 0.0 0.0 0.0 1.0 0.0 0.029 0.853 0.971 0.870 2.0 0.115 0.027 1.000
0.0 0.0 1.0 0.0 0.0 0.0 0.0 0.0 1.0 0.0 0.029 0.853 0.971 0.870 2.0 0.115 0.027 1.000
0.0 0.0 1.0 0.0 0.0 0.0 0.0 0.0 1.0 0.0 0.029 0.853 0.971 0.870 2.0 0.115 0.027 1.000
0.0 0.0 1.0 0.0 0.0 0.0 0.0 0.0 1.0 0.0 0.029 0.853 0.971 0.870 2.0 0.115 0.027 1.000
0.0 0.0 1.0 0.0 0.0 0.0 0.0 0.0 1.0 0.0 0.029 0.853 0.971 0.870 2.0 0.135 0.027 1.000
0.0 0.0 0.0 1.0 0.0 0.0 0.0 0.0 1.0 0.0 0.029 0.853 0.971 0.870 2.0 0.077 0.027 1.000
0.0 0.0 0.0 1.0 0.0 0.0 0.0 0.0 1.0 0.0 0.029 0.853 0.971 0.870 2.0 0.077 0.027 1.000
0.0 0.0 0.0 1.0 0.0 0.0 0.0 0.0 1.0 0.0 0.029 0.853 0.971 0.870 2.0 0.077 0.027 1.000
0.0 0.0 0.0 1.0 0.0 0.0 0.0 0.0 1.0 0.0 0.029 0.853 0.971 0.870 2.0 0.077 0.027 1.000
0.0 0.0 0.0 1.0 0.0 0.0 0.0 0.0 1.0 0.0 0.029 0.853 0.971 0.870 2.0 0.077 0.027 1.000
0.0 0.0 0.0 1.0 0.0 0.0 0.0 0.0 1.0 0.0 0.029 0.853 0.971 0.870 2.0 0.077 0.027 1.000
0.0 0.0 0.0 1.0 0.0 0.0 0.0 0.0 1.0 0.0 0.029 0.853 0.971 0.870 2.0 0.077 0.027 1.000
0.0 0.0 0.0 1.0 0.0 0.0 0.0 0.0 1.0 0.0 0.029 0.853 0.971 0.870 2.0 0.077 0.027 1.000
0.0 0.0 0.0 1.0 0.0 0.0 0.0 0.0 1.0 0.0 0.029 0.853 0.971 0.870 2.0 0.077 0.027 1.000
0.0 0.0 0.0 1.0 0.0 0.0 0.0 0.0 1.0 0.0 0.029 0.853 0.971 0.870 2.0 0.077 0.027 1.000
0.0 0.0 0.0 1.0 0.0 0.0 0.0 0.0 1.0 0.0 0.029 0.853 0.971 0.870 2.0 0.077 0.027 1.000
0.0 0.0 0.0 1.0 0.0 0.0 0.0 0.0 1.0 0.0 0.029 0.853 0.971 0.870 2.0 0.077 0.027 1.000
0.0 0.0 0.0 1.0 0.0 0.0 0.0 0.0 1.0 0.0 0.029 0.853 0.971 0.870 2.0 0.077 0.027 1.000
0.0 0.0 0.0 1.0 0.0 0.0 0.0 0.0 1.0 0.0 0.029 0.853 0.971 0.870 2.0 0.077 0.027 1.000
0.0 0.0 0.0 1.0 0.0 0.0 0.0 0.0 1.0 0.0 0.029 0.853 0.971 0.870 2.0 0.077 0.027 1.000
0.0 0.0 0.0 1.0 0.0 0.0 0.0 0.0 1.0 0.0 0.029 0.853 0.971 0.870 2.0 0.096 0.027 1.000
0.0 0.0 0.0 1.0 0.0 0.0 0.0 0.0 1.0 0.0 0.029 0.853 0.971 0.870 2.0 0.077 0.027 1.000
0.0 0.0 0.0 1.0 0.0 0.0 0.0 0.0 1.0 0.0 0.029 0.853 0.971 0.870 2.0 0.077 0.027 1.000
0.0 0.0 0.0 1.0 0.0 0.0 0.0 0.0 1.0 0.0 0.029 0.853 0.971 0.870 2.0 0.077 0.027 1.000
0.0 0.0 0.0 1.0 0.0 0.0 0.0 0.0 1.0 0.0 0.029 0.853 0.971 0.870 2.0 0.077 0.027 1.000
0.0 0.0 0.0 1.0 0.0 0.0 0.0 0.0 1.0 0.0 0.029 0.853 0.971 0.870 2.0 0.077 0.027 1.000
0.0 0.0 0.0 1.0 0.0 0.0 0.0 0.0 1.0 0.0 0.029 0.853 0.971 0.870 2.0 0.077 0.027 1.000
0.0 0.0 0.0 1.0 0.0 0.0 0.0 0.0 1.0 0.0 0.029 0.853 0.971 0.870 2.0 0.077 0.027 1.000
0.0 0.0 0.0 1.0 0.0 0.0 0.0 0.0 1.0 0.0 0.029 0.853 0.971 0.870 2.0 0.077 0.027 1.000
0.0 0.0 0.0 1.0 0.0 0.0 0.0 0.0 1.0 0.0 0.029 0.853 0.971 0.870 2.0 0.077 0.027 1.000
0.0 0.0 0.0 1.0 0.0 0.0 0.0 0.0 1.0 0.0 0.029 0.853 0.971 0.870 2.0 0.077 0.027 1.000
0.0 0.0 0.0 1.0 0.0 0.0 0.0 0.0 1.0 0.0 0.029 0.853 0.971 0.870 2.0 0.077 0.027 1.000
0.0 0.0 0.0 1.0 0.0 0.0 0.0 0.0 1.0 0.0 0.029 0.853 0.971 0.870 2.0 0.077 0.027 1.000
0.0 0.0 0.0 1.0 0.0 0.0 0.0 0.0 1.0 0.0 0.029 0.853 0.971 0.870 2.0 0.077 0.027 1.000
0.0 0.0 0.0 1.0 0.0 0.0 0.0 0.0 1.0 0.0 0.029 0.853 0.971 0.870 2.0 0.077 0.027 1.000
0.0 0.0 0.0 1.0 0.0 0.0 0.0 0.0 1.0 0.0 0.029 0.853 0.971 0.870 2.0 0.077 0.027 1.000
0.0 0.0 0.0 1.0 0.0 0.0 0.0 0.0 1.0 0.0 0.029 0.853 0.971 0.870 2.0 0.077 0.027 1.000
0.0 0.0 0.0 1.0 0.0 0.0 0.0 0.0 1.0 0.0 0.059 0.824 0.941 0.841 2.0 0.096 0.027 1.000
0.0 0.0 0.0 1.0 0.0 0.0 0.0 0.0 1.0 0.0 0.059 0.824 0.941 0.841 2.0 0.096 0.027 1.000
0.0 0.0 0.0 1.0 0.0 0.0 0.0 0.0 1.0 0.0 0.059 0.824 0.941 0.841 2.0 0.096 0.027 1.000
0.0 0.0 0.0 1.0 0.0 0.0 0.0 0.0 1.0 0.0 0.059 0.824 0.941 0.841 2.0 0.096 0.027 1.000
0.0 0.0 0.0 1.0 0.0 0.0 0.0 0.0 1.0 0.0 0.059 0.824 0.941 0.841 2.0 0.115 0.027 1.000
0.0 0.0 0.0 1.0 0.0 0.0 0.0 0.0 1.0 0.0 0.059 0.824 0.941 0.841 2.0 0.115 0.027 1.000
0.0 0.0 0.0 1.0 0.0 0.0 0.0 0.0 1.0 0.0 0.059 0.824 0.941 0.841 2.0 0.115 0.027 1.000
0.0 0.0 0.0 1.0 0.0 0.0 0.0 0.0 1.0 0.0 0.059 0.824 0.941 0.841 2.0 0.115 0.027 1.000
0.0 0.0 0.0 1.0 0.0 0.0 0.0 0.0 1.0 0.0 0.059 0.824 0.941 0.841 2.0 0.115 0.027 1.000
0.0 0.0 0.0 1.0 0.0 0.0 0.0 0.0 1.0 0.0 0.059 0.824 0.941 0.841 2.0 0.115 0.027 1.000
0.0 0.0 0.0 1.0 0.0 0.0 0.0 0.0 1.0 0.0 0.059 0.824 0.941 0.841 2.0 0.115 0.027 1.000
0.0 0.0 0.0 1.0 0.0 0.0 0.0 0.0 1.0 0.0 0.059 0.824 0.941 0.841 2.0 0.115 0.027 1.000
0.0 0.0 0.0 1.0 0.0 0.0 0.0 0.0 1.0 0.0 0.059 0.824 0.941 0.841 2.0 0.115 0.027 1.000
0.0 0.0 0.0 1.0 0.0 0.0 0.0 0.0 1.0 0.0 0.059 0.824 0.941 0.841 2.0 0.115 0.027 1.000
0.0 0.0 0.0 1.0 0.0 0.0 0.0 0.0 1.0 0.0 0.059 0.824 0.941 0.841 2.0 0.115 0.027 1.000
0.0 0.0 0.0 1.0 0.0 0.0 0.0 0.0 1.0 0.0 0.059 0.824 0.941 0.841 2.0 0.115 0.027 1.000
0.0 0.0 0.0 1.0 0.0 0.0 0.0 0.0 1.0 0.0 0.059 0.824 0.941 0.841 2.0 0.115 0.027 1.000
0.0 0.0 0.0 1.0 0.0 0.0 0.0 0.0 1.0 0.0 0.059 0.824 0.941 0.841 2.0 0.115 0.027 1.000
0.0 0.0 0.0 1.0 0.0 0.0 0.0 0.0 1.0 0.0 0.059 0.824 0.941 0.841 2.0 0.115 0.027 1.000
0.0 0.0 0.0 1.0 0.0 0.0 0.0 0.0 1.0 0.0 0.059 0.824 0.941 0.841 2.0 0.115 0.027 1.000
0.0 0.0 0.0 1.0 0.0 0.0 0.0 0.0 1.0 0.0 0.059 0.824 0.941 0.841 2.0 0.096 0.027 1.000
0.0 0.0 0.0 1.0 0.0 0.0 0.0 0.0 1.0 0.0 0.059 0.824 0.941 0.841 2.0 0.096 0.027 1.000
0.0 0.0 0.0 1.0 0.0 0.0 0.0 0.0 1.0 0.0 0.059 0.824 0.941 0.841 2.0 0.115 0.027 1.000
0.0 0.0 0.0 1.0 0.0 0.0 0.0 0.0 1.0 0.0 0.059 0.824 0.941 0.841 2.0 0.115 0.027 1.000
0.0 0.0 0.0 1.0 0.0 0.0 0.0 0.0 1.0 0.0 0.059 0.824 0.941 0.841 2.0 0.115 0.027 1.000
0.0 0.0 0.0 1.0 0.0 0.0 0.0 0.0 1.0 0.0 0.059 0.824 0.941 0.841 2.0 0.115 0.027 1.000
0.0 0.0 0.0 1.0 0.0 0.0 0.0 0.0 1.0 0.0 0.059 0.824 0.941 0.841 2.0 0.115 0.027 1.000
0.0 0.0 0.0 1.0 0.0 0.0 0.0 0.0 1.0 0.0 0.059 0.824 0.941 0.841 2.0 0.115 0.027 1.000
0.0 0.0 0.0 1.0 0.0 0.0 0.0 0.0 1.0 0.0 0.059 0.824 0.941 0.841 2.0 0.115 0.027 1.000
0.0 0.0 0.0 1.0 0.0 0.0 0.0 0.0 1.0 0.0 0.059 0.824 0.941 0.841 2.0 0.115 0.027 1.000
0.0 0.0 0.0 1.0 0.0 0.0 0.0 0.0 1.0 0.0 0.059 0.824 0.941 0.841 2.0 0.135 0.027 1.000
0.0 1.0 0.0 0.0 0.0 0.0 0.0 0.0 0.0 0.0 0.088 0.794 0.912 0.812 2.0 0.135 0.041 1.000
0.0 0.0 0.0 1.0 0.0 0.0 0.0 0.0 1.0 0.0 0.059 0.824 0.941 0.841 2.0 0.096 0.027 1.000
0.0 0.0 0.0 1.0 0.0 0.0 0.0 0.0 1.0 0.0 0.059 0.824 0.941 0.841 2.0 0.115 0.027 1.000
0.0 0.0 0.0 1.0 0.0 0.0 0.0 0.0 1.0 0.0 0.059 0.824 0.941 0.841 2.0 0.115 0.027 1.000
0.0 0.0 0.0 1.0 0.0 0.0 0.0 0.0 1.0 0.0 0.059 0.824 0.941 0.841 2.0 0.115 0.027 1.000
0.0 0.0 0.0 1.0 0.0 0.0 0.0 0.0 1.0 0.0 0.059 0.824 0.941 0.841 2.0 0.115 0.027 1.000
0.0 0.0 0.0 1.0 0.0 0.0 0.0 0.0 1.0 0.0 0.059 0.824 0.941 0.841 2.0 0.115 0.027 1.000
0.0 0.0 0.0 1.0 0.0 0.0 0.0 0.0 1.0 0.0 0.059 0.824 0.941 0.841 2.0 0.115 0.027 1.000
0.0 0.0 0.0 1.0 0.0 0.0 0.0 0.0 1.0 0.0 0.059 0.824 0.941 0.841 2.0 0.115 0.027 1.000
0.0 0.0 0.0 1.0 0.0 0.0 0.0 0.0 1.0 0.0 0.059 0.824 0.941 0.841 2.0 0.115 0.027 1.000
0.0 0.0 0.0 1.0 0.0 0.0 0.0 0.0 1.0 0.0 0.059 0.824 0.941 0.841 2.0 0.115 0.027 1.000
0.0 0.0 0.0 1.0 0.0 0.0 0.0 0.0 1.0 0.0 0.059 0.824 0.941 0.841 2.0 0.115 0.027 1.000
0.0 0.0 0.0 1.0 0.0 0.0 0.0 0.0 1.0 0.0 0.059 0.824 0.941 0.841 2.0 0.096 0.027 1.000
0.0 0.0 0.0 1.0 0.0 0.0 0.0 0.0 1.0 0.0 0.059 0.824 0.941 0.841 2.0 0.096 0.027 1.000
0.0 0.0 0.0 1.0 0.0 0.0 0.0 0.0 1.0 0.0 0.059 0.824 0.941 0.841 2.0 0.115 0.027 1.000
0.0 0.0 0.0 1.0 0.0 0.0 0.0 0.0 1.0 0.0 0.059 0.824 0.941 0.841 2.0 0.115 0.027 1.000
0.0 0.0 0.0 1.0 0.0 0.0 0.0 0.0 1.0 0.0 0.059 0.824 0.941 0.841 2.0 0.115 0.027 1.000
0.0 0.0 0.0 1.0 0.0 0.0 0.0 0.0 1.0 0.0 0.059 0.824 0.941 0.841 2.0 0.115 0.027 1.000
0.0 0.0 0.0 1.0 0.0 0.0 0.0 0.0 1.0 0.0 0.059 0.824 0.941 0.841 2.0 0.115 0.027 1.000
0.0 0.0 0.0 1.0 0.0 0.0 0.0 0.0 1.0 0.0 0.059 0.824 0.941 0.841 2.0 0.115 0.027 1.000
0.0 0.0 0.0 1.0 0.0 0.0 0.0 0.0 1.0 0.0 0.059 0.824 0.941 0.841 2.0 0.115 0.027 1.000
0.0 0.0 0.0 1.0 0.0 0.0 0.0 0.0 1.0 0.0 0.059 0.824 0.941 0.841 2.0 0.115 0.027 1.000
0.0 0.0 0.0 1.0 0.0 0.0 0.0 0.0 1.0 0.0 0.059 0.824 0.941 0.841 2.0 0.115 0.027 1.000
0.0 0.0 0.0 1.0 0.0 0.0 0.0 0.0 1.0 0.0 0.059 0.824 0.941 0.841 2.0 0.115 0.027 1.000
0.0 0.0 0.0 1.0 0.0 0.0 0.0 0.0 1.0 0.0 0.059 0.824 0.941 0.841 2.0 0.115 0.027 1.000
0.0 0.0 0.0 1.0 0.0 0.0 0.0 0.0 1.0 0.0 0.059 0.824 0.941 0.841 2.0 0.115 0.027 1.000
0.0 0.0 0.0 1.0 0.0 0.0 0.0 0.0 1.0 0.0 0.059 0.824 0.941 0.841 2.0 0.115 0.027 1.000
0.0 0.0 0.0 1.0 0.0 0.0 0.0 0.0 1.0 0.0 0.059 0.824 0.941 0.841 2.0 0.115 0.027 1.000
0.0 0.0 0.0 1.0 0.0 0.0 0.0 0.0 1.0 0.0 0.059 0.824 0.941 0.841 2.0 0.096 0.027 1.000
0.0 0.0 0.0 1.0 0.0 0.0 0.0 0.0 1.0 0.0 0.059 0.824 0.941 0.841 2.0 0.096 0.027 1.000
0.0 0.0 0.0 1.0 0.0 0.0 0.0 0.0 1.0 0.0 0.059 0.824 0.941 0.841 2.0 0.096 0.027 1.000
0.0 0.0 0.0 1.0 0.0 0.0 0.0 0.0 1.0 0.0 0.059 0.824 0.941 0.841 2.0 0.096 0.027 1.000
0.0 0.0 0.0 1.0 0.0 0.0 0.0 0.0 1.0 0.0 0.059 0.824 0.941 0.841 2.0 0.115 0.027 1.000
0.0 0.0 0.0 1.0 0.0 0.0 0.0 0.0 1.0 0.0 0.059 0.824 0.941 0.841 2.0 0.115 0.027 1.000
0.0 1.0 0.0 0.0 0.0 0.0 0.0 0.0 0.0 0.0 0.147 0.735 0.853 0.753 1.0 0.154 0.041 1.000
0.0 1.0 0.0 0.0 0.0 0.0 0.0 0.0 0.0 0.0 0.118 0.765 0.882 0.782 2.0 0.135 0.041 1.000
0.0 0.0 0.0 1.0 0.0 0.0 0.0 0.0 0.0 0.0 0.088 0.794 0.912 0.812 2.0 0.115 0.027 1.000
0.0 1.0 0.0 0.0 0.0 0.0 0.0 0.0 0.0 0.0 0.147 0.735 0.853 0.753 1.0 0.154 0.041 1.000
0.0 1.0 0.0 0.0 0.0 0.0 0.0 0.0 0.0 0.0 0.118 0.765 0.882 0.782 2.0 0.135 0.041 1.000
0.0 0.0 0.0 1.0 0.0 0.0 0.0 0.0 0.0 0.0 0.088 0.794 0.912 0.812 2.0 0.115 0.027 1.000
0.0 0.0 0.0 1.0 0.0 0.0 0.0 0.0 0.0 0.0 0.088 0.794 0.912 0.812 2.0 0.173 0.027 1.000
0.0 0.0 0.0 1.0 0.0 0.0 0.0 0.0 0.0 0.0 0.088 0.794 0.912 0.812 2.0 0.173 0.027 1.000
0.0 0.0 0.0 1.0 0.0 0.0 0.0 0.0 0.0 0.0 0.088 0.794 0.912 0.812 2.0 0.173 0.027 1.000
0.0 0.0 0.0 1.0 0.0 0.0 0.0 0.0 0.0 0.0 0.088 0.794 0.912 0.812 2.0 0.173 0.027 1.000
0.0 0.0 0.0 1.0 0.0 0.0 0.0 0.0 0.0 0.0 0.088 0.794 0.912 0.812 2.0 0.173 0.027 1.000
0.0 0.0 0.0 1.0 0.0 0.0 0.0 0.0 0.0 0.0 0.088 0.794 0.912 0.812 2.0 0.173 0.027 1.000
0.0 0.0 0.0 1.0 0.0 0.0 0.0 0.0 0.0 0.0 0.088 0.794 0.912 0.812 2.0 0.173 0.027 1.000
0.0 0.0 0.0 1.0 0.0 0.0 0.0 0.0 0.0 0.0 0.088 0.794 0.912 0.812 2.0 0.173 0.027 1.000
0.0 1.0 0.0 0.0 0.0 0.0 0.0 0.0 0.0 0.0 0.118 0.765 0.882 0.782 2.0 0.173 0.041 1.000
0.0 0.0 0.0 1.0 0.0 0.0 0.0 0.0 0.0 0.0 0.088 0.794 0.912 0.812 2.0 0.135 0.027 1.000
0.0 0.0 0.0 1.0 0.0 0.0 0.0 0.0 0.0 0.0 0.088 0.794 0.912 0.812 2.0 0.173 0.027 1.000
0.0 0.0 0.0 1.0 0.0 0.0 0.0 0.0 0.0 0.0 0.088 0.794 0.912 0.812 2.0 0.173 0.027 1.000
0.0 0.0 0.0 1.0 0.0 0.0 0.0 0.0 0.0 0.0 0.088 0.794 0.912 0.812 2.0 0.173 0.027 1.000
0.0 0.0 0.0 1.0 0.0 0.0 0.0 0.0 0.0 0.0 0.088 0.794 0.912 0.812 2.0 0.173 0.027 1.000
0.0 0.0 0.0 1.0 0.0 0.0 0.0 0.0 0.0 0.0 0.118 0.765 0.882 0.782 2.0 0.192 0.041 1.000
0.0 0.0 0.0 1.0 0.0 0.0 0.0 0.0 0.0 0.0 0.088 0.794 0.912 0.812 2.0 0.173 0.027 1.000
0.0 0.0 0.0 1.0 0.0 0.0 0.0 0.0 0.0 0.0 0.088 0.794 0.912 0.812 2.0 0.173 0.027 1.000
0.0 0.0 0.0 1.0 0.0 0.0 0.0 0.0 0.0 0.0 0.088 0.794 0.912 0.812 2.0 0.173 0.027 1.000
0.0 0.0 0.0 1.0 0.0 0.0 0.0 0.0 0.0 0.0 0.088 0.794 0.912 0.812 2.0 0.173 0.027 1.000
0.0 0.0 0.0 1.0 0.0 0.0 0.0 0.0 0.0 0.0 0.088 0.794 0.912 0.812 2.0 0.173 0.027 1.000
0.0 1.0 0.0 0.0 0.0 0.0 0.0 0.0 0.0 0.0 0.147 0.735 0.853 0.753 1.0 0.154 0.041 1.000
0.0 1.0 0.0 0.0 0.0 0.0 0.0 0.0 0.0 0.0 0.118 0.765 0.882 0.782 2.0 0.135 0.041 1.000
0.0 0.0 0.0 1.0 0.0 0.0 0.0 0.0 0.0 0.0 0.088 0.794 0.912 0.812 2.0 0.115 0.027 1.000
0.0 0.0 0.0 1.0 0.0 0.0 0.0 0.0 0.0 0.0 0.088 0.794 0.912 0.812 2.0 0.173 0.027 1.000
0.0 0.0 0.0 1.0 0.0 0.0 0.0 0.0 0.0 0.0 0.088 0.794 0.912 0.812 2.0 0.173 0.027 1.000
0.0 0.0 0.0 1.0 0.0 0.0 0.0 0.0 0.0 0.0 0.088 0.794 0.912 0.812 2.0 0.173 0.027 1.000
0.0 0.0 0.0 1.0 0.0 0.0 0.0 0.0 0.0 0.0 0.088 0.794 0.912 0.812 2.0 0.173 0.027 1.000
0.0 0.0 0.0 1.0 0.0 0.0 0.0 0.0 0.0 0.0 0.088 0.794 0.912 0.812 2.0 0.173 0.027 1.000
0.0 0.0 0.0 1.0 0.0 0.0 0.0 0.0 0.0 0.0 0.088 0.794 0.912 0.812 2.0 0.173 0.027 1.000
0.0 0.0 0.0 1.0 0.0 0.0 0.0 0.0 0.0 0.0 0.088 0.794 0.912 0.812 2.0 0.173 0.027 1.000
0.0 1.0 0.0 0.0 0.0 0.0 0.0 0.0 0.0 0.0 0.118 0.765 0.882 0.782 2.0 0.173 0.041 1.000
0.0 0.0 0.0 1.0 0.0 0.0 0.0 0.0 0.0 0.0 0.088 0.794 0.912 0.812 2.0 0.135 0.027 1.000
0.0 1.0 0.0 0.0 0.0 0.0 0.0 0.0 0.0 0.0 0.147 0.735 0.853 0.753 1.0 0.154 0.041 1.000
0.0 1.0 0.0 0.0 0.0 0.0 0.0 0.0 0.0 0.0 0.118 0.765 0.882 0.782 2.0 0.135 0.041 1.000
0.0 0.0 0.0 1.0 0.0 0.0 0.0 0.0 0.0 0.0 0.088 0.794 0.912 0.812 2.0 0.115 0.027 1.000
0.0 0.0 0.0 1.0 0.0 0.0 0.0 0.0 0.0 0.0 0.088 0.794 0.912 0.812 2.0 0.173 0.027 1.000
0.0 0.0 0.0 1.0 0.0 0.0 0.0 0.0 0.0 0.0 0.176 0.706 0.824 0.723 2.0 0.154 0.081 1.000
0.0 0.0 0.0 1.0 0.0 0.0 0.0 0.0 0.0 0.0 0.118 0.765 0.882 0.782 2.0 0.192 0.054 1.000
0.0 0.0 0.0 1.0 0.0 0.0 0.0 0.0 0.0 0.0 0.118 0.765 0.882 0.782 2.0 0.192 0.054 1.000
0.0 0.0 0.0 1.0 0.0 0.0 0.0 0.0 0.0 0.0 0.118 0.765 0.882 0.782 2.0 0.192 0.054 1.000
0.0 0.0 0.0 1.0 0.0 0.0 0.0 0.0 0.0 0.0 0.118 0.765 0.882 0.782 2.0 0.192 0.054 1.000
0.0 0.0 0.0 1.0 0.0 0.0 0.0 0.0 0.0 0.0 0.147 0.735 0.853 0.753 2.0 0.173 0.068 1.000
0.0 0.0 0.0 1.0 0.0 0.0 0.0 0.0 0.0 0.0 0.118 0.765 0.882 0.782 2.0 0.192 0.054 1.000
0.0 0.0 0.0 1.0 0.0 0.0 0.0 0.0 0.0 0.0 0.147 0.735 0.853 0.753 2.0 0.192 0.068 1.000
0.0 0.0 0.0 1.0 0.0 0.0 0.0 0.0 0.0 0.0 0.118 0.765 0.882 0.782 2.0 0.192 0.054 1.000
0.0 0.0 0.0 1.0 0.0 0.0 0.0 0.0 0.0 0.0 0.118 0.765 0.882 0.782 2.0 0.192 0.054 1.000
0.0 0.0 0.0 1.0 0.0 0.0 0.0 0.0 0.0 0.0 0.176 0.706 0.824 0.723 2.0 0.173 0.068 1.000
0.0 0.0 0.0 1.0 0.0 0.0 0.0 0.0 0.0 0.0 0.118 0.765 0.882 0.782 2.0 0.192 0.054 1.000
0.0 0.0 0.0 1.0 0.0 0.0 0.0 0.0 0.0 0.0 0.118 0.765 0.882 0.782 2.0 0.192 0.054 1.000
0.0 0.0 0.0 1.0 0.0 0.0 0.0 0.0 0.0 0.0 0.118 0.765 0.882 0.782 2.0 0.212 0.054 1.000
0.0 0.0 0.0 1.0 0.0 0.0 0.0 0.0 0.0 0.0 0.147 0.735 0.853 0.753 2.0 0.173 0.068 1.000
0.0 0.0 0.0 1.0 0.0 0.0 0.0 0.0 0.0 0.0 0.176 0.706 0.824 0.723 2.0 0.192 0.068 1.000
0.0 0.0 0.0 1.0 0.0 0.0 0.0 0.0 0.0 0.0 0.206 0.676 0.794 0.694 2.0 0.212 0.081 1.000
0.0 0.0 0.0 1.0 0.0 0.0 0.0 0.0 0.0 0.0 0.206 0.676 0.794 0.694 2.0 0.212 0.081 1.000
0.0 0.0 0.0 1.0 0.0 0.0 0.0 0.0 0.0 0.0 0.147 0.735 0.853 0.753 2.0 0.231 0.054 1.000
0.0 0.0 0.0 1.0 0.0 0.0 0.0 0.0 0.0 0.0 0.147 0.735 0.853 0.753 2.0 0.231 0.054 1.000
0.0 0.0 0.0 1.0 0.0 0.0 0.0 0.0 0.0 0.0 0.147 0.735 0.853 0.753 2.0 0.231 0.054 1.000
0.0 0.0 0.0 1.0 0.0 0.0 0.0 0.0 0.0 0.0 0.147 0.735 0.853 0.753 2.0 0.231 0.054 1.000
0.0 0.0 0.0 1.0 0.0 0.0 0.0 0.0 0.0 0.0 0.147 0.735 0.853 0.753 2.0 0.231 0.054 1.000
0.0 0.0 0.0 1.0 0.0 0.0 0.0 0.0 0.0 0.0 0.147 0.735 0.853 0.753 2.0 0.231 0.054 1.000
0.0 0.0 0.0 1.0 0.0 0.0 0.0 0.0 0.0 0.0 0.147 0.735 0.853 0.753 2.0 0.231 0.054 1.000
0.0 0.0 0.0 1.0 0.0 0.0 0.0 0.0 0.0 0.0 0.147 0.735 0.853 0.753 2.0 0.231 0.054 1.000
0.0 0.0 0.0 1.0 0.0 0.0 0.0 0.0 0.0 0.0 0.176 0.706 0.824 0.723 2.0 0.212 0.068 1.000
0.0 0.0 0.0 1.0 0.0 0.0 0.0 0.0 0.0 0.0 0.176 0.706 0.824 0.723 2.0 0.231 0.068 1.000
0.0 0.0 0.0 1.0 0.0 0.0 0.0 0.0 0.0 0.0 0.147 0.735 0.853 0.753 2.0 0.231 0.054 1.000
0.0 0.0 0.0 1.0 0.0 0.0 0.0 0.0 0.0 0.0 0.147 0.735 0.853 0.753 2.0 0.231 0.054 1.000
0.0 0.0 0.0 1.0 0.0 0.0 0.0 0.0 0.0 0.0 0.176 0.706 0.824 0.723 2.0 0.231 0.068 1.000
0.0 0.0 0.0 1.0 0.0 0.0 0.0 0.0 0.0 0.0 0.176 0.706 0.824 0.723 2.0 0.231 0.068 1.000
0.0 0.0 0.0 1.0 0.0 0.0 0.0 0.0 0.0 0.0 0.147 0.735 0.853 0.753 2.0 0.192 0.054 1.000
0.0 0.0 0.0 1.0 0.0 0.0 0.0 0.0 0.0 0.0 0.147 0.735 0.853 0.753 2.0 0.192 0.054 1.000
0.0 0.0 0.0 1.0 0.0 0.0 0.0 0.0 0.0 0.0 0.147 0.735 0.853 0.753 2.0 0.192 0.054 1.000
0.0 0.0 0.0 1.0 0.0 0.0 0.0 0.0 0.0 0.0 0.147 0.735 0.853 0.753 2.0 0.192 0.054 1.000
0.0 0.0 0.0 1.0 0.0 0.0 0.0 0.0 0.0 0.0 0.206 0.676 0.794 0.694 2.0 0.192 0.068 1.000
0.0 0.0 0.0 1.0 0.0 0.0 0.0 0.0 0.0 0.0 0.206 0.676 0.794 0.694 2.0 0.173 0.068 1.000
0.0 0.0 0.0 1.0 0.0 0.0 0.0 0.0 0.0 0.0 0.147 0.735 0.853 0.753 2.0 0.192 0.054 1.000
0.0 0.0 0.0 1.0 0.0 0.0 0.0 0.0 0.0 0.0 0.147 0.735 0.853 0.753 2.0 0.192 0.054 1.000
0.0 0.0 0.0 1.0 0.0 0.0 0.0 0.0 0.0 0.0 0.147 0.735 0.853 0.753 2.0 0.192 0.054 1.000
0.0 0.0 0.0 1.0 0.0 0.0 0.0 0.0 0.0 0.0 0.147 0.735 0.853 0.753 2.0 0.192 0.054 1.000
0.0 0.0 0.0 1.0 0.0 0.0 0.0 0.0 0.0 0.0 0.147 0.735 0.853 0.753 2.0 0.212 0.054 1.000
0.0 1.0 0.0 0.0 0.0 0.0 0.0 0.0 0.0 0.0 0.176 0.706 0.824 0.723 2.0 0.154 0.068 1.000
0.0 0.0 0.0 1.0 0.0 0.0 0.0 0.0 0.0 0.0 0.147 0.735 0.853 0.753 2.0 0.173 0.054 1.000
0.0 0.0 0.0 1.0 0.0 0.0 0.0 0.0 0.0 0.0 0.176 0.706 0.824 0.723 2.0 0.192 0.068 1.000
0.0 0.0 0.0 1.0 0.0 0.0 0.0 0.0 0.0 0.0 0.176 0.706 0.824 0.723 2.0 0.173 0.068 1.000
0.0 1.0 0.0 0.0 0.0 0.0 0.0 0.0 0.0 0.0 0.235 0.647 0.765 0.665 2.0 0.154 0.081 1.000
0.0 0.0 0.0 1.0 0.0 0.0 0.0 0.0 0.0 0.0 0.206 0.676 0.794 0.694 2.0 0.154 0.068 1.000
0.0 0.0 0.0 1.0 0.0 0.0 0.0 0.0 0.0 0.0 0.206 0.676 0.794 0.694 2.0 0.212 0.068 1.000
0.0 0.0 0.0 1.0 0.0 0.0 0.0 0.0 0.0 0.0 0.235 0.647 0.765 0.665 2.0 0.327 0.081 1.000
0.0 0.0 0.0 1.0 0.0 0.0 0.0 0.0 0.0 0.0 0.176 0.706 0.824 0.723 2.0 0.308 0.054 1.000
0.0 0.0 0.0 1.0 0.0 0.0 0.0 0.0 0.0 0.0 0.176 0.706 0.824 0.723 2.0 0.327 0.054 1.000
0.0 0.0 0.0 1.0 0.0 0.0 0.0 0.0 0.0 0.0 0.176 0.706 0.824 0.723 2.0 0.308 0.054 1.000
0.0 0.0 0.0 1.0 0.0 0.0 0.0 0.0 0.0 0.0 0.176 0.706 0.824 0.723 2.0 0.308 0.054 1.000
0.0 0.0 0.0 1.0 0.0 0.0 0.0 0.0 0.0 0.0 0.206 0.676 0.794 0.694 2.0 0.308 0.068 1.000
0.0 0.0 0.0 1.0 0.0 0.0 0.0 0.0 0.0 0.0 0.176 0.706 0.824 0.723 2.0 0.308 0.054 1.000
0.0 0.0 0.0 1.0 0.0 0.0 0.0 0.0 0.0 0.0 0.206 0.676 0.794 0.694 2.0 0.308 0.068 1.000
0.0 0.0 0.0 1.0 0.0 0.0 0.0 0.0 0.0 0.0 0.176 0.706 0.824 0.723 2.0 0.212 0.054 1.000
0.0 0.0 0.0 1.0 0.0 0.0 0.0 0.0 0.0 0.0 0.176 0.706 0.824 0.723 2.0 0.231 0.054 1.000
0.0 0.0 0.0 1.0 0.0 0.0 0.0 0.0 0.0 0.0 0.235 0.647 0.765 0.665 2.0 0.212 0.068 1.000
0.0 0.0 0.0 1.0 0.0 0.0 0.0 0.0 0.0 0.0 0.176 0.706 0.824 0.723 2.0 0.212 0.054 1.000
0.0 0.0 0.0 1.0 0.0 0.0 0.0 0.0 0.0 0.0 0.176 0.706 0.824 0.723 2.0 0.212 0.054 1.000
0.0 0.0 0.0 1.0 0.0 0.0 0.0 0.0 0.0 0.0 0.206 0.676 0.794 0.694 2.0 0.212 0.068 1.000
0.0 0.0 0.0 1.0 0.0 0.0 0.0 0.0 0.0 0.0 0.206 0.676 0.794 0.694 2.0 0.212 0.068 1.000
0.0 0.0 0.0 1.0 0.0 0.0 0.0 0.0 0.0 0.0 0.265 0.618 0.735 0.635 2.0 0.212 0.081 1.000
0.0 0.0 0.0 1.0 0.0 0.0 0.0 0.0 0.0 0.0 0.265 0.618 0.735 0.635 2.0 0.269 0.135 1.000
0.0 0.0 0.0 1.0 0.0 0.0 0.0 0.0 0.0 0.0 0.206 0.676 0.794 0.694 2.0 0.269 0.108 1.000
0.0 1.0 0.0 0.0 0.0 0.0 0.0 0.0 0.0 0.0 0.324 0.559 0.676 0.576 1.0 0.154 0.149 1.000
0.0 1.0 0.0 0.0 0.0 0.0 0.0 0.0 0.0 0.0 0.294 0.588 0.706 0.606 2.0 0.135 0.149 1.000
0.0 0.0 0.0 1.0 0.0 0.0 0.0 0.0 0.0 0.0 0.265 0.618 0.735 0.635 2.0 0.288 0.135 1.000
0.0 0.0 0.0 1.0 0.0 0.0 0.0 0.0 0.0 0.0 0.206 0.676 0.794 0.694 2.0 0.269 0.108 1.000
0.0 0.0 0.0 1.0 0.0 0.0 0.0 0.0 0.0 0.0 0.235 0.647 0.765 0.665 2.0 0.269 0.122 1.000
0.0 0.0 0.0 1.0 0.0 0.0 0.0 0.0 0.0 0.0 0.235 0.647 0.765 0.665 2.0 0.269 0.122 1.000
0.0 0.0 0.0 1.0 0.0 0.0 0.0 0.0 0.0 0.0 0.206 0.676 0.794 0.694 2.0 0.269 0.108 1.000
0.0 0.0 0.0 1.0 0.0 0.0 0.0 0.0 0.0 0.0 0.235 0.647 0.765 0.665 2.0 0.288 0.135 1.000
0.0 0.0 0.0 1.0 0.0 0.0 0.0 0.0 0.0 0.0 0.294 0.588 0.706 0.606 2.0 0.231 0.135 1.000
0.0 0.0 0.0 1.0 0.0 0.0 0.0 0.0 0.0 0.0 0.294 0.588 0.706 0.606 2.0 0.231 0.135 1.000
0.0 0.0 0.0 1.0 0.0 0.0 0.0 0.0 0.0 0.0 0.235 0.647 0.765 0.665 2.0 0.231 0.108 1.000
0.0 0.0 0.0 1.0 0.0 0.0 0.0 0.0 0.0 0.0 0.235 0.647 0.765 0.665 2.0 0.231 0.108 1.000
0.0 0.0 0.0 1.0 0.0 0.0 0.0 0.0 0.0 0.0 0.353 0.529 0.647 0.547 2.0 0.250 0.149 1.000
0.0 0.0 0.0 1.0 0.0 0.0 0.0 0.0 0.0 0.0 0.353 0.529 0.647 0.547 2.0 0.250 0.149 1.000
0.0 0.0 0.0 1.0 0.0 0.0 0.0 0.0 0.0 0.0 0.235 0.647 0.765 0.665 2.0 0.231 0.108 1.000
0.0 0.0 0.0 1.0 0.0 0.0 0.0 0.0 0.0 0.0 0.235 0.647 0.765 0.665 2.0 0.231 0.108 1.000
0.0 0.0 0.0 1.0 0.0 0.0 0.0 0.0 0.0 0.0 0.265 0.618 0.735 0.635 2.0 0.231 0.122 1.000
0.0 0.0 0.0 1.0 0.0 0.0 0.0 0.0 0.0 0.0 0.265 0.618 0.735 0.635 2.0 0.231 0.122 1.000
0.0 0.0 0.0 1.0 0.0 0.0 0.0 0.0 0.0 0.0 0.265 0.618 0.735 0.635 2.0 0.231 0.122 1.000
0.0 0.0 0.0 1.0 0.0 0.0 0.0 0.0 0.0 0.0 0.265 0.618 0.735 0.635 2.0 0.231 0.122 1.000
0.0 0.0 0.0 1.0 0.0 0.0 0.0 0.0 0.0 0.0 0.235 0.647 0.765 0.665 2.0 0.231 0.108 1.000
0.0 0.0 0.0 1.0 0.0 0.0 0.0 0.0 0.0 0.0 0.235 0.647 0.765 0.665 2.0 0.231 0.108 1.000
0.0 1.0 0.0 0.0 0.0 0.0 0.0 0.0 0.0 0.0 0.324 0.559 0.676 0.576 1.0 0.135 0.149 1.000
0.0 1.0 0.0 0.0 0.0 0.0 0.0 0.0 0.0 0.0 0.294 0.588 0.706 0.606 2.0 0.115 0.149 1.000
0.0 0.0 0.0 1.0 0.0 0.0 0.0 0.0 0.0 0.0 0.265 0.618 0.735 0.635 2.0 0.212 0.135 1.000
0.0 1.0 0.0 0.0 0.0 0.0 0.0 0.0 0.0 0.0 0.324 0.559 0.676 0.576 1.0 0.135 0.149 1.000
0.0 1.0 0.0 0.0 0.0 0.0 0.0 0.0 0.0 0.0 0.294 0.588 0.706 0.606 2.0 0.115 0.149 1.000
0.0 0.0 0.0 1.0 0.0 0.0 0.0 0.0 0.0 0.0 0.265 0.618 0.735 0.635 2.0 0.212 0.135 1.000
0.0 0.0 0.0 1.0 0.0 0.0 0.0 0.0 0.0 0.0 0.324 0.559 0.676 0.576 2.0 0.212 0.135 1.000
0.0 0.0 0.0 1.0 0.0 0.0 0.0 0.0 0.0 0.0 0.265 0.618 0.735 0.635 2.0 0.212 0.108 1.000
0.0 0.0 0.0 1.0 0.0 0.0 0.0 0.0 0.0 0.0 0.382 0.500 0.618 0.517 2.0 0.212 0.149 1.000
0.0 0.0 0.0 1.0 0.0 0.0 0.0 0.0 0.0 0.0 0.265 0.618 0.735 0.635 2.0 0.231 0.108 1.000
0.0 0.0 0.0 1.0 0.0 0.0 0.0 0.0 0.0 0.0 0.294 0.588 0.706 0.606 2.0 0.212 0.122 1.000
0.0 0.0 0.0 1.0 0.0 0.0 0.0 0.0 0.0 0.0 0.294 0.588 0.706 0.606 2.0 0.212 0.122 1.000
0.0 0.0 0.0 1.0 0.0 0.0 0.0 0.0 0.0 0.0 0.265 0.618 0.735 0.635 2.0 0.212 0.108 1.000
0.0 0.0 0.0 1.0 0.0 0.0 0.0 0.0 0.0 0.0 0.353 0.529 0.647 0.547 2.0 0.192 0.162 1.000
0.0 0.0 0.0 1.0 0.0 0.0 0.0 0.0 0.0 0.0 0.324 0.559 0.676 0.576 2.0 0.154 0.149 1.000
0.0 0.0 0.0 1.0 0.0 0.0 0.0 0.0 0.0 0.0 0.324 0.559 0.676 0.576 2.0 0.154 0.149 1.000
0.0 0.0 0.0 1.0 0.0 0.0 0.0 0.0 0.0 0.0 0.294 0.588 0.706 0.606 2.0 0.173 0.135 1.000
0.0 0.0 0.0 1.0 0.0 0.0 0.0 0.0 0.0 0.0 0.382 0.500 0.618 0.517 2.0 0.154 0.189 1.000
0.0 0.0 0.0 1.0 0.0 0.0 0.0 0.0 0.0 0.0 0.353 0.529 0.647 0.547 2.0 0.154 0.162 1.000
0.0 0.0 0.0 1.0 0.0 0.0 0.0 0.0 0.0 0.0 0.294 0.588 0.706 0.606 2.0 0.154 0.135 1.000
0.0 0.0 0.0 1.0 0.0 0.0 0.0 0.0 0.0 0.0 0.412 0.471 0.588 0.488 2.0 0.154 0.176 1.000
0.0 1.0 0.0 0.0 0.0 0.0 0.0 0.0 0.0 0.0 0.353 0.529 0.647 0.547 1.0 0.173 0.149 1.000
0.0 1.0 0.0 0.0 0.0 0.0 0.0 0.0 0.0 0.0 0.324 0.559 0.676 0.576 2.0 0.135 0.149 1.000
0.0 0.0 0.0 1.0 0.0 0.0 0.0 0.0 0.0 0.0 0.294 0.588 0.706 0.606 2.0 0.173 0.135 1.000
0.0 0.0 0.0 1.0 0.0 0.0 0.0 0.0 0.0 0.0 0.353 0.529 0.647 0.547 2.0 0.154 0.149 1.000
0.0 0.0 0.0 1.0 0.0 0.0 0.0 0.0 0.0 0.0 0.353 0.529 0.647 0.547 2.0 0.192 0.149 1.000
0.0 0.0 0.0 1.0 0.0 0.0 0.0 0.0 0.0 0.0 0.353 0.529 0.647 0.547 2.0 0.154 0.149 1.000
0.0 0.0 0.0 1.0 0.0 0.0 0.0 0.0 0.0 0.0 0.353 0.529 0.647 0.547 2.0 0.192 0.149 1.000
0.0 1.0 0.0 0.0 0.0 0.0 0.0 0.0 0.0 0.0 0.353 0.529 0.647 0.547 2.0 0.154 0.149 1.000
0.0 0.0 0.0 1.0 0.0 0.0 0.0 0.0 0.0 0.0 0.324 0.559 0.676 0.576 2.0 0.135 0.135 1.000
0.0 0.0 0.0 1.0 0.0 0.0 0.0 0.0 0.0 0.0 0.324 0.559 0.676 0.576 2.0 0.212 0.135 1.000
0.0 0.0 0.0 1.0 0.0 0.0 0.0 0.0 0.0 0.0 0.412 0.471 0.588 0.488 2.0 0.135 0.189 1.000
0.0 0.0 0.0 1.0 0.0 0.0 0.0 0.0 0.0 0.0 0.412 0.471 0.588 0.488 2.0 0.173 0.189 1.000
0.0 0.0 0.0 1.0 0.0 0.0 0.0 0.0 0.0 0.0 0.382 0.500 0.618 0.517 2.0 0.154 0.162 1.000
0.0 0.0 0.0 1.0 0.0 0.0 0.0 0.0 0.0 0.0 0.382 0.500 0.618 0.517 2.0 0.192 0.162 1.000
0.0 0.0 0.0 1.0 0.0 0.0 0.0 0.0 0.0 0.0 0.324 0.559 0.676 0.576 2.0 0.154 0.135 1.000
0.0 0.0 0.0 1.0 0.0 0.0 0.0 0.0 0.0 0.0 0.324 0.559 0.676 0.576 2.0 0.192 0.135 1.000
0.0 0.0 0.0 1.0 0.0 0.0 0.0 0.0 0.0 0.0 0.441 0.441 0.559 0.459 2.0 0.154 0.176 1.000
0.0 0.0 0.0 1.0 0.0 0.0 0.0 0.0 0.0 0.0 0.441 0.441 0.559 0.459 2.0 0.192 0.176 1.000
0.0 1.0 0.0 0.0 0.0 0.0 0.0 0.0 0.0 0.0 0.441 0.441 0.559 0.459 1.0 0.135 0.162 1.000
0.0 1.0 0.0 0.0 0.0 0.0 0.0 0.0 0.0 0.0 0.412 0.471 0.588 0.488 2.0 0.115 0.162 1.000
0.0 0.0 0.0 1.0 0.0 0.0 0.0 0.0 0.0 0.0 0.382 0.500 0.618 0.517 2.0 0.154 0.149 1.000
0.0 0.0 0.0 1.0 0.0 0.0 0.0 0.0 0.0 0.0 0.382 0.500 0.618 0.517 2.0 0.231 0.149 1.000
0.0 0.0 0.0 1.0 0.0 0.0 0.0 0.0 0.0 0.0 0.382 0.500 0.618 0.517 2.0 0.212 0.149 1.000
0.0 0.0 0.0 1.0 0.0 0.0 0.0 0.0 0.0 0.0 0.382 0.500 0.618 0.517 2.0 0.231 0.149 1.000
0.0 0.0 0.0 1.0 0.0 0.0 0.0 0.0 0.0 0.0 0.382 0.500 0.618 0.517 2.0 0.212 0.149 1.000
0.0 1.0 0.0 0.0 0.0 0.0 0.0 0.0 0.0 0.0 0.500 0.382 0.500 0.400 1.0 0.154 0.203 1.000
0.0 1.0 0.0 0.0 0.0 0.0 0.0 0.0 0.0 0.0 0.471 0.412 0.529 0.429 2.0 0.135 0.203 1.000
0.0 0.0 0.0 1.0 0.0 0.0 0.0 0.0 0.0 0.0 0.441 0.441 0.559 0.459 2.0 0.154 0.189 1.000
0.0 0.0 0.0 1.0 0.0 0.0 0.0 0.0 0.0 0.0 0.412 0.471 0.588 0.488 2.0 0.212 0.162 1.000
0.0 0.0 0.0 1.0 0.0 0.0 0.0 0.0 0.0 0.0 0.353 0.529 0.647 0.547 2.0 0.212 0.135 1.000
0.0 0.0 0.0 1.0 0.0 0.0 0.0 0.0 0.0 0.0 0.471 0.412 0.529 0.429 2.0 0.212 0.176 1.000
0.0 0.0 0.0 1.0 0.0 0.0 0.0 0.0 0.0 0.0 0.471 0.412 0.529 0.429 2.0 0.212 0.162 1.000
0.0 0.0 0.0 1.0 0.0 0.0 0.0 0.0 0.0 0.0 0.412 0.471 0.588 0.488 2.0 0.192 0.203 1.000
0.0 1.0 0.0 0.0 0.0 0.0 0.0 0.0 0.0 0.0 0.471 0.412 0.529 0.429 1.0 0.154 0.216 1.000
0.0 1.0 0.0 0.0 0.0 0.0 0.0 0.0 0.0 0.0 0.441 0.441 0.559 0.459 2.0 0.135 0.216 1.000
0.0 0.0 0.0 1.0 0.0 0.0 0.0 0.0 0.0 0.0 0.412 0.471 0.588 0.488 2.0 0.212 0.203 1.000
0.0 0.0 0.0 1.0 0.0 0.0 0.0 0.0 0.0 0.0 0.412 0.471 0.588 0.488 2.0 0.192 0.216 1.000
0.0 0.0 0.0 1.0 0.0 0.0 0.0 0.0 0.0 0.0 0.529 0.353 0.471 0.370 2.0 0.173 0.257 1.000
0.0 0.0 0.0 1.0 0.0 0.0 0.0 0.0 0.0 0.0 0.441 0.441 0.559 0.459 2.0 0.192 0.216 1.000
0.0 0.0 0.0 1.0 0.0 0.0 0.0 0.0 0.0 0.0 0.382 0.500 0.618 0.517 2.0 0.192 0.203 1.000
0.0 0.0 0.0 1.0 0.0 0.0 0.0 0.0 0.0 0.0 0.500 0.382 0.500 0.400 2.0 0.212 0.243 1.000
0.0 0.0 0.0 1.0 0.0 0.0 0.0 0.0 0.0 0.0 0.500 0.382 0.500 0.400 2.0 0.192 0.243 1.000
0.0 0.0 0.0 1.0 0.0 0.0 0.0 0.0 0.0 0.0 0.441 0.441 0.559 0.459 2.0 0.385 0.203 1.000
0.0 0.0 0.0 1.0 0.0 0.0 0.0 0.0 0.0 0.0 0.441 0.441 0.559 0.459 2.0 0.385 0.203 1.000
0.0 0.0 0.0 1.0 0.0 0.0 0.0 0.0 0.0 0.0 0.500 0.382 0.500 0.400 2.0 0.404 0.216 1.000
0.0 0.0 0.0 1.0 0.0 0.0 0.0 0.0 0.0 0.0 0.500 0.382 0.500 0.400 2.0 0.404 0.216 1.000
0.0 0.0 0.0 1.0 0.0 0.0 0.0 0.0 0.0 0.0 0.441 0.441 0.559 0.459 2.0 0.385 0.216 1.000
0.0 0.0 0.0 1.0 0.0 0.0 0.0 0.0 0.0 0.0 0.441 0.441 0.559 0.459 2.0 0.385 0.216 1.000
0.0 0.0 0.0 1.0 0.0 0.0 0.0 0.0 0.0 0.0 0.559 0.324 0.441 0.341 2.0 0.385 0.257 1.000
0.0 0.0 0.0 1.0 0.0 0.0 0.0 0.0 0.0 0.0 0.559 0.324 0.441 0.341 2.0 0.365 0.257 1.000
0.0 0.0 0.0 1.0 0.0 0.0 0.0 0.0 0.0 0.0 0.471 0.412 0.529 0.429 2.0 0.385 0.216 1.000
0.0 0.0 0.0 1.0 0.0 0.0 0.0 0.0 0.0 0.0 0.471 0.412 0.529 0.429 2.0 0.385 0.216 1.000
0.0 0.0 0.0 1.0 0.0 0.0 0.0 0.0 0.0 0.0 0.412 0.471 0.588 0.488 2.0 0.173 0.203 1.000
0.0 0.0 0.0 1.0 0.0 0.0 0.0 0.0 0.0 0.0 0.412 0.471 0.588 0.488 2.0 0.173 0.203 1.000
0.0 1.0 0.0 0.0 0.0 0.0 0.0 0.0 0.0 0.0 0.588 0.294 0.412 0.312 1.0 0.327 0.257 1.000
0.0 1.0 0.0 0.0 0.0 0.0 0.0 0.0 0.0 0.0 0.559 0.324 0.441 0.341 2.0 0.115 0.257 1.000
0.0 0.0 0.0 1.0 0.0 0.0 0.0 0.0 0.0 0.0 0.529 0.353 0.471 0.370 2.0 0.173 0.243 1.000
0.0 0.0 0.0 1.0 0.0 0.0 0.0 0.0 0.0 0.0 0.529 0.353 0.471 0.370 2.0 0.404 0.243 1.000
0.0 0.0 0.0 1.0 0.0 0.0 0.0 0.0 0.0 0.0 0.529 0.353 0.471 0.370 2.0 0.385 0.243 1.000
0.0 0.0 0.0 1.0 0.0 0.0 0.0 0.0 0.0 0.0 0.529 0.353 0.471 0.370 2.0 0.385 0.243 1.000
0.0 0.0 0.0 1.0 0.0 0.0 0.0 0.0 0.0 0.0 0.471 0.412 0.529 0.429 2.0 0.827 0.203 1.000
0.0 0.0 0.0 1.0 0.0 0.0 0.0 0.0 0.0 0.0 0.529 0.353 0.471 0.370 2.0 0.827 0.216 1.000
0.0 0.0 0.0 1.0 0.0 0.0 0.0 0.0 0.0 0.0 0.471 0.412 0.529 0.429 2.0 1.000 0.216 1.000
0.0 0.0 0.0 1.0 0.0 0.0 0.0 0.0 0.0 0.0 0.588 0.294 0.412 0.312 2.0 1.000 0.257 1.000
0.0 1.0 0.0 0.0 0.0 0.0 0.0 0.0 0.0 0.0 0.471 0.412 0.529 0.429 2.0 0.788 0.216 1.000
0.0 0.0 0.0 1.0 0.0 0.0 0.0 0.0 0.0 0.0 0.441 0.441 0.559 0.459 2.0 0.365 0.203 1.000
0.0 0.0 0.0 1.0 0.0 0.0 0.0 0.0 0.0 0.0 0.559 0.324 0.441 0.341 2.0 1.000 0.243 1.000
0.0 0.0 0.0 1.0 0.0 0.0 0.0 0.0 0.0 0.0 0.618 0.265 0.382 0.282 2.0 0.981 0.257 1.000
0.0 0.0 0.0 1.0 0.0 0.0 0.0 0.0 0.0 0.0 0.500 0.382 0.500 0.400 2.0 0.827 0.216 1.000
0.0 1.0 0.0 0.0 0.0 0.0 0.0 0.0 0.0 0.0 0.500 0.382 0.500 0.412 2.0 0.385 0.216 0.500
0.0 1.0 0.0 0.0 0.0 0.0 0.0 0.0 0.0 0.0 0.559 0.324 0.441 0.353 2.0 0.327 0.230 0.500
0.0 1.0 0.0 0.0 0.0 0.0 0.0 0.0 0.0 0.0 0.588 0.294 0.412 0.324 1.0 0.154 0.230 0.500
0.0 1.0 0.0 0.0 0.0 0.0 0.0 0.0 0.0 0.0 0.500 0.382 0.500 0.412 2.0 0.385 0.230 0.500
0.0 1.0 0.0 0.0 0.0 0.0 0.0 0.0 0.0 0.0 0.500 0.382 0.500 0.412 1.0 0.385 0.203 0.500
0.0 1.0 0.0 0.0 0.0 0.0 0.0 0.0 0.0 0.0 0.559 0.324 0.441 0.353 1.0 0.385 0.216 0.500
0.0 1.0 0.0 0.0 0.0 0.0 0.0 0.0 0.0 0.0 0.618 0.265 0.382 0.294 2.0 0.385 0.270 0.500
0.0 1.0 0.0 0.0 0.0 0.0 0.0 0.0 0.0 0.0 0.500 0.382 0.500 0.412 2.0 0.385 0.216 0.500
0.0 1.0 0.0 0.0 0.0 0.0 0.0 0.0 0.0 0.0 0.500 0.382 0.500 0.412 2.0 0.385 0.230 0.500
0.0 1.0 0.0 0.0 0.0 0.0 0.0 0.0 0.0 0.0 0.618 0.265 0.382 0.294 2.0 0.327 0.270 0.500
0.0 1.0 0.0 0.0 0.0 0.0 0.0 0.0 0.0 0.0 0.647 0.235 0.353 0.265 1.0 0.154 0.270 0.500
0.0 1.0 0.0 0.0 0.0 0.0 0.0 0.0 0.0 0.0 0.559 0.324 0.441 0.353 2.0 0.385 0.230 0.500
0.0 1.0 0.0 0.0 0.0 0.0 0.0 0.0 0.0 0.0 0.500 0.382 0.500 0.412 2.0 0.385 0.230 0.500
0.0 1.0 0.0 0.0 0.0 0.0 0.0 0.0 0.0 0.0 0.618 0.265 0.382 0.294 2.0 0.385 0.270 0.500
0.0 1.0 0.0 0.0 0.0 0.0 0.0 0.0 0.0 0.0 0.500 0.382 0.441 0.397 1.0 0.327 0.216 0.125
0.0 1.0 0.0 0.0 0.0 0.0 0.0 0.0 0.0 0.0 0.588 0.294 0.353 0.309 2.0 0.442 0.257 0.125
0.0 1.0 0.0 0.0 0.0 0.0 0.0 0.0 0.0 0.0 0.500 0.382 0.471 0.412 2.0 0.308 0.230 0.125
0.0 1.0 0.0 0.0 0.0 0.0 0.0 0.0 0.0 0.0 0.529 0.353 0.441 0.382 1.0 0.115 0.230 0.125
0.0 1.0 0.0 0.0 0.0 0.0 0.0 0.0 0.0 0.0 0.647 0.235 0.324 0.265 1.0 0.442 0.257 0.125
0.0 1.0 0.0 0.0 0.0 0.0 0.0 0.0 0.0 0.0 0.529 0.353 0.471 0.426 2.0 0.346 0.230 0.125
0.0 1.0 0.0 0.0 0.0 0.0 0.0 0.0 0.0 0.0 0.588 0.294 0.412 0.368 2.0 0.442 0.257 0.125
0.0 1.0 0.0 0.0 0.0 0.0 0.0 0.0 0.0 0.0 0.529 0.353 0.353 0.353 2.0 0.346 0.230 0.125
0.0 1.0 0.0 0.0 0.0 0.0 0.0 0.0 0.0 0.0 0.647 0.235 0.235 0.235 2.0 0.442 0.270 0.125
0.0 1.0 0.0 0.0 0.0 0.0 0.0 0.0 0.0 0.0 0.529 0.353 0.412 0.358 2.0 0.385 0.230 0.500
0.0 1.0 0.0 0.0 0.0 0.0 0.0 0.0 0.0 0.0 0.500 0.382 0.441 0.388 2.0 0.365 0.230 0.500
0.0 1.0 0.0 0.0 0.0 0.0 0.0 0.0 0.0 0.0 0.647 0.235 0.294 0.241 2.0 0.385 0.270 0.500
0.0 1.0 0.0 0.0 0.0 0.0 0.0 0.0 0.0 0.0 0.529 0.353 0.412 0.358 2.0 0.385 0.230 0.500
0.0 1.0 0.0 0.0 0.0 0.0 0.0 0.0 0.0 0.0 0.500 0.382 0.441 0.388 1.0 0.365 0.216 0.500
0.0 1.0 0.0 0.0 0.0 0.0 0.0 0.0 0.0 0.0 0.588 0.294 0.353 0.300 2.0 0.327 0.257 0.500
0.0 1.0 0.0 0.0 0.0 0.0 0.0 0.0 0.0 0.0 0.618 0.265 0.324 0.270 1.0 0.154 0.257 0.500
0.0 1.0 0.0 0.0 0.0 0.0 0.0 0.0 0.0 0.0 0.529 0.353 0.412 0.358 1.0 0.385 0.216 0.500
0.0 1.0 0.0 0.0 0.0 0.0 0.0 0.0 0.0 0.0 0.647 0.235 0.294 0.241 1.0 0.385 0.257 0.500
0.0 1.0 0.0 0.0 0.0 0.0 0.0 0.0 0.0 0.0 0.588 0.294 0.353 0.300 2.0 0.385 0.257 0.500
0.0 1.0 0.0 0.0 0.0 0.0 0.0 0.0 0.0 0.0 0.500 0.382 0.441 0.388 2.0 0.365 0.230 0.500
0.0 1.0 0.0 0.0 0.0 0.0 0.0 0.0 0.0 0.0 0.647 0.235 0.294 0.241 2.0 0.385 0.270 0.500
0.0 1.0 0.0 0.0 0.0 0.0 0.0 0.0 0.0 0.0 0.588 0.294 0.353 0.300 2.0 0.385 0.257 0.500
0.0 1.0 0.0 0.0 0.0 0.0 0.0 0.0 0.0 0.0 0.559 0.324 0.324 0.324 2.0 0.346 0.230 0.125
0.0 1.0 0.0 0.0 0.0 0.0 0.0 0.0 0.0 0.0 0.618 0.265 0.265 0.265 2.0 0.327 0.270 0.125
0.0 1.0 0.0 0.0 0.0 0.0 0.0 0.0 0.0 0.0 0.647 0.235 0.235 0.235 1.0 0.212 0.270 0.125
0.0 1.0 0.0 0.0 0.0 0.0 0.0 0.0 0.0 0.0 0.559 0.324 0.382 0.346 2.0 0.327 0.230 0.125
0.0 1.0 0.0 0.0 0.0 0.0 0.0 0.0 0.0 0.0 0.588 0.294 0.353 0.316 1.0 0.115 0.230 0.125
0.0 1.0 0.0 0.0 0.0 0.0 0.0 0.0 0.0 0.0 0.500 0.382 0.441 0.404 2.0 0.327 0.230 0.125
0.0 1.0 0.0 0.0 0.0 0.0 0.0 0.0 0.0 0.0 0.529 0.353 0.412 0.375 1.0 0.212 0.230 0.125
0.0 1.0 0.0 0.0 0.0 0.0 0.0 0.0 0.0 0.0 0.500 0.382 0.382 0.382 2.0 0.327 0.216 0.125
0.0 1.0 0.0 0.0 0.0 0.0 0.0 0.0 0.0 0.0 0.529 0.353 0.353 0.353 1.0 0.115 0.216 0.125
0.0 1.0 0.0 0.0 0.0 0.0 0.0 0.0 0.0 0.0 0.618 0.265 0.265 0.265 1.0 0.442 0.257 0.125
0.0 1.0 0.0 0.0 0.0 0.0 0.0 0.0 0.0 0.0 0.500 0.382 0.382 0.382 2.0 0.346 0.216 0.125
0.0 1.0 0.0 0.0 0.0 0.0 0.0 0.0 0.0 0.0 0.500 0.382 0.382 0.382 2.0 0.442 0.230 0.125
0.0 0.0 1.0 0.0 0.0 0.0 0.0 0.0 0.0 0.0 0.618 0.265 0.382 0.294 4.0 0.558 0.649 0.500
0.0 0.0 1.0 0.0 0.0 0.0 0.0 0.0 0.0 0.0 0.647 0.235 0.353 0.265 4.0 0.558 0.622 0.500
0.0 0.0 1.0 0.0 0.0 0.0 0.0 0.0 0.0 0.0 0.676 0.206 0.324 0.235 4.0 0.558 0.649 0.500
0.0 0.0 1.0 0.0 0.0 0.0 0.0 0.0 0.0 0.0 0.647 0.235 0.353 0.265 4.0 0.558 0.649 0.500
0.0 0.0 1.0 0.0 0.0 0.0 0.0 0.0 0.0 0.0 0.676 0.206 0.265 0.211 4.0 0.558 0.689 0.500
0.0 0.0 1.0 0.0 0.0 0.0 0.0 0.0 0.0 0.0 0.647 0.235 0.294 0.241 4.0 0.558 0.676 0.500
0.0 0.0 1.0 0.0 0.0 0.0 0.0 0.0 0.0 0.0 0.676 0.206 0.265 0.211 4.0 0.538 0.662 0.500
0.0 0.0 1.0 0.0 0.0 0.0 0.0 0.0 0.0 0.0 0.676 0.206 0.265 0.211 4.0 0.558 0.689 0.500
0.0 0.0 0.0 0.0 1.0 0.0 0.0 0.0 0.0 0.0 0.706 0.176 0.294 0.206 4.0 0.981 0.743 0.500
0.0 0.0 0.0 0.0 1.0 0.0 0.0 0.0 0.0 0.0 0.706 0.176 0.235 0.182 4.0 0.981 0.770 0.500
0.0 0.0 1.0 0.0 0.0 0.0 0.0 0.0 0.0 0.0 0.735 0.147 0.206 0.162 4.0 0.827 0.959 0.125
0.0 0.0 1.0 0.0 0.0 0.0 0.0 0.0 0.0 0.0 0.529 0.353 0.412 0.368 2.0 0.481 0.419 0.125
0.0 0.0 1.0 0.0 0.0 0.0 0.0 0.0 0.0 0.0 0.735 0.147 0.235 0.176 4.0 0.827 0.959 0.125
0.0 0.0 1.0 0.0 0.0 0.0 0.0 0.0 0.0 0.0 0.559 0.324 0.412 0.353 2.0 0.481 0.432 0.125
0.0 0.0 1.0 0.0 0.0 0.0 0.0 0.0 0.0 0.0 0.735 0.147 0.265 0.221 4.0 0.827 0.973 0.125
0.0 0.0 1.0 0.0 0.0 0.0 0.0 0.0 0.0 0.0 0.559 0.324 0.441 0.397 2.0 0.462 0.432 0.125
0.0 0.0 1.0 0.0 0.0 0.0 0.0 0.0 0.0 0.0 0.735 0.147 0.147 0.147 4.0 0.808 0.986 0.125
0.0 1.0 0.0 0.0 0.0 0.0 0.0 0.0 0.0 0.0 0.588 0.294 0.294 0.294 2.0 0.231 0.446 0.125
0.0 0.0 1.0 0.0 0.0 0.0 0.0 0.0 0.0 0.0 0.559 0.324 0.324 0.324 2.0 0.346 0.432 0.125
0.0 0.0 1.0 0.0 0.0 0.0 0.0 0.0 0.0 0.0 0.735 0.147 0.147 0.147 4.0 0.808 0.973 0.125
0.0 1.0 0.0 0.0 0.0 0.0 0.0 0.0 0.0 0.0 0.647 0.235 0.235 0.235 1.0 0.212 0.432 0.125
0.0 1.0 0.0 0.0 0.0 0.0 0.0 0.0 0.0 0.0 0.618 0.265 0.265 0.265 2.0 0.115 0.432 0.125
0.0 0.0 1.0 0.0 0.0 0.0 0.0 0.0 0.0 0.0 0.588 0.294 0.294 0.294 2.0 0.365 0.419 0.125
0.0 0.0 1.0 0.0 0.0 0.0 0.0 0.0 0.0 0.0 0.735 0.147 0.206 0.169 4.0 0.808 0.959 0.125
0.0 0.0 1.0 0.0 0.0 0.0 0.0 0.0 0.0 0.0 0.618 0.265 0.324 0.287 2.0 0.481 0.419 0.125
0.0 0.0 1.0 0.0 0.0 0.0 0.0 0.0 0.0 0.0 0.735 0.147 0.147 0.147 4.0 0.827 0.946 0.125
0.0 0.0 1.0 0.0 0.0 0.0 0.0 0.0 0.0 0.0 0.559 0.324 0.324 0.324 2.0 0.481 0.419 0.125
0.0 0.0 1.0 0.0 0.0 0.0 0.0 0.0 0.0 0.0 0.735 0.147 0.147 0.147 4.0 0.827 0.959 0.125
0.0 0.0 1.0 0.0 0.0 0.0 0.0 0.0 0.0 0.0 0.559 0.324 0.324 0.324 2.0 0.481 0.419 0.125
0.0 0.0 1.0 0.0 0.0 0.0 0.0 0.0 0.0 0.0 0.765 0.118 0.118 0.118 2.0 0.519 0.959 0.031
0.0 0.0 1.0 0.0 0.0 0.0 0.0 0.0 0.0 0.0 0.765 0.118 0.118 0.118 2.0 0.519 0.959 0.031
0.0 0.0 1.0 0.0 0.0 0.0 0.0 0.0 0.0 0.0 0.765 0.176 0.176 0.176 2.0 0.538 0.959 0.031
0.0 0.0 1.0 0.0 0.0 0.0 0.0 0.0 0.0 0.0 0.765 0.118 0.118 0.118 2.0 0.519 0.959 0.031
0.0 0.0 1.0 0.0 0.0 0.0 0.0 0.0 0.0 0.0 0.765 0.147 0.147 0.147 2.0 0.519 0.959 0.031
0.0 0.0 1.0 0.0 0.0 0.0 0.0 0.0 0.0 0.0 0.765 0.118 0.118 0.118 2.0 0.519 0.959 0.031
0.0 0.0 1.0 0.0 0.0 0.0 0.0 0.0 0.0 0.0 0.765 0.206 0.206 0.206 2.0 0.519 0.959 0.031
0.0 0.0 1.0 0.0 0.0 0.0 0.0 0.0 0.0 0.0 0.765 0.118 0.118 0.118 2.0 0.519 0.959 0.031
0.0 0.0 1.0 0.0 0.0 0.0 0.0 0.0 0.0 0.0 0.765 0.235 0.235 0.235 2.0 0.519 0.973 0.031
0.0 0.0 1.0 0.0 0.0 0.0 0.0 0.0 0.0 0.0 0.765 0.118 0.118 0.118 2.0 0.519 0.973 0.031
0.0 0.0 1.0 0.0 0.0 0.0 0.0 0.0 0.0 0.0 0.765 0.235 0.235 0.235 2.0 0.519 0.973 0.031
0.0 0.0 1.0 0.0 0.0 0.0 0.0 0.0 0.0 0.0 0.765 0.176 0.176 0.176 2.0 0.519 0.973 0.031
0.0 0.0 1.0 0.0 0.0 0.0 0.0 0.0 0.0 0.0 0.765 0.118 0.118 0.118 2.0 0.519 0.986 0.031
0.0 0.0 1.0 0.0 0.0 0.0 0.0 0.0 0.0 0.0 0.765 0.118 0.118 0.118 2.0 0.519 0.986 0.031
0.0 0.0 1.0 0.0 0.0 0.0 0.0 0.0 0.0 0.0 0.765 0.118 0.118 0.118 2.0 0.519 0.986 0.031
0.0 0.0 1.0 0.0 0.0 0.0 0.0 0.0 0.0 0.0 0.765 0.118 0.118 0.118 2.0 0.519 0.986 0.031
0.0 0.0 1.0 0.0 0.0 0.0 0.0 0.0 0.0 0.0 0.765 0.118 0.118 0.118 2.0 0.519 0.973 0.031
0.0 0.0 1.0 0.0 0.0 0.0 0.0 0.0 0.0 0.0 0.765 0.118 0.118 0.118 2.0 0.500 0.973 0.031
0.0 0.0 1.0 0.0 0.0 0.0 0.0 0.0 0.0 0.0 0.765 0.118 0.118 0.118 2.0 0.519 0.973 0.031
0.0 0.0 1.0 0.0 0.0 0.0 0.0 0.0 0.0 0.0 0.765 0.118 0.118 0.118 2.0 0.519 0.973 0.031
0.0 0.0 1.0 0.0 0.0 0.0 0.0 0.0 0.0 0.0 0.765 0.118 0.118 0.118 2.0 0.519 0.959 0.031
0.0 0.0 1.0 0.0 0.0 0.0 0.0 0.0 0.0 0.0 0.765 0.147 0.147 0.147 2.0 0.500 0.959 0.031
0.0 1.0 0.0 0.0 0.0 0.0 0.0 0.0 0.0 0.0 0.824 0.118 0.118 0.118 1.0 0.135 0.973 0.031
0.0 1.0 0.0 0.0 0.0 0.0 0.0 0.0 0.0 0.0 0.794 0.147 0.147 0.147 2.0 0.135 0.973 0.031
0.0 0.0 1.0 0.0 0.0 0.0 0.0 0.0 0.0 0.0 0.765 0.176 0.176 0.176 2.0 0.481 0.959 0.031
0.0 0.0 1.0 0.0 0.0 0.0 0.0 0.0 0.0 0.0 0.765 0.118 0.118 0.118 2.0 0.519 0.959 0.031
0.0 0.0 1.0 0.0 0.0 0.0 0.0 0.0 0.0 0.0 0.765 0.118 0.118 0.118 2.0 0.519 0.946 0.031
0.0 0.0 1.0 0.0 0.0 0.0 0.0 0.0 0.0 0.0 0.765 0.118 0.118 0.118 2.0 0.500 0.946 0.031
0.0 0.0 1.0 0.0 0.0 0.0 0.0 0.0 0.0 0.0 0.765 0.118 0.118 0.118 2.0 0.519 0.946 0.031
0.0 0.0 1.0 0.0 0.0 0.0 0.0 0.0 0.0 0.0 0.765 0.118 0.118 0.118 2.0 0.519 0.946 0.031
0.0 0.0 1.0 0.0 0.0 0.0 0.0 0.0 0.0 0.0 0.765 0.118 0.118 0.118 2.0 0.519 0.959 0.031
0.0 0.0 1.0 0.0 0.0 0.0 0.0 0.0 0.0 0.0 0.765 0.118 0.118 0.118 2.0 0.500 0.959 0.031
0.0 0.0 1.0 0.0 0.0 0.0 0.0 0.0 0.0 0.0 0.765 0.118 0.118 0.118 2.0 0.519 0.959 0.031
0.0 0.0 1.0 0.0 0.0 0.0 0.0 0.0 0.0 0.0 0.765 0.118 0.118 0.118 2.0 0.519 0.959 0.031
0.0 0.0 0.0 1.0 0.0 0.0 0.0 0.0 1.0 0.0 0.794 0.088 0.088 0.088 2.0 0.135 0.959 0.031
0.0 0.0 0.0 1.0 0.0 0.0 0.0 0.0 1.0 0.0 0.794 0.088 0.088 0.088 2.0 0.135 0.959 0.031
0.0 1.0 0.0 0.0 0.0 0.0 0.0 0.0 0.0 0.0 0.853 0.088 0.088 0.088 1.0 0.135 0.973 0.031
0.0 1.0 0.0 0.0 0.0 0.0 0.0 0.0 0.0 0.0 0.824 0.118 0.118 0.118 2.0 0.115 0.973 0.031
0.0 0.0 0.0 1.0 0.0 0.0 0.0 0.0 1.0 0.0 0.794 0.147 0.147 0.147 2.0 0.135 0.959 0.031
0.0 0.0 0.0 1.0 0.0 0.0 0.0 0.0 1.0 0.0 0.794 0.088 0.088 0.088 2.0 0.135 0.959 0.031
0.0 0.0 0.0 1.0 0.0 0.0 0.0 0.0 1.0 0.0 0.794 0.118 0.118 0.118 2.0 0.135 0.959 0.031
0.0 0.0 0.0 1.0 0.0 0.0 0.0 0.0 1.0 0.0 0.794 0.088 0.088 0.088 2.0 0.135 0.959 0.031
0.0 0.0 0.0 1.0 0.0 0.0 0.0 0.0 1.0 0.0 0.794 0.176 0.176 0.176 2.0 0.154 0.959 0.031
0.0 0.0 0.0 1.0 0.0 0.0 0.0 0.0 1.0 0.0 0.794 0.088 0.088 0.088 2.0 0.135 0.959 0.031
0.0 0.0 0.0 1.0 0.0 0.0 0.0 0.0 1.0 0.0 0.794 0.206 0.206 0.206 2.0 0.135 0.973 0.031
0.0 0.0 0.0 1.0 0.0 0.0 0.0 0.0 1.0 0.0 0.794 0.088 0.088 0.088 2.0 0.135 0.973 0.031
0.0 0.0 0.0 1.0 0.0 0.0 0.0 0.0 1.0 0.0 0.794 0.206 0.206 0.206 2.0 0.154 0.973 0.031
0.0 0.0 0.0 1.0 0.0 0.0 0.0 0.0 1.0 0.0 0.794 0.147 0.147 0.147 2.0 0.154 0.973 0.031
0.0 0.0 0.0 1.0 0.0 0.0 0.0 0.0 1.0 0.0 0.794 0.088 0.088 0.088 2.0 0.135 0.986 0.031
0.0 0.0 0.0 1.0 0.0 0.0 0.0 0.0 1.0 0.0 0.794 0.088 0.088 0.088 2.0 0.135 0.986 0.031
0.0 0.0 0.0 1.0 0.0 0.0 0.0 0.0 1.0 0.0 0.794 0.088 0.088 0.088 2.0 0.135 0.986 0.031
0.0 0.0 0.0 1.0 0.0 0.0 0.0 0.0 1.0 0.0 0.794 0.088 0.088 0.088 2.0 0.135 0.986 0.031
0.0 0.0 0.0 1.0 0.0 0.0 0.0 0.0 1.0 0.0 0.794 0.088 0.088 0.088 2.0 0.135 0.973 0.031
0.0 0.0 0.0 1.0 0.0 0.0 0.0 0.0 1.0 0.0 0.794 0.088 0.088 0.088 2.0 0.135 0.973 0.031
0.0 0.0 0.0 1.0 0.0 0.0 0.0 0.0 1.0 0.0 0.794 0.088 0.088 0.088 2.0 0.135 0.973 0.031
0.0 0.0 0.0 1.0 0.0 0.0 0.0 0.0 1.0 0.0 0.794 0.088 0.088 0.088 2.0 0.135 0.973 0.031
0.0 0.0 0.0 1.0 0.0 0.0 0.0 0.0 1.0 0.0 0.794 0.088 0.088 0.088 2.0 0.135 0.959 0.031
0.0 1.0 0.0 0.0 0.0 0.0 0.0 0.0 0.0 0.0 0.824 0.088 0.088 0.088 2.0 0.115 0.973 0.031
0.0 0.0 0.0 1.0 0.0 0.0 0.0 0.0 1.0 0.0 0.794 0.118 0.118 0.118 2.0 0.135 0.959 0.031
0.0 0.0 0.0 1.0 0.0 0.0 0.0 0.0 1.0 0.0 0.853 0.088 0.088 0.088 2.0 0.115 0.973 0.031
0.0 0.0 0.0 1.0 0.0 0.0 0.0 0.0 1.0 0.0 0.794 0.088 0.088 0.088 2.0 0.135 0.959 0.031
0.0 0.0 0.0 1.0 0.0 0.0 0.0 0.0 1.0 0.0 0.794 0.088 0.088 0.088 2.0 0.135 0.946 0.031
0.0 0.0 0.0 1.0 0.0 0.0 0.0 0.0 1.0 0.0 0.794 0.088 0.088 0.088 2.0 0.135 0.946 0.031
0.0 0.0 0.0 1.0 0.0 0.0 0.0 0.0 1.0 0.0 0.794 0.088 0.088 0.088 2.0 0.135 0.946 0.031
0.0 0.0 0.0 1.0 0.0 0.0 0.0 0.0 1.0 0.0 0.794 0.088 0.088 0.088 2.0 0.135 0.946 0.031
0.0 0.0 0.0 1.0 0.0 0.0 0.0 0.0 1.0 0.0 0.794 0.088 0.088 0.088 2.0 0.135 0.959 0.031
0.0 0.0 0.0 1.0 0.0 0.0 0.0 0.0 1.0 0.0 0.794 0.088 0.088 0.088 2.0 0.135 0.959 0.031
0.0 0.0 0.0 1.0 0.0 0.0 0.0 0.0 1.0 0.0 0.794 0.088 0.088 0.088 2.0 0.135 0.959 0.031
0.0 0.0 0.0 1.0 0.0 0.0 0.0 0.0 1.0 0.0 0.794 0.088 0.088 0.088 2.0 0.135 0.959 0.031
0.0 0.0 0.0 1.0 0.0 0.0 0.0 0.0 1.0 0.0 0.824 0.059 0.059 0.059 2.0 0.115 0.959 0.031
0.0 0.0 0.0 1.0 0.0 0.0 0.0 0.0 0.0 0.0 0.824 0.059 0.059 0.059 2.0 0.154 0.959 0.031
0.0 0.0 0.0 1.0 0.0 0.0 0.0 0.0 1.0 0.0 0.824 0.059 0.059 0.059 2.0 0.115 0.959 0.031
0.0 0.0 0.0 1.0 0.0 0.0 0.0 0.0 0.0 0.0 0.824 0.059 0.059 0.059 2.0 0.154 0.959 0.031
0.0 0.0 0.0 1.0 0.0 0.0 0.0 0.0 1.0 0.0 0.882 0.059 0.059 0.059 2.0 0.115 0.973 0.031
0.0 0.0 0.0 1.0 0.0 0.0 0.0 0.0 0.0 0.0 0.882 0.059 0.059 0.059 2.0 0.192 0.973 0.031
0.0 0.0 0.0 1.0 0.0 0.0 0.0 0.0 1.0 0.0 0.824 0.059 0.059 0.059 2.0 0.115 0.959 0.031
0.0 0.0 0.0 1.0 0.0 0.0 0.0 0.0 0.0 0.0 0.824 0.059 0.059 0.059 2.0 0.154 0.959 0.031
0.0 0.0 0.0 1.0 0.0 0.0 0.0 0.0 1.0 0.0 0.824 0.088 0.088 0.088 2.0 0.115 0.959 0.031
0.0 0.0 0.0 1.0 0.0 0.0 0.0 0.0 0.0 0.0 0.824 0.088 0.088 0.088 2.0 0.154 0.959 0.031
0.0 0.0 0.0 1.0 0.0 0.0 0.0 0.0 1.0 0.0 0.824 0.059 0.059 0.059 2.0 0.115 0.959 0.031
0.0 0.0 0.0 1.0 0.0 0.0 0.0 0.0 0.0 0.0 0.824 0.059 0.059 0.059 2.0 0.154 0.959 0.031
0.0 0.0 0.0 1.0 0.0 0.0 0.0 0.0 1.0 0.0 0.824 0.147 0.147 0.147 2.0 0.135 0.959 0.031
0.0 1.0 0.0 0.0 0.0 0.0 0.0 0.0 0.0 0.0 0.882 0.088 0.088 0.088 1.0 0.115 0.973 0.031
0.0 1.0 0.0 0.0 0.0 0.0 0.0 0.0 0.0 0.0 0.853 0.118 0.118 0.118 2.0 0.115 0.973 0.031
0.0 0.0 0.0 1.0 0.0 0.0 0.0 0.0 0.0 0.0 0.824 0.147 0.147 0.147 2.0 0.154 0.959 0.031
0.0 0.0 0.0 1.0 0.0 0.0 0.0 0.0 1.0 0.0 0.824 0.059 0.059 0.059 2.0 0.115 0.959 0.031
0.0 0.0 0.0 1.0 0.0 0.0 0.0 0.0 0.0 0.0 0.824 0.059 0.059 0.059 2.0 0.154 0.959 0.031
0.0 0.0 0.0 1.0 0.0 0.0 0.0 0.0 1.0 0.0 0.824 0.176 0.176 0.176 2.0 0.115 0.973 0.031
0.0 0.0 0.0 1.0 0.0 0.0 0.0 0.0 0.0 0.0 0.824 0.176 0.176 0.176 2.0 0.154 0.973 0.031
0.0 0.0 0.0 1.0 0.0 0.0 0.0 0.0 1.0 0.0 0.824 0.059 0.059 0.059 2.0 0.115 0.973 0.031
0.0 0.0 0.0 1.0 0.0 0.0 0.0 0.0 0.0 0.0 0.824 0.059 0.059 0.059 2.0 0.154 0.973 0.031
0.0 0.0 0.0 1.0 0.0 0.0 0.0 0.0 1.0 0.0 0.824 0.176 0.176 0.176 2.0 0.135 0.973 0.031
0.0 1.0 0.0 0.0 0.0 0.0 0.0 0.0 0.0 0.0 0.882 0.118 0.118 0.118 1.0 0.115 0.986 0.031
0.0 1.0 0.0 0.0 0.0 0.0 0.0 0.0 0.0 0.0 0.853 0.147 0.147 0.147 2.0 0.115 0.986 0.031
0.0 0.0 0.0 1.0 0.0 0.0 0.0 0.0 0.0 0.0 0.824 0.176 0.176 0.176 2.0 0.154 0.973 0.031
0.0 0.0 0.0 1.0 0.0 0.0 0.0 0.0 1.0 0.0 0.824 0.118 0.118 0.118 2.0 0.135 0.973 0.031
0.0 1.0 0.0 0.0 0.0 0.0 0.0 0.0 0.0 0.0 0.882 0.059 0.059 0.059 1.0 0.115 0.986 0.031
0.0 1.0 0.0 0.0 0.0 0.0 0.0 0.0 0.0 0.0 0.853 0.088 0.088 0.088 2.0 0.115 0.986 0.031
0.0 0.0 0.0 1.0 0.0 0.0 0.0 0.0 0.0 0.0 0.824 0.118 0.118 0.118 2.0 0.154 0.973 0.031
0.0 0.0 0.0 1.0 0.0 0.0 0.0 0.0 1.0 0.0 0.824 0.059 0.059 0.059 2.0 0.115 0.986 0.031
0.0 0.0 0.0 1.0 0.0 0.0 0.0 0.0 0.0 0.0 0.824 0.059 0.059 0.059 2.0 0.154 0.986 0.031
0.0 0.0 0.0 1.0 0.0 0.0 0.0 0.0 1.0 0.0 0.824 0.059 0.059 0.059 2.0 0.115 0.986 0.031
0.0 0.0 0.0 1.0 0.0 0.0 0.0 0.0 0.0 0.0 0.824 0.059 0.059 0.059 2.0 0.154 0.986 0.031
0.0 0.0 0.0 1.0 0.0 0.0 0.0 0.0 1.0 0.0 0.824 0.059 0.059 0.059 2.0 0.115 0.986 0.031
0.0 0.0 0.0 1.0 0.0 0.0 0.0 0.0 0.0 0.0 0.824 0.059 0.059 0.059 2.0 0.154 0.986 0.031
0.0 0.0 0.0 1.0 0.0 0.0 0.0 0.0 1.0 0.0 0.824 0.059 0.059 0.059 2.0 0.115 0.986 0.031
0.0 0.0 0.0 1.0 0.0 0.0 0.0 0.0 0.0 0.0 0.824 0.059 0.059 0.059 2.0 0.154 0.986 0.031
0.0 0.0 0.0 1.0 0.0 0.0 0.0 0.0 1.0 0.0 0.824 0.059 0.059 0.059 2.0 0.115 0.973 0.031
0.0 0.0 0.0 1.0 0.0 0.0 0.0 0.0 0.0 0.0 0.824 0.059 0.059 0.059 2.0 0.154 0.973 0.031
0.0 0.0 0.0 1.0 0.0 0.0 0.0 0.0 1.0 0.0 0.824 0.059 0.059 0.059 2.0 0.115 0.973 0.031
0.0 0.0 0.0 1.0 0.0 0.0 0.0 0.0 0.0 0.0 0.824 0.059 0.059 0.059 2.0 0.154 0.973 0.031
0.0 0.0 0.0 1.0 0.0 0.0 0.0 0.0 1.0 0.0 0.824 0.059 0.059 0.059 2.0 0.115 0.973 0.031
0.0 0.0 0.0 1.0 0.0 0.0 0.0 0.0 0.0 0.0 0.824 0.059 0.059 0.059 2.0 0.154 0.973 0.031
0.0 0.0 0.0 1.0 0.0 0.0 0.0 0.0 1.0 0.0 0.824 0.059 0.059 0.059 2.0 0.115 0.973 0.031
0.0 0.0 0.0 1.0 0.0 0.0 0.0 0.0 0.0 0.0 0.824 0.059 0.059 0.059 2.0 0.154 0.973 0.031
0.0 0.0 0.0 1.0 0.0 0.0 0.0 0.0 1.0 0.0 0.824 0.059 0.059 0.059 2.0 0.115 0.959 0.031
0.0 0.0 0.0 1.0 0.0 0.0 0.0 0.0 0.0 0.0 0.824 0.059 0.059 0.059 2.0 0.154 0.959 0.031
0.0 0.0 0.0 1.0 0.0 0.0 0.0 0.0 1.0 0.0 0.853 0.059 0.059 0.059 2.0 0.115 0.973 0.031
0.0 0.0 0.0 1.0 0.0 0.0 0.0 0.0 0.0 0.0 0.853 0.059 0.059 0.059 2.0 0.173 0.973 0.031
0.0 0.0 0.0 1.0 0.0 0.0 0.0 0.0 1.0 0.0 0.882 0.059 0.059 0.059 2.0 0.115 0.973 0.031
0.0 0.0 0.0 1.0 0.0 0.0 0.0 0.0 0.0 0.0 0.882 0.059 0.059 0.059 2.0 0.135 0.973 0.031
0.0 0.0 0.0 1.0 0.0 0.0 0.0 0.0 1.0 0.0 0.824 0.059 0.059 0.059 2.0 0.115 0.959 0.031
0.0 0.0 0.0 1.0 0.0 0.0 0.0 0.0 0.0 0.0 0.824 0.059 0.059 0.059 2.0 0.154 0.959 0.031
0.0 0.0 0.0 1.0 0.0 0.0 0.0 0.0 1.0 0.0 0.824 0.059 0.059 0.059 2.0 0.115 0.946 0.031
0.0 0.0 0.0 1.0 0.0 0.0 0.0 0.0 0.0 0.0 0.824 0.059 0.059 0.059 2.0 0.154 0.946 0.031
0.0 0.0 0.0 1.0 0.0 0.0 0.0 0.0 1.0 0.0 0.824 0.059 0.059 0.059 2.0 0.115 0.946 0.031
0.0 0.0 0.0 1.0 0.0 0.0 0.0 0.0 0.0 0.0 0.824 0.059 0.059 0.059 2.0 0.154 0.946 0.031
0.0 0.0 0.0 1.0 0.0 0.0 0.0 0.0 1.0 0.0 0.824 0.059 0.059 0.059 2.0 0.115 0.946 0.031
0.0 0.0 0.0 1.0 0.0 0.0 0.0 0.0 0.0 0.0 0.824 0.059 0.059 0.059 2.0 0.154 0.946 0.031
0.0 0.0 0.0 1.0 0.0 0.0 0.0 0.0 1.0 0.0 0.824 0.059 0.059 0.059 2.0 0.115 0.946 0.031
0.0 0.0 0.0 1.0 0.0 0.0 0.0 0.0 0.0 0.0 0.824 0.059 0.059 0.059 2.0 0.154 0.946 0.031
0.0 0.0 0.0 1.0 0.0 0.0 0.0 0.0 1.0 0.0 0.824 0.059 0.059 0.059 2.0 0.115 0.959 0.031
0.0 0.0 0.0 1.0 0.0 0.0 0.0 0.0 0.0 0.0 0.824 0.059 0.059 0.059 2.0 0.154 0.959 0.031
0.0 0.0 0.0 1.0 0.0 0.0 0.0 0.0 1.0 0.0 0.824 0.059 0.059 0.059 2.0 0.115 0.959 0.031
0.0 0.0 0.0 1.0 0.0 0.0 0.0 0.0 0.0 0.0 0.824 0.059 0.059 0.059 2.0 0.154 0.959 0.031
0.0 0.0 0.0 1.0 0.0 0.0 0.0 0.0 1.0 0.0 0.824 0.059 0.059 0.059 2.0 0.115 0.959 0.031
0.0 0.0 0.0 1.0 0.0 0.0 0.0 0.0 0.0 0.0 0.824 0.059 0.059 0.059 2.0 0.154 0.959 0.031
0.0 0.0 0.0 1.0 0.0 0.0 0.0 0.0 1.0 0.0 0.824 0.059 0.059 0.059 2.0 0.115 0.959 0.031
0.0 0.0 0.0 1.0 0.0 0.0 0.0 0.0 0.0 0.0 0.824 0.059 0.059 0.059 2.0 0.154 0.959 0.031
0.0 0.0 0.0 1.0 0.0 0.0 0.0 0.0 0.0 0.0 0.853 0.029 0.029 0.029 2.0 0.115 0.959 0.031
0.0 0.0 0.0 1.0 0.0 0.0 0.0 0.0 0.0 0.0 0.853 0.029 0.029 0.029 2.0 0.115 0.959 0.031
0.0 0.0 0.0 1.0 0.0 0.0 0.0 0.0 0.0 0.0 0.912 0.029 0.029 0.029 2.0 0.115 0.973 0.031
0.0 0.0 0.0 1.0 0.0 0.0 0.0 0.0 0.0 0.0 0.853 0.029 0.029 0.029 2.0 0.115 0.959 0.031
0.0 0.0 0.0 1.0 0.0 0.0 0.0 0.0 0.0 0.0 0.853 0.059 0.059 0.059 2.0 0.135 0.959 0.031
0.0 0.0 0.0 1.0 0.0 0.0 0.0 0.0 0.0 0.0 0.853 0.029 0.029 0.029 2.0 0.115 0.959 0.031
0.0 1.0 0.0 0.0 0.0 0.0 0.0 0.0 0.0 0.0 0.941 0.029 0.029 0.029 2.0 0.096 0.986 0.031
0.0 0.0 0.0 1.0 0.0 0.0 0.0 0.0 0.0 0.0 0.912 0.059 0.059 0.059 2.0 0.135 0.973 0.031
0.0 0.0 0.0 1.0 0.0 0.0 0.0 0.0 0.0 0.0 0.853 0.029 0.029 0.029 2.0 0.115 0.959 0.031
0.0 1.0 0.0 0.0 0.0 0.0 0.0 0.0 0.0 0.0 0.912 0.088 0.088 0.088 1.0 0.096 0.986 0.031
0.0 1.0 0.0 0.0 0.0 0.0 0.0 0.0 0.0 0.0 0.882 0.118 0.118 0.118 2.0 0.115 0.986 0.031
0.0 0.0 0.0 1.0 0.0 0.0 0.0 0.0 0.0 0.0 0.853 0.147 0.147 0.147 2.0 0.135 0.973 0.031
0.0 0.0 0.0 1.0 0.0 0.0 0.0 0.0 0.0 0.0 0.853 0.029 0.029 0.029 2.0 0.115 0.973 0.031
0.0 1.0 0.0 0.0 0.0 0.0 0.0 0.0 0.0 0.0 0.971 0.029 0.029 0.029 1.0 0.077 1.000 0.031
0.0 1.0 0.0 0.0 0.0 0.0 0.0 0.0 0.0 0.0 0.941 0.059 0.059 0.059 2.0 0.115 1.000 0.031
0.0 0.0 0.0 1.0 0.0 0.0 0.0 0.0 0.0 0.0 0.912 0.088 0.088 0.088 2.0 0.135 0.986 0.031
0.0 0.0 0.0 1.0 0.0 0.0 0.0 0.0 0.0 0.0 0.912 0.029 0.029 0.029 2.0 0.115 0.986 0.031
0.0 0.0 0.0 1.0 0.0 0.0 0.0 0.0 0.0 0.0 0.853 0.029 0.029 0.029 2.0 0.115 0.986 0.031
0.0 0.0 0.0 1.0 0.0 0.0 0.0 0.0 0.0 0.0 0.853 0.029 0.029 0.029 2.0 0.115 0.986 0.031
0.0 0.0 0.0 1.0 0.0 0.0 0.0 0.0 0.0 0.0 0.853 0.029 0.029 0.029 2.0 0.115 0.986 0.031
0.0 0.0 0.0 1.0 0.0 0.0 0.0 0.0 0.0 0.0 0.853 0.029 0.029 0.029 2.0 0.115 0.986 0.031
0.0 0.0 0.0 1.0 0.0 0.0 0.0 0.0 0.0 0.0 0.853 0.029 0.029 0.029 2.0 0.115 0.973 0.031
0.0 0.0 0.0 1.0 0.0 0.0 0.0 0.0 0.0 0.0 0.853 0.029 0.029 0.029 2.0 0.115 0.973 0.031
0.0 0.0 0.0 1.0 0.0 0.0 0.0 0.0 0.0 0.0 0.853 0.029 0.029 0.029 2.0 0.115 0.973 0.031
0.0 0.0 0.0 1.0 0.0 0.0 0.0 0.0 0.0 0.0 0.853 0.029 0.029 0.029 2.0 0.115 0.973 0.031
0.0 0.0 0.0 1.0 0.0 0.0 0.0 0.0 0.0 0.0 0.853 0.029 0.029 0.029 2.0 0.115 0.959 0.031
0.0 0.0 0.0 1.0 0.0 0.0 0.0 0.0 0.0 0.0 0.882 0.029 0.029 0.029 2.0 0.115 0.973 0.031
0.0 0.0 0.0 1.0 0.0 0.0 0.0 0.0 0.0 0.0 0.912 0.029 0.029 0.029 2.0 0.115 0.973 0.031
0.0 0.0 0.0 1.0 0.0 0.0 0.0 0.0 0.0 0.0 0.853 0.029 0.029 0.029 2.0 0.115 0.959 0.031
0.0 0.0 0.0 1.0 0.0 0.0 0.0 0.0 0.0 0.0 0.853 0.029 0.029 0.029 2.0 0.115 0.946 0.031
0.0 0.0 0.0 1.0 0.0 0.0 0.0 0.0 0.0 0.0 0.853 0.029 0.029 0.029 2.0 0.115 0.946 0.031
0.0 0.0 0.0 1.0 0.0 0.0 0.0 0.0 0.0 0.0 0.853 0.029 0.029 0.029 2.0 0.115 0.946 0.031
0.0 0.0 0.0 1.0 0.0 0.0 0.0 0.0 0.0 0.0 0.853 0.029 0.029 0.029 2.0 0.115 0.946 0.031
0.0 0.0 0.0 1.0 0.0 0.0 0.0 0.0 0.0 0.0 0.853 0.029 0.029 0.029 2.0 0.115 0.959 0.031
0.0 0.0 0.0 1.0 0.0 0.0 0.0 0.0 0.0 0.0 0.853 0.029 0.029 0.029 2.0 0.115 0.959 0.031
0.0 0.0 0.0 1.0 0.0 0.0 0.0 0.0 0.0 0.0 0.853 0.029 0.029 0.029 2.0 0.115 0.959 0.031
0.0 0.0 0.0 1.0 0.0 0.0 0.0 0.0 0.0 0.0 0.853 0.029 0.029 0.029 2.0 0.115 0.959 0.031
1.0 0.0 0.0 0.0 0.0 0.0 0.0 0.0 0.0 1.0 0.882 0.000 0.000 0.000 1.0 0.077 0.959 0.031
1.0 0.0 0.0 0.0 0.0 0.0 0.0 0.0 0.0 1.0 0.882 0.000 0.000 0.000 1.0 0.077 0.959 0.031
1.0 0.0 0.0 0.0 0.0 0.0 0.0 0.0 0.0 1.0 0.941 0.000 0.000 0.000 1.0 0.077 0.973 0.031
1.0 0.0 0.0 0.0 0.0 0.0 0.0 0.0 0.0 1.0 0.882 0.000 0.000 0.000 1.0 0.077 0.959 0.031
0.0 1.0 0.0 0.0 0.0 0.0 0.0 0.0 0.0 1.0 0.912 0.000 0.000 0.000 2.0 0.058 0.973 0.031
1.0 0.0 0.0 0.0 0.0 0.0 0.0 0.0 0.0 0.0 0.882 0.029 0.029 0.029 1.0 0.096 0.959 0.031
1.0 0.0 0.0 0.0 0.0 0.0 0.0 0.0 0.0 1.0 0.882 0.000 0.000 0.000 1.0 0.077 0.959 0.031
1.0 0.0 0.0 0.0 0.0 0.0 0.0 0.0 0.0 1.0 0.971 0.000 0.000 0.000 1.0 0.058 0.986 0.031
1.0 0.0 0.0 0.0 0.0 0.0 0.0 0.0 0.0 1.0 0.882 0.000 0.000 0.000 1.0 0.077 0.959 0.031
0.0 1.0 0.0 0.0 0.0 0.0 0.0 0.0 0.0 1.0 1.000 0.000 0.000 0.000 1.0 0.058 1.000 0.031
0.0 1.0 0.0 0.0 0.0 0.0 0.0 0.0 0.0 0.0 0.971 0.029 0.029 0.029 2.0 0.077 1.000 0.031
1.0 0.0 0.0 0.0 0.0 0.0 0.0 0.0 0.0 0.0 0.941 0.059 0.059 0.059 1.0 0.096 0.986 0.031
1.0 0.0 0.0 0.0 0.0 0.0 0.0 0.0 0.0 1.0 0.882 0.000 0.000 0.000 1.0 0.077 0.973 0.031
1.0 0.0 0.0 0.0 0.0 0.0 0.0 0.0 0.0 1.0 1.000 0.000 0.000 0.000 1.0 0.058 1.000 0.031
1.0 0.0 0.0 0.0 0.0 0.0 0.0 0.0 0.0 1.0 0.941 0.000 0.000 0.000 1.0 0.077 0.986 0.031
1.0 0.0 0.0 0.0 0.0 0.0 0.0 0.0 0.0 1.0 0.882 0.000 0.000 0.000 1.0 0.077 0.986 0.031
1.0 0.0 0.0 0.0 0.0 0.0 0.0 0.0 0.0 1.0 0.882 0.000 0.000 0.000 1.0 0.077 0.986 0.031
1.0 0.0 0.0 0.0 0.0 0.0 0.0 0.0 0.0 1.0 0.882 0.000 0.000 0.000 1.0 0.077 0.986 0.031
1.0 0.0 0.0 0.0 0.0 0.0 0.0 0.0 0.0 1.0 0.882 0.000 0.000 0.000 1.0 0.077 0.986 0.031
1.0 0.0 0.0 0.0 0.0 0.0 0.0 0.0 0.0 1.0 0.882 0.000 0.000 0.000 1.0 0.077 0.973 0.031
1.0 0.0 0.0 0.0 0.0 0.0 0.0 0.0 0.0 1.0 0.882 0.000 0.000 0.000 1.0 0.077 0.973 0.031
1.0 0.0 0.0 0.0 0.0 0.0 0.0 0.0 0.0 1.0 0.882 0.000 0.000 0.000 1.0 0.077 0.973 0.031
1.0 0.0 0.0 0.0 0.0 0.0 0.0 0.0 0.0 1.0 0.882 0.000 0.000 0.000 1.0 0.077 0.973 0.031
1.0 0.0 0.0 0.0 0.0 0.0 0.0 0.0 0.0 1.0 0.882 0.000 0.000 0.000 1.0 0.077 0.959 0.031
1.0 0.0 0.0 0.0 0.0 0.0 0.0 0.0 0.0 1.0 0.912 0.000 0.000 0.000 1.0 0.077 0.973 0.031
1.0 0.0 0.0 0.0 0.0 0.0 0.0 0.0 0.0 1.0 0.941 0.000 0.000 0.000 1.0 0.077 0.973 0.031
1.0 0.0 0.0 0.0 0.0 0.0 0.0 0.0 0.0 1.0 0.882 0.000 0.000 0.000 1.0 0.077 0.959 0.031
1.0 0.0 0.0 0.0 0.0 0.0 0.0 0.0 0.0 1.0 0.882 0.000 0.000 0.000 1.0 0.077 0.946 0.031
1.0 0.0 0.0 0.0 0.0 0.0 0.0 0.0 0.0 1.0 0.882 0.000 0.000 0.000 1.0 0.077 0.946 0.031
1.0 0.0 0.0 0.0 0.0 0.0 0.0 0.0 0.0 1.0 0.882 0.000 0.000 0.000 1.0 0.077 0.946 0.031
1.0 0.0 0.0 0.0 0.0 0.0 0.0 0.0 0.0 1.0 0.882 0.000 0.000 0.000 1.0 0.077 0.946 0.031
1.0 0.0 0.0 0.0 0.0 0.0 0.0 0.0 0.0 1.0 0.882 0.000 0.000 0.000 1.0 0.077 0.959 0.031
1.0 0.0 0.0 0.0 0.0 0.0 0.0 0.0 0.0 1.0 0.882 0.000 0.000 0.000 1.0 0.077 0.959 0.031
1.0 0.0 0.0 0.0 0.0 0.0 0.0 0.0 0.0 1.0 0.882 0.000 0.000 0.000 1.0 0.077 0.959 0.031
1.0 0.0 0.0 0.0 0.0 0.0 0.0 0.0 0.0 1.0 0.882 0.000 0.000 0.000 1.0 0.077 0.959 0.031
