0.0 1.0 0.0 0.0 0.0 0.0 0.0 0.0 1.0 0.0 0.030 0.030 0.030 0.030 1.0 0.109 0.006 0.500
0.0 1.0 0.0 0.0 0.0 0.0 0.0 0.0 0.0 0.0 0.061 0.000 0.000 0.000 1.0 0.109 0.006 0.000
0.0 1.0 0.0 0.0 0.0 0.0 0.0 0.0 0.0 1.0 0.061 0.000 0.000 0.000 1.0 0.109 0.006 0.500
0.0 1.0 0.0 0.0 0.0 0.0 0.0 0.0 0.0 0.0 0.061 0.000 0.000 0.000 1.0 0.109 0.006 0.000
0.0 1.0 0.0 0.0 0.0 0.0 0.0 0.0 0.0 0.0 0.061 0.000 0.000 0.000 1.0 0.109 0.006 0.000
1.0 0.0 0.0 0.0 0.0 0.0 0.0 0.0 1.0 0.0 0.030 0.000 0.000 0.000 1.0 0.022 0.006 0.000
1.0 0.0 0.0 0.0 0.0 0.0 0.0 0.0 1.0 0.0 0.030 0.000 0.000 0.000 1.0 0.022 0.006 0.000
0.0 1.0 0.0 0.0 0.0 0.0 0.0 0.0 1.0 0.0 0.030 0.000 0.000 0.000 1.0 0.087 0.006 0.000
0.0 1.0 0.0 0.0 0.0 0.0 0.0 0.0 0.0 0.0 0.061 0.000 0.000 0.000 1.0 0.087 0.006 0.000
0.0 1.0 0.0 0.0 0.0 0.0 0.0 0.0 0.0 0.0 0.061 0.000 0.000 0.000 1.0 0.087 0.006 0.000
0.0 1.0 0.0 0.0 0.0 0.0 0.0 0.0 0.0 0.0 0.061 0.000 0.000 0.000 1.0 0.087 0.006 0.000
1.0 0.0 0.0 0.0 0.0 0.0 0.0 0.0 0.0 0.0 0.455 0.000 0.000 0.000 1.0 0.087 0.225 0.000
1.0 0.0 0.0 0.0 0.0 0.0 0.0 0.0 0.0 0.0 0.333 0.000 0.000 0.000 1.0 0.087 0.081 0.000
1.0 0.0 0.0 0.0 0.0 0.0 0.0 0.0 0.0 0.0 0.303 0.000 0.000 0.000 1.0 0.087 0.081 0.000
1.0 0.0 0.0 0.0 0.0 0.0 0.0 0.0 0.0 0.0 0.303 0.000 0.000 0.000 1.0 0.087 0.081 0.000
0.0 0.0 0.0 1.0 0.0 0.0 0.0 0.0 0.0 0.0 0.424 0.000 0.000 0.000 2.0 0.152 0.225 0.000
0.0 0.0 0.0 1.0 0.0 0.0 0.0 0.0 0.0 0.0 0.242 0.000 0.000 0.000 2.0 0.348 0.052 0.000
0.0 0.0 0.0 1.0 0.0 0.0 0.0 0.0 1.0 0.0 0.394 0.000 0.000 0.000 2.0 0.152 0.225 0.000
0.0 0.0 0.0 0.0 0.0 0.0 1.0 0.0 0.0 0.0 0.364 0.000 0.000 0.000 2.0 0.217 0.220 0.000
0.0 0.0 0.0 0.0 0.0 0.0 0.0 1.0 0.0 0.0 0.273 0.000 0.000 0.000 2.0 0.304 0.104 0.000
0.0 1.0 0.0 0.0 0.0 0.0 0.0 0.0 0.0 0.0 0.818 0.000 0.000 0.000 2.0 0.109 0.572 0.000
0.0 0.0 0.0 1.0 0.0 0.0 0.0 0.0 0.0 0.0 0.303 0.000 0.000 0.000 2.0 0.152 0.081 0.000
0.0 0.0 0.0 1.0 0.0 0.0 0.0 0.0 0.0 0.0 0.242 0.000 0.000 0.000 2.0 0.348 0.052 0.000
0.0 0.0 0.0 1.0 0.0 0.0 0.0 0.0 1.0 0.0 0.273 0.000 0.000 0.000 2.0 0.217 0.058 0.000
0.0 0.0 0.0 1.0 0.0 0.0 0.0 0.0 0.0 0.0 0.273 0.000 0.000 0.000 2.0 0.152 0.081 0.000
0.0 0.0 0.0 1.0 0.0 0.0 0.0 0.0 1.0 0.0 0.242 0.000 0.000 0.000 2.0 0.261 0.058 0.000
0.0 0.0 0.0 1.0 0.0 0.0 0.0 0.0 0.0 0.0 0.242 0.000 0.000 0.000 2.0 0.391 0.052 0.000
0.0 1.0 0.0 0.0 0.0 0.0 0.0 0.0 0.0 0.0 0.455 0.000 0.000 0.000 1.0 0.109 0.728 0.000
0.0 1.0 0.0 0.0 0.0 0.0 0.0 0.0 0.0 0.0 1.000 0.000 0.000 0.000 1.0 0.130 1.000 0.000
0.0 0.0 0.0 1.0 0.0 0.0 0.0 0.0 0.0 1.0 0.273 0.000 0.000 0.000 2.0 0.152 0.081 0.500
0.0 0.0 0.0 1.0 0.0 0.0 0.0 0.0 1.0 0.0 0.182 0.091 0.091 0.091 2.0 0.283 0.046 0.500
0.0 0.0 0.0 1.0 0.0 0.0 0.0 0.0 0.0 0.0 0.242 0.030 0.030 0.030 2.0 0.370 0.052 0.500
0.0 1.0 0.0 0.0 0.0 0.0 0.0 0.0 1.0 0.0 0.030 0.242 0.242 0.242 1.0 0.283 0.006 0.500
0.0 1.0 0.0 0.0 0.0 0.0 0.0 0.0 0.0 0.0 0.091 0.000 0.000 0.000 1.0 0.087 0.046 0.000
0.0 0.0 0.0 0.0 0.0 1.0 0.0 0.0 0.0 0.0 0.061 0.000 0.000 0.000 2.0 0.130 0.046 0.000
0.0 0.0 0.0 1.0 0.0 0.0 0.0 0.0 1.0 0.0 0.030 0.000 0.000 0.000 3.0 0.022 0.017 0.000
0.0 1.0 0.0 0.0 0.0 0.0 0.0 0.0 1.0 0.0 0.030 0.000 0.000 0.000 1.0 0.022 0.006 0.000
0.0 1.0 0.0 0.0 0.0 0.0 0.0 0.0 1.0 0.0 0.030 0.000 0.000 0.000 1.0 0.022 0.006 0.000
0.0 1.0 0.0 0.0 0.0 0.0 0.0 0.0 1.0 0.0 0.030 0.000 0.000 0.000 1.0 0.022 0.006 0.000
0.0 1.0 0.0 0.0 0.0 0.0 0.0 0.0 1.0 0.0 0.030 0.000 0.000 0.000 1.0 0.022 0.006 0.000
0.0 0.0 0.0 1.0 0.0 0.0 0.0 0.0 1.0 0.0 0.091 0.000 0.000 0.000 2.0 0.087 0.017 0.000
0.0 1.0 0.0 0.0 0.0 0.0 0.0 0.0 0.0 0.0 0.182 0.000 0.000 0.000 1.0 0.109 0.058 0.000
0.0 0.0 0.0 1.0 0.0 0.0 0.0 0.0 0.0 0.0 0.970 0.000 0.000 0.000 4.0 0.370 1.000 0.000
0.0 0.0 0.0 0.0 0.0 1.0 0.0 0.0 0.0 0.0 0.939 0.000 0.000 0.000 4.0 0.326 0.879 0.000
0.0 1.0 0.0 0.0 0.0 0.0 0.0 0.0 0.0 0.0 0.909 0.000 0.000 0.000 2.0 0.196 0.642 0.000
0.0 0.0 0.0 0.0 0.0 0.0 1.0 0.0 0.0 0.0 0.879 0.000 0.000 0.000 2.0 0.217 0.636 0.000
0.0 0.0 0.0 1.0 0.0 0.0 0.0 0.0 0.0 0.0 0.848 0.000 0.000 0.000 2.0 0.239 0.584 0.000
0.0 0.0 0.0 1.0 0.0 0.0 0.0 0.0 0.0 0.0 0.818 0.000 0.000 0.000 4.0 0.391 0.578 0.000
0.0 0.0 0.0 0.0 0.0 1.0 0.0 0.0 0.0 0.0 0.788 0.000 0.000 0.000 3.0 0.304 0.486 0.000
0.0 0.0 0.0 0.0 0.0 1.0 0.0 0.0 0.0 0.0 0.758 0.000 0.000 0.000 2.0 0.261 0.451 0.000
0.0 0.0 0.0 0.0 0.0 1.0 0.0 0.0 0.0 0.0 0.424 0.000 0.000 0.000 2.0 0.217 0.139 0.000
0.0 0.0 0.0 0.0 0.0 1.0 0.0 0.0 0.0 0.0 0.394 0.000 0.000 0.000 2.0 0.261 0.133 0.000
0.0 0.0 0.0 0.0 0.0 1.0 0.0 0.0 0.0 0.0 0.727 0.000 0.000 0.000 3.0 0.304 0.451 0.000
0.0 0.0 0.0 0.0 0.0 1.0 0.0 0.0 0.0 0.0 0.667 0.000 0.000 0.000 2.0 0.261 0.382 0.000
0.0 0.0 0.0 0.0 0.0 1.0 0.0 0.0 0.0 0.0 0.394 0.000 0.000 0.000 3.0 0.326 0.145 0.000
0.0 1.0 0.0 0.0 0.0 0.0 0.0 0.0 0.0 0.0 0.333 0.000 0.000 0.000 2.0 0.174 0.098 0.000
0.0 1.0 0.0 0.0 0.0 0.0 0.0 0.0 0.0 0.0 0.303 0.000 0.000 0.000 1.0 0.196 0.092 0.000
0.0 1.0 0.0 0.0 0.0 0.0 0.0 0.0 0.0 0.0 0.364 0.000 0.000 0.000 1.0 0.239 0.098 0.000
0.0 0.0 0.0 0.0 0.0 1.0 0.0 0.0 0.0 0.0 0.697 0.000 0.000 0.000 2.0 0.217 0.416 0.000
0.0 1.0 0.0 0.0 0.0 0.0 0.0 0.0 0.0 0.0 0.394 0.000 0.000 0.000 2.0 0.152 0.139 0.000
0.0 0.0 0.0 1.0 0.0 0.0 0.0 0.0 0.0 0.0 0.364 0.000 0.000 0.000 2.0 0.348 0.133 0.000
0.0 0.0 0.0 1.0 0.0 0.0 0.0 0.0 0.0 0.0 0.333 0.000 0.000 0.000 2.0 0.239 0.098 0.000
0.0 1.0 0.0 0.0 0.0 0.0 0.0 0.0 0.0 0.0 0.303 0.000 0.000 0.000 2.0 0.196 0.092 0.000
0.0 1.0 0.0 0.0 0.0 0.0 0.0 0.0 0.0 0.0 0.303 0.000 0.000 0.000 2.0 0.239 0.092 0.000
0.0 0.0 1.0 0.0 0.0 0.0 0.0 0.0 0.0 0.0 0.667 0.000 0.000 0.000 2.0 0.239 0.382 0.000
0.0 0.0 0.0 1.0 0.0 0.0 0.0 0.0 0.0 0.0 0.636 0.000 0.000 0.000 2.0 0.261 0.376 0.000
0.0 0.0 0.0 1.0 0.0 0.0 0.0 0.0 0.0 0.0 0.606 0.000 0.000 0.000 2.0 0.239 0.376 0.000
0.0 0.0 0.0 1.0 0.0 0.0 0.0 0.0 0.0 0.0 0.394 0.000 0.000 0.000 2.0 0.174 0.150 0.000
0.0 1.0 0.0 0.0 0.0 0.0 0.0 0.0 0.0 0.0 0.303 0.000 0.000 0.000 1.0 0.174 0.127 0.000
0.0 1.0 0.0 0.0 0.0 0.0 0.0 0.0 0.0 0.0 0.364 0.000 0.000 0.000 2.0 0.217 0.110 0.000
0.0 0.0 0.0 1.0 0.0 0.0 0.0 0.0 0.0 0.0 0.576 0.000 0.000 0.000 2.0 0.217 0.329 0.000
0.0 0.0 0.0 1.0 0.0 0.0 0.0 0.0 0.0 0.0 0.545 0.000 0.000 0.000 2.0 0.217 0.329 0.000
0.0 0.0 0.0 1.0 0.0 0.0 0.0 0.0 0.0 0.0 0.424 0.000 0.000 0.000 2.0 0.196 0.162 0.000
0.0 1.0 0.0 0.0 0.0 0.0 0.0 0.0 0.0 0.0 0.394 0.000 0.000 0.000 2.0 0.174 0.110 0.000
0.0 0.0 0.0 1.0 0.0 0.0 0.0 0.0 0.0 0.0 0.515 0.000 0.000 0.000 2.0 0.261 0.260 0.000
0.0 0.0 0.0 1.0 0.0 0.0 0.0 0.0 0.0 0.0 0.485 0.000 0.000 0.000 2.0 0.239 0.260 0.000
0.0 0.0 0.0 1.0 0.0 0.0 0.0 0.0 0.0 0.0 0.455 0.000 0.000 0.000 2.0 0.261 0.220 0.000
0.0 0.0 0.0 1.0 0.0 0.0 0.0 0.0 0.0 0.0 0.424 0.000 0.000 0.000 3.0 0.283 0.220 0.000
0.0 0.0 0.0 1.0 0.0 0.0 0.0 0.0 0.0 0.0 0.333 0.000 0.000 0.000 2.0 0.457 0.162 0.000
0.0 0.0 0.0 1.0 0.0 0.0 0.0 0.0 0.0 0.0 0.394 0.000 0.000 0.000 2.0 0.348 0.145 0.000
0.0 1.0 0.0 0.0 0.0 0.0 0.0 0.0 0.0 0.0 0.364 0.000 0.000 0.000 2.0 0.152 0.098 0.000
0.0 0.0 0.0 1.0 0.0 0.0 0.0 0.0 0.0 0.0 0.394 0.000 0.000 0.000 2.0 0.239 0.179 0.000
0.0 0.0 0.0 1.0 0.0 0.0 0.0 0.0 0.0 0.0 0.364 0.000 0.000 0.000 2.0 0.196 0.168 0.000
0.0 1.0 0.0 0.0 0.0 0.0 0.0 0.0 0.0 0.0 0.273 0.000 0.000 0.000 2.0 0.196 0.052 0.000
0.0 0.0 0.0 0.0 1.0 0.0 0.0 0.0 0.0 0.0 0.394 0.000 0.000 0.000 2.0 0.239 0.156 0.000
0.0 1.0 0.0 0.0 0.0 0.0 0.0 0.0 0.0 0.0 0.303 0.000 0.000 0.000 2.0 0.217 0.139 0.000
0.0 0.0 0.0 1.0 0.0 0.0 0.0 0.0 1.0 0.0 0.273 0.000 0.000 0.000 3.0 0.348 0.133 0.000
0.0 0.0 0.0 1.0 0.0 0.0 0.0 0.0 0.0 0.0 0.364 0.000 0.000 0.000 2.0 0.326 0.145 0.000
0.0 0.0 0.0 1.0 0.0 0.0 0.0 0.0 0.0 0.0 0.273 0.000 0.000 0.000 2.0 0.261 0.127 0.000
0.0 1.0 0.0 0.0 0.0 0.0 0.0 0.0 0.0 0.0 0.242 0.000 0.000 0.000 2.0 0.413 0.087 0.000
0.0 1.0 0.0 0.0 0.0 0.0 0.0 0.0 0.0 0.0 0.303 0.000 0.000 0.000 1.0 0.196 0.127 0.000
0.0 0.0 1.0 0.0 0.0 0.0 0.0 0.0 0.0 0.0 0.303 0.000 0.000 0.000 2.0 0.391 0.127 0.000
0.0 1.0 0.0 0.0 0.0 0.0 0.0 0.0 0.0 0.0 0.333 0.000 0.000 0.000 1.0 0.217 0.110 0.000
0.0 1.0 0.0 0.0 0.0 0.0 0.0 0.0 0.0 0.0 0.576 0.000 0.000 0.000 2.0 0.152 0.237 0.000
0.0 0.0 0.0 0.0 0.0 1.0 0.0 0.0 0.0 0.0 0.545 0.000 0.000 0.000 2.0 0.283 0.231 0.000
0.0 0.0 0.0 0.0 0.0 1.0 0.0 0.0 0.0 0.0 0.515 0.000 0.000 0.000 2.0 0.196 0.231 0.000
0.0 0.0 0.0 0.0 0.0 1.0 0.0 0.0 1.0 0.0 0.333 0.000 0.000 0.000 2.0 0.174 0.116 0.000
0.0 0.0 0.0 0.0 0.0 1.0 0.0 0.0 0.0 0.0 0.485 0.000 0.000 0.000 2.0 0.196 0.231 0.000
0.0 1.0 0.0 0.0 0.0 0.0 0.0 0.0 0.0 0.0 0.364 0.000 0.000 0.000 1.0 0.174 0.121 0.000
0.0 0.0 0.0 0.0 0.0 0.0 0.0 1.0 0.0 0.0 0.333 0.000 0.000 0.000 2.0 0.283 0.121 0.000
0.0 1.0 0.0 0.0 0.0 0.0 0.0 0.0 0.0 0.0 0.303 0.000 0.000 0.000 2.0 0.239 0.116 0.000
0.0 0.0 0.0 1.0 0.0 0.0 0.0 0.0 0.0 0.0 0.273 0.000 0.000 0.000 2.0 0.413 0.087 0.000
0.0 0.0 0.0 0.0 0.0 1.0 0.0 0.0 0.0 0.0 0.455 0.000 0.000 0.000 2.0 0.196 0.191 0.000
0.0 0.0 0.0 0.0 0.0 1.0 0.0 0.0 1.0 0.0 0.273 0.000 0.000 0.000 2.0 0.196 0.110 0.000
0.0 0.0 0.0 0.0 0.0 1.0 0.0 0.0 0.0 0.0 0.424 0.000 0.000 0.000 2.0 0.239 0.191 0.000
0.0 0.0 0.0 0.0 0.0 0.0 0.0 1.0 0.0 0.0 0.303 0.000 0.000 0.000 2.0 0.304 0.110 0.000
0.0 0.0 0.0 1.0 0.0 0.0 0.0 0.0 0.0 0.0 0.273 0.000 0.000 0.000 2.0 0.413 0.087 0.000
0.0 0.0 0.0 0.0 0.0 1.0 0.0 0.0 0.0 0.0 0.394 0.000 0.000 0.000 2.0 0.196 0.162 0.000
0.0 0.0 0.0 0.0 0.0 1.0 0.0 0.0 1.0 0.0 0.333 0.000 0.000 0.000 2.0 0.152 0.116 0.000
0.0 0.0 1.0 0.0 0.0 0.0 0.0 0.0 0.0 0.0 0.364 0.000 0.000 0.000 2.0 0.261 0.162 0.000
0.0 0.0 0.0 0.0 0.0 0.0 1.0 0.0 0.0 0.0 0.333 0.000 0.000 0.000 2.0 0.326 0.116 0.000
0.0 1.0 0.0 0.0 0.0 0.0 0.0 0.0 0.0 0.0 0.303 0.000 0.000 0.000 2.0 0.261 0.110 0.000
0.0 0.0 0.0 1.0 0.0 0.0 0.0 0.0 0.0 0.0 0.273 0.000 0.000 0.000 2.0 0.413 0.087 0.000
0.0 0.0 0.0 1.0 0.0 0.0 0.0 0.0 0.0 0.0 0.788 0.000 0.000 0.000 2.0 0.217 0.566 0.000
0.0 0.0 0.0 1.0 0.0 0.0 0.0 0.0 0.0 0.0 0.758 0.000 0.000 0.000 2.0 0.239 0.561 0.000
0.0 0.0 0.0 1.0 0.0 0.0 0.0 0.0 0.0 0.0 0.727 0.000 0.000 0.000 2.0 0.217 0.428 0.000
0.0 0.0 0.0 1.0 0.0 0.0 0.0 0.0 0.0 0.0 0.697 0.000 0.000 0.000 2.0 0.196 0.428 0.000
0.0 0.0 0.0 1.0 0.0 0.0 0.0 0.0 0.0 0.0 0.667 0.000 0.000 0.000 2.0 0.261 0.399 0.000
0.0 0.0 0.0 1.0 0.0 0.0 0.0 0.0 0.0 0.0 0.303 0.000 0.000 0.000 2.0 0.261 0.133 0.000
0.0 0.0 0.0 1.0 0.0 0.0 0.0 0.0 1.0 0.0 0.182 0.000 0.000 0.000 2.0 0.152 0.046 0.000
0.0 1.0 0.0 0.0 0.0 0.0 0.0 0.0 0.0 0.0 0.303 0.000 0.000 0.000 2.0 0.152 0.127 0.000
0.0 0.0 0.0 0.0 0.0 1.0 0.0 0.0 0.0 0.0 0.273 0.000 0.000 0.000 2.0 0.304 0.121 0.000
0.0 0.0 0.0 1.0 0.0 0.0 0.0 0.0 0.0 0.0 0.697 0.000 0.000 0.000 2.0 0.217 0.399 0.000
0.0 0.0 0.0 1.0 0.0 0.0 0.0 0.0 0.0 0.0 0.667 0.000 0.000 0.000 2.0 0.261 0.393 0.000
0.0 0.0 0.0 1.0 0.0 0.0 0.0 0.0 0.0 0.0 0.636 0.000 0.000 0.000 3.0 0.326 0.393 0.000
0.0 1.0 0.0 0.0 0.0 0.0 0.0 0.0 0.0 0.0 0.333 0.000 0.000 0.000 2.0 0.174 0.098 0.000
0.0 1.0 0.0 0.0 0.0 0.0 0.0 0.0 0.0 0.0 0.303 0.000 0.000 0.000 1.0 0.152 0.092 0.000
0.0 0.0 0.0 0.0 0.0 1.0 0.0 0.0 1.0 0.0 0.273 0.000 0.000 0.000 2.0 0.283 0.092 0.000
0.0 0.0 0.0 1.0 0.0 0.0 0.0 0.0 1.0 0.0 0.303 0.000 0.000 0.000 3.0 0.457 0.127 0.000
0.0 0.0 0.0 1.0 0.0 0.0 0.0 0.0 0.0 0.0 0.606 0.000 0.000 0.000 2.0 0.261 0.358 0.000
0.0 0.0 0.0 1.0 0.0 0.0 0.0 0.0 0.0 0.0 0.576 0.000 0.000 0.000 2.0 0.217 0.358 0.000
0.0 0.0 0.0 1.0 0.0 0.0 0.0 0.0 0.0 0.0 0.545 0.000 0.000 0.000 2.0 0.217 0.306 0.000
0.0 0.0 0.0 1.0 0.0 0.0 0.0 0.0 0.0 0.0 0.515 0.000 0.000 0.000 2.0 0.217 0.306 0.000
0.0 0.0 0.0 1.0 0.0 0.0 0.0 0.0 1.0 0.0 0.394 0.000 0.000 0.000 3.0 0.370 0.145 0.000
0.0 1.0 0.0 0.0 0.0 0.0 0.0 0.0 0.0 0.0 0.364 0.000 0.000 0.000 1.0 0.283 0.104 0.000
0.0 0.0 0.0 1.0 0.0 0.0 0.0 0.0 0.0 0.0 0.485 0.000 0.000 0.000 2.0 0.217 0.254 0.000
0.0 0.0 0.0 1.0 0.0 0.0 0.0 0.0 0.0 0.0 0.455 0.000 0.000 0.000 4.0 0.370 0.249 0.000
0.0 0.0 0.0 1.0 0.0 0.0 0.0 0.0 0.0 0.0 0.424 0.000 0.000 0.000 3.0 0.348 0.208 0.000
0.0 0.0 0.0 1.0 0.0 0.0 0.0 0.0 0.0 0.0 0.364 0.000 0.000 0.000 2.0 0.304 0.139 0.000
0.0 1.0 0.0 0.0 0.0 0.0 0.0 0.0 0.0 0.0 0.333 0.000 0.000 0.000 1.0 0.239 0.092 0.000
0.0 0.0 0.0 1.0 0.0 0.0 0.0 0.0 0.0 0.0 0.394 0.000 0.000 0.000 2.0 0.283 0.173 0.000
0.0 0.0 0.0 1.0 0.0 0.0 0.0 0.0 0.0 0.0 0.364 0.000 0.000 0.000 2.0 0.283 0.150 0.000
0.0 1.0 0.0 0.0 0.0 0.0 0.0 0.0 0.0 0.0 0.333 0.000 0.000 0.000 1.0 0.239 0.092 0.000
0.0 0.0 0.0 1.0 0.0 0.0 0.0 0.0 0.0 0.0 0.364 0.000 0.000 0.000 2.0 0.261 0.150 0.000
0.0 0.0 0.0 1.0 0.0 0.0 0.0 0.0 0.0 0.0 0.303 0.000 0.000 0.000 2.0 0.283 0.092 0.000
0.0 0.0 0.0 1.0 0.0 0.0 0.0 0.0 0.0 0.0 0.273 0.000 0.000 0.000 2.0 0.348 0.087 0.000
0.0 0.0 0.0 1.0 0.0 0.0 0.0 0.0 0.0 0.0 0.242 0.000 0.000 0.000 2.0 0.435 0.087 0.000
0.0 1.0 0.0 0.0 0.0 0.0 0.0 0.0 0.0 0.0 0.333 0.000 0.000 0.000 1.0 0.283 0.139 0.000
0.0 0.0 0.0 1.0 0.0 0.0 0.0 0.0 0.0 0.0 0.303 0.000 0.000 0.000 3.0 0.391 0.139 0.000
0.0 0.0 0.0 1.0 0.0 0.0 0.0 0.0 1.0 0.0 0.242 0.000 0.000 0.000 2.0 0.391 0.087 0.000
0.0 0.0 0.0 1.0 0.0 0.0 0.0 0.0 1.0 0.0 0.273 0.000 0.000 0.000 2.0 0.283 0.087 0.000
0.0 0.0 0.0 1.0 0.0 0.0 0.0 0.0 0.0 0.0 0.333 0.000 0.000 0.000 2.0 0.413 0.139 0.000
0.0 0.0 0.0 1.0 0.0 0.0 0.0 0.0 0.0 0.0 0.303 0.000 0.000 0.000 2.0 0.239 0.092 0.000
0.0 0.0 0.0 1.0 0.0 0.0 0.0 0.0 1.0 0.0 0.242 0.000 0.000 0.000 2.0 0.348 0.087 0.000
0.0 0.0 0.0 1.0 0.0 0.0 0.0 0.0 1.0 0.0 0.273 0.000 0.000 0.000 2.0 0.239 0.087 0.000
0.0 0.0 0.0 1.0 0.0 0.0 0.0 0.0 0.0 0.0 0.333 0.000 0.000 0.000 2.0 0.413 0.145 0.000
0.0 1.0 0.0 0.0 0.0 0.0 0.0 0.0 0.0 0.0 0.364 0.000 0.000 0.000 2.0 0.174 0.150 0.000
0.0 0.0 0.0 0.0 1.0 0.0 0.0 0.0 0.0 0.0 0.333 0.000 0.000 0.000 2.0 0.435 0.145 0.000
0.0 0.0 1.0 0.0 0.0 0.0 0.0 0.0 0.0 0.0 0.303 0.000 0.000 0.000 2.0 0.304 0.092 0.000
0.0 0.0 0.0 1.0 0.0 0.0 0.0 0.0 0.0 0.0 0.273 0.000 0.000 0.000 2.0 0.283 0.087 0.000
0.0 0.0 0.0 1.0 0.0 0.0 0.0 0.0 0.0 0.0 0.242 0.000 0.000 0.000 2.0 0.413 0.087 0.000
0.0 0.0 0.0 1.0 0.0 0.0 0.0 0.0 0.0 0.0 0.364 0.000 0.000 0.000 2.0 0.239 0.145 0.000
0.0 0.0 0.0 1.0 0.0 0.0 0.0 0.0 0.0 0.0 0.333 0.000 0.000 0.000 2.0 0.304 0.104 0.000
0.0 0.0 0.0 1.0 0.0 0.0 0.0 0.0 0.0 0.0 0.303 0.000 0.000 0.000 2.0 0.239 0.092 0.000
0.0 0.0 0.0 1.0 0.0 0.0 0.0 0.0 0.0 0.0 0.303 0.000 0.000 0.000 2.0 0.304 0.098 0.000
0.0 0.0 0.0 0.0 0.0 0.0 1.0 0.0 0.0 0.0 0.394 0.000 0.000 0.000 2.0 0.196 0.150 0.000
0.0 1.0 0.0 0.0 0.0 0.0 0.0 0.0 0.0 0.0 0.364 0.000 0.000 0.000 2.0 0.217 0.110 0.000
0.0 0.0 0.0 1.0 0.0 0.0 0.0 0.0 0.0 0.0 0.364 0.000 0.000 0.000 2.0 0.283 0.145 0.000
0.0 0.0 0.0 1.0 0.0 0.0 0.0 0.0 0.0 0.0 0.333 0.000 0.000 0.000 2.0 0.370 0.104 0.000
0.0 0.0 0.0 1.0 0.0 0.0 0.0 0.0 0.0 0.0 0.303 0.000 0.000 0.000 2.0 0.283 0.092 0.000
0.0 0.0 1.0 0.0 0.0 0.0 0.0 0.0 1.0 0.0 0.273 0.000 0.000 0.000 2.0 0.326 0.087 0.000
0.0 1.0 0.0 0.0 0.0 0.0 0.0 0.0 0.0 0.0 0.242 0.000 0.000 0.000 1.0 0.565 0.081 0.000
0.0 0.0 0.0 1.0 0.0 0.0 0.0 0.0 0.0 0.0 0.303 0.000 0.000 0.000 2.0 0.348 0.098 0.000
0.0 1.0 0.0 0.0 0.0 0.0 0.0 0.0 0.0 0.0 0.273 0.000 0.000 0.000 1.0 0.435 0.087 0.000
0.0 1.0 0.0 0.0 0.0 0.0 0.0 0.0 0.0 0.0 0.212 0.000 0.000 0.000 2.0 0.217 0.046 0.000
0.0 0.0 1.0 0.0 0.0 0.0 0.0 0.0 1.0 0.0 0.182 0.000 0.000 0.000 2.0 0.326 0.040 0.000
0.0 0.0 0.0 0.0 1.0 0.0 0.0 0.0 1.0 0.0 0.152 0.000 0.000 0.000 2.0 0.326 0.040 0.000
0.0 0.0 0.0 0.0 0.0 1.0 0.0 0.0 1.0 0.0 0.273 0.000 0.000 0.000 2.0 0.261 0.092 0.000
0.0 0.0 0.0 1.0 0.0 0.0 0.0 0.0 1.0 0.0 0.242 0.000 0.000 0.000 2.0 0.609 0.087 0.000
0.0 0.0 0.0 1.0 0.0 0.0 0.0 0.0 0.0 0.0 0.515 0.000 0.000 0.000 2.0 0.304 0.237 0.000
0.0 0.0 0.0 1.0 0.0 0.0 0.0 0.0 0.0 0.0 0.424 0.000 0.000 0.000 4.0 0.413 0.237 0.000
0.0 0.0 0.0 0.0 0.0 1.0 0.0 0.0 0.0 0.0 0.394 0.000 0.000 0.000 2.0 0.261 0.162 0.000
0.0 0.0 0.0 0.0 0.0 1.0 0.0 0.0 0.0 0.0 0.303 0.000 0.000 0.000 2.0 0.304 0.116 0.000
0.0 0.0 0.0 0.0 0.0 1.0 0.0 0.0 0.0 0.0 0.364 0.000 0.000 0.000 2.0 0.283 0.156 0.000
0.0 0.0 0.0 0.0 0.0 1.0 0.0 0.0 0.0 0.0 0.333 0.000 0.000 0.000 2.0 0.261 0.150 0.000
0.0 0.0 0.0 1.0 0.0 0.0 0.0 0.0 1.0 0.0 0.273 0.000 0.000 0.000 3.0 0.500 0.127 0.000
0.0 1.0 0.0 0.0 0.0 0.0 0.0 0.0 0.0 0.0 0.515 0.000 0.000 0.000 2.0 0.217 0.243 0.000
0.0 0.0 0.0 1.0 0.0 0.0 0.0 0.0 0.0 0.0 0.485 0.000 0.000 0.000 3.0 0.391 0.237 0.000
0.0 0.0 0.0 1.0 0.0 0.0 0.0 0.0 0.0 0.0 0.455 0.000 0.000 0.000 3.0 0.326 0.237 0.000
0.0 0.0 0.0 1.0 0.0 0.0 0.0 0.0 0.0 0.0 0.303 0.000 0.000 0.000 2.0 0.326 0.116 0.000
0.0 0.0 0.0 1.0 0.0 0.0 0.0 0.0 0.0 0.0 0.424 0.000 0.000 0.000 2.0 0.261 0.202 0.000
0.0 0.0 0.0 1.0 0.0 0.0 0.0 0.0 0.0 0.0 0.394 0.000 0.000 0.000 2.0 0.304 0.121 0.000
0.0 0.0 0.0 1.0 0.0 0.0 0.0 0.0 0.0 0.0 0.303 0.000 0.000 0.000 2.0 0.348 0.092 0.000
0.0 1.0 0.0 0.0 0.0 0.0 0.0 0.0 0.0 0.0 0.364 0.000 0.000 0.000 1.0 0.196 0.110 0.000
0.0 0.0 0.0 1.0 0.0 0.0 0.0 0.0 0.0 0.0 0.394 0.000 0.000 0.000 2.0 0.217 0.168 0.000
0.0 0.0 0.0 1.0 0.0 0.0 0.0 0.0 0.0 0.0 0.303 0.000 0.000 0.000 2.0 0.304 0.110 0.000
0.0 0.0 0.0 1.0 0.0 0.0 0.0 0.0 0.0 0.0 0.364 0.000 0.000 0.000 2.0 0.261 0.168 0.000
0.0 0.0 0.0 1.0 0.0 0.0 0.0 0.0 0.0 0.0 0.333 0.000 0.000 0.000 2.0 0.304 0.121 0.000
0.0 1.0 0.0 0.0 0.0 0.0 0.0 0.0 0.0 0.0 0.303 0.000 0.000 0.000 3.0 0.348 0.098 0.000
0.0 0.0 1.0 0.0 0.0 0.0 0.0 0.0 0.0 0.0 0.273 0.000 0.000 0.000 2.0 0.609 0.087 0.000
0.0 0.0 0.0 1.0 0.0 0.0 0.0 0.0 1.0 0.0 0.212 0.000 0.000 0.000 4.0 1.000 0.081 0.000
0.0 1.0 0.0 0.0 0.0 0.0 0.0 0.0 0.0 0.0 0.242 0.000 0.000 0.000 2.0 0.304 0.087 0.000
0.0 1.0 0.0 0.0 0.0 0.0 0.0 0.0 0.0 0.0 0.303 0.000 0.000 0.000 1.0 0.217 0.104 0.000
0.0 0.0 0.0 1.0 0.0 0.0 0.0 0.0 0.0 0.0 0.273 0.000 0.000 0.000 2.0 0.543 0.104 0.000
0.0 0.0 0.0 0.0 0.0 1.0 0.0 0.0 1.0 0.0 0.273 0.000 0.000 0.000 2.0 0.304 0.127 0.000
0.0 0.0 0.0 0.0 0.0 1.0 0.0 0.0 0.0 0.0 0.242 0.000 0.000 0.000 2.0 0.413 0.121 0.000
0.0 0.0 0.0 1.0 0.0 0.0 0.0 0.0 0.0 0.0 0.364 0.000 0.000 0.000 2.0 0.304 0.116 0.000
0.0 0.0 0.0 1.0 0.0 0.0 0.0 0.0 0.0 0.0 0.333 0.000 0.000 0.000 2.0 0.217 0.110 0.000
1.0 0.0 0.0 0.0 0.0 0.0 0.0 0.0 0.0 0.0 0.273 0.000 0.000 0.000 2.0 0.217 0.110 0.000
0.0 0.0 0.0 0.0 0.0 1.0 0.0 0.0 0.0 0.0 0.242 0.000 0.000 0.000 2.0 0.522 0.104 0.000
0.0 1.0 0.0 0.0 0.0 0.0 0.0 0.0 0.0 0.0 0.303 0.000 0.000 0.000 2.0 0.174 0.110 0.000
0.0 0.0 0.0 1.0 0.0 0.0 0.0 0.0 0.0 0.0 0.273 0.000 0.000 0.000 2.0 0.435 0.104 0.000
0.0 0.0 0.0 1.0 0.0 0.0 0.0 0.0 1.0 0.0 0.333 0.000 0.000 0.000 2.0 0.217 0.116 0.000
0.0 1.0 0.0 0.0 0.0 0.0 0.0 0.0 0.0 0.0 0.303 0.000 0.000 0.000 1.0 0.304 0.110 0.000
0.0 0.0 0.0 1.0 0.0 0.0 0.0 0.0 0.0 0.0 0.273 0.000 0.000 0.000 2.0 0.500 0.110 0.000
0.0 1.0 0.0 0.0 0.0 0.0 0.0 0.0 0.0 0.0 0.152 0.000 0.000 0.000 2.0 0.304 0.040 0.000
0.0 1.0 0.0 0.0 0.0 0.0 0.0 0.0 0.0 0.0 0.242 0.000 0.000 0.000 1.0 0.826 0.081 0.000
0.0 0.0 0.0 1.0 0.0 0.0 0.0 0.0 1.0 0.0 0.212 0.000 0.000 0.000 3.0 0.717 0.081 0.000
0.0 0.0 0.0 1.0 0.0 0.0 0.0 0.0 0.0 0.0 0.152 0.000 0.000 0.000 2.0 0.370 0.040 0.000
0.0 1.0 0.0 0.0 0.0 0.0 0.0 0.0 1.0 0.0 0.030 0.000 0.000 0.000 1.0 0.304 0.006 0.000
0.0 0.0 1.0 0.0 0.0 0.0 0.0 0.0 0.0 0.0 0.303 0.000 0.000 0.000 2.0 0.217 0.249 0.000
0.0 0.0 0.0 0.0 0.0 0.0 0.0 1.0 0.0 0.0 0.273 0.000 0.000 0.000 2.0 0.283 0.237 0.000
0.0 0.0 0.0 0.0 0.0 0.0 1.0 0.0 0.0 0.0 0.242 0.000 0.000 0.000 2.0 0.217 0.202 0.000
0.0 0.0 0.0 0.0 0.0 0.0 1.0 0.0 0.0 0.0 0.212 0.000 0.000 0.000 2.0 0.217 0.104 0.000
0.0 0.0 0.0 0.0 0.0 0.0 0.0 1.0 0.0 0.0 0.182 0.000 0.000 0.000 2.0 0.283 0.058 0.000
0.0 0.0 0.0 0.0 0.0 0.0 0.0 1.0 0.0 0.0 0.182 0.000 0.000 0.000 2.0 0.283 0.058 0.000
0.0 0.0 0.0 0.0 0.0 0.0 1.0 0.0 0.0 0.0 0.212 0.000 0.000 0.000 2.0 0.217 0.110 0.000
0.0 0.0 0.0 0.0 0.0 0.0 0.0 1.0 0.0 0.0 0.152 0.000 0.000 0.000 2.0 0.413 0.058 0.000
0.0 0.0 0.0 0.0 0.0 0.0 0.0 1.0 0.0 0.0 0.182 0.000 0.000 0.000 2.0 0.239 0.064 0.000
0.0 1.0 0.0 0.0 0.0 0.0 0.0 0.0 0.0 0.0 0.152 0.000 0.000 0.000 2.0 0.261 0.040 0.000
0.0 0.0 0.0 1.0 0.0 0.0 0.0 0.0 0.0 0.0 0.121 0.000 0.000 0.000 4.0 0.261 0.035 0.000
0.0 0.0 0.0 1.0 0.0 0.0 0.0 0.0 1.0 0.0 0.091 0.000 0.000 0.000 2.0 0.348 0.017 0.000
0.0 0.0 0.0 1.0 0.0 0.0 0.0 0.0 1.0 0.0 0.061 0.000 0.000 0.000 2.0 0.326 0.017 0.000
0.0 0.0 0.0 1.0 0.0 0.0 0.0 0.0 1.0 0.0 0.091 0.000 0.000 0.000 2.0 0.348 0.017 0.000
0.0 0.0 0.0 1.0 0.0 0.0 0.0 0.0 1.0 0.0 0.091 0.000 0.000 0.000 2.0 0.370 0.017 0.000
0.0 0.0 1.0 0.0 0.0 0.0 0.0 0.0 0.0 0.0 0.424 0.000 0.000 0.000 2.0 0.217 0.295 0.000
0.0 1.0 0.0 0.0 0.0 0.0 0.0 0.0 1.0 0.0 0.030 0.000 0.000 0.000 2.0 0.130 0.012 0.000
0.0 0.0 0.0 0.0 0.0 0.0 1.0 0.0 0.0 0.0 0.394 0.000 0.000 0.000 2.0 0.217 0.283 0.000
0.0 0.0 0.0 0.0 0.0 0.0 0.0 1.0 0.0 0.0 0.364 0.000 0.000 0.000 2.0 0.370 0.191 0.000
0.0 0.0 0.0 0.0 0.0 0.0 0.0 1.0 0.0 0.0 0.333 0.000 0.000 0.000 2.0 0.283 0.162 0.000
0.0 0.0 0.0 0.0 0.0 0.0 0.0 1.0 0.0 0.0 0.303 0.000 0.000 0.000 2.0 0.391 0.092 0.000
0.0 0.0 0.0 0.0 0.0 0.0 0.0 1.0 0.0 0.0 0.273 0.000 0.000 0.000 2.0 0.239 0.092 0.000
0.0 0.0 0.0 0.0 0.0 0.0 0.0 1.0 0.0 0.0 0.242 0.000 0.000 0.000 2.0 0.304 0.069 0.000
0.0 1.0 0.0 0.0 0.0 0.0 0.0 0.0 0.0 0.0 0.242 0.000 0.000 0.000 1.0 0.370 0.046 0.000
0.0 0.0 0.0 0.0 0.0 0.0 1.0 0.0 0.0 0.0 0.303 0.000 0.000 0.000 2.0 0.174 0.116 0.000
0.0 1.0 0.0 0.0 0.0 0.0 0.0 0.0 0.0 0.0 0.242 0.000 0.000 0.000 2.0 0.174 0.069 0.000
0.0 0.0 0.0 0.0 0.0 0.0 0.0 1.0 0.0 0.0 0.212 0.000 0.000 0.000 2.0 0.348 0.064 0.000
0.0 1.0 0.0 0.0 0.0 0.0 0.0 0.0 0.0 0.0 0.273 0.000 0.000 0.000 2.0 0.152 0.058 0.000
0.0 0.0 1.0 0.0 0.0 0.0 0.0 0.0 1.0 0.0 0.333 0.000 0.000 0.000 2.0 0.196 0.104 0.000
0.0 0.0 0.0 0.0 0.0 0.0 1.0 0.0 0.0 0.0 0.303 0.000 0.000 0.000 2.0 0.152 0.098 0.000
0.0 0.0 0.0 0.0 0.0 0.0 0.0 1.0 1.0 0.0 0.030 0.000 0.000 0.000 2.0 0.087 0.012 0.000
0.0 0.0 0.0 0.0 0.0 0.0 1.0 0.0 0.0 0.0 0.273 0.000 0.000 0.000 2.0 0.217 0.087 0.000
0.0 0.0 0.0 0.0 0.0 0.0 1.0 0.0 0.0 0.0 0.061 0.000 0.000 0.000 2.0 0.130 0.023 0.000
0.0 0.0 0.0 0.0 0.0 0.0 0.0 1.0 1.0 0.0 0.030 0.000 0.000 0.000 2.0 0.087 0.012 0.000
0.0 1.0 0.0 0.0 0.0 0.0 0.0 0.0 1.0 0.0 0.030 0.000 0.000 0.000 2.0 0.087 0.012 0.000
0.0 0.0 0.0 0.0 0.0 0.0 1.0 0.0 0.0 0.0 0.242 0.000 0.000 0.000 2.0 0.174 0.064 0.000
0.0 0.0 0.0 0.0 0.0 0.0 1.0 0.0 0.0 0.0 0.212 0.000 0.000 0.000 2.0 0.196 0.052 0.000
0.0 1.0 0.0 0.0 0.0 0.0 0.0 0.0 1.0 0.0 0.030 0.000 0.000 0.000 2.0 0.087 0.012 0.000
0.0 0.0 0.0 1.0 0.0 0.0 0.0 0.0 0.0 0.0 0.182 0.000 0.000 0.000 3.0 0.217 0.040 0.000
0.0 1.0 0.0 0.0 0.0 0.0 0.0 0.0 0.0 0.0 0.121 0.000 0.000 0.000 2.0 0.152 0.023 0.000
0.0 0.0 0.0 1.0 0.0 0.0 0.0 0.0 1.0 0.0 0.091 0.000 0.000 0.000 2.0 0.109 0.017 0.000
0.0 1.0 0.0 0.0 0.0 0.0 0.0 0.0 0.0 0.0 0.061 0.000 0.000 0.000 2.0 0.152 0.012 0.000
0.0 1.0 0.0 0.0 0.0 0.0 0.0 0.0 1.0 0.0 0.061 0.000 0.000 0.000 4.0 0.196 0.023 0.000
0.0 0.0 0.0 1.0 0.0 0.0 0.0 0.0 1.0 0.0 0.152 0.000 0.000 0.000 2.0 0.196 0.040 0.000
0.0 0.0 0.0 1.0 0.0 0.0 0.0 0.0 0.0 0.0 0.121 0.000 0.000 0.000 3.0 0.174 0.035 0.000
0.0 1.0 0.0 0.0 0.0 0.0 0.0 0.0 0.0 0.0 0.030 0.000 0.000 0.000 2.0 0.109 0.012 0.000
1.0 0.0 0.0 0.0 0.0 0.0 0.0 0.0 0.0 0.0 0.061 0.000 0.000 0.000 2.0 0.152 0.012 0.000
0.0 1.0 0.0 0.0 0.0 0.0 0.0 0.0 0.0 0.0 0.091 0.000 0.000 0.000 2.0 0.152 0.023 0.000
0.0 0.0 0.0 1.0 0.0 0.0 0.0 0.0 1.0 0.0 0.061 0.000 0.000 0.000 2.0 0.087 0.017 0.000
0.0 1.0 0.0 0.0 0.0 0.0 0.0 0.0 0.0 0.0 0.030 0.000 0.000 0.000 2.0 0.065 0.012 0.000
0.0 0.0 0.0 0.0 0.0 0.0 0.0 1.0 1.0 0.0 0.030 0.000 0.000 0.000 2.0 0.087 0.012 0.000
0.0 0.0 0.0 0.0 0.0 0.0 0.0 1.0 0.0 0.0 0.152 0.000 0.000 0.000 2.0 0.283 0.058 0.000
0.0 0.0 0.0 0.0 0.0 0.0 1.0 0.0 0.0 0.0 0.091 0.000 0.000 0.000 2.0 0.196 0.023 0.000
0.0 0.0 0.0 0.0 0.0 0.0 0.0 1.0 1.0 0.0 0.061 0.000 0.000 0.000 2.0 0.130 0.012 0.000
0.0 0.0 0.0 0.0 0.0 0.0 0.0 1.0 1.0 0.0 0.061 0.000 0.000 0.000 2.0 0.130 0.012 0.000
0.0 0.0 0.0 0.0 0.0 0.0 1.0 0.0 0.0 0.0 0.121 0.000 0.000 0.000 2.0 0.196 0.035 0.000
0.0 0.0 0.0 0.0 0.0 0.0 0.0 1.0 1.0 0.0 0.061 0.000 0.000 0.000 2.0 0.130 0.012 0.000
0.0 1.0 0.0 0.0 0.0 0.0 0.0 0.0 1.0 0.0 0.030 0.000 0.000 0.000 1.0 0.130 0.006 0.000
0.0 1.0 0.0 0.0 0.0 0.0 0.0 0.0 0.0 0.0 0.091 0.000 0.000 0.000 2.0 0.130 0.023 0.000
0.0 0.0 0.0 0.0 0.0 0.0 0.0 1.0 1.0 0.0 0.061 0.000 0.000 0.000 2.0 0.087 0.017 0.000
0.0 1.0 0.0 0.0 0.0 0.0 0.0 0.0 1.0 0.0 0.030 0.000 0.000 0.000 2.0 0.065 0.012 0.000
0.0 1.0 0.0 0.0 0.0 0.0 0.0 0.0 0.0 0.0 0.303 0.000 0.000 0.000 1.0 0.196 0.081 0.000
0.0 0.0 0.0 0.0 0.0 0.0 0.0 1.0 0.0 0.0 0.273 0.000 0.000 0.000 2.0 0.152 0.081 0.000
0.0 0.0 0.0 0.0 0.0 0.0 1.0 0.0 1.0 0.0 0.030 0.000 0.000 0.000 2.0 0.087 0.012 0.000
0.0 0.0 0.0 0.0 0.0 0.0 0.0 1.0 0.0 0.0 0.242 0.000 0.000 0.000 2.0 0.196 0.069 0.000
0.0 0.0 0.0 0.0 0.0 0.0 1.0 0.0 0.0 0.0 0.212 0.000 0.000 0.000 2.0 0.196 0.064 0.000
0.0 0.0 0.0 0.0 0.0 0.0 1.0 0.0 1.0 0.0 0.091 0.000 0.000 0.000 2.0 0.130 0.017 0.000
0.0 0.0 0.0 0.0 0.0 0.0 0.0 1.0 1.0 0.0 0.061 0.000 0.000 0.000 2.0 0.174 0.012 0.000
0.0 0.0 0.0 0.0 0.0 0.0 1.0 0.0 0.0 0.0 0.182 0.000 0.000 0.000 2.0 0.217 0.046 0.000
0.0 0.0 0.0 0.0 0.0 0.0 1.0 0.0 1.0 0.0 0.091 0.000 0.000 0.000 2.0 0.130 0.017 0.000
0.0 1.0 0.0 0.0 0.0 0.0 0.0 0.0 0.0 0.0 0.061 0.000 0.000 0.000 2.0 0.174 0.012 0.000
0.0 0.0 0.0 1.0 0.0 0.0 0.0 0.0 0.0 0.0 0.152 0.000 0.000 0.000 3.0 0.217 0.029 0.000
0.0 0.0 0.0 1.0 0.0 0.0 0.0 0.0 1.0 0.0 0.061 0.000 0.000 0.000 2.0 0.174 0.012 0.000
0.0 1.0 0.0 0.0 0.0 0.0 0.0 0.0 0.0 0.0 0.091 0.000 0.000 0.000 2.0 0.152 0.023 0.000
0.0 0.0 0.0 1.0 0.0 0.0 0.0 0.0 1.0 0.0 0.061 0.000 0.000 0.000 2.0 0.087 0.017 0.000
0.0 1.0 0.0 0.0 0.0 0.0 0.0 0.0 1.0 0.0 0.030 0.000 0.000 0.000 2.0 0.065 0.012 0.000
0.0 1.0 0.0 0.0 0.0 0.0 0.0 0.0 0.0 0.0 0.121 0.000 0.000 0.000 2.0 0.174 0.023 0.000
0.0 0.0 0.0 1.0 0.0 0.0 0.0 0.0 0.0 0.0 0.091 0.000 0.000 0.000 2.0 0.130 0.017 0.000
1.0 0.0 0.0 0.0 0.0 0.0 0.0 0.0 1.0 0.0 0.061 0.000 0.000 0.000 3.0 0.152 0.017 0.000
0.0 1.0 0.0 0.0 0.0 0.0 0.0 0.0 1.0 0.0 0.030 0.000 0.000 0.000 1.0 0.174 0.006 0.000
0.0 1.0 0.0 0.0 0.0 0.0 0.0 0.0 1.0 0.0 0.030 0.000 0.000 0.000 2.0 0.087 0.012 0.000
0.0 1.0 0.0 0.0 0.0 0.0 0.0 0.0 1.0 1.0 0.030 0.000 0.000 0.000 2.0 0.022 0.012 0.500
0.0 1.0 0.0 0.0 0.0 0.0 0.0 0.0 1.0 0.0 0.030 0.000 0.000 0.000 2.0 0.022 0.012 0.000
0.0 1.0 0.0 0.0 0.0 0.0 0.0 0.0 1.0 0.0 0.030 0.000 0.000 0.000 1.0 0.022 0.006 0.000
0.0 1.0 0.0 0.0 0.0 0.0 0.0 0.0 1.0 0.0 0.030 0.000 0.000 0.000 1.0 0.022 0.006 0.000
0.0 0.0 0.0 1.0 0.0 0.0 0.0 0.0 1.0 1.0 0.091 0.000 0.000 0.000 2.0 0.087 0.017 0.500
0.0 1.0 0.0 0.0 0.0 0.0 0.0 0.0 0.0 0.0 0.061 0.030 0.030 0.030 1.0 0.087 0.012 0.500
0.0 0.0 0.0 1.0 0.0 0.0 0.0 0.0 1.0 0.0 0.030 0.061 0.061 0.061 2.0 0.087 0.012 0.500
0.0 0.0 0.0 1.0 0.0 0.0 0.0 0.0 0.0 0.0 0.182 0.000 0.000 0.000 2.0 0.109 0.087 0.000
0.0 0.0 0.0 1.0 0.0 0.0 0.0 0.0 1.0 0.0 0.030 0.000 0.000 0.000 2.0 0.065 0.012 0.000
0.0 0.0 0.0 1.0 0.0 0.0 0.0 0.0 1.0 1.0 0.182 0.000 0.000 0.000 2.0 0.087 0.081 0.500
0.0 0.0 1.0 0.0 0.0 0.0 0.0 0.0 1.0 0.0 0.152 0.030 0.030 0.030 3.0 0.174 0.075 0.500
0.0 0.0 1.0 0.0 0.0 0.0 0.0 0.0 0.0 0.0 0.121 0.061 0.061 0.061 2.0 0.283 0.064 0.500
0.0 0.0 0.0 1.0 0.0 0.0 0.0 0.0 1.0 0.0 0.091 0.091 0.091 0.091 2.0 0.152 0.035 0.500
0.0 1.0 0.0 0.0 0.0 0.0 0.0 0.0 0.0 0.0 0.061 0.121 0.121 0.121 2.0 0.109 0.029 0.500
0.0 0.0 0.0 1.0 0.0 0.0 0.0 0.0 1.0 0.0 0.030 0.152 0.152 0.152 4.0 0.130 0.023 0.500
0.0 0.0 0.0 1.0 0.0 0.0 0.0 0.0 1.0 0.0 0.061 0.121 0.121 0.121 2.0 0.152 0.029 0.500
0.0 0.0 0.0 1.0 0.0 0.0 0.0 0.0 1.0 0.0 0.030 0.152 0.152 0.152 4.0 0.130 0.023 0.500
0.0 0.0 1.0 0.0 0.0 0.0 0.0 0.0 1.0 0.0 0.030 0.000 0.000 0.000 2.0 0.022 0.012 0.000
0.0 1.0 0.0 0.0 0.0 0.0 0.0 0.0 0.0 0.0 0.182 0.000 0.000 0.000 1.0 0.239 0.035 0.000
0.0 1.0 0.0 0.0 0.0 0.0 0.0 0.0 0.0 0.0 0.152 0.000 0.000 0.000 1.0 0.261 0.035 0.000
0.0 1.0 0.0 0.0 0.0 0.0 0.0 0.0 0.0 0.0 0.152 0.000 0.000 0.000 1.0 0.174 0.035 0.000
0.0 1.0 0.0 0.0 0.0 0.0 0.0 0.0 0.0 0.0 0.212 0.000 0.000 0.000 2.0 0.152 0.052 0.000
0.0 0.0 0.0 1.0 0.0 0.0 0.0 0.0 1.0 0.0 0.030 0.000 0.000 0.000 4.0 0.022 0.023 0.000
0.0 0.0 0.0 1.0 0.0 0.0 0.0 0.0 0.0 0.0 0.212 0.000 0.000 0.000 3.0 0.174 0.058 0.000
0.0 1.0 0.0 0.0 0.0 0.0 0.0 0.0 1.0 0.0 0.030 0.000 0.000 0.000 1.0 0.130 0.006 0.000
0.0 1.0 0.0 0.0 0.0 0.0 0.0 0.0 0.0 0.0 0.182 0.000 0.000 0.000 2.0 0.130 0.046 0.000
0.0 0.0 0.0 0.0 0.0 0.0 0.0 1.0 1.0 0.0 0.152 0.000 0.000 0.000 2.0 0.239 0.040 0.000
0.0 1.0 0.0 0.0 0.0 0.0 0.0 0.0 0.0 0.0 0.152 0.000 0.000 0.000 3.0 0.304 0.046 0.000
0.0 1.0 0.0 0.0 0.0 0.0 0.0 0.0 1.0 0.0 0.030 0.000 0.000 0.000 1.0 0.130 0.006 0.000
0.0 0.0 0.0 1.0 0.0 0.0 0.0 0.0 1.0 0.0 0.273 0.000 0.000 0.000 2.0 0.109 0.052 0.000
0.0 0.0 0.0 1.0 0.0 0.0 0.0 0.0 1.0 0.0 0.424 0.000 0.000 0.000 4.0 0.239 0.728 0.000
0.0 0.0 0.0 0.0 0.0 1.0 0.0 0.0 0.0 0.0 0.394 0.000 0.000 0.000 2.0 0.326 0.647 0.000
0.0 0.0 0.0 1.0 0.0 0.0 0.0 0.0 0.0 0.0 0.364 0.000 0.000 0.000 4.0 0.304 0.364 0.000
0.0 0.0 0.0 1.0 0.0 0.0 0.0 0.0 0.0 0.0 0.152 0.000 0.000 0.000 2.0 0.304 0.058 0.000
0.0 0.0 0.0 1.0 0.0 0.0 0.0 0.0 0.0 0.0 0.121 0.000 0.000 0.000 4.0 0.283 0.058 0.000
0.0 0.0 0.0 0.0 0.0 0.0 0.0 1.0 1.0 0.0 0.061 0.000 0.000 0.000 2.0 0.239 0.012 0.000
0.0 1.0 0.0 0.0 0.0 0.0 0.0 0.0 1.0 0.0 0.030 0.000 0.000 0.000 1.0 0.304 0.006 0.000
0.0 0.0 0.0 0.0 0.0 0.0 1.0 0.0 1.0 0.0 0.030 0.000 0.000 0.000 2.0 0.130 0.012 0.000
0.0 0.0 0.0 0.0 0.0 1.0 0.0 0.0 0.0 0.0 0.061 0.000 0.000 0.000 2.0 0.174 0.017 0.000
1.0 0.0 0.0 0.0 0.0 0.0 0.0 0.0 1.0 0.0 0.030 0.000 0.000 0.000 3.0 0.087 0.017 0.000
0.0 0.0 0.0 0.0 0.0 1.0 0.0 0.0 1.0 0.0 0.030 0.000 0.000 0.000 2.0 0.087 0.012 0.000
0.0 0.0 0.0 1.0 0.0 0.0 0.0 0.0 1.0 0.0 0.242 0.000 0.000 0.000 2.0 0.239 0.110 0.000
0.0 0.0 0.0 1.0 0.0 0.0 0.0 0.0 0.0 0.0 0.212 0.000 0.000 0.000 4.0 0.261 0.104 0.000
0.0 1.0 0.0 0.0 0.0 0.0 0.0 0.0 1.0 0.0 0.152 0.000 0.000 0.000 3.0 0.283 0.046 0.000
0.0 0.0 0.0 1.0 0.0 0.0 0.0 0.0 0.0 0.0 0.182 0.000 0.000 0.000 2.0 0.304 0.040 0.000
0.0 1.0 0.0 0.0 0.0 0.0 0.0 0.0 1.0 0.0 0.030 0.000 0.000 0.000 1.0 0.326 0.006 0.000
0.0 1.0 0.0 0.0 0.0 0.0 0.0 0.0 0.0 0.0 0.152 0.000 0.000 0.000 1.0 0.304 0.035 0.000
0.0 0.0 0.0 1.0 0.0 0.0 0.0 0.0 0.0 0.0 0.121 0.000 0.000 0.000 4.0 0.348 0.035 0.000
0.0 0.0 0.0 1.0 0.0 0.0 0.0 0.0 1.0 0.0 0.091 0.000 0.000 0.000 2.0 0.391 0.017 0.000
0.0 0.0 0.0 1.0 0.0 0.0 0.0 0.0 1.0 0.0 0.061 0.000 0.000 0.000 2.0 0.370 0.017 0.000
0.0 0.0 0.0 1.0 0.0 0.0 0.0 0.0 1.0 0.0 0.091 0.000 0.000 0.000 2.0 0.391 0.017 0.000
0.0 0.0 0.0 1.0 0.0 0.0 0.0 0.0 1.0 0.0 0.091 0.000 0.000 0.000 2.0 0.413 0.017 0.000
0.0 0.0 0.0 0.0 0.0 0.0 0.0 1.0 1.0 0.0 0.152 0.000 0.000 0.000 2.0 0.304 0.040 0.000
0.0 0.0 1.0 0.0 0.0 0.0 0.0 0.0 0.0 0.0 0.121 0.000 0.000 0.000 4.0 0.478 0.035 0.000
0.0 0.0 0.0 1.0 0.0 0.0 0.0 0.0 1.0 0.0 0.091 0.000 0.000 0.000 2.0 0.413 0.017 0.000
0.0 0.0 0.0 1.0 0.0 0.0 0.0 0.0 1.0 0.0 0.061 0.000 0.000 0.000 2.0 0.391 0.017 0.000
0.0 0.0 0.0 1.0 0.0 0.0 0.0 0.0 1.0 0.0 0.091 0.000 0.000 0.000 2.0 0.413 0.017 0.000
0.0 0.0 0.0 1.0 0.0 0.0 0.0 0.0 1.0 0.0 0.091 0.000 0.000 0.000 2.0 0.435 0.017 0.000
0.0 0.0 0.0 0.0 0.0 0.0 1.0 0.0 1.0 0.0 0.152 0.000 0.000 0.000 2.0 0.261 0.040 0.000
0.0 0.0 0.0 1.0 0.0 0.0 0.0 0.0 0.0 0.0 0.121 0.000 0.000 0.000 4.0 0.304 0.035 0.000
0.0 0.0 0.0 1.0 0.0 0.0 0.0 0.0 1.0 0.0 0.091 0.000 0.000 0.000 2.0 0.370 0.017 0.000
0.0 0.0 0.0 1.0 0.0 0.0 0.0 0.0 1.0 0.0 0.061 0.000 0.000 0.000 2.0 0.348 0.017 0.000
0.0 0.0 0.0 1.0 0.0 0.0 0.0 0.0 1.0 0.0 0.091 0.000 0.000 0.000 2.0 0.370 0.017 0.000
0.0 0.0 0.0 1.0 0.0 0.0 0.0 0.0 1.0 0.0 0.091 0.000 0.000 0.000 2.0 0.391 0.017 0.000
0.0 0.0 0.0 1.0 0.0 0.0 0.0 0.0 1.0 0.0 0.333 0.000 0.000 0.000 2.0 0.239 0.197 0.000
0.0 0.0 0.0 1.0 0.0 0.0 0.0 0.0 0.0 0.0 0.303 0.000 0.000 0.000 4.0 0.304 0.191 0.000
0.0 0.0 0.0 0.0 0.0 1.0 0.0 0.0 0.0 0.0 0.273 0.000 0.000 0.000 3.0 0.283 0.121 0.000
0.0 0.0 0.0 0.0 0.0 0.0 0.0 1.0 0.0 0.0 0.212 0.000 0.000 0.000 2.0 0.239 0.052 0.000
0.0 1.0 0.0 0.0 0.0 0.0 0.0 0.0 0.0 0.0 0.182 0.000 0.000 0.000 1.0 0.348 0.040 0.000
0.0 0.0 0.0 1.0 0.0 0.0 0.0 0.0 0.0 0.0 0.152 0.121 0.121 0.121 4.0 0.500 0.040 0.500
0.0 0.0 0.0 1.0 0.0 0.0 0.0 0.0 1.0 0.0 0.061 0.212 0.212 0.212 2.0 0.326 0.017 0.500
0.0 0.0 0.0 1.0 0.0 0.0 0.0 0.0 1.0 0.0 0.061 0.212 0.212 0.212 2.0 0.435 0.017 0.500
0.0 0.0 0.0 1.0 0.0 0.0 0.0 0.0 1.0 0.0 0.121 0.152 0.152 0.152 2.0 0.457 0.017 0.500
0.0 1.0 0.0 0.0 0.0 0.0 0.0 0.0 0.0 0.0 0.121 0.152 0.152 0.152 2.0 0.261 0.023 0.500
0.0 0.0 0.0 1.0 0.0 0.0 0.0 0.0 1.0 0.0 0.091 0.182 0.182 0.182 2.0 0.217 0.017 0.500
0.0 0.0 0.0 0.0 0.0 0.0 0.0 1.0 1.0 0.0 0.242 0.000 0.000 0.000 2.0 0.304 0.052 0.000
0.0 0.0 0.0 1.0 0.0 0.0 0.0 0.0 0.0 0.0 0.212 0.061 0.061 0.061 4.0 0.500 0.046 0.500
0.0 0.0 0.0 1.0 0.0 0.0 0.0 0.0 1.0 0.0 0.182 0.091 0.091 0.091 2.0 0.370 0.029 0.500
0.0 0.0 0.0 1.0 0.0 0.0 0.0 0.0 1.0 0.0 0.152 0.121 0.121 0.121 2.0 0.370 0.029 0.500
0.0 0.0 0.0 1.0 0.0 0.0 0.0 0.0 1.0 0.0 0.061 0.212 0.212 0.212 2.0 0.435 0.017 0.500
0.0 0.0 0.0 1.0 0.0 0.0 0.0 0.0 1.0 0.0 0.121 0.152 0.152 0.152 2.0 0.457 0.017 0.500
0.0 0.0 0.0 0.0 0.0 0.0 0.0 1.0 1.0 0.0 0.242 0.000 0.000 0.000 2.0 0.283 0.052 0.000
0.0 0.0 0.0 0.0 0.0 0.0 0.0 1.0 1.0 0.0 0.273 0.000 0.000 0.000 2.0 0.196 0.058 0.000
0.0 1.0 0.0 0.0 0.0 0.0 0.0 0.0 0.0 0.0 0.242 0.000 0.000 0.000 1.0 0.283 0.052 0.000
0.0 0.0 0.0 1.0 0.0 0.0 0.0 0.0 0.0 0.0 0.212 0.000 0.000 0.000 4.0 0.457 0.052 0.000
0.0 0.0 0.0 1.0 0.0 0.0 0.0 0.0 1.0 0.0 0.182 0.000 0.000 0.000 2.0 0.348 0.029 0.000
0.0 0.0 0.0 1.0 0.0 0.0 0.0 0.0 1.0 0.0 0.152 0.000 0.000 0.000 2.0 0.348 0.029 0.000
0.0 0.0 0.0 1.0 0.0 0.0 0.0 0.0 1.0 0.0 0.061 0.000 0.000 0.000 2.0 0.413 0.017 0.000
0.0 1.0 0.0 0.0 0.0 0.0 0.0 0.0 0.0 0.0 0.152 0.000 0.000 0.000 2.0 0.239 0.023 0.000
0.0 0.0 0.0 1.0 0.0 0.0 0.0 0.0 1.0 0.0 0.121 0.000 0.000 0.000 2.0 0.304 0.017 0.000
0.0 0.0 0.0 1.0 0.0 0.0 0.0 0.0 0.0 0.0 0.273 0.000 0.000 0.000 2.0 0.326 0.052 0.000
0.0 1.0 0.0 0.0 0.0 0.0 0.0 0.0 1.0 0.0 0.030 0.000 0.000 0.000 1.0 0.239 0.006 0.000
0.0 1.0 0.0 0.0 0.0 0.0 0.0 0.0 1.0 0.0 0.242 0.000 0.000 0.000 3.0 0.348 0.058 0.000
0.0 0.0 0.0 1.0 0.0 0.0 0.0 0.0 0.0 0.0 0.121 0.000 0.000 0.000 2.0 0.283 0.075 0.000
0.0 0.0 0.0 1.0 0.0 0.0 0.0 0.0 0.0 0.0 0.091 0.000 0.000 0.000 4.0 0.304 0.069 0.000
0.0 0.0 0.0 0.0 0.0 1.0 0.0 0.0 0.0 0.0 0.061 0.000 0.000 0.000 3.0 0.196 0.029 0.000
1.0 0.0 0.0 0.0 0.0 0.0 0.0 0.0 1.0 0.0 0.030 0.000 0.000 0.000 3.0 0.109 0.017 0.000
0.0 0.0 0.0 0.0 0.0 1.0 0.0 0.0 1.0 0.0 0.030 0.000 0.000 0.000 2.0 0.109 0.012 0.000
0.0 0.0 0.0 0.0 0.0 0.0 0.0 1.0 1.0 0.0 0.030 0.000 0.000 0.000 2.0 0.109 0.012 0.000
0.0 0.0 0.0 0.0 0.0 0.0 0.0 1.0 1.0 0.0 0.061 0.000 0.000 0.000 2.0 0.174 0.012 0.000
0.0 1.0 0.0 0.0 0.0 0.0 0.0 0.0 1.0 0.0 0.030 0.000 0.000 0.000 1.0 0.109 0.006 0.000
0.0 0.0 0.0 0.0 0.0 0.0 0.0 1.0 1.0 0.0 0.061 0.000 0.000 0.000 2.0 0.174 0.012 0.000
0.0 1.0 0.0 0.0 0.0 0.0 0.0 0.0 1.0 0.0 0.030 0.000 0.000 0.000 1.0 0.130 0.006 0.000
0.0 0.0 0.0 0.0 0.0 0.0 0.0 1.0 1.0 0.0 0.061 0.000 0.000 0.000 2.0 0.196 0.017 0.000
0.0 1.0 0.0 0.0 0.0 0.0 0.0 0.0 1.0 0.0 0.030 0.000 0.000 0.000 2.0 0.196 0.012 0.000
0.0 0.0 0.0 1.0 0.0 0.0 0.0 0.0 0.0 0.0 0.364 0.000 0.000 0.000 4.0 0.304 0.324 0.000
0.0 0.0 0.0 1.0 0.0 0.0 0.0 0.0 0.0 0.0 0.333 0.000 0.000 0.000 2.0 0.239 0.069 0.000
0.0 1.0 0.0 0.0 0.0 0.0 0.0 0.0 1.0 0.0 0.030 0.000 0.000 0.000 1.0 0.152 0.006 0.000
0.0 0.0 0.0 1.0 0.0 0.0 0.0 0.0 0.0 0.0 0.303 0.000 0.000 0.000 2.0 0.174 0.064 0.000
1.0 0.0 0.0 0.0 0.0 0.0 0.0 0.0 0.0 0.0 0.273 0.000 0.000 0.000 2.0 0.152 0.064 0.000
0.0 1.0 0.0 0.0 0.0 0.0 0.0 0.0 0.0 0.0 0.212 0.000 0.000 0.000 2.0 0.174 0.058 0.000
0.0 0.0 0.0 1.0 0.0 0.0 0.0 0.0 1.0 0.0 0.273 0.000 0.000 0.000 2.0 0.196 0.064 0.000
0.0 1.0 0.0 0.0 0.0 0.0 0.0 0.0 0.0 0.0 0.242 0.000 0.000 0.000 2.0 0.152 0.058 0.000
0.0 1.0 0.0 0.0 0.0 0.0 0.0 0.0 0.0 0.0 0.212 0.000 0.000 0.000 1.0 0.174 0.052 0.000
0.0 0.0 0.0 1.0 0.0 0.0 0.0 0.0 0.0 0.0 0.182 0.000 0.000 0.000 2.0 0.196 0.052 0.000
0.0 0.0 0.0 1.0 0.0 0.0 0.0 0.0 1.0 0.0 0.152 0.000 0.000 0.000 2.0 0.283 0.040 0.000
0.0 0.0 0.0 1.0 0.0 0.0 0.0 0.0 0.0 0.0 0.121 0.000 0.000 0.000 4.0 0.565 0.035 0.000
0.0 0.0 0.0 1.0 0.0 0.0 0.0 0.0 1.0 0.0 0.091 0.000 0.000 0.000 2.0 0.413 0.017 0.000
0.0 0.0 0.0 1.0 0.0 0.0 0.0 0.0 1.0 0.0 0.061 0.000 0.000 0.000 2.0 0.391 0.017 0.000
0.0 0.0 0.0 1.0 0.0 0.0 0.0 0.0 1.0 0.0 0.091 0.000 0.000 0.000 2.0 0.413 0.017 0.000
0.0 0.0 0.0 1.0 0.0 0.0 0.0 0.0 1.0 0.0 0.091 0.000 0.000 0.000 2.0 0.435 0.017 0.000
0.0 0.0 0.0 1.0 0.0 0.0 0.0 0.0 1.0 0.0 0.091 0.000 0.000 0.000 2.0 0.217 0.017 0.000
0.0 0.0 0.0 0.0 0.0 0.0 0.0 1.0 0.0 0.0 0.212 0.000 0.000 0.000 2.0 0.239 0.058 0.000
0.0 1.0 0.0 0.0 0.0 0.0 0.0 0.0 1.0 0.0 0.030 0.000 0.000 0.000 1.0 0.152 0.006 0.000
0.0 0.0 0.0 1.0 0.0 0.0 0.0 0.0 0.0 0.0 0.182 0.000 0.000 0.000 2.0 0.174 0.052 0.000
0.0 0.0 0.0 1.0 0.0 0.0 0.0 0.0 1.0 0.0 0.152 0.000 0.000 0.000 2.0 0.239 0.040 0.000
0.0 0.0 0.0 1.0 0.0 0.0 0.0 0.0 0.0 0.0 0.121 0.000 0.000 0.000 4.0 0.326 0.035 0.000
0.0 0.0 0.0 1.0 0.0 0.0 0.0 0.0 1.0 0.0 0.091 0.000 0.000 0.000 2.0 0.391 0.017 0.000
0.0 0.0 0.0 1.0 0.0 0.0 0.0 0.0 1.0 0.0 0.061 0.000 0.000 0.000 2.0 0.370 0.017 0.000
0.0 0.0 0.0 1.0 0.0 0.0 0.0 0.0 1.0 0.0 0.091 0.000 0.000 0.000 2.0 0.391 0.017 0.000
0.0 0.0 0.0 1.0 0.0 0.0 0.0 0.0 1.0 0.0 0.091 0.000 0.000 0.000 2.0 0.413 0.017 0.000
0.0 0.0 0.0 1.0 0.0 0.0 0.0 0.0 1.0 0.0 0.091 0.000 0.000 0.000 2.0 0.196 0.017 0.000
0.0 1.0 0.0 0.0 0.0 0.0 0.0 0.0 0.0 0.0 0.333 0.000 0.000 0.000 2.0 0.217 0.237 0.000
0.0 0.0 0.0 1.0 0.0 0.0 0.0 0.0 0.0 0.0 0.303 0.000 0.000 0.000 3.0 0.239 0.231 0.000
0.0 0.0 0.0 0.0 0.0 0.0 0.0 1.0 0.0 0.0 0.242 0.000 0.000 0.000 2.0 0.283 0.058 0.000
0.0 1.0 0.0 0.0 0.0 0.0 0.0 0.0 1.0 0.0 0.030 0.000 0.000 0.000 1.0 0.326 0.006 0.000
0.0 0.0 0.0 1.0 0.0 0.0 0.0 0.0 0.0 0.0 0.212 0.000 0.000 0.000 2.0 0.174 0.052 0.000
0.0 0.0 0.0 1.0 0.0 0.0 0.0 0.0 1.0 0.0 0.061 0.000 0.000 0.000 2.0 0.152 0.012 0.000
0.0 1.0 0.0 0.0 0.0 0.0 0.0 0.0 0.0 0.0 0.182 0.000 0.000 0.000 2.0 0.130 0.046 0.000
0.0 0.0 0.0 1.0 0.0 0.0 0.0 0.0 1.0 0.0 0.152 0.000 0.000 0.000 2.0 0.217 0.040 0.000
0.0 0.0 0.0 1.0 0.0 0.0 0.0 0.0 0.0 0.0 0.121 0.000 0.000 0.000 4.0 0.413 0.035 0.000
0.0 0.0 0.0 1.0 0.0 0.0 0.0 0.0 1.0 0.0 0.091 0.000 0.000 0.000 2.0 0.391 0.017 0.000
0.0 0.0 0.0 1.0 0.0 0.0 0.0 0.0 1.0 0.0 0.061 0.000 0.000 0.000 2.0 0.370 0.017 0.000
0.0 0.0 0.0 1.0 0.0 0.0 0.0 0.0 1.0 0.0 0.091 0.000 0.000 0.000 2.0 0.391 0.017 0.000
0.0 0.0 0.0 1.0 0.0 0.0 0.0 0.0 1.0 0.0 0.091 0.000 0.000 0.000 2.0 0.413 0.017 0.000
0.0 0.0 0.0 1.0 0.0 0.0 0.0 0.0 1.0 0.0 0.273 0.000 0.000 0.000 2.0 0.217 0.150 0.000
0.0 0.0 0.0 1.0 0.0 0.0 0.0 0.0 0.0 0.0 0.242 0.000 0.000 0.000 4.0 0.283 0.145 0.000
0.0 0.0 0.0 0.0 0.0 0.0 0.0 1.0 0.0 0.0 0.182 0.000 0.000 0.000 2.0 0.348 0.046 0.000
0.0 0.0 0.0 1.0 0.0 0.0 0.0 0.0 0.0 0.0 0.152 0.000 0.000 0.000 4.0 0.370 0.035 0.000
0.0 0.0 0.0 1.0 0.0 0.0 0.0 0.0 1.0 0.0 0.061 0.000 0.000 0.000 2.0 0.283 0.017 0.000
0.0 0.0 0.0 1.0 0.0 0.0 0.0 0.0 1.0 0.0 0.091 0.000 0.000 0.000 2.0 0.326 0.017 0.000
0.0 0.0 0.0 1.0 0.0 0.0 0.0 0.0 1.0 0.0 0.061 0.000 0.000 0.000 2.0 0.391 0.017 0.000
0.0 0.0 0.0 1.0 0.0 0.0 0.0 0.0 1.0 0.0 0.121 0.000 0.000 0.000 2.0 0.413 0.017 0.000
0.0 0.0 0.0 0.0 0.0 0.0 1.0 0.0 0.0 0.0 0.152 0.000 0.000 0.000 2.0 0.370 0.046 0.000
0.0 0.0 0.0 1.0 0.0 0.0 0.0 0.0 0.0 0.0 0.121 0.000 0.000 0.000 4.0 0.522 0.035 0.000
0.0 0.0 0.0 1.0 0.0 0.0 0.0 0.0 1.0 0.0 0.091 0.000 0.000 0.000 2.0 0.370 0.017 0.000
0.0 0.0 0.0 1.0 0.0 0.0 0.0 0.0 1.0 0.0 0.061 0.000 0.000 0.000 2.0 0.261 0.012 0.000
0.0 1.0 0.0 0.0 0.0 0.0 0.0 0.0 0.0 0.0 0.061 0.000 0.000 0.000 2.0 0.239 0.017 0.000
0.0 0.0 0.0 1.0 0.0 0.0 0.0 0.0 1.0 0.0 0.030 0.000 0.000 0.000 2.0 0.065 0.012 0.000
0.0 0.0 0.0 0.0 0.0 0.0 0.0 1.0 1.0 0.0 0.212 0.000 0.000 0.000 2.0 0.217 0.046 0.000
0.0 1.0 0.0 0.0 0.0 0.0 0.0 0.0 0.0 0.0 0.182 0.000 0.000 0.000 1.0 0.370 0.040 0.000
0.0 0.0 0.0 1.0 0.0 0.0 0.0 0.0 0.0 0.0 0.152 0.000 0.000 0.000 4.0 0.370 0.040 0.000
0.0 0.0 0.0 1.0 0.0 0.0 0.0 0.0 1.0 0.0 0.061 0.000 0.000 0.000 2.0 0.261 0.017 0.000
0.0 0.0 0.0 1.0 0.0 0.0 0.0 0.0 1.0 0.0 0.091 0.000 0.000 0.000 2.0 0.304 0.017 0.000
0.0 0.0 0.0 1.0 0.0 0.0 0.0 0.0 1.0 0.0 0.121 0.000 0.000 0.000 2.0 0.391 0.017 0.000
0.0 1.0 0.0 0.0 0.0 0.0 0.0 0.0 0.0 0.0 0.091 0.000 0.000 0.000 2.0 0.196 0.023 0.000
0.0 0.0 0.0 1.0 0.0 0.0 0.0 0.0 1.0 0.0 0.061 0.000 0.000 0.000 2.0 0.283 0.017 0.000
0.0 0.0 0.0 0.0 0.0 0.0 0.0 1.0 1.0 0.0 0.212 0.000 0.000 0.000 2.0 0.261 0.040 0.000
0.0 1.0 0.0 0.0 0.0 0.0 0.0 0.0 0.0 0.0 0.182 0.000 0.000 0.000 1.0 0.457 0.035 0.000
0.0 0.0 0.0 1.0 0.0 0.0 0.0 0.0 0.0 0.0 0.152 0.000 0.000 0.000 4.0 0.326 0.035 0.000
0.0 0.0 0.0 1.0 0.0 0.0 0.0 0.0 1.0 0.0 0.061 0.000 0.000 0.000 2.0 0.239 0.017 0.000
0.0 0.0 0.0 1.0 0.0 0.0 0.0 0.0 1.0 0.0 0.091 0.000 0.000 0.000 2.0 0.283 0.017 0.000
0.0 0.0 0.0 1.0 0.0 0.0 0.0 0.0 1.0 0.0 0.061 0.000 0.000 0.000 2.0 0.348 0.017 0.000
0.0 0.0 0.0 1.0 0.0 0.0 0.0 0.0 1.0 0.0 0.121 0.000 0.000 0.000 2.0 0.370 0.017 0.000
0.0 0.0 0.0 1.0 0.0 0.0 0.0 0.0 0.0 0.0 0.121 0.000 0.000 0.000 2.0 0.261 0.064 0.000
0.0 1.0 0.0 0.0 0.0 0.0 0.0 0.0 1.0 0.0 0.030 0.000 0.000 0.000 1.0 0.152 0.006 0.000
0.0 0.0 0.0 1.0 0.0 0.0 0.0 0.0 0.0 0.0 0.091 0.000 0.000 0.000 4.0 0.217 0.058 0.000
0.0 0.0 0.0 0.0 0.0 0.0 1.0 0.0 1.0 0.0 0.061 0.000 0.000 0.000 2.0 0.174 0.017 0.000
0.0 1.0 0.0 0.0 0.0 0.0 0.0 0.0 1.0 0.0 0.030 0.000 0.000 0.000 2.0 0.130 0.012 0.000
0.0 0.0 0.0 0.0 0.0 0.0 1.0 0.0 1.0 0.0 0.030 0.000 0.000 0.000 2.0 0.130 0.012 0.000
0.0 0.0 0.0 0.0 0.0 0.0 1.0 0.0 1.0 0.0 0.030 0.000 0.000 0.000 2.0 0.130 0.012 0.000
0.0 0.0 0.0 0.0 0.0 0.0 0.0 1.0 1.0 0.0 0.061 0.000 0.000 0.000 2.0 0.196 0.017 0.000
0.0 1.0 0.0 0.0 0.0 0.0 0.0 0.0 1.0 0.0 0.030 0.000 0.000 0.000 2.0 0.196 0.012 0.000
0.0 0.0 0.0 0.0 0.0 1.0 0.0 0.0 0.0 0.0 0.182 0.000 0.000 0.000 3.0 0.217 0.075 0.000
0.0 1.0 0.0 0.0 0.0 0.0 0.0 0.0 1.0 0.0 0.030 0.000 0.000 0.000 2.0 0.109 0.012 0.000
0.0 0.0 0.0 0.0 0.0 1.0 0.0 0.0 0.0 0.0 0.152 0.000 0.000 0.000 2.0 0.348 0.052 0.000
0.0 0.0 0.0 1.0 0.0 0.0 0.0 0.0 0.0 0.0 0.121 0.000 0.000 0.000 4.0 0.413 0.035 0.000
0.0 0.0 0.0 1.0 0.0 0.0 0.0 0.0 1.0 0.0 0.091 0.000 0.000 0.000 2.0 0.413 0.017 0.000
0.0 0.0 0.0 1.0 0.0 0.0 0.0 0.0 1.0 0.0 0.061 0.000 0.000 0.000 2.0 0.391 0.017 0.000
0.0 0.0 0.0 1.0 0.0 0.0 0.0 0.0 1.0 0.0 0.091 0.000 0.000 0.000 2.0 0.413 0.017 0.000
0.0 0.0 0.0 1.0 0.0 0.0 0.0 0.0 1.0 0.0 0.091 0.000 0.000 0.000 2.0 0.435 0.017 0.000
0.0 0.0 1.0 0.0 0.0 0.0 0.0 0.0 1.0 0.0 0.091 0.000 0.000 0.000 2.0 0.304 0.017 0.000
0.0 1.0 0.0 0.0 0.0 0.0 0.0 0.0 1.0 0.0 0.030 0.000 0.000 0.000 2.0 0.109 0.012 0.000
0.0 0.0 0.0 0.0 0.0 0.0 0.0 1.0 1.0 0.0 0.333 0.000 0.000 0.000 2.0 0.152 0.075 0.000
0.0 1.0 0.0 0.0 0.0 0.0 0.0 0.0 0.0 0.0 0.303 0.000 0.000 0.000 2.0 0.130 0.069 0.000
0.0 0.0 0.0 1.0 0.0 0.0 0.0 0.0 0.0 0.0 0.273 0.000 0.000 0.000 2.0 0.152 0.064 0.000
0.0 0.0 0.0 1.0 0.0 0.0 0.0 0.0 1.0 0.0 0.091 0.000 0.000 0.000 2.0 0.196 0.017 0.000
0.0 1.0 0.0 0.0 0.0 0.0 0.0 0.0 0.0 0.0 0.061 0.000 0.000 0.000 2.0 0.283 0.012 0.000
0.0 1.0 0.0 0.0 0.0 0.0 0.0 0.0 1.0 0.0 0.030 0.000 0.000 0.000 1.0 0.239 0.006 0.000
0.0 0.0 0.0 1.0 0.0 0.0 0.0 0.0 1.0 0.0 0.242 0.000 0.000 0.000 2.0 0.130 0.052 0.000
0.0 1.0 0.0 0.0 0.0 0.0 0.0 0.0 0.0 0.0 0.212 0.000 0.000 0.000 1.0 0.196 0.046 0.000
0.0 1.0 0.0 0.0 0.0 0.0 0.0 0.0 0.0 0.0 0.182 0.000 0.000 0.000 2.0 0.652 0.046 0.000
0.0 0.0 0.0 1.0 0.0 0.0 0.0 0.0 0.0 0.0 0.152 0.000 0.000 0.000 4.0 0.326 0.040 0.000
0.0 0.0 0.0 1.0 0.0 0.0 0.0 0.0 1.0 0.0 0.061 0.000 0.000 0.000 2.0 0.326 0.017 0.000
0.0 0.0 0.0 0.0 0.0 1.0 0.0 0.0 1.0 0.0 0.030 0.000 0.000 0.000 2.0 0.413 0.012 0.000
0.0 0.0 0.0 1.0 0.0 0.0 0.0 0.0 1.0 0.0 0.091 0.000 0.000 0.000 2.0 0.348 0.017 0.000
0.0 0.0 0.0 0.0 0.0 1.0 0.0 0.0 1.0 0.0 0.061 0.000 0.000 0.000 2.0 0.457 0.012 0.000
0.0 0.0 0.0 1.0 0.0 0.0 0.0 0.0 1.0 0.0 0.091 0.000 0.000 0.000 2.0 0.370 0.017 0.000
0.0 0.0 0.0 0.0 0.0 1.0 0.0 0.0 0.0 0.0 0.061 0.000 0.000 0.000 2.0 0.500 0.012 0.000
0.0 1.0 0.0 0.0 0.0 0.0 0.0 0.0 1.0 0.0 0.030 0.000 0.000 0.000 1.0 0.478 0.006 0.000
0.0 1.0 0.0 0.0 0.0 0.0 0.0 0.0 0.0 0.0 0.121 0.000 0.000 0.000 2.0 0.174 0.023 0.000
0.0 0.0 0.0 1.0 0.0 0.0 0.0 0.0 1.0 0.0 0.091 0.000 0.000 0.000 2.0 0.283 0.017 0.000
0.0 0.0 0.0 0.0 0.0 1.0 0.0 0.0 1.0 0.0 0.061 0.000 0.000 0.000 2.0 0.457 0.012 0.000
0.0 1.0 0.0 0.0 0.0 0.0 0.0 0.0 1.0 0.0 0.030 0.000 0.000 0.000 1.0 0.478 0.006 0.000
0.0 0.0 0.0 1.0 0.0 0.0 0.0 0.0 0.0 0.0 0.303 0.000 0.000 0.000 2.0 0.196 0.058 0.000
0.0 0.0 0.0 1.0 0.0 0.0 0.0 0.0 0.0 0.0 0.273 0.000 0.000 0.000 2.0 0.239 0.058 0.000
0.0 1.0 0.0 0.0 0.0 0.0 0.0 0.0 0.0 0.0 0.242 0.000 0.000 0.000 1.0 0.457 0.046 0.000
0.0 1.0 0.0 0.0 0.0 0.0 0.0 0.0 0.0 1.0 0.485 0.000 0.000 0.000 2.0 0.087 0.116 0.500
0.0 0.0 0.0 0.0 0.0 1.0 0.0 0.0 0.0 0.0 0.455 0.030 0.030 0.030 2.0 0.152 0.110 0.500
0.0 0.0 0.0 0.0 0.0 1.0 0.0 0.0 1.0 0.0 0.424 0.061 0.061 0.061 2.0 0.152 0.110 0.500
0.0 0.0 0.0 0.0 0.0 0.0 0.0 1.0 0.0 0.0 0.394 0.091 0.091 0.091 2.0 0.304 0.104 0.500
0.0 0.0 0.0 0.0 0.0 1.0 0.0 0.0 0.0 0.0 0.364 0.121 0.121 0.121 2.0 0.196 0.081 0.500
0.0 1.0 0.0 0.0 0.0 0.0 0.0 0.0 0.0 0.0 0.333 0.152 0.152 0.152 2.0 0.152 0.081 0.500
0.0 0.0 0.0 1.0 0.0 0.0 0.0 0.0 0.0 0.0 0.303 0.182 0.182 0.182 2.0 0.261 0.075 0.500
0.0 0.0 0.0 0.0 0.0 0.0 0.0 1.0 0.0 0.0 0.273 0.212 0.212 0.212 2.0 0.435 0.069 0.500
0.0 1.0 0.0 0.0 0.0 0.0 0.0 0.0 0.0 0.0 0.242 0.242 0.242 0.242 1.0 0.435 0.046 0.500
0.0 0.0 0.0 0.0 0.0 1.0 0.0 0.0 0.0 0.0 0.273 0.212 0.212 0.212 2.0 0.391 0.075 0.500
0.0 0.0 0.0 0.0 1.0 0.0 0.0 0.0 1.0 0.0 0.242 0.242 0.242 0.242 2.0 0.522 0.052 0.500
0.0 0.0 0.0 1.0 0.0 0.0 0.0 0.0 0.0 0.0 0.212 0.273 0.273 0.273 4.0 0.674 0.046 0.500
0.0 0.0 0.0 1.0 0.0 0.0 0.0 0.0 1.0 0.0 0.182 0.303 0.303 0.303 2.0 0.391 0.029 0.500
0.0 0.0 0.0 1.0 0.0 0.0 0.0 0.0 1.0 0.0 0.152 0.333 0.333 0.333 2.0 0.391 0.029 0.500
0.0 0.0 0.0 1.0 0.0 0.0 0.0 0.0 1.0 0.0 0.061 0.424 0.424 0.424 2.0 0.457 0.017 0.500
0.0 0.0 0.0 1.0 0.0 0.0 0.0 0.0 1.0 0.0 0.121 0.364 0.364 0.364 2.0 0.478 0.017 0.500
0.0 0.0 0.0 1.0 0.0 0.0 0.0 0.0 0.0 0.0 0.212 0.273 0.273 0.273 4.0 0.457 0.046 0.500
0.0 0.0 0.0 1.0 0.0 0.0 0.0 0.0 1.0 0.0 0.182 0.303 0.303 0.303 2.0 0.348 0.029 0.500
0.0 0.0 0.0 1.0 0.0 0.0 0.0 0.0 1.0 0.0 0.152 0.333 0.333 0.333 2.0 0.348 0.029 0.500
0.0 0.0 0.0 1.0 0.0 0.0 0.0 0.0 1.0 0.0 0.061 0.424 0.424 0.424 2.0 0.413 0.017 0.500
0.0 0.0 0.0 1.0 0.0 0.0 0.0 0.0 1.0 0.0 0.121 0.364 0.364 0.364 2.0 0.435 0.017 0.500
0.0 0.0 0.0 0.0 0.0 1.0 0.0 0.0 0.0 0.0 0.242 0.242 0.242 0.242 2.0 0.304 0.052 0.500
0.0 1.0 0.0 0.0 0.0 0.0 0.0 0.0 1.0 0.0 0.030 0.455 0.455 0.455 1.0 0.152 0.006 0.500
0.0 0.0 0.0 1.0 0.0 0.0 0.0 0.0 0.0 0.0 0.212 0.273 0.273 0.273 4.0 0.457 0.046 0.500
0.0 0.0 0.0 1.0 0.0 0.0 0.0 0.0 1.0 0.0 0.182 0.303 0.303 0.303 2.0 0.348 0.029 0.500
0.0 0.0 0.0 1.0 0.0 0.0 0.0 0.0 0.0 0.0 0.152 0.121 0.333 0.227 2.0 0.326 0.023 1.000
0.0 1.0 0.0 0.0 0.0 0.0 0.0 0.0 0.0 0.0 0.061 0.212 0.424 0.318 2.0 0.283 0.017 1.000
0.0 0.0 0.0 0.0 0.0 1.0 0.0 0.0 1.0 0.0 0.030 0.242 0.455 0.348 2.0 0.239 0.012 1.000
0.0 1.0 0.0 0.0 0.0 0.0 0.0 0.0 0.0 0.0 0.121 0.152 0.364 0.258 2.0 0.413 0.017 1.000
0.0 0.0 0.0 1.0 0.0 0.0 0.0 0.0 1.0 0.0 0.152 0.333 0.333 0.333 2.0 0.348 0.029 0.500
0.0 0.0 0.0 1.0 0.0 0.0 0.0 0.0 0.0 0.0 0.121 0.152 0.364 0.258 2.0 0.326 0.023 1.000
0.0 1.0 0.0 0.0 0.0 0.0 0.0 0.0 0.0 0.0 0.091 0.182 0.394 0.288 2.0 0.326 0.017 1.000
0.0 0.0 0.0 0.0 0.0 1.0 0.0 0.0 1.0 0.0 0.061 0.212 0.424 0.318 2.0 0.348 0.012 1.000
0.0 1.0 0.0 0.0 0.0 0.0 0.0 0.0 0.0 0.0 0.061 0.212 0.424 0.318 2.0 0.391 0.017 1.000
0.0 0.0 0.0 1.0 0.0 0.0 0.0 0.0 1.0 0.0 0.061 0.424 0.424 0.424 2.0 0.413 0.017 0.500
0.0 0.0 1.0 0.0 0.0 0.0 0.0 0.0 1.0 0.0 0.030 0.242 0.455 0.348 2.0 0.457 0.012 1.000
0.0 0.0 0.0 1.0 0.0 0.0 0.0 0.0 1.0 0.0 0.121 0.364 0.364 0.364 2.0 0.435 0.017 0.500
0.0 1.0 0.0 0.0 0.0 0.0 0.0 0.0 0.0 0.0 0.091 0.182 0.394 0.288 1.0 0.522 0.012 1.000
0.0 0.0 0.0 1.0 0.0 0.0 0.0 0.0 1.0 0.0 0.061 0.212 0.424 0.318 2.0 0.500 0.012 1.000
0.0 1.0 0.0 0.0 0.0 0.0 0.0 0.0 1.0 0.0 0.030 0.242 0.455 0.348 1.0 0.261 0.006 1.000
