0.0 0.0 1.0 0.0 0.0 0.0 0.0 0.0 0.0 0.0 0.429 0.286 0.343 2.0 0.327 0.200 0.800
0.0 0.0 1.0 0.0 0.0 0.0 0.0 0.0 0.0 0.0 0.429 0.286 0.343 2.0 0.327 0.200 0.800
0.0 0.0 1.0 0.0 0.0 0.0 0.0 0.0 0.0 0.0 0.457 0.257 0.314 2.0 0.727 0.213 0.800
0.0 0.0 1.0 0.0 0.0 0.0 0.0 0.0 0.0 0.0 0.457 0.257 0.314 2.0 0.745 0.200 0.800
1.0 0.0 0.0 0.0 0.0 0.0 0.0 0.0 0.0 0.0 0.486 0.229 0.286 2.0 0.291 0.213 0.086
1.0 0.0 0.0 0.0 0.0 0.0 0.0 0.0 0.0 0.0 0.486 0.229 0.229 2.0 0.291 0.213 0.086
1.0 0.0 0.0 0.0 0.0 0.0 0.0 0.0 0.0 0.0 0.486 0.257 0.314 2.0 0.273 0.213 0.400
1.0 0.0 0.0 0.0 0.0 0.0 0.0 0.0 0.0 0.0 0.486 0.257 0.314 2.0 0.273 0.213 0.400
1.0 0.0 0.0 0.0 0.0 0.0 0.0 0.0 0.0 0.0 0.486 0.257 0.314 2.0 0.273 0.213 0.400
0.0 1.0 0.0 0.0 0.0 0.0 0.0 0.0 0.0 0.0 0.571 0.171 0.257 4.0 0.491 0.640 0.400
0.0 1.0 0.0 0.0 0.0 0.0 0.0 0.0 0.0 0.0 0.514 0.200 0.229 2.0 0.418 0.427 0.086
0.0 1.0 0.0 0.0 0.0 0.0 0.0 0.0 0.0 0.0 0.543 0.171 0.200 2.0 0.418 0.440 0.086
0.0 1.0 0.0 0.0 0.0 0.0 0.0 0.0 0.0 0.0 0.600 0.114 0.171 4.0 0.745 0.933 0.086
0.0 1.0 0.0 0.0 0.0 0.0 0.0 0.0 0.0 0.0 0.514 0.200 0.257 2.0 0.418 0.440 0.086
0.0 1.0 0.0 0.0 0.0 0.0 0.0 0.0 0.0 0.0 0.657 0.143 0.143 2.0 0.455 0.907 0.000
0.0 1.0 0.0 0.0 0.0 0.0 0.0 0.0 0.0 0.0 0.657 0.086 0.086 2.0 0.455 0.893 0.000
0.0 1.0 0.0 0.0 0.0 0.0 0.0 0.0 0.0 0.0 0.657 0.086 0.086 2.0 0.455 0.880 0.000
0.0 1.0 0.0 0.0 0.0 0.0 0.0 0.0 0.0 0.0 0.657 0.086 0.086 2.0 0.455 0.907 0.000
