0.0 0.0 0.0 1.0 0.0 0.0 0.0 0.0 1.0 0.0 0.007 0.207 0.889 2.0 0.333 0.021 0.806
1.0 0.0 0.0 0.0 0.0 0.0 0.0 0.0 0.0 0.0 0.015 0.200 0.881 2.0 0.500 0.032 0.806
0.0 0.0 0.0 0.0 1.0 0.0 0.0 0.0 0.0 0.0 0.022 0.193 0.874 2.0 0.444 0.032 0.806
0.0 0.0 1.0 0.0 0.0 0.0 0.0 0.0 0.0 0.0 0.030 0.185 0.867 2.0 0.444 0.042 0.806
0.0 0.0 0.0 0.0 0.0 1.0 0.0 0.0 0.0 0.0 0.037 0.178 0.859 2.0 0.611 0.042 0.806
0.0 1.0 0.0 0.0 0.0 0.0 0.0 0.0 0.0 0.0 0.044 0.170 0.852 1.0 0.667 0.063 0.806
0.0 0.0 0.0 0.0 0.0 0.0 1.0 0.0 0.0 0.0 0.052 0.163 0.844 2.0 0.833 0.063 0.774
0.0 0.0 0.0 0.0 0.0 0.0 0.0 1.0 0.0 0.0 0.059 0.156 0.837 2.0 0.778 0.095 0.774
0.0 0.0 0.0 1.0 0.0 0.0 0.0 0.0 0.0 0.0 0.067 0.148 0.830 2.0 0.611 0.095 0.774
0.0 0.0 0.0 0.0 1.0 0.0 0.0 0.0 0.0 0.0 0.074 0.141 0.822 2.0 0.556 0.105 0.774
