0.0 0.0 1.0 0.0 0.0 0.0 0.0 0.0 1.0 0.0 0.029 0.286 0.571 1.0 0.055 0.013 0.286
0.0 0.0 0.0 1.0 0.0 0.0 0.0 0.0 0.0 0.0 0.057 0.257 0.543 2.0 0.091 0.013 0.286
0.0 0.0 0.0 0.0 1.0 0.0 0.0 0.0 0.0 0.0 0.086 0.229 0.514 2.0 0.127 0.013 0.286
0.0 1.0 0.0 0.0 0.0 0.0 0.0 0.0 0.0 0.0 0.114 0.200 0.486 2.0 0.164 0.027 0.286
0.0 0.0 0.0 0.0 0.0 1.0 0.0 0.0 0.0 0.0 0.143 0.171 0.457 2.0 0.200 0.027 0.286
0.0 0.0 0.0 0.0 0.0 0.0 1.0 0.0 0.0 0.0 0.171 0.143 0.429 2.0 0.236 0.027 0.286
0.0 0.0 0.0 0.0 0.0 0.0 0.0 1.0 0.0 0.0 0.200 0.114 0.400 2.0 0.273 0.027 0.286
1.0 0.0 0.0 0.0 0.0 0.0 0.0 0.0 0.0 0.0 0.229 0.086 0.371 2.0 0.309 0.027 0.286
0.0 0.0 1.0 0.0 0.0 0.0 0.0 0.0 0.0 0.0 0.257 0.057 0.343 2.0 0.345 0.027 0.286
0.0 0.0 0.0 1.0 0.0 0.0 0.0 0.0 0.0 0.0 0.286 0.029 0.314 2.0 0.382 0.027 0.286
0.0 0.0 0.0 0.0 1.0 0.0 0.0 0.0 0.0 0.0 0.314 0.000 0.286 2.0 0.418 0.027 0.286
