0.0 1.0 0.0 0.0 0.0 0.0 0.0 0.0 1.0 0.0 0.021 0.729 0.979 0.810 1.0 0.143 0.030 1.000
0.0 1.0 0.0 0.0 0.0 0.0 0.0 0.0 1.0 0.0 0.021 0.729 0.979 0.810 1.0 0.100 0.030 1.000
0.0 1.0 0.0 0.0 0.0 0.0 0.0 0.0 1.0 0.0 0.021 0.729 0.979 0.810 1.0 0.143 0.030 1.000
0.0 1.0 0.0 0.0 0.0 0.0 0.0 0.0 1.0 0.0 0.021 0.729 0.979 0.810 1.0 0.186 0.030 1.000
0.0 1.0 0.0 0.0 0.0 0.0 0.0 0.0 1.0 0.0 0.021 0.729 0.979 0.810 1.0 0.100 0.030 1.000
0.0 1.0 0.0 0.0 0.0 0.0 0.0 0.0 1.0 0.0 0.021 0.729 0.979 0.810 1.0 0.100 0.030 1.000
0.0 1.0 0.0 0.0 0.0 0.0 0.0 0.0 1.0 0.0 0.021 0.729 0.979 0.810 1.0 0.143 0.030 1.000
0.0 1.0 0.0 0.0 0.0 0.0 0.0 0.0 1.0 0.0 0.021 0.729 0.979 0.810 1.0 0.143 0.030 1.000
0.0 1.0 0.0 0.0 0.0 0.0 0.0 0.0 1.0 0.0 0.021 0.729 0.979 0.810 1.0 0.186 0.030 1.000
0.0 1.0 0.0 0.0 0.0 0.0 0.0 0.0 1.0 0.0 0.021 0.729 0.979 0.810 1.0 0.143 0.030 1.000
0.0 1.0 0.0 0.0 0.0 0.0 0.0 0.0 1.0 0.0 0.021 0.729 0.979 0.810 1.0 0.100 0.030 1.000
0.0 1.0 0.0 0.0 0.0 0.0 0.0 0.0 1.0 0.0 0.021 0.729 0.979 0.810 1.0 0.100 0.030 1.000
0.0 1.0 0.0 0.0 0.0 0.0 0.0 0.0 1.0 0.0 0.021 0.729 0.979 0.810 1.0 0.143 0.030 1.000
0.0 1.0 0.0 0.0 0.0 0.0 0.0 0.0 1.0 0.0 0.021 0.729 0.979 0.810 1.0 0.143 0.030 1.000
0.0 1.0 0.0 0.0 0.0 0.0 0.0 0.0 1.0 0.0 0.021 0.729 0.979 0.810 1.0 0.143 0.030 1.000
0.0 1.0 0.0 0.0 0.0 0.0 0.0 0.0 1.0 0.0 0.021 0.729 0.979 0.810 1.0 0.143 0.030 1.000
0.0 0.0 0.0 1.0 0.0 0.0 0.0 0.0 1.0 0.0 0.021 0.896 0.896 0.896 2.0 0.071 0.061 0.040
0.0 0.0 0.0 1.0 0.0 0.0 0.0 0.0 1.0 0.0 0.021 0.917 0.917 0.917 2.0 0.071 0.061 0.040
0.0 1.0 0.0 0.0 0.0 0.0 0.0 0.0 1.0 0.0 0.021 0.729 0.979 0.810 1.0 0.100 0.030 1.000
0.0 1.0 0.0 0.0 0.0 0.0 0.0 0.0 1.0 0.0 0.021 0.729 0.979 0.810 1.0 0.086 0.030 1.000
1.0 0.0 0.0 0.0 0.0 0.0 0.0 0.0 1.0 0.0 0.021 0.729 0.979 0.810 1.0 0.114 0.030 1.000
1.0 0.0 0.0 0.0 0.0 0.0 0.0 0.0 1.0 0.0 0.021 0.729 0.979 0.810 1.0 0.157 0.030 1.000
0.0 1.0 0.0 0.0 0.0 0.0 0.0 0.0 1.0 0.0 0.021 0.729 0.979 0.810 1.0 0.100 0.030 1.000
0.0 1.0 0.0 0.0 0.0 0.0 0.0 0.0 1.0 0.0 0.021 0.729 0.979 0.810 1.0 0.100 0.030 1.000
0.0 1.0 0.0 0.0 0.0 0.0 0.0 0.0 1.0 0.0 0.021 0.729 0.979 0.810 1.0 0.100 0.030 1.000
0.0 1.0 0.0 0.0 0.0 0.0 0.0 0.0 1.0 0.0 0.021 0.729 0.979 0.810 1.0 0.100 0.030 1.000
0.0 1.0 0.0 0.0 0.0 0.0 0.0 0.0 1.0 0.0 0.021 0.896 0.896 0.896 1.0 0.071 0.030 0.040
0.0 1.0 0.0 0.0 0.0 0.0 0.0 0.0 1.0 0.0 0.021 0.917 0.917 0.917 1.0 0.071 0.030 0.040
0.0 1.0 0.0 0.0 0.0 0.0 0.0 0.0 1.0 0.0 0.021 0.750 0.979 0.835 1.0 0.114 0.030 0.640
0.0 1.0 0.0 0.0 0.0 0.0 0.0 0.0 1.0 0.0 0.021 0.729 0.979 0.827 1.0 0.114 0.030 0.640
1.0 0.0 0.0 0.0 0.0 0.0 0.0 0.0 1.0 0.0 0.021 0.896 0.979 0.920 1.0 0.300 0.030 0.240
0.0 1.0 0.0 0.0 0.0 0.0 0.0 0.0 1.0 0.0 0.021 0.729 0.979 0.810 1.0 0.357 0.030 1.000
1.0 0.0 0.0 0.0 0.0 0.0 0.0 0.0 1.0 0.0 0.021 0.729 0.979 0.810 1.0 0.129 0.030 1.000
0.0 1.0 0.0 0.0 0.0 0.0 0.0 0.0 1.0 0.0 0.021 0.729 0.979 0.810 1.0 0.157 0.030 1.000
1.0 0.0 0.0 0.0 0.0 0.0 0.0 0.0 1.0 0.0 0.021 0.729 0.979 0.810 1.0 0.214 0.030 1.000
0.0 1.0 0.0 0.0 0.0 0.0 0.0 0.0 1.0 0.0 0.021 0.896 0.979 0.920 1.0 0.200 0.030 0.240
0.0 1.0 0.0 0.0 0.0 0.0 0.0 0.0 1.0 0.0 0.021 0.812 0.812 0.812 1.0 0.071 0.030 0.040
1.0 0.0 0.0 0.0 0.0 0.0 0.0 0.0 1.0 0.0 0.021 0.896 0.917 0.906 1.0 0.129 0.030 0.080
0.0 1.0 0.0 0.0 0.0 0.0 0.0 0.0 1.0 0.0 0.021 0.729 0.979 0.810 1.0 0.286 0.030 1.000
1.0 0.0 0.0 0.0 0.0 0.0 0.0 0.0 1.0 0.0 0.021 0.729 0.979 0.810 1.0 0.186 0.030 1.000
1.0 0.0 0.0 0.0 0.0 0.0 0.0 0.0 1.0 0.0 0.021 0.896 0.979 0.920 1.0 0.200 0.030 0.240
0.0 1.0 0.0 0.0 0.0 0.0 0.0 0.0 1.0 0.0 0.021 0.729 0.979 0.810 1.0 0.300 0.030 1.000
1.0 0.0 0.0 0.0 0.0 0.0 0.0 0.0 1.0 0.0 0.021 0.771 0.771 0.771 1.0 0.086 0.030 0.040
1.0 0.0 0.0 0.0 0.0 0.0 0.0 0.0 1.0 0.0 0.021 0.771 0.771 0.771 1.0 0.086 0.030 0.040
1.0 0.0 0.0 0.0 0.0 0.0 0.0 0.0 1.0 0.0 0.021 0.750 0.750 0.750 1.0 0.086 0.030 0.040
1.0 0.0 0.0 0.0 0.0 0.0 0.0 0.0 1.0 0.0 0.021 0.750 0.750 0.750 1.0 0.086 0.030 0.040
1.0 0.0 0.0 0.0 0.0 0.0 0.0 0.0 1.0 0.0 0.021 0.812 0.812 0.812 1.0 0.086 0.030 0.040
1.0 0.0 0.0 0.0 0.0 0.0 0.0 0.0 1.0 0.0 0.021 0.750 0.750 0.750 1.0 0.086 0.030 0.040
1.0 0.0 0.0 0.0 0.0 0.0 0.0 0.0 1.0 0.0 0.021 0.750 0.750 0.750 1.0 0.086 0.030 0.040
1.0 0.0 0.0 0.0 0.0 0.0 0.0 0.0 1.0 0.0 0.021 0.771 0.771 0.771 1.0 0.086 0.030 0.040
1.0 0.0 0.0 0.0 0.0 0.0 0.0 0.0 1.0 0.0 0.021 0.771 0.771 0.771 1.0 0.086 0.030 0.040
1.0 0.0 0.0 0.0 0.0 0.0 0.0 0.0 1.0 0.0 0.021 0.771 0.771 0.771 1.0 0.086 0.030 0.040
1.0 0.0 0.0 0.0 0.0 0.0 0.0 0.0 1.0 0.0 0.021 0.729 0.729 0.729 1.0 0.086 0.030 0.040
1.0 0.0 0.0 0.0 0.0 0.0 0.0 0.0 1.0 0.0 0.021 0.729 0.729 0.729 1.0 0.086 0.030 0.040
1.0 0.0 0.0 0.0 0.0 0.0 0.0 0.0 1.0 0.0 0.021 0.729 0.729 0.729 1.0 0.086 0.030 0.040
1.0 0.0 0.0 0.0 0.0 0.0 0.0 0.0 1.0 0.0 0.021 0.729 0.729 0.729 1.0 0.086 0.030 0.040
1.0 0.0 0.0 0.0 0.0 0.0 0.0 0.0 1.0 0.0 0.021 0.771 0.771 0.771 1.0 0.086 0.030 0.040
1.0 0.0 0.0 0.0 0.0 0.0 0.0 0.0 1.0 0.0 0.021 0.750 0.750 0.750 1.0 0.086 0.030 0.040
0.0 1.0 0.0 0.0 0.0 0.0 0.0 0.0 0.0 0.0 0.042 0.750 0.750 0.750 1.0 0.086 0.030 0.040
0.0 1.0 0.0 0.0 0.0 0.0 0.0 0.0 0.0 0.0 0.042 0.750 0.750 0.750 1.0 0.086 0.030 0.040
0.0 1.0 0.0 0.0 0.0 0.0 0.0 0.0 0.0 0.0 0.042 0.729 0.729 0.729 1.0 0.086 0.030 0.040
0.0 1.0 0.0 0.0 0.0 0.0 0.0 0.0 0.0 0.0 0.042 0.729 0.729 0.729 1.0 0.086 0.030 0.040
0.0 1.0 0.0 0.0 0.0 0.0 0.0 0.0 0.0 0.0 0.042 0.792 0.792 0.792 1.0 0.086 0.030 0.040
0.0 1.0 0.0 0.0 0.0 0.0 0.0 0.0 0.0 0.0 0.042 0.729 0.729 0.729 1.0 0.086 0.030 0.040
0.0 1.0 0.0 0.0 0.0 0.0 0.0 0.0 0.0 0.0 0.042 0.729 0.729 0.729 1.0 0.086 0.030 0.040
0.0 1.0 0.0 0.0 0.0 0.0 0.0 0.0 0.0 0.0 0.042 0.750 0.750 0.750 1.0 0.086 0.030 0.040
0.0 1.0 0.0 0.0 0.0 0.0 0.0 0.0 0.0 0.0 0.042 0.750 0.750 0.750 1.0 0.086 0.030 0.040
0.0 1.0 0.0 0.0 0.0 0.0 0.0 0.0 0.0 0.0 0.042 0.750 0.750 0.750 1.0 0.086 0.030 0.040
0.0 1.0 0.0 0.0 0.0 0.0 0.0 0.0 0.0 0.0 0.042 0.708 0.708 0.708 1.0 0.086 0.030 0.040
0.0 1.0 0.0 0.0 0.0 0.0 0.0 0.0 0.0 0.0 0.042 0.708 0.708 0.708 1.0 0.086 0.030 0.040
0.0 1.0 0.0 0.0 0.0 0.0 0.0 0.0 0.0 0.0 0.042 0.708 0.708 0.708 1.0 0.086 0.030 0.040
0.0 1.0 0.0 0.0 0.0 0.0 0.0 0.0 0.0 0.0 0.042 0.708 0.708 0.708 1.0 0.086 0.030 0.040
0.0 1.0 0.0 0.0 0.0 0.0 0.0 0.0 0.0 0.0 0.042 0.750 0.750 0.750 1.0 0.086 0.030 0.040
0.0 1.0 0.0 0.0 0.0 0.0 0.0 0.0 0.0 0.0 0.042 0.729 0.729 0.729 1.0 0.086 0.030 0.040
0.0 0.0 0.0 1.0 0.0 0.0 0.0 0.0 0.0 0.0 0.042 0.896 0.896 0.896 2.0 0.143 0.061 0.040
0.0 0.0 0.0 1.0 0.0 0.0 0.0 0.0 0.0 0.0 0.042 0.875 0.875 0.875 2.0 0.143 0.061 0.040
0.0 0.0 0.0 1.0 0.0 0.0 0.0 0.0 0.0 0.0 0.042 0.958 0.958 0.958 2.0 0.157 0.061 0.040
0.0 0.0 0.0 1.0 0.0 0.0 0.0 0.0 0.0 0.0 0.042 0.896 0.896 0.896 2.0 0.143 0.061 0.040
0.0 1.0 0.0 0.0 0.0 0.0 0.0 0.0 0.0 0.0 0.062 0.875 0.875 0.875 1.0 0.086 0.061 0.040
0.0 0.0 0.0 1.0 0.0 0.0 0.0 0.0 0.0 0.0 0.042 0.896 0.896 0.896 2.0 0.143 0.061 0.040
0.0 0.0 0.0 1.0 0.0 0.0 0.0 0.0 0.0 0.0 0.042 0.875 0.875 0.875 2.0 0.143 0.061 0.040
1.0 0.0 0.0 0.0 0.0 0.0 0.0 0.0 0.0 0.0 0.042 0.708 0.958 0.789 1.0 0.143 0.030 1.000
1.0 0.0 0.0 0.0 0.0 0.0 0.0 0.0 0.0 0.0 0.042 0.708 0.958 0.789 1.0 0.129 0.030 1.000
1.0 0.0 0.0 0.0 0.0 0.0 0.0 0.0 0.0 0.0 0.042 0.708 0.958 0.789 1.0 0.129 0.030 1.000
1.0 0.0 0.0 0.0 0.0 0.0 0.0 0.0 0.0 0.0 0.042 0.708 0.958 0.789 1.0 0.129 0.030 1.000
1.0 0.0 0.0 0.0 0.0 0.0 0.0 0.0 0.0 0.0 0.042 0.708 0.958 0.789 1.0 0.143 0.030 1.000
1.0 0.0 0.0 0.0 0.0 0.0 0.0 0.0 0.0 0.0 0.042 0.708 0.958 0.789 1.0 0.143 0.030 1.000
0.0 0.0 1.0 0.0 0.0 0.0 0.0 0.0 1.0 0.0 0.042 0.708 0.958 0.789 2.0 0.186 0.061 1.000
1.0 0.0 0.0 0.0 0.0 0.0 0.0 0.0 0.0 0.0 0.042 0.708 0.958 0.789 1.0 0.157 0.030 1.000
1.0 0.0 0.0 0.0 0.0 0.0 0.0 0.0 0.0 0.0 0.042 0.708 0.958 0.789 1.0 0.129 0.030 1.000
1.0 0.0 0.0 0.0 0.0 0.0 0.0 0.0 0.0 0.0 0.042 0.708 0.958 0.789 1.0 0.129 0.030 1.000
0.0 0.0 1.0 0.0 0.0 0.0 0.0 0.0 1.0 0.0 0.042 0.708 0.958 0.789 2.0 0.186 0.061 1.000
1.0 0.0 0.0 0.0 0.0 0.0 0.0 0.0 0.0 0.0 0.042 0.708 0.958 0.789 1.0 0.143 0.030 1.000
0.0 0.0 1.0 0.0 0.0 0.0 0.0 0.0 1.0 0.0 0.042 0.708 0.958 0.789 3.0 0.200 0.091 1.000
1.0 0.0 0.0 0.0 0.0 0.0 0.0 0.0 0.0 0.0 0.042 0.708 0.958 0.789 1.0 0.143 0.030 1.000
1.0 0.0 0.0 0.0 0.0 0.0 0.0 0.0 0.0 0.0 0.042 0.708 0.958 0.789 1.0 0.143 0.030 1.000
0.0 0.0 0.0 1.0 0.0 0.0 0.0 0.0 0.0 0.0 0.042 0.875 0.875 0.875 2.0 0.143 0.061 0.040
0.0 0.0 0.0 1.0 0.0 0.0 0.0 0.0 0.0 0.0 0.042 0.896 0.896 0.896 2.0 0.143 0.061 0.040
0.0 0.0 0.0 1.0 0.0 0.0 0.0 0.0 1.0 0.0 0.042 0.708 0.958 0.789 2.0 0.329 0.061 1.000
0.0 0.0 0.0 1.0 0.0 0.0 0.0 0.0 0.0 0.0 0.042 0.708 0.958 0.789 2.0 0.200 0.061 1.000
0.0 0.0 0.0 1.0 0.0 0.0 0.0 0.0 0.0 0.0 0.042 0.708 0.958 0.789 2.0 0.186 0.061 1.000
1.0 0.0 0.0 0.0 0.0 0.0 0.0 0.0 0.0 0.0 0.042 0.708 0.958 0.789 1.0 0.143 0.030 1.000
1.0 0.0 0.0 0.0 0.0 0.0 0.0 0.0 0.0 0.0 0.042 0.708 0.958 0.789 1.0 0.129 0.030 1.000
1.0 0.0 0.0 0.0 0.0 0.0 0.0 0.0 0.0 0.0 0.042 0.896 0.896 0.896 1.0 0.143 0.030 0.040
1.0 0.0 0.0 0.0 0.0 0.0 0.0 0.0 0.0 0.0 0.042 0.896 0.896 0.896 1.0 0.129 0.030 0.040
1.0 0.0 0.0 0.0 0.0 0.0 0.0 0.0 0.0 0.0 0.042 0.958 0.958 0.958 1.0 0.129 0.030 0.040
1.0 0.0 0.0 0.0 0.0 0.0 0.0 0.0 0.0 0.0 0.042 0.708 0.958 0.789 1.0 0.129 0.030 1.000
1.0 0.0 0.0 0.0 0.0 0.0 0.0 0.0 0.0 0.0 0.042 0.708 0.958 0.789 1.0 0.114 0.030 1.000
1.0 0.0 0.0 0.0 0.0 0.0 0.0 0.0 0.0 0.0 0.042 0.708 0.958 0.789 1.0 0.114 0.030 1.000
1.0 0.0 0.0 0.0 0.0 0.0 0.0 0.0 0.0 0.0 0.042 0.708 0.958 0.789 1.0 0.129 0.030 1.000
0.0 0.0 1.0 0.0 0.0 0.0 0.0 0.0 1.0 0.0 0.042 0.708 0.958 0.789 3.0 0.186 0.091 1.000
1.0 0.0 0.0 0.0 0.0 0.0 0.0 0.0 0.0 0.0 0.042 0.708 0.958 0.789 1.0 0.114 0.030 1.000
1.0 0.0 0.0 0.0 0.0 0.0 0.0 0.0 0.0 0.0 0.042 0.708 0.958 0.789 1.0 0.143 0.030 1.000
1.0 0.0 0.0 0.0 0.0 0.0 0.0 0.0 0.0 0.0 0.042 0.708 0.958 0.789 1.0 0.129 0.030 1.000
0.0 0.0 1.0 0.0 0.0 0.0 0.0 0.0 1.0 0.0 0.042 0.708 0.958 0.789 3.0 0.186 0.091 1.000
1.0 0.0 0.0 0.0 0.0 0.0 0.0 0.0 0.0 0.0 0.042 0.708 0.958 0.789 1.0 0.114 0.030 1.000
1.0 0.0 0.0 0.0 0.0 0.0 0.0 0.0 0.0 0.0 0.042 0.792 0.792 0.792 1.0 0.114 0.030 0.040
1.0 0.0 0.0 0.0 0.0 0.0 0.0 0.0 0.0 0.0 0.042 0.708 0.958 0.789 1.0 0.114 0.030 1.000
1.0 0.0 0.0 0.0 0.0 0.0 0.0 0.0 0.0 0.0 0.042 0.792 0.792 0.792 1.0 0.114 0.030 0.040
1.0 0.0 0.0 0.0 0.0 0.0 0.0 0.0 0.0 0.0 0.042 0.708 0.958 0.789 1.0 0.114 0.030 1.000
1.0 0.0 0.0 0.0 0.0 0.0 0.0 0.0 0.0 0.0 0.042 0.792 0.792 0.792 1.0 0.114 0.030 0.040
1.0 0.0 0.0 0.0 0.0 0.0 0.0 0.0 0.0 0.0 0.042 0.708 0.958 0.789 1.0 0.114 0.030 1.000
1.0 0.0 0.0 0.0 0.0 0.0 0.0 0.0 0.0 0.0 0.042 0.792 0.792 0.792 1.0 0.114 0.030 0.040
0.0 0.0 1.0 0.0 0.0 0.0 0.0 0.0 0.0 0.0 0.042 0.875 0.875 0.875 2.0 0.129 0.091 0.040
0.0 0.0 1.0 0.0 0.0 0.0 0.0 0.0 0.0 0.0 0.042 0.896 0.896 0.896 2.0 0.129 0.091 0.040
1.0 0.0 0.0 0.0 0.0 0.0 0.0 0.0 0.0 0.0 0.042 0.708 0.958 0.789 1.0 0.129 0.030 1.000
1.0 0.0 0.0 0.0 0.0 0.0 0.0 0.0 0.0 0.0 0.042 0.708 0.958 0.789 1.0 0.129 0.030 1.000
1.0 0.0 0.0 0.0 0.0 0.0 0.0 0.0 0.0 0.0 0.042 0.708 0.958 0.789 1.0 0.129 0.030 1.000
1.0 0.0 0.0 0.0 0.0 0.0 0.0 0.0 0.0 0.0 0.042 0.708 0.958 0.789 1.0 0.129 0.030 1.000
1.0 0.0 0.0 0.0 0.0 0.0 0.0 0.0 0.0 0.0 0.042 0.708 0.958 0.789 1.0 0.129 0.030 1.000
1.0 0.0 0.0 0.0 0.0 0.0 0.0 0.0 0.0 0.0 0.042 0.708 0.958 0.789 1.0 0.129 0.030 1.000
1.0 0.0 0.0 0.0 0.0 0.0 0.0 0.0 0.0 0.0 0.042 0.896 0.896 0.896 1.0 0.129 0.030 0.040
1.0 0.0 0.0 0.0 0.0 0.0 0.0 0.0 0.0 0.0 0.042 0.708 0.958 0.789 1.0 0.129 0.030 1.000
1.0 0.0 0.0 0.0 0.0 0.0 0.0 0.0 0.0 0.0 0.042 0.708 0.958 0.789 1.0 0.143 0.030 1.000
1.0 0.0 0.0 0.0 0.0 0.0 0.0 0.0 0.0 0.0 0.042 0.875 0.875 0.875 1.0 0.143 0.030 0.040
1.0 0.0 0.0 0.0 0.0 0.0 0.0 0.0 0.0 0.0 0.042 0.708 0.958 0.789 1.0 0.114 0.030 1.000
1.0 0.0 0.0 0.0 0.0 0.0 0.0 0.0 0.0 0.0 0.042 0.708 0.958 0.789 1.0 0.129 0.030 1.000
0.0 1.0 0.0 0.0 0.0 0.0 0.0 0.0 0.0 0.0 0.062 0.688 0.938 0.768 1.0 0.129 0.091 1.000
0.0 0.0 1.0 0.0 0.0 0.0 0.0 0.0 1.0 0.0 0.042 0.708 0.958 0.789 3.0 0.157 0.091 1.000
1.0 0.0 0.0 0.0 0.0 0.0 0.0 0.0 0.0 0.0 0.042 0.708 0.958 0.789 1.0 0.129 0.030 1.000
1.0 0.0 0.0 0.0 0.0 0.0 0.0 0.0 0.0 0.0 0.042 0.708 0.958 0.789 1.0 0.143 0.030 1.000
1.0 0.0 0.0 0.0 0.0 0.0 0.0 0.0 0.0 0.0 0.042 0.708 0.958 0.789 1.0 0.143 0.030 1.000
1.0 0.0 0.0 0.0 0.0 0.0 0.0 0.0 0.0 0.0 0.042 0.708 0.958 0.789 1.0 0.114 0.030 1.000
1.0 0.0 0.0 0.0 0.0 0.0 0.0 0.0 0.0 0.0 0.042 0.708 0.958 0.789 1.0 0.129 0.030 1.000
1.0 0.0 0.0 0.0 0.0 0.0 0.0 0.0 0.0 0.0 0.042 0.708 0.958 0.789 1.0 0.129 0.030 1.000
1.0 0.0 0.0 0.0 0.0 0.0 0.0 0.0 0.0 0.0 0.042 0.708 0.958 0.789 1.0 0.129 0.030 1.000
1.0 0.0 0.0 0.0 0.0 0.0 0.0 0.0 0.0 0.0 0.042 0.708 0.958 0.789 1.0 0.129 0.030 1.000
1.0 0.0 0.0 0.0 0.0 0.0 0.0 0.0 0.0 0.0 0.042 0.708 0.958 0.789 1.0 0.129 0.030 1.000
0.0 1.0 0.0 0.0 0.0 0.0 0.0 0.0 0.0 0.0 0.062 0.854 0.854 0.854 1.0 0.114 0.091 0.040
0.0 1.0 0.0 0.0 0.0 0.0 0.0 0.0 0.0 0.0 0.062 0.875 0.875 0.875 1.0 0.114 0.091 0.040
0.0 1.0 0.0 0.0 0.0 0.0 0.0 0.0 0.0 0.0 0.062 0.688 0.938 0.768 1.0 0.100 0.030 1.000
0.0 1.0 0.0 0.0 0.0 0.0 0.0 0.0 0.0 0.0 0.062 0.688 0.938 0.768 1.0 0.100 0.030 1.000
0.0 1.0 0.0 0.0 0.0 0.0 0.0 0.0 0.0 0.0 0.062 0.875 0.875 0.875 1.0 0.100 0.030 0.040
0.0 1.0 0.0 0.0 0.0 0.0 0.0 0.0 0.0 0.0 0.062 0.875 0.875 0.875 1.0 0.100 0.030 0.040
0.0 1.0 0.0 0.0 0.0 0.0 0.0 0.0 0.0 0.0 0.062 0.688 0.938 0.768 1.0 0.100 0.030 1.000
0.0 1.0 0.0 0.0 0.0 0.0 0.0 0.0 0.0 0.0 0.062 0.688 0.938 0.768 1.0 0.114 0.091 1.000
0.0 1.0 0.0 0.0 0.0 0.0 0.0 0.0 0.0 0.0 0.062 0.688 0.938 0.768 1.0 0.100 0.030 1.000
0.0 1.0 0.0 0.0 0.0 0.0 0.0 0.0 0.0 0.0 0.062 0.688 0.938 0.768 1.0 0.100 0.030 1.000
0.0 1.0 0.0 0.0 0.0 0.0 0.0 0.0 0.0 0.0 0.062 0.688 0.938 0.768 1.0 0.114 0.091 1.000
0.0 0.0 1.0 0.0 0.0 0.0 0.0 0.0 1.0 0.0 0.062 0.875 0.875 0.875 2.0 0.157 0.091 0.040
0.0 1.0 0.0 0.0 0.0 0.0 0.0 0.0 0.0 0.0 0.083 0.833 0.833 0.833 1.0 0.114 0.091 0.040
0.0 0.0 0.0 1.0 0.0 0.0 0.0 0.0 1.0 0.0 0.062 0.854 0.854 0.854 2.0 0.114 0.091 0.040
0.0 0.0 0.0 1.0 0.0 0.0 0.0 0.0 1.0 0.0 0.062 0.688 0.938 0.768 2.0 0.229 0.091 1.000
0.0 0.0 0.0 1.0 0.0 0.0 0.0 0.0 1.0 0.0 0.062 0.688 0.938 0.768 2.0 0.243 0.091 1.000
0.0 0.0 0.0 1.0 0.0 0.0 0.0 0.0 1.0 0.0 0.062 0.688 0.938 0.768 2.0 0.171 0.091 1.000
0.0 0.0 0.0 1.0 0.0 0.0 0.0 0.0 1.0 0.0 0.062 0.688 0.938 0.768 2.0 0.171 0.091 1.000
0.0 1.0 0.0 0.0 0.0 0.0 0.0 0.0 0.0 0.0 0.062 0.771 0.771 0.771 1.0 0.100 0.030 0.040
0.0 1.0 0.0 0.0 0.0 0.0 0.0 0.0 0.0 0.0 0.062 0.688 0.938 0.768 1.0 0.100 0.030 1.000
0.0 1.0 0.0 0.0 0.0 0.0 0.0 0.0 0.0 0.0 0.062 0.771 0.771 0.771 1.0 0.100 0.030 0.040
0.0 1.0 0.0 0.0 0.0 0.0 0.0 0.0 0.0 0.0 0.062 0.688 0.938 0.768 1.0 0.100 0.030 1.000
0.0 1.0 0.0 0.0 0.0 0.0 0.0 0.0 0.0 0.0 0.062 0.771 0.771 0.771 1.0 0.100 0.030 0.040
0.0 1.0 0.0 0.0 0.0 0.0 0.0 0.0 0.0 0.0 0.062 0.688 0.938 0.768 1.0 0.100 0.030 1.000
0.0 1.0 0.0 0.0 0.0 0.0 0.0 0.0 0.0 0.0 0.062 0.771 0.771 0.771 1.0 0.100 0.030 0.040
0.0 1.0 0.0 0.0 0.0 0.0 0.0 0.0 0.0 0.0 0.062 0.688 0.938 0.768 1.0 0.100 0.030 1.000
0.0 0.0 0.0 1.0 0.0 0.0 0.0 0.0 0.0 0.0 0.062 0.708 0.938 0.793 4.0 0.400 0.152 0.640
0.0 0.0 0.0 1.0 0.0 0.0 0.0 0.0 0.0 0.0 0.062 0.688 0.938 0.785 4.0 0.400 0.152 0.640
0.0 0.0 0.0 1.0 0.0 0.0 0.0 0.0 0.0 0.0 0.062 0.688 0.938 0.768 3.0 0.629 0.121 1.000
0.0 0.0 1.0 0.0 0.0 0.0 0.0 0.0 0.0 0.0 0.062 0.771 0.771 0.771 3.0 0.514 0.121 0.040
1.0 0.0 0.0 0.0 0.0 0.0 0.0 0.0 0.0 0.0 0.062 0.688 0.938 0.768 1.0 0.129 0.030 1.000
0.0 1.0 0.0 0.0 0.0 0.0 0.0 0.0 0.0 0.0 0.062 0.688 0.938 0.768 1.0 0.100 0.030 1.000
1.0 0.0 0.0 0.0 0.0 0.0 0.0 0.0 0.0 0.0 0.062 0.688 0.938 0.768 1.0 0.129 0.030 1.000
0.0 1.0 0.0 0.0 0.0 0.0 0.0 0.0 0.0 0.0 0.062 0.688 0.938 0.768 1.0 0.100 0.030 1.000
1.0 0.0 0.0 0.0 0.0 0.0 0.0 0.0 0.0 0.0 0.062 0.688 0.938 0.768 1.0 0.129 0.030 1.000
0.0 1.0 0.0 0.0 0.0 0.0 0.0 0.0 0.0 0.0 0.062 0.688 0.938 0.768 1.0 0.100 0.030 1.000
1.0 0.0 0.0 0.0 0.0 0.0 0.0 0.0 0.0 0.0 0.062 0.688 0.938 0.768 1.0 0.129 0.030 1.000
0.0 1.0 0.0 0.0 0.0 0.0 0.0 0.0 0.0 0.0 0.062 0.688 0.938 0.768 1.0 0.100 0.030 1.000
1.0 0.0 0.0 0.0 0.0 0.0 0.0 0.0 0.0 0.0 0.062 0.688 0.938 0.768 1.0 0.129 0.030 1.000
0.0 1.0 0.0 0.0 0.0 0.0 0.0 0.0 0.0 0.0 0.062 0.688 0.938 0.768 1.0 0.100 0.030 1.000
1.0 0.0 0.0 0.0 0.0 0.0 0.0 0.0 0.0 0.0 0.062 0.688 0.938 0.768 1.0 0.129 0.030 1.000
0.0 1.0 0.0 0.0 0.0 0.0 0.0 0.0 0.0 0.0 0.062 0.688 0.938 0.768 1.0 0.100 0.030 1.000
1.0 0.0 0.0 0.0 0.0 0.0 0.0 0.0 0.0 0.0 0.062 0.875 0.875 0.875 1.0 0.129 0.061 0.040
1.0 0.0 0.0 0.0 0.0 0.0 0.0 0.0 0.0 0.0 0.062 0.688 0.938 0.768 1.0 0.129 0.061 1.000
1.0 0.0 0.0 0.0 0.0 0.0 0.0 0.0 0.0 0.0 0.062 0.875 0.875 0.875 1.0 0.129 0.030 0.040
0.0 1.0 0.0 0.0 0.0 0.0 0.0 0.0 0.0 0.0 0.062 0.875 0.875 0.875 1.0 0.100 0.030 0.040
1.0 0.0 0.0 0.0 0.0 0.0 0.0 0.0 0.0 0.0 0.062 0.688 0.938 0.768 1.0 0.129 0.030 1.000
0.0 1.0 0.0 0.0 0.0 0.0 0.0 0.0 0.0 0.0 0.062 0.688 0.938 0.768 1.0 0.100 0.030 1.000
1.0 0.0 0.0 0.0 0.0 0.0 0.0 0.0 0.0 0.0 0.062 0.688 0.938 0.768 1.0 0.129 0.061 1.000
0.0 1.0 0.0 0.0 0.0 0.0 0.0 0.0 0.0 0.0 0.062 0.688 0.938 0.768 1.0 0.100 0.030 1.000
1.0 0.0 0.0 0.0 0.0 0.0 0.0 0.0 0.0 0.0 0.062 0.854 0.854 0.854 1.0 0.129 0.061 0.040
0.0 1.0 0.0 0.0 0.0 0.0 0.0 0.0 0.0 0.0 0.062 0.854 0.854 0.854 1.0 0.100 0.030 0.040
1.0 0.0 0.0 0.0 0.0 0.0 0.0 0.0 0.0 0.0 0.062 0.938 0.938 0.938 1.0 0.143 0.091 0.040
0.0 1.0 0.0 0.0 0.0 0.0 0.0 0.0 0.0 0.0 0.062 0.938 0.938 0.938 1.0 0.100 0.030 0.040
1.0 0.0 0.0 0.0 0.0 0.0 0.0 0.0 0.0 0.0 0.062 0.688 0.938 0.768 1.0 0.143 0.091 1.000
0.0 1.0 0.0 0.0 0.0 0.0 0.0 0.0 0.0 0.0 0.062 0.688 0.938 0.768 1.0 0.100 0.030 1.000
0.0 1.0 0.0 0.0 0.0 0.0 0.0 0.0 0.0 0.0 0.062 0.688 0.938 0.768 1.0 0.100 0.030 1.000
0.0 1.0 0.0 0.0 0.0 0.0 0.0 0.0 0.0 0.0 0.062 0.688 0.938 0.768 1.0 0.100 0.030 1.000
0.0 1.0 0.0 0.0 0.0 0.0 0.0 0.0 0.0 0.0 0.083 0.667 0.917 0.748 1.0 0.100 0.091 1.000
0.0 1.0 0.0 0.0 0.0 0.0 0.0 0.0 0.0 0.0 0.062 0.688 0.938 0.768 1.0 0.100 0.030 1.000
0.0 1.0 0.0 0.0 0.0 0.0 0.0 0.0 0.0 0.0 0.062 0.688 0.938 0.768 1.0 0.100 0.030 1.000
1.0 0.0 0.0 0.0 0.0 0.0 0.0 0.0 0.0 0.0 0.062 0.688 0.938 0.768 1.0 0.129 0.030 1.000
0.0 1.0 0.0 0.0 0.0 0.0 0.0 0.0 0.0 0.0 0.062 0.688 0.938 0.768 1.0 0.100 0.030 1.000
1.0 0.0 0.0 0.0 0.0 0.0 0.0 0.0 0.0 0.0 0.062 0.688 0.938 0.768 1.0 0.129 0.030 1.000
0.0 1.0 0.0 0.0 0.0 0.0 0.0 0.0 0.0 0.0 0.062 0.688 0.938 0.768 1.0 0.100 0.030 1.000
0.0 1.0 0.0 0.0 0.0 0.0 0.0 0.0 0.0 0.0 0.062 0.688 0.938 0.768 1.0 0.100 0.030 1.000
0.0 1.0 0.0 0.0 0.0 0.0 0.0 0.0 0.0 0.0 0.062 0.688 0.938 0.768 1.0 0.100 0.030 1.000
0.0 1.0 0.0 0.0 0.0 0.0 0.0 0.0 0.0 0.0 0.062 0.688 0.938 0.768 1.0 0.100 0.030 1.000
0.0 1.0 0.0 0.0 0.0 0.0 0.0 0.0 0.0 0.0 0.062 0.688 0.938 0.768 1.0 0.100 0.030 1.000
0.0 1.0 0.0 0.0 0.0 0.0 0.0 0.0 0.0 0.0 0.062 0.688 0.938 0.768 1.0 0.100 0.030 1.000
0.0 1.0 0.0 0.0 0.0 0.0 0.0 0.0 0.0 0.0 0.062 0.688 0.938 0.768 1.0 0.100 0.030 1.000
0.0 1.0 0.0 0.0 0.0 0.0 0.0 0.0 0.0 0.0 0.062 0.688 0.938 0.768 1.0 0.100 0.030 1.000
0.0 1.0 0.0 0.0 0.0 0.0 0.0 0.0 0.0 0.0 0.062 0.688 0.938 0.768 1.0 0.100 0.030 1.000
1.0 0.0 0.0 0.0 0.0 0.0 0.0 0.0 0.0 0.0 0.062 0.688 0.938 0.768 1.0 0.129 0.030 1.000
1.0 0.0 0.0 0.0 0.0 0.0 0.0 0.0 0.0 0.0 0.062 0.688 0.938 0.768 1.0 0.129 0.030 1.000
1.0 0.0 0.0 0.0 0.0 0.0 0.0 0.0 0.0 0.0 0.062 0.688 0.938 0.768 1.0 0.129 0.030 1.000
1.0 0.0 0.0 0.0 0.0 0.0 0.0 0.0 0.0 0.0 0.062 0.688 0.938 0.768 1.0 0.129 0.030 1.000
1.0 0.0 0.0 0.0 0.0 0.0 0.0 0.0 0.0 0.0 0.062 0.688 0.938 0.768 1.0 0.129 0.030 1.000
1.0 0.0 0.0 0.0 0.0 0.0 0.0 0.0 0.0 0.0 0.062 0.688 0.938 0.768 1.0 0.129 0.030 1.000
1.0 0.0 0.0 0.0 0.0 0.0 0.0 0.0 0.0 0.0 0.062 0.875 0.875 0.875 1.0 0.129 0.030 0.040
1.0 0.0 0.0 0.0 0.0 0.0 0.0 0.0 0.0 0.0 0.062 0.688 0.938 0.768 1.0 0.129 0.030 1.000
1.0 0.0 0.0 0.0 0.0 0.0 0.0 0.0 0.0 0.0 0.062 0.875 0.875 0.875 1.0 0.129 0.030 0.040
1.0 0.0 0.0 0.0 0.0 0.0 0.0 0.0 0.0 0.0 0.062 0.688 0.938 0.768 1.0 0.129 0.030 1.000
1.0 0.0 0.0 0.0 0.0 0.0 0.0 0.0 0.0 0.0 0.062 0.688 0.938 0.768 1.0 0.129 0.030 1.000
1.0 0.0 0.0 0.0 0.0 0.0 0.0 0.0 0.0 0.0 0.062 0.854 0.854 0.854 1.0 0.129 0.030 0.040
1.0 0.0 0.0 0.0 0.0 0.0 0.0 0.0 0.0 0.0 0.062 0.688 0.938 0.768 1.0 0.129 0.030 1.000
1.0 0.0 0.0 0.0 0.0 0.0 0.0 0.0 0.0 0.0 0.062 0.688 0.938 0.768 1.0 0.129 0.030 1.000
0.0 0.0 0.0 1.0 0.0 0.0 0.0 0.0 0.0 0.0 0.083 0.667 0.917 0.748 2.0 0.129 0.061 1.000
0.0 0.0 0.0 1.0 0.0 0.0 0.0 0.0 0.0 0.0 0.083 0.667 0.917 0.748 2.0 0.129 0.061 1.000
0.0 0.0 0.0 1.0 0.0 0.0 0.0 0.0 0.0 0.0 0.083 0.854 0.854 0.854 2.0 0.129 0.061 0.040
0.0 1.0 0.0 0.0 0.0 0.0 0.0 0.0 0.0 0.0 0.104 0.833 0.833 0.833 1.0 0.100 0.061 0.040
0.0 0.0 1.0 0.0 0.0 0.0 0.0 0.0 0.0 0.0 0.083 0.854 0.854 0.854 2.0 0.114 0.061 0.040
0.0 0.0 0.0 1.0 0.0 0.0 0.0 0.0 0.0 0.0 0.083 0.667 0.917 0.748 2.0 0.143 0.121 1.000
0.0 0.0 0.0 1.0 0.0 0.0 0.0 0.0 0.0 0.0 0.083 0.667 0.917 0.748 2.0 0.129 0.121 1.000
0.0 0.0 0.0 1.0 0.0 0.0 0.0 0.0 0.0 0.0 0.083 0.667 0.917 0.748 2.0 0.143 0.061 1.000
0.0 0.0 0.0 1.0 0.0 0.0 0.0 0.0 0.0 0.0 0.083 0.667 0.917 0.748 2.0 0.143 0.061 1.000
0.0 0.0 0.0 1.0 0.0 0.0 0.0 0.0 0.0 0.0 0.104 0.646 0.896 0.727 2.0 0.143 0.121 1.000
0.0 0.0 0.0 1.0 0.0 0.0 0.0 0.0 0.0 0.0 0.083 0.667 0.917 0.748 2.0 0.143 0.121 1.000
0.0 0.0 0.0 1.0 0.0 0.0 0.0 0.0 0.0 0.0 0.083 0.667 0.917 0.748 2.0 0.143 0.061 1.000
0.0 0.0 0.0 1.0 0.0 0.0 0.0 0.0 0.0 0.0 0.083 0.667 0.917 0.748 2.0 0.143 0.061 1.000
0.0 0.0 0.0 1.0 0.0 0.0 0.0 0.0 0.0 0.0 0.083 0.667 0.917 0.748 2.0 0.143 0.061 1.000
0.0 0.0 0.0 1.0 0.0 0.0 0.0 0.0 0.0 0.0 0.083 0.667 0.917 0.748 2.0 0.143 0.061 1.000
0.0 0.0 0.0 1.0 0.0 0.0 0.0 0.0 0.0 0.0 0.083 0.667 0.917 0.748 2.0 0.143 0.061 1.000
0.0 0.0 0.0 1.0 0.0 0.0 0.0 0.0 0.0 0.0 0.083 0.667 0.917 0.748 2.0 0.143 0.061 1.000
0.0 1.0 0.0 0.0 0.0 0.0 0.0 0.0 0.0 0.0 0.083 0.667 0.917 0.748 1.0 0.100 0.030 1.000
0.0 1.0 0.0 0.0 0.0 0.0 0.0 0.0 0.0 0.0 0.083 0.667 0.917 0.748 1.0 0.100 0.030 1.000
0.0 0.0 0.0 1.0 0.0 0.0 0.0 0.0 0.0 0.0 0.104 0.646 0.896 0.727 2.0 0.143 0.061 1.000
0.0 1.0 0.0 0.0 0.0 0.0 0.0 0.0 0.0 0.0 0.083 0.667 0.917 0.748 1.0 0.100 0.030 1.000
0.0 1.0 0.0 0.0 0.0 0.0 0.0 0.0 0.0 0.0 0.083 0.667 0.917 0.748 1.0 0.100 0.030 1.000
0.0 1.0 0.0 0.0 0.0 0.0 0.0 0.0 0.0 0.0 0.083 0.667 0.917 0.748 1.0 0.100 0.030 1.000
0.0 1.0 0.0 0.0 0.0 0.0 0.0 0.0 0.0 0.0 0.083 0.667 0.917 0.748 1.0 0.100 0.030 1.000
0.0 1.0 0.0 0.0 0.0 0.0 0.0 0.0 0.0 0.0 0.083 0.667 0.917 0.748 1.0 0.100 0.061 1.000
0.0 1.0 0.0 0.0 0.0 0.0 0.0 0.0 0.0 0.0 0.083 0.667 0.917 0.748 1.0 0.100 0.030 1.000
0.0 1.0 0.0 0.0 0.0 0.0 0.0 0.0 0.0 0.0 0.083 0.833 0.833 0.833 1.0 0.100 0.061 0.040
0.0 0.0 0.0 1.0 0.0 0.0 0.0 0.0 0.0 0.0 0.125 0.812 0.812 0.812 2.0 0.129 0.061 0.040
0.0 1.0 0.0 0.0 0.0 0.0 0.0 0.0 0.0 0.0 0.083 0.667 0.917 0.748 1.0 0.100 0.091 1.000
0.0 0.0 0.0 1.0 0.0 0.0 0.0 0.0 0.0 0.0 0.083 0.667 0.917 0.748 2.0 0.129 0.121 1.000
0.0 1.0 0.0 0.0 0.0 0.0 0.0 0.0 0.0 0.0 0.083 0.667 0.917 0.748 1.0 0.100 0.030 1.000
0.0 0.0 0.0 1.0 0.0 0.0 0.0 0.0 0.0 0.0 0.104 0.646 0.896 0.727 2.0 0.143 0.121 1.000
0.0 1.0 0.0 0.0 0.0 0.0 0.0 0.0 0.0 0.0 0.083 0.750 0.750 0.750 1.0 0.114 0.091 0.040
1.0 0.0 0.0 0.0 0.0 0.0 0.0 0.0 0.0 0.0 0.083 0.667 0.917 0.748 1.0 0.343 0.091 1.000
0.0 1.0 0.0 0.0 0.0 0.0 0.0 0.0 0.0 0.0 0.083 0.750 0.750 0.750 1.0 0.114 0.091 0.040
1.0 0.0 0.0 0.0 0.0 0.0 0.0 0.0 0.0 0.0 0.083 0.667 0.917 0.748 1.0 0.386 0.091 1.000
0.0 0.0 0.0 1.0 0.0 0.0 0.0 0.0 0.0 0.0 0.083 0.688 0.917 0.772 2.0 1.000 0.182 0.640
0.0 0.0 0.0 1.0 0.0 0.0 0.0 0.0 0.0 0.0 0.083 0.667 0.917 0.764 2.0 1.000 0.182 0.640
0.0 1.0 0.0 0.0 0.0 0.0 0.0 0.0 0.0 0.0 0.083 0.667 0.917 0.748 1.0 0.100 0.030 1.000
0.0 0.0 0.0 1.0 0.0 0.0 0.0 0.0 0.0 0.0 0.083 0.667 0.917 0.748 2.0 0.143 0.061 1.000
0.0 1.0 0.0 0.0 0.0 0.0 0.0 0.0 0.0 0.0 0.083 0.667 0.917 0.748 1.0 0.100 0.030 1.000
0.0 0.0 0.0 1.0 0.0 0.0 0.0 0.0 0.0 0.0 0.083 0.667 0.917 0.748 2.0 0.143 0.061 1.000
0.0 1.0 0.0 0.0 0.0 0.0 0.0 0.0 0.0 0.0 0.083 0.667 0.917 0.748 1.0 0.100 0.030 1.000
0.0 0.0 0.0 1.0 0.0 0.0 0.0 0.0 0.0 0.0 0.083 0.667 0.917 0.748 2.0 0.143 0.061 1.000
0.0 1.0 0.0 0.0 0.0 0.0 0.0 0.0 0.0 0.0 0.083 0.667 0.917 0.748 1.0 0.100 0.030 1.000
0.0 0.0 0.0 1.0 0.0 0.0 0.0 0.0 0.0 0.0 0.083 0.667 0.917 0.748 2.0 0.143 0.061 1.000
0.0 1.0 0.0 0.0 0.0 0.0 0.0 0.0 0.0 0.0 0.083 0.667 0.917 0.748 1.0 0.100 0.030 1.000
0.0 0.0 0.0 1.0 0.0 0.0 0.0 0.0 0.0 0.0 0.083 0.667 0.917 0.748 2.0 0.143 0.061 1.000
0.0 1.0 0.0 0.0 0.0 0.0 0.0 0.0 0.0 0.0 0.083 0.667 0.917 0.748 1.0 0.100 0.030 1.000
0.0 0.0 0.0 1.0 0.0 0.0 0.0 0.0 0.0 0.0 0.083 0.667 0.917 0.748 2.0 0.129 0.061 1.000
0.0 1.0 0.0 0.0 0.0 0.0 0.0 0.0 0.0 0.0 0.083 0.854 0.854 0.854 1.0 0.100 0.030 0.040
0.0 1.0 0.0 0.0 0.0 0.0 0.0 0.0 0.0 0.0 0.083 0.854 0.854 0.854 1.0 0.100 0.061 0.040
0.0 1.0 0.0 0.0 0.0 0.0 0.0 0.0 0.0 0.0 0.083 0.667 0.917 0.748 1.0 0.100 0.030 1.000
0.0 1.0 0.0 0.0 0.0 0.0 0.0 0.0 0.0 0.0 0.083 0.854 0.854 0.854 1.0 0.100 0.030 0.040
0.0 0.0 0.0 1.0 0.0 0.0 0.0 0.0 0.0 0.0 0.083 0.854 0.854 0.854 2.0 0.143 0.061 0.040
0.0 1.0 0.0 0.0 0.0 0.0 0.0 0.0 0.0 0.0 0.083 0.854 0.854 0.854 1.0 0.100 0.030 0.040
0.0 1.0 0.0 0.0 0.0 0.0 0.0 0.0 0.0 0.0 0.083 0.667 0.917 0.748 1.0 0.100 0.030 1.000
0.0 1.0 0.0 0.0 0.0 0.0 0.0 0.0 0.0 0.0 0.104 0.646 0.896 0.727 1.0 0.114 0.061 1.000
0.0 0.0 0.0 1.0 0.0 0.0 0.0 0.0 0.0 0.0 0.083 0.667 0.917 0.748 2.0 0.114 0.061 1.000
0.0 1.0 0.0 0.0 0.0 0.0 0.0 0.0 0.0 0.0 0.083 0.667 0.917 0.748 1.0 0.100 0.030 1.000
0.0 1.0 0.0 0.0 0.0 0.0 0.0 0.0 0.0 0.0 0.104 0.646 0.896 0.727 1.0 0.114 0.061 1.000
0.0 0.0 0.0 1.0 0.0 0.0 0.0 0.0 0.0 0.0 0.083 0.667 0.917 0.748 2.0 0.114 0.061 1.000
0.0 1.0 0.0 0.0 0.0 0.0 0.0 0.0 0.0 0.0 0.083 0.667 0.917 0.748 1.0 0.100 0.061 1.000
0.0 1.0 0.0 0.0 0.0 0.0 0.0 0.0 0.0 0.0 0.083 0.833 0.833 0.833 1.0 0.100 0.030 0.040
0.0 0.0 0.0 1.0 0.0 0.0 0.0 0.0 0.0 0.0 0.083 0.833 0.833 0.833 2.0 0.143 0.061 0.040
0.0 1.0 0.0 0.0 0.0 0.0 0.0 0.0 0.0 0.0 0.083 0.917 0.917 0.917 1.0 0.100 0.091 0.040
0.0 0.0 0.0 1.0 0.0 0.0 0.0 0.0 0.0 0.0 0.083 0.917 0.917 0.917 2.0 0.143 0.121 0.040
0.0 0.0 0.0 1.0 0.0 0.0 0.0 0.0 0.0 0.0 0.104 0.646 0.896 0.727 2.0 0.171 0.061 1.000
0.0 0.0 0.0 1.0 0.0 0.0 0.0 0.0 0.0 0.0 0.125 0.625 0.875 0.706 2.0 0.171 0.121 1.000
0.0 1.0 0.0 0.0 0.0 0.0 0.0 0.0 0.0 0.0 0.083 0.667 0.917 0.748 1.0 0.100 0.030 1.000
0.0 0.0 0.0 1.0 0.0 0.0 0.0 0.0 0.0 0.0 0.083 0.667 0.917 0.748 2.0 0.143 0.061 1.000
0.0 1.0 0.0 0.0 0.0 0.0 0.0 0.0 0.0 0.0 0.083 0.667 0.917 0.748 1.0 0.100 0.030 1.000
0.0 1.0 0.0 0.0 0.0 0.0 0.0 0.0 0.0 0.0 0.083 0.667 0.917 0.748 1.0 0.100 0.030 1.000
0.0 0.0 0.0 1.0 0.0 0.0 0.0 0.0 0.0 0.0 0.083 0.667 0.917 0.748 2.0 0.143 0.061 1.000
0.0 0.0 0.0 1.0 0.0 0.0 0.0 0.0 0.0 0.0 0.104 0.646 0.896 0.727 2.0 0.171 0.061 1.000
0.0 0.0 0.0 1.0 0.0 0.0 0.0 0.0 0.0 0.0 0.104 0.646 0.896 0.727 2.0 0.171 0.061 1.000
0.0 0.0 0.0 1.0 0.0 0.0 0.0 0.0 0.0 0.0 0.104 0.646 0.896 0.727 2.0 0.171 0.061 1.000
1.0 0.0 0.0 0.0 0.0 0.0 0.0 0.0 0.0 0.0 0.083 0.667 0.917 0.748 1.0 0.129 0.091 1.000
1.0 0.0 0.0 0.0 0.0 0.0 0.0 0.0 0.0 0.0 0.083 0.750 0.750 0.750 1.0 0.129 0.091 0.040
1.0 0.0 0.0 0.0 0.0 0.0 0.0 0.0 0.0 0.0 0.083 0.667 0.917 0.748 1.0 0.129 0.091 1.000
1.0 0.0 0.0 0.0 0.0 0.0 0.0 0.0 0.0 0.0 0.083 0.750 0.750 0.750 1.0 0.129 0.091 0.040
0.0 1.0 0.0 0.0 0.0 0.0 0.0 0.0 0.0 0.0 0.125 0.625 0.875 0.706 1.0 0.143 0.061 1.000
0.0 0.0 0.0 1.0 0.0 0.0 0.0 0.0 0.0 0.0 0.104 0.646 0.896 0.727 2.0 0.129 0.121 1.000
0.0 0.0 0.0 1.0 0.0 0.0 0.0 0.0 0.0 0.0 0.104 0.646 0.896 0.727 2.0 0.143 0.061 1.000
0.0 0.0 0.0 1.0 0.0 0.0 0.0 0.0 0.0 0.0 0.104 0.646 0.896 0.727 2.0 0.143 0.061 1.000
0.0 0.0 0.0 1.0 0.0 0.0 0.0 0.0 0.0 0.0 0.104 0.646 0.896 0.727 2.0 0.143 0.061 1.000
0.0 0.0 0.0 1.0 0.0 0.0 0.0 0.0 0.0 0.0 0.104 0.646 0.896 0.727 2.0 0.143 0.061 1.000
0.0 0.0 0.0 1.0 0.0 0.0 0.0 0.0 0.0 0.0 0.104 0.646 0.896 0.727 2.0 0.143 0.061 1.000
0.0 0.0 0.0 1.0 0.0 0.0 0.0 0.0 0.0 0.0 0.104 0.646 0.896 0.727 2.0 0.129 0.061 1.000
0.0 0.0 0.0 1.0 0.0 0.0 0.0 0.0 0.0 0.0 0.104 0.833 0.833 0.833 2.0 0.143 0.061 0.040
0.0 0.0 0.0 1.0 0.0 0.0 0.0 0.0 0.0 0.0 0.104 0.646 0.896 0.727 2.0 0.143 0.061 1.000
0.0 0.0 0.0 1.0 0.0 0.0 0.0 0.0 0.0 0.0 0.104 0.646 0.896 0.727 2.0 0.143 0.061 1.000
0.0 0.0 0.0 1.0 0.0 0.0 0.0 0.0 0.0 0.0 0.104 0.812 0.812 0.812 2.0 0.143 0.061 0.040
0.0 1.0 0.0 0.0 0.0 0.0 0.0 0.0 0.0 0.0 0.146 0.792 0.792 0.792 1.0 0.129 0.061 0.040
0.0 0.0 0.0 1.0 0.0 0.0 0.0 0.0 0.0 0.0 0.104 0.896 0.896 0.896 2.0 0.143 0.121 0.040
0.0 0.0 0.0 1.0 0.0 0.0 0.0 0.0 0.0 0.0 0.104 0.646 0.896 0.727 2.0 0.143 0.061 1.000
0.0 0.0 0.0 1.0 0.0 0.0 0.0 0.0 0.0 0.0 0.104 0.646 0.896 0.727 2.0 0.143 0.061 1.000
0.0 1.0 0.0 0.0 0.0 0.0 0.0 0.0 0.0 0.0 0.125 0.625 0.875 0.706 1.0 0.129 0.121 1.000
0.0 0.0 0.0 1.0 0.0 0.0 0.0 0.0 0.0 0.0 0.125 0.625 0.875 0.706 2.0 0.143 0.121 1.000
0.0 0.0 0.0 1.0 0.0 0.0 0.0 0.0 0.0 0.0 0.125 0.625 0.875 0.706 2.0 0.143 0.091 1.000
0.0 1.0 0.0 0.0 0.0 0.0 0.0 0.0 0.0 0.0 0.125 0.625 0.875 0.706 1.0 0.114 0.061 1.000
0.0 1.0 0.0 0.0 0.0 0.0 0.0 0.0 0.0 0.0 0.104 0.729 0.729 0.729 1.0 0.100 0.091 0.040
0.0 1.0 0.0 0.0 0.0 0.0 0.0 0.0 0.0 0.0 0.104 0.646 0.896 0.727 1.0 0.100 0.091 1.000
0.0 1.0 0.0 0.0 0.0 0.0 0.0 0.0 0.0 0.0 0.104 0.729 0.729 0.729 1.0 0.100 0.091 0.040
0.0 1.0 0.0 0.0 0.0 0.0 0.0 0.0 0.0 0.0 0.104 0.646 0.896 0.727 1.0 0.100 0.091 1.000
0.0 0.0 0.0 1.0 0.0 0.0 0.0 0.0 0.0 0.0 0.125 0.625 0.875 0.706 2.0 0.171 0.061 1.000
0.0 0.0 0.0 1.0 0.0 0.0 0.0 0.0 0.0 0.0 0.125 0.625 0.875 0.706 2.0 0.171 0.061 1.000
0.0 0.0 0.0 1.0 0.0 0.0 0.0 0.0 0.0 0.0 0.125 0.625 0.875 0.706 2.0 0.171 0.061 1.000
0.0 0.0 0.0 1.0 0.0 0.0 0.0 0.0 0.0 0.0 0.125 0.625 0.875 0.706 2.0 0.171 0.061 1.000
0.0 0.0 0.0 1.0 0.0 0.0 0.0 0.0 0.0 0.0 0.125 0.625 0.875 0.706 2.0 0.171 0.061 1.000
0.0 1.0 0.0 0.0 0.0 0.0 0.0 0.0 0.0 0.0 0.146 0.604 0.854 0.685 1.0 0.129 0.061 1.000
0.0 0.0 0.0 1.0 0.0 0.0 0.0 0.0 0.0 0.0 0.125 0.625 0.875 0.706 2.0 0.143 0.061 1.000
0.0 0.0 0.0 1.0 0.0 0.0 0.0 0.0 0.0 0.0 0.125 0.812 0.812 0.812 2.0 0.171 0.061 0.040
0.0 0.0 0.0 1.0 0.0 0.0 0.0 0.0 0.0 0.0 0.125 0.625 0.875 0.706 2.0 0.157 0.061 1.000
0.0 0.0 0.0 1.0 0.0 0.0 0.0 0.0 0.0 0.0 0.125 0.625 0.875 0.706 2.0 0.157 0.061 1.000
0.0 0.0 0.0 1.0 0.0 0.0 0.0 0.0 0.0 0.0 0.125 0.792 0.792 0.792 2.0 0.171 0.061 0.040
0.0 0.0 0.0 1.0 0.0 0.0 0.0 0.0 0.0 0.0 0.125 0.875 0.875 0.875 2.0 0.171 0.121 0.040
0.0 1.0 0.0 0.0 0.0 0.0 0.0 0.0 0.0 0.0 0.125 0.625 0.875 0.706 1.0 0.114 0.061 1.000
0.0 0.0 0.0 1.0 0.0 0.0 0.0 0.0 0.0 0.0 0.125 0.625 0.875 0.706 2.0 0.143 0.091 1.000
0.0 1.0 0.0 0.0 0.0 0.0 0.0 0.0 0.0 0.0 0.146 0.604 0.854 0.685 1.0 0.114 0.121 1.000
0.0 0.0 0.0 1.0 0.0 0.0 0.0 0.0 0.0 0.0 0.146 0.604 0.854 0.685 2.0 0.157 0.152 1.000
0.0 0.0 0.0 1.0 0.0 0.0 0.0 0.0 0.0 0.0 0.125 0.625 0.875 0.706 2.0 0.171 0.061 1.000
0.0 0.0 0.0 1.0 0.0 0.0 0.0 0.0 0.0 0.0 0.125 0.625 0.875 0.706 2.0 0.171 0.061 1.000
0.0 1.0 0.0 0.0 0.0 0.0 0.0 0.0 0.0 0.0 0.125 0.625 0.875 0.706 1.0 0.114 0.061 1.000
0.0 0.0 0.0 1.0 0.0 0.0 0.0 0.0 0.0 0.0 0.125 0.625 0.875 0.706 2.0 0.157 0.091 1.000
0.0 1.0 0.0 0.0 0.0 0.0 0.0 0.0 0.0 0.0 0.125 0.625 0.875 0.706 1.0 0.114 0.061 1.000
0.0 0.0 0.0 1.0 0.0 0.0 0.0 0.0 0.0 0.0 0.125 0.625 0.875 0.706 2.0 0.157 0.091 1.000
0.0 1.0 0.0 0.0 0.0 0.0 0.0 0.0 0.0 0.0 0.167 0.771 0.771 0.771 1.0 0.100 0.061 0.040
0.0 1.0 0.0 0.0 0.0 0.0 0.0 0.0 0.0 0.0 0.167 0.583 0.833 0.664 1.0 0.100 0.091 1.000
0.0 0.0 1.0 0.0 0.0 0.0 0.0 0.0 0.0 0.0 0.146 0.604 0.854 0.685 2.0 0.114 0.091 1.000
0.0 1.0 0.0 0.0 0.0 0.0 0.0 0.0 0.0 0.0 0.146 0.604 0.854 0.685 1.0 0.100 0.121 1.000
1.0 0.0 0.0 0.0 0.0 0.0 0.0 0.0 0.0 0.0 0.146 0.604 0.854 0.685 1.0 0.129 0.061 1.000
1.0 0.0 0.0 0.0 0.0 0.0 0.0 0.0 0.0 0.0 0.146 0.771 0.771 0.771 1.0 0.129 0.061 0.040
0.0 0.0 0.0 1.0 0.0 0.0 0.0 0.0 0.0 0.0 0.146 0.604 0.854 0.685 2.0 0.129 0.091 1.000
0.0 0.0 0.0 1.0 0.0 0.0 0.0 0.0 0.0 0.0 0.167 0.583 0.833 0.664 2.0 0.143 0.152 1.000
0.0 0.0 0.0 1.0 0.0 0.0 0.0 0.0 0.0 0.0 0.146 0.604 0.854 0.685 2.0 0.143 0.091 1.000
0.0 0.0 0.0 1.0 0.0 0.0 0.0 0.0 0.0 0.0 0.146 0.604 0.854 0.685 2.0 0.143 0.091 1.000
0.0 1.0 0.0 0.0 0.0 0.0 0.0 0.0 0.0 0.0 0.146 0.604 0.854 0.685 1.0 0.129 0.121 1.000
0.0 0.0 0.0 1.0 0.0 0.0 0.0 0.0 0.0 0.0 0.146 0.604 0.854 0.685 2.0 0.143 0.091 1.000
0.0 1.0 0.0 0.0 0.0 0.0 0.0 0.0 0.0 0.0 0.146 0.604 0.854 0.685 1.0 0.114 0.061 1.000
0.0 0.0 0.0 1.0 0.0 0.0 0.0 0.0 0.0 0.0 0.146 0.604 0.854 0.685 2.0 0.157 0.091 1.000
0.0 1.0 0.0 0.0 0.0 0.0 0.0 0.0 0.0 0.0 0.146 0.604 0.854 0.685 1.0 0.114 0.061 1.000
0.0 0.0 0.0 1.0 0.0 0.0 0.0 0.0 0.0 0.0 0.146 0.604 0.854 0.685 2.0 0.143 0.091 1.000
0.0 1.0 0.0 0.0 0.0 0.0 0.0 0.0 0.0 0.0 0.146 0.604 0.854 0.685 1.0 0.114 0.061 1.000
0.0 0.0 0.0 1.0 0.0 0.0 0.0 0.0 0.0 0.0 0.146 0.604 0.854 0.685 2.0 0.143 0.091 1.000
0.0 1.0 0.0 0.0 0.0 0.0 0.0 0.0 0.0 0.0 0.146 0.604 0.854 0.685 1.0 0.114 0.061 1.000
0.0 0.0 0.0 1.0 0.0 0.0 0.0 0.0 0.0 0.0 0.167 0.583 0.833 0.664 2.0 0.129 0.091 1.000
0.0 1.0 0.0 0.0 0.0 0.0 0.0 0.0 0.0 0.0 0.167 0.583 0.833 0.664 1.0 0.100 0.061 1.000
0.0 0.0 0.0 1.0 0.0 0.0 0.0 0.0 0.0 0.0 0.146 0.604 0.854 0.685 2.0 0.171 0.091 1.000
0.0 1.0 0.0 0.0 0.0 0.0 0.0 0.0 0.0 0.0 0.146 0.604 0.854 0.685 1.0 0.114 0.061 1.000
0.0 0.0 0.0 1.0 0.0 0.0 0.0 0.0 0.0 0.0 0.146 0.604 0.854 0.685 2.0 0.143 0.091 1.000
0.0 1.0 0.0 0.0 0.0 0.0 0.0 0.0 0.0 0.0 0.146 0.604 0.854 0.685 1.0 0.114 0.061 1.000
0.0 0.0 0.0 1.0 0.0 0.0 0.0 0.0 0.0 0.0 0.146 0.771 0.771 0.771 2.0 0.143 0.121 0.040
0.0 1.0 0.0 0.0 0.0 0.0 0.0 0.0 0.0 0.0 0.146 0.771 0.771 0.771 1.0 0.114 0.061 0.040
0.0 1.0 0.0 0.0 0.0 0.0 0.0 0.0 0.0 0.0 0.146 0.854 0.854 0.854 1.0 0.114 0.121 0.040
0.0 0.0 0.0 1.0 0.0 0.0 0.0 0.0 0.0 0.0 0.146 0.604 0.854 0.685 2.0 0.143 0.091 1.000
0.0 1.0 0.0 0.0 0.0 0.0 0.0 0.0 0.0 0.0 0.146 0.604 0.854 0.685 1.0 0.114 0.061 1.000
0.0 0.0 0.0 1.0 0.0 0.0 0.0 0.0 0.0 0.0 0.188 0.562 0.812 0.643 2.0 0.129 0.091 1.000
0.0 1.0 0.0 0.0 0.0 0.0 0.0 0.0 0.0 0.0 0.146 0.792 0.792 0.792 1.0 0.114 0.061 0.040
0.0 0.0 0.0 1.0 0.0 0.0 0.0 0.0 0.0 0.0 0.146 0.792 0.792 0.792 2.0 0.143 0.091 0.040
0.0 1.0 0.0 0.0 0.0 0.0 0.0 0.0 0.0 0.0 0.146 0.604 0.854 0.685 1.0 0.114 0.061 1.000
0.0 0.0 0.0 1.0 0.0 0.0 0.0 0.0 0.0 0.0 0.146 0.604 0.854 0.685 2.0 0.157 0.121 1.000
0.0 1.0 0.0 0.0 0.0 0.0 0.0 0.0 0.0 0.0 0.188 0.562 0.812 0.643 1.0 0.129 0.091 1.000
0.0 0.0 0.0 1.0 0.0 0.0 0.0 0.0 0.0 0.0 0.167 0.583 0.833 0.664 2.0 0.143 0.091 1.000
0.0 1.0 0.0 0.0 0.0 0.0 0.0 0.0 0.0 0.0 0.146 0.604 0.854 0.685 1.0 0.114 0.061 1.000
0.0 0.0 0.0 1.0 0.0 0.0 0.0 0.0 0.0 0.0 0.146 0.604 0.854 0.685 2.0 0.157 0.091 1.000
0.0 0.0 0.0 1.0 0.0 0.0 0.0 0.0 0.0 0.0 0.188 0.562 0.812 0.643 2.0 0.171 0.152 1.000
0.0 0.0 0.0 1.0 0.0 0.0 0.0 0.0 0.0 0.0 0.167 0.583 0.833 0.664 2.0 0.171 0.091 1.000
0.0 0.0 0.0 1.0 0.0 0.0 0.0 0.0 0.0 0.0 0.167 0.583 0.833 0.664 2.0 0.171 0.091 1.000
0.0 1.0 0.0 0.0 0.0 0.0 0.0 0.0 0.0 0.0 0.188 0.562 0.812 0.643 1.0 0.100 0.091 1.000
0.0 0.0 0.0 1.0 0.0 0.0 0.0 0.0 0.0 0.0 0.167 0.583 0.833 0.664 2.0 0.114 0.091 1.000
0.0 0.0 0.0 1.0 0.0 0.0 0.0 0.0 0.0 0.0 0.167 0.583 0.833 0.664 2.0 0.143 0.091 1.000
0.0 0.0 0.0 1.0 0.0 0.0 0.0 0.0 0.0 0.0 0.167 0.583 0.833 0.664 2.0 0.129 0.091 1.000
0.0 1.0 0.0 0.0 0.0 0.0 0.0 0.0 0.0 0.0 0.167 0.750 0.750 0.750 1.0 0.100 0.061 0.040
0.0 1.0 0.0 0.0 0.0 0.0 0.0 0.0 0.0 0.0 0.167 0.583 0.833 0.664 1.0 0.100 0.061 1.000
0.0 0.0 0.0 1.0 0.0 0.0 0.0 0.0 0.0 0.0 0.167 0.583 0.833 0.664 2.0 0.129 0.091 1.000
0.0 0.0 0.0 1.0 0.0 0.0 0.0 0.0 0.0 0.0 0.188 0.562 0.812 0.643 2.0 0.129 0.091 1.000
0.0 1.0 0.0 0.0 0.0 0.0 0.0 0.0 0.0 0.0 0.188 0.562 0.812 0.643 1.0 0.129 0.091 1.000
0.0 0.0 0.0 1.0 0.0 0.0 0.0 0.0 0.0 0.0 0.167 0.583 0.833 0.664 2.0 0.114 0.091 1.000
0.0 0.0 0.0 1.0 0.0 0.0 0.0 0.0 0.0 0.0 0.167 0.583 0.833 0.664 2.0 0.129 0.091 1.000
0.0 0.0 0.0 1.0 0.0 0.0 0.0 0.0 0.0 0.0 0.167 0.750 0.750 0.750 2.0 0.129 0.121 0.040
0.0 0.0 0.0 1.0 0.0 0.0 0.0 0.0 0.0 0.0 0.167 0.583 0.833 0.664 2.0 0.129 0.091 1.000
0.0 1.0 0.0 0.0 0.0 0.0 0.0 0.0 0.0 0.0 0.167 0.583 0.833 0.664 1.0 0.100 0.121 1.000
0.0 0.0 0.0 1.0 0.0 0.0 0.0 0.0 0.0 0.0 0.167 0.771 0.771 0.771 2.0 0.129 0.091 0.040
0.0 0.0 0.0 1.0 0.0 0.0 0.0 0.0 0.0 0.0 0.167 0.583 0.833 0.664 2.0 0.143 0.121 1.000
0.0 0.0 0.0 1.0 0.0 0.0 0.0 0.0 0.0 0.0 0.167 0.583 0.833 0.664 2.0 0.143 0.091 1.000
0.0 1.0 0.0 0.0 0.0 0.0 0.0 0.0 0.0 0.0 0.208 0.542 0.792 0.622 1.0 0.129 0.091 1.000
0.0 1.0 0.0 0.0 0.0 0.0 0.0 0.0 0.0 0.0 0.229 0.521 0.771 0.602 1.0 0.100 0.091 1.000
0.0 0.0 1.0 0.0 0.0 0.0 0.0 0.0 0.0 0.0 0.208 0.542 0.792 0.622 2.0 0.114 0.091 1.000
0.0 0.0 0.0 1.0 0.0 0.0 0.0 0.0 0.0 0.0 0.188 0.562 0.812 0.643 2.0 0.186 0.091 1.000
0.0 1.0 0.0 0.0 0.0 0.0 0.0 0.0 0.0 0.0 0.208 0.542 0.792 0.622 1.0 0.143 0.091 1.000
0.0 0.0 1.0 0.0 0.0 0.0 0.0 0.0 0.0 0.0 0.188 0.562 0.812 0.643 2.0 0.143 0.091 1.000
0.0 0.0 0.0 1.0 0.0 0.0 0.0 0.0 0.0 0.0 0.188 0.562 0.812 0.643 2.0 0.143 0.091 1.000
0.0 0.0 0.0 1.0 0.0 0.0 0.0 0.0 0.0 0.0 0.208 0.542 0.792 0.622 2.0 0.143 0.091 1.000
0.0 0.0 0.0 1.0 0.0 0.0 0.0 0.0 0.0 0.0 0.208 0.542 0.792 0.622 2.0 0.214 0.091 1.000
0.0 1.0 0.0 0.0 0.0 0.0 0.0 0.0 0.0 0.0 0.208 0.542 0.792 0.622 1.0 0.114 0.091 1.000
0.0 0.0 1.0 0.0 0.0 0.0 0.0 0.0 0.0 0.0 0.188 0.562 0.812 0.643 2.0 0.129 0.091 1.000
0.0 0.0 0.0 1.0 0.0 0.0 0.0 0.0 0.0 0.0 0.188 0.729 0.729 0.729 2.0 0.143 0.121 0.040
0.0 1.0 0.0 0.0 0.0 0.0 0.0 0.0 0.0 0.0 0.208 0.542 0.792 0.622 1.0 0.100 0.091 1.000
0.0 0.0 0.0 1.0 0.0 0.0 0.0 0.0 0.0 0.0 0.188 0.562 0.812 0.643 2.0 0.143 0.091 1.000
0.0 1.0 0.0 0.0 0.0 0.0 0.0 0.0 0.0 0.0 0.208 0.542 0.792 0.622 1.0 0.114 0.152 1.000
0.0 1.0 0.0 0.0 0.0 0.0 0.0 0.0 0.0 0.0 0.188 0.562 0.812 0.643 1.0 0.114 0.091 1.000
0.0 1.0 0.0 0.0 0.0 0.0 0.0 0.0 0.0 0.0 0.188 0.562 0.812 0.643 1.0 0.114 0.091 1.000
0.0 0.0 0.0 1.0 0.0 0.0 0.0 0.0 0.0 0.0 0.188 0.562 0.812 0.643 2.0 0.171 0.121 1.000
0.0 1.0 0.0 0.0 0.0 0.0 0.0 0.0 0.0 0.0 0.208 0.729 0.729 0.729 1.0 0.129 0.091 0.040
0.0 0.0 0.0 1.0 0.0 0.0 0.0 0.0 0.0 0.0 0.188 0.750 0.750 0.750 2.0 0.143 0.091 0.040
0.0 0.0 0.0 1.0 0.0 0.0 0.0 0.0 0.0 0.0 0.188 0.562 0.812 0.643 2.0 0.171 0.091 1.000
0.0 1.0 0.0 0.0 0.0 0.0 0.0 0.0 0.0 0.0 0.250 0.500 0.750 0.581 1.0 0.129 0.091 1.000
0.0 1.0 0.0 0.0 0.0 0.0 0.0 0.0 0.0 0.0 0.229 0.521 0.771 0.602 1.0 0.143 0.091 1.000
0.0 1.0 0.0 0.0 0.0 0.0 0.0 0.0 0.0 0.0 0.229 0.521 0.771 0.602 1.0 0.171 0.091 1.000
0.0 1.0 0.0 0.0 0.0 0.0 0.0 0.0 0.0 0.0 0.208 0.542 0.792 0.622 1.0 0.143 0.091 1.000
0.0 0.0 0.0 1.0 0.0 0.0 0.0 0.0 0.0 0.0 0.208 0.542 0.792 0.622 2.0 0.157 0.182 1.000
0.0 1.0 0.0 0.0 0.0 0.0 0.0 0.0 0.0 0.0 0.229 0.521 0.771 0.602 1.0 0.114 0.182 1.000
0.0 0.0 1.0 0.0 0.0 0.0 0.0 0.0 0.0 0.0 0.208 0.542 0.792 0.622 2.0 0.129 0.182 1.000
0.0 1.0 0.0 0.0 0.0 0.0 0.0 0.0 0.0 0.0 0.229 0.521 0.771 0.602 1.0 0.100 0.091 1.000
0.0 1.0 0.0 0.0 0.0 0.0 0.0 0.0 0.0 0.0 0.208 0.708 0.708 0.708 1.0 0.129 0.121 0.040
0.0 1.0 0.0 0.0 0.0 0.0 0.0 0.0 0.0 0.0 0.208 0.542 0.792 0.622 1.0 0.129 0.091 1.000
1.0 0.0 0.0 0.0 0.0 0.0 0.0 0.0 0.0 0.0 0.229 0.521 0.771 0.602 1.0 0.171 0.091 1.000
0.0 1.0 0.0 0.0 0.0 0.0 0.0 0.0 0.0 0.0 0.208 0.542 0.792 0.622 1.0 0.114 0.121 1.000
0.0 1.0 0.0 0.0 0.0 0.0 0.0 0.0 0.0 0.0 0.229 0.708 0.708 0.708 1.0 0.100 0.091 0.040
0.0 1.0 0.0 0.0 0.0 0.0 0.0 0.0 0.0 0.0 0.250 0.500 0.750 0.581 1.0 0.114 0.242 1.000
0.0 0.0 1.0 0.0 0.0 0.0 0.0 0.0 0.0 0.0 0.229 0.521 0.771 0.602 2.0 0.129 0.242 1.000
0.0 1.0 0.0 0.0 0.0 0.0 0.0 0.0 0.0 0.0 0.208 0.542 0.792 0.622 1.0 0.114 0.091 1.000
0.0 0.0 0.0 1.0 0.0 0.0 0.0 0.0 0.0 0.0 0.250 0.500 0.750 0.581 2.0 0.157 0.182 1.000
1.0 0.0 0.0 0.0 0.0 0.0 0.0 0.0 0.0 0.0 0.229 0.521 0.771 0.602 1.0 0.129 0.091 1.000
1.0 0.0 0.0 0.0 0.0 0.0 0.0 0.0 0.0 0.0 0.229 0.688 0.688 0.688 1.0 0.129 0.091 0.040
1.0 0.0 0.0 0.0 0.0 0.0 0.0 0.0 0.0 0.0 0.229 0.708 0.708 0.708 1.0 0.157 0.091 0.040
1.0 0.0 0.0 0.0 0.0 0.0 0.0 0.0 0.0 0.0 0.229 0.521 0.771 0.602 1.0 0.157 0.091 1.000
1.0 0.0 0.0 0.0 0.0 0.0 0.0 0.0 0.0 0.0 0.208 0.708 0.708 0.708 1.0 0.143 0.091 0.040
1.0 0.0 0.0 0.0 0.0 0.0 0.0 0.0 0.0 0.0 0.208 0.542 0.792 0.622 1.0 0.143 0.091 1.000
1.0 0.0 0.0 0.0 0.0 0.0 0.0 0.0 0.0 0.0 0.250 0.500 0.750 0.581 1.0 0.157 0.091 1.000
1.0 0.0 0.0 0.0 0.0 0.0 0.0 0.0 0.0 0.0 0.250 0.500 0.750 0.581 1.0 0.143 0.091 1.000
0.0 1.0 0.0 0.0 0.0 0.0 0.0 0.0 0.0 0.0 0.229 0.688 0.688 0.688 1.0 0.100 0.121 0.040
0.0 0.0 0.0 1.0 0.0 0.0 0.0 0.0 0.0 0.0 0.229 0.521 0.771 0.602 2.0 0.157 0.242 1.000
0.0 0.0 0.0 1.0 0.0 0.0 0.0 0.0 0.0 0.0 0.250 0.500 0.750 0.581 2.0 0.129 0.182 1.000
0.0 1.0 0.0 0.0 0.0 0.0 0.0 0.0 0.0 0.0 0.229 0.521 0.771 0.602 1.0 0.100 0.091 1.000
1.0 0.0 0.0 0.0 0.0 0.0 0.0 0.0 0.0 0.0 0.229 0.771 0.771 0.771 1.0 0.129 0.091 0.040
1.0 0.0 0.0 0.0 0.0 0.0 0.0 0.0 0.0 0.0 0.229 0.521 0.771 0.602 1.0 0.129 0.091 1.000
1.0 0.0 0.0 0.0 0.0 0.0 0.0 0.0 0.0 0.0 0.271 0.479 0.729 0.560 1.0 0.129 0.091 1.000
1.0 0.0 0.0 0.0 0.0 0.0 0.0 0.0 0.0 0.0 0.271 0.646 0.646 0.646 1.0 0.129 0.091 0.040
1.0 0.0 0.0 0.0 0.0 0.0 0.0 0.0 0.0 0.0 0.250 0.688 0.688 0.688 1.0 0.129 0.091 0.040
1.0 0.0 0.0 0.0 0.0 0.0 0.0 0.0 0.0 0.0 0.250 0.750 0.750 0.750 1.0 0.143 0.091 0.040
1.0 0.0 0.0 0.0 0.0 0.0 0.0 0.0 0.0 0.0 0.250 0.500 0.750 0.581 1.0 0.143 0.091 1.000
0.0 0.0 0.0 1.0 0.0 0.0 0.0 0.0 0.0 0.0 0.271 0.479 0.729 0.560 2.0 0.157 0.273 1.000
0.0 1.0 0.0 0.0 0.0 0.0 0.0 0.0 0.0 0.0 0.271 0.479 0.729 0.560 1.0 0.114 0.182 1.000
0.0 1.0 0.0 0.0 0.0 0.0 0.0 0.0 0.0 0.0 0.250 0.500 0.750 0.581 1.0 0.100 0.091 1.000
0.0 1.0 0.0 0.0 0.0 0.0 0.0 0.0 0.0 0.0 0.250 0.667 0.667 0.667 1.0 0.100 0.091 0.040
0.0 0.0 0.0 1.0 0.0 0.0 0.0 0.0 0.0 0.0 0.250 0.688 0.688 0.688 2.0 0.143 0.121 0.040
0.0 1.0 0.0 0.0 0.0 0.0 0.0 0.0 0.0 0.0 0.250 0.688 0.688 0.688 1.0 0.100 0.091 0.040
0.0 1.0 0.0 0.0 0.0 0.0 0.0 0.0 0.0 0.0 0.271 0.479 0.729 0.560 1.0 0.114 0.121 1.000
0.0 0.0 0.0 1.0 0.0 0.0 0.0 0.0 0.0 0.0 0.250 0.500 0.750 0.581 2.0 0.114 0.121 1.000
0.0 1.0 0.0 0.0 0.0 0.0 0.0 0.0 0.0 0.0 0.250 0.500 0.750 0.581 1.0 0.100 0.091 1.000
0.0 1.0 0.0 0.0 0.0 0.0 0.0 0.0 0.0 0.0 0.229 0.688 0.688 0.688 1.0 0.100 0.091 0.040
0.0 1.0 0.0 0.0 0.0 0.0 0.0 0.0 0.0 0.0 0.229 0.521 0.771 0.602 1.0 0.100 0.091 1.000
0.0 0.0 0.0 1.0 0.0 0.0 0.0 0.0 0.0 0.0 0.271 0.479 0.729 0.560 2.0 0.157 0.242 1.000
0.0 0.0 0.0 1.0 0.0 0.0 0.0 0.0 0.0 0.0 0.250 0.500 0.750 0.581 2.0 0.129 0.182 1.000
1.0 0.0 0.0 0.0 0.0 0.0 0.0 0.0 0.0 0.0 0.250 0.750 0.750 0.750 1.0 0.129 0.091 0.040
1.0 0.0 0.0 0.0 0.0 0.0 0.0 0.0 0.0 0.0 0.250 0.500 0.750 0.581 1.0 0.129 0.091 1.000
0.0 0.0 0.0 1.0 0.0 0.0 0.0 0.0 0.0 0.0 0.292 0.458 0.708 0.539 2.0 0.157 0.273 1.000
0.0 1.0 0.0 0.0 0.0 0.0 0.0 0.0 0.0 0.0 0.250 0.500 0.750 0.581 1.0 0.100 0.091 1.000
0.0 0.0 0.0 1.0 0.0 0.0 0.0 0.0 0.0 0.0 0.292 0.458 0.708 0.539 2.0 0.143 0.182 1.000
0.0 1.0 0.0 0.0 0.0 0.0 0.0 0.0 0.0 0.0 0.292 0.458 0.708 0.539 1.0 0.100 0.091 1.000
0.0 0.0 0.0 1.0 0.0 0.0 0.0 0.0 0.0 0.0 0.292 0.625 0.625 0.625 2.0 0.143 0.182 0.040
0.0 1.0 0.0 0.0 0.0 0.0 0.0 0.0 0.0 0.0 0.292 0.625 0.625 0.625 1.0 0.100 0.091 0.040
0.0 0.0 0.0 1.0 0.0 0.0 0.0 0.0 0.0 0.0 0.271 0.667 0.667 0.667 2.0 0.143 0.121 0.040
0.0 0.0 0.0 1.0 0.0 0.0 0.0 0.0 0.0 0.0 0.271 0.479 0.729 0.560 2.0 0.143 0.121 1.000
1.0 0.0 0.0 0.0 0.0 0.0 0.0 0.0 0.0 0.0 0.271 0.646 0.646 0.646 1.0 0.129 0.091 0.040
1.0 0.0 0.0 0.0 0.0 0.0 0.0 0.0 0.0 0.0 0.271 0.479 0.729 0.560 1.0 0.129 0.091 1.000
0.0 0.0 0.0 1.0 0.0 0.0 0.0 0.0 0.0 0.0 0.271 0.667 0.667 0.667 2.0 0.129 0.182 0.040
0.0 1.0 0.0 0.0 0.0 0.0 0.0 0.0 0.0 0.0 0.271 0.667 0.667 0.667 1.0 0.100 0.091 0.040
0.0 1.0 0.0 0.0 0.0 0.0 0.0 0.0 0.0 0.0 0.292 0.458 0.708 0.539 1.0 0.129 0.182 1.000
0.0 0.0 0.0 1.0 0.0 0.0 0.0 0.0 0.0 0.0 0.271 0.479 0.729 0.560 2.0 0.143 0.182 1.000
0.0 1.0 0.0 0.0 0.0 0.0 0.0 0.0 0.0 0.0 0.271 0.729 0.729 0.729 1.0 0.100 0.091 0.040
0.0 1.0 0.0 0.0 0.0 0.0 0.0 0.0 0.0 0.0 0.250 0.750 0.750 0.750 1.0 0.100 0.091 0.040
0.0 1.0 0.0 0.0 0.0 0.0 0.0 0.0 0.0 0.0 0.271 0.479 0.729 0.560 1.0 0.100 0.091 1.000
1.0 0.0 0.0 0.0 0.0 0.0 0.0 0.0 0.0 0.0 0.271 0.646 0.646 0.646 1.0 0.129 0.091 0.040
1.0 0.0 0.0 0.0 0.0 0.0 0.0 0.0 0.0 0.0 0.271 0.479 0.729 0.560 1.0 0.129 0.091 1.000
0.0 0.0 0.0 1.0 0.0 0.0 0.0 0.0 0.0 0.0 0.292 0.458 0.708 0.539 2.0 0.157 0.333 1.000
0.0 1.0 0.0 0.0 0.0 0.0 0.0 0.0 0.0 0.0 0.292 0.458 0.708 0.539 1.0 0.114 0.242 1.000
0.0 0.0 0.0 1.0 0.0 0.0 0.0 0.0 0.0 0.0 0.312 0.438 0.688 0.518 2.0 0.200 0.273 1.000
0.0 0.0 0.0 1.0 0.0 0.0 0.0 0.0 0.0 0.0 0.312 0.438 0.688 0.518 2.0 0.143 0.182 1.000
0.0 0.0 0.0 1.0 0.0 0.0 0.0 0.0 0.0 0.0 0.312 0.604 0.604 0.604 2.0 0.143 0.182 0.040
0.0 0.0 0.0 1.0 0.0 0.0 0.0 0.0 0.0 0.0 0.292 0.646 0.646 0.646 2.0 0.171 0.121 0.040
0.0 0.0 0.0 1.0 0.0 0.0 0.0 0.0 0.0 0.0 0.292 0.458 0.708 0.539 2.0 0.157 0.121 1.000
0.0 0.0 0.0 1.0 0.0 0.0 0.0 0.0 0.0 0.0 0.292 0.646 0.646 0.646 2.0 0.129 0.182 0.040
0.0 1.0 0.0 0.0 0.0 0.0 0.0 0.0 0.0 0.0 0.271 0.729 0.729 0.729 1.0 0.100 0.091 0.040
0.0 1.0 0.0 0.0 0.0 0.0 0.0 0.0 0.0 0.0 0.312 0.688 0.688 0.688 1.0 0.114 0.182 0.040
0.0 0.0 0.0 1.0 0.0 0.0 0.0 0.0 0.0 0.0 0.292 0.708 0.708 0.708 2.0 0.114 0.182 0.040
0.0 1.0 0.0 0.0 0.0 0.0 0.0 0.0 0.0 0.0 0.271 0.479 0.729 0.560 1.0 0.100 0.091 1.000
0.0 0.0 0.0 1.0 0.0 0.0 0.0 0.0 0.0 0.0 0.292 0.458 0.708 0.539 2.0 0.143 0.182 1.000
0.0 1.0 0.0 0.0 0.0 0.0 0.0 0.0 0.0 0.0 0.292 0.458 0.708 0.539 1.0 0.100 0.091 1.000
0.0 0.0 0.0 1.0 0.0 0.0 0.0 0.0 0.0 0.0 0.312 0.438 0.688 0.518 2.0 0.143 0.333 1.000
0.0 0.0 0.0 1.0 0.0 0.0 0.0 0.0 0.0 0.0 0.312 0.438 0.688 0.518 2.0 0.143 0.303 1.000
0.0 1.0 0.0 0.0 0.0 0.0 0.0 0.0 0.0 0.0 0.312 0.438 0.688 0.518 1.0 0.100 0.182 1.000
0.0 0.0 0.0 1.0 0.0 0.0 0.0 0.0 0.0 0.0 0.333 0.417 0.667 0.497 2.0 0.171 0.182 1.000
0.0 0.0 0.0 1.0 0.0 0.0 0.0 0.0 0.0 0.0 0.333 0.583 0.583 0.583 2.0 0.171 0.182 0.040
0.0 1.0 0.0 0.0 0.0 0.0 0.0 0.0 0.0 0.0 0.292 0.625 0.625 0.625 1.0 0.100 0.091 0.040
0.0 0.0 0.0 1.0 0.0 0.0 0.0 0.0 0.0 0.0 0.292 0.625 0.625 0.625 2.0 0.129 0.182 0.040
0.0 1.0 0.0 0.0 0.0 0.0 0.0 0.0 0.0 0.0 0.292 0.625 0.625 0.625 1.0 0.100 0.091 0.040
0.0 1.0 0.0 0.0 0.0 0.0 0.0 0.0 0.0 0.0 0.292 0.458 0.708 0.539 1.0 0.100 0.091 1.000
0.0 0.0 0.0 1.0 0.0 0.0 0.0 0.0 0.0 0.0 0.292 0.458 0.708 0.539 2.0 0.143 0.182 1.000
0.0 1.0 0.0 0.0 0.0 0.0 0.0 0.0 0.0 0.0 0.333 0.604 0.604 0.604 1.0 0.129 0.182 0.040
0.0 0.0 0.0 1.0 0.0 0.0 0.0 0.0 0.0 0.0 0.312 0.625 0.625 0.625 2.0 0.143 0.182 0.040
0.0 0.0 0.0 1.0 0.0 0.0 0.0 0.0 0.0 0.0 0.292 0.708 0.708 0.708 2.0 0.143 0.182 0.040
0.0 0.0 0.0 1.0 0.0 0.0 0.0 0.0 0.0 0.0 0.292 0.458 0.708 0.539 2.0 0.143 0.182 1.000
0.0 0.0 0.0 1.0 0.0 0.0 0.0 0.0 0.0 0.0 0.312 0.438 0.688 0.518 2.0 0.143 0.182 1.000
0.0 1.0 0.0 0.0 0.0 0.0 0.0 0.0 0.0 0.0 0.312 0.438 0.688 0.518 1.0 0.114 0.121 1.000
0.0 0.0 0.0 1.0 0.0 0.0 0.0 0.0 0.0 0.0 0.333 0.417 0.667 0.497 2.0 0.200 0.333 1.000
0.0 0.0 0.0 1.0 0.0 0.0 0.0 0.0 0.0 0.0 0.333 0.417 0.667 0.497 2.0 0.143 0.303 1.000
0.0 0.0 0.0 1.0 0.0 0.0 0.0 0.0 0.0 0.0 0.333 0.417 0.667 0.497 2.0 0.243 0.303 1.000
0.0 1.0 0.0 0.0 0.0 0.0 0.0 0.0 0.0 0.0 0.312 0.625 0.625 0.625 1.0 0.114 0.121 0.040
0.0 0.0 0.0 1.0 0.0 0.0 0.0 0.0 0.0 0.0 0.312 0.625 0.625 0.625 2.0 0.157 0.182 0.040
0.0 0.0 0.0 1.0 0.0 0.0 0.0 0.0 0.0 0.0 0.312 0.604 0.604 0.604 2.0 0.129 0.182 0.040
0.0 0.0 0.0 1.0 0.0 0.0 0.0 0.0 0.0 0.0 0.312 0.438 0.688 0.518 2.0 0.143 0.182 1.000
0.0 0.0 0.0 1.0 0.0 0.0 0.0 0.0 0.0 0.0 0.333 0.667 0.667 0.667 2.0 0.157 0.182 0.040
0.0 0.0 0.0 1.0 0.0 0.0 0.0 0.0 0.0 0.0 0.312 0.438 0.688 0.518 2.0 0.171 0.182 1.000
1.0 0.0 0.0 0.0 0.0 0.0 0.0 0.0 0.0 0.0 0.333 0.604 0.604 0.604 1.0 0.143 0.273 0.040
0.0 0.0 0.0 1.0 0.0 0.0 0.0 0.0 0.0 0.0 0.354 0.562 0.562 0.562 2.0 0.143 0.242 0.040
0.0 1.0 0.0 0.0 0.0 0.0 0.0 0.0 0.0 0.0 0.354 0.562 0.562 0.562 1.0 0.114 0.182 0.040
0.0 0.0 0.0 1.0 0.0 0.0 0.0 0.0 0.0 0.0 0.354 0.396 0.646 0.477 2.0 0.157 0.242 1.000
0.0 1.0 0.0 0.0 0.0 0.0 0.0 0.0 0.0 0.0 0.354 0.396 0.646 0.477 1.0 0.114 0.182 1.000
0.0 1.0 0.0 0.0 0.0 0.0 0.0 0.0 0.0 0.0 0.354 0.396 0.646 0.477 1.0 0.100 0.182 1.000
0.0 0.0 1.0 0.0 0.0 0.0 0.0 0.0 0.0 0.0 0.333 0.417 0.667 0.497 2.0 0.114 0.182 1.000
0.0 1.0 0.0 0.0 0.0 0.0 0.0 0.0 0.0 0.0 0.375 0.562 0.562 0.562 1.0 0.100 0.242 0.040
0.0 0.0 0.0 1.0 0.0 0.0 0.0 0.0 0.0 0.0 0.354 0.583 0.583 0.583 2.0 0.114 0.242 0.040
0.0 1.0 0.0 0.0 0.0 0.0 0.0 0.0 0.0 0.0 0.354 0.583 0.583 0.583 1.0 0.100 0.182 0.040
0.0 0.0 0.0 1.0 0.0 0.0 0.0 0.0 0.0 0.0 0.354 0.396 0.646 0.477 2.0 0.200 0.303 1.000
0.0 1.0 0.0 0.0 0.0 0.0 0.0 0.0 0.0 0.0 0.354 0.583 0.583 0.583 1.0 0.114 0.182 0.040
0.0 0.0 1.0 0.0 0.0 0.0 0.0 0.0 0.0 0.0 0.333 0.604 0.604 0.604 2.0 0.114 0.182 0.040
0.0 1.0 0.0 0.0 0.0 0.0 0.0 0.0 0.0 0.0 0.354 0.562 0.562 0.562 1.0 0.129 0.182 0.040
0.0 0.0 0.0 1.0 0.0 0.0 0.0 0.0 0.0 0.0 0.333 0.583 0.583 0.583 2.0 0.143 0.182 0.040
0.0 0.0 0.0 1.0 0.0 0.0 0.0 0.0 0.0 0.0 0.333 0.417 0.667 0.497 2.0 0.171 0.182 1.000
0.0 0.0 0.0 1.0 0.0 0.0 0.0 0.0 0.0 0.0 0.375 0.542 0.542 0.542 2.0 0.129 0.242 0.040
0.0 0.0 0.0 1.0 0.0 0.0 0.0 0.0 0.0 0.0 0.375 0.375 0.625 0.456 2.0 0.143 0.242 1.000
0.0 0.0 0.0 1.0 0.0 0.0 0.0 0.0 0.0 0.0 0.375 0.375 0.625 0.456 2.0 0.129 0.182 1.000
0.0 0.0 0.0 1.0 0.0 0.0 0.0 0.0 0.0 0.0 0.375 0.562 0.562 0.562 2.0 0.129 0.242 0.040
0.0 0.0 0.0 1.0 0.0 0.0 0.0 0.0 0.0 0.0 0.333 0.417 0.667 0.497 2.0 0.143 0.273 1.000
0.0 1.0 0.0 0.0 0.0 0.0 0.0 0.0 0.0 0.0 0.333 0.417 0.667 0.497 1.0 0.114 0.182 1.000
0.0 1.0 0.0 0.0 0.0 0.0 0.0 0.0 0.0 0.0 0.354 0.583 0.583 0.583 1.0 0.100 0.273 0.040
0.0 0.0 0.0 1.0 0.0 0.0 0.0 0.0 0.0 0.0 0.354 0.396 0.646 0.477 2.0 0.243 0.364 1.000
0.0 1.0 0.0 0.0 0.0 0.0 0.0 0.0 0.0 0.0 0.354 0.646 0.646 0.646 1.0 0.114 0.182 0.040
0.0 1.0 0.0 0.0 0.0 0.0 0.0 0.0 0.0 0.0 0.375 0.625 0.625 0.625 1.0 0.114 0.273 0.040
0.0 0.0 1.0 0.0 0.0 0.0 0.0 0.0 0.0 0.0 0.354 0.646 0.646 0.646 2.0 0.129 0.273 0.040
1.0 0.0 0.0 0.0 0.0 0.0 0.0 0.0 0.0 0.0 0.354 0.583 0.583 0.583 1.0 0.143 0.333 0.040
1.0 0.0 0.0 0.0 0.0 0.0 0.0 0.0 0.0 0.0 0.354 0.396 0.646 0.477 1.0 0.143 0.303 1.000
1.0 0.0 0.0 0.0 0.0 0.0 0.0 0.0 0.0 0.0 0.354 0.479 0.479 0.479 1.0 0.143 0.303 0.040
0.0 0.0 0.0 1.0 0.0 0.0 0.0 0.0 0.0 0.0 0.375 0.562 0.562 0.562 2.0 0.157 0.182 0.040
0.0 0.0 0.0 1.0 0.0 0.0 0.0 0.0 0.0 0.0 0.396 0.521 0.521 0.521 2.0 0.129 0.242 0.040
0.0 0.0 0.0 1.0 0.0 0.0 0.0 0.0 0.0 0.0 0.396 0.354 0.604 0.435 2.0 0.186 0.242 1.000
0.0 0.0 0.0 1.0 0.0 0.0 0.0 0.0 0.0 0.0 0.354 0.396 0.646 0.477 2.0 0.143 0.273 1.000
0.0 1.0 0.0 0.0 0.0 0.0 0.0 0.0 0.0 0.0 0.354 0.396 0.646 0.477 1.0 0.114 0.182 1.000
0.0 0.0 0.0 1.0 0.0 0.0 0.0 0.0 0.0 0.0 0.396 0.542 0.542 0.542 2.0 0.114 0.242 0.040
0.0 0.0 0.0 1.0 0.0 0.0 0.0 0.0 0.0 0.0 0.354 0.396 0.646 0.477 2.0 0.129 0.273 1.000
0.0 0.0 0.0 1.0 0.0 0.0 0.0 0.0 0.0 0.0 0.375 0.375 0.625 0.456 2.0 0.243 0.333 1.000
0.0 1.0 0.0 0.0 0.0 0.0 0.0 0.0 0.0 0.0 0.375 0.542 0.542 0.542 1.0 0.100 0.182 0.040
0.0 0.0 0.0 1.0 0.0 0.0 0.0 0.0 0.0 0.0 0.375 0.542 0.542 0.542 2.0 0.143 0.273 0.040
0.0 0.0 0.0 1.0 0.0 0.0 0.0 0.0 0.0 0.0 0.375 0.625 0.625 0.625 2.0 0.143 0.273 0.040
0.0 1.0 0.0 0.0 0.0 0.0 0.0 0.0 0.0 0.0 0.396 0.354 0.604 0.435 1.0 0.129 0.182 1.000
1.0 0.0 0.0 0.0 0.0 0.0 0.0 0.0 0.0 0.0 0.375 0.542 0.542 0.542 1.0 0.143 0.303 0.040
0.0 1.0 0.0 0.0 0.0 0.0 0.0 0.0 0.0 0.0 0.417 0.500 0.500 0.500 1.0 0.114 0.242 0.040
0.0 0.0 0.0 1.0 0.0 0.0 0.0 0.0 0.0 0.0 0.375 0.375 0.625 0.456 2.0 0.129 0.273 1.000
0.0 1.0 0.0 0.0 0.0 0.0 0.0 0.0 0.0 0.0 0.417 0.521 0.521 0.521 1.0 0.114 0.242 0.040
0.0 1.0 0.0 0.0 0.0 0.0 0.0 0.0 0.0 0.0 0.396 0.354 0.604 0.435 1.0 0.100 0.273 1.000
0.0 0.0 0.0 1.0 0.0 0.0 0.0 0.0 0.0 0.0 0.375 0.375 0.625 0.456 2.0 0.129 0.273 1.000
0.0 1.0 0.0 0.0 0.0 0.0 0.0 0.0 0.0 0.0 0.375 0.562 0.562 0.562 1.0 0.100 0.333 0.040
0.0 0.0 0.0 1.0 0.0 0.0 0.0 0.0 0.0 0.0 0.375 0.458 0.458 0.458 2.0 0.129 0.333 0.040
0.0 1.0 0.0 0.0 0.0 0.0 0.0 0.0 0.0 0.0 0.375 0.458 0.458 0.458 1.0 0.100 0.303 0.040
0.0 1.0 0.0 0.0 0.0 0.0 0.0 0.0 0.0 0.0 0.396 0.354 0.604 0.435 1.0 0.114 0.333 1.000
0.0 0.0 1.0 0.0 0.0 0.0 0.0 0.0 0.0 0.0 0.375 0.375 0.625 0.456 2.0 0.114 0.333 1.000
0.0 1.0 0.0 0.0 0.0 0.0 0.0 0.0 0.0 0.0 0.375 0.375 0.625 0.456 1.0 0.100 0.303 1.000
0.0 1.0 0.0 0.0 0.0 0.0 0.0 0.0 0.0 0.0 0.396 0.542 0.542 0.542 1.0 0.114 0.182 0.040
0.0 0.0 0.0 1.0 0.0 0.0 0.0 0.0 0.0 0.0 0.396 0.521 0.521 0.521 2.0 0.143 0.273 0.040
1.0 0.0 0.0 0.0 0.0 0.0 0.0 0.0 0.0 0.0 0.375 0.375 0.625 0.456 1.0 0.143 0.364 1.000
1.0 0.0 0.0 0.0 0.0 0.0 0.0 0.0 0.0 0.0 0.375 0.458 0.458 0.458 1.0 0.143 0.364 0.040
0.0 0.0 0.0 1.0 0.0 0.0 0.0 0.0 0.0 0.0 0.396 0.604 0.604 0.604 2.0 0.157 0.273 0.040
0.0 0.0 0.0 1.0 0.0 0.0 0.0 0.0 0.0 0.0 0.396 0.354 0.604 0.435 2.0 0.143 0.273 1.000
0.0 1.0 0.0 0.0 0.0 0.0 0.0 0.0 0.0 0.0 0.417 0.333 0.583 0.414 1.0 0.100 0.182 1.000
0.0 1.0 0.0 0.0 0.0 0.0 0.0 0.0 0.0 0.0 0.396 0.521 0.521 0.521 1.0 0.100 0.303 0.040
0.0 0.0 0.0 1.0 0.0 0.0 0.0 0.0 0.0 0.0 0.396 0.438 0.438 0.438 2.0 0.129 0.333 0.040
0.0 0.0 0.0 1.0 0.0 0.0 0.0 0.0 0.0 0.0 0.396 0.354 0.604 0.435 2.0 0.143 0.333 1.000
1.0 0.0 0.0 0.0 0.0 0.0 0.0 0.0 0.0 0.0 0.417 0.333 0.583 0.414 1.0 0.143 0.242 1.000
0.0 1.0 0.0 0.0 0.0 0.0 0.0 0.0 0.0 0.0 0.417 0.333 0.583 0.414 1.0 0.114 0.273 1.000
1.0 0.0 0.0 0.0 0.0 0.0 0.0 0.0 0.0 0.0 0.396 0.354 0.604 0.435 1.0 0.143 0.333 1.000
1.0 0.0 0.0 0.0 0.0 0.0 0.0 0.0 0.0 0.0 0.396 0.438 0.438 0.438 1.0 0.143 0.333 0.040
1.0 0.0 0.0 0.0 0.0 0.0 0.0 0.0 0.0 0.0 0.417 0.521 0.521 0.521 1.0 0.143 0.242 0.040
0.0 0.0 0.0 1.0 0.0 0.0 0.0 0.0 0.0 0.0 0.417 0.500 0.500 0.500 2.0 0.171 0.273 0.040
0.0 0.0 1.0 0.0 0.0 0.0 0.0 0.0 0.0 0.0 0.438 0.479 0.479 0.479 2.0 0.157 0.303 0.040
0.0 0.0 1.0 0.0 0.0 0.0 0.0 0.0 0.0 0.0 0.438 0.500 0.500 0.500 2.0 0.157 0.303 0.040
0.0 0.0 0.0 1.0 0.0 0.0 0.0 0.0 0.0 0.0 0.396 0.438 0.438 0.438 2.0 0.129 0.394 0.040
0.0 1.0 0.0 0.0 0.0 0.0 0.0 0.0 0.0 0.0 0.396 0.438 0.438 0.438 1.0 0.100 0.364 0.040
0.0 0.0 0.0 1.0 0.0 0.0 0.0 0.0 0.0 0.0 0.396 0.354 0.604 0.435 2.0 0.129 0.394 1.000
0.0 1.0 0.0 0.0 0.0 0.0 0.0 0.0 0.0 0.0 0.396 0.354 0.604 0.435 1.0 0.100 0.364 1.000
0.0 1.0 0.0 0.0 0.0 0.0 0.0 0.0 0.0 0.0 0.438 0.396 0.396 0.396 1.0 0.086 0.333 0.040
0.0 0.0 1.0 0.0 0.0 0.0 0.0 0.0 0.0 0.0 0.417 0.417 0.417 0.417 2.0 0.129 0.333 0.040
0.0 0.0 0.0 1.0 0.0 0.0 0.0 0.0 0.0 0.0 0.417 0.333 0.583 0.414 2.0 0.171 0.333 1.000
0.0 1.0 0.0 0.0 0.0 0.0 0.0 0.0 0.0 0.0 0.417 0.583 0.583 0.583 1.0 0.114 0.273 0.040
0.0 1.0 0.0 0.0 0.0 0.0 0.0 0.0 0.0 0.0 0.417 0.333 0.583 0.414 1.0 0.129 0.273 1.000
0.0 1.0 0.0 0.0 0.0 0.0 0.0 0.0 0.0 0.0 0.438 0.312 0.562 0.393 1.0 0.100 0.242 1.000
0.0 0.0 0.0 1.0 0.0 0.0 0.0 0.0 0.0 0.0 0.438 0.312 0.562 0.393 2.0 0.129 0.424 1.000
0.0 1.0 0.0 0.0 0.0 0.0 0.0 0.0 0.0 0.0 0.438 0.312 0.562 0.393 1.0 0.100 0.273 1.000
0.0 0.0 0.0 1.0 0.0 0.0 0.0 0.0 0.0 0.0 0.438 0.312 0.562 0.393 2.0 0.129 0.394 1.000
0.0 1.0 0.0 0.0 0.0 0.0 0.0 0.0 0.0 0.0 0.438 0.396 0.396 0.396 1.0 0.100 0.364 0.040
0.0 0.0 1.0 0.0 0.0 0.0 0.0 0.0 0.0 0.0 0.417 0.417 0.417 0.417 2.0 0.114 0.364 0.040
0.0 1.0 0.0 0.0 0.0 0.0 0.0 0.0 0.0 0.0 0.417 0.417 0.417 0.417 1.0 0.100 0.333 0.040
0.0 0.0 0.0 1.0 0.0 0.0 0.0 0.0 0.0 0.0 0.417 0.333 0.583 0.414 2.0 0.143 0.364 1.000
0.0 1.0 0.0 0.0 0.0 0.0 0.0 0.0 0.0 0.0 0.417 0.333 0.583 0.414 1.0 0.100 0.333 1.000
0.0 0.0 0.0 1.0 0.0 0.0 0.0 0.0 0.0 0.0 0.417 0.417 0.417 0.417 2.0 0.129 0.394 0.040
0.0 0.0 0.0 1.0 0.0 0.0 0.0 0.0 0.0 0.0 0.417 0.333 0.583 0.414 2.0 0.129 0.394 1.000
0.0 1.0 0.0 0.0 0.0 0.0 0.0 0.0 0.0 0.0 0.458 0.375 0.375 0.375 1.0 0.086 0.333 0.040
0.0 1.0 0.0 0.0 0.0 0.0 0.0 0.0 0.0 0.0 0.438 0.500 0.500 0.500 1.0 0.100 0.242 0.040
0.0 0.0 0.0 1.0 0.0 0.0 0.0 0.0 0.0 0.0 0.438 0.500 0.500 0.500 2.0 0.143 0.424 0.040
0.0 1.0 0.0 0.0 0.0 0.0 0.0 0.0 0.0 0.0 0.438 0.479 0.479 0.479 1.0 0.114 0.273 0.040
0.0 0.0 0.0 1.0 0.0 0.0 0.0 0.0 0.0 0.0 0.438 0.479 0.479 0.479 2.0 0.157 0.394 0.040
0.0 1.0 0.0 0.0 0.0 0.0 0.0 0.0 0.0 0.0 0.458 0.458 0.458 0.458 1.0 0.114 0.303 0.040
0.0 1.0 0.0 0.0 0.0 0.0 0.0 0.0 0.0 0.0 0.458 0.479 0.479 0.479 1.0 0.114 0.303 0.040
0.0 0.0 0.0 1.0 0.0 0.0 0.0 0.0 0.0 0.0 0.458 0.292 0.542 0.372 2.0 0.129 0.424 1.000
0.0 1.0 0.0 0.0 0.0 0.0 0.0 0.0 0.0 0.0 0.438 0.312 0.562 0.393 1.0 0.100 0.273 1.000
0.0 0.0 0.0 1.0 0.0 0.0 0.0 0.0 0.0 0.0 0.438 0.312 0.562 0.393 2.0 0.129 0.394 1.000
0.0 0.0 0.0 1.0 0.0 0.0 0.0 0.0 0.0 0.0 0.458 0.292 0.542 0.372 2.0 0.129 0.394 1.000
0.0 0.0 0.0 1.0 0.0 0.0 0.0 0.0 0.0 0.0 0.438 0.396 0.396 0.396 2.0 0.129 0.364 0.040
0.0 0.0 0.0 1.0 0.0 0.0 0.0 0.0 0.0 0.0 0.438 0.312 0.562 0.393 2.0 0.143 0.364 1.000
0.0 0.0 0.0 1.0 0.0 0.0 0.0 0.0 0.0 0.0 0.438 0.396 0.396 0.396 2.0 0.129 0.394 0.040
0.0 1.0 0.0 0.0 0.0 0.0 0.0 0.0 0.0 0.0 0.458 0.292 0.542 0.372 1.0 0.143 0.394 1.000
0.0 0.0 0.0 1.0 0.0 0.0 0.0 0.0 0.0 0.0 0.438 0.312 0.562 0.393 2.0 0.143 0.394 1.000
0.0 1.0 0.0 0.0 0.0 0.0 0.0 0.0 0.0 0.0 0.438 0.312 0.562 0.410 1.0 0.343 0.333 0.760
1.0 0.0 0.0 0.0 0.0 0.0 0.0 0.0 0.0 0.0 0.438 0.312 0.562 0.429 1.0 0.314 0.333 0.600
0.0 0.0 0.0 1.0 0.0 0.0 0.0 0.0 0.0 0.0 0.458 0.479 0.479 0.479 2.0 0.157 0.424 0.040
0.0 0.0 0.0 1.0 0.0 0.0 0.0 0.0 0.0 0.0 0.458 0.458 0.458 0.458 2.0 0.143 0.394 0.040
0.0 0.0 0.0 1.0 0.0 0.0 0.0 0.0 0.0 0.0 0.479 0.271 0.521 0.352 2.0 0.129 0.424 1.000
0.0 0.0 0.0 1.0 0.0 0.0 0.0 0.0 0.0 0.0 0.458 0.292 0.542 0.372 2.0 0.143 0.394 1.000
0.0 0.0 0.0 1.0 0.0 0.0 0.0 0.0 0.0 0.0 0.479 0.271 0.521 0.352 2.0 0.157 0.394 1.000
0.0 0.0 0.0 1.0 0.0 0.0 0.0 0.0 0.0 0.0 0.458 0.375 0.375 0.375 2.0 0.114 0.364 0.040
0.0 0.0 0.0 1.0 0.0 0.0 0.0 0.0 0.0 0.0 0.458 0.292 0.542 0.372 2.0 0.186 0.364 1.000
0.0 1.0 0.0 0.0 0.0 0.0 0.0 0.0 0.0 0.0 0.458 0.375 0.375 0.375 1.0 0.129 0.394 0.040
0.0 0.0 0.0 1.0 0.0 0.0 0.0 0.0 0.0 0.0 0.479 0.458 0.458 0.458 2.0 0.171 0.424 0.040
0.0 0.0 0.0 1.0 0.0 0.0 0.0 0.0 0.0 0.0 0.479 0.438 0.438 0.438 2.0 0.171 0.394 0.040
0.0 1.0 0.0 0.0 0.0 0.0 0.0 0.0 0.0 0.0 0.500 0.250 0.500 0.331 1.0 0.114 0.424 1.000
0.0 0.0 0.0 1.0 0.0 0.0 0.0 0.0 0.0 0.0 0.479 0.271 0.521 0.352 2.0 0.157 0.394 1.000
0.0 0.0 0.0 1.0 0.0 0.0 0.0 0.0 0.0 0.0 0.500 0.250 0.500 0.331 2.0 0.229 0.424 1.000
0.0 1.0 0.0 0.0 0.0 0.0 0.0 0.0 0.0 0.0 0.479 0.354 0.354 0.354 1.0 0.100 0.364 0.040
0.0 1.0 0.0 0.0 0.0 0.0 0.0 0.0 0.0 0.0 0.479 0.271 0.521 0.374 1.0 0.443 0.394 0.680
1.0 0.0 0.0 0.0 0.0 0.0 0.0 0.0 0.0 0.0 0.479 0.271 0.521 0.380 1.0 0.186 0.394 0.680
0.0 1.0 0.0 0.0 0.0 0.0 0.0 0.0 0.0 0.0 0.500 0.438 0.438 0.438 1.0 0.114 0.424 0.040
0.0 1.0 0.0 0.0 0.0 0.0 0.0 0.0 0.0 0.0 0.500 0.417 0.417 0.417 1.0 0.114 0.394 0.040
0.0 0.0 0.0 1.0 0.0 0.0 0.0 0.0 0.0 0.0 0.521 0.229 0.479 0.310 2.0 0.214 0.455 1.000
0.0 0.0 0.0 1.0 0.0 0.0 0.0 0.0 0.0 0.0 0.500 0.250 0.500 0.331 2.0 0.229 0.424 1.000
0.0 1.0 0.0 0.0 0.0 0.0 0.0 0.0 0.0 0.0 0.479 0.271 0.521 0.375 1.0 0.486 0.364 0.720
1.0 0.0 0.0 0.0 0.0 0.0 0.0 0.0 0.0 0.0 0.479 0.271 0.521 0.379 1.0 0.243 0.364 0.640
0.0 0.0 1.0 0.0 0.0 0.0 0.0 0.0 0.0 0.0 0.500 0.250 0.500 0.378 2.0 0.886 0.606 0.520
0.0 0.0 1.0 0.0 0.0 0.0 0.0 0.0 0.0 0.0 0.500 0.250 0.500 0.378 2.0 0.657 0.606 0.520
0.0 1.0 0.0 0.0 0.0 0.0 0.0 0.0 0.0 0.0 0.521 0.229 0.479 0.347 1.0 0.800 0.606 0.600
0.0 0.0 0.0 1.0 0.0 0.0 0.0 0.0 0.0 0.0 0.500 0.250 0.500 0.368 2.0 0.300 0.606 0.600
0.0 0.0 1.0 0.0 0.0 0.0 0.0 0.0 0.0 0.0 0.500 0.292 0.500 0.402 2.0 0.371 0.606 0.440
1.0 0.0 0.0 0.0 0.0 0.0 0.0 0.0 0.0 0.0 0.521 0.229 0.479 0.310 1.0 0.143 0.424 1.000
1.0 0.0 0.0 0.0 0.0 0.0 0.0 0.0 0.0 0.0 0.521 0.312 0.312 0.312 1.0 0.143 0.424 0.040
1.0 0.0 0.0 0.0 0.0 0.0 0.0 0.0 0.0 0.0 0.542 0.208 0.458 0.289 1.0 0.143 0.455 1.000
1.0 0.0 0.0 0.0 0.0 0.0 0.0 0.0 0.0 0.0 0.542 0.292 0.292 0.292 1.0 0.143 0.455 0.040
1.0 0.0 0.0 0.0 0.0 0.0 0.0 0.0 0.0 0.0 0.521 0.229 0.479 0.310 1.0 0.143 0.424 1.000
1.0 0.0 0.0 0.0 0.0 0.0 0.0 0.0 0.0 0.0 0.521 0.312 0.312 0.312 1.0 0.143 0.424 0.040
0.0 0.0 0.0 1.0 0.0 0.0 0.0 0.0 0.0 0.0 0.542 0.292 0.292 0.292 2.0 0.129 0.455 0.040
0.0 1.0 0.0 0.0 0.0 0.0 0.0 0.0 0.0 0.0 0.542 0.292 0.292 0.292 1.0 0.100 0.424 0.040
0.0 0.0 0.0 1.0 0.0 0.0 0.0 0.0 0.0 0.0 0.542 0.208 0.458 0.289 2.0 0.143 0.455 1.000
0.0 1.0 0.0 0.0 0.0 0.0 0.0 0.0 0.0 0.0 0.542 0.208 0.458 0.289 1.0 0.100 0.424 1.000
0.0 0.0 0.0 1.0 0.0 0.0 0.0 0.0 0.0 0.0 0.562 0.271 0.271 0.271 2.0 0.129 0.515 0.040
0.0 1.0 0.0 0.0 0.0 0.0 0.0 0.0 0.0 0.0 0.562 0.271 0.271 0.271 1.0 0.100 0.455 0.040
0.0 0.0 0.0 1.0 0.0 0.0 0.0 0.0 0.0 0.0 0.562 0.188 0.438 0.268 2.0 0.143 0.515 1.000
0.0 1.0 0.0 0.0 0.0 0.0 0.0 0.0 0.0 0.0 0.562 0.188 0.438 0.268 1.0 0.100 0.455 1.000
0.0 0.0 0.0 1.0 0.0 0.0 0.0 0.0 0.0 0.0 0.542 0.292 0.292 0.292 2.0 0.129 0.455 0.040
0.0 1.0 0.0 0.0 0.0 0.0 0.0 0.0 0.0 0.0 0.542 0.292 0.292 0.292 1.0 0.100 0.424 0.040
0.0 0.0 0.0 1.0 0.0 0.0 0.0 0.0 0.0 0.0 0.542 0.208 0.458 0.289 2.0 0.143 0.455 1.000
0.0 1.0 0.0 0.0 0.0 0.0 0.0 0.0 0.0 0.0 0.542 0.208 0.458 0.289 1.0 0.100 0.424 1.000
0.0 0.0 0.0 1.0 0.0 0.0 0.0 0.0 0.0 0.0 0.562 0.271 0.271 0.271 2.0 0.129 0.455 0.040
0.0 0.0 0.0 1.0 0.0 0.0 0.0 0.0 0.0 0.0 0.562 0.188 0.438 0.268 2.0 0.143 0.455 1.000
0.0 0.0 0.0 1.0 0.0 0.0 0.0 0.0 0.0 0.0 0.583 0.250 0.250 0.250 2.0 0.129 0.515 0.040
0.0 0.0 0.0 1.0 0.0 0.0 0.0 0.0 0.0 0.0 0.583 0.167 0.417 0.248 2.0 0.143 0.515 1.000
0.0 0.0 0.0 1.0 0.0 0.0 0.0 0.0 0.0 0.0 0.562 0.271 0.271 0.271 2.0 0.129 0.455 0.040
0.0 1.0 0.0 0.0 0.0 0.0 0.0 0.0 0.0 0.0 0.583 0.167 0.417 0.248 1.0 0.114 0.455 1.000
0.0 0.0 0.0 1.0 0.0 0.0 0.0 0.0 0.0 0.0 0.562 0.188 0.438 0.268 2.0 0.114 0.455 1.000
0.0 0.0 0.0 1.0 0.0 0.0 0.0 0.0 0.0 0.0 0.583 0.250 0.250 0.250 2.0 0.129 0.455 0.040
0.0 0.0 0.0 1.0 0.0 0.0 0.0 0.0 0.0 0.0 0.583 0.167 0.417 0.248 2.0 0.186 0.455 1.000
0.0 0.0 0.0 1.0 0.0 0.0 0.0 0.0 0.0 0.0 0.604 0.229 0.229 0.229 2.0 0.129 0.515 0.040
0.0 0.0 0.0 1.0 0.0 0.0 0.0 0.0 0.0 0.0 0.604 0.146 0.396 0.227 2.0 0.186 0.515 1.000
0.0 0.0 0.0 1.0 0.0 0.0 0.0 0.0 0.0 0.0 0.583 0.250 0.250 0.250 2.0 0.129 0.455 0.040
0.0 0.0 0.0 1.0 0.0 0.0 0.0 0.0 0.0 0.0 0.604 0.146 0.396 0.227 2.0 0.186 0.455 1.000
0.0 1.0 0.0 0.0 0.0 0.0 0.0 0.0 0.0 0.0 0.604 0.229 0.229 0.229 1.0 0.129 0.455 0.040
0.0 1.0 0.0 0.0 0.0 0.0 0.0 0.0 0.0 0.0 0.625 0.208 0.208 0.208 1.0 0.143 0.515 0.040
0.0 1.0 0.0 0.0 0.0 0.0 0.0 0.0 0.0 0.0 0.604 0.229 0.229 0.229 1.0 0.129 0.455 0.040
0.0 1.0 0.0 0.0 0.0 0.0 0.0 0.0 0.0 0.0 0.604 0.146 0.396 0.263 1.0 0.400 0.455 0.600
1.0 0.0 0.0 0.0 0.0 0.0 0.0 0.0 0.0 0.0 0.604 0.146 0.396 0.243 1.0 0.329 0.455 0.760
0.0 1.0 0.0 0.0 0.0 0.0 0.0 0.0 0.0 0.0 0.625 0.125 0.375 0.243 1.0 0.343 0.515 0.480
0.0 1.0 0.0 0.0 0.0 0.0 0.0 0.0 0.0 0.0 0.646 0.125 0.354 0.200 1.0 0.443 0.545 0.840
0.0 0.0 0.0 1.0 0.0 0.0 0.0 0.0 0.0 0.0 0.625 0.146 0.375 0.221 2.0 0.157 0.545 0.840
0.0 1.0 0.0 0.0 0.0 0.0 0.0 0.0 0.0 0.0 0.625 0.146 0.375 0.253 1.0 0.371 0.455 0.560
0.0 0.0 1.0 0.0 0.0 0.0 0.0 0.0 0.0 0.0 0.625 0.125 0.375 0.216 2.0 0.471 0.515 0.800
0.0 0.0 0.0 1.0 0.0 0.0 0.0 0.0 0.0 0.0 0.667 0.167 0.167 0.167 4.0 0.257 0.909 0.040
0.0 1.0 0.0 0.0 0.0 0.0 0.0 0.0 0.0 0.0 0.646 0.188 0.188 0.188 1.0 0.171 0.758 0.040
0.0 0.0 0.0 1.0 0.0 0.0 0.0 0.0 0.0 0.0 0.625 0.208 0.208 0.208 4.0 0.186 0.758 0.040
0.0 0.0 1.0 0.0 0.0 0.0 0.0 0.0 0.0 0.0 0.500 0.333 0.333 0.333 2.0 0.157 0.545 0.040
1.0 0.0 0.0 0.0 0.0 0.0 0.0 0.0 0.0 0.0 0.667 0.104 0.333 0.207 1.0 0.371 0.545 0.520
1.0 0.0 0.0 0.0 0.0 0.0 0.0 0.0 0.0 0.0 0.667 0.104 0.333 0.197 1.0 0.529 0.545 0.640
1.0 0.0 0.0 0.0 0.0 0.0 0.0 0.0 0.0 0.0 0.646 0.125 0.354 0.229 1.0 0.386 0.515 0.560
1.0 0.0 0.0 0.0 0.0 0.0 0.0 0.0 0.0 0.0 0.646 0.104 0.354 0.210 1.0 0.471 0.515 0.560
0.0 0.0 1.0 0.0 0.0 0.0 0.0 0.0 0.0 0.0 0.625 0.146 0.375 0.261 2.0 0.729 0.636 0.440
0.0 0.0 1.0 0.0 0.0 0.0 0.0 0.0 0.0 0.0 0.625 0.125 0.375 0.262 2.0 0.543 0.636 0.480
0.0 0.0 1.0 0.0 0.0 0.0 0.0 0.0 0.0 0.0 0.625 0.125 0.375 0.243 2.0 0.871 0.636 0.600
0.0 1.0 0.0 0.0 0.0 0.0 0.0 0.0 0.0 0.0 0.646 0.104 0.354 0.232 1.0 0.586 0.636 0.520
0.0 0.0 0.0 1.0 0.0 0.0 0.0 0.0 0.0 0.0 0.625 0.125 0.375 0.253 2.0 0.229 0.636 0.520
0.0 0.0 1.0 0.0 0.0 0.0 0.0 0.0 0.0 0.0 0.688 0.146 0.146 0.146 4.0 0.171 0.939 0.040
0.0 0.0 1.0 0.0 0.0 0.0 0.0 0.0 0.0 0.0 0.646 0.188 0.188 0.188 2.0 0.129 0.545 0.040
0.0 0.0 1.0 0.0 0.0 0.0 0.0 0.0 0.0 0.0 0.646 0.104 0.354 0.222 2.0 0.543 0.545 0.480
0.0 0.0 1.0 0.0 0.0 0.0 0.0 0.0 0.0 0.0 0.646 0.188 0.188 0.188 2.0 0.129 0.515 0.040
0.0 0.0 1.0 0.0 0.0 0.0 0.0 0.0 0.0 0.0 0.646 0.125 0.354 0.232 2.0 0.614 0.515 0.560
0.0 0.0 0.0 1.0 0.0 0.0 0.0 0.0 0.0 0.0 0.708 0.125 0.292 0.216 4.0 0.657 0.970 0.320
0.0 0.0 1.0 0.0 0.0 0.0 0.0 0.0 0.0 0.0 0.688 0.146 0.312 0.237 2.0 0.314 0.788 0.320
0.0 0.0 0.0 1.0 0.0 0.0 0.0 0.0 0.0 0.0 0.708 0.125 0.292 0.216 4.0 0.643 0.970 0.320
0.0 0.0 1.0 0.0 0.0 0.0 0.0 0.0 0.0 0.0 0.688 0.146 0.312 0.237 2.0 0.314 0.788 0.320
0.0 0.0 0.0 1.0 0.0 0.0 0.0 0.0 0.0 0.0 0.708 0.125 0.292 0.216 4.0 0.614 0.970 0.320
0.0 0.0 1.0 0.0 0.0 0.0 0.0 0.0 0.0 0.0 0.688 0.146 0.312 0.237 2.0 0.314 0.788 0.320
0.0 0.0 0.0 1.0 0.0 0.0 0.0 0.0 0.0 0.0 0.708 0.125 0.292 0.216 4.0 0.643 0.970 0.320
0.0 0.0 1.0 0.0 0.0 0.0 0.0 0.0 0.0 0.0 0.688 0.146 0.312 0.237 2.0 0.314 0.788 0.320
0.0 0.0 0.0 1.0 0.0 0.0 0.0 0.0 0.0 0.0 0.729 0.104 0.271 0.198 4.0 0.529 0.970 0.320
0.0 1.0 0.0 0.0 0.0 0.0 0.0 0.0 0.0 0.0 0.708 0.125 0.292 0.219 1.0 0.143 0.788 0.320
0.0 0.0 1.0 0.0 0.0 0.0 0.0 0.0 0.0 0.0 0.688 0.146 0.312 0.240 2.0 0.414 0.788 0.320
0.0 0.0 0.0 1.0 0.0 0.0 0.0 0.0 0.0 0.0 0.708 0.125 0.292 0.219 4.0 0.657 0.970 0.320
0.0 0.0 1.0 0.0 0.0 0.0 0.0 0.0 0.0 0.0 0.688 0.146 0.312 0.240 2.0 0.486 0.788 0.320
0.0 0.0 0.0 1.0 0.0 0.0 0.0 0.0 0.0 0.0 0.708 0.125 0.292 0.219 4.0 0.600 0.970 0.320
0.0 0.0 1.0 0.0 0.0 0.0 0.0 0.0 0.0 0.0 0.688 0.146 0.312 0.240 2.0 0.486 0.788 0.320
0.0 0.0 1.0 0.0 0.0 0.0 0.0 0.0 0.0 0.0 0.729 0.062 0.062 0.062 4.0 0.657 0.970 0.040
0.0 1.0 0.0 0.0 0.0 0.0 0.0 0.0 0.0 0.0 0.708 0.083 0.083 0.083 1.0 0.143 0.788 0.040
0.0 0.0 1.0 0.0 0.0 0.0 0.0 0.0 0.0 0.0 0.688 0.104 0.104 0.104 2.0 0.257 0.788 0.040
0.0 1.0 0.0 0.0 0.0 0.0 0.0 0.0 0.0 0.0 0.729 0.062 0.062 0.062 1.0 0.157 0.970 0.040
0.0 0.0 1.0 0.0 0.0 0.0 0.0 0.0 0.0 0.0 0.708 0.083 0.083 0.083 4.0 0.629 0.970 0.040
0.0 0.0 1.0 0.0 0.0 0.0 0.0 0.0 0.0 0.0 0.688 0.104 0.104 0.104 2.0 0.300 0.788 0.040
0.0 0.0 1.0 0.0 0.0 0.0 0.0 0.0 0.0 0.0 0.708 0.062 0.062 0.062 4.0 0.614 0.970 0.040
0.0 0.0 1.0 0.0 0.0 0.0 0.0 0.0 0.0 0.0 0.688 0.083 0.083 0.083 2.0 0.314 0.788 0.040
0.0 0.0 1.0 0.0 0.0 0.0 0.0 0.0 0.0 0.0 0.708 0.062 0.062 0.062 4.0 0.643 0.970 0.040
0.0 0.0 1.0 0.0 0.0 0.0 0.0 0.0 0.0 0.0 0.688 0.083 0.083 0.083 2.0 0.314 0.788 0.040
0.0 0.0 1.0 0.0 0.0 0.0 0.0 0.0 0.0 0.0 0.708 0.083 0.083 0.083 4.0 0.557 0.970 0.040
0.0 0.0 1.0 0.0 0.0 0.0 0.0 0.0 0.0 0.0 0.688 0.104 0.104 0.104 2.0 0.471 0.788 0.040
0.0 0.0 1.0 0.0 0.0 0.0 0.0 0.0 0.0 0.0 0.708 0.083 0.083 0.083 4.0 0.600 0.970 0.040
0.0 0.0 1.0 0.0 0.0 0.0 0.0 0.0 0.0 0.0 0.688 0.104 0.104 0.104 2.0 0.486 0.788 0.040
0.0 0.0 1.0 0.0 0.0 0.0 0.0 0.0 0.0 0.0 0.708 0.062 0.062 0.062 4.0 0.543 0.970 0.040
0.0 0.0 1.0 0.0 0.0 0.0 0.0 0.0 0.0 0.0 0.688 0.083 0.083 0.083 2.0 0.486 0.788 0.040
0.0 1.0 0.0 0.0 0.0 0.0 0.0 0.0 0.0 0.0 0.729 0.104 0.271 0.195 1.0 0.186 0.970 0.320
0.0 0.0 0.0 1.0 0.0 0.0 0.0 0.0 0.0 0.0 0.708 0.125 0.292 0.216 4.0 0.629 0.970 0.320
0.0 0.0 1.0 0.0 0.0 0.0 0.0 0.0 0.0 0.0 0.688 0.146 0.312 0.237 2.0 0.486 0.788 0.320
0.0 0.0 0.0 1.0 0.0 0.0 0.0 0.0 0.0 0.0 0.708 0.125 0.292 0.216 4.0 0.614 0.970 0.320
0.0 0.0 1.0 0.0 0.0 0.0 0.0 0.0 0.0 0.0 0.688 0.146 0.312 0.237 2.0 0.471 0.788 0.320
0.0 0.0 0.0 1.0 0.0 0.0 0.0 0.0 0.0 0.0 0.708 0.125 0.292 0.216 4.0 0.686 0.970 0.320
0.0 0.0 1.0 0.0 0.0 0.0 0.0 0.0 0.0 0.0 0.688 0.146 0.312 0.237 2.0 0.471 0.788 0.320
0.0 0.0 0.0 1.0 0.0 0.0 0.0 0.0 0.0 0.0 0.708 0.125 0.292 0.216 4.0 0.643 0.970 0.320
0.0 0.0 1.0 0.0 0.0 0.0 0.0 0.0 0.0 0.0 0.688 0.146 0.312 0.237 2.0 0.471 0.788 0.320
0.0 0.0 0.0 1.0 0.0 0.0 0.0 0.0 0.0 0.0 0.708 0.125 0.292 0.219 4.0 0.557 0.970 0.320
0.0 0.0 1.0 0.0 0.0 0.0 0.0 0.0 0.0 0.0 0.688 0.146 0.312 0.240 2.0 0.471 0.788 0.320
0.0 0.0 0.0 1.0 0.0 0.0 0.0 0.0 0.0 0.0 0.688 0.146 0.312 0.240 4.0 0.586 0.970 0.320
0.0 0.0 1.0 0.0 0.0 0.0 0.0 0.0 0.0 0.0 0.667 0.167 0.333 0.260 2.0 0.414 0.788 0.320
0.0 0.0 0.0 1.0 0.0 0.0 0.0 0.0 0.0 0.0 0.688 0.146 0.312 0.240 4.0 0.600 0.970 0.320
0.0 0.0 1.0 0.0 0.0 0.0 0.0 0.0 0.0 0.0 0.667 0.167 0.333 0.260 2.0 0.414 0.788 0.320
0.0 0.0 0.0 1.0 0.0 0.0 0.0 0.0 0.0 0.0 0.708 0.125 0.292 0.219 4.0 0.600 0.970 0.320
0.0 1.0 0.0 0.0 0.0 0.0 0.0 0.0 0.0 0.0 0.688 0.146 0.312 0.240 1.0 0.143 0.788 0.320
0.0 0.0 1.0 0.0 0.0 0.0 0.0 0.0 0.0 0.0 0.667 0.167 0.333 0.260 2.0 0.357 0.788 0.320
0.0 0.0 0.0 1.0 0.0 0.0 0.0 0.0 0.0 0.0 0.688 0.146 0.312 0.240 4.0 0.557 0.970 0.320
0.0 0.0 1.0 0.0 0.0 0.0 0.0 0.0 0.0 0.0 0.667 0.167 0.333 0.260 2.0 0.414 0.788 0.320
0.0 0.0 0.0 1.0 0.0 0.0 0.0 0.0 0.0 0.0 0.708 0.125 0.125 0.125 4.0 0.543 0.939 0.040
0.0 0.0 1.0 0.0 0.0 0.0 0.0 0.0 0.0 0.0 0.688 0.146 0.146 0.146 2.0 0.457 0.788 0.040
0.0 1.0 0.0 0.0 0.0 0.0 0.0 0.0 0.0 0.0 0.708 0.125 0.125 0.125 1.0 0.129 0.939 0.040
0.0 0.0 1.0 0.0 0.0 0.0 0.0 0.0 0.0 0.0 0.688 0.146 0.146 0.146 4.0 0.529 0.939 0.040
0.0 0.0 1.0 0.0 0.0 0.0 0.0 0.0 0.0 0.0 0.667 0.167 0.167 0.167 2.0 0.400 0.788 0.040
0.0 0.0 0.0 1.0 0.0 0.0 0.0 0.0 0.0 0.0 0.688 0.146 0.146 0.146 4.0 0.586 0.939 0.040
0.0 0.0 1.0 0.0 0.0 0.0 0.0 0.0 0.0 0.0 0.667 0.167 0.167 0.167 2.0 0.529 0.788 0.040
0.0 0.0 0.0 1.0 0.0 0.0 0.0 0.0 0.0 0.0 0.688 0.146 0.146 0.146 4.0 0.543 0.939 0.040
0.0 0.0 1.0 0.0 0.0 0.0 0.0 0.0 0.0 0.0 0.667 0.167 0.167 0.167 2.0 0.529 0.788 0.040
0.0 0.0 0.0 1.0 0.0 0.0 0.0 0.0 0.0 0.0 0.688 0.146 0.146 0.146 4.0 0.500 0.939 0.040
0.0 0.0 1.0 0.0 0.0 0.0 0.0 0.0 0.0 0.0 0.667 0.167 0.167 0.167 2.0 0.529 0.788 0.040
0.0 0.0 0.0 1.0 0.0 0.0 0.0 0.0 0.0 0.0 0.688 0.146 0.146 0.146 4.0 0.500 0.939 0.040
0.0 0.0 1.0 0.0 0.0 0.0 0.0 0.0 0.0 0.0 0.667 0.167 0.167 0.167 2.0 0.529 0.788 0.040
0.0 0.0 0.0 1.0 0.0 0.0 0.0 0.0 0.0 0.0 0.688 0.146 0.146 0.146 4.0 0.557 0.939 0.040
0.0 0.0 1.0 0.0 0.0 0.0 0.0 0.0 0.0 0.0 0.667 0.167 0.167 0.167 2.0 0.357 0.788 0.040
0.0 0.0 0.0 1.0 0.0 0.0 0.0 0.0 0.0 0.0 0.688 0.146 0.146 0.146 4.0 0.557 0.939 0.040
0.0 0.0 1.0 0.0 0.0 0.0 0.0 0.0 0.0 0.0 0.667 0.167 0.167 0.167 2.0 0.386 0.788 0.040
0.0 1.0 0.0 0.0 0.0 0.0 0.0 0.0 0.0 0.0 0.750 0.083 0.083 0.083 1.0 0.157 0.970 0.040
0.0 0.0 1.0 0.0 0.0 0.0 0.0 0.0 0.0 0.0 0.729 0.104 0.104 0.104 4.0 0.614 0.970 0.040
0.0 1.0 0.0 0.0 0.0 0.0 0.0 0.0 0.0 0.0 0.708 0.125 0.125 0.125 1.0 0.129 0.788 0.040
0.0 0.0 1.0 0.0 0.0 0.0 0.0 0.0 0.0 0.0 0.688 0.146 0.146 0.146 2.0 0.443 0.788 0.040
0.0 0.0 1.0 0.0 0.0 0.0 0.0 0.0 0.0 0.0 0.708 0.062 0.062 0.062 4.0 0.614 0.970 0.040
0.0 0.0 1.0 0.0 0.0 0.0 0.0 0.0 0.0 0.0 0.688 0.083 0.083 0.083 2.0 0.471 0.788 0.040
0.0 0.0 1.0 0.0 0.0 0.0 0.0 0.0 0.0 0.0 0.708 0.062 0.062 0.062 4.0 0.629 0.970 0.040
0.0 0.0 1.0 0.0 0.0 0.0 0.0 0.0 0.0 0.0 0.688 0.083 0.083 0.083 2.0 0.471 0.788 0.040
0.0 1.0 0.0 0.0 0.0 0.0 0.0 0.0 0.0 0.0 0.729 0.062 0.062 0.062 1.0 0.157 0.970 0.040
0.0 0.0 0.0 1.0 0.0 0.0 0.0 0.0 0.0 0.0 0.708 0.083 0.083 0.083 4.0 0.557 0.970 0.040
0.0 0.0 1.0 0.0 0.0 0.0 0.0 0.0 0.0 0.0 0.688 0.104 0.104 0.104 2.0 0.457 0.788 0.040
0.0 1.0 0.0 0.0 0.0 0.0 0.0 0.0 0.0 0.0 0.729 0.062 0.062 0.062 1.0 0.157 0.970 0.040
0.0 0.0 1.0 0.0 0.0 0.0 0.0 0.0 0.0 0.0 0.708 0.083 0.083 0.083 4.0 0.543 0.970 0.040
0.0 0.0 1.0 0.0 0.0 0.0 0.0 0.0 0.0 0.0 0.688 0.104 0.104 0.104 2.0 0.457 0.788 0.040
0.0 0.0 1.0 0.0 0.0 0.0 0.0 0.0 0.0 0.0 0.688 0.062 0.062 0.062 4.0 0.600 0.970 0.040
0.0 0.0 1.0 0.0 0.0 0.0 0.0 0.0 0.0 0.0 0.667 0.083 0.083 0.083 2.0 0.414 0.788 0.040
0.0 0.0 1.0 0.0 0.0 0.0 0.0 0.0 0.0 0.0 0.688 0.062 0.062 0.062 4.0 0.614 0.970 0.040
0.0 0.0 1.0 0.0 0.0 0.0 0.0 0.0 0.0 0.0 0.667 0.083 0.083 0.083 2.0 0.414 0.788 0.040
0.0 0.0 1.0 0.0 0.0 0.0 0.0 0.0 0.0 0.0 0.688 0.062 0.062 0.062 4.0 0.629 0.970 0.040
0.0 0.0 1.0 0.0 0.0 0.0 0.0 0.0 0.0 0.0 0.667 0.083 0.083 0.083 2.0 0.414 0.788 0.040
0.0 0.0 1.0 0.0 0.0 0.0 0.0 0.0 0.0 0.0 0.688 0.062 0.062 0.062 4.0 0.571 0.970 0.040
0.0 0.0 1.0 0.0 0.0 0.0 0.0 0.0 0.0 0.0 0.667 0.083 0.083 0.083 2.0 0.414 0.788 0.040
0.0 0.0 0.0 1.0 0.0 0.0 0.0 0.0 0.0 0.0 0.750 0.042 0.042 0.042 2.0 0.157 0.970 0.040
0.0 1.0 0.0 0.0 0.0 0.0 0.0 0.0 0.0 0.0 0.750 0.042 0.042 0.042 1.0 0.143 0.970 0.040
0.0 1.0 0.0 0.0 0.0 0.0 0.0 0.0 0.0 0.0 0.771 0.021 0.021 0.021 1.0 0.086 0.970 0.040
0.0 0.0 1.0 0.0 0.0 0.0 0.0 0.0 0.0 0.0 0.750 0.042 0.042 0.042 2.0 0.114 0.970 0.040
0.0 1.0 0.0 0.0 0.0 0.0 0.0 0.0 0.0 0.0 0.750 0.042 0.042 0.042 1.0 0.100 0.970 0.040
0.0 1.0 0.0 0.0 0.0 0.0 0.0 0.0 0.0 0.0 0.750 0.021 0.021 0.021 1.0 0.086 0.970 0.040
0.0 0.0 0.0 1.0 0.0 0.0 0.0 0.0 0.0 0.0 0.729 0.042 0.042 0.042 2.0 0.157 0.970 0.040
0.0 1.0 0.0 0.0 0.0 0.0 0.0 0.0 0.0 0.0 0.729 0.042 0.042 0.042 1.0 0.143 0.970 0.040
0.0 1.0 0.0 0.0 0.0 0.0 0.0 0.0 0.0 0.0 0.750 0.021 0.021 0.021 1.0 0.086 0.970 0.040
0.0 0.0 0.0 1.0 0.0 0.0 0.0 0.0 0.0 0.0 0.729 0.042 0.042 0.042 2.0 0.157 0.970 0.040
0.0 1.0 0.0 0.0 0.0 0.0 0.0 0.0 0.0 0.0 0.729 0.042 0.042 0.042 1.0 0.143 0.970 0.040
0.0 0.0 0.0 1.0 0.0 0.0 0.0 0.0 0.0 0.0 0.729 0.062 0.062 0.062 2.0 0.157 0.970 0.040
0.0 1.0 0.0 0.0 0.0 0.0 0.0 0.0 0.0 0.0 0.729 0.062 0.062 0.062 1.0 0.143 0.970 0.040
0.0 0.0 0.0 1.0 0.0 0.0 0.0 0.0 0.0 0.0 0.729 0.062 0.062 0.062 2.0 0.157 0.970 0.040
0.0 1.0 0.0 0.0 0.0 0.0 0.0 0.0 0.0 0.0 0.729 0.062 0.062 0.062 1.0 0.143 0.970 0.040
0.0 0.0 0.0 1.0 0.0 0.0 0.0 0.0 0.0 0.0 0.729 0.042 0.042 0.042 2.0 0.157 0.970 0.040
0.0 1.0 0.0 0.0 0.0 0.0 0.0 0.0 0.0 0.0 0.729 0.042 0.042 0.042 1.0 0.143 0.970 0.040
0.0 0.0 1.0 0.0 0.0 0.0 0.0 0.0 0.0 0.0 0.771 0.062 0.062 0.062 4.0 0.271 0.939 0.040
0.0 0.0 1.0 0.0 0.0 0.0 0.0 0.0 0.0 0.0 0.708 0.125 0.125 0.125 4.0 0.300 0.939 0.040
0.0 1.0 0.0 0.0 0.0 0.0 0.0 0.0 0.0 0.0 0.750 0.083 0.083 0.083 1.0 0.129 0.939 0.040
0.0 0.0 1.0 0.0 0.0 0.0 0.0 0.0 0.0 0.0 0.729 0.104 0.104 0.104 2.0 0.143 0.939 0.040
0.0 0.0 0.0 1.0 0.0 0.0 0.0 0.0 0.0 0.0 0.771 0.021 0.021 0.021 2.0 0.100 0.970 0.040
0.0 0.0 0.0 1.0 0.0 0.0 0.0 0.0 0.0 0.0 0.771 0.021 0.021 0.021 2.0 0.100 0.970 0.040
0.0 0.0 0.0 1.0 0.0 0.0 0.0 0.0 0.0 0.0 0.750 0.021 0.021 0.021 2.0 0.100 0.970 0.040
0.0 0.0 0.0 1.0 0.0 0.0 0.0 0.0 0.0 0.0 0.750 0.021 0.021 0.021 2.0 0.100 0.970 0.040
0.0 0.0 0.0 1.0 0.0 0.0 0.0 0.0 0.0 0.0 0.771 0.062 0.062 0.062 2.0 0.129 0.970 0.040
0.0 1.0 0.0 0.0 0.0 0.0 0.0 0.0 0.0 0.0 0.771 0.062 0.062 0.062 1.0 0.100 0.970 0.040
0.0 0.0 0.0 1.0 0.0 0.0 0.0 0.0 0.0 0.0 0.729 0.042 0.042 0.042 2.0 0.157 0.970 0.040
0.0 1.0 0.0 0.0 0.0 0.0 0.0 0.0 0.0 0.0 0.729 0.042 0.042 0.042 1.0 0.143 0.970 0.040
0.0 0.0 0.0 1.0 0.0 0.0 0.0 0.0 0.0 0.0 0.729 0.042 0.042 0.042 2.0 0.157 0.970 0.040
0.0 1.0 0.0 0.0 0.0 0.0 0.0 0.0 0.0 0.0 0.729 0.042 0.042 0.042 1.0 0.143 0.970 0.040
0.0 0.0 0.0 1.0 0.0 0.0 0.0 0.0 0.0 0.0 0.750 0.042 0.042 0.042 2.0 0.114 0.970 0.040
0.0 1.0 0.0 0.0 0.0 0.0 0.0 0.0 0.0 0.0 0.750 0.042 0.042 0.042 1.0 0.100 0.970 0.040
0.0 1.0 0.0 0.0 0.0 0.0 0.0 0.0 0.0 0.0 0.771 0.021 0.021 0.021 1.0 0.086 0.970 0.040
0.0 0.0 1.0 0.0 0.0 0.0 0.0 0.0 0.0 0.0 0.750 0.042 0.042 0.042 2.0 0.114 0.970 0.040
0.0 1.0 0.0 0.0 0.0 0.0 0.0 0.0 0.0 0.0 0.750 0.042 0.042 0.042 1.0 0.100 0.970 0.040
0.0 1.0 0.0 0.0 0.0 0.0 0.0 0.0 0.0 0.0 0.771 0.021 0.021 0.021 1.0 0.086 0.970 0.040
0.0 0.0 0.0 1.0 0.0 0.0 0.0 0.0 0.0 0.0 0.750 0.042 0.042 0.042 2.0 0.100 0.970 0.040
0.0 0.0 0.0 1.0 0.0 0.0 0.0 0.0 0.0 0.0 0.708 0.042 0.042 0.042 2.0 0.157 0.970 0.040
0.0 1.0 0.0 0.0 0.0 0.0 0.0 0.0 0.0 0.0 0.708 0.042 0.042 0.042 1.0 0.143 0.970 0.040
0.0 0.0 0.0 1.0 0.0 0.0 0.0 0.0 0.0 0.0 0.708 0.042 0.042 0.042 2.0 0.157 0.970 0.040
0.0 1.0 0.0 0.0 0.0 0.0 0.0 0.0 0.0 0.0 0.708 0.042 0.042 0.042 1.0 0.143 0.970 0.040
0.0 0.0 0.0 1.0 0.0 0.0 0.0 0.0 0.0 0.0 0.708 0.042 0.042 0.042 2.0 0.157 0.970 0.040
0.0 1.0 0.0 0.0 0.0 0.0 0.0 0.0 0.0 0.0 0.708 0.042 0.042 0.042 1.0 0.143 0.970 0.040
0.0 1.0 0.0 0.0 0.0 0.0 0.0 0.0 0.0 0.0 0.729 0.021 0.021 0.021 1.0 0.086 0.970 0.040
0.0 0.0 1.0 0.0 0.0 0.0 0.0 0.0 0.0 0.0 0.708 0.042 0.042 0.042 2.0 0.157 0.970 0.040
0.0 1.0 0.0 0.0 0.0 0.0 0.0 0.0 0.0 0.0 0.708 0.042 0.042 0.042 1.0 0.143 0.970 0.040
0.0 1.0 0.0 0.0 0.0 0.0 0.0 0.0 0.0 0.0 0.771 0.021 0.021 0.021 1.0 0.086 0.970 0.040
0.0 0.0 0.0 1.0 0.0 0.0 0.0 0.0 0.0 0.0 0.750 0.042 0.042 0.042 2.0 0.100 0.970 0.040
0.0 0.0 0.0 1.0 0.0 0.0 0.0 0.0 0.0 0.0 0.750 0.021 0.021 0.021 2.0 0.100 0.970 0.040
0.0 0.0 0.0 1.0 0.0 0.0 0.0 0.0 0.0 0.0 0.771 0.146 0.146 0.146 4.0 0.329 0.970 0.040
0.0 0.0 1.0 0.0 0.0 0.0 0.0 0.0 0.0 0.0 0.750 0.167 0.167 0.167 4.0 0.300 0.970 0.040
0.0 0.0 1.0 0.0 0.0 0.0 0.0 0.0 0.0 0.0 0.729 0.188 0.188 0.188 2.0 0.229 0.970 0.040
0.0 0.0 0.0 1.0 0.0 0.0 0.0 0.0 0.0 0.0 0.771 0.167 0.167 0.167 4.0 0.329 0.970 0.040
0.0 0.0 1.0 0.0 0.0 0.0 0.0 0.0 0.0 0.0 0.729 0.208 0.208 0.208 4.0 0.314 0.970 0.040
0.0 0.0 1.0 0.0 0.0 0.0 0.0 0.0 0.0 0.0 0.750 0.188 0.188 0.188 2.0 0.229 0.970 0.040
0.0 0.0 1.0 0.0 0.0 0.0 0.0 0.0 0.0 0.0 0.771 0.062 0.229 0.155 4.0 0.357 0.970 0.280
0.0 0.0 1.0 0.0 0.0 0.0 0.0 0.0 0.0 0.0 0.750 0.083 0.250 0.176 4.0 0.314 0.970 0.280
0.0 0.0 1.0 0.0 0.0 0.0 0.0 0.0 0.0 0.0 0.729 0.104 0.271 0.196 2.0 0.243 0.970 0.280
0.0 0.0 1.0 0.0 0.0 0.0 0.0 0.0 0.0 0.0 0.771 0.062 0.229 0.155 4.0 0.357 0.970 0.280
0.0 0.0 1.0 0.0 0.0 0.0 0.0 0.0 0.0 0.0 0.729 0.104 0.271 0.196 4.0 0.329 0.970 0.280
0.0 0.0 1.0 0.0 0.0 0.0 0.0 0.0 0.0 0.0 0.750 0.083 0.250 0.176 2.0 0.243 0.970 0.280
0.0 0.0 0.0 1.0 0.0 0.0 0.0 0.0 0.0 1.0 0.792 0.000 0.000 0.000 2.0 0.100 0.970 0.040
0.0 0.0 0.0 1.0 0.0 0.0 0.0 0.0 0.0 1.0 0.792 0.000 0.000 0.000 2.0 0.086 0.970 0.040
0.0 0.0 0.0 1.0 0.0 0.0 0.0 0.0 0.0 1.0 0.771 0.000 0.000 0.000 2.0 0.086 0.970 0.040
0.0 0.0 0.0 1.0 0.0 0.0 0.0 0.0 0.0 1.0 0.771 0.000 0.000 0.000 2.0 0.086 0.970 0.040
0.0 0.0 0.0 1.0 0.0 0.0 0.0 0.0 0.0 0.0 0.792 0.042 0.042 0.042 2.0 0.114 0.970 0.040
0.0 0.0 0.0 1.0 0.0 0.0 0.0 0.0 0.0 0.0 0.750 0.021 0.021 0.021 2.0 0.100 0.970 0.040
0.0 0.0 0.0 1.0 0.0 0.0 0.0 0.0 0.0 0.0 0.750 0.021 0.021 0.021 2.0 0.100 0.970 0.040
0.0 0.0 0.0 1.0 0.0 0.0 0.0 0.0 0.0 0.0 0.771 0.021 0.021 0.021 2.0 0.100 0.970 0.040
0.0 0.0 0.0 1.0 0.0 0.0 0.0 0.0 0.0 0.0 0.771 0.021 0.021 0.021 2.0 0.100 0.970 0.040
0.0 0.0 0.0 1.0 0.0 0.0 0.0 0.0 0.0 1.0 0.792 0.000 0.000 0.000 2.0 0.086 0.970 0.040
0.0 0.0 0.0 1.0 0.0 0.0 0.0 0.0 0.0 0.0 0.729 0.021 0.021 0.021 2.0 0.100 0.970 0.040
0.0 0.0 0.0 1.0 0.0 0.0 0.0 0.0 0.0 0.0 0.729 0.021 0.021 0.021 2.0 0.100 0.970 0.040
0.0 0.0 0.0 1.0 0.0 0.0 0.0 0.0 0.0 0.0 0.729 0.021 0.021 0.021 2.0 0.100 0.970 0.040
0.0 0.0 0.0 1.0 0.0 0.0 0.0 0.0 0.0 0.0 0.729 0.021 0.021 0.021 2.0 0.100 0.970 0.040
0.0 0.0 0.0 1.0 0.0 0.0 0.0 0.0 0.0 1.0 0.792 0.000 0.000 0.000 2.0 0.086 0.970 0.040
0.0 0.0 0.0 1.0 0.0 0.0 0.0 0.0 0.0 1.0 0.771 0.000 0.000 0.000 2.0 0.100 0.970 0.040
0.0 0.0 1.0 0.0 0.0 0.0 0.0 0.0 0.0 0.0 0.792 0.125 0.125 0.125 2.0 0.171 0.970 0.040
0.0 0.0 1.0 0.0 0.0 0.0 0.0 0.0 0.0 0.0 0.792 0.146 0.146 0.146 2.0 0.171 0.970 0.040
0.0 1.0 0.0 0.0 0.0 0.0 0.0 0.0 0.0 1.0 0.833 0.000 0.000 0.000 1.0 0.057 0.970 0.040
0.0 0.0 1.0 0.0 0.0 0.0 0.0 0.0 0.0 0.0 0.812 0.021 0.021 0.021 2.0 0.114 0.970 0.040
0.0 0.0 0.0 1.0 0.0 0.0 0.0 0.0 0.0 1.0 0.771 0.000 0.000 0.000 2.0 0.100 0.970 0.040
0.0 0.0 0.0 1.0 0.0 0.0 0.0 0.0 0.0 1.0 0.771 0.000 0.000 0.000 2.0 0.100 0.970 0.040
0.0 0.0 0.0 1.0 0.0 0.0 0.0 0.0 0.0 1.0 0.792 0.000 0.000 0.000 2.0 0.100 0.970 0.040
0.0 0.0 0.0 1.0 0.0 0.0 0.0 0.0 0.0 1.0 0.792 0.000 0.000 0.000 2.0 0.086 0.970 0.040
0.0 0.0 0.0 1.0 0.0 0.0 0.0 0.0 0.0 1.0 0.750 0.000 0.000 0.000 2.0 0.100 0.970 0.040
0.0 0.0 0.0 1.0 0.0 0.0 0.0 0.0 0.0 1.0 0.750 0.000 0.000 0.000 2.0 0.100 0.970 0.040
0.0 0.0 0.0 1.0 0.0 0.0 0.0 0.0 0.0 1.0 0.750 0.000 0.000 0.000 2.0 0.100 0.970 0.040
0.0 0.0 0.0 1.0 0.0 0.0 0.0 0.0 0.0 1.0 0.750 0.000 0.000 0.000 2.0 0.086 0.970 0.040
0.0 0.0 1.0 0.0 0.0 0.0 0.0 0.0 0.0 0.0 0.792 0.042 0.042 0.042 3.0 0.300 1.000 0.040
0.0 1.0 0.0 0.0 0.0 0.0 0.0 0.0 0.0 0.0 0.812 0.104 0.188 0.128 1.0 0.343 1.000 0.240
0.0 0.0 1.0 0.0 0.0 0.0 0.0 0.0 0.0 0.0 0.792 0.125 0.208 0.149 2.0 0.271 1.000 0.240
0.0 0.0 1.0 0.0 0.0 0.0 0.0 0.0 1.0 0.0 0.812 0.021 0.021 0.021 4.0 0.214 1.000 0.040
0.0 0.0 0.0 1.0 0.0 0.0 0.0 0.0 0.0 0.0 0.812 0.104 0.104 0.104 2.0 0.157 0.970 0.040
0.0 1.0 0.0 0.0 0.0 0.0 0.0 0.0 0.0 0.0 0.812 0.104 0.104 0.104 1.0 0.114 0.970 0.040
0.0 0.0 0.0 1.0 0.0 0.0 0.0 0.0 0.0 0.0 0.812 0.125 0.125 0.125 2.0 0.143 0.970 0.040
0.0 1.0 0.0 0.0 0.0 0.0 0.0 0.0 0.0 0.0 0.812 0.125 0.125 0.125 1.0 0.114 0.970 0.040
0.0 0.0 0.0 0.0 0.0 1.0 0.0 0.0 0.0 1.0 0.833 0.000 0.000 0.000 2.0 0.100 1.000 0.040
0.0 0.0 1.0 0.0 0.0 0.0 0.0 0.0 0.0 0.0 0.833 0.104 0.104 0.104 3.0 0.229 1.000 0.040
0.0 0.0 1.0 0.0 0.0 0.0 0.0 0.0 1.0 0.0 0.833 0.083 0.083 0.083 3.0 0.200 1.000 0.040
0.0 1.0 0.0 0.0 0.0 0.0 0.0 0.0 0.0 0.0 0.854 0.083 0.083 0.083 1.0 0.129 1.000 0.040
0.0 0.0 0.0 1.0 0.0 0.0 0.0 0.0 1.0 0.0 0.833 0.104 0.104 0.104 3.0 0.171 1.000 0.040
0.0 0.0 1.0 0.0 0.0 0.0 0.0 0.0 1.0 0.0 0.833 0.104 0.104 0.104 3.0 0.200 1.000 0.040
0.0 0.0 1.0 0.0 0.0 0.0 0.0 0.0 0.0 0.0 0.833 0.083 0.083 0.083 3.0 0.229 1.000 0.040
0.0 0.0 0.0 1.0 0.0 0.0 0.0 0.0 0.0 0.0 0.833 0.083 0.083 0.083 2.0 0.157 0.970 0.040
0.0 0.0 0.0 1.0 0.0 0.0 0.0 0.0 0.0 0.0 0.833 0.104 0.104 0.104 2.0 0.143 0.970 0.040
0.0 0.0 1.0 0.0 0.0 0.0 0.0 0.0 1.0 0.0 0.833 0.167 0.167 0.167 3.0 0.200 1.000 0.040
0.0 0.0 0.0 1.0 0.0 0.0 0.0 0.0 0.0 0.0 0.854 0.062 0.062 0.062 2.0 0.171 0.970 0.040
0.0 1.0 0.0 0.0 0.0 0.0 0.0 0.0 0.0 0.0 0.875 0.062 0.062 0.062 1.0 0.129 0.970 0.040
0.0 0.0 1.0 0.0 0.0 0.0 0.0 0.0 0.0 0.0 0.854 0.083 0.083 0.083 2.0 0.143 0.970 0.040
0.0 0.0 0.0 1.0 0.0 0.0 0.0 0.0 0.0 0.0 0.854 0.083 0.083 0.083 2.0 0.157 1.000 0.040
0.0 1.0 0.0 0.0 0.0 0.0 0.0 0.0 0.0 0.0 0.875 0.042 0.042 0.042 1.0 0.100 1.000 0.040
0.0 0.0 1.0 0.0 0.0 0.0 0.0 0.0 0.0 0.0 0.854 0.062 0.062 0.062 2.0 0.129 1.000 0.040
0.0 1.0 0.0 0.0 0.0 0.0 0.0 0.0 0.0 0.0 0.896 0.042 0.042 0.042 1.0 0.100 1.000 0.040
0.0 0.0 0.0 1.0 0.0 0.0 0.0 0.0 0.0 0.0 0.875 0.062 0.062 0.062 2.0 0.114 1.000 0.040
0.0 0.0 0.0 1.0 0.0 0.0 0.0 0.0 0.0 0.0 0.854 0.083 0.083 0.083 2.0 0.143 1.000 0.040
0.0 1.0 0.0 0.0 0.0 0.0 0.0 0.0 0.0 0.0 0.875 0.042 0.042 0.042 1.0 0.100 1.000 0.040
0.0 0.0 1.0 0.0 0.0 0.0 0.0 0.0 0.0 0.0 0.854 0.062 0.062 0.062 2.0 0.143 1.000 0.040
0.0 1.0 0.0 0.0 0.0 0.0 0.0 0.0 0.0 0.0 0.854 0.083 0.083 0.083 1.0 0.129 1.000 0.040
0.0 1.0 0.0 0.0 0.0 0.0 0.0 0.0 0.0 0.0 0.854 0.062 0.062 0.062 1.0 0.114 1.000 0.040
0.0 1.0 0.0 0.0 0.0 0.0 0.0 0.0 0.0 0.0 0.875 0.062 0.062 0.062 1.0 0.100 1.000 0.040
0.0 1.0 0.0 0.0 0.0 0.0 0.0 0.0 0.0 0.0 0.854 0.083 0.083 0.083 1.0 0.114 1.000 0.040
0.0 1.0 0.0 0.0 0.0 0.0 0.0 0.0 0.0 0.0 0.854 0.062 0.062 0.062 1.0 0.129 1.000 0.040
0.0 1.0 0.0 0.0 0.0 0.0 0.0 0.0 0.0 0.0 0.854 0.146 0.146 0.146 1.0 0.114 1.000 0.040
0.0 0.0 0.0 1.0 0.0 0.0 0.0 0.0 0.0 0.0 0.854 0.146 0.146 0.146 2.0 0.157 1.000 0.040
0.0 1.0 0.0 0.0 0.0 0.0 0.0 0.0 0.0 0.0 0.896 0.042 0.042 0.042 1.0 0.100 1.000 0.040
0.0 0.0 0.0 1.0 0.0 0.0 0.0 0.0 0.0 0.0 0.875 0.062 0.062 0.062 2.0 0.129 1.000 0.040
0.0 0.0 0.0 1.0 0.0 0.0 0.0 0.0 0.0 0.0 0.875 0.042 0.042 0.042 2.0 0.143 1.000 0.040
0.0 0.0 0.0 1.0 0.0 0.0 0.0 0.0 0.0 0.0 0.896 0.042 0.042 0.042 2.0 0.129 1.000 0.040
0.0 0.0 0.0 1.0 0.0 0.0 0.0 0.0 0.0 0.0 0.875 0.062 0.062 0.062 2.0 0.129 1.000 0.040
0.0 0.0 0.0 1.0 0.0 0.0 0.0 0.0 0.0 0.0 0.875 0.042 0.042 0.042 2.0 0.129 1.000 0.040
0.0 0.0 0.0 1.0 0.0 0.0 0.0 0.0 0.0 0.0 0.875 0.042 0.042 0.042 2.0 0.129 0.970 0.040
0.0 1.0 0.0 0.0 0.0 0.0 0.0 0.0 0.0 0.0 0.875 0.042 0.042 0.042 1.0 0.114 0.970 0.040
0.0 0.0 0.0 1.0 0.0 0.0 0.0 0.0 0.0 0.0 0.896 0.042 0.042 0.042 2.0 0.114 0.970 0.040
0.0 1.0 0.0 0.0 0.0 0.0 0.0 0.0 0.0 0.0 0.896 0.042 0.042 0.042 1.0 0.100 0.970 0.040
0.0 0.0 0.0 1.0 0.0 0.0 0.0 0.0 0.0 0.0 0.875 0.125 0.125 0.125 2.0 0.157 1.000 0.040
0.0 0.0 0.0 1.0 0.0 0.0 0.0 0.0 0.0 0.0 0.917 0.021 0.021 0.021 2.0 0.114 1.000 0.040
0.0 0.0 0.0 1.0 0.0 0.0 0.0 0.0 0.0 0.0 0.896 0.021 0.021 0.021 2.0 0.114 1.000 0.040
0.0 0.0 0.0 1.0 0.0 0.0 0.0 0.0 0.0 0.0 0.917 0.021 0.021 0.021 2.0 0.114 1.000 0.040
0.0 1.0 0.0 0.0 0.0 0.0 0.0 0.0 0.0 0.0 0.917 0.021 0.021 0.021 1.0 0.086 1.000 0.040
0.0 0.0 1.0 0.0 0.0 0.0 0.0 0.0 0.0 0.0 0.896 0.042 0.042 0.042 2.0 0.129 1.000 0.040
0.0 0.0 0.0 1.0 0.0 0.0 0.0 0.0 0.0 0.0 0.896 0.021 0.021 0.021 2.0 0.114 1.000 0.040
0.0 0.0 0.0 1.0 0.0 0.0 0.0 0.0 0.0 0.0 0.896 0.021 0.021 0.021 2.0 0.129 0.970 0.040
0.0 0.0 0.0 1.0 0.0 0.0 0.0 0.0 0.0 0.0 0.917 0.021 0.021 0.021 2.0 0.129 0.970 0.040
0.0 0.0 0.0 1.0 0.0 0.0 0.0 0.0 0.0 0.0 0.896 0.104 0.104 0.104 2.0 0.171 1.000 0.040
0.0 0.0 1.0 0.0 0.0 0.0 0.0 0.0 0.0 1.0 0.938 0.000 0.000 0.000 2.0 0.100 1.000 0.040
0.0 0.0 1.0 0.0 0.0 0.0 0.0 0.0 0.0 1.0 0.917 0.000 0.000 0.000 2.0 0.100 1.000 0.040
0.0 0.0 1.0 0.0 0.0 0.0 0.0 0.0 0.0 1.0 0.938 0.000 0.000 0.000 2.0 0.100 1.000 0.040
0.0 0.0 1.0 0.0 0.0 0.0 0.0 0.0 0.0 1.0 0.938 0.000 0.000 0.000 2.0 0.071 1.000 0.040
0.0 0.0 1.0 0.0 0.0 0.0 0.0 0.0 0.0 1.0 0.917 0.000 0.000 0.000 2.0 0.100 1.000 0.040
0.0 0.0 0.0 1.0 0.0 0.0 0.0 0.0 0.0 1.0 0.917 0.000 0.000 0.000 2.0 0.100 0.970 0.040
0.0 0.0 0.0 1.0 0.0 0.0 0.0 0.0 0.0 1.0 0.938 0.000 0.000 0.000 2.0 0.100 0.970 0.040
0.0 0.0 0.0 1.0 0.0 0.0 0.0 0.0 0.0 0.0 0.917 0.083 0.083 0.083 2.0 0.143 1.000 0.040
0.0 1.0 0.0 0.0 0.0 0.0 0.0 0.0 0.0 0.0 0.917 0.083 0.083 0.083 1.0 0.114 1.000 0.040
0.0 0.0 0.0 1.0 0.0 0.0 0.0 0.0 0.0 0.0 0.938 0.062 0.062 0.062 2.0 0.143 1.000 0.040
0.0 0.0 0.0 1.0 0.0 0.0 0.0 0.0 0.0 0.0 0.958 0.042 0.042 0.042 2.0 0.143 1.000 0.040
0.0 1.0 0.0 0.0 0.0 0.0 0.0 0.0 0.0 1.0 1.000 0.000 0.000 0.000 1.0 0.057 1.000 0.040
0.0 0.0 0.0 1.0 0.0 0.0 0.0 0.0 0.0 0.0 0.979 0.021 0.021 0.021 2.0 0.114 1.000 0.040
