0.0 0.0 1.0 0.0 0.0 0.0 0.0 0.0 1.0 0.0 0.033 0.867 0.967 0.909 2.0 0.115 0.026 1.000
0.0 0.0 1.0 0.0 0.0 0.0 0.0 0.0 1.0 0.0 0.033 0.867 0.967 0.909 2.0 0.115 0.026 1.000
0.0 0.0 1.0 0.0 0.0 0.0 0.0 0.0 1.0 0.0 0.033 0.867 0.967 0.909 2.0 0.115 0.026 1.000
0.0 0.0 1.0 0.0 0.0 0.0 0.0 0.0 1.0 0.0 0.033 0.867 0.967 0.909 2.0 0.115 0.026 1.000
0.0 0.0 1.0 0.0 0.0 0.0 0.0 0.0 1.0 0.0 0.033 0.867 0.967 0.909 2.0 0.115 0.026 1.000
0.0 0.0 1.0 0.0 0.0 0.0 0.0 0.0 1.0 0.0 0.033 0.867 0.967 0.909 2.0 0.115 0.026 1.000
0.0 0.0 1.0 0.0 0.0 0.0 0.0 0.0 1.0 0.0 0.033 0.867 0.967 0.909 2.0 0.115 0.026 1.000
0.0 0.0 1.0 0.0 0.0 0.0 0.0 0.0 1.0 0.0 0.033 0.867 0.967 0.909 2.0 0.115 0.026 1.000
0.0 0.0 0.0 1.0 0.0 0.0 0.0 0.0 1.0 0.0 0.033 0.867 0.967 0.909 2.0 0.077 0.026 1.000
0.0 0.0 0.0 1.0 0.0 0.0 0.0 0.0 1.0 0.0 0.033 0.867 0.967 0.909 2.0 0.077 0.026 1.000
0.0 0.0 0.0 1.0 0.0 0.0 0.0 0.0 1.0 0.0 0.033 0.867 0.967 0.909 2.0 0.096 0.026 1.000
0.0 0.0 0.0 1.0 0.0 0.0 0.0 0.0 1.0 0.0 0.033 0.867 0.967 0.909 2.0 0.077 0.026 1.000
0.0 0.0 0.0 1.0 0.0 0.0 0.0 0.0 1.0 0.0 0.033 0.867 0.967 0.909 2.0 0.077 0.026 1.000
0.0 0.0 0.0 1.0 0.0 0.0 0.0 0.0 1.0 0.0 0.033 0.867 0.967 0.909 2.0 0.096 0.026 1.000
0.0 0.0 0.0 1.0 0.0 0.0 0.0 0.0 1.0 0.0 0.033 0.867 0.967 0.909 2.0 0.077 0.026 1.000
0.0 0.0 0.0 1.0 0.0 0.0 0.0 0.0 1.0 0.0 0.033 0.867 0.967 0.909 2.0 0.077 0.026 1.000
0.0 0.0 0.0 1.0 0.0 0.0 0.0 0.0 1.0 0.0 0.033 0.867 0.967 0.909 2.0 0.077 0.026 1.000
0.0 0.0 0.0 1.0 0.0 0.0 0.0 0.0 1.0 0.0 0.033 0.867 0.967 0.909 2.0 0.077 0.026 1.000
0.0 0.0 0.0 1.0 0.0 0.0 0.0 0.0 1.0 0.0 0.033 0.867 0.967 0.909 2.0 0.077 0.026 1.000
0.0 0.0 0.0 1.0 0.0 0.0 0.0 0.0 1.0 0.0 0.033 0.867 0.967 0.909 2.0 0.077 0.026 1.000
0.0 0.0 0.0 1.0 0.0 0.0 0.0 0.0 1.0 0.0 0.033 0.867 0.967 0.909 2.0 0.077 0.026 1.000
0.0 0.0 0.0 1.0 0.0 0.0 0.0 0.0 1.0 0.0 0.033 0.867 0.967 0.909 2.0 0.077 0.026 1.000
0.0 0.0 0.0 1.0 0.0 0.0 0.0 0.0 1.0 0.0 0.033 0.867 0.967 0.909 2.0 0.096 0.026 1.000
0.0 0.0 0.0 1.0 0.0 0.0 0.0 0.0 1.0 0.0 0.033 0.867 0.967 0.909 2.0 0.077 0.026 1.000
0.0 0.0 0.0 1.0 0.0 0.0 0.0 0.0 1.0 0.0 0.033 0.867 0.967 0.909 2.0 0.077 0.026 1.000
0.0 0.0 0.0 1.0 0.0 0.0 0.0 0.0 1.0 0.0 0.033 0.867 0.967 0.909 2.0 0.077 0.026 1.000
0.0 0.0 0.0 1.0 0.0 0.0 0.0 0.0 1.0 0.0 0.033 0.867 0.967 0.909 2.0 0.077 0.026 1.000
0.0 0.0 0.0 1.0 0.0 0.0 0.0 0.0 1.0 0.0 0.033 0.867 0.967 0.909 2.0 0.077 0.026 1.000
0.0 0.0 0.0 1.0 0.0 0.0 0.0 0.0 1.0 0.0 0.033 0.867 0.967 0.909 2.0 0.077 0.026 1.000
0.0 0.0 0.0 1.0 0.0 0.0 0.0 0.0 1.0 0.0 0.033 0.867 0.967 0.909 2.0 0.077 0.026 1.000
0.0 0.0 0.0 1.0 0.0 0.0 0.0 0.0 1.0 0.0 0.033 0.867 0.967 0.909 2.0 0.096 0.026 1.000
0.0 0.0 0.0 1.0 0.0 0.0 0.0 0.0 1.0 0.0 0.033 0.867 0.967 0.909 2.0 0.077 0.026 1.000
0.0 0.0 0.0 1.0 0.0 0.0 0.0 0.0 1.0 0.0 0.033 0.867 0.967 0.909 2.0 0.096 0.026 1.000
0.0 0.0 0.0 1.0 0.0 0.0 0.0 0.0 1.0 0.0 0.033 0.867 0.967 0.909 2.0 0.077 0.026 1.000
0.0 0.0 0.0 1.0 0.0 0.0 0.0 0.0 1.0 0.0 0.033 0.867 0.967 0.909 2.0 0.077 0.026 1.000
0.0 0.0 0.0 1.0 0.0 0.0 0.0 0.0 1.0 0.0 0.033 0.867 0.967 0.909 2.0 0.077 0.026 1.000
0.0 0.0 0.0 1.0 0.0 0.0 0.0 0.0 1.0 0.0 0.033 0.867 0.967 0.909 2.0 0.096 0.026 1.000
0.0 0.0 0.0 1.0 0.0 0.0 0.0 0.0 1.0 0.0 0.033 0.867 0.967 0.909 2.0 0.077 0.026 1.000
0.0 0.0 0.0 1.0 0.0 0.0 0.0 0.0 1.0 0.0 0.033 0.867 0.967 0.909 2.0 0.096 0.026 1.000
0.0 0.0 0.0 1.0 0.0 0.0 0.0 0.0 1.0 0.0 0.033 0.867 0.967 0.909 2.0 0.077 0.026 1.000
0.0 0.0 0.0 1.0 0.0 0.0 0.0 0.0 1.0 0.0 0.067 0.833 0.933 0.876 2.0 0.115 0.026 1.000
0.0 0.0 0.0 1.0 0.0 0.0 0.0 0.0 1.0 0.0 0.067 0.833 0.933 0.876 2.0 0.115 0.026 1.000
0.0 0.0 0.0 1.0 0.0 0.0 0.0 0.0 1.0 0.0 0.067 0.833 0.933 0.876 2.0 0.115 0.026 1.000
0.0 0.0 0.0 1.0 0.0 0.0 0.0 0.0 1.0 0.0 0.067 0.833 0.933 0.876 2.0 0.115 0.026 1.000
0.0 0.0 0.0 1.0 0.0 0.0 0.0 0.0 1.0 0.0 0.067 0.833 0.933 0.876 2.0 0.135 0.026 1.000
0.0 1.0 0.0 0.0 0.0 0.0 0.0 0.0 0.0 0.0 0.100 0.800 0.900 0.843 2.0 0.135 0.039 1.000
0.0 0.0 0.0 1.0 0.0 0.0 0.0 0.0 1.0 0.0 0.067 0.833 0.933 0.876 2.0 0.096 0.026 1.000
0.0 0.0 0.0 1.0 0.0 0.0 0.0 0.0 1.0 0.0 0.067 0.833 0.933 0.876 2.0 0.115 0.026 1.000
0.0 0.0 0.0 1.0 0.0 0.0 0.0 0.0 1.0 0.0 0.067 0.833 0.933 0.876 2.0 0.115 0.026 1.000
0.0 0.0 0.0 1.0 0.0 0.0 0.0 0.0 1.0 0.0 0.067 0.833 0.933 0.876 2.0 0.115 0.026 1.000
0.0 0.0 0.0 1.0 0.0 0.0 0.0 0.0 1.0 0.0 0.067 0.833 0.933 0.876 2.0 0.115 0.026 1.000
0.0 1.0 0.0 0.0 0.0 0.0 0.0 0.0 0.0 0.0 0.100 0.800 0.900 0.843 2.0 0.135 0.039 1.000
0.0 0.0 0.0 1.0 0.0 0.0 0.0 0.0 1.0 0.0 0.067 0.833 0.933 0.876 2.0 0.096 0.026 1.000
0.0 0.0 0.0 1.0 0.0 0.0 0.0 0.0 1.0 0.0 0.067 0.833 0.933 0.876 2.0 0.135 0.026 1.000
0.0 0.0 0.0 1.0 0.0 0.0 0.0 0.0 1.0 0.0 0.067 0.833 0.933 0.876 2.0 0.096 0.026 1.000
0.0 0.0 0.0 1.0 0.0 0.0 0.0 0.0 1.0 0.0 0.067 0.833 0.933 0.876 2.0 0.096 0.026 1.000
0.0 0.0 0.0 1.0 0.0 0.0 0.0 0.0 1.0 0.0 0.067 0.833 0.933 0.876 2.0 0.115 0.026 1.000
0.0 0.0 0.0 1.0 0.0 0.0 0.0 0.0 1.0 0.0 0.067 0.833 0.933 0.876 2.0 0.115 0.026 1.000
0.0 0.0 0.0 1.0 0.0 0.0 0.0 0.0 1.0 0.0 0.067 0.833 0.933 0.876 2.0 0.115 0.026 1.000
0.0 0.0 0.0 1.0 0.0 0.0 0.0 0.0 1.0 0.0 0.067 0.833 0.933 0.876 2.0 0.115 0.026 1.000
0.0 0.0 0.0 1.0 0.0 0.0 0.0 0.0 1.0 0.0 0.067 0.833 0.933 0.876 2.0 0.115 0.026 1.000
0.0 0.0 0.0 1.0 0.0 0.0 0.0 0.0 1.0 0.0 0.067 0.833 0.933 0.876 2.0 0.115 0.026 1.000
0.0 0.0 0.0 1.0 0.0 0.0 0.0 0.0 1.0 0.0 0.067 0.833 0.933 0.876 2.0 0.115 0.026 1.000
0.0 0.0 0.0 1.0 0.0 0.0 0.0 0.0 1.0 0.0 0.067 0.833 0.933 0.876 2.0 0.115 0.026 1.000
0.0 0.0 0.0 1.0 0.0 0.0 0.0 0.0 1.0 0.0 0.067 0.833 0.933 0.876 2.0 0.115 0.026 1.000
0.0 0.0 0.0 1.0 0.0 0.0 0.0 0.0 1.0 0.0 0.067 0.833 0.933 0.876 2.0 0.115 0.026 1.000
0.0 0.0 0.0 1.0 0.0 0.0 0.0 0.0 1.0 0.0 0.067 0.833 0.933 0.876 2.0 0.115 0.026 1.000
0.0 0.0 0.0 1.0 0.0 0.0 0.0 0.0 1.0 0.0 0.067 0.833 0.933 0.876 2.0 0.115 0.026 1.000
0.0 0.0 0.0 1.0 0.0 0.0 0.0 0.0 1.0 0.0 0.067 0.833 0.933 0.876 2.0 0.115 0.026 1.000
0.0 0.0 0.0 1.0 0.0 0.0 0.0 0.0 1.0 0.0 0.067 0.833 0.933 0.876 2.0 0.115 0.026 1.000
0.0 0.0 0.0 1.0 0.0 0.0 0.0 0.0 1.0 0.0 0.067 0.833 0.933 0.876 2.0 0.135 0.026 1.000
0.0 1.0 0.0 0.0 0.0 0.0 0.0 0.0 0.0 0.0 0.100 0.800 0.900 0.843 2.0 0.135 0.039 1.000
0.0 0.0 0.0 1.0 0.0 0.0 0.0 0.0 1.0 0.0 0.067 0.833 0.933 0.876 2.0 0.096 0.026 1.000
0.0 0.0 0.0 1.0 0.0 0.0 0.0 0.0 1.0 0.0 0.067 0.833 0.933 0.876 2.0 0.115 0.026 1.000
0.0 0.0 0.0 1.0 0.0 0.0 0.0 0.0 1.0 0.0 0.067 0.833 0.933 0.876 2.0 0.115 0.026 1.000
0.0 0.0 0.0 1.0 0.0 0.0 0.0 0.0 1.0 0.0 0.067 0.833 0.933 0.876 2.0 0.115 0.026 1.000
0.0 0.0 0.0 1.0 0.0 0.0 0.0 0.0 1.0 0.0 0.067 0.833 0.933 0.876 2.0 0.115 0.026 1.000
0.0 0.0 0.0 1.0 0.0 0.0 0.0 0.0 1.0 0.0 0.067 0.833 0.933 0.876 2.0 0.115 0.026 1.000
0.0 0.0 0.0 1.0 0.0 0.0 0.0 0.0 1.0 0.0 0.067 0.833 0.933 0.876 2.0 0.115 0.026 1.000
0.0 0.0 0.0 1.0 0.0 0.0 0.0 0.0 1.0 0.0 0.067 0.833 0.933 0.876 2.0 0.115 0.026 1.000
0.0 0.0 0.0 1.0 0.0 0.0 0.0 0.0 1.0 0.0 0.067 0.833 0.933 0.876 2.0 0.115 0.026 1.000
0.0 0.0 0.0 1.0 0.0 0.0 0.0 0.0 1.0 0.0 0.067 0.833 0.933 0.876 2.0 0.115 0.026 1.000
0.0 0.0 0.0 1.0 0.0 0.0 0.0 0.0 1.0 0.0 0.067 0.833 0.933 0.876 2.0 0.115 0.026 1.000
0.0 0.0 0.0 1.0 0.0 0.0 0.0 0.0 1.0 0.0 0.067 0.833 0.933 0.876 2.0 0.115 0.026 1.000
0.0 0.0 0.0 1.0 0.0 0.0 0.0 0.0 1.0 0.0 0.067 0.833 0.933 0.876 2.0 0.115 0.026 1.000
0.0 0.0 0.0 1.0 0.0 0.0 0.0 0.0 1.0 0.0 0.067 0.833 0.933 0.876 2.0 0.115 0.026 1.000
0.0 0.0 0.0 1.0 0.0 0.0 0.0 0.0 1.0 0.0 0.067 0.833 0.933 0.876 2.0 0.115 0.026 1.000
0.0 0.0 0.0 1.0 0.0 0.0 0.0 0.0 1.0 0.0 0.067 0.833 0.933 0.876 2.0 0.135 0.026 1.000
0.0 1.0 0.0 0.0 0.0 0.0 0.0 0.0 0.0 0.0 0.100 0.800 0.900 0.843 2.0 0.135 0.039 1.000
0.0 0.0 0.0 1.0 0.0 0.0 0.0 0.0 1.0 0.0 0.067 0.833 0.933 0.876 2.0 0.096 0.026 1.000
0.0 0.0 0.0 1.0 0.0 0.0 0.0 0.0 1.0 0.0 0.067 0.833 0.933 0.876 2.0 0.115 0.026 1.000
0.0 0.0 0.0 1.0 0.0 0.0 0.0 0.0 1.0 0.0 0.067 0.833 0.933 0.876 2.0 0.115 0.026 1.000
0.0 0.0 0.0 1.0 0.0 0.0 0.0 0.0 1.0 0.0 0.067 0.833 0.933 0.876 2.0 0.135 0.026 1.000
0.0 1.0 0.0 0.0 0.0 0.0 0.0 0.0 0.0 0.0 0.100 0.800 0.900 0.843 2.0 0.135 0.039 1.000
0.0 0.0 0.0 1.0 0.0 0.0 0.0 0.0 1.0 0.0 0.067 0.833 0.933 0.876 2.0 0.096 0.026 1.000
0.0 0.0 0.0 1.0 0.0 0.0 0.0 0.0 1.0 0.0 0.067 0.833 0.933 0.876 2.0 0.115 0.026 1.000
0.0 0.0 0.0 1.0 0.0 0.0 0.0 0.0 1.0 0.0 0.067 0.833 0.933 0.876 2.0 0.115 0.026 1.000
0.0 0.0 0.0 1.0 0.0 0.0 0.0 0.0 1.0 0.0 0.067 0.833 0.933 0.876 2.0 0.115 0.026 1.000
0.0 0.0 0.0 1.0 0.0 0.0 0.0 0.0 1.0 0.0 0.067 0.833 0.933 0.876 2.0 0.115 0.026 1.000
0.0 0.0 0.0 1.0 0.0 0.0 0.0 0.0 1.0 0.0 0.067 0.833 0.933 0.876 2.0 0.115 0.026 1.000
0.0 0.0 0.0 1.0 0.0 0.0 0.0 0.0 1.0 0.0 0.067 0.833 0.933 0.876 2.0 0.115 0.026 1.000
0.0 0.0 0.0 1.0 0.0 0.0 0.0 0.0 1.0 0.0 0.067 0.833 0.933 0.876 2.0 0.135 0.026 1.000
0.0 1.0 0.0 0.0 0.0 0.0 0.0 0.0 0.0 0.0 0.100 0.800 0.900 0.843 2.0 0.135 0.039 1.000
0.0 0.0 0.0 1.0 0.0 0.0 0.0 0.0 1.0 0.0 0.067 0.833 0.933 0.876 2.0 0.096 0.026 1.000
0.0 0.0 0.0 1.0 0.0 0.0 0.0 0.0 1.0 0.0 0.067 0.833 0.933 0.876 2.0 0.115 0.026 1.000
0.0 0.0 0.0 1.0 0.0 0.0 0.0 0.0 1.0 0.0 0.067 0.833 0.933 0.876 2.0 0.115 0.026 1.000
0.0 0.0 0.0 1.0 0.0 0.0 0.0 0.0 1.0 0.0 0.067 0.833 0.933 0.876 2.0 0.135 0.026 1.000
0.0 1.0 0.0 0.0 0.0 0.0 0.0 0.0 0.0 0.0 0.100 0.800 0.900 0.843 2.0 0.135 0.039 1.000
0.0 0.0 0.0 1.0 0.0 0.0 0.0 0.0 1.0 0.0 0.067 0.833 0.933 0.876 2.0 0.096 0.026 1.000
0.0 0.0 0.0 1.0 0.0 0.0 0.0 0.0 1.0 0.0 0.067 0.833 0.933 0.876 2.0 0.115 0.026 1.000
0.0 0.0 0.0 1.0 0.0 0.0 0.0 0.0 1.0 0.0 0.067 0.833 0.933 0.876 2.0 0.115 0.026 1.000
0.0 0.0 0.0 1.0 0.0 0.0 0.0 0.0 0.0 0.0 0.100 0.800 0.900 0.843 2.0 0.173 0.026 1.000
0.0 0.0 0.0 1.0 0.0 0.0 0.0 0.0 0.0 0.0 0.100 0.800 0.900 0.843 2.0 0.173 0.026 1.000
0.0 0.0 0.0 1.0 0.0 0.0 0.0 0.0 0.0 0.0 0.133 0.767 0.867 0.809 2.0 0.192 0.039 1.000
0.0 0.0 0.0 1.0 0.0 0.0 0.0 0.0 0.0 0.0 0.100 0.800 0.900 0.843 2.0 0.173 0.026 1.000
0.0 0.0 0.0 1.0 0.0 0.0 0.0 0.0 0.0 0.0 0.100 0.800 0.900 0.843 2.0 0.173 0.026 1.000
0.0 0.0 0.0 1.0 0.0 0.0 0.0 0.0 0.0 0.0 0.133 0.767 0.867 0.809 2.0 0.192 0.039 1.000
0.0 1.0 0.0 0.0 0.0 0.0 0.0 0.0 0.0 0.0 0.133 0.767 0.867 0.809 2.0 0.173 0.039 1.000
0.0 0.0 0.0 1.0 0.0 0.0 0.0 0.0 0.0 0.0 0.100 0.800 0.900 0.843 2.0 0.135 0.026 1.000
0.0 0.0 0.0 1.0 0.0 0.0 0.0 0.0 0.0 0.0 0.100 0.800 0.900 0.843 2.0 0.173 0.026 1.000
0.0 0.0 0.0 1.0 0.0 0.0 0.0 0.0 0.0 0.0 0.100 0.800 0.900 0.843 2.0 0.173 0.026 1.000
0.0 0.0 0.0 1.0 0.0 0.0 0.0 0.0 0.0 0.0 0.100 0.800 0.900 0.843 2.0 0.173 0.026 1.000
0.0 0.0 0.0 1.0 0.0 0.0 0.0 0.0 0.0 0.0 0.100 0.800 0.900 0.843 2.0 0.173 0.026 1.000
0.0 0.0 0.0 1.0 0.0 0.0 0.0 0.0 0.0 0.0 0.100 0.800 0.900 0.843 2.0 0.173 0.026 1.000
0.0 0.0 0.0 1.0 0.0 0.0 0.0 0.0 0.0 0.0 0.100 0.800 0.900 0.843 2.0 0.173 0.026 1.000
0.0 0.0 0.0 1.0 0.0 0.0 0.0 0.0 0.0 0.0 0.100 0.800 0.900 0.843 2.0 0.173 0.026 1.000
0.0 0.0 0.0 1.0 0.0 0.0 0.0 0.0 0.0 0.0 0.133 0.767 0.867 0.809 2.0 0.192 0.039 1.000
0.0 0.0 0.0 1.0 0.0 0.0 0.0 0.0 0.0 0.0 0.100 0.800 0.900 0.843 2.0 0.173 0.026 1.000
0.0 0.0 0.0 1.0 0.0 0.0 0.0 0.0 0.0 0.0 0.100 0.800 0.900 0.843 2.0 0.173 0.026 1.000
0.0 0.0 0.0 1.0 0.0 0.0 0.0 0.0 0.0 0.0 0.100 0.800 0.900 0.843 2.0 0.173 0.026 1.000
0.0 0.0 0.0 1.0 0.0 0.0 0.0 0.0 0.0 0.0 0.100 0.800 0.900 0.843 2.0 0.173 0.026 1.000
0.0 0.0 0.0 1.0 0.0 0.0 0.0 0.0 0.0 0.0 0.100 0.800 0.900 0.843 2.0 0.173 0.026 1.000
0.0 0.0 0.0 1.0 0.0 0.0 0.0 0.0 0.0 0.0 0.100 0.800 0.900 0.843 2.0 0.173 0.026 1.000
0.0 0.0 0.0 1.0 0.0 0.0 0.0 0.0 0.0 0.0 0.100 0.800 0.900 0.843 2.0 0.173 0.026 1.000
0.0 0.0 0.0 1.0 0.0 0.0 0.0 0.0 0.0 0.0 0.133 0.767 0.867 0.809 2.0 0.192 0.039 1.000
0.0 0.0 0.0 1.0 0.0 0.0 0.0 0.0 0.0 0.0 0.100 0.800 0.900 0.843 2.0 0.173 0.026 1.000
0.0 0.0 0.0 1.0 0.0 0.0 0.0 0.0 0.0 0.0 0.133 0.767 0.867 0.809 2.0 0.192 0.039 1.000
0.0 0.0 0.0 1.0 0.0 0.0 0.0 0.0 0.0 0.0 0.100 0.800 0.900 0.843 2.0 0.173 0.026 1.000
0.0 0.0 0.0 1.0 0.0 0.0 0.0 0.0 0.0 0.0 0.100 0.800 0.900 0.843 2.0 0.173 0.026 1.000
0.0 0.0 0.0 1.0 0.0 0.0 0.0 0.0 0.0 0.0 0.100 0.800 0.900 0.843 2.0 0.173 0.026 1.000
0.0 0.0 0.0 1.0 0.0 0.0 0.0 0.0 0.0 0.0 0.133 0.767 0.867 0.809 2.0 0.192 0.039 1.000
0.0 0.0 0.0 1.0 0.0 0.0 0.0 0.0 0.0 0.0 0.100 0.800 0.900 0.843 2.0 0.173 0.026 1.000
0.0 0.0 0.0 1.0 0.0 0.0 0.0 0.0 0.0 0.0 0.133 0.767 0.867 0.809 2.0 0.192 0.039 1.000
0.0 0.0 0.0 1.0 0.0 0.0 0.0 0.0 0.0 0.0 0.100 0.800 0.900 0.843 2.0 0.173 0.026 1.000
0.0 0.0 0.0 1.0 0.0 0.0 0.0 0.0 0.0 0.0 0.133 0.767 0.867 0.809 2.0 0.192 0.053 1.000
0.0 0.0 0.0 1.0 0.0 0.0 0.0 0.0 0.0 0.0 0.167 0.733 0.833 0.776 2.0 0.192 0.066 1.000
0.0 0.0 0.0 1.0 0.0 0.0 0.0 0.0 0.0 0.0 0.167 0.733 0.833 0.776 2.0 0.212 0.066 1.000
0.0 1.0 0.0 0.0 0.0 0.0 0.0 0.0 0.0 0.0 0.200 0.700 0.800 0.743 2.0 0.135 0.079 1.000
0.0 0.0 0.0 1.0 0.0 0.0 0.0 0.0 0.0 0.0 0.167 0.733 0.833 0.776 2.0 0.173 0.066 1.000
0.0 0.0 0.0 1.0 0.0 0.0 0.0 0.0 0.0 0.0 0.133 0.767 0.867 0.809 2.0 0.212 0.053 1.000
0.0 0.0 0.0 1.0 0.0 0.0 0.0 0.0 0.0 0.0 0.133 0.767 0.867 0.809 2.0 0.212 0.053 1.000
0.0 0.0 0.0 1.0 0.0 0.0 0.0 0.0 0.0 0.0 0.133 0.767 0.867 0.809 2.0 0.192 0.053 1.000
0.0 0.0 0.0 1.0 0.0 0.0 0.0 0.0 0.0 0.0 0.167 0.733 0.833 0.776 2.0 0.192 0.066 1.000
0.0 0.0 0.0 1.0 0.0 0.0 0.0 0.0 0.0 0.0 0.133 0.767 0.867 0.809 2.0 0.192 0.053 1.000
0.0 0.0 0.0 1.0 0.0 0.0 0.0 0.0 0.0 0.0 0.133 0.767 0.867 0.809 2.0 0.192 0.053 1.000
0.0 0.0 0.0 1.0 0.0 0.0 0.0 0.0 0.0 0.0 0.133 0.767 0.867 0.809 2.0 0.192 0.053 1.000
0.0 0.0 0.0 1.0 0.0 0.0 0.0 0.0 0.0 0.0 0.167 0.733 0.833 0.776 2.0 0.192 0.066 1.000
0.0 0.0 0.0 1.0 0.0 0.0 0.0 0.0 0.0 0.0 0.167 0.733 0.833 0.776 2.0 0.212 0.066 1.000
0.0 0.0 0.0 1.0 0.0 0.0 0.0 0.0 0.0 0.0 0.133 0.767 0.867 0.809 2.0 0.192 0.053 1.000
0.0 0.0 0.0 1.0 0.0 0.0 0.0 0.0 0.0 0.0 0.167 0.733 0.833 0.776 2.0 0.192 0.066 1.000
0.0 0.0 0.0 1.0 0.0 0.0 0.0 0.0 0.0 0.0 0.167 0.733 0.833 0.776 2.0 0.192 0.066 1.000
0.0 0.0 0.0 1.0 0.0 0.0 0.0 0.0 0.0 0.0 0.167 0.733 0.833 0.776 2.0 0.231 0.053 1.000
0.0 0.0 0.0 1.0 0.0 0.0 0.0 0.0 0.0 0.0 0.167 0.733 0.833 0.776 2.0 0.231 0.053 1.000
0.0 0.0 0.0 1.0 0.0 0.0 0.0 0.0 0.0 0.0 0.200 0.700 0.800 0.743 2.0 0.231 0.066 1.000
0.0 0.0 0.0 1.0 0.0 0.0 0.0 0.0 0.0 0.0 0.200 0.700 0.800 0.743 2.0 0.231 0.066 1.000
0.0 0.0 0.0 1.0 0.0 0.0 0.0 0.0 0.0 0.0 0.200 0.700 0.800 0.743 2.0 0.250 0.066 1.000
0.0 1.0 0.0 0.0 0.0 0.0 0.0 0.0 0.0 0.0 0.233 0.667 0.767 0.709 2.0 0.192 0.079 1.000
0.0 0.0 0.0 1.0 0.0 0.0 0.0 0.0 0.0 0.0 0.200 0.700 0.800 0.743 2.0 0.173 0.066 1.000
0.0 0.0 0.0 1.0 0.0 0.0 0.0 0.0 0.0 0.0 0.233 0.667 0.767 0.709 2.0 0.212 0.079 1.000
0.0 0.0 0.0 1.0 0.0 0.0 0.0 0.0 0.0 0.0 0.233 0.667 0.767 0.709 2.0 0.231 0.079 1.000
0.0 1.0 0.0 0.0 0.0 0.0 0.0 0.0 0.0 0.0 0.200 0.700 0.800 0.743 2.0 0.192 0.066 1.000
0.0 0.0 0.0 1.0 0.0 0.0 0.0 0.0 0.0 0.0 0.167 0.733 0.833 0.776 2.0 0.173 0.053 1.000
0.0 0.0 0.0 1.0 0.0 0.0 0.0 0.0 0.0 0.0 0.167 0.733 0.833 0.776 2.0 0.250 0.053 1.000
0.0 1.0 0.0 0.0 0.0 0.0 0.0 0.0 0.0 0.0 0.200 0.700 0.800 0.743 2.0 0.192 0.066 1.000
0.0 0.0 0.0 1.0 0.0 0.0 0.0 0.0 0.0 0.0 0.167 0.733 0.833 0.776 2.0 0.173 0.053 1.000
0.0 0.0 0.0 1.0 0.0 0.0 0.0 0.0 0.0 0.0 0.167 0.733 0.833 0.776 2.0 0.250 0.053 1.000
0.0 0.0 0.0 1.0 0.0 0.0 0.0 0.0 0.0 0.0 0.167 0.733 0.833 0.776 2.0 0.231 0.053 1.000
0.0 0.0 0.0 1.0 0.0 0.0 0.0 0.0 0.0 0.0 0.167 0.733 0.833 0.776 2.0 0.231 0.053 1.000
0.0 0.0 0.0 1.0 0.0 0.0 0.0 0.0 0.0 0.0 0.200 0.700 0.800 0.743 2.0 0.231 0.066 1.000
0.0 0.0 0.0 1.0 0.0 0.0 0.0 0.0 0.0 0.0 0.200 0.700 0.800 0.743 2.0 0.231 0.066 1.000
0.0 0.0 0.0 1.0 0.0 0.0 0.0 0.0 0.0 0.0 0.167 0.733 0.833 0.776 2.0 0.192 0.053 1.000
0.0 0.0 0.0 1.0 0.0 0.0 0.0 0.0 0.0 0.0 0.167 0.733 0.833 0.776 2.0 0.192 0.053 1.000
0.0 0.0 0.0 1.0 0.0 0.0 0.0 0.0 0.0 0.0 0.167 0.733 0.833 0.776 2.0 0.173 0.053 1.000
0.0 0.0 0.0 1.0 0.0 0.0 0.0 0.0 0.0 0.0 0.167 0.733 0.833 0.776 2.0 0.173 0.053 1.000
0.0 0.0 0.0 1.0 0.0 0.0 0.0 0.0 0.0 0.0 0.167 0.733 0.833 0.776 2.0 0.192 0.053 1.000
0.0 0.0 0.0 1.0 0.0 0.0 0.0 0.0 0.0 0.0 0.167 0.733 0.833 0.776 2.0 0.192 0.053 1.000
0.0 0.0 0.0 1.0 0.0 0.0 0.0 0.0 0.0 0.0 0.200 0.700 0.800 0.743 2.0 0.192 0.066 1.000
0.0 0.0 0.0 1.0 0.0 0.0 0.0 0.0 0.0 0.0 0.200 0.700 0.800 0.743 2.0 0.192 0.066 1.000
0.0 1.0 0.0 0.0 0.0 0.0 0.0 0.0 0.0 0.0 0.233 0.667 0.767 0.709 2.0 0.154 0.079 1.000
0.0 0.0 0.0 1.0 0.0 0.0 0.0 0.0 0.0 0.0 0.200 0.700 0.800 0.743 2.0 0.173 0.066 1.000
0.0 0.0 0.0 1.0 0.0 0.0 0.0 0.0 0.0 0.0 0.200 0.700 0.800 0.743 2.0 0.212 0.066 1.000
0.0 0.0 0.0 1.0 0.0 0.0 0.0 0.0 0.0 0.0 0.167 0.733 0.833 0.776 2.0 0.173 0.053 1.000
0.0 0.0 0.0 1.0 0.0 0.0 0.0 0.0 0.0 0.0 0.167 0.733 0.833 0.776 2.0 0.173 0.053 1.000
0.0 0.0 0.0 1.0 0.0 0.0 0.0 0.0 0.0 0.0 0.200 0.700 0.800 0.743 2.0 0.192 0.066 1.000
0.0 0.0 0.0 1.0 0.0 0.0 0.0 0.0 0.0 0.0 0.200 0.700 0.800 0.743 2.0 0.192 0.066 1.000
0.0 0.0 0.0 1.0 0.0 0.0 0.0 0.0 0.0 0.0 0.200 0.700 0.800 0.743 2.0 0.192 0.066 1.000
0.0 0.0 0.0 1.0 0.0 0.0 0.0 0.0 0.0 0.0 0.200 0.700 0.800 0.743 2.0 0.192 0.066 1.000
0.0 0.0 0.0 1.0 0.0 0.0 0.0 0.0 0.0 0.0 0.200 0.700 0.800 0.743 2.0 0.308 0.053 1.000
0.0 0.0 0.0 1.0 0.0 0.0 0.0 0.0 0.0 0.0 0.233 0.667 0.767 0.709 2.0 0.308 0.066 1.000
0.0 0.0 0.0 1.0 0.0 0.0 0.0 0.0 0.0 0.0 0.267 0.633 0.733 0.676 2.0 0.308 0.079 1.000
0.0 0.0 0.0 1.0 0.0 0.0 0.0 0.0 0.0 0.0 0.267 0.633 0.733 0.676 2.0 0.308 0.079 1.000
0.0 0.0 0.0 1.0 0.0 0.0 0.0 0.0 0.0 0.0 0.233 0.667 0.767 0.709 2.0 0.308 0.066 1.000
0.0 0.0 0.0 1.0 0.0 0.0 0.0 0.0 0.0 0.0 0.233 0.667 0.767 0.709 2.0 0.308 0.066 1.000
0.0 0.0 0.0 1.0 0.0 0.0 0.0 0.0 0.0 0.0 0.200 0.700 0.800 0.743 2.0 0.308 0.053 1.000
0.0 0.0 0.0 1.0 0.0 0.0 0.0 0.0 0.0 0.0 0.233 0.667 0.767 0.709 2.0 0.308 0.066 1.000
0.0 0.0 0.0 1.0 0.0 0.0 0.0 0.0 0.0 0.0 0.200 0.700 0.800 0.743 2.0 0.212 0.053 1.000
0.0 1.0 0.0 0.0 0.0 0.0 0.0 0.0 0.0 0.0 0.233 0.667 0.767 0.709 2.0 0.173 0.066 1.000
0.0 0.0 0.0 1.0 0.0 0.0 0.0 0.0 0.0 0.0 0.200 0.700 0.800 0.743 2.0 0.173 0.053 1.000
0.0 0.0 0.0 1.0 0.0 0.0 0.0 0.0 0.0 0.0 0.200 0.700 0.800 0.743 2.0 0.212 0.053 1.000
0.0 0.0 0.0 1.0 0.0 0.0 0.0 0.0 0.0 0.0 0.233 0.667 0.767 0.709 2.0 0.212 0.066 1.000
0.0 0.0 0.0 1.0 0.0 0.0 0.0 0.0 0.0 0.0 0.267 0.633 0.733 0.676 2.0 0.212 0.079 1.000
0.0 1.0 0.0 0.0 0.0 0.0 0.0 0.0 0.0 0.0 0.233 0.667 0.767 0.709 2.0 0.173 0.066 1.000
0.0 0.0 0.0 1.0 0.0 0.0 0.0 0.0 0.0 0.0 0.200 0.700 0.800 0.743 2.0 0.173 0.053 1.000
0.0 0.0 0.0 1.0 0.0 0.0 0.0 0.0 0.0 0.0 0.233 0.667 0.767 0.709 2.0 0.212 0.066 1.000
0.0 0.0 0.0 1.0 0.0 0.0 0.0 0.0 0.0 0.0 0.233 0.667 0.767 0.709 2.0 0.212 0.066 1.000
0.0 0.0 0.0 1.0 0.0 0.0 0.0 0.0 0.0 0.0 0.267 0.633 0.733 0.676 2.0 0.269 0.118 1.000
0.0 0.0 0.0 1.0 0.0 0.0 0.0 0.0 0.0 0.0 0.300 0.600 0.700 0.643 2.0 0.269 0.158 1.000
0.0 0.0 0.0 1.0 0.0 0.0 0.0 0.0 0.0 0.0 0.300 0.600 0.700 0.643 2.0 0.269 0.132 1.000
0.0 0.0 0.0 1.0 0.0 0.0 0.0 0.0 0.0 0.0 0.300 0.600 0.700 0.643 2.0 0.269 0.145 1.000
0.0 0.0 0.0 1.0 0.0 0.0 0.0 0.0 0.0 0.0 0.267 0.633 0.733 0.676 2.0 0.269 0.132 1.000
0.0 0.0 0.0 1.0 0.0 0.0 0.0 0.0 0.0 0.0 0.267 0.633 0.733 0.676 2.0 0.269 0.118 1.000
0.0 1.0 0.0 0.0 0.0 0.0 0.0 0.0 0.0 0.0 0.300 0.600 0.700 0.643 2.0 0.135 0.132 1.000
0.0 0.0 0.0 1.0 0.0 0.0 0.0 0.0 0.0 0.0 0.267 0.633 0.733 0.676 2.0 0.269 0.118 1.000
0.0 1.0 0.0 0.0 0.0 0.0 0.0 0.0 0.0 0.0 0.300 0.600 0.700 0.643 2.0 0.135 0.145 1.000
0.0 0.0 0.0 1.0 0.0 0.0 0.0 0.0 0.0 0.0 0.267 0.633 0.733 0.676 2.0 0.269 0.132 1.000
0.0 0.0 0.0 1.0 0.0 0.0 0.0 0.0 0.0 0.0 0.300 0.600 0.700 0.643 2.0 0.231 0.118 1.000
0.0 0.0 0.0 1.0 0.0 0.0 0.0 0.0 0.0 0.0 0.300 0.600 0.700 0.643 2.0 0.231 0.118 1.000
0.0 0.0 0.0 1.0 0.0 0.0 0.0 0.0 0.0 0.0 0.333 0.567 0.667 0.609 2.0 0.231 0.158 1.000
0.0 0.0 0.0 1.0 0.0 0.0 0.0 0.0 0.0 0.0 0.333 0.567 0.667 0.609 2.0 0.231 0.158 1.000
0.0 0.0 0.0 1.0 0.0 0.0 0.0 0.0 0.0 0.0 0.333 0.567 0.667 0.609 2.0 0.231 0.132 1.000
0.0 0.0 0.0 1.0 0.0 0.0 0.0 0.0 0.0 0.0 0.333 0.567 0.667 0.609 2.0 0.231 0.132 1.000
0.0 0.0 0.0 1.0 0.0 0.0 0.0 0.0 0.0 0.0 0.333 0.567 0.667 0.609 2.0 0.231 0.145 1.000
0.0 0.0 0.0 1.0 0.0 0.0 0.0 0.0 0.0 0.0 0.333 0.567 0.667 0.609 2.0 0.231 0.145 1.000
0.0 0.0 0.0 1.0 0.0 0.0 0.0 0.0 0.0 0.0 0.300 0.600 0.700 0.643 2.0 0.231 0.132 1.000
0.0 0.0 0.0 1.0 0.0 0.0 0.0 0.0 0.0 0.0 0.300 0.600 0.700 0.643 2.0 0.231 0.132 1.000
0.0 0.0 0.0 1.0 0.0 0.0 0.0 0.0 0.0 0.0 0.300 0.600 0.700 0.643 2.0 0.231 0.118 1.000
0.0 0.0 0.0 1.0 0.0 0.0 0.0 0.0 0.0 0.0 0.300 0.600 0.700 0.643 2.0 0.231 0.118 1.000
0.0 0.0 0.0 1.0 0.0 0.0 0.0 0.0 0.0 0.0 0.333 0.567 0.667 0.609 2.0 0.231 0.132 1.000
0.0 0.0 0.0 1.0 0.0 0.0 0.0 0.0 0.0 0.0 0.333 0.567 0.667 0.609 2.0 0.231 0.132 1.000
0.0 0.0 0.0 1.0 0.0 0.0 0.0 0.0 0.0 0.0 0.333 0.567 0.667 0.609 2.0 0.231 0.145 1.000
0.0 0.0 0.0 1.0 0.0 0.0 0.0 0.0 0.0 0.0 0.333 0.567 0.667 0.609 2.0 0.231 0.145 1.000
0.0 0.0 0.0 1.0 0.0 0.0 0.0 0.0 0.0 0.0 0.333 0.567 0.667 0.609 2.0 0.212 0.118 1.000
0.0 0.0 0.0 1.0 0.0 0.0 0.0 0.0 0.0 0.0 0.367 0.533 0.633 0.576 2.0 0.212 0.158 1.000
0.0 0.0 0.0 1.0 0.0 0.0 0.0 0.0 0.0 0.0 0.367 0.533 0.633 0.576 2.0 0.212 0.132 1.000
0.0 0.0 0.0 1.0 0.0 0.0 0.0 0.0 0.0 0.0 0.367 0.533 0.633 0.576 2.0 0.212 0.145 1.000
0.0 0.0 0.0 1.0 0.0 0.0 0.0 0.0 0.0 0.0 0.333 0.567 0.667 0.609 2.0 0.212 0.132 1.000
0.0 0.0 0.0 1.0 0.0 0.0 0.0 0.0 0.0 0.0 0.333 0.567 0.667 0.609 2.0 0.212 0.118 1.000
0.0 0.0 0.0 1.0 0.0 0.0 0.0 0.0 0.0 0.0 0.367 0.533 0.633 0.576 2.0 0.212 0.132 1.000
0.0 0.0 0.0 1.0 0.0 0.0 0.0 0.0 0.0 0.0 0.367 0.533 0.633 0.576 2.0 0.212 0.145 1.000
0.0 0.0 0.0 1.0 0.0 0.0 0.0 0.0 0.0 0.0 0.367 0.533 0.633 0.576 2.0 0.154 0.158 1.000
0.0 0.0 0.0 1.0 0.0 0.0 0.0 0.0 0.0 0.0 0.367 0.533 0.633 0.576 2.0 0.154 0.145 1.000
0.0 0.0 0.0 1.0 0.0 0.0 0.0 0.0 0.0 0.0 0.400 0.500 0.600 0.543 2.0 0.154 0.158 1.000
0.0 0.0 0.0 1.0 0.0 0.0 0.0 0.0 0.0 0.0 0.400 0.500 0.600 0.543 2.0 0.154 0.171 1.000
0.0 0.0 0.0 1.0 0.0 0.0 0.0 0.0 0.0 0.0 0.367 0.533 0.633 0.576 2.0 0.154 0.145 1.000
0.0 0.0 0.0 1.0 0.0 0.0 0.0 0.0 0.0 0.0 0.400 0.500 0.600 0.543 2.0 0.173 0.184 1.000
0.0 0.0 0.0 1.0 0.0 0.0 0.0 0.0 0.0 0.0 0.400 0.500 0.600 0.543 2.0 0.154 0.158 1.000
0.0 0.0 0.0 1.0 0.0 0.0 0.0 0.0 0.0 0.0 0.400 0.500 0.600 0.543 2.0 0.154 0.171 1.000
0.0 0.0 0.0 1.0 0.0 0.0 0.0 0.0 0.0 0.0 0.400 0.500 0.600 0.543 2.0 0.154 0.158 1.000
0.0 0.0 0.0 1.0 0.0 0.0 0.0 0.0 0.0 0.0 0.400 0.500 0.600 0.543 2.0 0.192 0.158 1.000
0.0 0.0 0.0 1.0 0.0 0.0 0.0 0.0 0.0 0.0 0.400 0.500 0.600 0.543 2.0 0.154 0.145 1.000
0.0 0.0 0.0 1.0 0.0 0.0 0.0 0.0 0.0 0.0 0.400 0.500 0.600 0.543 2.0 0.192 0.145 1.000
0.0 0.0 0.0 1.0 0.0 0.0 0.0 0.0 0.0 0.0 0.433 0.467 0.567 0.509 2.0 0.154 0.158 1.000
0.0 0.0 0.0 1.0 0.0 0.0 0.0 0.0 0.0 0.0 0.433 0.467 0.567 0.509 2.0 0.192 0.158 1.000
0.0 0.0 0.0 1.0 0.0 0.0 0.0 0.0 0.0 0.0 0.433 0.467 0.567 0.509 2.0 0.154 0.171 1.000
0.0 0.0 0.0 1.0 0.0 0.0 0.0 0.0 0.0 0.0 0.433 0.467 0.567 0.509 2.0 0.192 0.171 1.000
0.0 0.0 0.0 1.0 0.0 0.0 0.0 0.0 0.0 0.0 0.400 0.500 0.600 0.543 2.0 0.154 0.145 1.000
0.0 0.0 0.0 1.0 0.0 0.0 0.0 0.0 0.0 0.0 0.400 0.500 0.600 0.543 2.0 0.192 0.145 1.000
0.0 0.0 0.0 1.0 0.0 0.0 0.0 0.0 0.0 0.0 0.433 0.467 0.567 0.509 2.0 0.173 0.184 1.000
0.0 1.0 0.0 0.0 0.0 0.0 0.0 0.0 0.0 0.0 0.467 0.433 0.533 0.476 2.0 0.154 0.197 1.000
0.0 0.0 0.0 1.0 0.0 0.0 0.0 0.0 0.0 0.0 0.433 0.467 0.567 0.509 2.0 0.173 0.184 1.000
0.0 0.0 0.0 1.0 0.0 0.0 0.0 0.0 0.0 0.0 0.433 0.467 0.567 0.509 2.0 0.154 0.158 1.000
0.0 0.0 0.0 1.0 0.0 0.0 0.0 0.0 0.0 0.0 0.433 0.467 0.567 0.509 2.0 0.192 0.158 1.000
0.0 0.0 0.0 1.0 0.0 0.0 0.0 0.0 0.0 0.0 0.433 0.467 0.567 0.509 2.0 0.154 0.171 1.000
0.0 0.0 0.0 1.0 0.0 0.0 0.0 0.0 0.0 0.0 0.433 0.467 0.567 0.509 2.0 0.192 0.171 1.000
0.0 0.0 0.0 1.0 0.0 0.0 0.0 0.0 0.0 0.0 0.433 0.467 0.567 0.509 2.0 0.212 0.158 1.000
0.0 0.0 0.0 1.0 0.0 0.0 0.0 0.0 0.0 0.0 0.433 0.467 0.567 0.509 2.0 0.212 0.145 1.000
0.0 0.0 0.0 1.0 0.0 0.0 0.0 0.0 0.0 0.0 0.467 0.433 0.533 0.476 2.0 0.212 0.158 1.000
0.0 0.0 0.0 1.0 0.0 0.0 0.0 0.0 0.0 0.0 0.467 0.433 0.533 0.476 2.0 0.212 0.171 1.000
0.0 0.0 0.0 1.0 0.0 0.0 0.0 0.0 0.0 0.0 0.433 0.467 0.567 0.509 2.0 0.212 0.145 1.000
0.0 0.0 0.0 1.0 0.0 0.0 0.0 0.0 0.0 0.0 0.500 0.400 0.500 0.443 2.0 0.212 0.197 1.000
0.0 0.0 0.0 1.0 0.0 0.0 0.0 0.0 0.0 0.0 0.467 0.433 0.533 0.476 2.0 0.212 0.158 1.000
0.0 0.0 0.0 1.0 0.0 0.0 0.0 0.0 0.0 0.0 0.467 0.433 0.533 0.476 2.0 0.212 0.171 1.000
0.0 0.0 0.0 1.0 0.0 0.0 0.0 0.0 0.0 0.0 0.467 0.433 0.533 0.476 2.0 0.192 0.211 1.000
0.0 0.0 0.0 1.0 0.0 0.0 0.0 0.0 0.0 0.0 0.467 0.433 0.533 0.476 2.0 0.192 0.211 1.000
0.0 0.0 0.0 1.0 0.0 0.0 0.0 0.0 0.0 0.0 0.500 0.400 0.500 0.443 2.0 0.192 0.211 1.000
0.0 0.0 0.0 1.0 0.0 0.0 0.0 0.0 0.0 0.0 0.500 0.400 0.500 0.443 2.0 0.192 0.237 1.000
0.0 0.0 0.0 1.0 0.0 0.0 0.0 0.0 0.0 0.0 0.467 0.433 0.533 0.476 2.0 0.192 0.224 1.000
0.0 0.0 0.0 1.0 0.0 0.0 0.0 0.0 0.0 0.0 0.533 0.367 0.467 0.409 2.0 0.192 0.263 1.000
0.0 0.0 0.0 1.0 0.0 0.0 0.0 0.0 0.0 0.0 0.500 0.400 0.500 0.443 2.0 0.192 0.224 1.000
0.0 0.0 0.0 1.0 0.0 0.0 0.0 0.0 0.0 0.0 0.500 0.400 0.500 0.443 2.0 0.192 0.237 1.000
0.0 0.0 0.0 1.0 0.0 0.0 0.0 0.0 0.0 0.0 0.500 0.400 0.500 0.443 2.0 0.385 0.211 1.000
0.0 0.0 0.0 1.0 0.0 0.0 0.0 0.0 0.0 0.0 0.500 0.400 0.500 0.443 2.0 0.385 0.211 1.000
0.0 1.0 0.0 0.0 0.0 0.0 0.0 0.0 0.0 0.0 0.533 0.367 0.467 0.409 2.0 0.346 0.224 1.000
0.0 0.0 0.0 1.0 0.0 0.0 0.0 0.0 0.0 0.0 0.500 0.400 0.500 0.443 2.0 0.154 0.211 1.000
0.0 0.0 0.0 1.0 0.0 0.0 0.0 0.0 0.0 0.0 0.500 0.400 0.500 0.443 2.0 0.404 0.211 1.000
0.0 0.0 0.0 1.0 0.0 0.0 0.0 0.0 0.0 0.0 0.533 0.367 0.467 0.409 2.0 0.385 0.211 1.000
0.0 0.0 0.0 1.0 0.0 0.0 0.0 0.0 0.0 0.0 0.533 0.367 0.467 0.409 2.0 0.385 0.211 1.000
0.0 0.0 0.0 1.0 0.0 0.0 0.0 0.0 0.0 0.0 0.533 0.367 0.467 0.409 2.0 0.385 0.237 1.000
0.0 0.0 0.0 1.0 0.0 0.0 0.0 0.0 0.0 0.0 0.533 0.367 0.467 0.409 2.0 0.385 0.237 1.000
0.0 0.0 0.0 1.0 0.0 0.0 0.0 0.0 0.0 0.0 0.500 0.400 0.500 0.443 2.0 0.385 0.224 1.000
0.0 0.0 0.0 1.0 0.0 0.0 0.0 0.0 0.0 0.0 0.500 0.400 0.500 0.443 2.0 0.385 0.224 1.000
0.0 1.0 0.0 0.0 0.0 0.0 0.0 0.0 0.0 0.0 0.600 0.300 0.400 0.343 2.0 0.346 0.276 1.000
0.0 0.0 0.0 1.0 0.0 0.0 0.0 0.0 0.0 0.0 0.567 0.333 0.433 0.376 2.0 0.154 0.263 1.000
0.0 0.0 0.0 1.0 0.0 0.0 0.0 0.0 0.0 0.0 0.567 0.333 0.433 0.376 2.0 0.404 0.263 1.000
0.0 0.0 0.0 1.0 0.0 0.0 0.0 0.0 0.0 0.0 0.533 0.367 0.467 0.409 2.0 0.385 0.224 1.000
0.0 0.0 0.0 1.0 0.0 0.0 0.0 0.0 0.0 0.0 0.533 0.367 0.467 0.409 2.0 0.385 0.224 1.000
0.0 0.0 0.0 1.0 0.0 0.0 0.0 0.0 0.0 0.0 0.533 0.367 0.467 0.409 2.0 0.385 0.237 1.000
0.0 0.0 0.0 1.0 0.0 0.0 0.0 0.0 0.0 0.0 0.533 0.367 0.467 0.409 2.0 0.385 0.237 1.000
0.0 0.0 0.0 1.0 0.0 0.0 0.0 0.0 0.0 0.0 0.533 0.367 0.467 0.409 2.0 0.827 0.211 1.000
0.0 0.0 0.0 1.0 0.0 0.0 0.0 0.0 0.0 0.0 0.567 0.333 0.433 0.376 2.0 0.827 0.224 1.000
0.0 0.0 0.0 1.0 0.0 0.0 0.0 0.0 0.0 0.0 0.567 0.333 0.433 0.376 2.0 1.000 0.211 1.000
0.0 0.0 0.0 1.0 0.0 0.0 0.0 0.0 0.0 0.0 0.567 0.333 0.433 0.376 2.0 0.981 0.237 1.000
0.0 0.0 0.0 1.0 0.0 0.0 0.0 0.0 0.0 0.0 0.633 0.267 0.367 0.309 2.0 0.827 0.276 1.000
0.0 0.0 0.0 1.0 0.0 0.0 0.0 0.0 0.0 0.0 0.567 0.333 0.433 0.376 2.0 1.000 0.237 1.000
0.0 0.0 0.0 1.0 0.0 0.0 0.0 0.0 0.0 0.0 0.567 0.333 0.433 0.376 2.0 0.981 0.224 1.000
0.0 0.0 0.0 1.0 0.0 0.0 0.0 0.0 0.0 0.0 0.533 0.367 0.467 0.409 2.0 0.808 0.224 1.000
0.0 1.0 0.0 0.0 0.0 0.0 0.0 0.0 0.0 0.0 0.567 0.333 0.367 0.340 1.0 0.385 0.211 0.500
0.0 1.0 0.0 0.0 0.0 0.0 0.0 0.0 0.0 0.0 0.600 0.300 0.333 0.306 2.0 0.385 0.237 0.500
0.0 1.0 0.0 0.0 0.0 0.0 0.0 0.0 0.0 0.0 0.600 0.300 0.333 0.306 2.0 0.385 0.224 0.500
0.0 1.0 0.0 0.0 0.0 0.0 0.0 0.0 0.0 0.0 0.567 0.333 0.367 0.340 2.0 0.385 0.224 0.500
0.0 1.0 0.0 0.0 0.0 0.0 0.0 0.0 0.0 0.0 0.600 0.300 0.333 0.306 2.0 0.385 0.237 0.500
0.0 1.0 0.0 0.0 0.0 0.0 0.0 0.0 0.0 0.0 0.600 0.300 0.333 0.306 2.0 0.385 0.250 0.500
0.0 1.0 0.0 0.0 0.0 0.0 0.0 0.0 0.0 0.0 0.567 0.333 0.367 0.340 2.0 0.385 0.224 0.500
0.0 1.0 0.0 0.0 0.0 0.0 0.0 0.0 0.0 0.0 0.600 0.300 0.333 0.306 2.0 0.385 0.224 0.500
0.0 1.0 0.0 0.0 0.0 0.0 0.0 0.0 0.0 0.0 0.600 0.300 0.333 0.306 2.0 0.385 0.250 0.500
0.0 1.0 0.0 0.0 0.0 0.0 0.0 0.0 0.0 0.0 0.600 0.300 0.333 0.306 2.0 0.385 0.237 0.500
0.0 1.0 0.0 0.0 0.0 0.0 0.0 0.0 0.0 0.0 0.600 0.300 0.333 0.306 2.0 0.385 0.224 0.500
0.0 1.0 0.0 0.0 0.0 0.0 0.0 0.0 0.0 0.0 0.600 0.300 0.333 0.306 2.0 0.385 0.250 0.500
0.0 1.0 0.0 0.0 0.0 0.0 0.0 0.0 0.0 0.0 0.667 0.233 0.267 0.242 2.0 0.346 0.289 0.125
0.0 1.0 0.0 0.0 0.0 0.0 0.0 0.0 0.0 0.0 0.600 0.300 0.333 0.308 2.0 0.442 0.250 0.125
0.0 1.0 0.0 0.0 0.0 0.0 0.0 0.0 0.0 0.0 0.667 0.233 0.233 0.233 2.0 0.346 0.289 0.125
0.0 1.0 0.0 0.0 0.0 0.0 0.0 0.0 0.0 0.0 0.600 0.300 0.300 0.300 2.0 0.442 0.237 0.125
0.0 1.0 0.0 0.0 0.0 0.0 0.0 0.0 0.0 0.0 0.567 0.333 0.367 0.342 2.0 0.346 0.237 0.125
0.0 1.0 0.0 0.0 0.0 0.0 0.0 0.0 0.0 0.0 0.600 0.300 0.333 0.308 1.0 0.442 0.237 0.125
0.0 1.0 0.0 0.0 0.0 0.0 0.0 0.0 0.0 0.0 0.567 0.333 0.367 0.342 2.0 0.346 0.237 0.125
0.0 1.0 0.0 0.0 0.0 0.0 0.0 0.0 0.0 0.0 0.600 0.300 0.333 0.308 2.0 0.442 0.237 0.125
0.0 1.0 0.0 0.0 0.0 0.0 0.0 0.0 0.0 0.0 0.567 0.400 0.433 0.412 1.0 0.385 0.224 0.500
0.0 1.0 0.0 0.0 0.0 0.0 0.0 0.0 0.0 0.0 0.667 0.300 0.333 0.312 1.0 0.385 0.276 0.500
0.0 1.0 0.0 0.0 0.0 0.0 0.0 0.0 0.0 0.0 0.600 0.367 0.400 0.379 2.0 0.385 0.237 0.500
0.0 1.0 0.0 0.0 0.0 0.0 0.0 0.0 0.0 0.0 0.567 0.400 0.433 0.412 2.0 0.385 0.237 0.500
0.0 1.0 0.0 0.0 0.0 0.0 0.0 0.0 0.0 0.0 0.667 0.300 0.333 0.312 2.0 0.385 0.289 0.500
0.0 1.0 0.0 0.0 0.0 0.0 0.0 0.0 0.0 0.0 0.600 0.367 0.400 0.379 2.0 0.385 0.250 0.500
0.0 1.0 0.0 0.0 0.0 0.0 0.0 0.0 0.0 0.0 0.567 0.400 0.433 0.412 2.0 0.385 0.237 0.500
0.0 1.0 0.0 0.0 0.0 0.0 0.0 0.0 0.0 0.0 0.600 0.367 0.400 0.379 2.0 0.385 0.237 0.500
0.0 1.0 0.0 0.0 0.0 0.0 0.0 0.0 0.0 0.0 0.600 0.367 0.400 0.379 2.0 0.385 0.250 0.500
0.0 1.0 0.0 0.0 0.0 0.0 0.0 0.0 0.0 0.0 0.667 0.300 0.333 0.312 1.0 0.385 0.276 0.500
0.0 1.0 0.0 0.0 0.0 0.0 0.0 0.0 0.0 0.0 0.600 0.367 0.400 0.379 1.0 0.385 0.224 0.500
0.0 1.0 0.0 0.0 0.0 0.0 0.0 0.0 0.0 0.0 0.600 0.367 0.400 0.379 2.0 0.385 0.250 0.500
0.0 1.0 0.0 0.0 0.0 0.0 0.0 0.0 0.0 0.0 0.600 0.367 0.400 0.375 1.0 0.346 0.224 0.125
0.0 1.0 0.0 0.0 0.0 0.0 0.0 0.0 0.0 0.0 0.600 0.367 0.400 0.375 2.0 0.442 0.250 0.125
0.0 1.0 0.0 0.0 0.0 0.0 0.0 0.0 0.0 0.0 0.600 0.367 0.400 0.383 2.0 0.346 0.237 0.125
0.0 1.0 0.0 0.0 0.0 0.0 0.0 0.0 0.0 0.0 0.600 0.367 0.400 0.383 1.0 0.442 0.211 0.125
0.0 1.0 0.0 0.0 0.0 0.0 0.0 0.0 0.0 0.0 0.567 0.400 0.433 0.408 2.0 0.346 0.224 0.125
0.0 1.0 0.0 0.0 0.0 0.0 0.0 0.0 0.0 0.0 0.600 0.367 0.400 0.375 2.0 0.442 0.250 0.125
0.0 1.0 0.0 0.0 0.0 0.0 0.0 0.0 0.0 0.0 0.567 0.400 0.433 0.417 2.0 0.346 0.224 0.125
0.0 1.0 0.0 0.0 0.0 0.0 0.0 0.0 0.0 0.0 0.600 0.367 0.400 0.383 2.0 0.442 0.224 0.125
0.0 0.0 1.0 0.0 0.0 0.0 0.0 0.0 0.0 0.0 0.633 0.267 0.300 0.273 4.0 0.558 0.618 0.500
0.0 1.0 0.0 0.0 0.0 0.0 0.0 0.0 0.0 0.0 0.667 0.233 0.267 0.240 2.0 0.269 0.645 0.500
0.0 0.0 1.0 0.0 0.0 0.0 0.0 0.0 0.0 0.0 0.633 0.267 0.300 0.273 4.0 0.442 0.632 0.500
0.0 0.0 1.0 0.0 0.0 0.0 0.0 0.0 0.0 0.0 0.633 0.267 0.300 0.273 4.0 0.558 0.632 0.500
0.0 0.0 1.0 0.0 0.0 0.0 0.0 0.0 0.0 0.0 0.633 0.267 0.300 0.273 4.0 0.558 0.632 0.500
0.0 0.0 1.0 0.0 0.0 0.0 0.0 0.0 0.0 0.0 0.700 0.267 0.300 0.279 4.0 0.558 0.658 0.500
0.0 1.0 0.0 0.0 0.0 0.0 0.0 0.0 0.0 0.0 0.733 0.233 0.267 0.246 2.0 0.269 0.697 0.500
0.0 0.0 1.0 0.0 0.0 0.0 0.0 0.0 0.0 0.0 0.700 0.267 0.300 0.279 4.0 0.442 0.684 0.500
0.0 0.0 1.0 0.0 0.0 0.0 0.0 0.0 0.0 0.0 0.667 0.300 0.333 0.312 4.0 0.558 0.684 0.500
0.0 0.0 1.0 0.0 0.0 0.0 0.0 0.0 0.0 0.0 0.700 0.267 0.300 0.279 4.0 0.558 0.658 0.500
0.0 0.0 0.0 0.0 1.0 0.0 0.0 0.0 0.0 0.0 0.700 0.200 0.233 0.206 4.0 0.923 0.750 0.500
0.0 0.0 0.0 0.0 1.0 0.0 0.0 0.0 0.0 0.0 0.767 0.200 0.233 0.212 4.0 0.923 0.763 0.500
0.0 0.0 1.0 0.0 0.0 0.0 0.0 0.0 0.0 0.0 0.733 0.167 0.200 0.175 4.0 0.808 0.987 0.125
0.0 0.0 1.0 0.0 0.0 0.0 0.0 0.0 0.0 0.0 0.700 0.200 0.233 0.208 2.0 0.481 0.500 0.125
0.0 0.0 1.0 0.0 0.0 0.0 0.0 0.0 0.0 0.0 0.733 0.167 0.167 0.167 4.0 0.827 0.987 0.125
0.0 0.0 1.0 0.0 0.0 0.0 0.0 0.0 0.0 0.0 0.700 0.200 0.200 0.200 2.0 0.481 0.500 0.125
0.0 0.0 1.0 0.0 0.0 0.0 0.0 0.0 0.0 0.0 0.733 0.167 0.200 0.175 4.0 0.827 0.974 0.125
0.0 0.0 1.0 0.0 0.0 0.0 0.0 0.0 0.0 0.0 0.667 0.233 0.267 0.242 2.0 0.481 0.500 0.125
0.0 0.0 1.0 0.0 0.0 0.0 0.0 0.0 0.0 0.0 0.733 0.167 0.200 0.175 4.0 0.827 0.987 0.125
0.0 0.0 1.0 0.0 0.0 0.0 0.0 0.0 0.0 0.0 0.667 0.233 0.267 0.242 2.0 0.481 0.500 0.125
0.0 0.0 1.0 0.0 0.0 0.0 0.0 0.0 0.0 0.0 0.800 0.167 0.200 0.175 4.0 0.827 0.934 0.125
0.0 0.0 1.0 0.0 0.0 0.0 0.0 0.0 0.0 0.0 0.633 0.333 0.367 0.342 2.0 0.481 0.421 0.125
0.0 0.0 1.0 0.0 0.0 0.0 0.0 0.0 0.0 0.0 0.800 0.167 0.200 0.183 4.0 0.827 0.934 0.125
0.0 0.0 1.0 0.0 0.0 0.0 0.0 0.0 0.0 0.0 0.633 0.333 0.367 0.350 2.0 0.481 0.434 0.125
0.0 0.0 1.0 0.0 0.0 0.0 0.0 0.0 0.0 0.0 0.800 0.167 0.200 0.175 4.0 0.788 0.961 0.125
0.0 1.0 0.0 0.0 0.0 0.0 0.0 0.0 0.0 0.0 0.633 0.333 0.367 0.342 2.0 0.231 0.447 0.125
0.0 0.0 1.0 0.0 0.0 0.0 0.0 0.0 0.0 0.0 0.600 0.367 0.400 0.375 2.0 0.365 0.434 0.125
0.0 0.0 1.0 0.0 0.0 0.0 0.0 0.0 0.0 0.0 0.800 0.167 0.200 0.183 4.0 0.808 0.947 0.125
0.0 0.0 1.0 0.0 0.0 0.0 0.0 0.0 0.0 0.0 0.600 0.367 0.400 0.383 2.0 0.481 0.434 0.125
0.0 0.0 1.0 0.0 0.0 0.0 0.0 0.0 0.0 0.0 0.767 0.133 0.133 0.133 2.0 0.519 0.987 0.031
0.0 0.0 1.0 0.0 0.0 0.0 0.0 0.0 0.0 0.0 0.767 0.133 0.133 0.133 2.0 0.519 0.987 0.031
0.0 0.0 1.0 0.0 0.0 0.0 0.0 0.0 0.0 0.0 0.767 0.133 0.133 0.133 2.0 0.519 0.987 0.031
0.0 1.0 0.0 0.0 0.0 0.0 0.0 0.0 0.0 0.0 0.800 0.133 0.133 0.133 2.0 0.154 1.000 0.031
0.0 0.0 1.0 0.0 0.0 0.0 0.0 0.0 0.0 0.0 0.767 0.167 0.167 0.167 2.0 0.500 0.987 0.031
0.0 0.0 1.0 0.0 0.0 0.0 0.0 0.0 0.0 0.0 0.767 0.133 0.133 0.133 2.0 0.519 0.987 0.031
0.0 0.0 1.0 0.0 0.0 0.0 0.0 0.0 0.0 0.0 0.767 0.133 0.133 0.133 2.0 0.519 0.987 0.031
0.0 0.0 1.0 0.0 0.0 0.0 0.0 0.0 0.0 0.0 0.767 0.133 0.133 0.133 2.0 0.519 0.987 0.031
0.0 0.0 1.0 0.0 0.0 0.0 0.0 0.0 0.0 0.0 0.767 0.133 0.133 0.133 2.0 0.519 0.987 0.031
0.0 0.0 1.0 0.0 0.0 0.0 0.0 0.0 0.0 0.0 0.767 0.133 0.133 0.133 2.0 0.519 0.974 0.031
0.0 0.0 1.0 0.0 0.0 0.0 0.0 0.0 0.0 0.0 0.767 0.167 0.167 0.167 2.0 0.519 0.974 0.031
0.0 0.0 1.0 0.0 0.0 0.0 0.0 0.0 0.0 0.0 0.767 0.133 0.133 0.133 2.0 0.519 0.974 0.031
0.0 0.0 1.0 0.0 0.0 0.0 0.0 0.0 0.0 0.0 0.767 0.133 0.133 0.133 2.0 0.519 0.974 0.031
0.0 0.0 1.0 0.0 0.0 0.0 0.0 0.0 0.0 0.0 0.767 0.133 0.133 0.133 2.0 0.519 0.987 0.031
0.0 0.0 1.0 0.0 0.0 0.0 0.0 0.0 0.0 0.0 0.767 0.167 0.167 0.167 2.0 0.519 0.987 0.031
0.0 0.0 1.0 0.0 0.0 0.0 0.0 0.0 0.0 0.0 0.767 0.133 0.133 0.133 2.0 0.519 0.987 0.031
0.0 0.0 1.0 0.0 0.0 0.0 0.0 0.0 0.0 0.0 0.767 0.133 0.133 0.133 2.0 0.519 0.987 0.031
0.0 0.0 1.0 0.0 0.0 0.0 0.0 0.0 0.0 0.0 0.833 0.133 0.133 0.133 2.0 0.519 0.934 0.031
0.0 0.0 1.0 0.0 0.0 0.0 0.0 0.0 0.0 0.0 0.833 0.167 0.167 0.167 2.0 0.519 0.934 0.031
0.0 0.0 1.0 0.0 0.0 0.0 0.0 0.0 0.0 0.0 0.833 0.133 0.133 0.133 2.0 0.519 0.934 0.031
0.0 0.0 1.0 0.0 0.0 0.0 0.0 0.0 0.0 0.0 0.833 0.133 0.133 0.133 2.0 0.519 0.934 0.031
0.0 0.0 1.0 0.0 0.0 0.0 0.0 0.0 0.0 0.0 0.833 0.167 0.167 0.167 2.0 0.519 0.934 0.031
0.0 0.0 1.0 0.0 0.0 0.0 0.0 0.0 0.0 0.0 0.833 0.133 0.133 0.133 2.0 0.519 0.934 0.031
0.0 0.0 1.0 0.0 0.0 0.0 0.0 0.0 0.0 0.0 0.833 0.133 0.133 0.133 2.0 0.519 0.934 0.031
0.0 0.0 1.0 0.0 0.0 0.0 0.0 0.0 0.0 0.0 0.833 0.167 0.167 0.167 2.0 0.519 0.934 0.031
0.0 0.0 1.0 0.0 0.0 0.0 0.0 0.0 0.0 0.0 0.833 0.133 0.133 0.133 2.0 0.519 0.961 0.031
0.0 0.0 1.0 0.0 0.0 0.0 0.0 0.0 0.0 0.0 0.833 0.133 0.133 0.133 2.0 0.519 0.961 0.031
0.0 1.0 0.0 0.0 0.0 0.0 0.0 0.0 0.0 0.0 0.867 0.133 0.133 0.133 2.0 0.154 0.974 0.031
0.0 0.0 1.0 0.0 0.0 0.0 0.0 0.0 0.0 0.0 0.833 0.167 0.167 0.167 2.0 0.500 0.961 0.031
0.0 0.0 1.0 0.0 0.0 0.0 0.0 0.0 0.0 0.0 0.833 0.133 0.133 0.133 2.0 0.519 0.961 0.031
0.0 1.0 0.0 0.0 0.0 0.0 0.0 0.0 0.0 0.0 0.867 0.133 0.133 0.133 2.0 0.154 0.961 0.031
0.0 0.0 1.0 0.0 0.0 0.0 0.0 0.0 0.0 0.0 0.833 0.167 0.167 0.167 2.0 0.500 0.947 0.031
0.0 0.0 1.0 0.0 0.0 0.0 0.0 0.0 0.0 0.0 0.833 0.133 0.133 0.133 2.0 0.519 0.947 0.031
0.0 0.0 1.0 0.0 0.0 0.0 0.0 0.0 0.0 0.0 0.833 0.167 0.167 0.167 2.0 0.519 0.947 0.031
0.0 0.0 1.0 0.0 0.0 0.0 0.0 0.0 0.0 0.0 0.833 0.133 0.133 0.133 2.0 0.519 0.947 0.031
0.0 0.0 0.0 1.0 0.0 0.0 0.0 0.0 1.0 0.0 0.800 0.100 0.100 0.100 2.0 0.135 0.987 0.031
0.0 0.0 0.0 1.0 0.0 0.0 0.0 0.0 1.0 0.0 0.800 0.100 0.100 0.100 2.0 0.135 0.987 0.031
0.0 0.0 0.0 1.0 0.0 0.0 0.0 0.0 1.0 0.0 0.800 0.100 0.100 0.100 2.0 0.135 0.987 0.031
0.0 0.0 0.0 1.0 0.0 0.0 0.0 0.0 1.0 0.0 0.833 0.100 0.100 0.100 2.0 0.115 1.000 0.031
0.0 0.0 0.0 1.0 0.0 0.0 0.0 0.0 1.0 0.0 0.800 0.100 0.100 0.100 2.0 0.135 0.987 0.031
0.0 0.0 0.0 1.0 0.0 0.0 0.0 0.0 1.0 0.0 0.800 0.100 0.100 0.100 2.0 0.135 0.987 0.031
0.0 0.0 0.0 1.0 0.0 0.0 0.0 0.0 1.0 0.0 0.800 0.100 0.100 0.100 2.0 0.135 0.987 0.031
0.0 0.0 0.0 1.0 0.0 0.0 0.0 0.0 1.0 0.0 0.800 0.100 0.100 0.100 2.0 0.135 0.987 0.031
0.0 0.0 0.0 1.0 0.0 0.0 0.0 0.0 1.0 0.0 0.800 0.100 0.100 0.100 2.0 0.135 0.974 0.031
0.0 0.0 0.0 1.0 0.0 0.0 0.0 0.0 1.0 0.0 0.800 0.133 0.133 0.133 2.0 0.154 0.974 0.031
0.0 0.0 0.0 1.0 0.0 0.0 0.0 0.0 1.0 0.0 0.800 0.100 0.100 0.100 2.0 0.135 0.974 0.031
0.0 0.0 0.0 1.0 0.0 0.0 0.0 0.0 1.0 0.0 0.800 0.100 0.100 0.100 2.0 0.135 0.974 0.031
0.0 0.0 0.0 1.0 0.0 0.0 0.0 0.0 1.0 0.0 0.800 0.100 0.100 0.100 2.0 0.135 0.987 0.031
0.0 0.0 0.0 1.0 0.0 0.0 0.0 0.0 1.0 0.0 0.800 0.133 0.133 0.133 2.0 0.154 0.987 0.031
0.0 0.0 0.0 1.0 0.0 0.0 0.0 0.0 1.0 0.0 0.800 0.100 0.100 0.100 2.0 0.135 0.987 0.031
0.0 0.0 0.0 1.0 0.0 0.0 0.0 0.0 1.0 0.0 0.800 0.100 0.100 0.100 2.0 0.135 0.987 0.031
0.0 0.0 0.0 1.0 0.0 0.0 0.0 0.0 1.0 0.0 0.867 0.100 0.100 0.100 2.0 0.135 0.934 0.031
0.0 0.0 0.0 1.0 0.0 0.0 0.0 0.0 1.0 0.0 0.867 0.133 0.133 0.133 2.0 0.135 0.934 0.031
0.0 0.0 0.0 1.0 0.0 0.0 0.0 0.0 1.0 0.0 0.867 0.100 0.100 0.100 2.0 0.135 0.934 0.031
0.0 0.0 0.0 1.0 0.0 0.0 0.0 0.0 1.0 0.0 0.867 0.100 0.100 0.100 2.0 0.135 0.934 0.031
0.0 0.0 0.0 1.0 0.0 0.0 0.0 0.0 1.0 0.0 0.867 0.133 0.133 0.133 2.0 0.135 0.934 0.031
0.0 0.0 0.0 1.0 0.0 0.0 0.0 0.0 1.0 0.0 0.867 0.100 0.100 0.100 2.0 0.135 0.934 0.031
0.0 0.0 0.0 1.0 0.0 0.0 0.0 0.0 1.0 0.0 0.867 0.100 0.100 0.100 2.0 0.135 0.934 0.031
0.0 0.0 0.0 1.0 0.0 0.0 0.0 0.0 1.0 0.0 0.867 0.133 0.133 0.133 2.0 0.135 0.934 0.031
0.0 0.0 0.0 1.0 0.0 0.0 0.0 0.0 1.0 0.0 0.867 0.100 0.100 0.100 2.0 0.135 0.961 0.031
0.0 0.0 0.0 1.0 0.0 0.0 0.0 0.0 1.0 0.0 0.867 0.100 0.100 0.100 2.0 0.135 0.961 0.031
0.0 0.0 0.0 1.0 0.0 0.0 0.0 0.0 1.0 0.0 0.900 0.100 0.100 0.100 2.0 0.115 0.974 0.031
0.0 0.0 0.0 1.0 0.0 0.0 0.0 0.0 1.0 0.0 0.867 0.100 0.100 0.100 2.0 0.135 0.961 0.031
0.0 0.0 0.0 1.0 0.0 0.0 0.0 0.0 1.0 0.0 0.900 0.100 0.100 0.100 2.0 0.115 0.961 0.031
0.0 0.0 0.0 1.0 0.0 0.0 0.0 0.0 1.0 0.0 0.867 0.100 0.100 0.100 2.0 0.135 0.947 0.031
0.0 0.0 0.0 1.0 0.0 0.0 0.0 0.0 1.0 0.0 0.867 0.133 0.133 0.133 2.0 0.154 0.947 0.031
0.0 0.0 0.0 1.0 0.0 0.0 0.0 0.0 1.0 0.0 0.867 0.100 0.100 0.100 2.0 0.135 0.947 0.031
0.0 0.0 0.0 1.0 0.0 0.0 0.0 0.0 1.0 0.0 0.833 0.067 0.067 0.067 2.0 0.115 0.987 0.031
0.0 0.0 0.0 1.0 0.0 0.0 0.0 0.0 0.0 0.0 0.833 0.067 0.067 0.067 2.0 0.154 0.987 0.031
0.0 0.0 0.0 1.0 0.0 0.0 0.0 0.0 1.0 0.0 0.833 0.067 0.067 0.067 2.0 0.115 0.987 0.031
0.0 0.0 0.0 1.0 0.0 0.0 0.0 0.0 0.0 0.0 0.833 0.067 0.067 0.067 2.0 0.154 0.987 0.031
0.0 0.0 0.0 1.0 0.0 0.0 0.0 0.0 1.0 0.0 0.833 0.067 0.067 0.067 2.0 0.115 0.987 0.031
0.0 0.0 0.0 1.0 0.0 0.0 0.0 0.0 0.0 0.0 0.833 0.067 0.067 0.067 2.0 0.154 0.987 0.031
0.0 0.0 0.0 1.0 0.0 0.0 0.0 0.0 1.0 0.0 0.867 0.067 0.067 0.067 2.0 0.115 1.000 0.031
0.0 0.0 0.0 1.0 0.0 0.0 0.0 0.0 0.0 0.0 0.867 0.067 0.067 0.067 2.0 0.135 1.000 0.031
0.0 0.0 0.0 1.0 0.0 0.0 0.0 0.0 1.0 0.0 0.833 0.067 0.067 0.067 2.0 0.115 0.987 0.031
0.0 0.0 0.0 1.0 0.0 0.0 0.0 0.0 0.0 0.0 0.833 0.067 0.067 0.067 2.0 0.154 0.987 0.031
0.0 0.0 0.0 1.0 0.0 0.0 0.0 0.0 1.0 0.0 0.833 0.067 0.067 0.067 2.0 0.115 0.987 0.031
0.0 0.0 0.0 1.0 0.0 0.0 0.0 0.0 0.0 0.0 0.833 0.067 0.067 0.067 2.0 0.154 0.987 0.031
0.0 0.0 0.0 1.0 0.0 0.0 0.0 0.0 1.0 0.0 0.833 0.067 0.067 0.067 2.0 0.115 0.987 0.031
0.0 0.0 0.0 1.0 0.0 0.0 0.0 0.0 0.0 0.0 0.833 0.067 0.067 0.067 2.0 0.154 0.987 0.031
0.0 0.0 0.0 1.0 0.0 0.0 0.0 0.0 1.0 0.0 0.833 0.067 0.067 0.067 2.0 0.115 0.987 0.031
0.0 0.0 0.0 1.0 0.0 0.0 0.0 0.0 0.0 0.0 0.833 0.067 0.067 0.067 2.0 0.154 0.987 0.031
0.0 0.0 0.0 1.0 0.0 0.0 0.0 0.0 1.0 0.0 0.833 0.067 0.067 0.067 2.0 0.115 0.974 0.031
0.0 0.0 0.0 1.0 0.0 0.0 0.0 0.0 0.0 0.0 0.833 0.067 0.067 0.067 2.0 0.154 0.974 0.031
0.0 0.0 0.0 1.0 0.0 0.0 0.0 0.0 1.0 0.0 0.833 0.100 0.100 0.100 2.0 0.135 0.974 0.031
0.0 1.0 0.0 0.0 0.0 0.0 0.0 0.0 0.0 0.0 0.867 0.067 0.067 0.067 2.0 0.135 0.987 0.031
0.0 0.0 0.0 1.0 0.0 0.0 0.0 0.0 0.0 0.0 0.833 0.100 0.100 0.100 2.0 0.154 0.974 0.031
0.0 0.0 0.0 1.0 0.0 0.0 0.0 0.0 1.0 0.0 0.833 0.067 0.067 0.067 2.0 0.115 0.974 0.031
0.0 0.0 0.0 1.0 0.0 0.0 0.0 0.0 0.0 0.0 0.833 0.067 0.067 0.067 2.0 0.154 0.974 0.031
0.0 0.0 0.0 1.0 0.0 0.0 0.0 0.0 1.0 0.0 0.833 0.067 0.067 0.067 2.0 0.115 0.974 0.031
0.0 0.0 0.0 1.0 0.0 0.0 0.0 0.0 0.0 0.0 0.833 0.067 0.067 0.067 2.0 0.154 0.974 0.031
0.0 0.0 0.0 1.0 0.0 0.0 0.0 0.0 1.0 0.0 0.833 0.067 0.067 0.067 2.0 0.115 0.987 0.031
0.0 0.0 0.0 1.0 0.0 0.0 0.0 0.0 0.0 0.0 0.833 0.067 0.067 0.067 2.0 0.154 0.987 0.031
0.0 0.0 0.0 1.0 0.0 0.0 0.0 0.0 1.0 0.0 0.833 0.100 0.100 0.100 2.0 0.135 0.987 0.031
0.0 1.0 0.0 0.0 0.0 0.0 0.0 0.0 0.0 0.0 0.867 0.067 0.067 0.067 2.0 0.135 1.000 0.031
0.0 0.0 0.0 1.0 0.0 0.0 0.0 0.0 0.0 0.0 0.833 0.100 0.100 0.100 2.0 0.154 0.987 0.031
0.0 0.0 0.0 1.0 0.0 0.0 0.0 0.0 1.0 0.0 0.833 0.067 0.067 0.067 2.0 0.115 0.987 0.031
0.0 0.0 0.0 1.0 0.0 0.0 0.0 0.0 0.0 0.0 0.833 0.067 0.067 0.067 2.0 0.154 0.987 0.031
0.0 0.0 0.0 1.0 0.0 0.0 0.0 0.0 1.0 0.0 0.833 0.067 0.067 0.067 2.0 0.115 0.987 0.031
0.0 0.0 0.0 1.0 0.0 0.0 0.0 0.0 0.0 0.0 0.833 0.067 0.067 0.067 2.0 0.154 0.987 0.031
0.0 0.0 0.0 1.0 0.0 0.0 0.0 0.0 1.0 0.0 0.900 0.067 0.067 0.067 2.0 0.115 0.934 0.031
0.0 0.0 0.0 1.0 0.0 0.0 0.0 0.0 0.0 0.0 0.900 0.067 0.067 0.067 2.0 0.154 0.934 0.031
0.0 0.0 0.0 1.0 0.0 0.0 0.0 0.0 1.0 0.0 0.900 0.100 0.100 0.100 2.0 0.115 0.934 0.031
0.0 0.0 0.0 1.0 0.0 0.0 0.0 0.0 0.0 0.0 0.900 0.100 0.100 0.100 2.0 0.154 0.934 0.031
0.0 0.0 0.0 1.0 0.0 0.0 0.0 0.0 1.0 0.0 0.900 0.067 0.067 0.067 2.0 0.115 0.934 0.031
0.0 0.0 0.0 1.0 0.0 0.0 0.0 0.0 0.0 0.0 0.900 0.067 0.067 0.067 2.0 0.154 0.934 0.031
0.0 0.0 0.0 1.0 0.0 0.0 0.0 0.0 1.0 0.0 0.900 0.067 0.067 0.067 2.0 0.115 0.934 0.031
0.0 0.0 0.0 1.0 0.0 0.0 0.0 0.0 0.0 0.0 0.900 0.067 0.067 0.067 2.0 0.154 0.934 0.031
0.0 0.0 0.0 1.0 0.0 0.0 0.0 0.0 1.0 0.0 0.900 0.100 0.100 0.100 2.0 0.115 0.934 0.031
0.0 0.0 0.0 1.0 0.0 0.0 0.0 0.0 0.0 0.0 0.900 0.100 0.100 0.100 2.0 0.154 0.934 0.031
0.0 0.0 0.0 1.0 0.0 0.0 0.0 0.0 1.0 0.0 0.900 0.067 0.067 0.067 2.0 0.115 0.934 0.031
0.0 0.0 0.0 1.0 0.0 0.0 0.0 0.0 0.0 0.0 0.900 0.067 0.067 0.067 2.0 0.154 0.934 0.031
0.0 0.0 0.0 1.0 0.0 0.0 0.0 0.0 1.0 0.0 0.900 0.067 0.067 0.067 2.0 0.115 0.934 0.031
0.0 0.0 0.0 1.0 0.0 0.0 0.0 0.0 0.0 0.0 0.900 0.067 0.067 0.067 2.0 0.154 0.934 0.031
0.0 0.0 0.0 1.0 0.0 0.0 0.0 0.0 1.0 0.0 0.900 0.100 0.100 0.100 2.0 0.115 0.934 0.031
0.0 0.0 0.0 1.0 0.0 0.0 0.0 0.0 0.0 0.0 0.900 0.100 0.100 0.100 2.0 0.154 0.934 0.031
0.0 0.0 0.0 1.0 0.0 0.0 0.0 0.0 1.0 0.0 0.900 0.067 0.067 0.067 2.0 0.115 0.961 0.031
0.0 0.0 0.0 1.0 0.0 0.0 0.0 0.0 0.0 0.0 0.900 0.067 0.067 0.067 2.0 0.154 0.961 0.031
0.0 0.0 0.0 1.0 0.0 0.0 0.0 0.0 1.0 0.0 0.900 0.067 0.067 0.067 2.0 0.115 0.961 0.031
0.0 0.0 0.0 1.0 0.0 0.0 0.0 0.0 0.0 0.0 0.900 0.067 0.067 0.067 2.0 0.154 0.961 0.031
0.0 0.0 0.0 1.0 0.0 0.0 0.0 0.0 1.0 0.0 0.933 0.067 0.067 0.067 2.0 0.115 0.974 0.031
0.0 0.0 0.0 1.0 0.0 0.0 0.0 0.0 0.0 0.0 0.933 0.067 0.067 0.067 2.0 0.135 0.974 0.031
0.0 0.0 0.0 1.0 0.0 0.0 0.0 0.0 1.0 0.0 0.900 0.067 0.067 0.067 2.0 0.115 0.961 0.031
0.0 0.0 0.0 1.0 0.0 0.0 0.0 0.0 0.0 0.0 0.900 0.067 0.067 0.067 2.0 0.154 0.961 0.031
0.0 0.0 0.0 1.0 0.0 0.0 0.0 0.0 1.0 0.0 0.933 0.067 0.067 0.067 2.0 0.115 0.961 0.031
0.0 0.0 0.0 1.0 0.0 0.0 0.0 0.0 0.0 0.0 0.933 0.067 0.067 0.067 2.0 0.135 0.961 0.031
0.0 0.0 0.0 1.0 0.0 0.0 0.0 0.0 1.0 0.0 0.900 0.067 0.067 0.067 2.0 0.115 0.947 0.031
0.0 0.0 0.0 1.0 0.0 0.0 0.0 0.0 0.0 0.0 0.900 0.067 0.067 0.067 2.0 0.154 0.947 0.031
0.0 1.0 0.0 0.0 0.0 0.0 0.0 0.0 0.0 0.0 0.933 0.067 0.067 0.067 2.0 0.115 0.961 0.031
0.0 0.0 0.0 1.0 0.0 0.0 0.0 0.0 1.0 0.0 0.900 0.100 0.100 0.100 2.0 0.115 0.947 0.031
0.0 0.0 0.0 1.0 0.0 0.0 0.0 0.0 0.0 0.0 0.900 0.100 0.100 0.100 2.0 0.173 0.947 0.031
0.0 0.0 0.0 1.0 0.0 0.0 0.0 0.0 1.0 0.0 0.900 0.067 0.067 0.067 2.0 0.115 0.947 0.031
0.0 0.0 0.0 1.0 0.0 0.0 0.0 0.0 0.0 0.0 0.900 0.067 0.067 0.067 2.0 0.154 0.947 0.031
0.0 0.0 0.0 1.0 0.0 0.0 0.0 0.0 0.0 0.0 0.867 0.033 0.033 0.033 2.0 0.115 0.987 0.031
0.0 0.0 0.0 1.0 0.0 0.0 0.0 0.0 0.0 0.0 0.867 0.033 0.033 0.033 2.0 0.115 0.987 0.031
0.0 0.0 0.0 1.0 0.0 0.0 0.0 0.0 0.0 0.0 0.867 0.033 0.033 0.033 2.0 0.115 0.987 0.031
0.0 0.0 0.0 1.0 0.0 0.0 0.0 0.0 0.0 0.0 0.900 0.033 0.033 0.033 2.0 0.115 1.000 0.031
0.0 0.0 0.0 1.0 0.0 0.0 0.0 0.0 0.0 0.0 0.867 0.033 0.033 0.033 2.0 0.115 0.987 0.031
0.0 0.0 0.0 1.0 0.0 0.0 0.0 0.0 0.0 0.0 0.867 0.033 0.033 0.033 2.0 0.115 0.987 0.031
0.0 0.0 0.0 1.0 0.0 0.0 0.0 0.0 0.0 0.0 0.867 0.033 0.033 0.033 2.0 0.115 0.987 0.031
0.0 0.0 0.0 1.0 0.0 0.0 0.0 0.0 0.0 0.0 0.867 0.033 0.033 0.033 2.0 0.115 0.987 0.031
0.0 0.0 0.0 1.0 0.0 0.0 0.0 0.0 0.0 0.0 0.867 0.033 0.033 0.033 2.0 0.115 0.974 0.031
0.0 0.0 0.0 1.0 0.0 0.0 0.0 0.0 0.0 0.0 0.900 0.033 0.033 0.033 2.0 0.115 0.987 0.031
0.0 0.0 0.0 1.0 0.0 0.0 0.0 0.0 0.0 0.0 0.867 0.033 0.033 0.033 2.0 0.115 0.974 0.031
0.0 0.0 0.0 1.0 0.0 0.0 0.0 0.0 0.0 0.0 0.867 0.033 0.033 0.033 2.0 0.115 0.974 0.031
0.0 0.0 0.0 1.0 0.0 0.0 0.0 0.0 0.0 0.0 0.867 0.033 0.033 0.033 2.0 0.115 0.987 0.031
0.0 0.0 0.0 1.0 0.0 0.0 0.0 0.0 0.0 0.0 0.900 0.033 0.033 0.033 2.0 0.115 1.000 0.031
0.0 0.0 0.0 1.0 0.0 0.0 0.0 0.0 0.0 0.0 0.867 0.033 0.033 0.033 2.0 0.115 0.987 0.031
0.0 0.0 0.0 1.0 0.0 0.0 0.0 0.0 0.0 0.0 0.867 0.033 0.033 0.033 2.0 0.115 0.987 0.031
0.0 0.0 0.0 1.0 0.0 0.0 0.0 0.0 0.0 0.0 0.933 0.033 0.033 0.033 2.0 0.115 0.934 0.031
0.0 0.0 0.0 1.0 0.0 0.0 0.0 0.0 0.0 0.0 0.933 0.067 0.067 0.067 2.0 0.135 0.934 0.031
0.0 0.0 0.0 1.0 0.0 0.0 0.0 0.0 0.0 0.0 0.933 0.033 0.033 0.033 2.0 0.115 0.934 0.031
0.0 0.0 0.0 1.0 0.0 0.0 0.0 0.0 0.0 0.0 0.933 0.033 0.033 0.033 2.0 0.115 0.934 0.031
0.0 1.0 0.0 0.0 0.0 0.0 0.0 0.0 0.0 0.0 0.967 0.033 0.033 0.033 2.0 0.096 0.947 0.031
0.0 0.0 0.0 1.0 0.0 0.0 0.0 0.0 0.0 0.0 0.933 0.067 0.067 0.067 2.0 0.135 0.934 0.031
0.0 0.0 0.0 1.0 0.0 0.0 0.0 0.0 0.0 0.0 0.933 0.033 0.033 0.033 2.0 0.115 0.934 0.031
0.0 0.0 0.0 1.0 0.0 0.0 0.0 0.0 0.0 0.0 0.933 0.033 0.033 0.033 2.0 0.115 0.934 0.031
0.0 0.0 0.0 1.0 0.0 0.0 0.0 0.0 0.0 0.0 0.933 0.067 0.067 0.067 2.0 0.135 0.934 0.031
0.0 0.0 0.0 1.0 0.0 0.0 0.0 0.0 0.0 0.0 0.933 0.033 0.033 0.033 2.0 0.115 0.961 0.031
0.0 0.0 0.0 1.0 0.0 0.0 0.0 0.0 0.0 0.0 0.933 0.033 0.033 0.033 2.0 0.115 0.961 0.031
0.0 0.0 0.0 1.0 0.0 0.0 0.0 0.0 0.0 0.0 0.967 0.033 0.033 0.033 2.0 0.115 0.974 0.031
0.0 0.0 0.0 1.0 0.0 0.0 0.0 0.0 0.0 0.0 0.933 0.033 0.033 0.033 2.0 0.115 0.961 0.031
0.0 0.0 0.0 1.0 0.0 0.0 0.0 0.0 0.0 0.0 0.967 0.033 0.033 0.033 2.0 0.115 0.961 0.031
0.0 0.0 0.0 1.0 0.0 0.0 0.0 0.0 0.0 0.0 0.933 0.033 0.033 0.033 2.0 0.115 0.947 0.031
0.0 0.0 0.0 1.0 0.0 0.0 0.0 0.0 0.0 0.0 0.967 0.033 0.033 0.033 2.0 0.135 0.961 0.031
0.0 0.0 0.0 1.0 0.0 0.0 0.0 0.0 0.0 0.0 0.933 0.033 0.033 0.033 2.0 0.115 0.947 0.031
1.0 0.0 0.0 0.0 0.0 0.0 0.0 0.0 0.0 1.0 0.900 0.000 0.000 0.000 1.0 0.077 0.987 0.031
1.0 0.0 0.0 0.0 0.0 0.0 0.0 0.0 0.0 1.0 0.900 0.000 0.000 0.000 1.0 0.077 0.987 0.031
1.0 0.0 0.0 0.0 0.0 0.0 0.0 0.0 0.0 1.0 0.900 0.000 0.000 0.000 1.0 0.077 0.987 0.031
1.0 0.0 0.0 0.0 0.0 0.0 0.0 0.0 0.0 1.0 0.933 0.000 0.000 0.000 1.0 0.077 1.000 0.031
1.0 0.0 0.0 0.0 0.0 0.0 0.0 0.0 0.0 1.0 0.900 0.000 0.000 0.000 1.0 0.077 0.987 0.031
1.0 0.0 0.0 0.0 0.0 0.0 0.0 0.0 0.0 1.0 0.900 0.000 0.000 0.000 1.0 0.077 0.987 0.031
1.0 0.0 0.0 0.0 0.0 0.0 0.0 0.0 0.0 1.0 0.900 0.000 0.000 0.000 1.0 0.077 0.987 0.031
1.0 0.0 0.0 0.0 0.0 0.0 0.0 0.0 0.0 1.0 0.900 0.000 0.000 0.000 1.0 0.077 0.987 0.031
1.0 0.0 0.0 0.0 0.0 0.0 0.0 0.0 0.0 1.0 0.900 0.000 0.000 0.000 1.0 0.077 0.974 0.031
1.0 0.0 0.0 0.0 0.0 0.0 0.0 0.0 0.0 1.0 0.933 0.000 0.000 0.000 1.0 0.077 0.987 0.031
1.0 0.0 0.0 0.0 0.0 0.0 0.0 0.0 0.0 1.0 0.900 0.000 0.000 0.000 1.0 0.077 0.974 0.031
1.0 0.0 0.0 0.0 0.0 0.0 0.0 0.0 0.0 1.0 0.900 0.000 0.000 0.000 1.0 0.077 0.974 0.031
1.0 0.0 0.0 0.0 0.0 0.0 0.0 0.0 0.0 1.0 0.900 0.000 0.000 0.000 1.0 0.077 0.987 0.031
1.0 0.0 0.0 0.0 0.0 0.0 0.0 0.0 0.0 1.0 0.933 0.000 0.000 0.000 1.0 0.077 1.000 0.031
1.0 0.0 0.0 0.0 0.0 0.0 0.0 0.0 0.0 1.0 0.900 0.000 0.000 0.000 1.0 0.077 0.987 0.031
1.0 0.0 0.0 0.0 0.0 0.0 0.0 0.0 0.0 1.0 0.900 0.000 0.000 0.000 1.0 0.077 0.987 0.031
1.0 0.0 0.0 0.0 0.0 0.0 0.0 0.0 0.0 1.0 0.967 0.000 0.000 0.000 1.0 0.077 0.934 0.031
0.0 1.0 0.0 0.0 0.0 0.0 0.0 0.0 0.0 1.0 1.000 0.000 0.000 0.000 2.0 0.058 0.947 0.031
1.0 0.0 0.0 0.0 0.0 0.0 0.0 0.0 0.0 0.0 0.967 0.033 0.033 0.033 1.0 0.096 0.934 0.031
1.0 0.0 0.0 0.0 0.0 0.0 0.0 0.0 0.0 1.0 0.967 0.000 0.000 0.000 1.0 0.077 0.934 0.031
1.0 0.0 0.0 0.0 0.0 0.0 0.0 0.0 0.0 1.0 0.967 0.000 0.000 0.000 1.0 0.077 0.934 0.031
1.0 0.0 0.0 0.0 0.0 0.0 0.0 0.0 0.0 1.0 1.000 0.000 0.000 0.000 1.0 0.058 0.947 0.031
1.0 0.0 0.0 0.0 0.0 0.0 0.0 0.0 0.0 1.0 0.967 0.000 0.000 0.000 1.0 0.077 0.934 0.031
1.0 0.0 0.0 0.0 0.0 0.0 0.0 0.0 0.0 1.0 0.967 0.000 0.000 0.000 1.0 0.077 0.934 0.031
0.0 1.0 0.0 0.0 0.0 0.0 0.0 0.0 0.0 1.0 1.000 0.000 0.000 0.000 2.0 0.058 0.947 0.031
1.0 0.0 0.0 0.0 0.0 0.0 0.0 0.0 0.0 0.0 0.967 0.033 0.033 0.033 1.0 0.096 0.934 0.031
1.0 0.0 0.0 0.0 0.0 0.0 0.0 0.0 0.0 1.0 0.967 0.000 0.000 0.000 1.0 0.077 0.961 0.031
1.0 0.0 0.0 0.0 0.0 0.0 0.0 0.0 0.0 1.0 0.967 0.000 0.000 0.000 1.0 0.077 0.961 0.031
1.0 0.0 0.0 0.0 0.0 0.0 0.0 0.0 0.0 1.0 1.000 0.000 0.000 0.000 1.0 0.077 0.974 0.031
1.0 0.0 0.0 0.0 0.0 0.0 0.0 0.0 0.0 1.0 0.967 0.000 0.000 0.000 1.0 0.077 0.961 0.031
1.0 0.0 0.0 0.0 0.0 0.0 0.0 0.0 0.0 1.0 1.000 0.000 0.000 0.000 1.0 0.077 0.961 0.031
1.0 0.0 0.0 0.0 0.0 0.0 0.0 0.0 0.0 1.0 0.967 0.000 0.000 0.000 1.0 0.077 0.947 0.031
1.0 0.0 0.0 0.0 0.0 0.0 0.0 0.0 0.0 1.0 1.000 0.000 0.000 0.000 1.0 0.077 0.961 0.031
1.0 0.0 0.0 0.0 0.0 0.0 0.0 0.0 0.0 1.0 0.967 0.000 0.000 0.000 1.0 0.077 0.947 0.031
