0.0 0.0 0.0 1.0 0.0 0.0 0.0 0.0 0.0 0.0 0.333 0.296 0.556 2.0 0.556 0.316 0.484
0.0 0.0 0.0 1.0 0.0 0.0 0.0 0.0 0.0 0.0 0.341 0.289 0.548 2.0 0.500 0.316 0.484
0.0 1.0 0.0 0.0 0.0 0.0 0.0 0.0 0.0 0.0 0.348 0.281 0.541 2.0 0.500 0.368 0.484
0.0 0.0 0.0 1.0 0.0 0.0 0.0 0.0 0.0 0.0 0.356 0.274 0.533 2.0 0.500 0.358 0.484
0.0 0.0 0.0 1.0 0.0 0.0 0.0 0.0 0.0 0.0 0.363 0.267 0.526 2.0 0.500 0.368 0.484
0.0 0.0 0.0 1.0 0.0 0.0 0.0 0.0 0.0 0.0 0.363 0.267 0.526 2.0 0.500 0.368 0.484
0.0 0.0 0.0 1.0 0.0 0.0 0.0 0.0 0.0 0.0 0.370 0.259 0.519 2.0 0.556 0.368 0.484
0.0 0.0 0.0 1.0 0.0 0.0 0.0 0.0 0.0 0.0 0.378 0.252 0.511 2.0 0.611 0.379 0.484
0.0 0.0 0.0 1.0 0.0 0.0 0.0 0.0 0.0 0.0 0.385 0.296 0.504 2.0 0.667 0.379 0.452
0.0 0.0 0.0 1.0 0.0 0.0 0.0 0.0 0.0 0.0 0.400 0.281 0.489 2.0 0.722 0.389 0.452
0.0 0.0 0.0 1.0 0.0 0.0 0.0 0.0 0.0 0.0 0.407 0.274 0.481 2.0 0.556 0.389 0.452
0.0 0.0 0.0 1.0 0.0 0.0 0.0 0.0 0.0 0.0 0.415 0.267 0.474 2.0 0.611 0.400 0.452
