0.0 0.0 0.0 1.0 0.0 0.0 0.0 0.0 0.0 0.0 0.519 0.370 0.474 2.0 0.667 0.305 0.258
0.0 0.0 0.0 0.0 0.0 1.0 0.0 0.0 0.0 0.0 0.526 0.363 0.467 2.0 0.833 0.358 0.258
0.0 1.0 0.0 0.0 0.0 0.0 0.0 0.0 0.0 0.0 0.533 0.356 0.459 1.0 0.389 0.368 0.258
0.0 0.0 1.0 0.0 0.0 0.0 0.0 0.0 0.0 0.0 0.541 0.348 0.452 2.0 0.333 0.368 0.258
0.0 0.0 0.0 0.0 1.0 0.0 0.0 0.0 0.0 0.0 0.548 0.341 0.444 2.0 0.556 0.358 0.258
0.0 0.0 0.0 0.0 0.0 0.0 1.0 0.0 0.0 0.0 0.556 0.333 0.437 2.0 0.667 0.368 0.258
0.0 0.0 0.0 0.0 0.0 0.0 0.0 1.0 0.0 0.0 0.563 0.326 0.430 2.0 0.667 0.368 0.258
1.0 0.0 0.0 0.0 0.0 0.0 0.0 0.0 0.0 0.0 0.570 0.319 0.422 2.0 0.667 0.368 0.258
0.0 0.0 0.0 1.0 0.0 0.0 0.0 0.0 0.0 0.0 0.578 0.311 0.415 2.0 0.667 0.368 0.258
0.0 0.0 0.0 0.0 0.0 1.0 0.0 0.0 0.0 0.0 0.585 0.304 0.407 2.0 0.667 0.368 0.258
