0.0 0.0 0.0 1.0 0.0 0.0 0.0 0.0 1.0 0.0 0.429 0.143 0.286 1.0 0.364 0.133 0.714
0.0 0.0 1.0 0.0 0.0 0.0 0.0 0.0 0.0 0.0 0.457 0.171 0.314 2.0 0.327 0.133 0.714
0.0 0.0 0.0 0.0 1.0 0.0 0.0 0.0 0.0 0.0 0.486 0.200 0.343 1.0 0.273 0.133 0.714
0.0 0.0 0.0 0.0 0.0 1.0 0.0 0.0 0.0 0.0 0.514 0.229 0.371 2.0 0.309 0.133 0.714
0.0 0.0 0.0 0.0 0.0 0.0 1.0 0.0 0.0 0.0 0.543 0.257 0.400 1.0 0.291 0.133 0.714
0.0 0.0 0.0 0.0 0.0 0.0 0.0 1.0 0.0 0.0 0.571 0.286 0.429 2.0 0.345 0.133 0.714
1.0 0.0 0.0 0.0 0.0 0.0 0.0 0.0 0.0 0.0 0.600 0.314 0.457 1.0 0.327 0.133 0.714
0.0 1.0 0.0 0.0 0.0 0.0 0.0 0.0 0.0 0.0 0.629 0.343 0.486 2.0 0.364 0.133 0.714
0.0 0.0 1.0 0.0 0.0 0.0 0.0 0.0 0.0 0.0 0.657 0.371 0.514 1.0 0.345 0.133 0.714
0.0 0.0 0.0 1.0 0.0 0.0 0.0 0.0 0.0 0.0 0.686 0.400 0.543 2.0 0.382 0.133 0.714
0.0 0.0 0.0 0.0 1.0 0.0 0.0 0.0 0.0 0.0 0.714 0.429 0.571 1.0 0.364 0.133 0.714
0.0 0.0 0.0 0.0 0.0 1.0 0.0 0.0 0.0 0.0 0.743 0.457 0.600 2.0 0.400 0.133 0.714
0.0 0.0 0.0 0.0 0.0 0.0 1.0 0.0 0.0 0.0 0.771 0.486 0.629 1.0 0.418 0.133 0.714
0.0 0.0 0.0 0.0 0.0 0.0 0.0 1.0 0.0 0.0 0.800 0.514 0.657 2.0 0.436 0.133 0.714
1.0 0.0 0.0 0.0 0.0 0.0 0.0 0.0 0.0 0.0 0.829 0.543 0.686 1.0 0.455 0.133 0.714
