0.0 0.0 0.0 0.0 0.0 0.0 1.0 0.0 1.0 0.0 0.704 0.000 0.000 0.000 2.0 0.064 0.883 0.000
0.0 1.0 0.0 0.0 0.0 0.0 0.0 0.0 0.0 0.0 0.667 0.000 0.000 0.000 2.0 0.149 0.883 0.000
0.0 0.0 0.0 0.0 0.0 1.0 0.0 0.0 0.0 0.0 0.963 0.000 0.000 0.000 2.0 0.191 1.000 0.000
0.0 0.0 0.0 0.0 0.0 1.0 0.0 0.0 0.0 0.0 0.926 0.000 0.000 0.000 3.0 0.277 1.000 0.000
0.0 1.0 0.0 0.0 0.0 0.0 0.0 0.0 0.0 0.0 0.704 0.000 0.000 0.000 2.0 0.191 0.870 0.000
0.0 0.0 0.0 0.0 0.0 1.0 0.0 0.0 0.0 0.0 0.667 0.000 0.000 0.000 3.0 0.298 0.857 0.000
0.0 0.0 0.0 1.0 0.0 0.0 0.0 0.0 0.0 0.0 0.593 0.000 0.000 0.000 3.0 0.574 0.688 0.000
0.0 0.0 0.0 1.0 0.0 0.0 0.0 0.0 0.0 0.0 0.889 0.000 0.000 0.000 3.0 0.532 0.909 0.000
0.0 0.0 0.0 1.0 0.0 0.0 0.0 0.0 0.0 0.0 0.852 0.000 0.000 0.000 2.0 0.255 0.870 0.000
0.0 0.0 0.0 1.0 0.0 0.0 0.0 0.0 0.0 0.0 0.815 0.000 0.000 0.000 2.0 0.255 0.857 0.000
0.0 0.0 0.0 1.0 0.0 0.0 0.0 0.0 0.0 0.0 0.630 0.000 0.000 0.000 4.0 0.681 0.844 0.000
0.0 0.0 0.0 1.0 0.0 0.0 0.0 0.0 0.0 0.0 0.778 0.000 0.000 0.000 2.0 0.298 0.857 0.000
0.0 0.0 0.0 1.0 0.0 0.0 0.0 0.0 0.0 0.0 0.741 0.000 0.000 0.000 2.0 0.234 0.675 0.000
0.0 0.0 0.0 1.0 0.0 0.0 0.0 0.0 0.0 0.0 0.667 0.000 0.000 0.000 2.0 0.319 0.675 0.000
0.0 1.0 0.0 0.0 0.0 0.0 0.0 0.0 0.0 0.0 0.630 0.000 0.000 0.000 2.0 0.213 0.558 0.000
0.0 0.0 0.0 1.0 0.0 0.0 0.0 0.0 0.0 0.0 0.704 0.000 0.000 0.000 3.0 0.426 0.662 0.000
0.0 0.0 0.0 1.0 0.0 0.0 0.0 0.0 0.0 0.0 0.667 0.000 0.000 0.000 2.0 0.340 0.610 0.000
0.0 1.0 0.0 0.0 0.0 0.0 0.0 0.0 0.0 0.0 0.630 0.000 0.000 0.000 1.0 0.298 0.545 0.000
0.0 0.0 0.0 0.0 0.0 1.0 0.0 0.0 0.0 0.0 0.593 0.000 0.000 0.000 3.0 0.596 0.545 0.000
0.0 0.0 0.0 0.0 1.0 0.0 0.0 0.0 0.0 0.0 0.667 0.000 0.000 0.000 4.0 0.638 0.610 0.000
0.0 0.0 1.0 0.0 0.0 0.0 0.0 0.0 0.0 0.0 0.630 0.000 0.000 0.000 3.0 0.319 0.545 0.000
0.0 0.0 0.0 1.0 0.0 0.0 0.0 0.0 0.0 0.0 0.593 0.000 0.000 0.000 2.0 0.362 0.351 0.000
0.0 0.0 0.0 1.0 0.0 0.0 0.0 0.0 0.0 0.0 0.593 0.000 0.000 0.000 2.0 0.213 0.351 0.000
0.0 1.0 0.0 0.0 0.0 0.0 0.0 0.0 0.0 0.0 0.111 0.000 0.000 0.000 1.0 0.277 0.039 0.000
0.0 0.0 0.0 1.0 0.0 0.0 0.0 0.0 0.0 0.0 0.556 0.000 0.000 0.000 2.0 0.255 0.325 0.000
0.0 0.0 1.0 0.0 0.0 0.0 0.0 0.0 0.0 0.0 0.667 0.000 0.000 0.000 3.0 0.468 0.857 0.000
0.0 0.0 0.0 1.0 0.0 0.0 0.0 0.0 0.0 0.0 0.630 0.000 0.000 0.000 4.0 0.489 0.844 0.000
0.0 0.0 0.0 0.0 0.0 1.0 0.0 0.0 0.0 0.0 0.593 0.000 0.000 0.000 4.0 0.404 0.649 0.000
0.0 1.0 0.0 0.0 0.0 0.0 0.0 0.0 0.0 0.0 0.444 0.000 0.000 0.000 2.0 0.213 0.208 0.000
0.0 0.0 0.0 0.0 0.0 0.0 0.0 1.0 1.0 0.0 0.407 0.000 0.000 0.000 2.0 0.213 0.299 0.000
0.0 1.0 0.0 0.0 0.0 0.0 0.0 0.0 0.0 0.0 0.556 0.000 0.000 0.000 2.0 0.213 0.299 0.000
0.0 0.0 0.0 0.0 0.0 1.0 0.0 0.0 0.0 0.0 0.370 0.000 0.000 0.000 3.0 0.468 0.247 0.000
0.0 0.0 0.0 0.0 0.0 1.0 0.0 0.0 0.0 0.0 0.333 0.000 0.000 0.000 2.0 0.255 0.221 0.000
0.0 1.0 0.0 0.0 0.0 0.0 0.0 0.0 0.0 0.0 0.370 0.000 0.000 0.000 2.0 0.213 0.234 0.000
0.0 0.0 1.0 0.0 0.0 0.0 0.0 0.0 0.0 0.0 0.333 0.000 0.000 0.000 2.0 0.213 0.221 0.000
0.0 0.0 0.0 1.0 0.0 0.0 0.0 0.0 0.0 0.0 0.852 0.000 0.000 0.000 2.0 0.128 0.961 0.000
0.0 0.0 0.0 1.0 0.0 0.0 0.0 0.0 0.0 0.0 0.815 0.000 0.000 0.000 2.0 0.383 0.961 0.000
0.0 0.0 0.0 0.0 0.0 0.0 1.0 0.0 0.0 0.0 0.778 0.000 0.000 0.000 2.0 0.277 0.961 0.000
0.0 0.0 0.0 1.0 0.0 0.0 0.0 0.0 1.0 0.0 0.444 0.000 0.000 0.000 2.0 0.128 0.247 0.000
0.0 0.0 0.0 0.0 0.0 0.0 0.0 1.0 0.0 0.0 0.407 0.000 0.000 0.000 2.0 0.191 0.247 0.000
0.0 0.0 0.0 0.0 0.0 1.0 0.0 0.0 0.0 0.0 0.074 0.000 0.000 0.000 2.0 0.170 0.026 0.000
0.0 1.0 0.0 0.0 0.0 0.0 0.0 0.0 0.0 0.0 0.370 0.000 0.000 0.000 2.0 0.213 0.234 0.000
0.0 0.0 0.0 1.0 0.0 0.0 0.0 0.0 0.0 0.0 0.333 0.000 0.000 0.000 2.0 0.191 0.221 0.000
0.0 0.0 0.0 1.0 0.0 0.0 0.0 0.0 1.0 0.0 0.074 0.000 0.000 0.000 2.0 0.128 0.026 0.000
0.0 1.0 0.0 0.0 0.0 0.0 0.0 0.0 1.0 0.0 0.037 0.000 0.000 0.000 1.0 0.128 0.013 0.000
0.0 0.0 0.0 0.0 0.0 0.0 1.0 0.0 0.0 0.0 0.296 0.000 0.000 0.000 2.0 0.213 0.195 0.000
0.0 0.0 0.0 0.0 0.0 1.0 0.0 0.0 0.0 0.0 0.185 0.000 0.000 0.000 2.0 0.170 0.065 0.000
0.0 1.0 0.0 0.0 0.0 0.0 0.0 0.0 0.0 0.0 0.111 0.000 0.000 0.000 2.0 0.191 0.052 0.000
0.0 1.0 0.0 0.0 0.0 0.0 0.0 0.0 0.0 0.0 0.148 0.000 0.000 0.000 2.0 0.234 0.052 0.000
0.0 0.0 0.0 1.0 0.0 0.0 0.0 0.0 0.0 0.0 0.259 0.000 0.000 0.000 2.0 0.213 0.130 0.000
0.0 0.0 0.0 1.0 0.0 0.0 0.0 0.0 0.0 0.0 0.222 0.000 0.000 0.000 2.0 0.213 0.130 0.000
0.0 0.0 0.0 1.0 0.0 0.0 0.0 0.0 0.0 0.0 0.185 0.000 0.000 0.000 2.0 0.170 0.065 0.000
1.0 0.0 0.0 0.0 0.0 0.0 0.0 0.0 0.0 0.0 0.148 0.000 0.000 0.000 2.0 0.149 0.065 0.000
0.0 1.0 0.0 0.0 0.0 0.0 0.0 0.0 0.0 0.0 0.148 0.000 0.000 0.000 2.0 0.128 0.052 0.000
0.0 1.0 0.0 0.0 0.0 0.0 0.0 0.0 0.0 0.0 0.111 0.000 0.000 0.000 1.0 0.128 0.039 0.000
0.0 0.0 0.0 1.0 0.0 0.0 0.0 0.0 0.0 0.0 0.148 0.000 0.000 0.000 2.0 0.234 0.117 0.000
0.0 1.0 0.0 0.0 0.0 0.0 0.0 0.0 0.0 0.0 0.111 0.000 0.000 0.000 2.0 0.191 0.052 0.000
0.0 0.0 0.0 0.0 0.0 0.0 1.0 0.0 1.0 0.0 0.074 0.000 0.000 0.000 2.0 0.170 0.039 0.000
0.0 0.0 0.0 1.0 0.0 0.0 0.0 0.0 0.0 0.0 0.963 0.000 0.000 0.000 3.0 0.170 0.922 0.000
0.0 0.0 0.0 0.0 1.0 0.0 0.0 0.0 0.0 0.0 0.889 0.000 0.000 0.000 2.0 0.170 0.922 0.000
0.0 0.0 0.0 1.0 0.0 0.0 0.0 0.0 1.0 0.0 0.889 0.000 0.000 0.000 3.0 0.170 0.922 0.000
0.0 0.0 0.0 1.0 0.0 0.0 0.0 0.0 1.0 0.0 0.037 0.000 0.000 0.000 2.0 0.106 0.026 0.000
0.0 0.0 0.0 1.0 0.0 0.0 0.0 0.0 0.0 0.0 0.926 0.000 0.000 0.000 2.0 0.404 0.922 0.000
0.0 0.0 0.0 1.0 0.0 0.0 0.0 0.0 0.0 0.0 0.889 0.000 0.000 0.000 2.0 0.234 0.922 0.000
0.0 0.0 0.0 1.0 0.0 0.0 0.0 0.0 0.0 0.0 0.778 0.000 0.000 0.000 2.0 0.277 0.909 0.000
0.0 1.0 0.0 0.0 0.0 0.0 0.0 0.0 0.0 0.0 0.222 0.000 0.000 0.000 1.0 0.149 0.143 0.000
0.0 1.0 0.0 0.0 0.0 0.0 0.0 0.0 0.0 0.0 0.852 0.000 0.000 0.000 2.0 0.255 0.922 0.000
0.0 0.0 0.0 1.0 0.0 0.0 0.0 0.0 0.0 0.0 0.815 0.000 0.000 0.000 3.0 0.255 0.909 0.000
0.0 1.0 0.0 0.0 0.0 0.0 0.0 0.0 0.0 0.0 0.185 0.000 0.000 0.000 2.0 0.234 0.143 0.000
0.0 0.0 0.0 0.0 1.0 0.0 0.0 0.0 1.0 0.0 0.074 0.000 0.000 0.000 2.0 0.340 0.026 0.000
0.0 0.0 0.0 1.0 0.0 0.0 0.0 0.0 0.0 0.0 0.778 0.000 0.000 0.000 2.0 0.489 0.896 0.000
0.0 0.0 0.0 0.0 0.0 1.0 0.0 0.0 0.0 0.0 0.926 0.000 0.000 0.000 2.0 0.234 0.935 0.000
0.0 0.0 0.0 0.0 0.0 0.0 1.0 0.0 0.0 0.0 0.889 0.000 0.000 0.000 2.0 0.213 0.935 0.000
0.0 0.0 0.0 0.0 0.0 1.0 0.0 0.0 0.0 0.0 0.852 0.000 0.000 0.000 2.0 0.277 0.935 0.000
0.0 0.0 0.0 0.0 0.0 1.0 0.0 0.0 0.0 0.0 1.000 0.000 0.000 0.000 2.0 0.234 0.948 0.000
0.0 0.0 0.0 0.0 0.0 1.0 0.0 0.0 0.0 0.0 0.963 0.000 0.000 0.000 2.0 0.170 0.948 0.000
0.0 1.0 0.0 0.0 0.0 0.0 0.0 0.0 0.0 0.0 0.926 0.000 0.000 0.000 2.0 0.149 0.948 0.000
0.0 0.0 0.0 1.0 0.0 0.0 0.0 0.0 0.0 0.0 0.889 0.000 0.000 0.000 2.0 0.191 0.935 0.000
0.0 0.0 0.0 0.0 0.0 1.0 0.0 0.0 0.0 0.0 0.889 0.000 0.000 0.000 2.0 0.213 0.935 0.000
0.0 0.0 0.0 0.0 0.0 1.0 0.0 0.0 0.0 0.0 0.852 0.000 0.000 0.000 2.0 0.298 0.935 0.000
0.0 1.0 0.0 0.0 0.0 0.0 0.0 0.0 1.0 0.0 0.037 0.000 0.000 0.000 1.0 0.106 0.013 0.000
0.0 1.0 0.0 0.0 0.0 0.0 0.0 0.0 0.0 0.0 0.333 0.000 0.000 0.000 1.0 0.213 0.156 0.000
0.0 0.0 0.0 0.0 0.0 1.0 0.0 0.0 0.0 0.0 0.963 0.000 0.000 0.000 2.0 0.234 0.948 0.000
0.0 0.0 0.0 0.0 0.0 0.0 1.0 0.0 0.0 0.0 0.926 0.000 0.000 0.000 2.0 0.191 0.948 0.000
0.0 1.0 0.0 0.0 0.0 0.0 0.0 0.0 0.0 0.0 0.889 0.000 0.000 0.000 2.0 0.149 0.948 0.000
0.0 0.0 0.0 0.0 0.0 1.0 0.0 0.0 0.0 0.0 0.852 0.000 0.000 0.000 2.0 0.255 0.935 0.000
0.0 0.0 0.0 0.0 0.0 0.0 0.0 1.0 1.0 0.0 0.667 0.000 0.000 0.000 2.0 0.128 0.870 0.000
0.0 0.0 0.0 0.0 0.0 1.0 0.0 0.0 0.0 0.0 0.963 0.000 0.000 0.000 2.0 0.234 0.935 0.000
0.0 0.0 0.0 0.0 0.0 0.0 1.0 0.0 0.0 0.0 0.926 0.000 0.000 0.000 2.0 0.191 0.935 0.000
0.0 0.0 0.0 0.0 0.0 0.0 1.0 0.0 0.0 0.0 0.889 0.000 0.000 0.000 2.0 0.234 0.935 0.000
0.0 0.0 0.0 0.0 0.0 1.0 0.0 0.0 0.0 0.0 0.852 0.000 0.000 0.000 2.0 0.255 0.935 0.000
0.0 1.0 0.0 0.0 0.0 0.0 0.0 0.0 1.0 0.0 0.037 0.000 0.000 0.000 1.0 0.085 0.013 0.000
0.0 0.0 0.0 0.0 0.0 0.0 0.0 1.0 0.0 0.0 0.222 0.000 0.000 0.000 2.0 0.277 0.117 0.000
0.0 0.0 0.0 0.0 0.0 1.0 0.0 0.0 0.0 0.0 0.963 0.000 0.000 0.000 2.0 0.234 1.000 0.000
0.0 0.0 0.0 0.0 0.0 0.0 1.0 0.0 0.0 0.0 0.926 0.000 0.000 0.000 2.0 0.170 1.000 0.000
0.0 0.0 0.0 0.0 0.0 0.0 1.0 0.0 0.0 0.0 0.889 0.000 0.000 0.000 2.0 0.213 0.948 0.000
0.0 0.0 0.0 0.0 0.0 1.0 0.0 0.0 0.0 0.0 0.370 0.000 0.000 0.000 2.0 0.191 0.182 0.000
0.0 1.0 0.0 0.0 0.0 0.0 0.0 0.0 0.0 0.0 0.333 0.000 0.000 0.000 2.0 0.149 0.182 0.000
0.0 0.0 0.0 1.0 0.0 0.0 0.0 0.0 0.0 0.0 0.296 0.000 0.000 0.000 2.0 0.213 0.169 0.000
0.0 0.0 0.0 0.0 0.0 1.0 0.0 0.0 0.0 0.0 0.296 0.000 0.000 0.000 2.0 0.234 0.169 0.000
0.0 0.0 0.0 0.0 0.0 1.0 0.0 0.0 0.0 0.0 0.852 0.000 0.000 0.000 2.0 0.277 0.935 0.000
0.0 1.0 0.0 0.0 0.0 0.0 0.0 0.0 0.0 0.0 0.259 0.000 0.000 0.000 2.0 0.149 0.104 0.000
0.0 0.0 0.0 0.0 0.0 0.0 1.0 0.0 0.0 0.0 0.222 0.000 0.000 0.000 2.0 0.170 0.091 0.000
0.0 1.0 0.0 0.0 0.0 0.0 0.0 0.0 0.0 0.0 0.111 0.000 0.000 0.000 2.0 0.149 0.039 0.000
0.0 0.0 0.0 1.0 0.0 0.0 0.0 0.0 0.0 0.0 0.185 0.000 0.000 0.000 2.0 0.191 0.052 0.000
0.0 0.0 0.0 1.0 0.0 0.0 0.0 0.0 0.0 0.0 0.148 0.000 0.000 0.000 2.0 0.234 0.052 0.000
0.0 0.0 0.0 1.0 0.0 0.0 0.0 0.0 0.0 0.0 0.111 0.000 0.000 0.000 2.0 0.170 0.039 0.000
0.0 1.0 0.0 0.0 0.0 0.0 0.0 0.0 0.0 0.0 0.074 0.000 0.000 0.000 2.0 0.149 0.026 0.000
1.0 0.0 0.0 0.0 0.0 0.0 0.0 0.0 0.0 0.0 0.074 0.000 0.000 0.000 2.0 0.128 0.039 0.000
0.0 0.0 0.0 1.0 0.0 0.0 0.0 0.0 1.0 0.0 0.074 0.000 0.000 0.000 2.0 0.128 0.039 0.000
0.0 1.0 0.0 0.0 0.0 0.0 0.0 0.0 1.0 0.0 0.037 0.000 0.000 0.000 2.0 0.106 0.026 0.000
0.0 0.0 0.0 0.0 0.0 1.0 0.0 0.0 0.0 0.0 0.963 0.000 0.000 0.000 2.0 0.234 0.974 0.000
0.0 0.0 0.0 0.0 0.0 0.0 1.0 0.0 0.0 0.0 0.926 0.000 0.000 0.000 2.0 0.170 0.974 0.000
0.0 0.0 0.0 0.0 0.0 0.0 1.0 0.0 0.0 0.0 0.333 0.000 0.000 0.000 2.0 0.255 0.312 0.000
0.0 0.0 0.0 0.0 0.0 1.0 0.0 0.0 0.0 0.0 0.296 0.000 0.000 0.000 3.0 0.234 0.143 0.000
0.0 0.0 0.0 0.0 0.0 1.0 0.0 0.0 0.0 0.0 0.259 0.000 0.000 0.000 2.0 0.213 0.143 0.000
0.0 1.0 0.0 0.0 0.0 0.0 0.0 0.0 0.0 0.0 0.111 0.000 0.000 0.000 2.0 0.128 0.052 0.000
0.0 1.0 0.0 0.0 0.0 0.0 0.0 0.0 0.0 0.0 0.074 0.000 0.000 0.000 2.0 0.191 0.039 0.000
0.0 1.0 0.0 0.0 0.0 0.0 0.0 0.0 0.0 0.0 0.222 0.000 0.000 0.000 3.0 0.340 0.130 0.000
1.0 0.0 0.0 0.0 0.0 0.0 0.0 0.0 0.0 0.0 0.074 0.000 0.000 0.000 2.0 0.213 0.039 0.000
0.0 1.0 0.0 0.0 0.0 0.0 0.0 0.0 0.0 0.0 0.889 0.000 0.000 0.000 2.0 0.149 0.948 0.000
0.0 0.0 0.0 0.0 0.0 1.0 0.0 0.0 0.0 0.0 0.852 0.000 0.000 0.000 2.0 0.277 0.935 0.000
0.0 0.0 0.0 1.0 0.0 0.0 0.0 0.0 1.0 0.0 0.815 0.000 0.000 0.000 2.0 0.511 0.935 0.000
0.0 0.0 0.0 0.0 1.0 0.0 0.0 0.0 0.0 0.0 0.778 0.000 0.000 0.000 2.0 0.532 0.935 0.000
0.0 0.0 0.0 1.0 0.0 0.0 0.0 0.0 0.0 0.0 0.741 0.000 0.000 0.000 4.0 0.553 0.896 0.000
0.0 0.0 1.0 0.0 0.0 0.0 0.0 0.0 0.0 0.0 0.704 0.000 0.000 0.000 4.0 0.553 0.883 0.000
0.0 0.0 0.0 1.0 0.0 0.0 0.0 0.0 0.0 0.0 0.630 0.000 0.000 0.000 3.0 0.553 0.870 0.000
0.0 0.0 1.0 0.0 0.0 0.0 0.0 0.0 0.0 0.0 0.704 0.000 0.000 0.000 2.0 0.404 0.883 0.000
0.0 0.0 0.0 1.0 0.0 0.0 0.0 0.0 0.0 0.0 0.630 0.000 0.000 0.000 3.0 0.617 0.870 0.000
0.0 1.0 0.0 0.0 0.0 0.0 0.0 0.0 0.0 0.0 0.704 0.000 0.000 0.000 2.0 0.298 0.896 0.000
0.0 0.0 0.0 1.0 0.0 0.0 0.0 0.0 0.0 0.0 0.741 0.000 0.000 0.000 4.0 0.596 0.896 0.000
0.0 0.0 0.0 0.0 0.0 1.0 0.0 0.0 0.0 0.0 0.667 0.000 0.000 0.000 4.0 0.468 0.870 0.000
0.0 0.0 0.0 1.0 0.0 0.0 0.0 0.0 0.0 0.0 0.704 0.000 0.000 0.000 3.0 0.362 0.883 0.000
0.0 0.0 0.0 1.0 0.0 0.0 0.0 0.0 0.0 0.0 0.630 0.000 0.000 0.000 3.0 0.277 0.753 0.000
0.0 1.0 0.0 0.0 0.0 0.0 0.0 0.0 0.0 0.0 0.556 0.000 0.000 0.000 2.0 0.277 0.455 0.000
0.0 1.0 0.0 0.0 0.0 0.0 0.0 0.0 0.0 0.0 0.593 0.000 0.000 0.000 2.0 0.298 0.455 0.000
0.0 0.0 0.0 1.0 0.0 0.0 0.0 0.0 0.0 0.0 0.667 0.000 0.000 0.000 3.0 0.383 0.753 0.000
1.0 0.0 0.0 0.0 0.0 0.0 0.0 0.0 0.0 0.0 0.593 0.000 0.000 0.000 2.0 0.170 0.455 0.000
1.0 0.0 0.0 0.0 0.0 0.0 0.0 0.0 0.0 0.0 0.630 0.000 0.000 0.000 2.0 0.170 0.455 0.000
0.0 0.0 0.0 0.0 0.0 1.0 0.0 0.0 1.0 0.0 0.074 0.000 0.000 0.000 2.0 0.532 0.026 0.000
0.0 0.0 0.0 0.0 0.0 0.0 1.0 0.0 1.0 0.0 0.667 0.000 0.000 0.000 2.0 0.106 0.857 0.000
0.0 0.0 0.0 0.0 0.0 1.0 0.0 0.0 0.0 0.0 0.630 0.000 0.000 0.000 3.0 0.298 0.857 0.000
0.0 1.0 0.0 0.0 0.0 0.0 0.0 0.0 0.0 0.0 0.593 0.000 0.000 0.000 1.0 0.340 0.442 0.000
0.0 0.0 0.0 1.0 0.0 0.0 0.0 0.0 0.0 0.0 0.741 0.000 0.000 0.000 2.0 0.106 0.870 0.000
0.0 0.0 0.0 1.0 0.0 0.0 0.0 0.0 1.0 0.0 0.667 0.000 0.000 0.000 2.0 0.213 0.857 0.000
0.0 1.0 0.0 0.0 0.0 0.0 0.0 0.0 0.0 0.0 0.704 0.000 0.000 0.000 2.0 0.106 0.870 0.000
0.0 0.0 0.0 0.0 0.0 1.0 0.0 0.0 1.0 0.0 0.667 0.000 0.000 0.000 2.0 0.213 0.857 0.000
0.0 0.0 0.0 1.0 0.0 0.0 0.0 0.0 0.0 0.0 0.630 0.000 0.000 0.000 4.0 0.681 0.857 0.000
0.0 0.0 1.0 0.0 0.0 0.0 0.0 0.0 0.0 0.0 0.593 0.000 0.000 0.000 2.0 0.532 0.649 0.000
0.0 0.0 0.0 0.0 0.0 0.0 0.0 1.0 0.0 0.0 0.667 0.000 0.000 0.000 2.0 0.191 0.857 0.000
0.0 0.0 1.0 0.0 0.0 0.0 0.0 0.0 0.0 0.0 0.630 0.000 0.000 0.000 2.0 0.426 0.857 0.000
0.0 0.0 0.0 0.0 0.0 0.0 0.0 1.0 1.0 1.0 0.667 0.000 0.000 0.000 2.0 0.128 0.857 0.500
0.0 0.0 0.0 1.0 0.0 0.0 0.0 0.0 0.0 0.0 0.630 0.037 0.037 0.037 3.0 0.553 0.857 0.500
0.0 1.0 0.0 0.0 0.0 0.0 0.0 0.0 0.0 0.0 0.593 0.074 0.074 0.074 1.0 0.319 0.481 0.500
0.0 0.0 0.0 0.0 0.0 0.0 1.0 0.0 1.0 0.0 0.630 0.000 0.000 0.000 2.0 0.149 0.857 0.000
0.0 0.0 1.0 0.0 0.0 0.0 0.0 0.0 0.0 0.0 0.593 0.000 0.000 0.000 4.0 0.745 0.857 0.000
0.0 0.0 0.0 0.0 0.0 0.0 0.0 1.0 0.0 0.0 0.630 0.000 0.000 0.000 2.0 0.213 0.857 0.000
0.0 0.0 1.0 0.0 0.0 0.0 0.0 0.0 0.0 0.0 0.593 0.000 0.000 0.000 4.0 0.766 0.857 0.000
0.0 0.0 0.0 0.0 0.0 1.0 0.0 0.0 0.0 0.0 0.556 0.111 0.111 0.111 4.0 0.894 0.532 0.500
0.0 0.0 0.0 0.0 0.0 0.0 0.0 1.0 0.0 0.0 0.667 0.000 0.000 0.000 2.0 0.170 0.857 0.000
0.0 0.0 0.0 0.0 0.0 1.0 0.0 0.0 0.0 0.0 0.630 0.000 0.000 0.000 3.0 0.319 0.857 0.000
0.0 1.0 0.0 0.0 0.0 0.0 0.0 0.0 0.0 0.0 0.556 0.000 0.000 0.000 1.0 0.319 0.442 0.000
0.0 1.0 0.0 0.0 0.0 0.0 0.0 0.0 0.0 0.0 0.593 0.000 0.000 0.000 1.0 0.447 0.532 0.000
0.0 0.0 0.0 1.0 0.0 0.0 0.0 0.0 0.0 0.0 0.556 0.111 0.111 0.111 3.0 0.596 0.481 0.500
0.0 0.0 0.0 0.0 0.0 0.0 1.0 0.0 1.0 1.0 0.667 0.000 0.000 0.000 2.0 0.064 0.883 0.500
0.0 1.0 0.0 0.0 0.0 0.0 0.0 0.0 0.0 0.0 0.630 0.037 0.037 0.037 2.0 0.170 0.883 0.500
0.0 0.0 0.0 1.0 0.0 0.0 0.0 0.0 0.0 0.0 0.593 0.074 0.074 0.074 4.0 0.723 0.870 0.500
0.0 0.0 0.0 0.0 0.0 0.0 1.0 0.0 1.0 0.0 0.667 0.000 0.000 0.000 2.0 0.106 0.870 0.000
0.0 0.0 1.0 0.0 0.0 0.0 0.0 0.0 0.0 0.0 0.630 0.000 0.000 0.000 2.0 0.383 0.870 0.000
0.0 0.0 1.0 0.0 0.0 0.0 0.0 0.0 0.0 0.0 0.593 0.000 0.000 0.000 4.0 0.809 0.714 0.000
0.0 0.0 0.0 1.0 0.0 0.0 0.0 0.0 0.0 0.0 0.185 0.481 0.481 0.481 2.0 0.745 0.078 0.500
0.0 0.0 0.0 0.0 1.0 0.0 0.0 0.0 1.0 0.0 0.111 0.556 0.556 0.556 4.0 0.660 0.065 0.500
0.0 0.0 0.0 0.0 0.0 0.0 0.0 1.0 1.0 0.0 0.704 0.000 0.000 0.000 2.0 0.128 0.883 0.000
0.0 0.0 0.0 1.0 0.0 0.0 0.0 0.0 0.0 0.0 0.667 0.000 0.000 0.000 3.0 0.511 0.883 0.000
0.0 0.0 0.0 0.0 0.0 1.0 0.0 0.0 0.0 0.0 0.556 0.000 0.000 0.000 3.0 0.489 0.545 0.000
0.0 0.0 0.0 1.0 0.0 0.0 0.0 0.0 0.0 0.0 0.778 0.000 0.000 0.000 2.0 0.106 0.896 0.000
0.0 0.0 0.0 1.0 0.0 0.0 0.0 0.0 1.0 0.0 0.704 0.000 0.000 0.000 2.0 0.213 0.883 0.000
0.0 1.0 0.0 0.0 0.0 0.0 0.0 0.0 0.0 0.0 0.741 0.000 0.000 0.000 2.0 0.106 0.896 0.000
0.0 0.0 0.0 0.0 1.0 0.0 0.0 0.0 1.0 0.0 0.704 0.000 0.000 0.000 2.0 0.213 0.883 0.000
0.0 0.0 0.0 1.0 0.0 0.0 0.0 0.0 0.0 0.0 0.667 0.000 0.000 0.000 4.0 0.660 0.883 0.000
0.0 1.0 0.0 0.0 0.0 0.0 0.0 0.0 0.0 0.0 0.519 0.148 0.148 0.148 1.0 0.468 0.312 0.500
0.0 0.0 0.0 1.0 0.0 0.0 0.0 0.0 0.0 0.0 0.778 0.000 0.000 0.000 3.0 0.149 0.909 0.000
1.0 0.0 0.0 0.0 0.0 0.0 0.0 0.0 1.0 0.0 0.037 0.000 0.000 0.000 2.0 0.085 0.026 0.000
0.0 1.0 0.0 0.0 0.0 0.0 0.0 0.0 1.0 0.0 0.704 0.000 0.000 0.000 3.0 0.213 0.896 0.000
0.0 0.0 0.0 1.0 0.0 0.0 0.0 0.0 0.0 0.0 0.741 0.000 0.000 0.000 2.0 0.170 0.909 0.000
0.0 1.0 0.0 0.0 0.0 0.0 0.0 0.0 0.0 0.0 0.074 0.000 0.000 0.000 2.0 0.106 0.039 0.000
0.0 1.0 0.0 0.0 0.0 0.0 0.0 0.0 1.0 0.0 0.037 0.000 0.000 0.000 2.0 0.064 0.026 0.000
0.0 1.0 0.0 0.0 0.0 0.0 0.0 0.0 0.0 0.0 0.704 0.000 0.000 0.000 1.0 0.213 0.883 0.000
0.0 0.0 0.0 1.0 0.0 0.0 0.0 0.0 0.0 0.0 0.667 0.000 0.000 0.000 3.0 0.596 0.883 0.000
0.0 0.0 0.0 0.0 0.0 1.0 0.0 0.0 0.0 0.0 0.519 0.000 0.000 0.000 2.0 0.766 0.442 0.000
0.0 1.0 0.0 0.0 0.0 0.0 0.0 0.0 0.0 0.0 0.407 0.000 0.000 0.000 1.0 0.447 0.195 0.000
0.0 0.0 0.0 0.0 0.0 0.0 0.0 1.0 1.0 0.0 0.704 0.000 0.000 0.000 2.0 0.128 0.883 0.000
0.0 0.0 0.0 1.0 0.0 0.0 0.0 0.0 0.0 0.0 0.667 0.000 0.000 0.000 3.0 0.596 0.883 0.000
0.0 0.0 1.0 0.0 0.0 0.0 0.0 0.0 0.0 0.0 0.630 0.000 0.000 0.000 2.0 0.702 0.584 0.000
0.0 0.0 0.0 0.0 0.0 1.0 0.0 0.0 0.0 0.0 0.593 0.000 0.000 0.000 3.0 0.617 0.545 0.000
0.0 0.0 0.0 1.0 0.0 0.0 0.0 0.0 0.0 0.0 0.556 0.000 0.000 0.000 2.0 0.426 0.325 0.000
0.0 1.0 0.0 0.0 0.0 0.0 0.0 0.0 0.0 0.0 0.519 0.000 0.000 0.000 2.0 0.277 0.299 0.000
0.0 0.0 0.0 0.0 0.0 1.0 0.0 0.0 0.0 0.0 0.556 0.000 0.000 0.000 2.0 0.809 0.442 0.000
0.0 1.0 0.0 0.0 0.0 0.0 0.0 0.0 0.0 0.0 0.519 0.000 0.000 0.000 1.0 0.553 0.299 0.000
0.0 0.0 0.0 0.0 0.0 1.0 0.0 0.0 0.0 0.0 0.519 0.148 0.148 0.148 2.0 0.979 0.455 0.500
0.0 0.0 0.0 0.0 0.0 0.0 0.0 1.0 1.0 0.0 0.667 0.000 0.000 0.000 2.0 0.128 0.870 0.000
0.0 0.0 0.0 1.0 0.0 0.0 0.0 0.0 0.0 0.0 0.630 0.000 0.000 0.000 3.0 0.553 0.870 0.000
0.0 0.0 0.0 0.0 0.0 1.0 0.0 0.0 0.0 0.0 0.519 0.148 0.148 0.148 2.0 0.766 0.442 1.000
0.0 0.0 0.0 0.0 0.0 0.0 1.0 0.0 0.0 0.0 0.481 0.185 0.185 0.185 2.0 0.660 0.299 1.000
0.0 1.0 0.0 0.0 0.0 0.0 0.0 0.0 1.0 0.0 0.037 0.630 0.630 0.630 1.0 0.213 0.013 1.000
0.0 0.0 0.0 1.0 0.0 0.0 0.0 0.0 0.0 0.0 0.444 0.222 0.222 0.222 2.0 0.404 0.286 1.000
0.0 0.0 0.0 0.0 0.0 0.0 0.0 1.0 0.0 0.0 0.407 0.259 0.259 0.259 2.0 0.277 0.273 1.000
0.0 0.0 0.0 0.0 0.0 0.0 0.0 1.0 0.0 0.0 0.074 0.593 0.593 0.593 2.0 0.191 0.039 1.000
0.0 1.0 0.0 0.0 0.0 0.0 0.0 0.0 1.0 0.0 0.037 0.630 0.630 0.630 2.0 0.085 0.026 1.000
0.0 0.0 0.0 0.0 0.0 0.0 1.0 0.0 0.0 0.0 0.370 0.296 0.296 0.296 2.0 0.234 0.234 1.000
0.0 0.0 0.0 0.0 0.0 1.0 0.0 0.0 0.0 0.0 0.111 0.556 0.556 0.556 2.0 0.213 0.039 1.000
0.0 0.0 0.0 0.0 0.0 0.0 1.0 0.0 0.0 0.0 0.333 0.333 0.333 0.333 2.0 0.213 0.195 1.000
0.0 1.0 0.0 0.0 0.0 0.0 0.0 0.0 0.0 0.0 0.111 0.556 0.556 0.556 2.0 0.149 0.052 1.000
0.0 0.0 0.0 0.0 0.0 0.0 0.0 1.0 0.0 0.0 0.074 0.593 0.593 0.593 2.0 0.106 0.039 1.000
0.0 0.0 0.0 0.0 0.0 0.0 1.0 0.0 1.0 0.0 0.037 0.630 0.630 0.630 2.0 0.085 0.026 1.000
0.0 1.0 0.0 0.0 0.0 0.0 0.0 0.0 1.0 0.0 0.037 0.630 0.630 0.630 1.0 0.085 0.013 1.000
0.0 0.0 0.0 1.0 0.0 0.0 0.0 0.0 0.0 0.0 0.296 0.370 0.370 0.370 3.0 0.255 0.143 1.000
0.0 0.0 0.0 1.0 0.0 0.0 0.0 0.0 0.0 0.0 0.259 0.407 0.407 0.407 2.0 0.298 0.143 1.000
0.0 0.0 0.0 1.0 0.0 0.0 0.0 0.0 0.0 0.0 0.222 0.444 0.444 0.444 3.0 0.191 0.117 1.000
0.0 1.0 0.0 0.0 0.0 0.0 0.0 0.0 0.0 0.0 0.037 0.630 0.630 0.630 2.0 0.106 0.026 1.000
0.0 1.0 0.0 0.0 0.0 0.0 0.0 0.0 0.0 0.0 0.148 0.519 0.519 0.519 2.0 0.255 0.052 1.000
0.0 1.0 0.0 0.0 0.0 0.0 0.0 0.0 0.0 0.0 0.185 0.481 0.481 0.481 2.0 0.170 0.078 1.000
0.0 0.0 0.0 1.0 0.0 0.0 0.0 0.0 0.0 0.0 0.148 0.519 0.519 0.519 2.0 0.234 0.065 1.000
0.0 1.0 0.0 0.0 0.0 0.0 0.0 0.0 0.0 0.0 0.037 0.630 0.630 0.630 2.0 0.085 0.026 1.000
0.0 1.0 0.0 0.0 0.0 0.0 0.0 0.0 0.0 0.0 0.148 0.519 0.519 0.519 4.0 0.340 0.091 1.000
0.0 1.0 0.0 0.0 0.0 0.0 0.0 0.0 0.0 0.0 0.185 0.481 0.481 0.481 2.0 0.170 0.091 1.000
0.0 0.0 0.0 1.0 0.0 0.0 0.0 0.0 0.0 0.0 0.148 0.519 0.519 0.519 2.0 0.255 0.078 1.000
0.0 1.0 0.0 0.0 0.0 0.0 0.0 0.0 0.0 0.0 0.074 0.593 0.593 0.593 2.0 0.170 0.039 1.000
0.0 0.0 0.0 1.0 0.0 0.0 0.0 0.0 0.0 0.0 0.111 0.556 0.556 0.556 2.0 0.447 0.039 1.000
0.0 0.0 0.0 0.0 0.0 0.0 0.0 1.0 0.0 0.0 0.370 0.296 0.296 0.296 2.0 0.660 0.195 1.000
0.0 1.0 0.0 0.0 0.0 0.0 0.0 0.0 1.0 0.0 0.037 0.630 0.630 0.630 2.0 0.149 0.026 1.000
0.0 0.0 0.0 1.0 0.0 0.0 0.0 0.0 0.0 0.0 0.333 0.333 0.333 0.333 2.0 0.404 0.169 1.000
0.0 0.0 0.0 1.0 0.0 0.0 0.0 0.0 0.0 0.0 0.296 0.370 0.370 0.370 2.0 0.255 0.156 1.000
0.0 0.0 0.0 0.0 1.0 0.0 0.0 0.0 0.0 0.0 0.222 0.444 0.444 0.444 2.0 0.255 0.143 1.000
0.0 1.0 0.0 0.0 0.0 0.0 0.0 0.0 0.0 0.0 0.259 0.407 0.407 0.407 2.0 0.170 0.156 1.000
0.0 0.0 0.0 1.0 0.0 0.0 0.0 0.0 0.0 0.0 0.222 0.444 0.444 0.444 2.0 0.213 0.143 1.000
0.0 0.0 0.0 0.0 0.0 0.0 0.0 1.0 0.0 0.0 0.185 0.481 0.481 0.481 2.0 0.213 0.104 1.000
0.0 1.0 0.0 0.0 0.0 0.0 0.0 0.0 1.0 0.0 0.037 0.630 0.630 0.630 2.0 0.106 0.026 1.000
0.0 0.0 0.0 0.0 0.0 0.0 0.0 1.0 0.0 0.0 0.148 0.519 0.519 0.519 2.0 0.191 0.078 1.000
0.0 1.0 0.0 0.0 0.0 0.0 0.0 0.0 0.0 0.0 0.111 0.556 0.556 0.556 2.0 0.128 0.052 1.000
0.0 0.0 0.0 0.0 0.0 0.0 1.0 0.0 1.0 0.0 0.074 0.593 0.593 0.593 2.0 0.106 0.039 1.000
0.0 0.0 0.0 0.0 0.0 1.0 0.0 0.0 1.0 0.0 0.074 0.593 0.593 0.593 3.0 0.213 0.039 1.000
0.0 1.0 0.0 0.0 0.0 0.0 0.0 0.0 1.0 0.0 0.037 0.630 0.630 0.630 1.0 0.170 0.013 1.000
0.0 0.0 1.0 0.0 0.0 0.0 0.0 0.0 0.0 0.0 0.593 0.000 0.000 0.000 3.0 0.766 0.623 0.000
0.0 0.0 0.0 0.0 0.0 1.0 0.0 0.0 0.0 0.0 0.556 0.111 0.111 0.111 4.0 0.851 0.532 0.500
0.0 0.0 0.0 0.0 0.0 1.0 0.0 0.0 0.0 0.0 0.074 0.593 0.593 0.593 2.0 0.766 0.039 1.000
0.0 1.0 0.0 0.0 0.0 0.0 0.0 0.0 1.0 0.0 0.037 0.630 0.630 0.630 1.0 0.277 0.013 1.000
0.0 1.0 0.0 0.0 0.0 0.0 0.0 0.0 0.0 0.0 0.148 0.519 0.519 0.519 1.0 0.553 0.039 1.000
0.0 0.0 0.0 1.0 0.0 0.0 0.0 0.0 1.0 0.0 0.111 0.556 0.556 0.556 2.0 0.298 0.039 1.000
0.0 1.0 0.0 0.0 0.0 0.0 0.0 0.0 0.0 0.0 0.519 0.148 0.148 0.148 1.0 0.489 0.286 1.000
0.0 0.0 0.0 0.0 0.0 0.0 1.0 0.0 0.0 0.0 0.481 0.185 0.185 0.185 2.0 0.277 0.286 1.000
0.0 1.0 0.0 0.0 0.0 0.0 0.0 0.0 1.0 0.0 0.037 0.630 0.630 0.630 1.0 0.170 0.013 1.000
0.0 0.0 0.0 1.0 0.0 0.0 0.0 0.0 0.0 0.0 0.444 0.222 0.222 0.222 2.0 0.340 0.273 1.000
0.0 0.0 0.0 0.0 0.0 0.0 1.0 0.0 0.0 0.0 0.407 0.259 0.259 0.259 2.0 0.170 0.260 1.000
0.0 1.0 0.0 0.0 0.0 0.0 0.0 0.0 1.0 0.0 0.037 0.630 0.630 0.630 2.0 0.085 0.026 1.000
0.0 0.0 0.0 0.0 0.0 0.0 1.0 0.0 0.0 0.0 0.370 0.296 0.296 0.296 2.0 0.213 0.234 1.000
0.0 0.0 0.0 0.0 0.0 0.0 0.0 1.0 0.0 0.0 0.111 0.556 0.556 0.556 2.0 0.213 0.039 1.000
0.0 0.0 0.0 0.0 0.0 1.0 0.0 0.0 1.0 0.0 0.074 0.593 0.593 0.593 2.0 0.170 0.026 1.000
0.0 1.0 0.0 0.0 0.0 0.0 0.0 0.0 1.0 0.0 0.037 0.630 0.630 0.630 1.0 0.149 0.013 1.000
0.0 0.0 0.0 1.0 0.0 0.0 0.0 0.0 0.0 0.0 0.333 0.333 0.333 0.333 2.0 0.213 0.195 1.000
0.0 0.0 0.0 1.0 0.0 0.0 0.0 0.0 0.0 0.0 0.296 0.370 0.370 0.370 2.0 0.234 0.182 1.000
0.0 1.0 0.0 0.0 0.0 0.0 0.0 0.0 0.0 0.0 0.259 0.407 0.407 0.407 1.0 0.277 0.117 1.000
0.0 0.0 0.0 1.0 0.0 0.0 0.0 0.0 0.0 0.0 0.259 0.407 0.407 0.407 2.0 0.234 0.195 1.000
0.0 0.0 0.0 0.0 0.0 0.0 0.0 1.0 0.0 0.0 0.222 0.444 0.444 0.444 2.0 0.277 0.117 1.000
0.0 0.0 0.0 0.0 0.0 0.0 0.0 1.0 1.0 0.0 0.185 0.481 0.481 0.481 2.0 0.170 0.078 1.000
0.0 1.0 0.0 0.0 0.0 0.0 0.0 0.0 0.0 0.0 0.148 0.519 0.519 0.519 1.0 0.213 0.065 1.000
0.0 0.0 0.0 0.0 0.0 0.0 1.0 0.0 0.0 0.0 0.111 0.556 0.556 0.556 2.0 0.234 0.065 1.000
0.0 1.0 0.0 0.0 0.0 0.0 0.0 0.0 0.0 0.0 0.074 0.593 0.593 0.593 2.0 0.191 0.039 1.000
0.0 0.0 0.0 0.0 0.0 0.0 1.0 0.0 1.0 0.0 0.037 0.630 0.630 0.630 2.0 0.149 0.026 1.000
0.0 0.0 0.0 1.0 0.0 0.0 0.0 0.0 0.0 0.0 0.222 0.444 0.444 0.444 2.0 0.170 0.078 1.000
1.0 0.0 0.0 0.0 0.0 0.0 0.0 0.0 0.0 0.0 0.185 0.481 0.481 0.481 2.0 0.149 0.078 1.000
0.0 1.0 0.0 0.0 0.0 0.0 0.0 0.0 0.0 0.0 0.148 0.519 0.519 0.519 2.0 0.234 0.065 1.000
0.0 1.0 0.0 0.0 0.0 0.0 0.0 0.0 0.0 0.0 0.185 0.481 0.481 0.481 2.0 0.170 0.065 1.000
0.0 1.0 0.0 0.0 0.0 0.0 0.0 0.0 0.0 0.0 0.148 0.519 0.519 0.519 1.0 0.277 0.052 1.000
0.0 1.0 0.0 0.0 0.0 0.0 0.0 0.0 0.0 0.0 0.370 0.296 0.296 0.296 1.0 0.511 0.351 0.500
0.0 0.0 0.0 0.0 0.0 0.0 0.0 1.0 0.0 0.0 0.333 0.333 0.333 0.333 2.0 0.638 0.351 1.000
0.0 0.0 0.0 0.0 0.0 1.0 0.0 0.0 0.0 0.0 0.074 0.593 0.593 0.593 2.0 0.255 0.039 1.000
0.0 0.0 0.0 0.0 0.0 1.0 0.0 0.0 1.0 0.0 0.037 0.630 0.630 0.630 2.0 0.277 0.026 1.000
0.0 0.0 0.0 1.0 0.0 0.0 0.0 0.0 0.0 0.0 0.296 0.370 0.370 0.370 2.0 0.383 0.325 1.000
0.0 0.0 0.0 0.0 0.0 0.0 1.0 0.0 0.0 0.0 0.259 0.407 0.407 0.407 2.0 0.191 0.312 1.000
0.0 0.0 0.0 0.0 0.0 0.0 0.0 1.0 0.0 0.0 0.222 0.444 0.444 0.444 2.0 0.298 0.260 1.000
0.0 0.0 0.0 0.0 0.0 0.0 0.0 1.0 0.0 0.0 0.185 0.481 0.481 0.481 2.0 0.277 0.169 1.000
0.0 1.0 0.0 0.0 0.0 0.0 0.0 0.0 0.0 0.0 0.111 0.556 0.556 0.556 2.0 0.149 0.039 1.000
0.0 0.0 1.0 0.0 0.0 0.0 0.0 0.0 1.0 0.0 0.074 0.593 0.593 0.593 2.0 0.319 0.026 1.000
0.0 0.0 0.0 0.0 0.0 0.0 1.0 0.0 0.0 0.0 0.148 0.519 0.519 0.519 2.0 0.298 0.130 1.000
0.0 0.0 0.0 0.0 0.0 0.0 1.0 0.0 0.0 0.0 0.111 0.556 0.556 0.556 2.0 0.213 0.065 1.000
0.0 1.0 0.0 0.0 0.0 0.0 0.0 0.0 0.0 0.0 0.074 0.593 0.593 0.593 2.0 0.149 0.026 1.000
0.0 1.0 0.0 0.0 0.0 0.0 0.0 0.0 1.0 0.0 0.037 0.630 0.630 0.630 1.0 0.170 0.013 1.000
0.0 0.0 0.0 0.0 0.0 0.0 1.0 0.0 0.0 0.0 0.111 0.556 0.556 0.556 2.0 0.213 0.065 1.000
0.0 0.0 0.0 0.0 0.0 0.0 1.0 0.0 1.0 0.0 0.037 0.630 0.630 0.630 2.0 0.149 0.026 1.000
0.0 0.0 0.0 0.0 0.0 0.0 0.0 1.0 1.0 0.0 0.074 0.593 0.593 0.593 2.0 0.234 0.039 1.000
0.0 1.0 0.0 0.0 0.0 0.0 0.0 0.0 0.0 0.0 0.111 0.556 0.556 0.556 2.0 0.128 0.052 1.000
0.0 1.0 0.0 0.0 0.0 0.0 0.0 0.0 0.0 0.0 0.074 0.593 0.593 0.593 2.0 0.191 0.039 1.000
0.0 0.0 0.0 1.0 0.0 0.0 0.0 0.0 0.0 0.0 0.185 0.481 0.481 0.481 2.0 0.511 0.091 0.500
0.0 1.0 0.0 0.0 0.0 0.0 0.0 0.0 0.0 0.0 0.148 0.519 0.519 0.519 1.0 0.447 0.052 1.000
0.0 0.0 0.0 0.0 0.0 1.0 0.0 0.0 1.0 0.0 0.111 0.556 0.556 0.556 3.0 0.319 0.052 1.000
0.0 1.0 0.0 0.0 0.0 0.0 0.0 0.0 1.0 0.0 0.037 0.630 0.630 0.630 1.0 0.191 0.013 1.000
0.0 1.0 0.0 0.0 0.0 0.0 0.0 0.0 0.0 0.0 0.148 0.519 0.519 0.519 2.0 0.213 0.078 0.500
0.0 0.0 0.0 0.0 0.0 1.0 0.0 0.0 1.0 0.0 0.111 0.556 0.556 0.556 4.0 0.553 0.065 0.500
0.0 0.0 0.0 0.0 0.0 1.0 0.0 0.0 0.0 0.0 0.074 0.593 0.593 0.593 2.0 0.319 0.026 1.000
0.0 1.0 0.0 0.0 0.0 0.0 0.0 0.0 1.0 0.0 0.037 0.630 0.630 0.630 1.0 0.213 0.013 1.000
0.0 0.0 0.0 0.0 0.0 0.0 1.0 0.0 1.0 0.0 0.481 0.185 0.185 0.185 2.0 0.894 0.312 1.000
0.0 1.0 0.0 0.0 0.0 0.0 0.0 0.0 0.0 0.0 0.444 0.222 0.222 0.222 2.0 0.255 0.299 1.000
0.0 1.0 0.0 0.0 0.0 0.0 0.0 0.0 0.0 0.0 0.407 0.259 0.259 0.259 1.0 0.149 0.286 1.000
0.0 0.0 0.0 1.0 0.0 0.0 0.0 0.0 0.0 0.0 0.370 0.296 0.296 0.296 2.0 0.340 0.286 1.000
0.0 0.0 0.0 0.0 0.0 0.0 1.0 0.0 0.0 0.0 0.333 0.333 0.333 0.333 2.0 0.255 0.273 1.000
0.0 0.0 0.0 0.0 0.0 0.0 0.0 1.0 0.0 0.0 0.185 0.481 0.481 0.481 2.0 0.319 0.130 1.000
0.0 0.0 0.0 0.0 0.0 0.0 0.0 1.0 0.0 0.0 0.111 0.556 0.556 0.556 2.0 0.340 0.052 1.000
0.0 0.0 0.0 0.0 0.0 0.0 1.0 0.0 1.0 0.0 0.037 0.630 0.630 0.630 2.0 0.191 0.026 1.000
0.0 1.0 0.0 0.0 0.0 0.0 0.0 0.0 0.0 0.0 0.074 0.593 0.593 0.593 2.0 0.191 0.026 1.000
0.0 1.0 0.0 0.0 0.0 0.0 0.0 0.0 1.0 0.0 0.037 0.630 0.630 0.630 1.0 0.170 0.013 1.000
0.0 0.0 0.0 0.0 0.0 0.0 0.0 1.0 0.0 0.0 0.148 0.519 0.519 0.519 2.0 0.234 0.078 1.000
0.0 0.0 0.0 0.0 0.0 1.0 0.0 0.0 0.0 0.0 0.111 0.556 0.556 0.556 2.0 0.234 0.039 1.000
0.0 1.0 0.0 0.0 0.0 0.0 0.0 0.0 1.0 0.0 0.037 0.630 0.630 0.630 1.0 0.213 0.013 1.000
0.0 0.0 0.0 1.0 0.0 0.0 0.0 0.0 0.0 0.0 0.074 0.593 0.593 0.593 2.0 0.447 0.026 1.000
0.0 1.0 0.0 0.0 0.0 0.0 0.0 0.0 1.0 0.0 0.037 0.630 0.630 0.630 1.0 0.213 0.013 1.000
0.0 0.0 0.0 0.0 0.0 0.0 1.0 0.0 1.0 0.0 0.074 0.593 0.593 0.593 2.0 0.170 0.039 1.000
0.0 0.0 0.0 0.0 0.0 0.0 1.0 0.0 1.0 0.0 0.037 0.630 0.630 0.630 2.0 0.085 0.026 1.000
0.0 0.0 0.0 0.0 0.0 0.0 0.0 1.0 0.0 0.0 0.296 0.370 0.370 0.370 2.0 0.170 0.143 1.000
0.0 1.0 0.0 0.0 0.0 0.0 0.0 0.0 0.0 0.0 0.074 0.593 0.593 0.593 2.0 0.149 0.039 1.000
0.0 1.0 0.0 0.0 0.0 0.0 0.0 0.0 1.0 0.0 0.037 0.630 0.630 0.630 2.0 0.191 0.026 1.000
0.0 1.0 0.0 0.0 0.0 0.0 0.0 0.0 0.0 0.0 0.259 0.407 0.407 0.407 2.0 0.149 0.104 1.000
0.0 1.0 0.0 0.0 0.0 0.0 0.0 0.0 0.0 0.0 0.222 0.444 0.444 0.444 1.0 0.255 0.091 1.000
0.0 0.0 0.0 0.0 0.0 0.0 1.0 0.0 0.0 0.0 0.185 0.481 0.481 0.481 2.0 0.426 0.091 1.000
0.0 0.0 0.0 1.0 0.0 0.0 0.0 0.0 0.0 0.0 0.148 0.519 0.519 0.519 3.0 0.255 0.078 1.000
0.0 1.0 0.0 0.0 0.0 0.0 0.0 0.0 1.0 0.0 0.037 0.630 0.630 0.630 2.0 0.106 0.026 1.000
1.0 0.0 0.0 0.0 0.0 0.0 0.0 0.0 1.0 0.0 0.111 0.556 0.556 0.556 3.0 0.191 0.052 1.000
0.0 0.0 0.0 1.0 0.0 0.0 0.0 0.0 0.0 0.0 0.111 0.556 0.556 0.556 2.0 0.234 0.065 1.000
0.0 1.0 0.0 0.0 0.0 0.0 0.0 0.0 0.0 0.0 0.074 0.593 0.593 0.593 2.0 0.106 0.039 1.000
0.0 1.0 0.0 0.0 0.0 0.0 0.0 0.0 1.0 0.0 0.037 0.630 0.630 0.630 2.0 0.064 0.026 1.000
0.0 1.0 0.0 0.0 0.0 0.0 0.0 0.0 0.0 0.0 0.407 0.259 0.259 0.259 1.0 1.000 0.234 1.000
0.0 0.0 0.0 0.0 0.0 0.0 0.0 1.0 0.0 0.0 0.370 0.296 0.296 0.296 2.0 0.660 0.234 1.000
0.0 1.0 0.0 0.0 0.0 0.0 0.0 0.0 0.0 0.0 0.333 0.333 0.333 0.333 2.0 0.255 0.221 1.000
0.0 0.0 0.0 0.0 0.0 1.0 0.0 0.0 1.0 0.0 0.296 0.370 0.370 0.370 2.0 0.255 0.208 1.000
0.0 0.0 0.0 0.0 0.0 0.0 1.0 0.0 0.0 0.0 0.259 0.407 0.407 0.407 2.0 0.298 0.195 1.000
0.0 0.0 0.0 0.0 0.0 0.0 1.0 0.0 0.0 0.0 0.185 0.481 0.481 0.481 2.0 0.170 0.078 1.000
0.0 1.0 0.0 0.0 0.0 0.0 0.0 0.0 1.0 0.0 0.037 0.630 0.630 0.630 2.0 0.085 0.026 1.000
0.0 1.0 0.0 0.0 0.0 0.0 0.0 0.0 0.0 0.0 0.148 0.519 0.519 0.519 2.0 0.128 0.052 1.000
0.0 0.0 0.0 0.0 0.0 0.0 0.0 1.0 1.0 0.0 0.111 0.556 0.556 0.556 2.0 0.106 0.039 1.000
0.0 0.0 0.0 0.0 0.0 0.0 0.0 1.0 1.0 0.0 0.074 0.593 0.593 0.593 2.0 0.128 0.026 1.000
0.0 1.0 0.0 0.0 0.0 0.0 0.0 0.0 1.0 0.0 0.037 0.630 0.630 0.630 1.0 0.234 0.013 1.000
0.0 0.0 0.0 0.0 0.0 0.0 0.0 1.0 0.0 0.0 0.222 0.444 0.444 0.444 2.0 0.277 0.117 1.000
0.0 1.0 0.0 0.0 0.0 0.0 0.0 0.0 0.0 0.0 0.074 0.593 0.593 0.593 1.0 0.319 0.026 1.000
0.0 1.0 0.0 0.0 0.0 0.0 0.0 0.0 1.0 0.0 0.037 0.630 0.630 0.630 2.0 0.277 0.026 1.000
0.0 0.0 0.0 0.0 0.0 0.0 1.0 0.0 0.0 0.0 0.185 0.481 0.481 0.481 2.0 0.191 0.091 1.000
0.0 0.0 1.0 0.0 0.0 0.0 0.0 0.0 1.0 0.0 0.074 0.593 0.593 0.593 3.0 0.340 0.039 1.000
0.0 1.0 0.0 0.0 0.0 0.0 0.0 0.0 1.0 0.0 0.037 0.630 0.630 0.630 1.0 0.830 0.013 1.000
0.0 0.0 0.0 1.0 0.0 0.0 0.0 0.0 0.0 0.0 0.148 0.519 0.519 0.519 2.0 0.234 0.052 1.000
0.0 0.0 0.0 0.0 1.0 0.0 0.0 0.0 0.0 0.0 0.074 0.593 0.593 0.593 2.0 0.447 0.039 1.000
0.0 1.0 0.0 0.0 0.0 0.0 0.0 0.0 0.0 0.0 0.111 0.556 0.556 0.556 2.0 0.170 0.052 1.000
0.0 0.0 0.0 1.0 0.0 0.0 0.0 0.0 0.0 0.0 0.074 0.593 0.593 0.593 2.0 0.383 0.039 1.000
0.0 1.0 0.0 0.0 0.0 0.0 0.0 0.0 1.0 0.0 0.037 0.630 0.630 0.630 1.0 0.277 0.013 1.000
0.0 1.0 0.0 0.0 0.0 0.0 0.0 0.0 1.0 0.0 0.037 0.630 0.630 0.630 2.0 0.340 0.026 1.000
0.0 0.0 0.0 1.0 0.0 0.0 0.0 0.0 1.0 0.0 0.111 0.556 0.556 0.556 2.0 0.340 0.039 1.000
0.0 0.0 0.0 1.0 0.0 0.0 0.0 0.0 1.0 0.0 0.074 0.593 0.593 0.593 2.0 0.340 0.026 1.000
0.0 1.0 0.0 0.0 0.0 0.0 0.0 0.0 1.0 0.0 0.037 0.630 0.630 0.630 1.0 0.553 0.013 1.000
