0.0 0.0 0.0 0.0 0.0 0.0 1.0 0.0 1.0 0.0 0.750 0.000 0.000 0.000 2.0 0.082 0.935 0.000
0.0 0.0 0.0 0.0 0.0 1.0 0.0 0.0 0.0 0.0 0.708 0.000 0.000 0.000 2.0 0.408 0.935 0.000
0.0 0.0 0.0 0.0 0.0 0.0 1.0 0.0 1.0 0.0 0.750 0.000 0.000 0.000 2.0 0.082 0.935 0.000
0.0 0.0 0.0 0.0 0.0 1.0 0.0 0.0 0.0 0.0 0.708 0.000 0.000 0.000 2.0 0.408 0.935 0.000
0.0 0.0 0.0 0.0 0.0 0.0 1.0 0.0 1.0 0.0 0.750 0.000 0.000 0.000 2.0 0.082 0.935 0.000
0.0 0.0 0.0 0.0 0.0 1.0 0.0 0.0 0.0 0.0 0.708 0.000 0.000 0.000 2.0 0.469 0.935 0.000
0.0 0.0 0.0 0.0 0.0 0.0 1.0 0.0 1.0 1.0 0.750 0.000 0.000 0.000 2.0 0.082 0.935 0.200
0.0 0.0 0.0 0.0 0.0 1.0 0.0 0.0 0.0 0.0 0.708 0.042 0.042 0.042 2.0 0.347 0.935 0.200
0.0 0.0 0.0 1.0 0.0 0.0 0.0 0.0 0.0 0.0 0.667 0.083 0.083 0.083 4.0 0.653 0.935 0.200
0.0 0.0 0.0 0.0 0.0 1.0 0.0 0.0 0.0 0.0 0.625 0.125 0.125 0.125 2.0 0.449 0.390 0.200
0.0 1.0 0.0 0.0 0.0 0.0 0.0 0.0 0.0 0.0 0.458 0.292 0.292 0.292 2.0 0.224 0.234 0.200
0.0 1.0 0.0 0.0 0.0 0.0 0.0 0.0 0.0 0.0 0.542 0.208 0.208 0.208 2.0 0.306 0.247 0.200
0.0 0.0 0.0 0.0 0.0 0.0 1.0 0.0 0.0 0.0 0.708 0.000 0.000 0.000 2.0 0.102 0.935 0.000
0.0 1.0 0.0 0.0 0.0 0.0 0.0 0.0 1.0 0.0 0.042 0.000 0.000 0.000 2.0 0.061 0.026 0.000
0.0 0.0 0.0 0.0 0.0 1.0 0.0 0.0 0.0 0.0 0.667 0.000 0.000 0.000 2.0 0.449 0.922 0.000
0.0 0.0 0.0 0.0 0.0 0.0 1.0 0.0 1.0 0.0 0.708 0.000 0.000 0.000 2.0 0.082 0.922 0.000
0.0 0.0 0.0 0.0 0.0 1.0 0.0 0.0 0.0 0.0 0.667 0.000 0.000 0.000 2.0 0.429 0.922 0.000
0.0 0.0 0.0 0.0 0.0 1.0 0.0 0.0 0.0 0.0 0.750 0.000 0.000 0.000 2.0 0.102 0.935 0.000
0.0 1.0 0.0 0.0 0.0 0.0 0.0 0.0 0.0 0.0 0.708 0.000 0.000 0.000 2.0 0.143 0.935 0.000
0.0 0.0 0.0 0.0 0.0 1.0 0.0 0.0 0.0 0.0 0.667 0.000 0.000 0.000 3.0 0.510 0.922 0.000
0.0 1.0 0.0 0.0 0.0 0.0 0.0 0.0 1.0 0.0 0.042 0.000 0.000 0.000 1.0 0.102 0.013 0.000
0.0 0.0 0.0 0.0 0.0 1.0 0.0 0.0 1.0 0.0 0.708 0.000 0.000 0.000 2.0 0.122 0.922 0.000
0.0 0.0 0.0 0.0 0.0 1.0 0.0 0.0 0.0 0.0 0.667 0.000 0.000 0.000 2.0 0.490 0.922 0.000
0.0 0.0 0.0 1.0 0.0 0.0 0.0 0.0 0.0 0.0 0.750 0.000 0.000 0.000 2.0 0.122 0.935 0.000
0.0 1.0 0.0 0.0 0.0 0.0 0.0 0.0 0.0 0.0 0.083 0.000 0.000 0.000 2.0 0.122 0.026 0.000
0.0 0.0 0.0 0.0 0.0 0.0 1.0 0.0 0.0 0.0 0.708 0.000 0.000 0.000 2.0 0.163 0.935 0.000
0.0 0.0 0.0 0.0 0.0 1.0 0.0 0.0 0.0 0.0 0.667 0.000 0.000 0.000 2.0 0.408 0.922 0.000
0.0 0.0 0.0 1.0 0.0 0.0 0.0 0.0 0.0 0.0 0.625 0.000 0.000 0.000 4.0 0.898 0.922 0.000
0.0 0.0 0.0 0.0 0.0 1.0 0.0 0.0 0.0 0.0 0.542 0.000 0.000 0.000 2.0 0.469 0.390 0.000
0.0 1.0 0.0 0.0 0.0 0.0 0.0 0.0 0.0 0.0 0.500 0.000 0.000 0.000 2.0 0.224 0.234 0.000
1.0 0.0 0.0 0.0 0.0 0.0 0.0 0.0 0.0 0.0 0.083 0.000 0.000 0.000 2.0 0.143 0.026 0.000
0.0 0.0 0.0 0.0 0.0 0.0 1.0 0.0 1.0 0.0 0.792 0.000 0.000 0.000 2.0 0.082 0.948 0.000
0.0 0.0 0.0 0.0 0.0 1.0 0.0 0.0 0.0 0.0 0.750 0.000 0.000 0.000 2.0 0.347 0.948 0.000
0.0 0.0 0.0 0.0 0.0 0.0 1.0 0.0 1.0 0.0 0.792 0.000 0.000 0.000 2.0 0.082 0.948 0.000
0.0 0.0 0.0 0.0 0.0 1.0 0.0 0.0 0.0 0.0 0.750 0.000 0.000 0.000 2.0 0.347 0.948 0.000
0.0 0.0 0.0 0.0 0.0 0.0 1.0 0.0 1.0 1.0 0.792 0.000 0.000 0.000 2.0 0.082 0.948 0.200
0.0 0.0 0.0 0.0 0.0 1.0 0.0 0.0 0.0 0.0 0.750 0.042 0.042 0.042 2.0 0.408 0.948 0.200
0.0 0.0 0.0 0.0 0.0 0.0 1.0 0.0 0.0 0.0 0.792 0.000 0.000 0.000 2.0 0.102 0.961 0.000
0.0 1.0 0.0 0.0 0.0 0.0 0.0 0.0 1.0 0.0 0.042 0.000 0.000 0.000 2.0 0.061 0.026 0.000
0.0 0.0 0.0 0.0 0.0 1.0 0.0 0.0 0.0 0.0 0.750 0.000 0.000 0.000 2.0 0.306 0.948 0.000
0.0 1.0 0.0 0.0 0.0 0.0 0.0 0.0 0.0 0.0 0.708 0.083 0.083 0.083 2.0 0.367 0.948 0.200
0.0 0.0 0.0 1.0 0.0 0.0 0.0 0.0 0.0 0.0 0.667 0.125 0.125 0.125 4.0 0.571 0.935 0.200
0.0 0.0 0.0 0.0 0.0 1.0 0.0 0.0 0.0 0.0 0.625 0.167 0.167 0.167 2.0 0.204 0.429 0.200
0.0 1.0 0.0 0.0 0.0 0.0 0.0 0.0 0.0 0.0 0.542 0.250 0.250 0.250 2.0 0.204 0.247 0.200
0.0 1.0 0.0 0.0 0.0 0.0 0.0 0.0 0.0 0.0 0.583 0.208 0.208 0.208 2.0 0.224 0.260 0.200
0.0 0.0 0.0 0.0 0.0 0.0 1.0 0.0 1.0 0.0 0.792 0.000 0.000 0.000 2.0 0.082 0.935 0.000
0.0 0.0 0.0 0.0 0.0 1.0 0.0 0.0 0.0 0.0 0.750 0.000 0.000 0.000 2.0 0.408 0.935 0.000
0.0 0.0 0.0 0.0 0.0 0.0 1.0 0.0 1.0 0.0 0.792 0.000 0.000 0.000 2.0 0.082 0.935 0.000
0.0 0.0 0.0 0.0 0.0 1.0 0.0 0.0 0.0 0.0 0.750 0.000 0.000 0.000 2.0 0.408 0.935 0.000
0.0 0.0 0.0 0.0 0.0 0.0 1.0 0.0 1.0 0.0 0.792 0.000 0.000 0.000 2.0 0.082 0.935 0.000
0.0 0.0 0.0 0.0 0.0 1.0 0.0 0.0 0.0 0.0 0.750 0.000 0.000 0.000 2.0 0.469 0.935 0.000
0.0 0.0 0.0 0.0 0.0 0.0 1.0 0.0 1.0 0.0 0.792 0.000 0.000 0.000 2.0 0.082 0.935 0.000
0.0 0.0 0.0 0.0 0.0 1.0 0.0 0.0 0.0 0.0 0.750 0.000 0.000 0.000 2.0 0.347 0.935 0.000
0.0 0.0 0.0 1.0 0.0 0.0 0.0 0.0 0.0 0.0 0.708 0.000 0.000 0.000 4.0 0.735 0.935 0.000
0.0 0.0 0.0 0.0 0.0 1.0 0.0 0.0 0.0 0.0 0.667 0.000 0.000 0.000 2.0 0.265 0.403 0.000
0.0 1.0 0.0 0.0 0.0 0.0 0.0 0.0 0.0 0.0 0.625 0.000 0.000 0.000 2.0 0.306 0.234 0.000
0.0 1.0 0.0 0.0 0.0 0.0 0.0 0.0 0.0 0.0 0.542 0.000 0.000 0.000 2.0 0.265 0.260 0.000
0.0 0.0 0.0 1.0 0.0 0.0 0.0 0.0 0.0 0.0 0.583 0.167 0.208 0.188 4.0 1.000 0.714 0.400
0.0 0.0 0.0 1.0 0.0 0.0 0.0 0.0 0.0 0.0 0.542 0.208 0.250 0.229 4.0 0.694 0.636 0.400
0.0 1.0 0.0 0.0 0.0 0.0 0.0 0.0 0.0 0.0 0.500 0.250 0.292 0.271 2.0 0.245 0.234 0.400
0.0 1.0 0.0 0.0 0.0 0.0 0.0 0.0 0.0 0.0 0.417 0.333 0.375 0.354 2.0 0.245 0.247 0.400
0.0 0.0 0.0 1.0 0.0 0.0 0.0 0.0 0.0 0.0 0.500 0.250 0.292 0.271 4.0 0.653 0.623 0.400
0.0 1.0 0.0 0.0 0.0 0.0 0.0 0.0 0.0 0.0 0.417 0.333 0.375 0.354 2.0 0.245 0.247 0.400
0.0 0.0 0.0 1.0 0.0 0.0 0.0 0.0 0.0 0.0 0.500 0.250 0.292 0.271 4.0 0.592 0.636 0.400
0.0 1.0 0.0 0.0 0.0 0.0 0.0 0.0 0.0 0.0 0.417 0.333 0.375 0.354 2.0 0.388 0.208 0.400
0.0 1.0 0.0 0.0 0.0 0.0 0.0 0.0 0.0 0.0 0.458 0.292 0.333 0.312 2.0 0.306 0.247 0.400
0.0 0.0 0.0 1.0 0.0 0.0 0.0 0.0 0.0 0.0 0.542 0.208 0.250 0.229 4.0 0.429 0.649 0.400
0.0 1.0 0.0 0.0 0.0 0.0 0.0 0.0 0.0 0.0 0.417 0.333 0.375 0.354 2.0 0.388 0.208 0.400
0.0 1.0 0.0 0.0 0.0 0.0 0.0 0.0 0.0 0.0 0.500 0.250 0.292 0.271 2.0 0.245 0.234 0.400
0.0 1.0 0.0 0.0 0.0 0.0 0.0 0.0 0.0 0.0 0.458 0.292 0.333 0.312 2.0 0.306 0.247 0.400
0.0 0.0 0.0 0.0 0.0 0.0 1.0 0.0 1.0 0.0 0.958 0.000 0.000 0.000 2.0 0.082 0.974 0.000
0.0 0.0 0.0 0.0 0.0 1.0 0.0 0.0 0.0 0.0 0.917 0.000 0.000 0.000 2.0 0.408 0.974 0.000
0.0 0.0 0.0 0.0 0.0 0.0 1.0 0.0 1.0 1.0 0.958 0.000 0.000 0.000 2.0 0.082 0.974 0.200
0.0 0.0 0.0 0.0 0.0 1.0 0.0 0.0 0.0 0.0 0.917 0.042 0.042 0.042 2.0 0.408 0.974 0.200
0.0 0.0 0.0 0.0 0.0 0.0 1.0 0.0 1.0 0.0 0.958 0.000 0.000 0.000 2.0 0.082 0.974 0.000
0.0 0.0 0.0 0.0 0.0 1.0 0.0 0.0 0.0 0.0 0.917 0.000 0.000 0.000 2.0 0.367 0.974 0.000
0.0 0.0 0.0 0.0 0.0 0.0 1.0 0.0 1.0 0.0 0.958 0.000 0.000 0.000 2.0 0.082 0.974 0.000
0.0 0.0 0.0 0.0 0.0 1.0 0.0 0.0 0.0 0.0 0.917 0.000 0.000 0.000 2.0 0.327 0.974 0.000
0.0 0.0 0.0 1.0 0.0 0.0 0.0 0.0 0.0 0.0 0.875 0.083 0.083 0.083 3.0 0.510 0.974 0.200
0.0 0.0 0.0 0.0 0.0 1.0 0.0 0.0 0.0 0.0 0.458 0.500 0.500 0.500 3.0 0.796 0.506 0.200
0.0 1.0 0.0 0.0 0.0 0.0 0.0 0.0 0.0 0.0 0.375 0.583 0.583 0.583 2.0 0.367 0.247 0.200
0.0 0.0 0.0 0.0 0.0 0.0 1.0 0.0 0.0 0.0 0.958 0.000 0.000 0.000 2.0 0.102 1.000 0.000
0.0 1.0 0.0 0.0 0.0 0.0 0.0 0.0 1.0 0.0 0.042 0.000 0.000 0.000 2.0 0.061 0.026 0.000
0.0 0.0 0.0 0.0 0.0 1.0 0.0 0.0 0.0 0.0 0.917 0.000 0.000 0.000 2.0 0.469 0.987 0.000
0.0 0.0 0.0 0.0 0.0 1.0 0.0 0.0 0.0 0.0 1.000 0.000 0.000 0.000 2.0 0.102 1.000 0.000
0.0 1.0 0.0 0.0 0.0 0.0 0.0 0.0 0.0 0.0 0.958 0.000 0.000 0.000 2.0 0.143 1.000 0.000
0.0 0.0 0.0 0.0 0.0 1.0 0.0 0.0 0.0 0.0 0.917 0.000 0.000 0.000 3.0 0.469 0.987 0.000
0.0 1.0 0.0 0.0 0.0 0.0 0.0 0.0 1.0 0.0 0.042 0.000 0.000 0.000 1.0 0.102 0.013 0.000
0.0 0.0 0.0 0.0 0.0 1.0 0.0 0.0 1.0 0.0 0.958 0.000 0.000 0.000 2.0 0.122 0.987 0.000
0.0 0.0 0.0 0.0 0.0 1.0 0.0 0.0 0.0 0.0 0.917 0.000 0.000 0.000 2.0 0.449 0.987 0.000
0.0 0.0 0.0 1.0 0.0 0.0 0.0 0.0 0.0 0.0 1.000 0.000 0.000 0.000 2.0 0.122 1.000 0.000
0.0 1.0 0.0 0.0 0.0 0.0 0.0 0.0 0.0 0.0 0.083 0.000 0.000 0.000 2.0 0.102 0.026 0.000
0.0 0.0 0.0 0.0 0.0 0.0 1.0 0.0 0.0 0.0 0.958 0.000 0.000 0.000 2.0 0.163 1.000 0.000
0.0 0.0 0.0 0.0 0.0 1.0 0.0 0.0 0.0 0.0 0.917 0.000 0.000 0.000 2.0 0.449 0.987 0.000
1.0 0.0 0.0 0.0 0.0 0.0 0.0 0.0 0.0 0.0 0.083 0.000 0.000 0.000 2.0 0.122 0.026 0.000
0.0 1.0 0.0 0.0 0.0 0.0 0.0 0.0 1.0 0.0 0.042 0.000 0.000 0.000 1.0 0.102 0.013 0.000
0.0 0.0 0.0 0.0 0.0 0.0 1.0 0.0 0.0 0.0 0.958 0.000 0.000 0.000 2.0 0.102 1.000 0.000
0.0 0.0 0.0 0.0 0.0 1.0 0.0 0.0 0.0 0.0 0.917 0.000 0.000 0.000 2.0 0.388 0.987 0.000
0.0 0.0 0.0 1.0 0.0 0.0 0.0 0.0 0.0 0.0 0.875 0.000 0.000 0.000 4.0 0.592 0.987 0.000
0.0 0.0 0.0 0.0 0.0 1.0 0.0 0.0 0.0 0.0 0.417 0.000 0.000 0.000 2.0 0.673 0.364 0.000
0.0 1.0 0.0 0.0 0.0 0.0 0.0 0.0 0.0 0.0 0.500 0.000 0.000 0.000 2.0 0.347 0.247 0.000
0.0 1.0 0.0 0.0 0.0 0.0 0.0 0.0 0.0 0.0 0.458 0.292 0.333 0.312 1.0 0.592 0.234 0.400
0.0 1.0 0.0 0.0 0.0 0.0 0.0 0.0 0.0 0.0 0.458 0.000 0.000 0.000 2.0 0.408 0.234 0.000
0.0 1.0 0.0 0.0 0.0 0.0 0.0 0.0 1.0 0.0 0.042 0.000 0.000 0.000 2.0 0.061 0.026 0.000
0.0 0.0 0.0 0.0 0.0 0.0 1.0 0.0 0.0 1.0 0.958 0.000 0.000 0.000 2.0 0.102 1.000 0.200
0.0 1.0 0.0 0.0 0.0 0.0 0.0 0.0 1.0 0.0 0.042 0.917 0.917 0.917 2.0 0.061 0.026 0.200
0.0 0.0 0.0 0.0 0.0 1.0 0.0 0.0 0.0 0.0 0.917 0.042 0.042 0.042 2.0 0.449 0.987 0.200
0.0 0.0 0.0 0.0 0.0 0.0 1.0 0.0 1.0 0.0 0.958 0.000 0.000 0.000 2.0 0.082 0.987 0.000
0.0 0.0 0.0 0.0 0.0 1.0 0.0 0.0 0.0 0.0 0.917 0.000 0.000 0.000 2.0 0.429 0.987 0.000
0.0 0.0 0.0 0.0 0.0 0.0 1.0 0.0 1.0 0.0 0.958 0.000 0.000 0.000 2.0 0.082 0.987 0.000
0.0 0.0 0.0 0.0 0.0 1.0 0.0 0.0 0.0 0.0 0.917 0.000 0.000 0.000 2.0 0.388 0.987 0.000
0.0 0.0 0.0 0.0 0.0 0.0 1.0 0.0 1.0 0.0 0.958 0.000 0.000 0.000 2.0 0.082 0.987 0.000
0.0 0.0 0.0 0.0 0.0 1.0 0.0 0.0 0.0 0.0 0.917 0.000 0.000 0.000 2.0 0.347 0.987 0.000
0.0 0.0 0.0 1.0 0.0 0.0 0.0 0.0 0.0 0.0 0.875 0.083 0.083 0.083 4.0 0.735 0.987 0.200
0.0 0.0 0.0 0.0 0.0 1.0 0.0 0.0 0.0 0.0 0.458 0.500 0.500 0.500 2.0 0.265 0.390 0.200
0.0 1.0 0.0 0.0 0.0 0.0 0.0 0.0 0.0 0.0 0.417 0.542 0.542 0.542 2.0 0.204 0.247 0.200
0.0 1.0 0.0 0.0 0.0 0.0 0.0 0.0 0.0 0.0 0.417 0.542 0.542 0.542 2.0 0.347 0.208 0.200
0.0 0.0 0.0 0.0 0.0 0.0 1.0 0.0 1.0 0.0 0.958 0.000 0.000 0.000 2.0 0.082 0.987 0.000
0.0 0.0 0.0 0.0 0.0 1.0 0.0 0.0 0.0 0.0 0.917 0.000 0.000 0.000 2.0 0.429 0.987 0.000
0.0 0.0 0.0 0.0 0.0 0.0 1.0 0.0 1.0 0.0 0.958 0.000 0.000 0.000 2.0 0.082 0.987 0.000
0.0 0.0 0.0 0.0 0.0 1.0 0.0 0.0 0.0 0.0 0.917 0.000 0.000 0.000 2.0 0.429 0.987 0.000
0.0 0.0 0.0 0.0 0.0 0.0 1.0 0.0 1.0 0.0 0.958 0.000 0.000 0.000 2.0 0.082 0.987 0.000
0.0 0.0 0.0 0.0 0.0 1.0 0.0 0.0 0.0 0.0 0.917 0.000 0.000 0.000 2.0 0.388 0.987 0.000
0.0 0.0 0.0 0.0 0.0 0.0 1.0 0.0 0.0 1.0 0.958 0.000 0.000 0.000 2.0 0.102 1.000 0.200
0.0 1.0 0.0 0.0 0.0 0.0 0.0 0.0 1.0 0.0 0.042 0.917 0.917 0.917 2.0 0.061 0.026 0.200
0.0 0.0 0.0 0.0 0.0 1.0 0.0 0.0 0.0 0.0 0.917 0.042 0.042 0.042 2.0 0.367 0.987 0.200
0.0 0.0 0.0 1.0 0.0 0.0 0.0 0.0 0.0 0.0 0.875 0.083 0.083 0.083 4.0 0.735 0.987 0.200
0.0 0.0 0.0 0.0 0.0 1.0 0.0 0.0 0.0 0.0 0.542 0.417 0.417 0.417 2.0 0.265 0.377 0.200
0.0 1.0 0.0 0.0 0.0 0.0 0.0 0.0 0.0 0.0 0.500 0.458 0.458 0.458 2.0 0.204 0.234 0.200
0.0 1.0 0.0 0.0 0.0 0.0 0.0 0.0 0.0 0.0 0.458 0.292 0.500 0.406 1.0 0.612 0.221 0.800
0.0 0.0 0.0 0.0 0.0 0.0 1.0 0.0 0.0 0.0 0.417 0.333 0.542 0.467 2.0 0.735 0.221 1.000
0.0 0.0 0.0 0.0 0.0 0.0 1.0 0.0 0.0 0.0 0.083 0.667 0.875 0.800 2.0 0.265 0.052 1.000
0.0 0.0 0.0 0.0 0.0 0.0 1.0 0.0 1.0 0.0 0.042 0.708 0.917 0.842 2.0 0.082 0.026 1.000
0.0 0.0 0.0 0.0 0.0 0.0 1.0 0.0 1.0 0.0 0.042 0.708 0.917 0.842 2.0 0.082 0.026 1.000
0.0 0.0 0.0 0.0 0.0 0.0 1.0 0.0 0.0 0.0 0.375 0.375 0.583 0.508 2.0 0.347 0.169 1.000
0.0 0.0 0.0 0.0 0.0 0.0 1.0 0.0 0.0 0.0 0.333 0.417 0.625 0.550 2.0 0.163 0.104 1.000
0.0 0.0 0.0 1.0 0.0 0.0 0.0 0.0 1.0 0.0 0.042 0.708 0.917 0.842 2.0 0.082 0.026 1.000
0.0 0.0 0.0 1.0 0.0 0.0 0.0 0.0 0.0 0.0 0.292 0.458 0.667 0.592 2.0 0.184 0.078 1.000
0.0 0.0 0.0 0.0 1.0 0.0 0.0 0.0 0.0 0.0 0.208 0.542 0.750 0.675 2.0 0.184 0.065 1.000
0.0 1.0 0.0 0.0 0.0 0.0 0.0 0.0 0.0 0.0 0.250 0.500 0.708 0.633 2.0 0.143 0.078 1.000
0.0 0.0 0.0 1.0 0.0 0.0 0.0 0.0 0.0 0.0 0.208 0.542 0.750 0.675 2.0 0.163 0.065 1.000
0.0 0.0 0.0 1.0 0.0 0.0 0.0 0.0 0.0 0.0 0.167 0.583 0.792 0.717 2.0 0.204 0.039 1.000
0.0 0.0 0.0 1.0 0.0 0.0 0.0 0.0 1.0 0.0 0.083 0.667 0.875 0.800 2.0 0.143 0.026 1.000
0.0 1.0 0.0 0.0 0.0 0.0 0.0 0.0 0.0 0.0 0.125 0.625 0.833 0.758 2.0 0.143 0.039 1.000
0.0 0.0 0.0 0.0 0.0 1.0 0.0 0.0 1.0 0.0 0.083 0.667 0.875 0.800 2.0 0.102 0.026 1.000
0.0 1.0 0.0 0.0 0.0 0.0 0.0 0.0 1.0 0.0 0.042 0.708 0.917 0.842 1.0 0.102 0.013 1.000
0.0 0.0 0.0 0.0 0.0 0.0 1.0 0.0 1.0 0.0 0.042 0.708 0.917 0.842 2.0 0.122 0.026 1.000
0.0 0.0 0.0 0.0 0.0 0.0 0.0 1.0 0.0 0.0 0.125 0.625 0.833 0.758 2.0 0.184 0.065 1.000
0.0 1.0 0.0 0.0 0.0 0.0 0.0 0.0 0.0 0.0 0.417 0.542 0.542 0.542 2.0 0.347 0.208 0.200
0.0 1.0 0.0 0.0 0.0 0.0 0.0 0.0 0.0 0.0 0.375 0.375 0.583 0.508 1.0 0.796 0.195 1.000
0.0 0.0 0.0 1.0 0.0 0.0 0.0 0.0 0.0 0.0 0.333 0.417 0.625 0.550 2.0 0.490 0.195 1.000
0.0 0.0 0.0 1.0 0.0 0.0 0.0 0.0 0.0 0.0 0.250 0.500 0.708 0.633 2.0 0.245 0.182 1.000
0.0 1.0 0.0 0.0 0.0 0.0 0.0 0.0 0.0 0.0 0.292 0.458 0.667 0.592 2.0 0.163 0.195 1.000
0.0 0.0 0.0 0.0 1.0 0.0 0.0 0.0 0.0 0.0 0.250 0.500 0.708 0.633 2.0 0.204 0.182 1.000
0.0 0.0 0.0 0.0 0.0 0.0 1.0 0.0 0.0 0.0 0.125 0.625 0.833 0.758 2.0 0.184 0.052 1.000
0.0 0.0 0.0 0.0 0.0 0.0 1.0 0.0 1.0 0.0 0.042 0.708 0.917 0.842 2.0 0.102 0.026 1.000
0.0 0.0 0.0 0.0 0.0 0.0 1.0 0.0 1.0 0.0 0.083 0.667 0.875 0.800 2.0 0.163 0.026 1.000
0.0 0.0 0.0 0.0 0.0 0.0 0.0 1.0 0.0 0.0 0.208 0.542 0.750 0.675 2.0 0.245 0.130 1.000
0.0 0.0 0.0 0.0 0.0 0.0 1.0 0.0 0.0 0.0 0.083 0.667 0.875 0.800 2.0 0.184 0.052 1.000
0.0 0.0 0.0 0.0 0.0 0.0 1.0 0.0 0.0 0.0 0.167 0.583 0.792 0.717 2.0 0.204 0.078 1.000
0.0 1.0 0.0 0.0 0.0 0.0 0.0 0.0 0.0 0.0 0.125 0.625 0.833 0.758 1.0 0.143 0.026 1.000
0.0 0.0 0.0 0.0 0.0 0.0 1.0 0.0 0.0 0.0 0.083 0.667 0.875 0.800 2.0 0.143 0.052 1.000
0.0 0.0 0.0 0.0 0.0 0.0 1.0 0.0 1.0 0.0 0.042 0.708 0.917 0.842 2.0 0.143 0.026 1.000
0.0 0.0 0.0 1.0 0.0 0.0 0.0 0.0 1.0 0.0 0.042 0.708 0.917 0.842 2.0 0.082 0.026 1.000
0.0 0.0 0.0 0.0 0.0 0.0 1.0 0.0 0.0 0.0 0.417 0.333 0.542 0.467 2.0 0.837 0.234 1.000
0.0 0.0 0.0 0.0 0.0 0.0 1.0 0.0 0.0 0.0 0.375 0.375 0.583 0.508 2.0 0.327 0.143 1.000
0.0 0.0 0.0 0.0 0.0 0.0 1.0 0.0 0.0 0.0 0.333 0.417 0.625 0.550 2.0 0.163 0.104 1.000
0.0 0.0 0.0 1.0 0.0 0.0 0.0 0.0 1.0 0.0 0.042 0.708 0.917 0.842 2.0 0.082 0.026 1.000
0.0 0.0 0.0 1.0 0.0 0.0 0.0 0.0 0.0 0.0 0.292 0.458 0.667 0.592 2.0 0.184 0.078 1.000
0.0 0.0 0.0 1.0 0.0 0.0 0.0 0.0 0.0 0.0 0.208 0.542 0.750 0.675 2.0 0.163 0.065 1.000
0.0 1.0 0.0 0.0 0.0 0.0 0.0 0.0 0.0 0.0 0.250 0.500 0.708 0.633 2.0 0.143 0.078 1.000
0.0 0.0 0.0 1.0 0.0 0.0 0.0 0.0 0.0 0.0 0.208 0.542 0.750 0.675 2.0 0.163 0.065 1.000
0.0 1.0 0.0 0.0 0.0 0.0 0.0 0.0 0.0 0.0 0.167 0.583 0.792 0.717 2.0 0.163 0.065 1.000
0.0 0.0 0.0 1.0 0.0 0.0 0.0 0.0 0.0 0.0 0.125 0.625 0.833 0.758 2.0 0.143 0.052 1.000
0.0 0.0 0.0 0.0 0.0 0.0 1.0 0.0 1.0 0.0 0.042 0.708 0.917 0.842 2.0 0.122 0.026 1.000
0.0 0.0 0.0 0.0 0.0 0.0 0.0 1.0 1.0 0.0 0.083 0.667 0.875 0.800 2.0 0.184 0.026 1.000
0.0 1.0 0.0 0.0 0.0 0.0 0.0 0.0 1.0 0.0 0.042 0.708 0.917 0.842 1.0 0.163 0.013 1.000
0.0 0.0 0.0 0.0 0.0 0.0 1.0 0.0 1.0 0.0 0.083 0.667 0.875 0.800 2.0 0.163 0.039 1.000
0.0 1.0 0.0 0.0 0.0 0.0 0.0 0.0 1.0 0.0 0.042 0.708 0.917 0.842 2.0 0.082 0.026 1.000
0.0 0.0 0.0 0.0 0.0 0.0 1.0 0.0 0.0 0.0 0.167 0.583 0.792 0.717 2.0 0.306 0.091 1.000
0.0 0.0 0.0 0.0 0.0 0.0 0.0 1.0 0.0 0.0 0.125 0.625 0.833 0.758 2.0 0.184 0.065 1.000
0.0 1.0 0.0 0.0 0.0 0.0 0.0 0.0 0.0 0.0 0.375 0.375 0.583 0.490 1.0 0.612 0.234 0.800
0.0 0.0 0.0 0.0 0.0 0.0 1.0 0.0 0.0 0.0 0.333 0.417 0.625 0.550 2.0 0.714 0.234 1.000
0.0 0.0 0.0 0.0 0.0 1.0 0.0 0.0 0.0 0.0 0.292 0.458 0.667 0.592 2.0 0.327 0.078 1.000
0.0 1.0 0.0 0.0 0.0 0.0 0.0 0.0 0.0 0.0 0.250 0.500 0.708 0.633 2.0 0.143 0.078 1.000
0.0 0.0 0.0 0.0 0.0 1.0 0.0 0.0 0.0 0.0 0.208 0.542 0.750 0.675 2.0 0.163 0.065 1.000
0.0 0.0 1.0 0.0 0.0 0.0 0.0 0.0 0.0 0.0 0.208 0.542 0.750 0.675 2.0 0.184 0.065 1.000
0.0 0.0 0.0 0.0 0.0 0.0 0.0 1.0 1.0 0.0 0.042 0.708 0.917 0.842 2.0 0.122 0.026 1.000
0.0 0.0 0.0 1.0 0.0 0.0 0.0 0.0 0.0 0.0 0.167 0.583 0.792 0.717 2.0 0.204 0.039 1.000
0.0 0.0 0.0 1.0 0.0 0.0 0.0 0.0 1.0 0.0 0.083 0.667 0.875 0.800 2.0 0.143 0.026 1.000
0.0 1.0 0.0 0.0 0.0 0.0 0.0 0.0 0.0 0.0 0.125 0.625 0.833 0.758 2.0 0.143 0.039 1.000
0.0 0.0 0.0 0.0 1.0 0.0 0.0 0.0 1.0 0.0 0.083 0.667 0.875 0.800 2.0 0.102 0.026 1.000
0.0 1.0 0.0 0.0 0.0 0.0 0.0 0.0 1.0 0.0 0.042 0.708 0.917 0.842 1.0 0.102 0.013 1.000
0.0 0.0 0.0 1.0 0.0 0.0 0.0 0.0 0.0 0.0 0.292 0.458 0.667 0.592 2.0 0.327 0.156 1.000
0.0 0.0 0.0 1.0 0.0 0.0 0.0 0.0 0.0 0.0 0.208 0.542 0.750 0.675 2.0 0.184 0.143 1.000
0.0 1.0 0.0 0.0 0.0 0.0 0.0 0.0 0.0 0.0 0.250 0.500 0.708 0.633 2.0 0.143 0.156 1.000
0.0 0.0 0.0 0.0 1.0 0.0 0.0 0.0 0.0 0.0 0.208 0.542 0.750 0.675 2.0 0.163 0.143 1.000
0.0 0.0 0.0 0.0 0.0 0.0 0.0 1.0 0.0 0.0 0.167 0.583 0.792 0.717 2.0 0.224 0.117 1.000
0.0 0.0 0.0 0.0 0.0 0.0 1.0 0.0 1.0 0.0 0.083 0.667 0.875 0.800 2.0 0.122 0.039 1.000
0.0 0.0 0.0 0.0 0.0 0.0 1.0 0.0 1.0 0.0 0.042 0.708 0.917 0.842 2.0 0.061 0.026 1.000
0.0 0.0 0.0 0.0 0.0 0.0 1.0 0.0 0.0 0.0 0.125 0.625 0.833 0.758 2.0 0.224 0.078 1.000
0.0 0.0 0.0 0.0 0.0 0.0 1.0 0.0 1.0 0.0 0.083 0.667 0.875 0.800 2.0 0.163 0.039 1.000
0.0 1.0 0.0 0.0 0.0 0.0 0.0 0.0 1.0 0.0 0.042 0.708 0.917 0.842 2.0 0.082 0.026 1.000
0.0 0.0 0.0 0.0 0.0 0.0 1.0 0.0 0.0 0.0 0.083 0.667 0.875 0.800 2.0 0.143 0.039 1.000
0.0 0.0 0.0 0.0 0.0 0.0 1.0 0.0 1.0 0.0 0.042 0.708 0.917 0.842 2.0 0.143 0.026 1.000
0.0 1.0 0.0 0.0 0.0 0.0 0.0 0.0 1.0 0.0 0.042 0.708 0.917 0.842 1.0 0.082 0.013 1.000
0.0 0.0 0.0 1.0 0.0 0.0 0.0 0.0 1.0 0.0 0.042 0.708 0.917 0.842 2.0 0.122 0.026 1.000
0.0 0.0 0.0 1.0 0.0 0.0 0.0 0.0 0.0 0.0 0.833 0.125 0.125 0.125 2.0 0.776 0.779 0.600
0.0 0.0 0.0 1.0 0.0 0.0 0.0 0.0 0.0 0.0 0.792 0.167 0.167 0.167 2.0 0.367 0.740 0.600
0.0 0.0 0.0 1.0 0.0 0.0 0.0 0.0 0.0 0.0 0.750 0.208 0.208 0.208 3.0 0.245 0.649 0.600
0.0 1.0 0.0 0.0 0.0 0.0 0.0 0.0 0.0 0.0 0.667 0.292 0.292 0.292 2.0 0.204 0.571 0.600
0.0 0.0 0.0 1.0 0.0 0.0 0.0 0.0 0.0 0.0 0.667 0.292 0.292 0.292 3.0 0.224 0.571 0.600
0.0 1.0 0.0 0.0 0.0 0.0 0.0 0.0 0.0 0.0 0.500 0.458 0.458 0.458 2.0 0.327 0.247 0.600
0.0 1.0 0.0 0.0 0.0 0.0 0.0 0.0 0.0 0.0 0.583 0.375 0.375 0.375 2.0 0.245 0.260 0.600
0.0 1.0 0.0 0.0 0.0 0.0 0.0 0.0 0.0 0.0 0.625 0.333 0.333 0.333 2.0 0.327 0.234 0.600
0.0 1.0 0.0 0.0 0.0 0.0 0.0 0.0 0.0 0.0 0.708 0.250 0.250 0.250 2.0 0.204 0.571 0.600
0.0 0.0 0.0 1.0 0.0 0.0 0.0 0.0 0.0 0.0 0.792 0.167 0.167 0.167 2.0 0.367 0.714 0.600
0.0 0.0 0.0 1.0 0.0 0.0 0.0 0.0 0.0 0.0 0.750 0.208 0.208 0.208 3.0 0.245 0.623 0.600
0.0 1.0 0.0 0.0 0.0 0.0 0.0 0.0 0.0 0.0 0.667 0.292 0.292 0.292 2.0 0.204 0.571 0.600
0.0 0.0 1.0 0.0 0.0 0.0 0.0 0.0 0.0 0.0 0.625 0.333 0.333 0.333 3.0 0.286 0.558 0.600
0.0 1.0 0.0 0.0 0.0 0.0 0.0 0.0 0.0 0.0 0.500 0.458 0.458 0.458 2.0 0.347 0.247 0.600
0.0 1.0 0.0 0.0 0.0 0.0 0.0 0.0 0.0 0.0 0.583 0.375 0.375 0.375 2.0 0.265 0.260 0.600
0.0 0.0 0.0 1.0 0.0 0.0 0.0 0.0 0.0 0.0 0.625 0.333 0.333 0.333 3.0 0.490 0.545 0.600
0.0 1.0 0.0 0.0 0.0 0.0 0.0 0.0 0.0 0.0 0.542 0.417 0.417 0.417 2.0 0.286 0.260 0.600
0.0 1.0 0.0 0.0 0.0 0.0 0.0 0.0 0.0 0.0 0.708 0.250 0.250 0.250 2.0 0.204 0.571 0.600
0.0 0.0 1.0 0.0 0.0 0.0 0.0 0.0 0.0 0.0 0.667 0.292 0.292 0.292 3.0 0.327 0.558 0.600
0.0 1.0 0.0 0.0 0.0 0.0 0.0 0.0 0.0 0.0 0.542 0.417 0.417 0.417 2.0 0.245 0.247 0.600
0.0 1.0 0.0 0.0 0.0 0.0 0.0 0.0 0.0 0.0 0.500 0.250 0.458 0.383 1.0 0.612 0.234 1.000
0.0 0.0 0.0 0.0 0.0 0.0 1.0 0.0 0.0 0.0 0.458 0.292 0.500 0.425 2.0 0.694 0.234 1.000
0.0 0.0 0.0 0.0 0.0 0.0 1.0 0.0 1.0 0.0 0.042 0.708 0.917 0.842 2.0 0.306 0.026 1.000
0.0 0.0 0.0 0.0 0.0 0.0 1.0 0.0 0.0 0.0 0.417 0.333 0.542 0.467 2.0 0.367 0.208 1.000
0.0 0.0 0.0 0.0 0.0 1.0 0.0 0.0 0.0 0.0 0.375 0.375 0.583 0.508 2.0 0.184 0.169 1.000
0.0 0.0 0.0 0.0 0.0 0.0 1.0 0.0 0.0 0.0 0.333 0.417 0.625 0.550 2.0 0.143 0.169 1.000
0.0 0.0 0.0 1.0 0.0 0.0 0.0 0.0 1.0 0.0 0.042 0.708 0.917 0.842 2.0 0.082 0.026 1.000
0.0 1.0 0.0 0.0 0.0 0.0 0.0 0.0 0.0 0.0 0.292 0.458 0.667 0.592 2.0 0.163 0.143 1.000
0.0 1.0 0.0 0.0 0.0 0.0 0.0 0.0 0.0 0.0 0.292 0.458 0.667 0.592 2.0 0.163 0.143 1.000
0.0 0.0 0.0 0.0 0.0 0.0 1.0 0.0 0.0 0.0 0.250 0.500 0.708 0.633 2.0 0.286 0.130 1.000
0.0 0.0 0.0 1.0 0.0 0.0 0.0 0.0 0.0 0.0 0.167 0.583 0.792 0.717 2.0 0.163 0.039 1.000
0.0 0.0 0.0 1.0 0.0 0.0 0.0 0.0 1.0 0.0 0.083 0.667 0.875 0.800 2.0 0.122 0.026 1.000
0.0 1.0 0.0 0.0 0.0 0.0 0.0 0.0 0.0 0.0 0.125 0.625 0.833 0.758 2.0 0.122 0.039 1.000
0.0 0.0 0.0 0.0 0.0 1.0 0.0 0.0 1.0 0.0 0.083 0.667 0.875 0.800 2.0 0.102 0.026 1.000
0.0 1.0 0.0 0.0 0.0 0.0 0.0 0.0 1.0 0.0 0.042 0.708 0.917 0.842 1.0 0.102 0.013 1.000
0.0 1.0 0.0 0.0 0.0 0.0 0.0 0.0 0.0 0.0 0.542 0.208 0.417 0.342 1.0 0.755 0.247 1.000
0.0 0.0 0.0 0.0 0.0 0.0 1.0 0.0 0.0 0.0 0.500 0.250 0.458 0.383 2.0 0.612 0.247 1.000
0.0 0.0 0.0 0.0 0.0 0.0 1.0 0.0 0.0 0.0 0.458 0.292 0.500 0.425 2.0 0.327 0.195 1.000
0.0 0.0 0.0 0.0 0.0 1.0 0.0 0.0 0.0 0.0 0.417 0.333 0.542 0.467 2.0 0.184 0.156 1.000
0.0 1.0 0.0 0.0 0.0 0.0 0.0 0.0 0.0 0.0 0.375 0.375 0.583 0.508 2.0 0.143 0.156 1.000
0.0 0.0 0.0 0.0 0.0 1.0 0.0 0.0 0.0 0.0 0.333 0.417 0.625 0.550 2.0 0.245 0.143 1.000
0.0 0.0 1.0 0.0 0.0 0.0 0.0 0.0 0.0 0.0 0.333 0.417 0.625 0.550 2.0 0.265 0.143 1.000
0.0 0.0 0.0 0.0 0.0 0.0 1.0 0.0 0.0 0.0 0.125 0.625 0.833 0.758 2.0 0.265 0.065 1.000
0.0 0.0 0.0 0.0 0.0 0.0 1.0 0.0 1.0 0.0 0.042 0.708 0.917 0.842 2.0 0.122 0.026 1.000
0.0 0.0 0.0 0.0 0.0 0.0 0.0 1.0 1.0 0.0 0.083 0.667 0.875 0.800 2.0 0.143 0.039 1.000
0.0 1.0 0.0 0.0 0.0 0.0 0.0 0.0 1.0 0.0 0.042 0.708 0.917 0.842 2.0 0.061 0.026 1.000
0.0 0.0 0.0 0.0 0.0 1.0 0.0 0.0 0.0 0.0 0.167 0.583 0.792 0.717 2.0 0.163 0.039 1.000
0.0 1.0 0.0 0.0 0.0 0.0 0.0 0.0 0.0 0.0 0.125 0.625 0.833 0.758 2.0 0.122 0.039 1.000
0.0 0.0 0.0 0.0 0.0 1.0 0.0 0.0 1.0 0.0 0.083 0.667 0.875 0.800 2.0 0.102 0.026 1.000
0.0 0.0 1.0 0.0 0.0 0.0 0.0 0.0 1.0 0.0 0.083 0.667 0.875 0.800 2.0 0.122 0.026 1.000
0.0 1.0 0.0 0.0 0.0 0.0 0.0 0.0 1.0 0.0 0.042 0.708 0.917 0.842 1.0 0.102 0.013 1.000
0.0 0.0 0.0 0.0 0.0 0.0 1.0 0.0 0.0 0.0 0.083 0.667 0.875 0.800 2.0 0.265 0.052 1.000
0.0 0.0 0.0 0.0 0.0 0.0 1.0 0.0 1.0 0.0 0.042 0.708 0.917 0.842 2.0 0.143 0.026 1.000
0.0 0.0 0.0 1.0 0.0 0.0 0.0 0.0 1.0 0.0 0.042 0.708 0.917 0.842 2.0 0.082 0.026 1.000
0.0 1.0 0.0 0.0 0.0 0.0 0.0 0.0 0.0 0.0 0.625 0.333 0.333 0.333 2.0 0.347 0.234 0.600
0.0 1.0 0.0 0.0 0.0 0.0 0.0 0.0 0.0 0.0 0.583 0.167 0.375 0.323 1.0 0.816 0.221 0.800
0.0 0.0 0.0 0.0 0.0 0.0 0.0 1.0 0.0 0.0 0.542 0.208 0.417 0.342 2.0 0.551 0.221 1.000
0.0 0.0 0.0 0.0 0.0 0.0 1.0 0.0 0.0 0.0 0.500 0.250 0.458 0.383 2.0 0.245 0.195 1.000
0.0 0.0 0.0 0.0 0.0 0.0 1.0 0.0 1.0 0.0 0.083 0.667 0.875 0.800 2.0 0.143 0.026 1.000
0.0 1.0 0.0 0.0 0.0 0.0 0.0 0.0 1.0 0.0 0.042 0.708 0.917 0.842 1.0 0.082 0.013 1.000
0.0 0.0 0.0 1.0 0.0 0.0 0.0 0.0 0.0 0.0 0.458 0.292 0.500 0.425 2.0 0.184 0.169 1.000
0.0 0.0 0.0 1.0 0.0 0.0 0.0 0.0 0.0 0.0 0.375 0.375 0.583 0.508 2.0 0.184 0.156 1.000
0.0 1.0 0.0 0.0 0.0 0.0 0.0 0.0 0.0 0.0 0.417 0.333 0.542 0.467 2.0 0.143 0.169 1.000
0.0 0.0 0.0 0.0 1.0 0.0 0.0 0.0 0.0 0.0 0.375 0.375 0.583 0.508 2.0 0.163 0.156 1.000
0.0 0.0 0.0 0.0 0.0 0.0 1.0 0.0 0.0 0.0 0.333 0.417 0.625 0.550 2.0 0.306 0.130 1.000
0.0 0.0 0.0 1.0 0.0 0.0 0.0 0.0 0.0 0.0 0.292 0.458 0.667 0.592 2.0 0.306 0.078 1.000
0.0 0.0 0.0 1.0 0.0 0.0 0.0 0.0 0.0 0.0 0.208 0.542 0.750 0.675 2.0 0.224 0.065 1.000
0.0 1.0 0.0 0.0 0.0 0.0 0.0 0.0 0.0 0.0 0.250 0.500 0.708 0.633 2.0 0.184 0.078 1.000
0.0 0.0 0.0 0.0 1.0 0.0 0.0 0.0 0.0 0.0 0.208 0.542 0.750 0.675 2.0 0.163 0.065 1.000
0.0 0.0 1.0 0.0 0.0 0.0 0.0 0.0 0.0 0.0 0.167 0.583 0.792 0.717 2.0 0.204 0.039 1.000
0.0 0.0 0.0 1.0 0.0 0.0 0.0 0.0 1.0 0.0 0.083 0.667 0.875 0.800 2.0 0.143 0.026 1.000
0.0 1.0 0.0 0.0 0.0 0.0 0.0 0.0 0.0 0.0 0.125 0.625 0.833 0.758 2.0 0.143 0.039 1.000
0.0 0.0 0.0 0.0 1.0 0.0 0.0 0.0 1.0 0.0 0.083 0.667 0.875 0.800 2.0 0.102 0.026 1.000
0.0 1.0 0.0 0.0 0.0 0.0 0.0 0.0 1.0 0.0 0.042 0.708 0.917 0.842 1.0 0.102 0.013 1.000
0.0 0.0 0.0 0.0 0.0 0.0 1.0 0.0 1.0 0.0 0.042 0.708 0.917 0.842 2.0 0.122 0.026 1.000
0.0 0.0 0.0 1.0 0.0 0.0 0.0 0.0 1.0 0.0 0.042 0.708 0.917 0.842 2.0 0.122 0.026 1.000
0.0 0.0 0.0 0.0 0.0 0.0 1.0 0.0 1.0 0.0 0.042 0.708 0.917 0.842 2.0 0.184 0.026 1.000
0.0 1.0 0.0 0.0 0.0 0.0 0.0 0.0 0.0 0.0 0.458 0.500 0.500 0.500 1.0 0.510 0.221 0.600
0.0 0.0 0.0 1.0 0.0 0.0 0.0 0.0 0.0 0.0 0.417 0.333 0.542 0.467 2.0 0.612 0.221 1.000
0.0 0.0 0.0 1.0 0.0 0.0 0.0 0.0 0.0 0.0 0.333 0.417 0.625 0.550 2.0 0.306 0.208 1.000
0.0 1.0 0.0 0.0 0.0 0.0 0.0 0.0 0.0 0.0 0.375 0.375 0.583 0.508 2.0 0.224 0.221 1.000
0.0 0.0 0.0 0.0 1.0 0.0 0.0 0.0 0.0 0.0 0.333 0.417 0.625 0.550 2.0 0.204 0.208 1.000
0.0 0.0 0.0 0.0 0.0 0.0 1.0 0.0 0.0 0.0 0.292 0.458 0.667 0.592 2.0 0.265 0.143 1.000
0.0 0.0 0.0 0.0 0.0 0.0 0.0 1.0 0.0 0.0 0.125 0.625 0.833 0.758 2.0 0.245 0.052 1.000
0.0 0.0 0.0 0.0 0.0 0.0 1.0 0.0 1.0 0.0 0.042 0.708 0.917 0.842 2.0 0.102 0.026 1.000
0.0 0.0 0.0 0.0 0.0 0.0 1.0 0.0 1.0 0.0 0.083 0.667 0.875 0.800 2.0 0.122 0.026 1.000
0.0 1.0 0.0 0.0 0.0 0.0 0.0 0.0 1.0 0.0 0.042 0.708 0.917 0.842 1.0 0.061 0.013 1.000
0.0 0.0 0.0 0.0 0.0 0.0 1.0 0.0 0.0 0.0 0.250 0.500 0.708 0.633 2.0 0.204 0.091 1.000
0.0 0.0 0.0 0.0 0.0 0.0 0.0 1.0 0.0 0.0 0.208 0.542 0.750 0.675 2.0 0.245 0.065 1.000
0.0 0.0 0.0 0.0 0.0 0.0 1.0 0.0 1.0 0.0 0.042 0.708 0.917 0.842 2.0 0.102 0.026 1.000
0.0 0.0 0.0 1.0 0.0 0.0 0.0 0.0 0.0 0.0 0.167 0.583 0.792 0.717 2.0 0.184 0.039 1.000
0.0 0.0 0.0 1.0 0.0 0.0 0.0 0.0 1.0 0.0 0.083 0.667 0.875 0.800 2.0 0.143 0.026 1.000
0.0 1.0 0.0 0.0 0.0 0.0 0.0 0.0 0.0 0.0 0.125 0.625 0.833 0.758 2.0 0.122 0.039 1.000
0.0 0.0 0.0 0.0 0.0 1.0 0.0 0.0 1.0 0.0 0.083 0.667 0.875 0.800 2.0 0.122 0.026 1.000
0.0 1.0 0.0 0.0 0.0 0.0 0.0 0.0 1.0 0.0 0.042 0.708 0.917 0.842 1.0 0.143 0.013 1.000
0.0 0.0 0.0 1.0 0.0 0.0 0.0 0.0 1.0 0.0 0.042 0.708 0.917 0.842 2.0 0.082 0.026 1.000
0.0 0.0 0.0 0.0 0.0 0.0 0.0 1.0 0.0 0.0 0.208 0.542 0.750 0.675 2.0 0.204 0.065 1.000
0.0 0.0 0.0 0.0 0.0 0.0 1.0 0.0 1.0 0.0 0.042 0.708 0.917 0.842 2.0 0.102 0.026 1.000
0.0 0.0 0.0 1.0 0.0 0.0 0.0 0.0 0.0 0.0 0.167 0.583 0.792 0.717 2.0 0.184 0.039 1.000
0.0 0.0 0.0 1.0 0.0 0.0 0.0 0.0 1.0 0.0 0.083 0.667 0.875 0.800 2.0 0.122 0.026 1.000
0.0 1.0 0.0 0.0 0.0 0.0 0.0 0.0 0.0 0.0 0.125 0.625 0.833 0.758 2.0 0.122 0.039 1.000
0.0 0.0 0.0 0.0 1.0 0.0 0.0 0.0 1.0 0.0 0.083 0.667 0.875 0.800 2.0 0.102 0.026 1.000
0.0 1.0 0.0 0.0 0.0 0.0 0.0 0.0 1.0 0.0 0.042 0.708 0.917 0.842 1.0 0.102 0.013 1.000
