0.0 0.0 1.0 0.0 0.0 0.0 0.0 0.0 1.0 0.0 0.031 0.875 0.969 0.928 2.0 0.118 0.028 1.000
0.0 0.0 1.0 0.0 0.0 0.0 0.0 0.0 1.0 0.0 0.031 0.875 0.969 0.928 2.0 0.118 0.028 1.000
0.0 0.0 1.0 0.0 0.0 0.0 0.0 0.0 1.0 0.0 0.031 0.875 0.969 0.928 2.0 0.118 0.028 1.000
0.0 0.0 1.0 0.0 0.0 0.0 0.0 0.0 1.0 0.0 0.031 0.875 0.969 0.928 2.0 0.118 0.028 1.000
0.0 0.0 1.0 0.0 0.0 0.0 0.0 0.0 1.0 0.0 0.031 0.875 0.969 0.928 2.0 0.118 0.028 1.000
0.0 0.0 1.0 0.0 0.0 0.0 0.0 0.0 1.0 0.0 0.031 0.875 0.969 0.928 2.0 0.118 0.028 1.000
0.0 0.0 1.0 0.0 0.0 0.0 0.0 0.0 1.0 0.0 0.031 0.875 0.969 0.928 2.0 0.118 0.028 1.000
0.0 0.0 1.0 0.0 0.0 0.0 0.0 0.0 1.0 0.0 0.031 0.875 0.969 0.928 2.0 0.118 0.028 1.000
0.0 0.0 0.0 1.0 0.0 0.0 0.0 0.0 1.0 0.0 0.031 0.875 0.969 0.928 2.0 0.098 0.028 1.000
0.0 0.0 0.0 1.0 0.0 0.0 0.0 0.0 1.0 0.0 0.031 0.875 0.969 0.928 2.0 0.078 0.028 1.000
0.0 0.0 0.0 1.0 0.0 0.0 0.0 0.0 1.0 0.0 0.031 0.875 0.969 0.928 2.0 0.078 0.028 1.000
0.0 0.0 0.0 1.0 0.0 0.0 0.0 0.0 1.0 0.0 0.031 0.875 0.969 0.928 2.0 0.078 0.028 1.000
0.0 0.0 0.0 1.0 0.0 0.0 0.0 0.0 1.0 0.0 0.031 0.875 0.969 0.928 2.0 0.078 0.028 1.000
0.0 0.0 0.0 1.0 0.0 0.0 0.0 0.0 1.0 0.0 0.031 0.875 0.969 0.928 2.0 0.078 0.028 1.000
0.0 0.0 0.0 1.0 0.0 0.0 0.0 0.0 1.0 0.0 0.031 0.875 0.969 0.928 2.0 0.078 0.028 1.000
0.0 0.0 0.0 1.0 0.0 0.0 0.0 0.0 1.0 0.0 0.031 0.875 0.969 0.928 2.0 0.078 0.028 1.000
0.0 0.0 0.0 1.0 0.0 0.0 0.0 0.0 1.0 0.0 0.031 0.875 0.969 0.928 2.0 0.078 0.028 1.000
0.0 0.0 0.0 1.0 0.0 0.0 0.0 0.0 1.0 0.0 0.031 0.875 0.969 0.928 2.0 0.078 0.028 1.000
0.0 0.0 0.0 1.0 0.0 0.0 0.0 0.0 1.0 0.0 0.031 0.875 0.969 0.928 2.0 0.078 0.028 1.000
0.0 0.0 0.0 1.0 0.0 0.0 0.0 0.0 1.0 0.0 0.031 0.875 0.969 0.928 2.0 0.098 0.028 1.000
0.0 0.0 0.0 1.0 0.0 0.0 0.0 0.0 1.0 0.0 0.031 0.875 0.969 0.928 2.0 0.078 0.028 1.000
0.0 0.0 0.0 1.0 0.0 0.0 0.0 0.0 1.0 0.0 0.031 0.875 0.969 0.928 2.0 0.078 0.028 1.000
0.0 0.0 0.0 1.0 0.0 0.0 0.0 0.0 1.0 0.0 0.031 0.875 0.969 0.928 2.0 0.078 0.028 1.000
0.0 0.0 0.0 1.0 0.0 0.0 0.0 0.0 1.0 0.0 0.031 0.875 0.969 0.928 2.0 0.078 0.028 1.000
0.0 0.0 0.0 1.0 0.0 0.0 0.0 0.0 1.0 0.0 0.031 0.875 0.969 0.928 2.0 0.078 0.028 1.000
0.0 0.0 0.0 1.0 0.0 0.0 0.0 0.0 1.0 0.0 0.031 0.875 0.969 0.928 2.0 0.078 0.028 1.000
0.0 0.0 0.0 1.0 0.0 0.0 0.0 0.0 1.0 0.0 0.031 0.875 0.969 0.928 2.0 0.078 0.028 1.000
0.0 0.0 0.0 1.0 0.0 0.0 0.0 0.0 1.0 0.0 0.031 0.875 0.969 0.928 2.0 0.098 0.028 1.000
0.0 0.0 0.0 1.0 0.0 0.0 0.0 0.0 1.0 0.0 0.031 0.875 0.969 0.928 2.0 0.078 0.028 1.000
0.0 0.0 0.0 1.0 0.0 0.0 0.0 0.0 1.0 0.0 0.031 0.875 0.969 0.928 2.0 0.078 0.028 1.000
0.0 0.0 0.0 1.0 0.0 0.0 0.0 0.0 1.0 0.0 0.031 0.875 0.969 0.928 2.0 0.078 0.028 1.000
0.0 0.0 0.0 1.0 0.0 0.0 0.0 0.0 1.0 0.0 0.031 0.875 0.969 0.928 2.0 0.078 0.028 1.000
0.0 0.0 0.0 1.0 0.0 0.0 0.0 0.0 1.0 0.0 0.031 0.875 0.969 0.928 2.0 0.078 0.028 1.000
0.0 0.0 0.0 1.0 0.0 0.0 0.0 0.0 1.0 0.0 0.031 0.875 0.969 0.928 2.0 0.078 0.028 1.000
0.0 0.0 0.0 1.0 0.0 0.0 0.0 0.0 1.0 0.0 0.031 0.875 0.969 0.928 2.0 0.078 0.028 1.000
0.0 0.0 0.0 1.0 0.0 0.0 0.0 0.0 1.0 0.0 0.031 0.875 0.969 0.928 2.0 0.078 0.028 1.000
0.0 0.0 0.0 1.0 0.0 0.0 0.0 0.0 1.0 0.0 0.031 0.875 0.969 0.928 2.0 0.078 0.028 1.000
0.0 0.0 0.0 1.0 0.0 0.0 0.0 0.0 1.0 0.0 0.031 0.875 0.969 0.928 2.0 0.098 0.028 1.000
0.0 0.0 0.0 1.0 0.0 0.0 0.0 0.0 1.0 0.0 0.031 0.875 0.969 0.928 2.0 0.098 0.028 1.000
0.0 0.0 0.0 1.0 0.0 0.0 0.0 0.0 1.0 0.0 0.031 0.875 0.969 0.928 2.0 0.078 0.028 1.000
0.0 1.0 0.0 0.0 0.0 0.0 0.0 0.0 0.0 0.0 0.094 0.812 0.906 0.865 2.0 0.137 0.042 1.000
0.0 0.0 0.0 1.0 0.0 0.0 0.0 0.0 1.0 0.0 0.062 0.844 0.938 0.896 2.0 0.098 0.028 1.000
0.0 0.0 0.0 1.0 0.0 0.0 0.0 0.0 1.0 0.0 0.062 0.844 0.938 0.896 2.0 0.137 0.028 1.000
0.0 0.0 0.0 1.0 0.0 0.0 0.0 0.0 1.0 0.0 0.062 0.844 0.938 0.896 2.0 0.118 0.028 1.000
0.0 0.0 0.0 1.0 0.0 0.0 0.0 0.0 1.0 0.0 0.062 0.844 0.938 0.896 2.0 0.118 0.028 1.000
0.0 0.0 0.0 1.0 0.0 0.0 0.0 0.0 1.0 0.0 0.062 0.844 0.938 0.896 2.0 0.118 0.028 1.000
0.0 0.0 0.0 1.0 0.0 0.0 0.0 0.0 1.0 0.0 0.062 0.844 0.938 0.896 2.0 0.118 0.028 1.000
0.0 0.0 0.0 1.0 0.0 0.0 0.0 0.0 1.0 0.0 0.062 0.844 0.938 0.896 2.0 0.118 0.028 1.000
0.0 0.0 0.0 1.0 0.0 0.0 0.0 0.0 1.0 0.0 0.062 0.844 0.938 0.896 2.0 0.118 0.028 1.000
0.0 0.0 0.0 1.0 0.0 0.0 0.0 0.0 1.0 0.0 0.062 0.844 0.938 0.896 2.0 0.118 0.028 1.000
0.0 0.0 0.0 1.0 0.0 0.0 0.0 0.0 1.0 0.0 0.062 0.844 0.938 0.896 2.0 0.118 0.028 1.000
0.0 0.0 0.0 1.0 0.0 0.0 0.0 0.0 1.0 0.0 0.062 0.844 0.938 0.896 2.0 0.118 0.028 1.000
0.0 0.0 0.0 1.0 0.0 0.0 0.0 0.0 1.0 0.0 0.062 0.844 0.938 0.896 2.0 0.118 0.028 1.000
0.0 0.0 0.0 1.0 0.0 0.0 0.0 0.0 1.0 0.0 0.062 0.844 0.938 0.896 2.0 0.118 0.028 1.000
0.0 0.0 0.0 1.0 0.0 0.0 0.0 0.0 1.0 0.0 0.062 0.844 0.938 0.896 2.0 0.118 0.028 1.000
0.0 0.0 0.0 1.0 0.0 0.0 0.0 0.0 1.0 0.0 0.062 0.844 0.938 0.896 2.0 0.118 0.028 1.000
0.0 0.0 0.0 1.0 0.0 0.0 0.0 0.0 1.0 0.0 0.062 0.844 0.938 0.896 2.0 0.118 0.028 1.000
0.0 0.0 0.0 1.0 0.0 0.0 0.0 0.0 1.0 0.0 0.062 0.844 0.938 0.896 2.0 0.098 0.028 1.000
0.0 0.0 0.0 1.0 0.0 0.0 0.0 0.0 1.0 0.0 0.062 0.844 0.938 0.896 2.0 0.098 0.028 1.000
0.0 0.0 0.0 1.0 0.0 0.0 0.0 0.0 1.0 0.0 0.062 0.844 0.938 0.896 2.0 0.118 0.028 1.000
0.0 0.0 0.0 1.0 0.0 0.0 0.0 0.0 1.0 0.0 0.062 0.844 0.938 0.896 2.0 0.118 0.028 1.000
0.0 0.0 0.0 1.0 0.0 0.0 0.0 0.0 1.0 0.0 0.062 0.844 0.938 0.896 2.0 0.118 0.028 1.000
0.0 0.0 0.0 1.0 0.0 0.0 0.0 0.0 1.0 0.0 0.062 0.844 0.938 0.896 2.0 0.118 0.028 1.000
0.0 1.0 0.0 0.0 0.0 0.0 0.0 0.0 0.0 0.0 0.125 0.781 0.875 0.834 1.0 0.137 0.042 1.000
0.0 1.0 0.0 0.0 0.0 0.0 0.0 0.0 0.0 0.0 0.094 0.812 0.906 0.865 2.0 0.098 0.042 1.000
0.0 0.0 0.0 1.0 0.0 0.0 0.0 0.0 1.0 0.0 0.062 0.844 0.938 0.896 2.0 0.098 0.028 1.000
0.0 0.0 0.0 1.0 0.0 0.0 0.0 0.0 1.0 0.0 0.062 0.844 0.938 0.896 2.0 0.137 0.028 1.000
0.0 0.0 0.0 1.0 0.0 0.0 0.0 0.0 1.0 0.0 0.062 0.844 0.938 0.896 2.0 0.118 0.028 1.000
0.0 0.0 0.0 1.0 0.0 0.0 0.0 0.0 1.0 0.0 0.062 0.844 0.938 0.896 2.0 0.118 0.028 1.000
0.0 0.0 0.0 1.0 0.0 0.0 0.0 0.0 1.0 0.0 0.062 0.844 0.938 0.896 2.0 0.118 0.028 1.000
0.0 0.0 0.0 1.0 0.0 0.0 0.0 0.0 1.0 0.0 0.062 0.844 0.938 0.896 2.0 0.118 0.028 1.000
0.0 0.0 0.0 1.0 0.0 0.0 0.0 0.0 1.0 0.0 0.062 0.844 0.938 0.896 2.0 0.118 0.028 1.000
0.0 0.0 0.0 1.0 0.0 0.0 0.0 0.0 1.0 0.0 0.062 0.844 0.938 0.896 2.0 0.118 0.028 1.000
0.0 0.0 0.0 1.0 0.0 0.0 0.0 0.0 1.0 0.0 0.062 0.844 0.938 0.896 2.0 0.118 0.028 1.000
0.0 0.0 0.0 1.0 0.0 0.0 0.0 0.0 1.0 0.0 0.062 0.844 0.938 0.896 2.0 0.118 0.028 1.000
0.0 0.0 0.0 1.0 0.0 0.0 0.0 0.0 1.0 0.0 0.062 0.844 0.938 0.896 2.0 0.118 0.028 1.000
0.0 0.0 0.0 1.0 0.0 0.0 0.0 0.0 1.0 0.0 0.062 0.844 0.938 0.896 2.0 0.118 0.028 1.000
0.0 0.0 0.0 1.0 0.0 0.0 0.0 0.0 1.0 0.0 0.062 0.844 0.938 0.896 2.0 0.118 0.028 1.000
0.0 0.0 0.0 1.0 0.0 0.0 0.0 0.0 1.0 0.0 0.062 0.844 0.938 0.896 2.0 0.118 0.028 1.000
0.0 0.0 0.0 1.0 0.0 0.0 0.0 0.0 1.0 0.0 0.062 0.844 0.938 0.896 2.0 0.118 0.028 1.000
0.0 0.0 0.0 1.0 0.0 0.0 0.0 0.0 1.0 0.0 0.062 0.844 0.938 0.896 2.0 0.118 0.028 1.000
0.0 1.0 0.0 0.0 0.0 0.0 0.0 0.0 0.0 0.0 0.125 0.781 0.875 0.834 1.0 0.137 0.042 1.000
0.0 1.0 0.0 0.0 0.0 0.0 0.0 0.0 0.0 0.0 0.094 0.812 0.906 0.865 2.0 0.098 0.042 1.000
0.0 0.0 0.0 1.0 0.0 0.0 0.0 0.0 1.0 0.0 0.062 0.844 0.938 0.896 2.0 0.098 0.028 1.000
0.0 0.0 0.0 1.0 0.0 0.0 0.0 0.0 1.0 0.0 0.062 0.844 0.938 0.896 2.0 0.137 0.028 1.000
0.0 0.0 0.0 1.0 0.0 0.0 0.0 0.0 1.0 0.0 0.062 0.844 0.938 0.896 2.0 0.118 0.028 1.000
0.0 0.0 0.0 1.0 0.0 0.0 0.0 0.0 1.0 0.0 0.062 0.844 0.938 0.896 2.0 0.118 0.028 1.000
0.0 0.0 0.0 1.0 0.0 0.0 0.0 0.0 1.0 0.0 0.062 0.844 0.938 0.896 2.0 0.118 0.028 1.000
0.0 0.0 0.0 1.0 0.0 0.0 0.0 0.0 1.0 0.0 0.062 0.844 0.938 0.896 2.0 0.118 0.028 1.000
0.0 0.0 0.0 1.0 0.0 0.0 0.0 0.0 1.0 0.0 0.062 0.844 0.938 0.896 2.0 0.118 0.028 1.000
0.0 0.0 0.0 1.0 0.0 0.0 0.0 0.0 1.0 0.0 0.062 0.844 0.938 0.896 2.0 0.118 0.028 1.000
0.0 0.0 0.0 1.0 0.0 0.0 0.0 0.0 1.0 0.0 0.062 0.844 0.938 0.896 2.0 0.118 0.028 1.000
0.0 0.0 0.0 1.0 0.0 0.0 0.0 0.0 1.0 0.0 0.062 0.844 0.938 0.896 2.0 0.118 0.028 1.000
0.0 0.0 0.0 1.0 0.0 0.0 0.0 0.0 1.0 0.0 0.062 0.844 0.938 0.896 2.0 0.118 0.028 1.000
0.0 0.0 0.0 1.0 0.0 0.0 0.0 0.0 1.0 0.0 0.062 0.844 0.938 0.896 2.0 0.118 0.028 1.000
0.0 0.0 0.0 1.0 0.0 0.0 0.0 0.0 1.0 0.0 0.062 0.844 0.938 0.896 2.0 0.118 0.028 1.000
0.0 0.0 0.0 1.0 0.0 0.0 0.0 0.0 1.0 0.0 0.062 0.844 0.938 0.896 2.0 0.118 0.028 1.000
0.0 0.0 0.0 1.0 0.0 0.0 0.0 0.0 1.0 0.0 0.062 0.844 0.938 0.896 2.0 0.118 0.028 1.000
0.0 0.0 0.0 1.0 0.0 0.0 0.0 0.0 1.0 0.0 0.062 0.844 0.938 0.896 2.0 0.118 0.028 1.000
0.0 0.0 0.0 1.0 0.0 0.0 0.0 0.0 1.0 0.0 0.062 0.844 0.938 0.896 2.0 0.118 0.028 1.000
0.0 0.0 0.0 1.0 0.0 0.0 0.0 0.0 1.0 0.0 0.062 0.844 0.938 0.896 2.0 0.118 0.028 1.000
0.0 0.0 0.0 1.0 0.0 0.0 0.0 0.0 1.0 0.0 0.062 0.844 0.938 0.896 2.0 0.098 0.028 1.000
0.0 0.0 0.0 1.0 0.0 0.0 0.0 0.0 1.0 0.0 0.062 0.844 0.938 0.896 2.0 0.098 0.028 1.000
0.0 0.0 0.0 1.0 0.0 0.0 0.0 0.0 1.0 0.0 0.062 0.844 0.938 0.896 2.0 0.137 0.028 1.000
0.0 1.0 0.0 0.0 0.0 0.0 0.0 0.0 0.0 0.0 0.094 0.812 0.906 0.865 2.0 0.137 0.042 1.000
0.0 0.0 0.0 1.0 0.0 0.0 0.0 0.0 1.0 0.0 0.062 0.844 0.938 0.896 2.0 0.098 0.028 1.000
0.0 1.0 0.0 0.0 0.0 0.0 0.0 0.0 0.0 0.0 0.125 0.781 0.875 0.834 1.0 0.137 0.042 1.000
0.0 1.0 0.0 0.0 0.0 0.0 0.0 0.0 0.0 0.0 0.094 0.812 0.906 0.865 2.0 0.098 0.042 1.000
0.0 0.0 0.0 1.0 0.0 0.0 0.0 0.0 1.0 0.0 0.062 0.844 0.938 0.896 2.0 0.098 0.028 1.000
0.0 0.0 0.0 1.0 0.0 0.0 0.0 0.0 1.0 0.0 0.062 0.844 0.938 0.896 2.0 0.137 0.028 1.000
0.0 0.0 0.0 1.0 0.0 0.0 0.0 0.0 1.0 0.0 0.062 0.844 0.938 0.896 2.0 0.118 0.028 1.000
0.0 0.0 0.0 1.0 0.0 0.0 0.0 0.0 1.0 0.0 0.062 0.844 0.938 0.896 2.0 0.118 0.028 1.000
0.0 0.0 0.0 1.0 0.0 0.0 0.0 0.0 0.0 0.0 0.125 0.781 0.875 0.834 2.0 0.196 0.042 1.000
0.0 0.0 0.0 1.0 0.0 0.0 0.0 0.0 0.0 0.0 0.094 0.812 0.906 0.865 2.0 0.176 0.028 1.000
0.0 0.0 0.0 1.0 0.0 0.0 0.0 0.0 0.0 0.0 0.094 0.812 0.906 0.865 2.0 0.176 0.028 1.000
0.0 0.0 0.0 1.0 0.0 0.0 0.0 0.0 0.0 0.0 0.094 0.812 0.906 0.865 2.0 0.176 0.028 1.000
0.0 0.0 0.0 1.0 0.0 0.0 0.0 0.0 0.0 0.0 0.094 0.812 0.906 0.865 2.0 0.176 0.028 1.000
0.0 0.0 0.0 1.0 0.0 0.0 0.0 0.0 0.0 0.0 0.094 0.812 0.906 0.865 2.0 0.176 0.028 1.000
0.0 0.0 0.0 1.0 0.0 0.0 0.0 0.0 0.0 0.0 0.094 0.812 0.906 0.865 2.0 0.176 0.028 1.000
0.0 0.0 0.0 1.0 0.0 0.0 0.0 0.0 0.0 0.0 0.094 0.812 0.906 0.865 2.0 0.176 0.028 1.000
0.0 1.0 0.0 0.0 0.0 0.0 0.0 0.0 0.0 0.0 0.125 0.781 0.875 0.834 2.0 0.176 0.042 1.000
0.0 0.0 0.0 1.0 0.0 0.0 0.0 0.0 0.0 0.0 0.094 0.812 0.906 0.865 2.0 0.137 0.028 1.000
0.0 0.0 0.0 1.0 0.0 0.0 0.0 0.0 0.0 0.0 0.094 0.812 0.906 0.865 2.0 0.176 0.028 1.000
0.0 0.0 0.0 1.0 0.0 0.0 0.0 0.0 0.0 0.0 0.094 0.812 0.906 0.865 2.0 0.176 0.028 1.000
0.0 0.0 0.0 1.0 0.0 0.0 0.0 0.0 0.0 0.0 0.156 0.750 0.844 0.803 2.0 0.196 0.042 1.000
0.0 0.0 0.0 1.0 0.0 0.0 0.0 0.0 0.0 0.0 0.094 0.812 0.906 0.865 2.0 0.176 0.028 1.000
0.0 0.0 0.0 1.0 0.0 0.0 0.0 0.0 0.0 0.0 0.094 0.812 0.906 0.865 2.0 0.176 0.028 1.000
0.0 0.0 0.0 1.0 0.0 0.0 0.0 0.0 0.0 0.0 0.094 0.812 0.906 0.865 2.0 0.176 0.028 1.000
0.0 0.0 0.0 1.0 0.0 0.0 0.0 0.0 0.0 0.0 0.094 0.812 0.906 0.865 2.0 0.176 0.028 1.000
0.0 0.0 0.0 1.0 0.0 0.0 0.0 0.0 0.0 0.0 0.094 0.812 0.906 0.865 2.0 0.176 0.028 1.000
0.0 0.0 0.0 1.0 0.0 0.0 0.0 0.0 0.0 0.0 0.094 0.812 0.906 0.865 2.0 0.176 0.028 1.000
0.0 0.0 0.0 1.0 0.0 0.0 0.0 0.0 0.0 0.0 0.094 0.812 0.906 0.865 2.0 0.176 0.028 1.000
0.0 0.0 0.0 1.0 0.0 0.0 0.0 0.0 0.0 0.0 0.156 0.750 0.844 0.803 2.0 0.196 0.042 1.000
0.0 0.0 0.0 1.0 0.0 0.0 0.0 0.0 0.0 0.0 0.094 0.812 0.906 0.865 2.0 0.176 0.028 1.000
0.0 0.0 0.0 1.0 0.0 0.0 0.0 0.0 0.0 0.0 0.094 0.812 0.906 0.865 2.0 0.176 0.028 1.000
0.0 0.0 0.0 1.0 0.0 0.0 0.0 0.0 0.0 0.0 0.094 0.812 0.906 0.865 2.0 0.176 0.028 1.000
0.0 0.0 0.0 1.0 0.0 0.0 0.0 0.0 0.0 0.0 0.094 0.812 0.906 0.865 2.0 0.176 0.028 1.000
0.0 0.0 0.0 1.0 0.0 0.0 0.0 0.0 0.0 0.0 0.094 0.812 0.906 0.865 2.0 0.176 0.028 1.000
0.0 0.0 0.0 1.0 0.0 0.0 0.0 0.0 0.0 0.0 0.094 0.812 0.906 0.865 2.0 0.176 0.028 1.000
0.0 0.0 0.0 1.0 0.0 0.0 0.0 0.0 0.0 0.0 0.094 0.812 0.906 0.865 2.0 0.176 0.028 1.000
0.0 0.0 0.0 1.0 0.0 0.0 0.0 0.0 0.0 0.0 0.094 0.812 0.906 0.865 2.0 0.176 0.028 1.000
0.0 1.0 0.0 0.0 0.0 0.0 0.0 0.0 0.0 0.0 0.156 0.750 0.844 0.803 1.0 0.157 0.042 1.000
0.0 1.0 0.0 0.0 0.0 0.0 0.0 0.0 0.0 0.0 0.125 0.781 0.875 0.834 2.0 0.137 0.042 1.000
0.0 0.0 0.0 1.0 0.0 0.0 0.0 0.0 0.0 0.0 0.094 0.812 0.906 0.865 2.0 0.118 0.028 1.000
0.0 0.0 0.0 1.0 0.0 0.0 0.0 0.0 0.0 0.0 0.125 0.781 0.875 0.834 2.0 0.196 0.042 1.000
0.0 0.0 0.0 1.0 0.0 0.0 0.0 0.0 0.0 0.0 0.156 0.750 0.844 0.803 2.0 0.196 0.042 1.000
0.0 0.0 0.0 1.0 0.0 0.0 0.0 0.0 0.0 0.0 0.094 0.812 0.906 0.865 2.0 0.176 0.028 1.000
0.0 0.0 0.0 1.0 0.0 0.0 0.0 0.0 0.0 0.0 0.156 0.750 0.844 0.803 2.0 0.196 0.070 1.000
0.0 0.0 0.0 1.0 0.0 0.0 0.0 0.0 0.0 0.0 0.125 0.781 0.875 0.834 2.0 0.196 0.056 1.000
0.0 1.0 0.0 0.0 0.0 0.0 0.0 0.0 0.0 0.0 0.156 0.750 0.844 0.803 2.0 0.137 0.070 1.000
0.0 0.0 0.0 1.0 0.0 0.0 0.0 0.0 0.0 0.0 0.125 0.781 0.875 0.834 2.0 0.196 0.056 1.000
0.0 0.0 0.0 1.0 0.0 0.0 0.0 0.0 0.0 0.0 0.125 0.781 0.875 0.834 2.0 0.196 0.056 1.000
0.0 0.0 0.0 1.0 0.0 0.0 0.0 0.0 0.0 0.0 0.156 0.750 0.844 0.803 2.0 0.176 0.070 1.000
0.0 0.0 0.0 1.0 0.0 0.0 0.0 0.0 0.0 0.0 0.188 0.719 0.812 0.771 2.0 0.196 0.070 1.000
0.0 0.0 0.0 1.0 0.0 0.0 0.0 0.0 0.0 0.0 0.125 0.781 0.875 0.834 2.0 0.196 0.056 1.000
0.0 0.0 0.0 1.0 0.0 0.0 0.0 0.0 0.0 0.0 0.125 0.781 0.875 0.834 2.0 0.196 0.056 1.000
0.0 0.0 0.0 1.0 0.0 0.0 0.0 0.0 0.0 0.0 0.125 0.781 0.875 0.834 2.0 0.196 0.056 1.000
0.0 0.0 0.0 1.0 0.0 0.0 0.0 0.0 0.0 0.0 0.188 0.719 0.812 0.771 2.0 0.196 0.070 1.000
0.0 0.0 0.0 1.0 0.0 0.0 0.0 0.0 0.0 0.0 0.125 0.781 0.875 0.834 2.0 0.196 0.056 1.000
0.0 0.0 0.0 1.0 0.0 0.0 0.0 0.0 0.0 0.0 0.125 0.781 0.875 0.834 2.0 0.196 0.056 1.000
0.0 0.0 0.0 1.0 0.0 0.0 0.0 0.0 0.0 0.0 0.125 0.781 0.875 0.834 2.0 0.196 0.056 1.000
0.0 0.0 0.0 1.0 0.0 0.0 0.0 0.0 0.0 0.0 0.125 0.781 0.875 0.834 2.0 0.196 0.056 1.000
0.0 0.0 0.0 1.0 0.0 0.0 0.0 0.0 0.0 0.0 0.188 0.719 0.812 0.771 2.0 0.176 0.085 1.000
0.0 0.0 0.0 1.0 0.0 0.0 0.0 0.0 0.0 0.0 0.188 0.719 0.812 0.771 2.0 0.196 0.070 1.000
0.0 0.0 0.0 1.0 0.0 0.0 0.0 0.0 0.0 0.0 0.188 0.719 0.812 0.771 2.0 0.235 0.070 1.000
0.0 0.0 0.0 1.0 0.0 0.0 0.0 0.0 0.0 0.0 0.188 0.719 0.812 0.771 2.0 0.235 0.070 1.000
0.0 0.0 0.0 1.0 0.0 0.0 0.0 0.0 0.0 0.0 0.156 0.750 0.844 0.803 2.0 0.235 0.056 1.000
0.0 0.0 0.0 1.0 0.0 0.0 0.0 0.0 0.0 0.0 0.156 0.750 0.844 0.803 2.0 0.235 0.056 1.000
0.0 0.0 0.0 1.0 0.0 0.0 0.0 0.0 0.0 0.0 0.188 0.719 0.812 0.771 2.0 0.235 0.070 1.000
0.0 0.0 0.0 1.0 0.0 0.0 0.0 0.0 0.0 0.0 0.188 0.719 0.812 0.771 2.0 0.235 0.070 1.000
0.0 0.0 0.0 1.0 0.0 0.0 0.0 0.0 0.0 0.0 0.156 0.750 0.844 0.803 2.0 0.235 0.056 1.000
0.0 0.0 0.0 1.0 0.0 0.0 0.0 0.0 0.0 0.0 0.156 0.750 0.844 0.803 2.0 0.235 0.056 1.000
0.0 0.0 0.0 1.0 0.0 0.0 0.0 0.0 0.0 0.0 0.188 0.719 0.812 0.771 2.0 0.216 0.070 1.000
0.0 0.0 0.0 1.0 0.0 0.0 0.0 0.0 0.0 0.0 0.188 0.719 0.812 0.771 2.0 0.235 0.070 1.000
0.0 0.0 0.0 1.0 0.0 0.0 0.0 0.0 0.0 0.0 0.219 0.688 0.781 0.740 2.0 0.235 0.070 1.000
0.0 0.0 0.0 1.0 0.0 0.0 0.0 0.0 0.0 0.0 0.219 0.688 0.781 0.740 2.0 0.235 0.070 1.000
0.0 0.0 0.0 1.0 0.0 0.0 0.0 0.0 0.0 0.0 0.156 0.750 0.844 0.803 2.0 0.235 0.056 1.000
0.0 0.0 0.0 1.0 0.0 0.0 0.0 0.0 0.0 0.0 0.156 0.750 0.844 0.803 2.0 0.235 0.056 1.000
0.0 0.0 0.0 1.0 0.0 0.0 0.0 0.0 0.0 0.0 0.156 0.750 0.844 0.803 2.0 0.235 0.056 1.000
0.0 0.0 0.0 1.0 0.0 0.0 0.0 0.0 0.0 0.0 0.156 0.750 0.844 0.803 2.0 0.235 0.056 1.000
0.0 0.0 0.0 1.0 0.0 0.0 0.0 0.0 0.0 0.0 0.156 0.750 0.844 0.803 2.0 0.196 0.056 1.000
0.0 0.0 0.0 1.0 0.0 0.0 0.0 0.0 0.0 0.0 0.156 0.750 0.844 0.803 2.0 0.196 0.056 1.000
0.0 0.0 0.0 1.0 0.0 0.0 0.0 0.0 0.0 0.0 0.219 0.688 0.781 0.740 2.0 0.196 0.070 1.000
0.0 0.0 0.0 1.0 0.0 0.0 0.0 0.0 0.0 0.0 0.219 0.688 0.781 0.740 2.0 0.196 0.070 1.000
0.0 0.0 0.0 1.0 0.0 0.0 0.0 0.0 0.0 0.0 0.156 0.750 0.844 0.803 2.0 0.196 0.056 1.000
0.0 0.0 0.0 1.0 0.0 0.0 0.0 0.0 0.0 0.0 0.156 0.750 0.844 0.803 2.0 0.196 0.056 1.000
0.0 0.0 0.0 1.0 0.0 0.0 0.0 0.0 0.0 0.0 0.156 0.750 0.844 0.803 2.0 0.196 0.056 1.000
0.0 0.0 0.0 1.0 0.0 0.0 0.0 0.0 0.0 0.0 0.156 0.750 0.844 0.803 2.0 0.196 0.056 1.000
0.0 0.0 0.0 1.0 0.0 0.0 0.0 0.0 0.0 0.0 0.156 0.750 0.844 0.803 2.0 0.196 0.056 1.000
0.0 0.0 0.0 1.0 0.0 0.0 0.0 0.0 0.0 0.0 0.156 0.750 0.844 0.803 2.0 0.196 0.056 1.000
0.0 0.0 0.0 1.0 0.0 0.0 0.0 0.0 0.0 0.0 0.156 0.750 0.844 0.803 2.0 0.176 0.056 1.000
0.0 0.0 0.0 1.0 0.0 0.0 0.0 0.0 0.0 0.0 0.156 0.750 0.844 0.803 2.0 0.176 0.056 1.000
0.0 0.0 0.0 1.0 0.0 0.0 0.0 0.0 0.0 0.0 0.219 0.688 0.781 0.740 2.0 0.176 0.085 1.000
0.0 0.0 0.0 1.0 0.0 0.0 0.0 0.0 0.0 0.0 0.219 0.688 0.781 0.740 2.0 0.196 0.085 1.000
0.0 0.0 0.0 1.0 0.0 0.0 0.0 0.0 0.0 0.0 0.219 0.688 0.781 0.740 2.0 0.196 0.070 1.000
0.0 0.0 0.0 1.0 0.0 0.0 0.0 0.0 0.0 0.0 0.219 0.688 0.781 0.740 2.0 0.196 0.070 1.000
0.0 0.0 0.0 1.0 0.0 0.0 0.0 0.0 0.0 0.0 0.219 0.688 0.781 0.740 2.0 0.314 0.070 1.000
0.0 0.0 0.0 1.0 0.0 0.0 0.0 0.0 0.0 0.0 0.188 0.719 0.812 0.771 2.0 0.314 0.056 1.000
0.0 0.0 0.0 1.0 0.0 0.0 0.0 0.0 0.0 0.0 0.219 0.688 0.781 0.740 2.0 0.314 0.070 1.000
0.0 0.0 0.0 1.0 0.0 0.0 0.0 0.0 0.0 0.0 0.188 0.719 0.812 0.771 2.0 0.314 0.056 1.000
0.0 0.0 0.0 1.0 0.0 0.0 0.0 0.0 0.0 0.0 0.219 0.688 0.781 0.740 2.0 0.314 0.070 1.000
0.0 0.0 0.0 1.0 0.0 0.0 0.0 0.0 0.0 0.0 0.250 0.656 0.750 0.709 2.0 0.314 0.070 1.000
0.0 0.0 0.0 1.0 0.0 0.0 0.0 0.0 0.0 0.0 0.188 0.719 0.812 0.771 2.0 0.314 0.056 1.000
0.0 0.0 0.0 1.0 0.0 0.0 0.0 0.0 0.0 0.0 0.188 0.719 0.812 0.771 2.0 0.314 0.056 1.000
0.0 0.0 0.0 1.0 0.0 0.0 0.0 0.0 0.0 0.0 0.188 0.719 0.812 0.771 2.0 0.216 0.056 1.000
0.0 0.0 0.0 1.0 0.0 0.0 0.0 0.0 0.0 0.0 0.250 0.656 0.750 0.709 2.0 0.216 0.070 1.000
0.0 0.0 0.0 1.0 0.0 0.0 0.0 0.0 0.0 0.0 0.188 0.719 0.812 0.771 2.0 0.216 0.056 1.000
0.0 0.0 0.0 1.0 0.0 0.0 0.0 0.0 0.0 0.0 0.188 0.719 0.812 0.771 2.0 0.216 0.056 1.000
0.0 0.0 0.0 1.0 0.0 0.0 0.0 0.0 0.0 0.0 0.188 0.719 0.812 0.771 2.0 0.216 0.056 1.000
0.0 1.0 0.0 0.0 0.0 0.0 0.0 0.0 0.0 0.0 0.219 0.688 0.781 0.740 2.0 0.176 0.070 1.000
0.0 0.0 0.0 1.0 0.0 0.0 0.0 0.0 0.0 0.0 0.188 0.719 0.812 0.771 2.0 0.176 0.056 1.000
0.0 0.0 0.0 1.0 0.0 0.0 0.0 0.0 0.0 0.0 0.250 0.656 0.750 0.709 2.0 0.216 0.085 1.000
0.0 0.0 0.0 1.0 0.0 0.0 0.0 0.0 0.0 0.0 0.250 0.656 0.750 0.709 2.0 0.216 0.070 1.000
0.0 1.0 0.0 0.0 0.0 0.0 0.0 0.0 0.0 0.0 0.281 0.625 0.719 0.678 2.0 0.137 0.141 1.000
0.0 0.0 0.0 1.0 0.0 0.0 0.0 0.0 0.0 0.0 0.250 0.656 0.750 0.709 2.0 0.275 0.127 1.000
0.0 0.0 0.0 1.0 0.0 0.0 0.0 0.0 0.0 0.0 0.250 0.656 0.750 0.709 2.0 0.275 0.127 1.000
0.0 0.0 0.0 1.0 0.0 0.0 0.0 0.0 0.0 0.0 0.250 0.656 0.750 0.709 2.0 0.275 0.141 1.000
0.0 0.0 0.0 1.0 0.0 0.0 0.0 0.0 0.0 0.0 0.219 0.688 0.781 0.740 2.0 0.275 0.113 1.000
0.0 0.0 0.0 1.0 0.0 0.0 0.0 0.0 0.0 0.0 0.281 0.625 0.719 0.678 2.0 0.275 0.141 1.000
0.0 0.0 0.0 1.0 0.0 0.0 0.0 0.0 0.0 0.0 0.219 0.688 0.781 0.740 2.0 0.275 0.113 1.000
0.0 0.0 0.0 1.0 0.0 0.0 0.0 0.0 0.0 0.0 0.250 0.656 0.750 0.709 2.0 0.275 0.127 1.000
0.0 0.0 0.0 1.0 0.0 0.0 0.0 0.0 0.0 0.0 0.281 0.625 0.719 0.678 2.0 0.275 0.127 1.000
0.0 0.0 0.0 1.0 0.0 0.0 0.0 0.0 0.0 0.0 0.312 0.594 0.688 0.646 2.0 0.235 0.141 1.000
0.0 0.0 0.0 1.0 0.0 0.0 0.0 0.0 0.0 0.0 0.312 0.594 0.688 0.646 2.0 0.235 0.141 1.000
0.0 0.0 0.0 1.0 0.0 0.0 0.0 0.0 0.0 0.0 0.281 0.625 0.719 0.678 2.0 0.235 0.127 1.000
0.0 0.0 0.0 1.0 0.0 0.0 0.0 0.0 0.0 0.0 0.281 0.625 0.719 0.678 2.0 0.235 0.127 1.000
0.0 0.0 0.0 1.0 0.0 0.0 0.0 0.0 0.0 0.0 0.281 0.625 0.719 0.678 2.0 0.235 0.141 1.000
0.0 0.0 0.0 1.0 0.0 0.0 0.0 0.0 0.0 0.0 0.281 0.625 0.719 0.678 2.0 0.235 0.141 1.000
0.0 0.0 0.0 1.0 0.0 0.0 0.0 0.0 0.0 0.0 0.250 0.656 0.750 0.709 2.0 0.235 0.113 1.000
0.0 0.0 0.0 1.0 0.0 0.0 0.0 0.0 0.0 0.0 0.250 0.656 0.750 0.709 2.0 0.235 0.113 1.000
0.0 0.0 0.0 1.0 0.0 0.0 0.0 0.0 0.0 0.0 0.312 0.594 0.688 0.646 2.0 0.235 0.141 1.000
0.0 0.0 0.0 1.0 0.0 0.0 0.0 0.0 0.0 0.0 0.312 0.594 0.688 0.646 2.0 0.235 0.141 1.000
0.0 0.0 0.0 1.0 0.0 0.0 0.0 0.0 0.0 0.0 0.250 0.656 0.750 0.709 2.0 0.216 0.113 1.000
0.0 0.0 0.0 1.0 0.0 0.0 0.0 0.0 0.0 0.0 0.250 0.656 0.750 0.709 2.0 0.216 0.113 1.000
0.0 0.0 0.0 1.0 0.0 0.0 0.0 0.0 0.0 0.0 0.281 0.625 0.719 0.678 2.0 0.235 0.127 1.000
0.0 0.0 0.0 1.0 0.0 0.0 0.0 0.0 0.0 0.0 0.281 0.625 0.719 0.678 2.0 0.235 0.127 1.000
0.0 0.0 0.0 1.0 0.0 0.0 0.0 0.0 0.0 0.0 0.312 0.594 0.688 0.646 2.0 0.235 0.127 1.000
0.0 0.0 0.0 1.0 0.0 0.0 0.0 0.0 0.0 0.0 0.312 0.594 0.688 0.646 2.0 0.235 0.127 1.000
0.0 0.0 0.0 1.0 0.0 0.0 0.0 0.0 0.0 0.0 0.344 0.562 0.656 0.615 2.0 0.216 0.141 1.000
0.0 0.0 0.0 1.0 0.0 0.0 0.0 0.0 0.0 0.0 0.312 0.594 0.688 0.646 2.0 0.216 0.127 1.000
0.0 0.0 0.0 1.0 0.0 0.0 0.0 0.0 0.0 0.0 0.312 0.594 0.688 0.646 2.0 0.216 0.141 1.000
0.0 0.0 0.0 1.0 0.0 0.0 0.0 0.0 0.0 0.0 0.281 0.625 0.719 0.678 2.0 0.216 0.113 1.000
0.0 0.0 0.0 1.0 0.0 0.0 0.0 0.0 0.0 0.0 0.344 0.562 0.656 0.615 2.0 0.216 0.141 1.000
0.0 1.0 0.0 0.0 0.0 0.0 0.0 0.0 0.0 0.0 0.344 0.562 0.656 0.615 1.0 0.157 0.127 1.000
0.0 1.0 0.0 0.0 0.0 0.0 0.0 0.0 0.0 0.0 0.312 0.594 0.688 0.646 2.0 0.137 0.127 1.000
0.0 0.0 0.0 1.0 0.0 0.0 0.0 0.0 0.0 0.0 0.281 0.625 0.719 0.678 2.0 0.157 0.113 1.000
0.0 0.0 0.0 1.0 0.0 0.0 0.0 0.0 0.0 0.0 0.312 0.594 0.688 0.646 2.0 0.216 0.127 1.000
0.0 0.0 0.0 1.0 0.0 0.0 0.0 0.0 0.0 0.0 0.344 0.562 0.656 0.615 2.0 0.216 0.127 1.000
0.0 0.0 0.0 1.0 0.0 0.0 0.0 0.0 0.0 0.0 0.375 0.531 0.625 0.584 2.0 0.176 0.169 1.000
0.0 0.0 0.0 1.0 0.0 0.0 0.0 0.0 0.0 0.0 0.375 0.531 0.625 0.584 2.0 0.137 0.155 1.000
0.0 0.0 0.0 1.0 0.0 0.0 0.0 0.0 0.0 0.0 0.344 0.562 0.656 0.615 2.0 0.176 0.155 1.000
0.0 0.0 0.0 1.0 0.0 0.0 0.0 0.0 0.0 0.0 0.375 0.531 0.625 0.584 2.0 0.157 0.155 1.000
0.0 0.0 0.0 1.0 0.0 0.0 0.0 0.0 0.0 0.0 0.375 0.531 0.625 0.584 2.0 0.157 0.169 1.000
0.0 0.0 0.0 1.0 0.0 0.0 0.0 0.0 0.0 0.0 0.344 0.562 0.656 0.615 2.0 0.157 0.155 1.000
0.0 0.0 0.0 1.0 0.0 0.0 0.0 0.0 0.0 0.0 0.344 0.562 0.656 0.615 2.0 0.176 0.169 1.000
0.0 0.0 0.0 1.0 0.0 0.0 0.0 0.0 0.0 0.0 0.312 0.594 0.688 0.646 2.0 0.157 0.141 1.000
0.0 1.0 0.0 0.0 0.0 0.0 0.0 0.0 0.0 0.0 0.438 0.469 0.562 0.521 2.0 0.157 0.183 1.000
0.0 0.0 0.0 1.0 0.0 0.0 0.0 0.0 0.0 0.0 0.406 0.500 0.594 0.553 2.0 0.137 0.169 1.000
0.0 0.0 0.0 1.0 0.0 0.0 0.0 0.0 0.0 0.0 0.406 0.500 0.594 0.553 2.0 0.216 0.169 1.000
0.0 0.0 0.0 1.0 0.0 0.0 0.0 0.0 0.0 0.0 0.406 0.500 0.594 0.553 2.0 0.157 0.155 1.000
0.0 0.0 0.0 1.0 0.0 0.0 0.0 0.0 0.0 0.0 0.406 0.500 0.594 0.553 2.0 0.176 0.155 1.000
0.0 1.0 0.0 0.0 0.0 0.0 0.0 0.0 0.0 0.0 0.406 0.500 0.594 0.553 2.0 0.157 0.169 1.000
0.0 0.0 0.0 1.0 0.0 0.0 0.0 0.0 0.0 0.0 0.375 0.531 0.625 0.584 2.0 0.137 0.155 1.000
0.0 1.0 0.0 0.0 0.0 0.0 0.0 0.0 0.0 0.0 0.438 0.469 0.562 0.521 1.0 0.137 0.169 1.000
0.0 1.0 0.0 0.0 0.0 0.0 0.0 0.0 0.0 0.0 0.406 0.500 0.594 0.553 2.0 0.118 0.169 1.000
0.0 0.0 0.0 1.0 0.0 0.0 0.0 0.0 0.0 0.0 0.375 0.531 0.625 0.584 2.0 0.176 0.155 1.000
0.0 0.0 0.0 1.0 0.0 0.0 0.0 0.0 0.0 0.0 0.406 0.500 0.594 0.553 2.0 0.157 0.155 1.000
0.0 0.0 0.0 1.0 0.0 0.0 0.0 0.0 0.0 0.0 0.406 0.500 0.594 0.553 2.0 0.196 0.155 1.000
0.0 0.0 0.0 1.0 0.0 0.0 0.0 0.0 0.0 0.0 0.406 0.500 0.594 0.553 2.0 0.157 0.169 1.000
0.0 0.0 0.0 1.0 0.0 0.0 0.0 0.0 0.0 0.0 0.406 0.500 0.594 0.553 2.0 0.196 0.169 1.000
0.0 0.0 0.0 1.0 0.0 0.0 0.0 0.0 0.0 0.0 0.375 0.531 0.625 0.584 2.0 0.157 0.155 1.000
0.0 0.0 0.0 1.0 0.0 0.0 0.0 0.0 0.0 0.0 0.375 0.531 0.625 0.584 2.0 0.196 0.155 1.000
0.0 0.0 0.0 1.0 0.0 0.0 0.0 0.0 0.0 0.0 0.375 0.531 0.625 0.584 2.0 0.176 0.169 1.000
0.0 1.0 0.0 0.0 0.0 0.0 0.0 0.0 0.0 0.0 0.406 0.500 0.594 0.553 2.0 0.157 0.183 1.000
0.0 0.0 0.0 1.0 0.0 0.0 0.0 0.0 0.0 0.0 0.375 0.531 0.625 0.584 2.0 0.176 0.169 1.000
0.0 0.0 0.0 1.0 0.0 0.0 0.0 0.0 0.0 0.0 0.344 0.562 0.656 0.615 2.0 0.157 0.141 1.000
0.0 0.0 0.0 1.0 0.0 0.0 0.0 0.0 0.0 0.0 0.344 0.562 0.656 0.615 2.0 0.196 0.141 1.000
0.0 0.0 0.0 1.0 0.0 0.0 0.0 0.0 0.0 0.0 0.469 0.438 0.531 0.490 2.0 0.216 0.183 1.000
0.0 0.0 0.0 1.0 0.0 0.0 0.0 0.0 0.0 0.0 0.438 0.469 0.562 0.521 2.0 0.216 0.155 1.000
0.0 0.0 0.0 1.0 0.0 0.0 0.0 0.0 0.0 0.0 0.469 0.438 0.531 0.490 2.0 0.196 0.183 1.000
0.0 0.0 0.0 1.0 0.0 0.0 0.0 0.0 0.0 0.0 0.438 0.469 0.562 0.521 2.0 0.216 0.155 1.000
0.0 0.0 0.0 1.0 0.0 0.0 0.0 0.0 0.0 0.0 0.438 0.469 0.562 0.521 2.0 0.216 0.169 1.000
0.0 0.0 0.0 1.0 0.0 0.0 0.0 0.0 0.0 0.0 0.406 0.500 0.594 0.553 2.0 0.216 0.155 1.000
0.0 0.0 0.0 1.0 0.0 0.0 0.0 0.0 0.0 0.0 0.438 0.469 0.562 0.521 2.0 0.216 0.183 1.000
0.0 0.0 0.0 1.0 0.0 0.0 0.0 0.0 0.0 0.0 0.375 0.531 0.625 0.584 2.0 0.216 0.141 1.000
0.0 0.0 0.0 1.0 0.0 0.0 0.0 0.0 0.0 0.0 0.500 0.406 0.500 0.459 2.0 0.196 0.239 1.000
0.0 0.0 0.0 1.0 0.0 0.0 0.0 0.0 0.0 0.0 0.469 0.438 0.531 0.490 2.0 0.196 0.225 1.000
0.0 0.0 0.0 1.0 0.0 0.0 0.0 0.0 0.0 0.0 0.500 0.406 0.500 0.459 2.0 0.196 0.239 1.000
0.0 0.0 0.0 1.0 0.0 0.0 0.0 0.0 0.0 0.0 0.469 0.438 0.531 0.490 2.0 0.196 0.211 1.000
0.0 0.0 0.0 1.0 0.0 0.0 0.0 0.0 0.0 0.0 0.469 0.438 0.531 0.490 2.0 0.196 0.225 1.000
0.0 0.0 0.0 1.0 0.0 0.0 0.0 0.0 0.0 0.0 0.438 0.469 0.562 0.521 2.0 0.176 0.225 1.000
0.0 0.0 0.0 1.0 0.0 0.0 0.0 0.0 0.0 0.0 0.469 0.438 0.531 0.490 2.0 0.196 0.268 1.000
0.0 0.0 0.0 1.0 0.0 0.0 0.0 0.0 0.0 0.0 0.406 0.500 0.594 0.553 2.0 0.196 0.211 1.000
0.0 0.0 0.0 1.0 0.0 0.0 0.0 0.0 0.0 0.0 0.531 0.375 0.469 0.428 2.0 0.392 0.239 1.000
0.0 0.0 0.0 1.0 0.0 0.0 0.0 0.0 0.0 0.0 0.531 0.375 0.469 0.428 2.0 0.392 0.239 1.000
0.0 0.0 0.0 1.0 0.0 0.0 0.0 0.0 0.0 0.0 0.500 0.406 0.500 0.459 2.0 0.392 0.225 1.000
0.0 0.0 0.0 1.0 0.0 0.0 0.0 0.0 0.0 0.0 0.500 0.406 0.500 0.459 2.0 0.392 0.225 1.000
0.0 0.0 0.0 1.0 0.0 0.0 0.0 0.0 0.0 0.0 0.531 0.375 0.469 0.428 2.0 0.392 0.239 1.000
0.0 0.0 0.0 1.0 0.0 0.0 0.0 0.0 0.0 0.0 0.531 0.375 0.469 0.428 2.0 0.392 0.239 1.000
0.0 0.0 0.0 1.0 0.0 0.0 0.0 0.0 0.0 0.0 0.500 0.406 0.500 0.459 2.0 0.392 0.211 1.000
0.0 0.0 0.0 1.0 0.0 0.0 0.0 0.0 0.0 0.0 0.500 0.406 0.500 0.459 2.0 0.392 0.211 1.000
0.0 0.0 0.0 1.0 0.0 0.0 0.0 0.0 0.0 0.0 0.500 0.406 0.500 0.459 2.0 0.392 0.225 1.000
0.0 0.0 0.0 1.0 0.0 0.0 0.0 0.0 0.0 0.0 0.500 0.406 0.500 0.459 2.0 0.392 0.225 1.000
0.0 0.0 0.0 1.0 0.0 0.0 0.0 0.0 0.0 0.0 0.469 0.438 0.531 0.490 2.0 0.373 0.225 1.000
0.0 0.0 0.0 1.0 0.0 0.0 0.0 0.0 0.0 0.0 0.469 0.438 0.531 0.490 2.0 0.392 0.225 1.000
0.0 0.0 0.0 1.0 0.0 0.0 0.0 0.0 0.0 0.0 0.500 0.406 0.500 0.459 2.0 0.392 0.268 1.000
0.0 0.0 0.0 1.0 0.0 0.0 0.0 0.0 0.0 0.0 0.500 0.406 0.500 0.459 2.0 0.392 0.268 1.000
0.0 0.0 0.0 1.0 0.0 0.0 0.0 0.0 0.0 0.0 0.438 0.469 0.562 0.521 2.0 0.392 0.211 1.000
0.0 0.0 0.0 1.0 0.0 0.0 0.0 0.0 0.0 0.0 0.438 0.469 0.562 0.521 2.0 0.392 0.211 1.000
0.0 0.0 0.0 1.0 0.0 0.0 0.0 0.0 0.0 0.0 0.562 0.344 0.438 0.396 2.0 0.843 0.239 1.000
0.0 0.0 0.0 1.0 0.0 0.0 0.0 0.0 0.0 0.0 0.531 0.375 0.469 0.428 2.0 0.843 0.225 1.000
0.0 0.0 0.0 1.0 0.0 0.0 0.0 0.0 0.0 0.0 0.562 0.344 0.438 0.396 2.0 0.961 0.239 1.000
0.0 0.0 0.0 1.0 0.0 0.0 0.0 0.0 0.0 0.0 0.531 0.375 0.469 0.428 2.0 1.000 0.211 1.000
0.0 0.0 0.0 1.0 0.0 0.0 0.0 0.0 0.0 0.0 0.500 0.406 0.500 0.459 2.0 0.824 0.225 1.000
0.0 0.0 0.0 1.0 0.0 0.0 0.0 0.0 0.0 0.0 0.469 0.438 0.531 0.490 2.0 1.000 0.211 1.000
0.0 0.0 0.0 1.0 0.0 0.0 0.0 0.0 0.0 0.0 0.531 0.375 0.469 0.428 2.0 0.961 0.268 1.000
0.0 0.0 0.0 1.0 0.0 0.0 0.0 0.0 0.0 0.0 0.531 0.375 0.469 0.428 2.0 0.843 0.225 1.000
0.0 1.0 0.0 0.0 0.0 0.0 0.0 0.0 0.0 0.0 0.594 0.344 0.406 0.375 2.0 0.333 0.254 0.500
0.0 1.0 0.0 0.0 0.0 0.0 0.0 0.0 0.0 0.0 0.625 0.312 0.375 0.344 1.0 0.157 0.254 0.500
0.0 1.0 0.0 0.0 0.0 0.0 0.0 0.0 0.0 0.0 0.562 0.375 0.438 0.406 2.0 0.333 0.239 0.500
0.0 1.0 0.0 0.0 0.0 0.0 0.0 0.0 0.0 0.0 0.594 0.344 0.406 0.375 1.0 0.157 0.239 0.500
0.0 1.0 0.0 0.0 0.0 0.0 0.0 0.0 0.0 0.0 0.594 0.344 0.406 0.375 2.0 0.333 0.254 0.500
0.0 1.0 0.0 0.0 0.0 0.0 0.0 0.0 0.0 0.0 0.625 0.312 0.375 0.344 1.0 0.157 0.254 0.500
0.0 1.0 0.0 0.0 0.0 0.0 0.0 0.0 0.0 0.0 0.594 0.344 0.406 0.375 1.0 0.392 0.239 0.500
0.0 1.0 0.0 0.0 0.0 0.0 0.0 0.0 0.0 0.0 0.562 0.375 0.438 0.406 1.0 0.392 0.225 0.500
0.0 1.0 0.0 0.0 0.0 0.0 0.0 0.0 0.0 0.0 0.562 0.375 0.438 0.406 2.0 0.392 0.225 0.500
0.0 1.0 0.0 0.0 0.0 0.0 0.0 0.0 0.0 0.0 0.594 0.344 0.406 0.375 1.0 0.392 0.239 0.500
0.0 1.0 0.0 0.0 0.0 0.0 0.0 0.0 0.0 0.0 0.594 0.344 0.406 0.375 2.0 0.333 0.254 0.500
0.0 1.0 0.0 0.0 0.0 0.0 0.0 0.0 0.0 0.0 0.625 0.312 0.375 0.344 1.0 0.157 0.254 0.500
0.0 1.0 0.0 0.0 0.0 0.0 0.0 0.0 0.0 0.0 0.562 0.375 0.438 0.406 2.0 0.392 0.225 0.500
0.0 1.0 0.0 0.0 0.0 0.0 0.0 0.0 0.0 0.0 0.562 0.375 0.438 0.406 1.0 0.392 0.225 0.500
0.0 1.0 0.0 0.0 0.0 0.0 0.0 0.0 0.0 0.0 0.594 0.344 0.406 0.375 2.0 0.392 0.254 0.500
0.0 1.0 0.0 0.0 0.0 0.0 0.0 0.0 0.0 0.0 0.562 0.375 0.438 0.406 2.0 0.392 0.225 0.500
0.0 1.0 0.0 0.0 0.0 0.0 0.0 0.0 0.0 0.0 0.531 0.469 0.469 0.469 2.0 0.353 0.239 0.125
0.0 1.0 0.0 0.0 0.0 0.0 0.0 0.0 0.0 0.0 0.500 0.500 0.500 0.500 1.0 0.392 0.211 0.125
0.0 1.0 0.0 0.0 0.0 0.0 0.0 0.0 0.0 0.0 0.531 0.406 0.469 0.438 2.0 0.333 0.239 0.125
0.0 1.0 0.0 0.0 0.0 0.0 0.0 0.0 0.0 0.0 0.562 0.375 0.438 0.406 1.0 0.118 0.239 0.125
0.0 1.0 0.0 0.0 0.0 0.0 0.0 0.0 0.0 0.0 0.562 0.375 0.438 0.406 2.0 0.333 0.282 0.125
0.0 1.0 0.0 0.0 0.0 0.0 0.0 0.0 0.0 0.0 0.594 0.344 0.406 0.375 1.0 0.216 0.282 0.125
0.0 1.0 0.0 0.0 0.0 0.0 0.0 0.0 0.0 0.0 0.562 0.375 0.438 0.406 2.0 0.353 0.239 0.125
0.0 1.0 0.0 0.0 0.0 0.0 0.0 0.0 0.0 0.0 0.500 0.438 0.500 0.469 2.0 0.333 0.225 0.125
0.0 1.0 0.0 0.0 0.0 0.0 0.0 0.0 0.0 0.0 0.531 0.406 0.469 0.438 1.0 0.216 0.225 0.125
0.0 1.0 0.0 0.0 0.0 0.0 0.0 0.0 0.0 0.0 0.562 0.375 0.375 0.375 2.0 0.353 0.239 0.125
0.0 1.0 0.0 0.0 0.0 0.0 0.0 0.0 0.0 0.0 0.562 0.375 0.375 0.375 2.0 0.333 0.282 0.125
0.0 1.0 0.0 0.0 0.0 0.0 0.0 0.0 0.0 0.0 0.594 0.344 0.344 0.344 1.0 0.216 0.282 0.125
0.0 1.0 0.0 0.0 0.0 0.0 0.0 0.0 0.0 0.0 0.562 0.344 0.438 0.387 2.0 0.333 0.239 0.500
0.0 1.0 0.0 0.0 0.0 0.0 0.0 0.0 0.0 0.0 0.594 0.312 0.406 0.355 1.0 0.157 0.239 0.500
0.0 1.0 0.0 0.0 0.0 0.0 0.0 0.0 0.0 0.0 0.531 0.375 0.469 0.418 2.0 0.333 0.239 0.500
0.0 1.0 0.0 0.0 0.0 0.0 0.0 0.0 0.0 0.0 0.562 0.344 0.438 0.387 1.0 0.157 0.239 0.500
0.0 1.0 0.0 0.0 0.0 0.0 0.0 0.0 0.0 0.0 0.562 0.344 0.438 0.387 2.0 0.392 0.282 0.500
0.0 1.0 0.0 0.0 0.0 0.0 0.0 0.0 0.0 0.0 0.562 0.344 0.438 0.387 2.0 0.333 0.239 0.500
0.0 1.0 0.0 0.0 0.0 0.0 0.0 0.0 0.0 0.0 0.594 0.312 0.406 0.355 1.0 0.157 0.239 0.500
0.0 1.0 0.0 0.0 0.0 0.0 0.0 0.0 0.0 0.0 0.531 0.375 0.469 0.418 2.0 0.392 0.239 0.500
0.0 1.0 0.0 0.0 0.0 0.0 0.0 0.0 0.0 0.0 0.500 0.406 0.500 0.449 2.0 0.333 0.225 0.500
0.0 1.0 0.0 0.0 0.0 0.0 0.0 0.0 0.0 0.0 0.531 0.375 0.469 0.418 1.0 0.157 0.225 0.500
0.0 1.0 0.0 0.0 0.0 0.0 0.0 0.0 0.0 0.0 0.562 0.344 0.438 0.387 1.0 0.392 0.225 0.500
0.0 1.0 0.0 0.0 0.0 0.0 0.0 0.0 0.0 0.0 0.562 0.344 0.438 0.387 2.0 0.392 0.282 0.500
0.0 1.0 0.0 0.0 0.0 0.0 0.0 0.0 0.0 0.0 0.500 0.406 0.500 0.449 2.0 0.392 0.225 0.500
0.0 1.0 0.0 0.0 0.0 0.0 0.0 0.0 0.0 0.0 0.531 0.375 0.469 0.418 2.0 0.392 0.239 0.500
0.0 1.0 0.0 0.0 0.0 0.0 0.0 0.0 0.0 0.0 0.562 0.344 0.438 0.387 2.0 0.333 0.282 0.500
0.0 1.0 0.0 0.0 0.0 0.0 0.0 0.0 0.0 0.0 0.594 0.312 0.406 0.355 1.0 0.157 0.282 0.500
0.0 1.0 0.0 0.0 0.0 0.0 0.0 0.0 0.0 0.0 0.500 0.406 0.500 0.449 1.0 0.392 0.211 0.500
0.0 1.0 0.0 0.0 0.0 0.0 0.0 0.0 0.0 0.0 0.562 0.406 0.438 0.414 2.0 0.353 0.239 0.125
0.0 1.0 0.0 0.0 0.0 0.0 0.0 0.0 0.0 0.0 0.562 0.406 0.438 0.414 1.0 0.392 0.211 0.125
0.0 1.0 0.0 0.0 0.0 0.0 0.0 0.0 0.0 0.0 0.562 0.344 0.375 0.352 2.0 0.353 0.239 0.125
0.0 1.0 0.0 0.0 0.0 0.0 0.0 0.0 0.0 0.0 0.594 0.312 0.344 0.320 2.0 0.333 0.254 0.125
0.0 1.0 0.0 0.0 0.0 0.0 0.0 0.0 0.0 0.0 0.625 0.281 0.312 0.289 1.0 0.216 0.254 0.125
0.0 1.0 0.0 0.0 0.0 0.0 0.0 0.0 0.0 0.0 0.594 0.312 0.375 0.344 2.0 0.333 0.254 0.125
0.0 1.0 0.0 0.0 0.0 0.0 0.0 0.0 0.0 0.0 0.625 0.281 0.344 0.312 1.0 0.118 0.254 0.125
0.0 1.0 0.0 0.0 0.0 0.0 0.0 0.0 0.0 0.0 0.562 0.344 0.406 0.375 2.0 0.333 0.225 0.125
0.0 1.0 0.0 0.0 0.0 0.0 0.0 0.0 0.0 0.0 0.594 0.312 0.375 0.344 1.0 0.216 0.225 0.125
0.0 1.0 0.0 0.0 0.0 0.0 0.0 0.0 0.0 0.0 0.594 0.344 0.406 0.375 2.0 0.333 0.254 0.125
0.0 1.0 0.0 0.0 0.0 0.0 0.0 0.0 0.0 0.0 0.625 0.312 0.375 0.344 1.0 0.118 0.254 0.125
0.0 1.0 0.0 0.0 0.0 0.0 0.0 0.0 0.0 0.0 0.594 0.344 0.406 0.375 2.0 0.333 0.254 0.125
0.0 1.0 0.0 0.0 0.0 0.0 0.0 0.0 0.0 0.0 0.625 0.312 0.375 0.344 1.0 0.216 0.254 0.125
0.0 0.0 1.0 0.0 0.0 0.0 0.0 0.0 0.0 0.0 0.656 0.281 0.344 0.312 4.0 0.569 0.662 0.500
0.0 0.0 1.0 0.0 0.0 0.0 0.0 0.0 0.0 0.0 0.625 0.312 0.375 0.344 4.0 0.569 0.634 0.500
0.0 1.0 0.0 0.0 0.0 0.0 0.0 0.0 0.0 0.0 0.719 0.219 0.281 0.250 1.0 0.216 0.662 0.500
0.0 1.0 0.0 0.0 0.0 0.0 0.0 0.0 0.0 0.0 0.688 0.250 0.312 0.281 2.0 0.157 0.662 0.500
0.0 0.0 1.0 0.0 0.0 0.0 0.0 0.0 0.0 0.0 0.656 0.281 0.344 0.312 4.0 0.451 0.648 0.500
0.0 0.0 1.0 0.0 0.0 0.0 0.0 0.0 0.0 0.0 0.625 0.312 0.375 0.344 4.0 0.569 0.648 0.500
0.0 0.0 1.0 0.0 0.0 0.0 0.0 0.0 0.0 0.0 0.625 0.281 0.375 0.324 4.0 0.510 0.676 0.500
0.0 0.0 1.0 0.0 0.0 0.0 0.0 0.0 0.0 0.0 0.625 0.281 0.375 0.324 4.0 0.510 0.676 0.500
0.0 0.0 1.0 0.0 0.0 0.0 0.0 0.0 0.0 0.0 0.594 0.312 0.406 0.355 4.0 0.510 0.662 0.500
0.0 0.0 1.0 0.0 0.0 0.0 0.0 0.0 0.0 0.0 0.625 0.281 0.375 0.324 4.0 0.510 0.662 0.500
0.0 0.0 0.0 0.0 1.0 0.0 0.0 0.0 0.0 0.0 0.750 0.188 0.250 0.219 4.0 0.882 0.746 0.500
0.0 1.0 0.0 0.0 0.0 0.0 0.0 0.0 0.0 0.0 0.719 0.188 0.281 0.230 1.0 0.588 0.789 0.500
0.0 1.0 0.0 0.0 0.0 0.0 0.0 0.0 0.0 0.0 0.688 0.219 0.312 0.262 2.0 0.216 0.789 0.500
0.0 0.0 0.0 0.0 1.0 0.0 0.0 0.0 0.0 0.0 0.656 0.250 0.344 0.293 4.0 0.451 0.775 0.500
0.0 1.0 0.0 0.0 0.0 0.0 0.0 0.0 0.0 0.0 0.844 0.156 0.156 0.156 1.0 0.373 0.944 0.125
0.0 1.0 0.0 0.0 0.0 0.0 0.0 0.0 0.0 0.0 0.812 0.188 0.188 0.188 2.0 0.216 0.944 0.125
0.0 0.0 1.0 0.0 0.0 0.0 0.0 0.0 0.0 0.0 0.781 0.219 0.219 0.219 4.0 0.569 0.930 0.125
0.0 0.0 1.0 0.0 0.0 0.0 0.0 0.0 0.0 0.0 0.562 0.438 0.438 0.438 2.0 0.431 0.451 0.125
0.0 0.0 1.0 0.0 0.0 0.0 0.0 0.0 0.0 0.0 0.781 0.156 0.219 0.188 4.0 0.843 0.944 0.125
0.0 0.0 1.0 0.0 0.0 0.0 0.0 0.0 0.0 0.0 0.594 0.344 0.406 0.375 2.0 0.490 0.451 0.125
0.0 0.0 1.0 0.0 0.0 0.0 0.0 0.0 0.0 0.0 0.781 0.156 0.219 0.188 4.0 0.824 0.944 0.125
0.0 0.0 1.0 0.0 0.0 0.0 0.0 0.0 0.0 0.0 0.594 0.344 0.406 0.375 2.0 0.490 0.451 0.125
0.0 0.0 1.0 0.0 0.0 0.0 0.0 0.0 0.0 0.0 0.781 0.156 0.156 0.156 4.0 0.843 0.944 0.125
0.0 0.0 1.0 0.0 0.0 0.0 0.0 0.0 0.0 0.0 0.594 0.344 0.344 0.344 2.0 0.490 0.451 0.125
0.0 1.0 0.0 0.0 0.0 0.0 0.0 0.0 0.0 0.0 0.812 0.156 0.188 0.164 1.0 0.373 0.972 0.125
0.0 1.0 0.0 0.0 0.0 0.0 0.0 0.0 0.0 0.0 0.781 0.188 0.219 0.195 2.0 0.216 0.972 0.125
0.0 0.0 1.0 0.0 0.0 0.0 0.0 0.0 0.0 0.0 0.750 0.219 0.250 0.227 4.0 0.510 0.958 0.125
0.0 0.0 1.0 0.0 0.0 0.0 0.0 0.0 0.0 0.0 0.594 0.375 0.406 0.383 2.0 0.431 0.465 0.125
0.0 0.0 1.0 0.0 0.0 0.0 0.0 0.0 0.0 0.0 0.750 0.156 0.188 0.164 4.0 0.784 0.972 0.125
0.0 0.0 1.0 0.0 0.0 0.0 0.0 0.0 0.0 0.0 0.594 0.312 0.344 0.320 2.0 0.490 0.465 0.125
0.0 0.0 1.0 0.0 0.0 0.0 0.0 0.0 0.0 0.0 0.750 0.156 0.219 0.188 4.0 0.765 0.972 0.125
0.0 0.0 1.0 0.0 0.0 0.0 0.0 0.0 0.0 0.0 0.656 0.250 0.312 0.281 2.0 0.490 0.465 0.125
0.0 0.0 1.0 0.0 0.0 0.0 0.0 0.0 0.0 0.0 0.750 0.188 0.250 0.219 4.0 0.765 0.972 0.125
0.0 0.0 1.0 0.0 0.0 0.0 0.0 0.0 0.0 0.0 0.656 0.281 0.344 0.312 2.0 0.490 0.465 0.125
0.0 0.0 1.0 0.0 0.0 0.0 0.0 0.0 0.0 0.0 0.875 0.125 0.125 0.125 2.0 0.471 0.944 0.031
0.0 0.0 1.0 0.0 0.0 0.0 0.0 0.0 0.0 0.0 0.875 0.125 0.125 0.125 2.0 0.471 0.944 0.031
0.0 0.0 1.0 0.0 0.0 0.0 0.0 0.0 0.0 0.0 0.875 0.125 0.125 0.125 2.0 0.471 0.944 0.031
0.0 0.0 1.0 0.0 0.0 0.0 0.0 0.0 0.0 0.0 0.875 0.125 0.125 0.125 2.0 0.471 0.944 0.031
0.0 0.0 1.0 0.0 0.0 0.0 0.0 0.0 0.0 0.0 0.812 0.188 0.188 0.188 2.0 0.529 0.944 0.031
0.0 0.0 1.0 0.0 0.0 0.0 0.0 0.0 0.0 0.0 0.812 0.125 0.125 0.125 2.0 0.529 0.944 0.031
0.0 0.0 1.0 0.0 0.0 0.0 0.0 0.0 0.0 0.0 0.812 0.125 0.125 0.125 2.0 0.529 0.944 0.031
0.0 0.0 1.0 0.0 0.0 0.0 0.0 0.0 0.0 0.0 0.812 0.188 0.188 0.188 2.0 0.529 0.944 0.031
0.0 0.0 1.0 0.0 0.0 0.0 0.0 0.0 0.0 0.0 0.812 0.125 0.125 0.125 2.0 0.529 0.944 0.031
0.0 0.0 1.0 0.0 0.0 0.0 0.0 0.0 0.0 0.0 0.812 0.125 0.125 0.125 2.0 0.529 0.944 0.031
0.0 0.0 1.0 0.0 0.0 0.0 0.0 0.0 0.0 0.0 0.812 0.188 0.188 0.188 2.0 0.529 0.944 0.031
0.0 1.0 0.0 0.0 0.0 0.0 0.0 0.0 0.0 0.0 0.875 0.125 0.125 0.125 1.0 0.137 0.958 0.031
0.0 1.0 0.0 0.0 0.0 0.0 0.0 0.0 0.0 0.0 0.844 0.156 0.156 0.156 2.0 0.137 0.958 0.031
0.0 0.0 1.0 0.0 0.0 0.0 0.0 0.0 0.0 0.0 0.812 0.188 0.188 0.188 2.0 0.490 0.944 0.031
0.0 0.0 1.0 0.0 0.0 0.0 0.0 0.0 0.0 0.0 0.812 0.125 0.125 0.125 2.0 0.529 0.944 0.031
0.0 0.0 1.0 0.0 0.0 0.0 0.0 0.0 0.0 0.0 0.812 0.125 0.125 0.125 2.0 0.529 0.944 0.031
0.0 0.0 1.0 0.0 0.0 0.0 0.0 0.0 0.0 0.0 0.812 0.125 0.125 0.125 2.0 0.529 0.944 0.031
0.0 0.0 1.0 0.0 0.0 0.0 0.0 0.0 0.0 0.0 0.812 0.125 0.125 0.125 2.0 0.529 0.944 0.031
0.0 0.0 1.0 0.0 0.0 0.0 0.0 0.0 0.0 0.0 0.844 0.125 0.125 0.125 2.0 0.471 0.972 0.031
0.0 0.0 1.0 0.0 0.0 0.0 0.0 0.0 0.0 0.0 0.844 0.156 0.156 0.156 2.0 0.471 0.972 0.031
0.0 0.0 1.0 0.0 0.0 0.0 0.0 0.0 0.0 0.0 0.844 0.125 0.125 0.125 2.0 0.471 0.972 0.031
0.0 0.0 1.0 0.0 0.0 0.0 0.0 0.0 0.0 0.0 0.844 0.125 0.125 0.125 2.0 0.471 0.972 0.031
0.0 0.0 1.0 0.0 0.0 0.0 0.0 0.0 0.0 0.0 0.781 0.125 0.125 0.125 2.0 0.529 0.972 0.031
0.0 0.0 1.0 0.0 0.0 0.0 0.0 0.0 0.0 0.0 0.781 0.125 0.125 0.125 2.0 0.529 0.972 0.031
0.0 0.0 1.0 0.0 0.0 0.0 0.0 0.0 0.0 0.0 0.781 0.125 0.125 0.125 2.0 0.529 0.972 0.031
0.0 0.0 1.0 0.0 0.0 0.0 0.0 0.0 0.0 0.0 0.781 0.156 0.156 0.156 2.0 0.529 0.972 0.031
0.0 0.0 1.0 0.0 0.0 0.0 0.0 0.0 0.0 0.0 0.781 0.188 0.188 0.188 2.0 0.549 0.972 0.031
0.0 0.0 1.0 0.0 0.0 0.0 0.0 0.0 0.0 0.0 0.781 0.125 0.125 0.125 2.0 0.529 0.972 0.031
0.0 0.0 1.0 0.0 0.0 0.0 0.0 0.0 0.0 0.0 0.781 0.125 0.125 0.125 2.0 0.529 0.972 0.031
0.0 1.0 0.0 0.0 0.0 0.0 0.0 0.0 0.0 0.0 0.844 0.125 0.125 0.125 1.0 0.137 0.986 0.031
0.0 1.0 0.0 0.0 0.0 0.0 0.0 0.0 0.0 0.0 0.812 0.156 0.156 0.156 2.0 0.137 0.986 0.031
0.0 0.0 1.0 0.0 0.0 0.0 0.0 0.0 0.0 0.0 0.781 0.188 0.188 0.188 2.0 0.490 0.972 0.031
0.0 0.0 1.0 0.0 0.0 0.0 0.0 0.0 0.0 0.0 0.781 0.219 0.219 0.219 2.0 0.529 0.972 0.031
0.0 1.0 0.0 0.0 0.0 0.0 0.0 0.0 0.0 0.0 0.844 0.125 0.125 0.125 1.0 0.137 0.986 0.031
0.0 1.0 0.0 0.0 0.0 0.0 0.0 0.0 0.0 0.0 0.812 0.156 0.156 0.156 2.0 0.137 0.986 0.031
0.0 0.0 1.0 0.0 0.0 0.0 0.0 0.0 0.0 0.0 0.781 0.188 0.188 0.188 2.0 0.490 0.972 0.031
0.0 0.0 1.0 0.0 0.0 0.0 0.0 0.0 0.0 0.0 0.781 0.188 0.188 0.188 2.0 0.549 0.972 0.031
0.0 0.0 1.0 0.0 0.0 0.0 0.0 0.0 0.0 0.0 0.781 0.156 0.156 0.156 2.0 0.529 0.972 0.031
0.0 0.0 0.0 1.0 0.0 0.0 0.0 0.0 1.0 0.0 0.906 0.094 0.094 0.094 2.0 0.137 0.944 0.031
0.0 0.0 0.0 1.0 0.0 0.0 0.0 0.0 1.0 0.0 0.906 0.094 0.094 0.094 2.0 0.137 0.944 0.031
0.0 0.0 0.0 1.0 0.0 0.0 0.0 0.0 1.0 0.0 0.906 0.094 0.094 0.094 2.0 0.137 0.944 0.031
0.0 0.0 0.0 1.0 0.0 0.0 0.0 0.0 1.0 0.0 0.906 0.094 0.094 0.094 2.0 0.137 0.944 0.031
0.0 0.0 0.0 1.0 0.0 0.0 0.0 0.0 1.0 0.0 0.844 0.156 0.156 0.156 2.0 0.137 0.944 0.031
0.0 0.0 0.0 1.0 0.0 0.0 0.0 0.0 1.0 0.0 0.844 0.094 0.094 0.094 2.0 0.137 0.944 0.031
0.0 0.0 0.0 1.0 0.0 0.0 0.0 0.0 1.0 0.0 0.844 0.094 0.094 0.094 2.0 0.137 0.944 0.031
0.0 0.0 0.0 1.0 0.0 0.0 0.0 0.0 1.0 0.0 0.844 0.156 0.156 0.156 2.0 0.157 0.944 0.031
0.0 0.0 0.0 1.0 0.0 0.0 0.0 0.0 1.0 0.0 0.844 0.094 0.094 0.094 2.0 0.137 0.944 0.031
0.0 0.0 0.0 1.0 0.0 0.0 0.0 0.0 1.0 0.0 0.844 0.094 0.094 0.094 2.0 0.137 0.944 0.031
0.0 0.0 0.0 1.0 0.0 0.0 0.0 0.0 1.0 0.0 0.844 0.156 0.156 0.156 2.0 0.137 0.944 0.031
0.0 0.0 0.0 1.0 0.0 0.0 0.0 0.0 1.0 0.0 0.906 0.094 0.094 0.094 2.0 0.118 0.958 0.031
0.0 0.0 0.0 1.0 0.0 0.0 0.0 0.0 1.0 0.0 0.844 0.094 0.094 0.094 2.0 0.137 0.944 0.031
0.0 0.0 0.0 1.0 0.0 0.0 0.0 0.0 1.0 0.0 0.844 0.094 0.094 0.094 2.0 0.137 0.944 0.031
0.0 0.0 0.0 1.0 0.0 0.0 0.0 0.0 1.0 0.0 0.844 0.094 0.094 0.094 2.0 0.137 0.944 0.031
0.0 0.0 0.0 1.0 0.0 0.0 0.0 0.0 1.0 0.0 0.844 0.094 0.094 0.094 2.0 0.137 0.944 0.031
0.0 0.0 0.0 1.0 0.0 0.0 0.0 0.0 1.0 0.0 0.875 0.094 0.094 0.094 2.0 0.137 0.972 0.031
0.0 0.0 0.0 1.0 0.0 0.0 0.0 0.0 1.0 0.0 0.875 0.125 0.125 0.125 2.0 0.137 0.972 0.031
0.0 0.0 0.0 1.0 0.0 0.0 0.0 0.0 1.0 0.0 0.875 0.094 0.094 0.094 2.0 0.137 0.972 0.031
0.0 0.0 0.0 1.0 0.0 0.0 0.0 0.0 1.0 0.0 0.875 0.094 0.094 0.094 2.0 0.137 0.972 0.031
0.0 0.0 0.0 1.0 0.0 0.0 0.0 0.0 1.0 0.0 0.812 0.094 0.094 0.094 2.0 0.137 0.972 0.031
0.0 0.0 0.0 1.0 0.0 0.0 0.0 0.0 1.0 0.0 0.812 0.094 0.094 0.094 2.0 0.137 0.972 0.031
0.0 0.0 0.0 1.0 0.0 0.0 0.0 0.0 1.0 0.0 0.812 0.094 0.094 0.094 2.0 0.137 0.972 0.031
0.0 0.0 0.0 1.0 0.0 0.0 0.0 0.0 1.0 0.0 0.812 0.125 0.125 0.125 2.0 0.137 0.972 0.031
0.0 1.0 0.0 0.0 0.0 0.0 0.0 0.0 0.0 0.0 0.875 0.094 0.094 0.094 1.0 0.137 0.986 0.031
0.0 1.0 0.0 0.0 0.0 0.0 0.0 0.0 0.0 0.0 0.844 0.125 0.125 0.125 2.0 0.118 0.986 0.031
0.0 0.0 0.0 1.0 0.0 0.0 0.0 0.0 1.0 0.0 0.812 0.156 0.156 0.156 2.0 0.137 0.972 0.031
0.0 0.0 0.0 1.0 0.0 0.0 0.0 0.0 1.0 0.0 0.812 0.094 0.094 0.094 2.0 0.137 0.972 0.031
0.0 0.0 0.0 1.0 0.0 0.0 0.0 0.0 1.0 0.0 0.812 0.094 0.094 0.094 2.0 0.137 0.972 0.031
0.0 0.0 0.0 1.0 0.0 0.0 0.0 0.0 1.0 0.0 0.875 0.094 0.094 0.094 2.0 0.118 0.986 0.031
0.0 0.0 0.0 1.0 0.0 0.0 0.0 0.0 1.0 0.0 0.812 0.188 0.188 0.188 2.0 0.157 0.972 0.031
0.0 0.0 0.0 1.0 0.0 0.0 0.0 0.0 1.0 0.0 0.875 0.094 0.094 0.094 2.0 0.118 0.986 0.031
0.0 1.0 0.0 0.0 0.0 0.0 0.0 0.0 0.0 0.0 0.875 0.094 0.094 0.094 1.0 0.137 0.986 0.031
0.0 1.0 0.0 0.0 0.0 0.0 0.0 0.0 0.0 0.0 0.844 0.125 0.125 0.125 2.0 0.118 0.986 0.031
0.0 0.0 0.0 1.0 0.0 0.0 0.0 0.0 1.0 0.0 0.812 0.156 0.156 0.156 2.0 0.137 0.972 0.031
0.0 0.0 0.0 1.0 0.0 0.0 0.0 0.0 1.0 0.0 0.812 0.125 0.125 0.125 2.0 0.137 0.972 0.031
0.0 0.0 0.0 1.0 0.0 0.0 0.0 0.0 1.0 0.0 0.938 0.062 0.062 0.062 2.0 0.118 0.944 0.031
0.0 0.0 0.0 1.0 0.0 0.0 0.0 0.0 0.0 0.0 0.938 0.062 0.062 0.062 2.0 0.157 0.944 0.031
0.0 0.0 0.0 1.0 0.0 0.0 0.0 0.0 1.0 0.0 0.938 0.062 0.062 0.062 2.0 0.118 0.944 0.031
0.0 0.0 0.0 1.0 0.0 0.0 0.0 0.0 0.0 0.0 0.938 0.062 0.062 0.062 2.0 0.157 0.944 0.031
0.0 0.0 0.0 1.0 0.0 0.0 0.0 0.0 1.0 0.0 0.938 0.062 0.062 0.062 2.0 0.118 0.944 0.031
0.0 0.0 0.0 1.0 0.0 0.0 0.0 0.0 0.0 0.0 0.938 0.062 0.062 0.062 2.0 0.157 0.944 0.031
0.0 0.0 0.0 1.0 0.0 0.0 0.0 0.0 1.0 0.0 0.938 0.062 0.062 0.062 2.0 0.118 0.944 0.031
0.0 0.0 0.0 1.0 0.0 0.0 0.0 0.0 0.0 0.0 0.938 0.062 0.062 0.062 2.0 0.157 0.944 0.031
0.0 0.0 0.0 1.0 0.0 0.0 0.0 0.0 1.0 0.0 0.875 0.125 0.125 0.125 2.0 0.118 0.944 0.031
0.0 0.0 0.0 1.0 0.0 0.0 0.0 0.0 0.0 0.0 0.875 0.125 0.125 0.125 2.0 0.157 0.944 0.031
0.0 0.0 0.0 1.0 0.0 0.0 0.0 0.0 1.0 0.0 0.875 0.062 0.062 0.062 2.0 0.118 0.944 0.031
0.0 0.0 0.0 1.0 0.0 0.0 0.0 0.0 0.0 0.0 0.875 0.062 0.062 0.062 2.0 0.157 0.944 0.031
0.0 0.0 0.0 1.0 0.0 0.0 0.0 0.0 1.0 0.0 0.875 0.062 0.062 0.062 2.0 0.118 0.944 0.031
0.0 0.0 0.0 1.0 0.0 0.0 0.0 0.0 0.0 0.0 0.875 0.062 0.062 0.062 2.0 0.157 0.944 0.031
0.0 0.0 0.0 1.0 0.0 0.0 0.0 0.0 1.0 0.0 0.875 0.125 0.125 0.125 2.0 0.137 0.944 0.031
0.0 1.0 0.0 0.0 0.0 0.0 0.0 0.0 0.0 0.0 0.938 0.062 0.062 0.062 1.0 0.118 0.958 0.031
0.0 1.0 0.0 0.0 0.0 0.0 0.0 0.0 0.0 0.0 0.906 0.094 0.094 0.094 2.0 0.118 0.958 0.031
0.0 0.0 0.0 1.0 0.0 0.0 0.0 0.0 0.0 0.0 0.875 0.125 0.125 0.125 2.0 0.157 0.944 0.031
0.0 0.0 0.0 1.0 0.0 0.0 0.0 0.0 1.0 0.0 0.875 0.062 0.062 0.062 2.0 0.118 0.944 0.031
0.0 0.0 0.0 1.0 0.0 0.0 0.0 0.0 0.0 0.0 0.875 0.062 0.062 0.062 2.0 0.157 0.944 0.031
0.0 0.0 0.0 1.0 0.0 0.0 0.0 0.0 1.0 0.0 0.875 0.062 0.062 0.062 2.0 0.118 0.944 0.031
0.0 0.0 0.0 1.0 0.0 0.0 0.0 0.0 0.0 0.0 0.875 0.062 0.062 0.062 2.0 0.157 0.944 0.031
0.0 0.0 0.0 1.0 0.0 0.0 0.0 0.0 1.0 0.0 0.875 0.125 0.125 0.125 2.0 0.118 0.944 0.031
0.0 0.0 0.0 1.0 0.0 0.0 0.0 0.0 0.0 0.0 0.875 0.125 0.125 0.125 2.0 0.157 0.944 0.031
0.0 0.0 0.0 1.0 0.0 0.0 0.0 0.0 1.0 0.0 0.938 0.062 0.062 0.062 2.0 0.118 0.958 0.031
0.0 0.0 0.0 1.0 0.0 0.0 0.0 0.0 0.0 0.0 0.938 0.062 0.062 0.062 2.0 0.137 0.958 0.031
0.0 0.0 0.0 1.0 0.0 0.0 0.0 0.0 1.0 0.0 0.875 0.062 0.062 0.062 2.0 0.118 0.944 0.031
0.0 0.0 0.0 1.0 0.0 0.0 0.0 0.0 0.0 0.0 0.875 0.062 0.062 0.062 2.0 0.157 0.944 0.031
0.0 0.0 0.0 1.0 0.0 0.0 0.0 0.0 1.0 0.0 0.875 0.062 0.062 0.062 2.0 0.118 0.944 0.031
0.0 0.0 0.0 1.0 0.0 0.0 0.0 0.0 0.0 0.0 0.875 0.062 0.062 0.062 2.0 0.157 0.944 0.031
0.0 0.0 0.0 1.0 0.0 0.0 0.0 0.0 1.0 0.0 0.875 0.062 0.062 0.062 2.0 0.118 0.944 0.031
0.0 0.0 0.0 1.0 0.0 0.0 0.0 0.0 0.0 0.0 0.875 0.062 0.062 0.062 2.0 0.157 0.944 0.031
0.0 0.0 0.0 1.0 0.0 0.0 0.0 0.0 1.0 0.0 0.875 0.062 0.062 0.062 2.0 0.118 0.944 0.031
0.0 0.0 0.0 1.0 0.0 0.0 0.0 0.0 0.0 0.0 0.875 0.062 0.062 0.062 2.0 0.157 0.944 0.031
0.0 0.0 0.0 1.0 0.0 0.0 0.0 0.0 1.0 0.0 0.906 0.062 0.062 0.062 2.0 0.118 0.972 0.031
0.0 0.0 0.0 1.0 0.0 0.0 0.0 0.0 0.0 0.0 0.906 0.062 0.062 0.062 2.0 0.157 0.972 0.031
0.0 0.0 0.0 1.0 0.0 0.0 0.0 0.0 1.0 0.0 0.906 0.094 0.094 0.094 2.0 0.118 0.972 0.031
0.0 0.0 0.0 1.0 0.0 0.0 0.0 0.0 0.0 0.0 0.906 0.094 0.094 0.094 2.0 0.157 0.972 0.031
0.0 0.0 0.0 1.0 0.0 0.0 0.0 0.0 1.0 0.0 0.906 0.062 0.062 0.062 2.0 0.118 0.972 0.031
0.0 0.0 0.0 1.0 0.0 0.0 0.0 0.0 0.0 0.0 0.906 0.062 0.062 0.062 2.0 0.157 0.972 0.031
0.0 0.0 0.0 1.0 0.0 0.0 0.0 0.0 1.0 0.0 0.906 0.062 0.062 0.062 2.0 0.118 0.972 0.031
0.0 0.0 0.0 1.0 0.0 0.0 0.0 0.0 0.0 0.0 0.906 0.062 0.062 0.062 2.0 0.157 0.972 0.031
0.0 0.0 0.0 1.0 0.0 0.0 0.0 0.0 1.0 0.0 0.844 0.062 0.062 0.062 2.0 0.118 0.972 0.031
0.0 0.0 0.0 1.0 0.0 0.0 0.0 0.0 0.0 0.0 0.844 0.062 0.062 0.062 2.0 0.157 0.972 0.031
0.0 0.0 0.0 1.0 0.0 0.0 0.0 0.0 1.0 0.0 0.844 0.062 0.062 0.062 2.0 0.118 0.972 0.031
0.0 0.0 0.0 1.0 0.0 0.0 0.0 0.0 0.0 0.0 0.844 0.062 0.062 0.062 2.0 0.157 0.972 0.031
0.0 0.0 0.0 1.0 0.0 0.0 0.0 0.0 1.0 0.0 0.844 0.062 0.062 0.062 2.0 0.118 0.972 0.031
0.0 0.0 0.0 1.0 0.0 0.0 0.0 0.0 0.0 0.0 0.844 0.062 0.062 0.062 2.0 0.157 0.972 0.031
0.0 0.0 0.0 1.0 0.0 0.0 0.0 0.0 1.0 0.0 0.844 0.094 0.094 0.094 2.0 0.118 0.972 0.031
0.0 0.0 0.0 1.0 0.0 0.0 0.0 0.0 0.0 0.0 0.844 0.094 0.094 0.094 2.0 0.157 0.972 0.031
0.0 0.0 0.0 1.0 0.0 0.0 0.0 0.0 1.0 0.0 0.906 0.062 0.062 0.062 2.0 0.118 0.986 0.031
0.0 0.0 0.0 1.0 0.0 0.0 0.0 0.0 0.0 0.0 0.906 0.062 0.062 0.062 2.0 0.196 0.986 0.031
0.0 0.0 0.0 1.0 0.0 0.0 0.0 0.0 1.0 0.0 0.844 0.062 0.062 0.062 2.0 0.118 0.972 0.031
0.0 0.0 0.0 1.0 0.0 0.0 0.0 0.0 0.0 0.0 0.844 0.062 0.062 0.062 2.0 0.157 0.972 0.031
0.0 0.0 0.0 1.0 0.0 0.0 0.0 0.0 1.0 0.0 0.844 0.062 0.062 0.062 2.0 0.118 0.972 0.031
0.0 0.0 0.0 1.0 0.0 0.0 0.0 0.0 0.0 0.0 0.844 0.062 0.062 0.062 2.0 0.157 0.972 0.031
0.0 0.0 0.0 1.0 0.0 0.0 0.0 0.0 1.0 0.0 0.906 0.062 0.062 0.062 2.0 0.118 0.986 0.031
0.0 0.0 0.0 1.0 0.0 0.0 0.0 0.0 0.0 0.0 0.906 0.062 0.062 0.062 2.0 0.137 0.986 0.031
0.0 1.0 0.0 0.0 0.0 0.0 0.0 0.0 0.0 0.0 0.906 0.094 0.094 0.094 1.0 0.118 0.986 0.031
0.0 1.0 0.0 0.0 0.0 0.0 0.0 0.0 0.0 0.0 0.875 0.125 0.125 0.125 2.0 0.098 0.986 0.031
0.0 0.0 0.0 1.0 0.0 0.0 0.0 0.0 1.0 0.0 0.844 0.156 0.156 0.156 2.0 0.118 0.972 0.031
0.0 0.0 0.0 1.0 0.0 0.0 0.0 0.0 0.0 0.0 0.844 0.156 0.156 0.156 2.0 0.176 0.972 0.031
0.0 0.0 0.0 1.0 0.0 0.0 0.0 0.0 1.0 0.0 0.906 0.062 0.062 0.062 2.0 0.118 0.986 0.031
0.0 0.0 0.0 1.0 0.0 0.0 0.0 0.0 0.0 0.0 0.906 0.062 0.062 0.062 2.0 0.137 0.986 0.031
0.0 0.0 0.0 1.0 0.0 0.0 0.0 0.0 1.0 0.0 0.906 0.062 0.062 0.062 2.0 0.118 0.986 0.031
0.0 0.0 0.0 1.0 0.0 0.0 0.0 0.0 0.0 0.0 0.906 0.062 0.062 0.062 2.0 0.196 0.986 0.031
0.0 0.0 0.0 1.0 0.0 0.0 0.0 0.0 1.0 0.0 0.844 0.094 0.094 0.094 2.0 0.118 0.972 0.031
0.0 0.0 0.0 1.0 0.0 0.0 0.0 0.0 0.0 0.0 0.844 0.094 0.094 0.094 2.0 0.157 0.972 0.031
0.0 0.0 0.0 1.0 0.0 0.0 0.0 0.0 0.0 0.0 0.969 0.031 0.031 0.031 2.0 0.118 0.944 0.031
0.0 0.0 0.0 1.0 0.0 0.0 0.0 0.0 0.0 0.0 0.969 0.031 0.031 0.031 2.0 0.118 0.944 0.031
0.0 0.0 0.0 1.0 0.0 0.0 0.0 0.0 0.0 0.0 0.969 0.031 0.031 0.031 2.0 0.118 0.944 0.031
0.0 0.0 0.0 1.0 0.0 0.0 0.0 0.0 0.0 0.0 0.969 0.031 0.031 0.031 2.0 0.118 0.944 0.031
0.0 0.0 0.0 1.0 0.0 0.0 0.0 0.0 0.0 0.0 0.906 0.094 0.094 0.094 2.0 0.137 0.944 0.031
0.0 0.0 0.0 1.0 0.0 0.0 0.0 0.0 0.0 0.0 0.906 0.031 0.031 0.031 2.0 0.118 0.944 0.031
0.0 0.0 0.0 1.0 0.0 0.0 0.0 0.0 0.0 0.0 0.906 0.031 0.031 0.031 2.0 0.118 0.944 0.031
0.0 0.0 0.0 1.0 0.0 0.0 0.0 0.0 0.0 0.0 0.969 0.031 0.031 0.031 2.0 0.118 0.958 0.031
0.0 0.0 0.0 1.0 0.0 0.0 0.0 0.0 0.0 0.0 0.906 0.031 0.031 0.031 2.0 0.118 0.944 0.031
0.0 0.0 0.0 1.0 0.0 0.0 0.0 0.0 0.0 0.0 0.906 0.031 0.031 0.031 2.0 0.118 0.944 0.031
0.0 1.0 0.0 0.0 0.0 0.0 0.0 0.0 0.0 0.0 0.969 0.031 0.031 0.031 1.0 0.078 0.958 0.031
0.0 1.0 0.0 0.0 0.0 0.0 0.0 0.0 0.0 0.0 0.938 0.062 0.062 0.062 2.0 0.118 0.958 0.031
0.0 0.0 0.0 1.0 0.0 0.0 0.0 0.0 0.0 0.0 0.906 0.094 0.094 0.094 2.0 0.137 0.944 0.031
0.0 0.0 0.0 1.0 0.0 0.0 0.0 0.0 0.0 0.0 0.969 0.031 0.031 0.031 2.0 0.118 0.958 0.031
0.0 0.0 0.0 1.0 0.0 0.0 0.0 0.0 0.0 0.0 0.906 0.031 0.031 0.031 2.0 0.118 0.944 0.031
0.0 0.0 0.0 1.0 0.0 0.0 0.0 0.0 0.0 0.0 0.906 0.031 0.031 0.031 2.0 0.118 0.944 0.031
0.0 0.0 0.0 1.0 0.0 0.0 0.0 0.0 0.0 0.0 0.906 0.031 0.031 0.031 2.0 0.118 0.944 0.031
0.0 0.0 0.0 1.0 0.0 0.0 0.0 0.0 0.0 0.0 0.906 0.031 0.031 0.031 2.0 0.118 0.944 0.031
0.0 0.0 0.0 1.0 0.0 0.0 0.0 0.0 0.0 0.0 0.938 0.031 0.031 0.031 2.0 0.118 0.972 0.031
0.0 0.0 0.0 1.0 0.0 0.0 0.0 0.0 0.0 0.0 0.938 0.062 0.062 0.062 2.0 0.137 0.972 0.031
0.0 0.0 0.0 1.0 0.0 0.0 0.0 0.0 0.0 0.0 0.938 0.031 0.031 0.031 2.0 0.118 0.972 0.031
0.0 0.0 0.0 1.0 0.0 0.0 0.0 0.0 0.0 0.0 0.938 0.031 0.031 0.031 2.0 0.118 0.972 0.031
0.0 0.0 0.0 1.0 0.0 0.0 0.0 0.0 0.0 0.0 0.875 0.031 0.031 0.031 2.0 0.118 0.972 0.031
0.0 0.0 0.0 1.0 0.0 0.0 0.0 0.0 0.0 0.0 0.875 0.031 0.031 0.031 2.0 0.118 0.972 0.031
0.0 0.0 0.0 1.0 0.0 0.0 0.0 0.0 0.0 0.0 0.875 0.031 0.031 0.031 2.0 0.118 0.972 0.031
0.0 1.0 0.0 0.0 0.0 0.0 0.0 0.0 0.0 0.0 0.906 0.031 0.031 0.031 2.0 0.098 0.986 0.031
0.0 0.0 0.0 1.0 0.0 0.0 0.0 0.0 0.0 0.0 0.875 0.062 0.062 0.062 2.0 0.137 0.972 0.031
0.0 0.0 0.0 1.0 0.0 0.0 0.0 0.0 0.0 0.0 0.938 0.031 0.031 0.031 2.0 0.118 0.986 0.031
0.0 0.0 0.0 1.0 0.0 0.0 0.0 0.0 0.0 0.0 0.875 0.031 0.031 0.031 2.0 0.118 0.972 0.031
0.0 0.0 0.0 1.0 0.0 0.0 0.0 0.0 0.0 0.0 0.875 0.031 0.031 0.031 2.0 0.118 0.972 0.031
0.0 0.0 0.0 1.0 0.0 0.0 0.0 0.0 0.0 0.0 0.938 0.031 0.031 0.031 2.0 0.118 0.986 0.031
0.0 0.0 0.0 1.0 0.0 0.0 0.0 0.0 0.0 0.0 0.938 0.062 0.062 0.062 2.0 0.157 0.986 0.031
0.0 0.0 0.0 1.0 0.0 0.0 0.0 0.0 0.0 0.0 0.938 0.031 0.031 0.031 2.0 0.118 0.986 0.031
0.0 0.0 0.0 1.0 0.0 0.0 0.0 0.0 0.0 0.0 0.938 0.031 0.031 0.031 2.0 0.118 0.986 0.031
0.0 1.0 0.0 0.0 0.0 0.0 0.0 0.0 0.0 0.0 0.906 0.031 0.031 0.031 2.0 0.098 0.986 0.031
0.0 0.0 0.0 1.0 0.0 0.0 0.0 0.0 0.0 0.0 0.875 0.062 0.062 0.062 2.0 0.137 0.972 0.031
1.0 0.0 0.0 0.0 0.0 0.0 0.0 0.0 0.0 1.0 1.000 0.000 0.000 0.000 1.0 0.078 0.944 0.031
1.0 0.0 0.0 0.0 0.0 0.0 0.0 0.0 0.0 1.0 1.000 0.000 0.000 0.000 1.0 0.078 0.944 0.031
1.0 0.0 0.0 0.0 0.0 0.0 0.0 0.0 0.0 1.0 1.000 0.000 0.000 0.000 1.0 0.078 0.944 0.031
1.0 0.0 0.0 0.0 0.0 0.0 0.0 0.0 0.0 1.0 1.000 0.000 0.000 0.000 1.0 0.078 0.944 0.031
0.0 1.0 0.0 0.0 0.0 0.0 0.0 0.0 0.0 1.0 1.000 0.000 0.000 0.000 1.0 0.059 0.958 0.031
0.0 1.0 0.0 0.0 0.0 0.0 0.0 0.0 0.0 0.0 0.969 0.031 0.031 0.031 2.0 0.078 0.958 0.031
1.0 0.0 0.0 0.0 0.0 0.0 0.0 0.0 0.0 0.0 0.938 0.062 0.062 0.062 1.0 0.118 0.944 0.031
1.0 0.0 0.0 0.0 0.0 0.0 0.0 0.0 0.0 1.0 0.938 0.000 0.000 0.000 1.0 0.078 0.944 0.031
1.0 0.0 0.0 0.0 0.0 0.0 0.0 0.0 0.0 1.0 0.938 0.000 0.000 0.000 1.0 0.078 0.944 0.031
1.0 0.0 0.0 0.0 0.0 0.0 0.0 0.0 0.0 1.0 1.000 0.000 0.000 0.000 1.0 0.078 0.958 0.031
1.0 0.0 0.0 0.0 0.0 0.0 0.0 0.0 0.0 1.0 0.938 0.000 0.000 0.000 1.0 0.078 0.944 0.031
1.0 0.0 0.0 0.0 0.0 0.0 0.0 0.0 0.0 1.0 0.938 0.000 0.000 0.000 1.0 0.078 0.944 0.031
1.0 0.0 0.0 0.0 0.0 0.0 0.0 0.0 0.0 1.0 1.000 0.000 0.000 0.000 1.0 0.059 0.958 0.031
1.0 0.0 0.0 0.0 0.0 0.0 0.0 0.0 0.0 1.0 1.000 0.000 0.000 0.000 1.0 0.078 0.958 0.031
1.0 0.0 0.0 0.0 0.0 0.0 0.0 0.0 0.0 1.0 0.938 0.000 0.000 0.000 1.0 0.078 0.944 0.031
1.0 0.0 0.0 0.0 0.0 0.0 0.0 0.0 0.0 1.0 0.938 0.000 0.000 0.000 1.0 0.078 0.944 0.031
1.0 0.0 0.0 0.0 0.0 0.0 0.0 0.0 0.0 1.0 0.938 0.000 0.000 0.000 1.0 0.078 0.944 0.031
1.0 0.0 0.0 0.0 0.0 0.0 0.0 0.0 0.0 1.0 0.938 0.000 0.000 0.000 1.0 0.078 0.944 0.031
1.0 0.0 0.0 0.0 0.0 0.0 0.0 0.0 0.0 1.0 0.969 0.000 0.000 0.000 1.0 0.078 0.972 0.031
0.0 1.0 0.0 0.0 0.0 0.0 0.0 0.0 0.0 1.0 1.000 0.000 0.000 0.000 2.0 0.059 0.986 0.031
1.0 0.0 0.0 0.0 0.0 0.0 0.0 0.0 0.0 0.0 0.969 0.031 0.031 0.031 1.0 0.098 0.972 0.031
1.0 0.0 0.0 0.0 0.0 0.0 0.0 0.0 0.0 1.0 0.969 0.000 0.000 0.000 1.0 0.078 0.972 0.031
1.0 0.0 0.0 0.0 0.0 0.0 0.0 0.0 0.0 1.0 0.969 0.000 0.000 0.000 1.0 0.078 0.972 0.031
1.0 0.0 0.0 0.0 0.0 0.0 0.0 0.0 0.0 1.0 0.906 0.000 0.000 0.000 1.0 0.078 0.972 0.031
1.0 0.0 0.0 0.0 0.0 0.0 0.0 0.0 0.0 1.0 0.906 0.000 0.000 0.000 1.0 0.078 0.972 0.031
1.0 0.0 0.0 0.0 0.0 0.0 0.0 0.0 0.0 1.0 0.906 0.000 0.000 0.000 1.0 0.078 0.972 0.031
1.0 0.0 0.0 0.0 0.0 0.0 0.0 0.0 0.0 1.0 0.938 0.000 0.000 0.000 1.0 0.059 0.986 0.031
1.0 0.0 0.0 0.0 0.0 0.0 0.0 0.0 0.0 1.0 0.969 0.000 0.000 0.000 1.0 0.078 0.986 0.031
1.0 0.0 0.0 0.0 0.0 0.0 0.0 0.0 0.0 1.0 0.906 0.000 0.000 0.000 1.0 0.078 0.972 0.031
1.0 0.0 0.0 0.0 0.0 0.0 0.0 0.0 0.0 1.0 0.906 0.000 0.000 0.000 1.0 0.078 0.972 0.031
1.0 0.0 0.0 0.0 0.0 0.0 0.0 0.0 0.0 1.0 0.969 0.000 0.000 0.000 1.0 0.078 0.986 0.031
0.0 1.0 0.0 0.0 0.0 0.0 0.0 0.0 0.0 1.0 1.000 0.000 0.000 0.000 2.0 0.059 1.000 0.031
1.0 0.0 0.0 0.0 0.0 0.0 0.0 0.0 0.0 0.0 0.969 0.031 0.031 0.031 1.0 0.098 0.986 0.031
1.0 0.0 0.0 0.0 0.0 0.0 0.0 0.0 0.0 1.0 0.969 0.000 0.000 0.000 1.0 0.078 0.986 0.031
1.0 0.0 0.0 0.0 0.0 0.0 0.0 0.0 0.0 1.0 0.969 0.000 0.000 0.000 1.0 0.078 0.986 0.031
1.0 0.0 0.0 0.0 0.0 0.0 0.0 0.0 0.0 1.0 0.938 0.000 0.000 0.000 1.0 0.059 0.986 0.031
