0.0 0.0 0.0 0.0 1.0 0.0 0.0 0.0 1.0 0.0 0.429 0.286 0.343 1.0 0.327 0.200 0.857
0.0 0.0 0.0 0.0 1.0 0.0 0.0 0.0 0.0 0.0 0.429 0.286 0.343 1.0 0.327 0.200 0.857
0.0 0.0 0.0 0.0 1.0 0.0 0.0 0.0 0.0 0.0 0.457 0.257 0.314 1.0 0.909 0.200 0.857
0.0 0.0 1.0 0.0 0.0 0.0 0.0 0.0 0.0 0.0 0.486 0.229 0.286 1.0 0.327 0.213 0.429
0.0 0.0 1.0 0.0 0.0 0.0 0.0 0.0 0.0 0.0 0.486 0.229 0.286 1.0 0.291 0.213 0.429
0.0 0.0 1.0 0.0 0.0 0.0 0.0 0.0 0.0 0.0 0.514 0.200 0.257 1.0 0.127 0.213 0.429
0.0 0.0 1.0 0.0 0.0 0.0 0.0 0.0 0.0 0.0 0.486 0.229 0.286 1.0 0.327 0.213 0.429
0.0 0.0 1.0 0.0 0.0 0.0 0.0 0.0 0.0 0.0 0.486 0.229 0.286 1.0 0.291 0.213 0.086
0.0 0.0 1.0 0.0 0.0 0.0 0.0 0.0 0.0 0.0 0.486 0.229 0.286 1.0 0.400 0.213 0.086
0.0 0.0 0.0 1.0 0.0 0.0 0.0 0.0 0.0 0.0 0.600 0.171 0.200 3.0 0.509 0.693 0.429
0.0 0.0 0.0 1.0 0.0 0.0 0.0 0.0 0.0 0.0 0.600 0.171 0.200 3.0 0.509 0.693 0.429
0.0 0.0 0.0 1.0 0.0 0.0 0.0 0.0 0.0 0.0 0.657 0.114 0.143 3.0 0.764 0.973 0.086
0.0 0.0 0.0 1.0 0.0 0.0 0.0 0.0 0.0 0.0 0.657 0.114 0.143 3.0 0.764 0.987 0.086
0.0 0.0 0.0 1.0 0.0 0.0 0.0 0.0 0.0 0.0 0.686 0.114 0.114 1.0 0.473 0.987 0.029
0.0 0.0 0.0 1.0 0.0 0.0 0.0 0.0 0.0 0.0 0.686 0.086 0.086 1.0 0.473 0.987 0.029
