0.0 0.0 0.0 1.0 0.0 0.0 0.0 0.0 0.0 0.0 0.103 0.564 0.897 0.683 4.0 1.000 0.111 0.724
0.0 0.0 0.0 1.0 0.0 0.0 0.0 0.0 0.0 0.0 0.231 0.769 0.769 0.769 2.0 0.232 0.194 0.034
0.0 0.0 0.0 1.0 0.0 0.0 0.0 0.0 0.0 0.0 0.231 0.718 0.769 0.744 2.0 0.232 0.194 0.069
0.0 0.0 0.0 1.0 0.0 0.0 0.0 0.0 0.0 0.0 0.231 0.667 0.769 0.718 2.0 0.232 0.194 0.103
0.0 0.0 0.0 1.0 0.0 0.0 0.0 0.0 0.0 0.0 0.256 0.615 0.744 0.654 4.0 0.339 0.278 0.207
0.0 0.0 0.0 1.0 0.0 0.0 0.0 0.0 0.0 0.0 0.282 0.487 0.718 0.587 4.0 0.321 0.306 0.310
0.0 0.0 1.0 0.0 0.0 0.0 0.0 0.0 0.0 0.0 0.128 0.641 0.872 0.741 2.0 0.339 0.083 0.310
0.0 0.0 0.0 1.0 0.0 0.0 0.0 0.0 0.0 0.0 0.256 0.487 0.744 0.583 4.0 0.339 0.292 0.414
0.0 1.0 0.0 0.0 0.0 0.0 0.0 0.0 0.0 0.0 0.282 0.385 0.718 0.532 2.0 0.196 0.292 0.517
0.0 0.0 0.0 1.0 0.0 0.0 0.0 0.0 0.0 0.0 0.256 0.410 0.744 0.557 4.0 0.304 0.278 0.517
0.0 0.0 0.0 1.0 0.0 0.0 0.0 0.0 0.0 0.0 0.282 0.385 0.718 0.514 4.0 0.429 0.306 0.621
0.0 0.0 0.0 1.0 0.0 0.0 0.0 0.0 0.0 0.0 0.256 0.410 0.744 0.529 4.0 0.357 0.278 0.724
0.0 0.0 1.0 0.0 0.0 0.0 0.0 0.0 1.0 0.0 0.205 0.795 0.795 0.795 2.0 0.357 0.167 0.034
0.0 0.0 1.0 0.0 0.0 0.0 0.0 0.0 1.0 0.0 0.205 0.744 0.795 0.769 2.0 0.375 0.167 0.069
0.0 0.0 1.0 0.0 0.0 0.0 0.0 0.0 1.0 0.0 0.205 0.692 0.795 0.744 2.0 0.357 0.167 0.103
0.0 0.0 0.0 1.0 0.0 0.0 0.0 0.0 0.0 0.0 0.231 0.641 0.769 0.679 2.0 0.232 0.181 0.207
0.0 0.0 0.0 1.0 0.0 0.0 0.0 0.0 0.0 0.0 0.231 0.538 0.769 0.638 3.0 0.321 0.222 0.310
0.0 0.0 0.0 1.0 0.0 0.0 0.0 0.0 0.0 0.0 0.231 0.513 0.769 0.609 3.0 0.321 0.194 0.414
0.0 0.0 0.0 1.0 0.0 0.0 0.0 0.0 0.0 0.0 0.256 0.410 0.744 0.557 4.0 0.375 0.181 0.517
0.0 1.0 0.0 0.0 0.0 0.0 0.0 0.0 0.0 0.0 0.256 0.410 0.744 0.540 2.0 0.214 0.208 0.621
0.0 0.0 0.0 1.0 0.0 0.0 0.0 0.0 0.0 0.0 0.231 0.436 0.769 0.566 3.0 0.304 0.194 0.621
0.0 0.0 0.0 1.0 0.0 0.0 0.0 0.0 0.0 0.0 0.282 0.385 0.718 0.503 4.0 0.411 0.264 0.724
0.0 0.0 0.0 1.0 0.0 0.0 0.0 0.0 0.0 0.0 0.103 0.564 0.897 0.674 2.0 0.268 0.056 0.793
0.0 0.0 1.0 0.0 0.0 0.0 0.0 0.0 1.0 0.0 0.026 0.641 0.974 0.751 2.0 0.161 0.028 0.793
0.0 0.0 1.0 0.0 0.0 0.0 0.0 0.0 1.0 0.0 0.026 0.641 0.974 0.751 2.0 0.107 0.028 0.793
0.0 0.0 1.0 0.0 0.0 0.0 0.0 0.0 1.0 0.0 0.026 0.641 0.974 0.751 2.0 0.071 0.028 0.793
0.0 0.0 0.0 1.0 0.0 0.0 0.0 0.0 0.0 0.0 0.256 0.410 0.744 0.521 3.0 0.375 0.236 0.793
0.0 0.0 0.0 1.0 0.0 0.0 0.0 0.0 0.0 0.0 0.256 0.410 0.744 0.521 3.0 0.232 0.250 0.793
0.0 0.0 0.0 1.0 0.0 0.0 0.0 0.0 0.0 0.0 0.256 0.410 0.744 0.521 3.0 0.268 0.250 0.793
0.0 0.0 0.0 1.0 0.0 0.0 0.0 0.0 0.0 0.0 0.256 0.410 0.744 0.521 3.0 0.286 0.236 0.793
0.0 0.0 0.0 1.0 0.0 0.0 0.0 0.0 0.0 0.0 0.282 0.385 0.718 0.495 3.0 0.268 0.264 0.793
0.0 0.0 0.0 1.0 0.0 0.0 0.0 0.0 0.0 0.0 0.256 0.410 0.744 0.521 3.0 0.268 0.236 0.793
0.0 0.0 1.0 0.0 0.0 0.0 0.0 0.0 1.0 0.0 0.128 0.538 0.872 0.649 2.0 0.321 0.083 0.793
0.0 0.0 1.0 0.0 0.0 0.0 0.0 0.0 1.0 0.0 0.128 0.538 0.872 0.649 2.0 0.268 0.083 0.793
0.0 0.0 1.0 0.0 0.0 0.0 0.0 0.0 1.0 0.0 0.128 0.538 0.872 0.649 2.0 0.321 0.083 0.793
0.0 0.0 0.0 1.0 0.0 0.0 0.0 0.0 0.0 0.0 0.231 0.436 0.769 0.546 2.0 0.143 0.222 0.793
0.0 0.0 0.0 1.0 0.0 0.0 0.0 0.0 0.0 0.0 0.282 0.385 0.718 0.495 3.0 0.268 0.250 0.793
0.0 1.0 0.0 0.0 0.0 0.0 0.0 0.0 0.0 0.0 0.308 0.359 0.692 0.469 2.0 0.143 0.264 0.793
0.0 0.0 0.0 1.0 0.0 0.0 0.0 0.0 0.0 0.0 0.282 0.385 0.718 0.495 3.0 0.214 0.250 0.793
0.0 0.0 0.0 1.0 0.0 0.0 0.0 0.0 0.0 0.0 0.256 0.410 0.744 0.521 2.0 0.179 0.236 0.793
0.0 1.0 0.0 0.0 0.0 0.0 0.0 0.0 0.0 0.0 0.256 0.410 0.744 0.521 2.0 0.125 0.236 0.793
0.0 0.0 0.0 1.0 0.0 0.0 0.0 0.0 0.0 0.0 0.231 0.436 0.769 0.546 2.0 0.125 0.222 0.793
0.0 0.0 0.0 1.0 0.0 0.0 0.0 0.0 0.0 0.0 0.282 0.385 0.718 0.495 3.0 0.250 0.250 0.793
0.0 0.0 0.0 1.0 0.0 0.0 0.0 0.0 0.0 1.0 0.179 0.000 0.000 0.000 2.0 0.125 0.222 0.034
0.0 0.0 0.0 1.0 0.0 0.0 0.0 0.0 0.0 1.0 0.128 0.000 0.000 0.000 3.0 0.143 0.069 0.034
0.0 0.0 0.0 1.0 0.0 0.0 0.0 0.0 0.0 1.0 0.718 0.000 0.000 0.000 4.0 0.250 0.667 0.034
0.0 0.0 0.0 1.0 0.0 0.0 0.0 0.0 0.0 1.0 0.667 0.000 0.000 0.000 4.0 0.250 0.667 0.034
0.0 0.0 0.0 1.0 0.0 0.0 0.0 0.0 0.0 1.0 0.872 0.000 0.000 0.000 2.0 0.107 0.972 0.034
0.0 1.0 0.0 0.0 0.0 0.0 0.0 0.0 0.0 1.0 0.795 0.000 0.000 0.000 2.0 0.071 0.958 0.034
0.0 0.0 0.0 1.0 0.0 0.0 0.0 0.0 0.0 0.0 0.769 0.026 0.026 0.026 2.0 0.125 0.944 0.034
0.0 0.0 0.0 1.0 0.0 0.0 0.0 0.0 0.0 1.0 0.744 0.000 0.000 0.000 2.0 0.107 0.889 0.034
0.0 0.0 0.0 1.0 0.0 0.0 0.0 0.0 0.0 1.0 0.667 0.000 0.000 0.000 2.0 0.107 0.833 0.034
0.0 0.0 0.0 1.0 0.0 0.0 0.0 0.0 0.0 1.0 0.667 0.000 0.000 0.000 2.0 0.107 0.778 0.034
0.0 0.0 0.0 1.0 0.0 0.0 0.0 0.0 0.0 1.0 0.692 0.000 0.000 0.000 2.0 0.089 0.736 0.034
0.0 0.0 0.0 1.0 0.0 0.0 0.0 0.0 0.0 1.0 1.000 0.000 0.000 0.000 2.0 0.107 0.986 0.034
0.0 0.0 0.0 1.0 0.0 0.0 0.0 0.0 0.0 1.0 0.949 0.000 0.000 0.000 2.0 0.107 0.972 0.034
0.0 0.0 0.0 1.0 0.0 0.0 0.0 0.0 0.0 1.0 0.897 0.000 0.000 0.000 3.0 0.143 1.000 0.034
0.0 0.0 0.0 1.0 0.0 0.0 0.0 0.0 0.0 1.0 0.872 0.000 0.000 0.000 4.0 0.196 0.972 0.034
0.0 0.0 1.0 0.0 0.0 0.0 0.0 0.0 0.0 0.0 0.744 0.128 0.128 0.128 2.0 0.161 0.653 0.034
0.0 0.0 0.0 1.0 0.0 0.0 0.0 0.0 0.0 1.0 0.795 0.000 0.000 0.000 4.0 0.179 0.972 0.034
0.0 1.0 0.0 0.0 0.0 0.0 0.0 0.0 0.0 0.0 0.769 0.026 0.026 0.026 2.0 0.143 0.667 0.034
0.0 0.0 1.0 0.0 0.0 0.0 0.0 0.0 0.0 0.0 0.744 0.051 0.051 0.051 2.0 0.125 0.653 0.034
0.0 0.0 0.0 1.0 0.0 0.0 0.0 0.0 0.0 1.0 0.769 0.000 0.000 0.000 4.0 0.196 0.889 0.034
0.0 0.0 1.0 0.0 0.0 0.0 0.0 0.0 0.0 0.0 0.744 0.026 0.026 0.026 2.0 0.161 0.653 0.034
0.0 0.0 0.0 1.0 0.0 0.0 0.0 0.0 0.0 1.0 0.769 0.000 0.000 0.000 4.0 0.196 0.833 0.034
0.0 0.0 1.0 0.0 0.0 0.0 0.0 0.0 0.0 0.0 0.744 0.026 0.026 0.026 2.0 0.161 0.653 0.034
0.0 0.0 0.0 1.0 0.0 0.0 0.0 0.0 0.0 1.0 0.769 0.000 0.000 0.000 4.0 0.196 0.778 0.034
0.0 0.0 1.0 0.0 0.0 0.0 0.0 0.0 0.0 0.0 0.744 0.026 0.026 0.026 2.0 0.161 0.653 0.034
0.0 0.0 0.0 1.0 0.0 0.0 0.0 0.0 0.0 1.0 0.744 0.000 0.000 0.000 4.0 0.179 0.736 0.034
0.0 0.0 0.0 1.0 0.0 0.0 0.0 0.0 0.0 1.0 0.872 0.000 0.000 0.000 3.0 0.143 1.000 0.034
0.0 0.0 0.0 1.0 0.0 0.0 0.0 0.0 0.0 1.0 0.769 0.000 0.000 0.000 3.0 0.143 0.972 0.034
0.0 0.0 0.0 1.0 0.0 0.0 0.0 0.0 0.0 1.0 0.744 0.000 0.000 0.000 3.0 0.143 0.917 0.034
0.0 0.0 0.0 1.0 0.0 0.0 0.0 0.0 0.0 1.0 0.692 0.000 0.000 0.000 3.0 0.143 0.861 0.034
0.0 0.0 0.0 1.0 0.0 0.0 0.0 0.0 0.0 1.0 0.692 0.000 0.000 0.000 3.0 0.143 0.806 0.034
0.0 0.0 0.0 1.0 0.0 0.0 0.0 0.0 0.0 1.0 0.718 0.000 0.000 0.000 3.0 0.143 0.764 0.034
0.0 0.0 1.0 0.0 0.0 0.0 0.0 0.0 0.0 0.0 0.128 0.051 0.872 0.624 3.0 0.357 0.125 0.828
0.0 1.0 0.0 0.0 0.0 0.0 0.0 0.0 1.0 0.0 0.026 0.103 0.974 0.702 2.0 0.161 0.028 0.862
0.0 1.0 0.0 0.0 0.0 0.0 0.0 0.0 0.0 0.0 0.051 0.077 0.949 0.676 1.0 0.804 0.028 0.862
0.0 0.0 0.0 0.0 0.0 1.0 0.0 0.0 1.0 0.0 0.077 0.051 0.923 0.650 2.0 0.589 0.042 0.862
0.0 1.0 0.0 0.0 0.0 0.0 0.0 0.0 1.0 0.0 0.026 0.077 0.974 0.701 1.0 0.375 0.014 0.862
0.0 1.0 0.0 0.0 0.0 0.0 0.0 0.0 1.0 0.0 0.026 0.077 0.974 0.701 2.0 0.143 0.028 0.862
0.0 1.0 0.0 0.0 0.0 0.0 0.0 0.0 0.0 0.0 0.051 0.051 0.949 0.675 1.0 0.446 0.028 0.862
0.0 1.0 0.0 0.0 0.0 0.0 0.0 0.0 1.0 0.0 0.026 0.103 0.974 0.702 2.0 0.339 0.028 0.862
0.0 1.0 0.0 0.0 0.0 0.0 0.0 0.0 1.0 0.0 0.026 0.077 0.974 0.701 2.0 0.357 0.028 0.862
0.0 1.0 0.0 0.0 0.0 0.0 0.0 0.0 1.0 0.0 0.026 0.077 0.974 0.767 2.0 0.089 0.028 0.345
0.0 1.0 0.0 0.0 0.0 0.0 0.0 0.0 0.0 0.0 0.051 0.051 0.949 0.741 1.0 0.196 0.028 0.345
0.0 0.0 1.0 0.0 0.0 0.0 0.0 0.0 0.0 0.0 0.103 0.077 0.769 0.564 2.0 0.464 0.069 0.310
0.0 1.0 0.0 0.0 0.0 0.0 0.0 0.0 1.0 0.0 0.026 0.103 0.974 0.702 2.0 0.161 0.028 0.862
0.0 1.0 0.0 0.0 0.0 0.0 0.0 0.0 0.0 0.0 0.051 0.077 0.949 0.676 1.0 0.554 0.028 0.862
0.0 0.0 0.0 0.0 1.0 0.0 0.0 0.0 0.0 0.0 0.077 0.103 0.923 0.675 2.0 0.857 0.056 0.828
0.0 1.0 0.0 0.0 0.0 0.0 0.0 0.0 1.0 0.0 0.026 0.154 0.974 0.726 2.0 0.768 0.028 0.828
0.0 1.0 0.0 0.0 0.0 0.0 0.0 0.0 0.0 0.0 0.615 0.051 0.256 0.119 1.0 0.393 0.625 0.276
0.0 0.0 0.0 0.0 1.0 0.0 0.0 0.0 1.0 0.0 0.051 0.615 0.949 0.726 2.0 0.696 0.042 0.793
0.0 0.0 0.0 0.0 1.0 0.0 0.0 0.0 1.0 0.0 0.077 0.051 0.923 0.683 2.0 0.286 0.042 0.379
0.0 0.0 0.0 0.0 1.0 0.0 0.0 0.0 1.0 0.0 0.103 0.564 0.897 0.674 2.0 0.446 0.069 0.793
0.0 0.0 0.0 0.0 0.0 1.0 0.0 0.0 0.0 0.0 0.667 0.077 0.333 0.174 2.0 0.875 0.653 0.310
0.0 0.0 1.0 0.0 0.0 0.0 0.0 0.0 0.0 0.0 0.641 0.103 0.359 0.199 4.0 0.964 0.653 0.310
0.0 0.0 0.0 0.0 0.0 1.0 0.0 0.0 1.0 0.0 0.667 0.077 0.231 0.136 3.0 0.714 0.653 0.241
0.0 0.0 1.0 0.0 0.0 0.0 0.0 0.0 1.0 0.0 0.692 0.077 0.205 0.120 2.0 0.304 0.653 0.207
0.0 0.0 1.0 0.0 0.0 0.0 0.0 0.0 0.0 0.0 0.692 0.051 0.179 0.094 2.0 0.393 0.653 0.207
0.0 0.0 0.0 0.0 0.0 1.0 0.0 0.0 1.0 0.0 0.667 0.077 0.205 0.120 3.0 0.518 0.653 0.207
0.0 0.0 0.0 1.0 0.0 0.0 0.0 0.0 0.0 0.0 0.077 0.590 0.795 0.659 3.0 0.714 0.083 0.241
0.0 1.0 0.0 0.0 0.0 0.0 0.0 0.0 1.0 0.0 0.026 0.641 0.974 0.751 1.0 0.429 0.014 0.793
0.0 1.0 0.0 0.0 0.0 0.0 0.0 0.0 0.0 0.0 0.128 0.564 0.744 0.620 2.0 0.357 0.111 0.207
0.0 0.0 0.0 0.0 0.0 1.0 0.0 0.0 0.0 0.0 0.103 0.590 0.769 0.645 2.0 0.321 0.097 0.207
0.0 0.0 1.0 0.0 0.0 0.0 0.0 0.0 0.0 0.0 0.641 0.051 0.231 0.107 2.0 0.464 0.667 0.207
0.0 0.0 1.0 0.0 0.0 0.0 0.0 0.0 0.0 0.0 0.615 0.077 0.256 0.132 2.0 0.411 0.667 0.207
0.0 0.0 0.0 0.0 1.0 0.0 0.0 0.0 1.0 0.0 0.026 0.077 0.974 0.613 2.0 0.768 0.028 1.000
0.0 0.0 0.0 0.0 0.0 1.0 0.0 0.0 1.0 0.0 0.051 0.051 0.821 0.372 2.0 0.589 0.042 0.414
0.0 0.0 0.0 0.0 0.0 1.0 0.0 0.0 0.0 0.0 0.615 0.051 0.256 0.124 3.0 0.768 0.653 0.207
0.0 0.0 1.0 0.0 0.0 0.0 0.0 0.0 0.0 0.0 0.179 0.487 0.692 0.560 2.0 0.518 0.208 0.207
0.0 1.0 0.0 0.0 0.0 0.0 0.0 0.0 0.0 0.0 0.179 0.487 0.821 0.598 2.0 0.357 0.167 0.793
0.0 0.0 0.0 0.0 0.0 1.0 0.0 0.0 1.0 0.0 0.154 0.513 0.846 0.623 3.0 0.286 0.153 0.793
0.0 0.0 0.0 0.0 0.0 1.0 0.0 0.0 1.0 0.0 0.205 0.462 0.795 0.572 3.0 0.429 0.167 0.793
0.0 0.0 0.0 1.0 0.0 0.0 0.0 0.0 0.0 0.0 0.103 0.564 0.897 0.674 2.0 0.679 0.069 0.793
0.0 0.0 0.0 0.0 0.0 1.0 0.0 0.0 0.0 0.0 0.205 0.462 0.795 0.572 2.0 0.625 0.208 0.793
0.0 0.0 0.0 0.0 1.0 0.0 0.0 0.0 0.0 0.0 0.077 0.590 0.923 0.708 2.0 0.875 0.056 0.724
0.0 1.0 0.0 0.0 0.0 0.0 0.0 0.0 0.0 0.0 0.154 0.513 0.846 0.631 2.0 0.482 0.111 0.724
0.0 0.0 1.0 0.0 0.0 0.0 0.0 0.0 0.0 0.0 0.128 0.538 0.872 0.657 2.0 0.286 0.097 0.724
0.0 0.0 0.0 0.0 1.0 0.0 0.0 0.0 1.0 0.0 0.051 0.615 0.949 0.734 3.0 0.429 0.056 0.724
0.0 0.0 1.0 0.0 0.0 0.0 0.0 0.0 0.0 0.0 0.128 0.538 0.872 0.657 2.0 0.446 0.125 0.724
0.0 1.0 0.0 0.0 0.0 0.0 0.0 0.0 0.0 0.0 0.179 0.487 0.821 0.606 2.0 0.321 0.167 0.724
0.0 0.0 0.0 1.0 0.0 0.0 0.0 0.0 0.0 0.0 0.154 0.513 0.846 0.631 3.0 0.429 0.153 0.724
0.0 0.0 0.0 0.0 1.0 0.0 0.0 0.0 1.0 0.0 0.077 0.590 0.923 0.708 3.0 0.786 0.069 0.724
0.0 0.0 0.0 1.0 0.0 0.0 0.0 0.0 0.0 1.0 0.103 0.000 0.000 0.000 2.0 0.089 0.069 0.034
0.0 0.0 0.0 1.0 0.0 0.0 0.0 0.0 0.0 1.0 0.103 0.000 0.000 0.000 2.0 0.089 0.083 0.034
0.0 0.0 0.0 1.0 0.0 0.0 0.0 0.0 0.0 1.0 0.103 0.000 0.000 0.000 2.0 0.089 0.069 0.034
0.0 0.0 0.0 1.0 0.0 0.0 0.0 0.0 0.0 1.0 0.128 0.000 0.000 0.000 2.0 0.089 0.097 0.034
0.0 0.0 0.0 1.0 0.0 0.0 0.0 0.0 0.0 1.0 0.103 0.000 0.000 0.000 2.0 0.089 0.083 0.034
0.0 0.0 0.0 1.0 0.0 0.0 0.0 0.0 0.0 1.0 0.103 0.000 0.000 0.000 2.0 0.089 0.083 0.034
0.0 0.0 1.0 0.0 0.0 0.0 0.0 0.0 0.0 0.0 0.103 0.077 0.897 0.650 4.0 0.286 0.111 0.828
0.0 0.0 1.0 0.0 0.0 0.0 0.0 0.0 0.0 0.0 0.103 0.564 0.564 0.564 3.0 0.339 0.097 0.034
0.0 0.0 0.0 0.0 1.0 0.0 0.0 0.0 1.0 0.0 0.103 0.564 0.897 0.683 3.0 0.393 0.097 0.724
0.0 1.0 0.0 0.0 0.0 0.0 0.0 0.0 0.0 0.0 0.231 0.436 0.769 0.546 2.0 0.250 0.181 0.793
0.0 1.0 0.0 0.0 0.0 0.0 0.0 0.0 0.0 0.0 0.256 0.410 0.744 0.521 1.0 0.393 0.181 0.793
0.0 0.0 0.0 0.0 1.0 0.0 0.0 0.0 1.0 0.0 0.103 0.564 0.897 0.683 3.0 0.607 0.083 0.724
0.0 0.0 0.0 0.0 1.0 0.0 0.0 0.0 0.0 0.0 0.103 0.564 0.897 0.683 3.0 0.482 0.097 0.724
0.0 0.0 0.0 0.0 1.0 0.0 0.0 0.0 1.0 0.0 0.103 0.564 0.897 0.683 3.0 0.571 0.083 0.724
0.0 0.0 0.0 1.0 0.0 0.0 0.0 0.0 1.0 0.0 0.026 0.641 0.974 0.751 2.0 0.321 0.028 0.793
0.0 1.0 0.0 0.0 0.0 0.0 0.0 0.0 0.0 0.0 0.154 0.513 0.846 0.623 2.0 0.214 0.139 0.793
0.0 1.0 0.0 0.0 0.0 0.0 0.0 0.0 0.0 0.0 0.179 0.487 0.821 0.598 1.0 0.304 0.139 0.793
0.0 1.0 0.0 0.0 0.0 0.0 0.0 0.0 0.0 0.0 0.128 0.051 0.051 0.051 2.0 0.107 0.097 0.034
0.0 0.0 0.0 0.0 1.0 0.0 0.0 0.0 0.0 0.0 0.103 0.077 0.077 0.077 2.0 0.357 0.083 0.034
0.0 0.0 0.0 0.0 1.0 0.0 0.0 0.0 0.0 0.0 0.641 0.077 0.077 0.077 2.0 0.268 0.653 0.034
0.0 0.0 0.0 1.0 0.0 0.0 0.0 0.0 0.0 0.0 0.077 0.641 0.641 0.641 2.0 0.357 0.056 0.034
0.0 0.0 0.0 1.0 0.0 0.0 0.0 0.0 0.0 0.0 0.667 0.051 0.051 0.051 2.0 0.161 0.653 0.034
0.0 0.0 0.0 1.0 0.0 0.0 0.0 0.0 0.0 0.0 0.615 0.103 0.103 0.103 3.0 0.357 0.653 0.034
0.0 0.0 0.0 1.0 0.0 0.0 0.0 0.0 0.0 0.0 0.205 0.462 0.462 0.462 2.0 0.232 0.208 0.034
0.0 0.0 0.0 0.0 1.0 0.0 0.0 0.0 0.0 0.0 0.103 0.564 0.564 0.564 2.0 0.286 0.069 0.034
0.0 0.0 0.0 0.0 1.0 0.0 0.0 0.0 0.0 0.0 0.641 0.026 0.026 0.026 2.0 0.250 0.639 0.034
0.0 0.0 0.0 0.0 1.0 0.0 0.0 0.0 1.0 0.0 0.103 0.641 0.897 0.738 2.0 0.375 0.056 0.310
0.0 0.0 0.0 1.0 0.0 0.0 0.0 0.0 0.0 0.0 0.154 0.590 0.846 0.687 2.0 0.518 0.167 0.310
0.0 0.0 0.0 0.0 1.0 0.0 0.0 0.0 0.0 0.0 0.615 0.128 0.385 0.225 2.0 0.571 0.625 0.310
0.0 0.0 0.0 1.0 0.0 0.0 0.0 0.0 0.0 0.0 0.974 0.026 0.026 0.026 2.0 0.304 0.986 0.034
0.0 0.0 0.0 1.0 0.0 0.0 0.0 0.0 1.0 0.0 0.667 0.333 0.333 0.333 2.0 0.339 0.653 0.034
0.0 0.0 0.0 1.0 0.0 0.0 0.0 0.0 0.0 0.0 0.923 0.026 0.026 0.026 2.0 0.304 0.972 0.034
0.0 0.0 0.0 1.0 0.0 0.0 0.0 0.0 1.0 0.0 0.667 0.282 0.282 0.282 2.0 0.339 0.653 0.034
0.0 0.0 0.0 1.0 0.0 0.0 0.0 0.0 1.0 0.0 0.718 0.179 0.179 0.179 2.0 0.196 0.653 0.034
0.0 0.0 0.0 1.0 0.0 0.0 0.0 0.0 0.0 0.0 0.872 0.026 0.026 0.026 2.0 0.321 0.986 0.034
0.0 1.0 0.0 0.0 0.0 0.0 0.0 0.0 0.0 0.0 0.692 0.205 0.205 0.205 2.0 0.107 0.667 0.034
0.0 0.0 0.0 1.0 0.0 0.0 0.0 0.0 1.0 0.0 0.667 0.231 0.231 0.231 2.0 0.339 0.653 0.034
0.0 0.0 0.0 1.0 0.0 0.0 0.0 0.0 1.0 0.0 0.718 0.154 0.154 0.154 2.0 0.214 0.653 0.034
0.0 0.0 0.0 1.0 0.0 0.0 0.0 0.0 1.0 0.0 0.718 0.154 0.154 0.154 2.0 0.196 0.653 0.034
0.0 0.0 0.0 1.0 0.0 0.0 0.0 0.0 0.0 0.0 0.846 0.026 0.026 0.026 2.0 0.375 0.972 0.034
0.0 0.0 0.0 1.0 0.0 0.0 0.0 0.0 1.0 0.0 0.692 0.179 0.179 0.179 2.0 0.214 0.653 0.034
0.0 0.0 0.0 1.0 0.0 0.0 0.0 0.0 1.0 0.0 0.667 0.205 0.205 0.205 2.0 0.375 0.653 0.034
0.0 0.0 0.0 1.0 0.0 0.0 0.0 0.0 1.0 0.0 0.718 0.077 0.077 0.077 2.0 0.214 0.653 0.034
0.0 0.0 0.0 1.0 0.0 0.0 0.0 0.0 1.0 0.0 0.718 0.077 0.077 0.077 2.0 0.196 0.653 0.034
0.0 0.0 0.0 1.0 0.0 0.0 0.0 0.0 0.0 0.0 0.744 0.051 0.051 0.051 2.0 0.375 0.944 0.034
0.0 1.0 0.0 0.0 0.0 0.0 0.0 0.0 0.0 0.0 0.718 0.077 0.077 0.077 2.0 0.125 0.667 0.034
0.0 0.0 0.0 1.0 0.0 0.0 0.0 0.0 1.0 0.0 0.692 0.103 0.103 0.103 2.0 0.179 0.653 0.034
0.0 0.0 0.0 1.0 0.0 0.0 0.0 0.0 1.0 0.0 0.667 0.128 0.128 0.128 2.0 0.375 0.653 0.034
0.0 0.0 0.0 1.0 0.0 0.0 0.0 0.0 1.0 0.0 0.718 0.051 0.051 0.051 2.0 0.214 0.653 0.034
0.0 0.0 0.0 1.0 0.0 0.0 0.0 0.0 1.0 0.0 0.718 0.051 0.051 0.051 2.0 0.196 0.653 0.034
0.0 0.0 0.0 1.0 0.0 0.0 0.0 0.0 0.0 0.0 0.718 0.051 0.051 0.051 2.0 0.375 0.889 0.034
0.0 0.0 0.0 1.0 0.0 0.0 0.0 0.0 1.0 0.0 0.692 0.077 0.077 0.077 2.0 0.214 0.653 0.034
0.0 0.0 0.0 1.0 0.0 0.0 0.0 0.0 1.0 0.0 0.667 0.103 0.103 0.103 2.0 0.375 0.653 0.034
0.0 0.0 0.0 1.0 0.0 0.0 0.0 0.0 1.0 0.0 0.718 0.051 0.051 0.051 2.0 0.214 0.653 0.034
0.0 0.0 0.0 1.0 0.0 0.0 0.0 0.0 1.0 0.0 0.718 0.051 0.051 0.051 2.0 0.196 0.653 0.034
0.0 0.0 0.0 1.0 0.0 0.0 0.0 0.0 0.0 0.0 0.692 0.077 0.077 0.077 2.0 0.375 0.833 0.034
0.0 0.0 0.0 1.0 0.0 0.0 0.0 0.0 1.0 0.0 0.692 0.077 0.077 0.077 2.0 0.214 0.653 0.034
0.0 0.0 0.0 1.0 0.0 0.0 0.0 0.0 1.0 0.0 0.667 0.103 0.103 0.103 2.0 0.375 0.653 0.034
0.0 0.0 0.0 1.0 0.0 0.0 0.0 0.0 1.0 0.0 0.718 0.051 0.051 0.051 2.0 0.214 0.653 0.034
0.0 0.0 0.0 1.0 0.0 0.0 0.0 0.0 1.0 0.0 0.718 0.051 0.051 0.051 2.0 0.196 0.653 0.034
0.0 0.0 0.0 1.0 0.0 0.0 0.0 0.0 0.0 0.0 0.692 0.077 0.077 0.077 2.0 0.375 0.778 0.034
0.0 0.0 0.0 1.0 0.0 0.0 0.0 0.0 1.0 0.0 0.692 0.077 0.077 0.077 2.0 0.214 0.653 0.034
0.0 0.0 0.0 1.0 0.0 0.0 0.0 0.0 1.0 0.0 0.667 0.103 0.103 0.103 2.0 0.375 0.653 0.034
0.0 0.0 0.0 1.0 0.0 0.0 0.0 0.0 1.0 0.0 0.718 0.026 0.026 0.026 2.0 0.232 0.653 0.034
0.0 0.0 0.0 1.0 0.0 0.0 0.0 0.0 0.0 0.0 0.692 0.051 0.051 0.051 2.0 0.375 0.722 0.034
0.0 1.0 0.0 0.0 0.0 0.0 0.0 0.0 0.0 0.0 0.718 0.026 0.026 0.026 2.0 0.125 0.667 0.034
0.0 0.0 0.0 1.0 0.0 0.0 0.0 0.0 1.0 0.0 0.692 0.051 0.051 0.051 2.0 0.179 0.653 0.034
0.0 0.0 0.0 1.0 0.0 0.0 0.0 0.0 1.0 0.0 0.667 0.077 0.077 0.077 2.0 0.375 0.653 0.034
0.0 0.0 0.0 1.0 0.0 0.0 0.0 0.0 0.0 0.0 0.846 0.026 0.026 0.026 2.0 0.304 0.986 0.034
0.0 0.0 0.0 1.0 0.0 0.0 0.0 0.0 1.0 0.0 0.641 0.231 0.231 0.231 2.0 0.214 0.667 0.034
0.0 0.0 0.0 1.0 0.0 0.0 0.0 0.0 1.0 0.0 0.103 0.769 0.769 0.769 2.0 0.268 0.097 0.034
0.0 0.0 0.0 1.0 0.0 0.0 0.0 0.0 0.0 0.0 0.744 0.026 0.026 0.026 2.0 0.304 0.958 0.034
0.0 0.0 0.0 1.0 0.0 0.0 0.0 0.0 1.0 0.0 0.641 0.128 0.128 0.128 2.0 0.214 0.667 0.034
0.0 0.0 0.0 1.0 0.0 0.0 0.0 0.0 1.0 0.0 0.103 0.667 0.667 0.667 2.0 0.268 0.097 0.034
0.0 0.0 0.0 1.0 0.0 0.0 0.0 0.0 0.0 0.0 0.718 0.026 0.026 0.026 2.0 0.304 0.903 0.034
0.0 0.0 0.0 1.0 0.0 0.0 0.0 0.0 1.0 0.0 0.641 0.103 0.103 0.103 2.0 0.214 0.667 0.034
0.0 0.0 0.0 1.0 0.0 0.0 0.0 0.0 1.0 0.0 0.103 0.641 0.641 0.641 2.0 0.268 0.097 0.034
0.0 0.0 0.0 1.0 0.0 0.0 0.0 0.0 0.0 0.0 0.667 0.026 0.026 0.026 2.0 0.304 0.847 0.034
0.0 0.0 0.0 1.0 0.0 0.0 0.0 0.0 1.0 0.0 0.641 0.051 0.051 0.051 2.0 0.214 0.667 0.034
0.0 0.0 0.0 1.0 0.0 0.0 0.0 0.0 1.0 0.0 0.103 0.590 0.590 0.590 2.0 0.268 0.097 0.034
0.0 0.0 0.0 1.0 0.0 0.0 0.0 0.0 0.0 0.0 0.667 0.026 0.026 0.026 2.0 0.304 0.792 0.034
0.0 0.0 0.0 1.0 0.0 0.0 0.0 0.0 1.0 0.0 0.641 0.051 0.051 0.051 2.0 0.214 0.667 0.034
0.0 0.0 0.0 1.0 0.0 0.0 0.0 0.0 1.0 0.0 0.103 0.590 0.590 0.590 2.0 0.268 0.097 0.034
0.0 0.0 0.0 1.0 0.0 0.0 0.0 0.0 0.0 0.0 0.667 0.051 0.051 0.051 2.0 0.304 0.736 0.034
0.0 1.0 0.0 0.0 0.0 0.0 0.0 0.0 0.0 0.0 0.692 0.026 0.026 0.026 1.0 0.107 0.681 0.034
0.0 1.0 0.0 0.0 0.0 0.0 0.0 0.0 0.0 0.0 0.667 0.051 0.051 0.051 2.0 0.089 0.681 0.034
0.0 0.0 0.0 1.0 0.0 0.0 0.0 0.0 1.0 0.0 0.641 0.077 0.077 0.077 2.0 0.196 0.667 0.034
0.0 0.0 0.0 1.0 0.0 0.0 0.0 0.0 1.0 0.0 0.103 0.615 0.615 0.615 2.0 0.268 0.097 0.034
0.0 0.0 0.0 1.0 0.0 0.0 0.0 0.0 0.0 0.0 0.077 0.590 0.795 0.662 2.0 0.589 0.069 0.207
0.0 0.0 0.0 1.0 0.0 0.0 0.0 0.0 0.0 0.0 0.154 0.026 0.718 0.505 2.0 0.429 0.194 0.241
0.0 0.0 0.0 1.0 0.0 0.0 0.0 0.0 0.0 0.0 0.846 0.026 0.026 0.026 2.0 0.304 0.972 0.034
0.0 0.0 0.0 1.0 0.0 0.0 0.0 0.0 1.0 0.0 0.205 0.667 0.667 0.667 2.0 0.214 0.222 0.034
0.0 0.0 0.0 1.0 0.0 0.0 0.0 0.0 0.0 0.0 0.744 0.051 0.051 0.051 2.0 0.321 0.944 0.034
0.0 0.0 0.0 1.0 0.0 0.0 0.0 0.0 1.0 0.0 0.205 0.590 0.590 0.590 2.0 0.232 0.222 0.034
0.0 0.0 0.0 1.0 0.0 0.0 0.0 0.0 0.0 0.0 0.718 0.026 0.026 0.026 2.0 0.304 0.889 0.034
0.0 0.0 0.0 1.0 0.0 0.0 0.0 0.0 1.0 0.0 0.205 0.538 0.538 0.538 2.0 0.214 0.222 0.034
0.0 0.0 0.0 1.0 0.0 0.0 0.0 0.0 0.0 0.0 0.641 0.026 0.026 0.026 2.0 0.304 0.833 0.034
0.0 0.0 0.0 1.0 0.0 0.0 0.0 0.0 1.0 0.0 0.205 0.462 0.462 0.462 2.0 0.214 0.222 0.034
0.0 0.0 0.0 1.0 0.0 0.0 0.0 0.0 0.0 0.0 0.641 0.026 0.026 0.026 2.0 0.304 0.778 0.034
0.0 0.0 0.0 1.0 0.0 0.0 0.0 0.0 1.0 0.0 0.205 0.462 0.462 0.462 2.0 0.214 0.222 0.034
0.0 1.0 0.0 0.0 0.0 0.0 0.0 0.0 0.0 0.0 0.667 0.026 0.026 0.026 2.0 0.107 0.736 0.034
0.0 0.0 0.0 1.0 0.0 0.0 0.0 0.0 0.0 0.0 0.641 0.051 0.051 0.051 2.0 0.304 0.722 0.034
0.0 0.0 0.0 1.0 0.0 0.0 0.0 0.0 1.0 0.0 0.205 0.487 0.487 0.487 2.0 0.214 0.222 0.034
0.0 0.0 0.0 1.0 0.0 0.0 0.0 0.0 1.0 0.0 0.128 0.538 0.872 0.649 2.0 0.286 0.083 0.793
0.0 0.0 0.0 1.0 0.0 0.0 0.0 0.0 1.0 0.0 0.205 0.462 0.795 0.572 2.0 0.214 0.167 0.793
0.0 0.0 0.0 1.0 0.0 0.0 0.0 0.0 1.0 0.0 0.128 0.538 0.872 0.649 2.0 0.321 0.083 0.793
0.0 0.0 0.0 1.0 0.0 0.0 0.0 0.0 1.0 0.0 0.205 0.462 0.795 0.572 2.0 0.250 0.167 0.793
0.0 0.0 0.0 1.0 0.0 0.0 0.0 0.0 1.0 0.0 0.128 0.538 0.872 0.649 2.0 0.304 0.083 0.793
0.0 0.0 0.0 1.0 0.0 0.0 0.0 0.0 1.0 0.0 0.205 0.462 0.795 0.572 2.0 0.232 0.167 0.793
0.0 0.0 0.0 1.0 0.0 0.0 0.0 0.0 1.0 0.0 0.128 0.538 0.872 0.649 2.0 0.304 0.083 0.793
0.0 1.0 0.0 0.0 0.0 0.0 0.0 0.0 0.0 0.0 0.231 0.436 0.769 0.546 2.0 0.125 0.181 0.793
0.0 0.0 0.0 1.0 0.0 0.0 0.0 0.0 1.0 0.0 0.205 0.462 0.795 0.572 2.0 0.196 0.167 0.793
0.0 0.0 0.0 1.0 0.0 0.0 0.0 0.0 1.0 0.0 0.128 0.538 0.872 0.649 2.0 0.286 0.083 0.793
0.0 0.0 0.0 1.0 0.0 0.0 0.0 0.0 1.0 0.0 0.205 0.462 0.795 0.572 2.0 0.214 0.167 0.793
0.0 0.0 0.0 1.0 0.0 0.0 0.0 0.0 1.0 0.0 0.128 0.538 0.872 0.649 2.0 0.304 0.083 0.793
0.0 0.0 0.0 1.0 0.0 0.0 0.0 0.0 1.0 0.0 0.205 0.462 0.795 0.572 2.0 0.232 0.167 0.793
0.0 0.0 0.0 1.0 0.0 0.0 0.0 0.0 1.0 0.0 0.026 0.641 0.974 0.751 2.0 0.089 0.028 0.793
0.0 0.0 0.0 1.0 0.0 0.0 0.0 0.0 1.0 0.0 0.026 0.641 0.974 0.751 2.0 0.107 0.028 0.793
0.0 0.0 0.0 1.0 0.0 0.0 0.0 0.0 1.0 0.0 0.026 0.641 0.974 0.751 2.0 0.089 0.028 0.793
0.0 0.0 0.0 1.0 0.0 0.0 0.0 0.0 1.0 0.0 0.026 0.641 0.974 0.751 2.0 0.107 0.028 0.793
0.0 0.0 0.0 1.0 0.0 0.0 0.0 0.0 1.0 0.0 0.026 0.641 0.974 0.751 2.0 0.089 0.028 0.793
0.0 0.0 0.0 1.0 0.0 0.0 0.0 0.0 0.0 0.0 0.179 0.487 0.821 0.606 3.0 0.696 0.153 0.724
0.0 0.0 0.0 1.0 0.0 0.0 0.0 0.0 1.0 0.0 0.205 0.667 0.795 0.705 2.0 0.304 0.167 0.207
0.0 0.0 0.0 0.0 1.0 0.0 0.0 0.0 0.0 0.0 0.077 0.795 0.923 0.833 2.0 0.304 0.069 0.207
0.0 0.0 0.0 1.0 0.0 0.0 0.0 0.0 1.0 0.0 0.205 0.564 0.795 0.664 2.0 0.321 0.167 0.310
0.0 0.0 0.0 0.0 1.0 0.0 0.0 0.0 0.0 0.0 0.077 0.692 0.923 0.792 2.0 0.304 0.083 0.310
0.0 0.0 0.0 1.0 0.0 0.0 0.0 0.0 1.0 0.0 0.205 0.538 0.795 0.635 2.0 0.321 0.167 0.414
0.0 0.0 0.0 0.0 1.0 0.0 0.0 0.0 0.0 0.0 0.077 0.667 0.923 0.763 2.0 0.339 0.069 0.414
0.0 1.0 0.0 0.0 0.0 0.0 0.0 0.0 0.0 0.0 0.231 0.436 0.769 0.583 2.0 0.161 0.181 0.517
0.0 0.0 0.0 1.0 0.0 0.0 0.0 0.0 1.0 0.0 0.205 0.462 0.795 0.609 2.0 0.268 0.167 0.517
0.0 0.0 0.0 0.0 1.0 0.0 0.0 0.0 0.0 0.0 0.077 0.590 0.923 0.737 2.0 0.339 0.083 0.517
0.0 0.0 0.0 1.0 0.0 0.0 0.0 0.0 1.0 0.0 0.205 0.462 0.795 0.591 2.0 0.304 0.167 0.621
0.0 0.0 0.0 1.0 0.0 0.0 0.0 0.0 1.0 0.0 0.205 0.462 0.795 0.580 2.0 0.339 0.167 0.724
0.0 0.0 0.0 0.0 1.0 0.0 0.0 0.0 0.0 0.0 0.077 0.590 0.923 0.708 2.0 0.339 0.083 0.724
0.0 0.0 0.0 1.0 0.0 0.0 0.0 0.0 1.0 0.0 0.205 0.795 0.795 0.795 2.0 0.179 0.181 0.034
0.0 0.0 0.0 1.0 0.0 0.0 0.0 0.0 1.0 0.0 0.205 0.744 0.795 0.769 2.0 0.179 0.181 0.069
0.0 0.0 0.0 1.0 0.0 0.0 0.0 0.0 1.0 0.0 0.205 0.692 0.795 0.744 2.0 0.179 0.181 0.103
0.0 0.0 0.0 0.0 1.0 0.0 0.0 0.0 1.0 0.0 0.205 0.462 0.795 0.580 2.0 0.321 0.167 0.724
0.0 0.0 0.0 1.0 0.0 0.0 0.0 0.0 1.0 0.0 0.231 0.641 0.769 0.679 2.0 0.250 0.181 0.207
0.0 0.0 0.0 1.0 0.0 0.0 0.0 0.0 1.0 0.0 0.231 0.436 0.769 0.546 2.0 0.357 0.181 0.793
0.0 0.0 0.0 0.0 1.0 0.0 0.0 0.0 0.0 0.0 0.103 0.769 0.897 0.808 2.0 0.375 0.083 0.207
0.0 1.0 0.0 0.0 0.0 0.0 0.0 0.0 0.0 0.0 0.256 0.513 0.744 0.613 2.0 0.161 0.194 0.310
0.0 0.0 0.0 1.0 0.0 0.0 0.0 0.0 1.0 0.0 0.231 0.538 0.769 0.638 2.0 0.179 0.181 0.310
0.0 0.0 0.0 1.0 0.0 0.0 0.0 0.0 1.0 0.0 0.231 0.436 0.769 0.546 2.0 0.339 0.181 0.793
0.0 0.0 0.0 0.0 1.0 0.0 0.0 0.0 0.0 0.0 0.103 0.667 0.897 0.766 2.0 0.357 0.097 0.310
0.0 0.0 0.0 1.0 0.0 0.0 0.0 0.0 1.0 0.0 0.231 0.513 0.769 0.609 2.0 0.250 0.181 0.414
0.0 0.0 0.0 1.0 0.0 0.0 0.0 0.0 1.0 0.0 0.231 0.436 0.769 0.546 2.0 0.357 0.181 0.793
0.0 0.0 0.0 0.0 1.0 0.0 0.0 0.0 0.0 0.0 0.103 0.641 0.897 0.737 2.0 0.393 0.083 0.414
0.0 0.0 0.0 1.0 0.0 0.0 0.0 0.0 1.0 0.0 0.231 0.436 0.769 0.583 2.0 0.232 0.181 0.517
0.0 0.0 0.0 1.0 0.0 0.0 0.0 0.0 1.0 0.0 0.231 0.436 0.769 0.546 2.0 0.321 0.181 0.793
0.0 0.0 0.0 0.0 1.0 0.0 0.0 0.0 0.0 0.0 0.103 0.564 0.897 0.711 2.0 0.375 0.097 0.517
0.0 0.0 0.0 1.0 0.0 0.0 0.0 0.0 1.0 0.0 0.231 0.436 0.769 0.566 2.0 0.250 0.181 0.621
0.0 1.0 0.0 0.0 0.0 0.0 0.0 0.0 0.0 0.0 0.256 0.410 0.744 0.521 2.0 0.250 0.194 0.793
0.0 0.0 0.0 1.0 0.0 0.0 0.0 0.0 1.0 0.0 0.231 0.436 0.769 0.546 2.0 0.214 0.181 0.793
0.0 0.0 0.0 1.0 0.0 0.0 0.0 0.0 1.0 0.0 0.231 0.436 0.769 0.554 2.0 0.250 0.181 0.724
0.0 0.0 0.0 1.0 0.0 0.0 0.0 0.0 1.0 0.0 0.231 0.436 0.769 0.546 2.0 0.339 0.181 0.793
0.0 0.0 0.0 0.0 1.0 0.0 0.0 0.0 0.0 0.0 0.103 0.564 0.897 0.683 2.0 0.375 0.097 0.724
0.0 0.0 0.0 1.0 0.0 0.0 0.0 0.0 0.0 0.0 0.077 0.590 0.923 0.708 2.0 0.571 0.056 0.724
0.0 0.0 0.0 0.0 1.0 0.0 0.0 0.0 1.0 0.0 0.051 0.615 0.949 0.734 2.0 0.446 0.042 0.724
0.0 0.0 0.0 0.0 1.0 0.0 0.0 0.0 1.0 0.0 0.051 0.128 0.949 0.701 2.0 0.214 0.028 0.828
0.0 0.0 0.0 1.0 0.0 0.0 0.0 0.0 1.0 0.0 0.051 0.128 0.949 0.701 2.0 0.214 0.028 0.828
0.0 0.0 0.0 0.0 1.0 0.0 0.0 0.0 1.0 0.0 0.077 0.103 0.923 0.675 2.0 0.232 0.042 0.828
0.0 0.0 0.0 0.0 1.0 0.0 0.0 0.0 1.0 0.0 0.051 0.128 0.949 0.701 2.0 0.214 0.028 0.828
0.0 0.0 0.0 0.0 1.0 0.0 0.0 0.0 1.0 0.0 0.051 0.128 0.949 0.701 2.0 0.196 0.042 0.828
0.0 0.0 0.0 0.0 1.0 0.0 0.0 0.0 1.0 0.0 0.051 0.128 0.949 0.701 2.0 0.214 0.042 0.828
0.0 0.0 0.0 0.0 1.0 0.0 0.0 0.0 1.0 0.0 0.077 0.051 0.051 0.051 2.0 0.196 0.042 0.034
0.0 0.0 0.0 1.0 0.0 0.0 0.0 0.0 1.0 0.0 0.103 0.026 0.026 0.026 2.0 0.179 0.056 0.034
0.0 0.0 0.0 1.0 0.0 0.0 0.0 0.0 1.0 0.0 0.692 0.026 0.026 0.026 2.0 0.143 0.653 0.034
0.0 0.0 0.0 0.0 1.0 0.0 0.0 0.0 1.0 0.0 0.077 0.641 0.641 0.641 3.0 0.214 0.069 0.034
0.0 0.0 0.0 1.0 0.0 0.0 0.0 0.0 1.0 0.0 0.077 0.590 0.590 0.590 3.0 0.304 0.069 0.034
0.0 0.0 0.0 0.0 1.0 0.0 0.0 0.0 0.0 0.0 0.077 0.590 0.590 0.590 2.0 0.321 0.069 0.034
0.0 0.0 0.0 0.0 1.0 0.0 0.0 0.0 0.0 0.0 0.077 0.026 0.026 0.026 2.0 0.375 0.056 0.034
0.0 0.0 0.0 1.0 0.0 0.0 0.0 0.0 1.0 0.0 0.077 0.026 0.026 0.026 2.0 0.286 0.056 0.034
0.0 0.0 0.0 0.0 1.0 0.0 0.0 0.0 0.0 0.0 0.077 0.026 0.026 0.026 2.0 0.357 0.069 0.034
0.0 0.0 0.0 1.0 0.0 0.0 0.0 0.0 1.0 0.0 0.077 0.026 0.026 0.026 2.0 0.286 0.056 0.034
0.0 0.0 0.0 0.0 1.0 0.0 0.0 0.0 0.0 0.0 0.077 0.026 0.026 0.026 2.0 0.393 0.056 0.034
0.0 0.0 0.0 1.0 0.0 0.0 0.0 0.0 1.0 0.0 0.077 0.026 0.026 0.026 2.0 0.286 0.056 0.034
0.0 1.0 0.0 0.0 0.0 0.0 0.0 0.0 0.0 0.0 0.103 0.026 0.026 0.026 2.0 0.107 0.083 0.034
0.0 0.0 0.0 0.0 1.0 0.0 0.0 0.0 0.0 0.0 0.077 0.051 0.051 0.051 2.0 0.411 0.069 0.034
0.0 0.0 0.0 1.0 0.0 0.0 0.0 0.0 1.0 0.0 0.077 0.051 0.051 0.051 2.0 0.304 0.056 0.034
0.0 0.0 0.0 0.0 1.0 0.0 0.0 0.0 0.0 0.0 0.077 0.026 0.026 0.026 2.0 0.411 0.069 0.034
0.0 0.0 0.0 1.0 0.0 0.0 0.0 0.0 1.0 0.0 0.077 0.026 0.026 0.026 2.0 0.286 0.056 0.034
0.0 0.0 0.0 0.0 1.0 0.0 0.0 0.0 0.0 0.0 0.077 0.026 0.026 0.026 2.0 0.375 0.069 0.034
0.0 0.0 0.0 1.0 0.0 0.0 0.0 0.0 1.0 0.0 0.077 0.026 0.026 0.026 2.0 0.286 0.056 0.034
0.0 1.0 0.0 0.0 0.0 0.0 0.0 0.0 1.0 0.0 0.026 0.077 0.974 0.701 1.0 0.232 0.014 0.862
0.0 0.0 0.0 1.0 0.0 0.0 0.0 0.0 0.0 0.0 0.205 0.462 0.795 0.572 2.0 0.196 0.097 0.793
0.0 0.0 0.0 0.0 1.0 0.0 0.0 0.0 0.0 0.0 0.128 0.538 0.872 0.649 2.0 0.196 0.069 0.793
0.0 0.0 1.0 0.0 0.0 0.0 0.0 0.0 0.0 0.0 0.897 0.051 0.051 0.051 2.0 0.179 0.778 0.034
0.0 0.0 1.0 0.0 0.0 0.0 0.0 0.0 0.0 0.0 0.949 0.051 0.051 0.051 2.0 0.214 0.806 0.034
0.0 1.0 0.0 0.0 0.0 0.0 0.0 0.0 0.0 0.0 0.128 0.538 0.872 0.657 2.0 0.500 0.125 0.724
0.0 1.0 0.0 0.0 0.0 0.0 0.0 0.0 0.0 0.0 0.154 0.513 0.846 0.631 1.0 0.732 0.125 0.724
0.0 1.0 0.0 0.0 0.0 0.0 0.0 0.0 0.0 0.0 0.231 0.718 0.769 0.744 2.0 0.107 0.181 0.069
0.0 1.0 0.0 0.0 0.0 0.0 0.0 0.0 0.0 0.0 0.256 0.692 0.744 0.718 1.0 0.143 0.181 0.069
0.0 1.0 0.0 0.0 0.0 0.0 0.0 0.0 0.0 0.0 0.308 0.359 0.692 0.477 2.0 0.161 0.278 0.724
0.0 1.0 0.0 0.0 0.0 0.0 0.0 0.0 0.0 0.0 0.333 0.333 0.667 0.452 1.0 0.143 0.278 0.724
0.0 1.0 0.0 0.0 0.0 0.0 0.0 0.0 0.0 0.0 0.282 0.385 0.718 0.514 1.0 0.179 0.208 0.621
0.0 1.0 0.0 0.0 0.0 0.0 0.0 0.0 0.0 0.0 0.282 0.385 0.718 0.532 2.0 0.161 0.194 0.517
0.0 1.0 0.0 0.0 0.0 0.0 0.0 0.0 0.0 0.0 0.308 0.359 0.692 0.506 1.0 0.161 0.194 0.517
0.0 1.0 0.0 0.0 0.0 0.0 0.0 0.0 0.0 0.0 0.256 0.487 0.744 0.583 2.0 0.143 0.208 0.414
0.0 1.0 0.0 0.0 0.0 0.0 0.0 0.0 0.0 0.0 0.282 0.462 0.718 0.558 1.0 0.161 0.208 0.414
0.0 1.0 0.0 0.0 0.0 0.0 0.0 0.0 0.0 0.0 0.256 0.513 0.744 0.613 2.0 0.143 0.236 0.310
0.0 1.0 0.0 0.0 0.0 0.0 0.0 0.0 0.0 0.0 0.282 0.487 0.718 0.587 1.0 0.161 0.236 0.310
0.0 1.0 0.0 0.0 0.0 0.0 0.0 0.0 0.0 0.0 0.256 0.615 0.744 0.654 1.0 0.196 0.181 0.207
0.0 1.0 0.0 0.0 0.0 0.0 0.0 0.0 0.0 0.0 0.231 0.667 0.769 0.718 1.0 0.179 0.167 0.103
0.0 0.0 0.0 0.0 0.0 1.0 0.0 0.0 0.0 0.0 0.821 0.128 0.179 0.154 2.0 0.339 0.778 0.069
0.0 0.0 1.0 0.0 0.0 0.0 0.0 0.0 0.0 0.0 0.795 0.154 0.205 0.179 2.0 0.304 0.736 0.069
0.0 0.0 0.0 1.0 0.0 0.0 0.0 0.0 0.0 0.0 0.487 0.205 0.256 0.231 2.0 0.286 0.347 0.103
0.0 0.0 0.0 1.0 0.0 0.0 0.0 0.0 0.0 0.0 0.846 0.051 0.051 0.051 2.0 0.179 0.778 0.034
0.0 0.0 0.0 1.0 0.0 0.0 0.0 0.0 0.0 0.0 0.821 0.051 0.051 0.051 2.0 0.268 0.750 0.103
0.0 0.0 0.0 1.0 0.0 0.0 0.0 0.0 0.0 0.0 0.718 0.051 0.077 0.068 2.0 0.304 0.694 0.103
0.0 0.0 0.0 1.0 0.0 0.0 0.0 0.0 0.0 0.0 0.692 0.051 0.077 0.060 2.0 0.304 0.611 0.103
0.0 0.0 0.0 1.0 0.0 0.0 0.0 0.0 0.0 0.0 0.590 0.077 0.179 0.120 2.0 0.304 0.528 0.103
0.0 0.0 0.0 1.0 0.0 0.0 0.0 0.0 0.0 0.0 0.538 0.128 0.231 0.171 2.0 0.304 0.444 0.103
0.0 1.0 0.0 0.0 0.0 0.0 0.0 0.0 0.0 0.0 0.256 0.744 0.744 0.744 2.0 0.161 0.208 0.034
0.0 1.0 0.0 0.0 0.0 0.0 0.0 0.0 0.0 0.0 0.256 0.692 0.744 0.718 1.0 0.143 0.194 0.069
0.0 1.0 0.0 0.0 0.0 0.0 0.0 0.0 0.0 0.0 0.282 0.385 0.718 0.503 2.0 0.161 0.292 0.724
0.0 1.0 0.0 0.0 0.0 0.0 0.0 0.0 0.0 0.0 0.308 0.359 0.692 0.477 1.0 0.125 0.292 0.724
0.0 1.0 0.0 0.0 0.0 0.0 0.0 0.0 0.0 0.0 0.308 0.359 0.692 0.489 1.0 0.179 0.306 0.621
0.0 1.0 0.0 0.0 0.0 0.0 0.0 0.0 0.0 0.0 0.308 0.359 0.692 0.506 2.0 0.107 0.306 0.517
0.0 1.0 0.0 0.0 0.0 0.0 0.0 0.0 0.0 0.0 0.333 0.333 0.667 0.480 1.0 0.125 0.306 0.517
0.0 1.0 0.0 0.0 0.0 0.0 0.0 0.0 0.0 0.0 0.282 0.462 0.718 0.558 2.0 0.196 0.306 0.414
0.0 1.0 0.0 0.0 0.0 0.0 0.0 0.0 0.0 0.0 0.308 0.462 0.692 0.561 2.0 0.161 0.319 0.310
0.0 1.0 0.0 0.0 0.0 0.0 0.0 0.0 0.0 0.0 0.333 0.436 0.667 0.536 1.0 0.125 0.319 0.310
0.0 1.0 0.0 0.0 0.0 0.0 0.0 0.0 0.0 0.0 0.282 0.590 0.718 0.628 2.0 0.161 0.292 0.207
0.0 1.0 0.0 0.0 0.0 0.0 0.0 0.0 0.0 0.0 0.308 0.564 0.692 0.603 1.0 0.125 0.292 0.207
0.0 1.0 0.0 0.0 0.0 0.0 0.0 0.0 0.0 0.0 0.256 0.641 0.744 0.692 1.0 0.161 0.194 0.103
0.0 0.0 0.0 1.0 0.0 0.0 0.0 0.0 0.0 0.0 0.744 0.154 0.256 0.205 2.0 0.304 0.722 0.103
0.0 0.0 0.0 1.0 0.0 0.0 0.0 0.0 0.0 0.0 0.692 0.179 0.308 0.218 2.0 0.304 0.681 0.207
0.0 0.0 0.0 1.0 0.0 0.0 0.0 0.0 0.0 0.0 0.641 0.128 0.359 0.228 2.0 0.304 0.597 0.310
0.0 1.0 0.0 0.0 0.0 0.0 0.0 0.0 0.0 0.0 0.590 0.154 0.410 0.250 2.0 0.214 0.542 0.414
0.0 0.0 0.0 1.0 0.0 0.0 0.0 0.0 0.0 0.0 0.564 0.179 0.436 0.276 2.0 0.232 0.528 0.414
0.0 0.0 0.0 1.0 0.0 0.0 0.0 0.0 0.0 0.0 0.513 0.154 0.487 0.301 2.0 0.304 0.431 0.517
0.0 0.0 0.0 1.0 0.0 0.0 0.0 0.0 0.0 0.0 0.462 0.205 0.538 0.335 2.0 0.268 0.361 0.621
0.0 0.0 0.0 1.0 0.0 0.0 0.0 0.0 0.0 0.0 0.410 0.282 0.333 0.308 2.0 0.268 0.347 0.103
0.0 0.0 1.0 0.0 0.0 0.0 0.0 0.0 0.0 0.0 0.359 0.590 0.641 0.615 2.0 0.357 0.250 0.069
0.0 0.0 0.0 1.0 0.0 0.0 0.0 0.0 0.0 0.0 0.359 0.308 0.641 0.426 3.0 0.286 0.347 0.724
0.0 0.0 0.0 1.0 0.0 0.0 0.0 0.0 0.0 0.0 0.385 0.282 0.615 0.400 2.0 0.339 0.333 0.724
0.0 1.0 0.0 0.0 0.0 0.0 0.0 0.0 0.0 0.0 0.436 0.231 0.564 0.360 1.0 0.143 0.361 0.621
0.0 1.0 0.0 0.0 0.0 0.0 0.0 0.0 0.0 0.0 0.410 0.256 0.590 0.386 2.0 0.107 0.361 0.621
0.0 0.0 0.0 1.0 0.0 0.0 0.0 0.0 0.0 0.0 0.385 0.282 0.615 0.412 2.0 0.411 0.347 0.621
0.0 1.0 0.0 0.0 0.0 0.0 0.0 0.0 0.0 0.0 0.487 0.179 0.282 0.222 2.0 0.179 0.375 0.103
0.0 0.0 0.0 1.0 0.0 0.0 0.0 0.0 0.0 0.0 0.385 0.282 0.615 0.412 3.0 0.321 0.347 0.621
0.0 0.0 0.0 1.0 0.0 0.0 0.0 0.0 0.0 0.0 0.410 0.256 0.590 0.386 2.0 0.321 0.347 0.621
0.0 0.0 0.0 1.0 0.0 0.0 0.0 0.0 0.0 0.0 0.487 0.179 0.513 0.326 2.0 0.304 0.431 0.517
0.0 1.0 0.0 0.0 0.0 0.0 0.0 0.0 0.0 0.0 0.538 0.128 0.231 0.171 1.0 0.179 0.431 0.103
0.0 0.0 0.0 1.0 0.0 0.0 0.0 0.0 0.0 0.0 0.385 0.282 0.615 0.429 3.0 0.321 0.375 0.517
0.0 0.0 0.0 1.0 0.0 0.0 0.0 0.0 0.0 0.0 0.410 0.256 0.590 0.403 2.0 0.339 0.361 0.517
0.0 0.0 0.0 1.0 0.0 0.0 0.0 0.0 0.0 0.0 0.538 0.205 0.462 0.301 2.0 0.268 0.528 0.414
0.0 1.0 0.0 0.0 0.0 0.0 0.0 0.0 0.0 0.0 0.615 0.128 0.154 0.137 2.0 0.125 0.556 0.103
0.0 1.0 0.0 0.0 0.0 0.0 0.0 0.0 0.0 0.0 0.641 0.103 0.128 0.111 1.0 0.125 0.556 0.103
0.0 0.0 0.0 1.0 0.0 0.0 0.0 0.0 0.0 0.0 0.333 0.410 0.667 0.506 3.0 0.339 0.333 0.414
0.0 0.0 0.0 1.0 0.0 0.0 0.0 0.0 0.0 0.0 0.359 0.385 0.641 0.481 2.0 0.357 0.319 0.414
0.0 0.0 0.0 1.0 0.0 0.0 0.0 0.0 0.0 0.0 0.615 0.154 0.385 0.254 2.0 0.286 0.597 0.310
0.0 1.0 0.0 0.0 0.0 0.0 0.0 0.0 0.0 0.0 0.667 0.103 0.128 0.120 2.0 0.179 0.611 0.103
0.0 0.0 0.0 1.0 0.0 0.0 0.0 0.0 0.0 0.0 0.385 0.385 0.615 0.484 3.0 0.339 0.361 0.310
0.0 0.0 0.0 1.0 0.0 0.0 0.0 0.0 0.0 0.0 0.410 0.359 0.590 0.459 2.0 0.357 0.347 0.310
0.0 0.0 0.0 1.0 0.0 0.0 0.0 0.0 0.0 0.0 0.667 0.205 0.333 0.244 2.0 0.304 0.681 0.207
0.0 1.0 0.0 0.0 0.0 0.0 0.0 0.0 0.0 0.0 0.718 0.154 0.154 0.154 2.0 0.143 0.694 0.103
0.0 1.0 0.0 0.0 0.0 0.0 0.0 0.0 0.0 0.0 0.744 0.128 0.128 0.128 1.0 0.125 0.694 0.103
0.0 0.0 0.0 1.0 0.0 0.0 0.0 0.0 0.0 0.0 0.359 0.513 0.641 0.551 3.0 0.339 0.319 0.207
0.0 0.0 0.0 1.0 0.0 0.0 0.0 0.0 0.0 0.0 0.385 0.487 0.615 0.526 2.0 0.339 0.319 0.207
0.0 0.0 0.0 1.0 0.0 0.0 0.0 0.0 0.0 0.0 0.718 0.179 0.282 0.231 2.0 0.304 0.722 0.103
0.0 1.0 0.0 0.0 0.0 0.0 0.0 0.0 0.0 0.0 0.769 0.128 0.128 0.128 2.0 0.179 0.736 0.034
0.0 0.0 0.0 1.0 0.0 0.0 0.0 0.0 0.0 0.0 0.308 0.590 0.692 0.641 3.0 0.339 0.236 0.103
0.0 0.0 0.0 1.0 0.0 0.0 0.0 0.0 0.0 0.0 0.333 0.564 0.667 0.615 2.0 0.304 0.236 0.103
0.0 0.0 0.0 1.0 0.0 0.0 0.0 0.0 0.0 0.0 0.769 0.179 0.231 0.205 2.0 0.286 0.736 0.069
0.0 0.0 1.0 0.0 0.0 0.0 0.0 0.0 0.0 0.0 0.333 0.615 0.667 0.641 3.0 0.304 0.264 0.069
0.0 0.0 0.0 0.0 1.0 0.0 0.0 0.0 0.0 0.0 0.846 0.154 0.154 0.154 2.0 0.268 0.778 0.034
0.0 0.0 0.0 1.0 0.0 0.0 0.0 0.0 0.0 0.0 0.872 0.128 0.128 0.128 2.0 0.214 0.792 0.034
0.0 0.0 0.0 0.0 1.0 0.0 0.0 0.0 0.0 0.0 0.846 0.154 0.154 0.154 3.0 0.339 0.792 0.034
0.0 0.0 0.0 1.0 0.0 0.0 0.0 0.0 0.0 0.0 0.897 0.103 0.103 0.103 3.0 0.250 0.806 0.034
0.0 0.0 0.0 1.0 0.0 0.0 0.0 0.0 0.0 0.0 0.897 0.103 0.103 0.103 2.0 0.214 0.792 0.034
0.0 0.0 0.0 1.0 0.0 0.0 0.0 0.0 0.0 0.0 0.923 0.077 0.077 0.077 3.0 0.250 0.806 0.034
0.0 0.0 0.0 0.0 1.0 0.0 0.0 0.0 0.0 0.0 0.872 0.077 0.077 0.077 2.0 0.214 0.778 0.034
0.0 0.0 0.0 0.0 1.0 0.0 0.0 0.0 0.0 0.0 0.385 0.564 0.564 0.564 2.0 0.268 0.264 0.034
0.0 0.0 0.0 1.0 0.0 0.0 0.0 0.0 0.0 0.0 0.821 0.128 0.128 0.128 2.0 0.196 0.778 0.034
0.0 1.0 0.0 0.0 0.0 0.0 0.0 0.0 0.0 0.0 0.436 0.256 0.308 0.282 1.0 0.143 0.347 0.103
0.0 1.0 0.0 0.0 0.0 0.0 0.0 0.0 0.0 0.0 0.410 0.487 0.487 0.487 1.0 0.107 0.250 0.034
0.0 1.0 0.0 0.0 0.0 0.0 0.0 0.0 0.0 0.0 0.385 0.513 0.513 0.513 2.0 0.107 0.250 0.034
0.0 0.0 0.0 1.0 0.0 0.0 0.0 0.0 0.0 0.0 0.359 0.538 0.538 0.538 2.0 0.232 0.236 0.034
0.0 0.0 0.0 1.0 0.0 0.0 0.0 0.0 0.0 0.0 0.410 0.462 0.462 0.462 2.0 0.250 0.319 0.103
0.0 0.0 0.0 1.0 0.0 0.0 0.0 0.0 0.0 0.0 0.436 0.333 0.359 0.350 2.0 0.250 0.361 0.103
0.0 0.0 0.0 1.0 0.0 0.0 0.0 0.0 0.0 0.0 0.385 0.359 0.385 0.368 2.0 0.250 0.333 0.103
0.0 0.0 0.0 1.0 0.0 0.0 0.0 0.0 0.0 0.0 0.436 0.231 0.333 0.274 2.0 0.250 0.375 0.103
0.0 0.0 0.0 1.0 0.0 0.0 0.0 0.0 0.0 0.0 0.436 0.231 0.333 0.274 2.0 0.250 0.347 0.103
0.0 0.0 0.0 1.0 0.0 0.0 0.0 0.0 0.0 0.0 0.282 0.718 0.718 0.718 2.0 0.446 0.222 0.034
0.0 0.0 0.0 1.0 0.0 0.0 0.0 0.0 0.0 0.0 0.256 0.744 0.744 0.744 2.0 0.393 0.222 0.034
0.0 0.0 0.0 1.0 0.0 0.0 0.0 0.0 0.0 0.0 0.308 0.692 0.692 0.692 2.0 0.214 0.236 0.034
0.0 0.0 0.0 1.0 0.0 0.0 0.0 0.0 0.0 0.0 0.333 0.615 0.667 0.641 2.0 0.232 0.236 0.069
0.0 1.0 0.0 0.0 0.0 0.0 0.0 0.0 0.0 0.0 0.308 0.641 0.692 0.667 2.0 0.196 0.222 0.069
0.0 0.0 0.0 1.0 0.0 0.0 0.0 0.0 0.0 0.0 0.282 0.667 0.718 0.692 2.0 0.393 0.208 0.069
0.0 0.0 0.0 1.0 0.0 0.0 0.0 0.0 0.0 0.0 0.256 0.692 0.744 0.718 2.0 0.411 0.222 0.069
0.0 0.0 0.0 1.0 0.0 0.0 0.0 0.0 0.0 0.0 0.333 0.333 0.667 0.452 2.0 0.446 0.292 0.724
0.0 0.0 0.0 1.0 0.0 0.0 0.0 0.0 0.0 0.0 0.282 0.385 0.718 0.503 2.0 0.446 0.292 0.724
0.0 0.0 0.0 1.0 0.0 0.0 0.0 0.0 0.0 0.0 0.359 0.308 0.641 0.426 2.0 0.214 0.306 0.724
0.0 1.0 0.0 0.0 0.0 0.0 0.0 0.0 0.0 0.0 0.359 0.308 0.641 0.437 2.0 0.214 0.319 0.621
0.0 0.0 0.0 1.0 0.0 0.0 0.0 0.0 0.0 0.0 0.333 0.333 0.667 0.463 2.0 0.393 0.306 0.621
0.0 0.0 0.0 1.0 0.0 0.0 0.0 0.0 0.0 0.0 0.308 0.359 0.692 0.489 2.0 0.464 0.319 0.621
0.0 0.0 0.0 1.0 0.0 0.0 0.0 0.0 0.0 0.0 0.385 0.282 0.615 0.412 2.0 0.214 0.333 0.621
0.0 0.0 0.0 1.0 0.0 0.0 0.0 0.0 0.0 0.0 0.359 0.308 0.641 0.455 2.0 0.482 0.306 0.517
0.0 1.0 0.0 0.0 0.0 0.0 0.0 0.0 0.0 0.0 0.333 0.333 0.667 0.480 2.0 0.214 0.319 0.517
0.0 0.0 0.0 1.0 0.0 0.0 0.0 0.0 0.0 0.0 0.308 0.359 0.692 0.506 2.0 0.321 0.306 0.517
0.0 0.0 0.0 1.0 0.0 0.0 0.0 0.0 0.0 0.0 0.385 0.282 0.615 0.429 2.0 0.214 0.333 0.517
0.0 0.0 0.0 1.0 0.0 0.0 0.0 0.0 0.0 0.0 0.308 0.436 0.692 0.532 2.0 0.482 0.306 0.414
0.0 0.0 0.0 1.0 0.0 0.0 0.0 0.0 0.0 0.0 0.282 0.462 0.718 0.558 2.0 0.464 0.306 0.414
0.0 0.0 0.0 1.0 0.0 0.0 0.0 0.0 0.0 0.0 0.333 0.410 0.667 0.506 2.0 0.232 0.319 0.414
0.0 0.0 0.0 1.0 0.0 0.0 0.0 0.0 0.0 0.0 0.359 0.410 0.641 0.510 2.0 0.482 0.319 0.310
0.0 0.0 0.0 1.0 0.0 0.0 0.0 0.0 0.0 0.0 0.308 0.462 0.692 0.561 2.0 0.464 0.319 0.310
0.0 0.0 0.0 1.0 0.0 0.0 0.0 0.0 0.0 0.0 0.385 0.385 0.615 0.484 2.0 0.232 0.333 0.310
0.0 0.0 0.0 1.0 0.0 0.0 0.0 0.0 0.0 0.0 0.333 0.538 0.667 0.577 2.0 0.482 0.292 0.207
0.0 0.0 0.0 1.0 0.0 0.0 0.0 0.0 0.0 0.0 0.282 0.590 0.718 0.628 2.0 0.464 0.292 0.207
0.0 0.0 0.0 1.0 0.0 0.0 0.0 0.0 0.0 0.0 0.359 0.513 0.641 0.551 2.0 0.232 0.306 0.207
0.0 0.0 0.0 1.0 0.0 0.0 0.0 0.0 0.0 0.0 0.282 0.615 0.718 0.667 2.0 0.482 0.208 0.103
0.0 0.0 0.0 1.0 0.0 0.0 0.0 0.0 0.0 0.0 0.256 0.641 0.744 0.692 2.0 0.429 0.222 0.103
0.0 0.0 0.0 1.0 0.0 0.0 0.0 0.0 0.0 0.0 0.308 0.590 0.692 0.641 2.0 0.232 0.222 0.103
0.0 1.0 0.0 0.0 0.0 0.0 0.0 0.0 0.0 0.0 0.821 0.077 0.077 0.077 1.0 0.107 0.764 0.034
0.0 1.0 0.0 0.0 0.0 0.0 0.0 0.0 0.0 0.0 0.795 0.103 0.103 0.103 2.0 0.107 0.764 0.034
0.0 0.0 0.0 1.0 0.0 0.0 0.0 0.0 0.0 0.0 0.769 0.128 0.128 0.128 2.0 0.179 0.750 0.034
0.0 0.0 0.0 1.0 0.0 0.0 0.0 0.0 0.0 0.0 0.795 0.103 0.103 0.103 3.0 0.286 0.750 0.034
0.0 0.0 0.0 1.0 0.0 0.0 0.0 0.0 0.0 0.0 0.718 0.154 0.154 0.154 2.0 0.250 0.722 0.103
0.0 1.0 0.0 0.0 0.0 0.0 0.0 0.0 0.0 0.0 0.795 0.077 0.077 0.077 2.0 0.179 0.750 0.103
0.0 0.0 0.0 1.0 0.0 0.0 0.0 0.0 0.0 0.0 0.769 0.103 0.103 0.103 3.0 0.268 0.736 0.103
0.0 0.0 0.0 1.0 0.0 0.0 0.0 0.0 0.0 0.0 0.667 0.103 0.128 0.120 2.0 0.250 0.681 0.103
0.0 0.0 0.0 1.0 0.0 0.0 0.0 0.0 0.0 0.0 0.692 0.077 0.103 0.094 3.0 0.321 0.694 0.103
0.0 0.0 0.0 1.0 0.0 0.0 0.0 0.0 0.0 0.0 0.615 0.128 0.154 0.137 2.0 0.232 0.597 0.103
0.0 0.0 0.0 1.0 0.0 0.0 0.0 0.0 0.0 0.0 0.667 0.077 0.103 0.085 3.0 0.321 0.611 0.103
0.0 0.0 0.0 1.0 0.0 0.0 0.0 0.0 0.0 0.0 0.538 0.128 0.231 0.171 2.0 0.250 0.528 0.103
0.0 0.0 0.0 1.0 0.0 0.0 0.0 0.0 0.0 0.0 0.564 0.103 0.205 0.145 3.0 0.321 0.528 0.103
0.0 0.0 0.0 1.0 0.0 0.0 0.0 0.0 0.0 0.0 0.487 0.179 0.282 0.222 2.0 0.250 0.431 0.103
0.0 0.0 0.0 1.0 0.0 0.0 0.0 0.0 0.0 0.0 0.513 0.154 0.256 0.197 3.0 0.321 0.444 0.103
0.0 0.0 0.0 1.0 0.0 0.0 0.0 0.0 0.0 0.0 0.436 0.256 0.308 0.282 2.0 0.464 0.347 0.103
0.0 0.0 0.0 1.0 0.0 0.0 0.0 0.0 0.0 0.0 0.462 0.231 0.282 0.256 2.0 0.339 0.347 0.103
0.0 1.0 0.0 0.0 0.0 0.0 0.0 0.0 0.0 0.0 0.846 0.103 0.103 0.103 1.0 0.161 0.778 0.034
0.0 0.0 0.0 1.0 0.0 0.0 0.0 0.0 0.0 0.0 0.590 0.077 0.410 0.187 2.0 0.679 0.625 0.793
0.0 1.0 0.0 0.0 0.0 0.0 0.0 0.0 0.0 0.0 0.282 0.385 0.718 0.495 2.0 0.143 0.250 0.793
0.0 1.0 0.0 0.0 0.0 0.0 0.0 0.0 0.0 0.0 0.282 0.385 0.718 0.495 2.0 0.179 0.250 0.793
0.0 1.0 0.0 0.0 0.0 0.0 0.0 0.0 0.0 0.0 0.333 0.333 0.667 0.444 1.0 0.143 0.264 0.793
0.0 1.0 0.0 0.0 0.0 0.0 0.0 0.0 0.0 0.0 0.282 0.385 0.718 0.495 1.0 0.179 0.250 0.793
0.0 1.0 0.0 0.0 0.0 0.0 0.0 0.0 0.0 0.0 0.256 0.410 0.744 0.521 1.0 0.161 0.222 0.793
0.0 1.0 0.0 0.0 0.0 0.0 0.0 0.0 0.0 0.0 0.051 0.615 0.949 0.726 1.0 0.125 0.028 0.793
0.0 1.0 0.0 0.0 0.0 0.0 0.0 0.0 0.0 0.0 0.154 0.513 0.846 0.623 2.0 0.107 0.097 0.793
0.0 1.0 0.0 0.0 0.0 0.0 0.0 0.0 0.0 0.0 0.179 0.487 0.821 0.598 1.0 0.143 0.097 0.793
0.0 1.0 0.0 0.0 0.0 0.0 0.0 0.0 0.0 0.0 0.051 0.615 0.949 0.726 2.0 0.125 0.042 0.793
0.0 1.0 0.0 0.0 0.0 0.0 0.0 0.0 0.0 0.0 0.077 0.590 0.923 0.700 1.0 0.161 0.042 0.793
0.0 1.0 0.0 0.0 0.0 0.0 0.0 0.0 0.0 0.0 0.154 0.513 0.846 0.623 2.0 0.143 0.097 0.793
0.0 1.0 0.0 0.0 0.0 0.0 0.0 0.0 0.0 0.0 0.179 0.487 0.821 0.598 1.0 0.196 0.097 0.793
0.0 1.0 0.0 0.0 0.0 0.0 0.0 0.0 0.0 0.0 0.282 0.385 0.718 0.495 2.0 0.125 0.250 0.793
0.0 1.0 0.0 0.0 0.0 0.0 0.0 0.0 0.0 0.0 0.308 0.359 0.692 0.469 1.0 0.125 0.250 0.793
0.0 0.0 0.0 1.0 0.0 0.0 0.0 0.0 0.0 0.0 0.308 0.359 0.692 0.469 2.0 0.214 0.292 0.793
0.0 0.0 0.0 1.0 0.0 0.0 0.0 0.0 0.0 0.0 0.333 0.333 0.667 0.444 3.0 0.250 0.347 0.793
0.0 0.0 0.0 0.0 1.0 0.0 0.0 0.0 0.0 0.0 0.308 0.359 0.692 0.469 2.0 0.214 0.292 0.793
0.0 0.0 0.0 1.0 0.0 0.0 0.0 0.0 0.0 0.0 0.308 0.359 0.692 0.469 2.0 0.196 0.278 0.793
0.0 0.0 0.0 1.0 0.0 0.0 0.0 0.0 0.0 0.0 0.359 0.308 0.641 0.418 3.0 0.268 0.403 0.793
0.0 0.0 0.0 0.0 1.0 0.0 0.0 0.0 0.0 0.0 0.308 0.359 0.692 0.469 2.0 0.196 0.278 0.793
0.0 1.0 0.0 0.0 0.0 0.0 0.0 0.0 0.0 0.0 0.385 0.282 0.615 0.392 2.0 0.143 0.292 0.793
0.0 0.0 0.0 1.0 0.0 0.0 0.0 0.0 0.0 0.0 0.359 0.308 0.641 0.418 2.0 0.179 0.278 0.793
0.0 1.0 0.0 0.0 0.0 0.0 0.0 0.0 0.0 0.0 0.436 0.231 0.564 0.341 2.0 0.161 0.472 0.793
0.0 0.0 0.0 1.0 0.0 0.0 0.0 0.0 0.0 0.0 0.410 0.256 0.590 0.367 3.0 0.214 0.458 0.793
0.0 0.0 0.0 0.0 1.0 0.0 0.0 0.0 0.0 0.0 0.359 0.308 0.641 0.418 2.0 0.214 0.278 0.793
0.0 0.0 0.0 1.0 0.0 0.0 0.0 0.0 0.0 0.0 0.308 0.359 0.692 0.469 2.0 0.214 0.264 0.793
0.0 0.0 0.0 1.0 0.0 0.0 0.0 0.0 0.0 0.0 0.462 0.205 0.538 0.315 3.0 0.232 0.500 0.793
0.0 0.0 0.0 0.0 1.0 0.0 0.0 0.0 0.0 0.0 0.308 0.359 0.692 0.469 2.0 0.214 0.264 0.793
0.0 1.0 0.0 0.0 0.0 0.0 0.0 0.0 0.0 0.0 0.308 0.359 0.692 0.469 2.0 0.143 0.264 0.793
0.0 0.0 0.0 1.0 0.0 0.0 0.0 0.0 0.0 0.0 0.282 0.385 0.718 0.495 2.0 0.179 0.250 0.793
0.0 0.0 0.0 1.0 0.0 0.0 0.0 0.0 0.0 0.0 0.487 0.179 0.513 0.290 3.0 0.250 0.542 0.793
0.0 0.0 0.0 0.0 1.0 0.0 0.0 0.0 0.0 0.0 0.282 0.385 0.718 0.495 2.0 0.214 0.250 0.793
0.0 0.0 0.0 1.0 0.0 0.0 0.0 0.0 0.0 0.0 0.154 0.513 0.846 0.623 2.0 0.179 0.083 0.793
0.0 0.0 0.0 1.0 0.0 0.0 0.0 0.0 0.0 0.0 0.513 0.154 0.487 0.264 3.0 0.268 0.556 0.793
0.0 0.0 0.0 0.0 1.0 0.0 0.0 0.0 0.0 0.0 0.154 0.513 0.846 0.623 2.0 0.179 0.083 0.793
0.0 0.0 0.0 1.0 0.0 0.0 0.0 0.0 0.0 0.0 0.205 0.462 0.795 0.572 2.0 0.161 0.097 0.793
0.0 0.0 0.0 1.0 0.0 0.0 0.0 0.0 0.0 0.0 0.538 0.128 0.462 0.239 3.0 0.286 0.583 0.793
0.0 0.0 0.0 0.0 1.0 0.0 0.0 0.0 0.0 0.0 0.205 0.462 0.795 0.572 2.0 0.179 0.097 0.793
0.0 0.0 0.0 1.0 0.0 0.0 0.0 0.0 0.0 0.0 0.564 0.103 0.436 0.213 4.0 0.375 0.625 0.793
0.0 0.0 0.0 1.0 0.0 0.0 0.0 0.0 0.0 0.0 0.231 0.436 0.769 0.546 3.0 0.268 0.111 0.793
0.0 0.0 0.0 0.0 1.0 0.0 0.0 0.0 0.0 0.0 0.205 0.462 0.795 0.572 2.0 0.196 0.111 0.793
0.0 0.0 0.0 0.0 1.0 0.0 0.0 0.0 0.0 0.0 0.154 0.513 0.846 0.623 2.0 0.214 0.097 0.793
0.0 0.0 0.0 0.0 1.0 0.0 0.0 0.0 0.0 0.0 0.205 0.462 0.795 0.572 2.0 0.232 0.097 0.793
