0.0 0.0 0.0 0.0 1.0 0.0 0.0 0.0 0.0 0.0 0.429 0.229 0.343 3.0 0.636 0.267 0.857
1.0 0.0 0.0 0.0 0.0 0.0 0.0 0.0 0.0 0.0 0.514 0.171 0.257 2.0 0.727 0.333 0.143
0.0 0.0 0.0 1.0 0.0 0.0 0.0 0.0 1.0 0.0 0.571 0.143 0.200 2.0 0.182 0.373 0.057
0.0 0.0 1.0 0.0 0.0 0.0 0.0 0.0 0.0 0.0 0.629 0.114 0.171 3.0 0.273 0.360 0.086
0.0 1.0 0.0 0.0 0.0 0.0 0.0 0.0 0.0 0.0 0.714 0.086 0.143 1.0 0.145 0.400 0.029
0.0 0.0 0.0 0.0 0.0 1.0 0.0 0.0 0.0 0.0 0.800 0.057 0.114 2.0 0.127 0.387 0.029
0.0 0.0 0.0 0.0 0.0 0.0 1.0 0.0 0.0 0.0 0.857 0.029 0.086 2.0 0.109 0.413 0.029
0.0 0.0 0.0 0.0 0.0 0.0 0.0 1.0 0.0 0.0 0.914 0.000 0.057 2.0 0.091 0.427 0.029
1.0 0.0 0.0 0.0 0.0 0.0 0.0 0.0 0.0 0.0 1.000 0.029 0.029 2.0 0.073 0.440 0.029
0.0 1.0 0.0 0.0 0.0 0.0 0.0 0.0 0.0 0.0 1.086 0.057 0.000 2.0 0.055 0.453 0.029
0.0 0.0 1.0 0.0 0.0 0.0 0.0 0.0 0.0 0.0 1.143 0.086 0.029 2.0 0.036 0.467 0.029
0.0 0.0 0.0 1.0 0.0 0.0 0.0 0.0 0.0 0.0 1.200 0.114 0.057 2.0 0.018 0.480 0.029
