106
356
386
585
653
664
816
853
858
884
893
923
1099
1225
1265
1313
1328
1423
1428
1469
1497
1522
1604
1650
1676
1826
1837
1902
1962
1964
2104
2145
2213
2325
2402
2475
2617
2740
2756
2790
2792
2863
2971
3005
3059
3072
3075
3079
3083
3090
3094
3096
3099
3102
3106
3112
3118
3122
3124
3149
3164
3166
3168
3170
3183
3185
3190
3240
3310
3328
3332
3345
3374
3495
3502
3545
3550
3562
3564
3568
3573
3579
3582
3586
3605
3641
3763
3767
3775
3785
3795
3800
3812
3814
3874
3919
3923
3935
3944
3958
4063
4088
4119
4122
4156
4159
4175
4179
4187
4201
4227
4284
4295
4299
4302
4306
4309
4321
4331
4333
4340
4341
4343
4345
4347
4508
4617
4620
