0.0 0.0 0.0 1.0 0.0 0.0 0.0 0.0 1.0 0.0 0.111 0.444 0.778 1.0 0.556 0.126 0.581
0.0 0.0 0.0 0.0 1.0 0.0 0.0 0.0 0.0 0.0 0.119 0.437 0.770 2.0 0.611 0.137 0.581
0.0 0.0 1.0 0.0 0.0 0.0 0.0 0.0 0.0 0.0 0.126 0.430 0.763 2.0 0.500 0.147 0.581
0.0 0.0 0.0 0.0 0.0 1.0 0.0 0.0 0.0 0.0 0.133 0.422 0.756 2.0 0.667 0.158 0.581
0.0 0.0 0.0 0.0 0.0 0.0 1.0 0.0 0.0 0.0 0.141 0.415 0.748 2.0 0.556 0.168 0.581
0.0 0.0 0.0 0.0 0.0 0.0 0.0 1.0 0.0 0.0 0.148 0.407 0.741 2.0 0.722 0.179 0.581
1.0 0.0 0.0 0.0 0.0 0.0 0.0 0.0 0.0 0.0 0.156 0.400 0.733 2.0 0.778 0.189 0.581
0.0 1.0 0.0 0.0 0.0 0.0 0.0 0.0 0.0 0.0 0.163 0.393 0.726 2.0 0.611 0.200 0.581
0.0 0.0 1.0 0.0 0.0 0.0 0.0 0.0 0.0 0.0 0.170 0.385 0.719 2.0 0.667 0.211 0.581
0.0 0.0 0.0 1.0 0.0 0.0 0.0 0.0 0.0 0.0 0.178 0.378 0.711 2.0 0.556 0.221 0.581
0.0 0.0 0.0 0.0 1.0 0.0 0.0 0.0 0.0 0.0 0.185 0.370 0.704 2.0 0.722 0.232 0.581
0.0 0.0 0.0 0.0 0.0 1.0 0.0 0.0 0.0 0.0 0.193 0.363 0.696 2.0 0.778 0.242 0.581
