0.0 0.0 0.0 1.0 0.0 0.0 0.0 0.0 1.0 0.0 0.037 0.052 0.067 2.0 0.556 0.021 0.097
0.0 0.0 1.0 0.0 0.0 0.0 0.0 0.0 0.0 0.0 0.044 0.044 0.059 2.0 0.444 0.032 0.065
0.0 0.0 0.0 0.0 1.0 0.0 0.0 0.0 0.0 0.0 0.052 0.037 0.052 2.0 0.500 0.032 0.097
0.0 1.0 0.0 0.0 0.0 0.0 0.0 0.0 0.0 0.0 0.059 0.030 0.044 2.0 0.389 0.042 0.065
0.0 0.0 0.0 0.0 0.0 1.0 0.0 0.0 0.0 0.0 0.067 0.022 0.037 2.0 0.444 0.042 0.097
0.0 0.0 0.0 0.0 0.0 0.0 1.0 0.0 0.0 0.0 0.074 0.015 0.030 2.0 0.500 0.053 0.065
0.0 0.0 0.0 0.0 0.0 0.0 0.0 1.0 0.0 0.0 0.081 0.007 0.022 2.0 0.556 0.053 0.097
1.0 0.0 0.0 0.0 0.0 0.0 0.0 0.0 0.0 0.0 0.089 0.000 0.015 2.0 0.444 0.063 0.065
0.0 0.0 0.0 1.0 0.0 0.0 0.0 0.0 0.0 0.0 0.096 0.000 0.007 2.0 0.500 0.063 0.097
0.0 0.0 0.0 0.0 1.0 0.0 0.0 0.0 0.0 0.0 0.104 0.000 0.000 2.0 0.556 0.074 0.065
0.0 0.0 0.0 0.0 0.0 1.0 0.0 0.0 0.0 0.0 0.111 0.000 0.000 2.0 0.444 0.074 0.097
