0.0 0.0 1.0 0.0 0.0 0.0 0.0 0.0 0.0 0.0 0.022 0.704 0.993 1.0 0.444 0.021 0.484
1.0 0.0 0.0 0.0 0.0 0.0 0.0 0.0 1.0 0.0 0.030 0.696 0.985 2.0 0.389 0.032 0.484
0.0 0.0 0.0 1.0 0.0 0.0 0.0 0.0 0.0 0.0 0.037 0.689 0.978 1.0 0.500 0.032 0.484
0.0 0.0 0.0 0.0 1.0 0.0 0.0 0.0 0.0 0.0 0.044 0.681 0.970 2.0 0.556 0.042 0.484
0.0 0.0 0.0 0.0 0.0 1.0 0.0 0.0 0.0 0.0 0.052 0.674 0.963 1.0 0.444 0.042 0.484
0.0 0.0 0.0 0.0 0.0 0.0 1.0 0.0 0.0 0.0 0.059 0.667 0.956 2.0 0.611 0.053 0.484
0.0 0.0 0.0 0.0 0.0 0.0 0.0 1.0 0.0 0.0 0.067 0.659 0.948 1.0 0.500 0.053 0.484
1.0 0.0 0.0 0.0 0.0 0.0 0.0 0.0 0.0 0.0 0.074 0.652 0.941 2.0 0.667 0.063 0.484
0.0 1.0 0.0 0.0 0.0 0.0 0.0 0.0 0.0 0.0 0.081 0.644 0.933 1.0 0.556 0.063 0.484
0.0 0.0 1.0 0.0 0.0 0.0 0.0 0.0 0.0 0.0 0.089 0.637 0.926 2.0 0.722 0.074 0.484
