1.0 0.0 0.0 0.0 0.0 0.0 0.0 0.0 1.0 0.0 0.000 0.286 0.229 12.0 0.036 0.200 0.571
0.0 1.0 0.0 0.0 0.0 0.0 0.0 0.0 0.0 0.0 0.000 0.257 0.200 11.0 0.036 0.187 0.543
0.0 0.0 1.0 0.0 0.0 0.0 0.0 0.0 0.0 0.0 0.000 0.229 0.171 10.0 0.036 0.173 0.514
0.0 0.0 0.0 1.0 0.0 0.0 0.0 0.0 0.0 0.0 0.000 0.200 0.143 9.0 0.036 0.160 0.486
0.0 0.0 0.0 0.0 1.0 0.0 0.0 0.0 0.0 0.0 0.000 0.171 0.114 8.0 0.036 0.147 0.457
0.0 0.0 0.0 0.0 0.0 1.0 0.0 0.0 0.0 0.0 0.000 0.143 0.086 7.0 0.036 0.133 0.429
0.0 0.0 0.0 0.0 0.0 0.0 1.0 0.0 0.0 0.0 0.000 0.114 0.057 6.0 0.036 0.120 0.400
0.0 0.0 0.0 0.0 0.0 0.0 0.0 1.0 0.0 0.0 0.000 0.086 0.029 5.0 0.036 0.107 0.371
1.0 0.0 0.0 0.0 0.0 0.0 0.0 0.0 0.0 0.0 0.000 0.057 0.000 4.0 0.036 0.093 0.343
0.0 1.0 0.0 0.0 0.0 0.0 0.0 0.0 0.0 0.0 0.000 0.029 0.000 3.0 0.036 0.080 0.314
0.0 0.0 1.0 0.0 0.0 0.0 0.0 0.0 0.0 0.0 0.000 0.000 0.000 2.0 0.036 0.067 0.286
0.0 0.0 0.0 1.0 0.0 0.0 0.0 0.0 0.0 0.0 0.000 0.000 0.000 1.0 0.036 0.053 0.257
0.0 0.0 0.0 0.0 1.0 0.0 0.0 0.0 0.0 0.0 0.000 0.000 0.000 0.0 0.036 0.040 0.229
0.0 0.0 0.0 0.0 0.0 1.0 0.0 0.0 0.0 0.0 0.000 0.000 0.000 0.0 0.036 0.027 0.200
0.0 0.0 0.0 0.0 0.0 0.0 1.0 0.0 0.0 0.0 0.000 0.000 0.000 0.0 0.036 0.013 0.171
0.0 0.0 0.0 0.0 0.0 0.0 0.0 1.0 0.0 0.0 0.000 0.000 0.000 0.0 0.036 0.000 0.143
