0.0 0.0 1.0 0.0 0.0 0.0 0.0 0.0 1.0 0.0 0.030 0.848 0.970 0.892 2.0 0.115 0.049 1.000
0.0 0.0 1.0 0.0 0.0 0.0 0.0 0.0 1.0 0.0 0.030 0.848 0.970 0.892 2.0 0.115 0.049 1.000
0.0 1.0 0.0 0.0 0.0 0.0 0.0 0.0 0.0 0.0 0.061 0.818 0.939 0.862 1.0 0.135 0.049 1.000
0.0 0.0 1.0 0.0 0.0 0.0 0.0 0.0 1.0 0.0 0.030 0.848 0.970 0.892 2.0 0.077 0.049 1.000
0.0 1.0 0.0 0.0 0.0 0.0 0.0 0.0 0.0 0.0 0.061 0.818 0.939 0.862 1.0 0.135 0.049 1.000
0.0 0.0 1.0 0.0 0.0 0.0 0.0 0.0 1.0 0.0 0.030 0.848 0.970 0.892 2.0 0.077 0.049 1.000
0.0 0.0 1.0 0.0 0.0 0.0 0.0 0.0 1.0 0.0 0.030 0.848 0.970 0.892 2.0 0.115 0.049 1.000
0.0 0.0 1.0 0.0 0.0 0.0 0.0 0.0 1.0 0.0 0.030 0.848 0.970 0.892 2.0 0.115 0.049 1.000
0.0 0.0 1.0 0.0 0.0 0.0 0.0 0.0 1.0 0.0 0.030 0.848 0.970 0.892 2.0 0.115 0.049 1.000
0.0 0.0 1.0 0.0 0.0 0.0 0.0 0.0 1.0 0.0 0.030 0.848 0.970 0.892 2.0 0.115 0.049 1.000
0.0 0.0 0.0 1.0 0.0 0.0 0.0 0.0 1.0 0.0 0.030 0.848 0.970 0.892 2.0 0.077 0.049 1.000
0.0 0.0 0.0 1.0 0.0 0.0 0.0 0.0 1.0 0.0 0.030 0.848 0.970 0.892 2.0 0.096 0.049 1.000
0.0 0.0 0.0 1.0 0.0 0.0 0.0 0.0 1.0 0.0 0.030 0.848 0.970 0.892 2.0 0.077 0.049 1.000
0.0 0.0 0.0 1.0 0.0 0.0 0.0 0.0 1.0 0.0 0.030 0.848 0.970 0.892 2.0 0.077 0.049 1.000
0.0 0.0 0.0 1.0 0.0 0.0 0.0 0.0 1.0 0.0 0.030 0.848 0.970 0.892 2.0 0.077 0.049 1.000
0.0 0.0 0.0 1.0 0.0 0.0 0.0 0.0 1.0 0.0 0.030 0.848 0.970 0.892 2.0 0.077 0.049 1.000
0.0 0.0 0.0 1.0 0.0 0.0 0.0 0.0 1.0 0.0 0.030 0.848 0.970 0.892 2.0 0.077 0.049 1.000
0.0 1.0 0.0 0.0 0.0 0.0 0.0 0.0 0.0 0.0 0.061 0.818 0.939 0.862 1.0 0.115 0.049 1.000
0.0 0.0 1.0 0.0 0.0 0.0 0.0 0.0 1.0 0.0 0.030 0.848 0.970 0.892 2.0 0.077 0.049 1.000
0.0 0.0 0.0 1.0 0.0 0.0 0.0 0.0 1.0 0.0 0.030 0.848 0.970 0.892 2.0 0.077 0.049 1.000
0.0 0.0 0.0 1.0 0.0 0.0 0.0 0.0 1.0 0.0 0.030 0.848 0.970 0.892 2.0 0.077 0.049 1.000
0.0 1.0 0.0 0.0 0.0 0.0 0.0 0.0 0.0 0.0 0.061 0.818 0.939 0.862 1.0 0.096 0.049 1.000
0.0 0.0 0.0 1.0 0.0 0.0 0.0 0.0 1.0 0.0 0.030 0.848 0.970 0.892 2.0 0.077 0.049 1.000
0.0 0.0 0.0 1.0 0.0 0.0 0.0 0.0 1.0 0.0 0.030 0.848 0.970 0.892 2.0 0.096 0.049 1.000
0.0 0.0 0.0 1.0 0.0 0.0 0.0 0.0 1.0 0.0 0.030 0.848 0.970 0.892 2.0 0.077 0.049 1.000
0.0 0.0 0.0 1.0 0.0 0.0 0.0 0.0 1.0 0.0 0.030 0.848 0.970 0.892 2.0 0.077 0.049 1.000
0.0 0.0 0.0 1.0 0.0 0.0 0.0 0.0 1.0 0.0 0.030 0.848 0.970 0.892 2.0 0.077 0.049 1.000
0.0 0.0 0.0 1.0 0.0 0.0 0.0 0.0 1.0 0.0 0.030 0.848 0.970 0.892 2.0 0.077 0.049 1.000
0.0 0.0 0.0 1.0 0.0 0.0 0.0 0.0 1.0 0.0 0.030 0.848 0.970 0.892 2.0 0.096 0.049 1.000
0.0 0.0 0.0 1.0 0.0 0.0 0.0 0.0 1.0 0.0 0.030 0.848 0.970 0.892 2.0 0.096 0.049 1.000
0.0 0.0 0.0 1.0 0.0 0.0 0.0 0.0 1.0 0.0 0.030 0.848 0.970 0.892 2.0 0.077 0.049 1.000
0.0 0.0 0.0 1.0 0.0 0.0 0.0 0.0 1.0 0.0 0.030 0.848 0.970 0.892 2.0 0.077 0.049 1.000
0.0 0.0 0.0 1.0 0.0 0.0 0.0 0.0 1.0 0.0 0.030 0.848 0.970 0.892 2.0 0.077 0.049 1.000
0.0 0.0 0.0 1.0 0.0 0.0 0.0 0.0 1.0 0.0 0.030 0.848 0.970 0.892 2.0 0.096 0.049 1.000
0.0 0.0 0.0 1.0 0.0 0.0 0.0 0.0 1.0 0.0 0.030 0.848 0.970 0.892 2.0 0.077 0.049 1.000
0.0 0.0 0.0 1.0 0.0 0.0 0.0 0.0 1.0 0.0 0.030 0.848 0.970 0.892 2.0 0.077 0.049 1.000
0.0 0.0 0.0 1.0 0.0 0.0 0.0 0.0 1.0 0.0 0.030 0.848 0.970 0.892 2.0 0.077 0.049 1.000
0.0 0.0 0.0 1.0 0.0 0.0 0.0 0.0 1.0 0.0 0.030 0.848 0.970 0.892 2.0 0.077 0.049 1.000
0.0 0.0 0.0 1.0 0.0 0.0 0.0 0.0 1.0 0.0 0.030 0.848 0.970 0.892 2.0 0.077 0.049 1.000
0.0 0.0 0.0 1.0 0.0 0.0 0.0 0.0 1.0 0.0 0.030 0.848 0.970 0.892 2.0 0.077 0.049 1.000
0.0 0.0 0.0 1.0 0.0 0.0 0.0 0.0 1.0 0.0 0.030 0.848 0.970 0.892 2.0 0.077 0.049 1.000
0.0 0.0 0.0 1.0 0.0 0.0 0.0 0.0 1.0 0.0 0.030 0.848 0.970 0.892 2.0 0.077 0.049 1.000
0.0 0.0 0.0 1.0 0.0 0.0 0.0 0.0 1.0 0.0 0.030 0.848 0.970 0.892 2.0 0.077 0.049 1.000
0.0 0.0 0.0 1.0 0.0 0.0 0.0 0.0 1.0 0.0 0.030 0.848 0.970 0.892 2.0 0.077 0.049 1.000
0.0 0.0 0.0 1.0 0.0 0.0 0.0 0.0 1.0 0.0 0.061 0.818 0.939 0.862 2.0 0.115 0.049 1.000
0.0 0.0 0.0 1.0 0.0 0.0 0.0 0.0 1.0 0.0 0.061 0.818 0.939 0.862 2.0 0.115 0.049 1.000
0.0 0.0 0.0 1.0 0.0 0.0 0.0 0.0 1.0 0.0 0.061 0.818 0.939 0.862 2.0 0.135 0.049 1.000
0.0 1.0 0.0 0.0 0.0 0.0 0.0 0.0 0.0 0.0 0.091 0.788 0.909 0.831 1.0 0.135 0.049 1.000
0.0 0.0 1.0 0.0 0.0 0.0 0.0 0.0 1.0 0.0 0.061 0.818 0.939 0.862 2.0 0.096 0.049 1.000
0.0 0.0 0.0 1.0 0.0 0.0 0.0 0.0 1.0 0.0 0.061 0.818 0.939 0.862 2.0 0.115 0.049 1.000
0.0 0.0 0.0 1.0 0.0 0.0 0.0 0.0 1.0 0.0 0.061 0.818 0.939 0.862 2.0 0.115 0.049 1.000
0.0 0.0 0.0 1.0 0.0 0.0 0.0 0.0 1.0 0.0 0.061 0.818 0.939 0.862 2.0 0.115 0.049 1.000
0.0 0.0 0.0 1.0 0.0 0.0 0.0 0.0 1.0 0.0 0.061 0.818 0.939 0.862 2.0 0.115 0.049 1.000
0.0 0.0 0.0 1.0 0.0 0.0 0.0 0.0 1.0 0.0 0.061 0.818 0.939 0.862 2.0 0.115 0.049 1.000
0.0 0.0 0.0 1.0 0.0 0.0 0.0 0.0 1.0 0.0 0.061 0.818 0.939 0.862 2.0 0.115 0.049 1.000
0.0 0.0 0.0 1.0 0.0 0.0 0.0 0.0 1.0 0.0 0.061 0.818 0.939 0.862 2.0 0.115 0.049 1.000
0.0 0.0 0.0 1.0 0.0 0.0 0.0 0.0 1.0 0.0 0.061 0.818 0.939 0.862 2.0 0.115 0.049 1.000
0.0 0.0 0.0 1.0 0.0 0.0 0.0 0.0 1.0 0.0 0.061 0.818 0.939 0.862 2.0 0.115 0.049 1.000
0.0 0.0 0.0 1.0 0.0 0.0 0.0 0.0 1.0 0.0 0.061 0.818 0.939 0.862 2.0 0.115 0.049 1.000
0.0 1.0 0.0 0.0 0.0 0.0 0.0 0.0 0.0 0.0 0.121 0.758 0.879 0.801 1.0 0.135 0.049 1.000
0.0 0.0 1.0 0.0 0.0 0.0 0.0 0.0 1.0 0.0 0.091 0.788 0.909 0.831 2.0 0.115 0.049 1.000
0.0 1.0 0.0 0.0 0.0 0.0 0.0 0.0 0.0 0.0 0.121 0.758 0.879 0.801 1.0 0.135 0.049 1.000
0.0 0.0 0.0 1.0 0.0 0.0 0.0 0.0 1.0 0.0 0.091 0.788 0.909 0.831 2.0 0.115 0.049 1.000
0.0 0.0 0.0 1.0 0.0 0.0 0.0 0.0 1.0 0.0 0.061 0.818 0.939 0.862 2.0 0.115 0.049 1.000
0.0 0.0 0.0 1.0 0.0 0.0 0.0 0.0 1.0 0.0 0.061 0.818 0.939 0.862 2.0 0.115 0.049 1.000
0.0 0.0 0.0 1.0 0.0 0.0 0.0 0.0 1.0 0.0 0.061 0.818 0.939 0.862 2.0 0.115 0.049 1.000
0.0 0.0 0.0 1.0 0.0 0.0 0.0 0.0 1.0 0.0 0.061 0.818 0.939 0.862 2.0 0.115 0.049 1.000
0.0 0.0 0.0 1.0 0.0 0.0 0.0 0.0 1.0 0.0 0.091 0.788 0.909 0.831 2.0 0.115 0.049 1.000
0.0 0.0 0.0 1.0 0.0 0.0 0.0 0.0 1.0 0.0 0.091 0.788 0.909 0.831 2.0 0.115 0.049 1.000
0.0 0.0 0.0 1.0 0.0 0.0 0.0 0.0 1.0 0.0 0.061 0.818 0.939 0.862 2.0 0.135 0.049 1.000
0.0 1.0 0.0 0.0 0.0 0.0 0.0 0.0 0.0 0.0 0.091 0.788 0.909 0.831 1.0 0.135 0.049 1.000
0.0 0.0 1.0 0.0 0.0 0.0 0.0 0.0 1.0 0.0 0.061 0.818 0.939 0.862 2.0 0.096 0.049 1.000
0.0 0.0 0.0 1.0 0.0 0.0 0.0 0.0 1.0 0.0 0.061 0.818 0.939 0.862 2.0 0.115 0.049 1.000
0.0 0.0 0.0 1.0 0.0 0.0 0.0 0.0 1.0 0.0 0.061 0.818 0.939 0.862 2.0 0.115 0.049 1.000
0.0 0.0 0.0 1.0 0.0 0.0 0.0 0.0 1.0 0.0 0.061 0.818 0.939 0.862 2.0 0.115 0.049 1.000
0.0 0.0 0.0 1.0 0.0 0.0 0.0 0.0 1.0 0.0 0.061 0.818 0.939 0.862 2.0 0.115 0.049 1.000
0.0 0.0 0.0 1.0 0.0 0.0 0.0 0.0 1.0 0.0 0.061 0.818 0.939 0.862 2.0 0.096 0.049 1.000
0.0 0.0 0.0 1.0 0.0 0.0 0.0 0.0 1.0 0.0 0.061 0.818 0.939 0.862 2.0 0.096 0.049 1.000
0.0 0.0 0.0 1.0 0.0 0.0 0.0 0.0 1.0 0.0 0.061 0.818 0.939 0.862 2.0 0.115 0.049 1.000
0.0 0.0 0.0 1.0 0.0 0.0 0.0 0.0 1.0 0.0 0.061 0.818 0.939 0.862 2.0 0.115 0.049 1.000
0.0 1.0 0.0 0.0 0.0 0.0 0.0 0.0 0.0 0.0 0.091 0.788 0.909 0.831 1.0 0.135 0.049 1.000
0.0 0.0 1.0 0.0 0.0 0.0 0.0 0.0 1.0 0.0 0.061 0.818 0.939 0.862 2.0 0.096 0.049 1.000
0.0 0.0 0.0 1.0 0.0 0.0 0.0 0.0 1.0 0.0 0.061 0.818 0.939 0.862 2.0 0.135 0.049 1.000
0.0 1.0 0.0 0.0 0.0 0.0 0.0 0.0 0.0 0.0 0.091 0.788 0.909 0.831 1.0 0.135 0.049 1.000
0.0 0.0 0.0 1.0 0.0 0.0 0.0 0.0 1.0 0.0 0.061 0.818 0.939 0.862 2.0 0.096 0.049 1.000
0.0 0.0 0.0 1.0 0.0 0.0 0.0 0.0 1.0 0.0 0.061 0.818 0.939 0.862 2.0 0.135 0.049 1.000
0.0 0.0 0.0 1.0 0.0 0.0 0.0 0.0 1.0 0.0 0.061 0.818 0.939 0.862 2.0 0.115 0.049 1.000
0.0 0.0 0.0 1.0 0.0 0.0 0.0 0.0 1.0 0.0 0.061 0.818 0.939 0.862 2.0 0.115 0.049 1.000
0.0 0.0 0.0 1.0 0.0 0.0 0.0 0.0 1.0 0.0 0.061 0.818 0.939 0.862 2.0 0.096 0.049 1.000
0.0 0.0 0.0 1.0 0.0 0.0 0.0 0.0 1.0 0.0 0.061 0.818 0.939 0.862 2.0 0.096 0.049 1.000
0.0 0.0 0.0 1.0 0.0 0.0 0.0 0.0 1.0 0.0 0.061 0.818 0.939 0.862 2.0 0.115 0.049 1.000
0.0 0.0 0.0 1.0 0.0 0.0 0.0 0.0 1.0 0.0 0.061 0.818 0.939 0.862 2.0 0.115 0.049 1.000
0.0 0.0 0.0 1.0 0.0 0.0 0.0 0.0 1.0 0.0 0.061 0.818 0.939 0.862 2.0 0.135 0.049 1.000
0.0 1.0 0.0 0.0 0.0 0.0 0.0 0.0 0.0 0.0 0.091 0.788 0.909 0.831 1.0 0.135 0.049 1.000
0.0 0.0 0.0 1.0 0.0 0.0 0.0 0.0 1.0 0.0 0.061 0.818 0.939 0.862 2.0 0.096 0.049 1.000
0.0 0.0 0.0 1.0 0.0 0.0 0.0 0.0 1.0 0.0 0.061 0.818 0.939 0.862 2.0 0.115 0.049 1.000
0.0 0.0 0.0 1.0 0.0 0.0 0.0 0.0 1.0 0.0 0.061 0.818 0.939 0.862 2.0 0.115 0.049 1.000
0.0 0.0 0.0 1.0 0.0 0.0 0.0 0.0 1.0 0.0 0.061 0.818 0.939 0.862 2.0 0.115 0.049 1.000
0.0 0.0 0.0 1.0 0.0 0.0 0.0 0.0 1.0 0.0 0.061 0.818 0.939 0.862 2.0 0.115 0.049 1.000
0.0 0.0 0.0 1.0 0.0 0.0 0.0 0.0 1.0 0.0 0.061 0.818 0.939 0.862 2.0 0.115 0.049 1.000
0.0 0.0 0.0 1.0 0.0 0.0 0.0 0.0 1.0 0.0 0.061 0.818 0.939 0.862 2.0 0.115 0.049 1.000
0.0 0.0 0.0 1.0 0.0 0.0 0.0 0.0 1.0 0.0 0.061 0.818 0.939 0.862 2.0 0.115 0.049 1.000
0.0 0.0 0.0 1.0 0.0 0.0 0.0 0.0 1.0 0.0 0.061 0.818 0.939 0.862 2.0 0.115 0.049 1.000
0.0 0.0 0.0 1.0 0.0 0.0 0.0 0.0 1.0 0.0 0.061 0.818 0.939 0.862 2.0 0.115 0.049 1.000
0.0 0.0 0.0 1.0 0.0 0.0 0.0 0.0 1.0 0.0 0.061 0.818 0.939 0.862 2.0 0.115 0.049 1.000
0.0 0.0 0.0 1.0 0.0 0.0 0.0 0.0 1.0 0.0 0.061 0.818 0.939 0.862 2.0 0.115 0.049 1.000
0.0 0.0 0.0 1.0 0.0 0.0 0.0 0.0 1.0 0.0 0.061 0.818 0.939 0.862 2.0 0.115 0.049 1.000
0.0 0.0 0.0 1.0 0.0 0.0 0.0 0.0 1.0 0.0 0.061 0.818 0.939 0.862 2.0 0.115 0.049 1.000
0.0 0.0 0.0 1.0 0.0 0.0 0.0 0.0 1.0 0.0 0.061 0.818 0.939 0.862 2.0 0.115 0.049 1.000
0.0 0.0 0.0 1.0 0.0 0.0 0.0 0.0 1.0 0.0 0.061 0.818 0.939 0.862 2.0 0.115 0.049 1.000
0.0 0.0 0.0 1.0 0.0 0.0 0.0 0.0 1.0 0.0 0.061 0.818 0.939 0.862 2.0 0.115 0.049 1.000
0.0 0.0 0.0 1.0 0.0 0.0 0.0 0.0 1.0 0.0 0.061 0.818 0.939 0.862 2.0 0.115 0.049 1.000
0.0 0.0 0.0 1.0 0.0 0.0 0.0 0.0 1.0 0.0 0.061 0.818 0.939 0.862 2.0 0.115 0.049 1.000
0.0 0.0 0.0 1.0 0.0 0.0 0.0 0.0 1.0 0.0 0.061 0.818 0.939 0.862 2.0 0.115 0.049 1.000
0.0 0.0 0.0 1.0 0.0 0.0 0.0 0.0 1.0 0.0 0.061 0.818 0.939 0.862 2.0 0.115 0.049 1.000
0.0 0.0 0.0 1.0 0.0 0.0 0.0 0.0 0.0 0.0 0.091 0.788 0.909 0.831 2.0 0.173 0.049 1.000
0.0 0.0 0.0 1.0 0.0 0.0 0.0 0.0 0.0 0.0 0.121 0.758 0.879 0.801 2.0 0.192 0.049 1.000
0.0 0.0 0.0 1.0 0.0 0.0 0.0 0.0 0.0 0.0 0.091 0.788 0.909 0.831 2.0 0.173 0.049 1.000
0.0 0.0 0.0 1.0 0.0 0.0 0.0 0.0 0.0 0.0 0.091 0.788 0.909 0.831 2.0 0.173 0.049 1.000
0.0 0.0 0.0 1.0 0.0 0.0 0.0 0.0 0.0 0.0 0.091 0.788 0.909 0.831 2.0 0.173 0.049 1.000
0.0 0.0 0.0 1.0 0.0 0.0 0.0 0.0 0.0 0.0 0.091 0.788 0.909 0.831 2.0 0.173 0.049 1.000
0.0 0.0 0.0 1.0 0.0 0.0 0.0 0.0 0.0 0.0 0.091 0.788 0.909 0.831 2.0 0.173 0.049 1.000
0.0 0.0 0.0 1.0 0.0 0.0 0.0 0.0 0.0 0.0 0.152 0.727 0.848 0.771 2.0 0.192 0.049 1.000
0.0 0.0 0.0 1.0 0.0 0.0 0.0 0.0 0.0 0.0 0.091 0.788 0.909 0.831 2.0 0.173 0.049 1.000
0.0 0.0 0.0 1.0 0.0 0.0 0.0 0.0 0.0 0.0 0.091 0.788 0.909 0.831 2.0 0.173 0.049 1.000
0.0 1.0 0.0 0.0 0.0 0.0 0.0 0.0 0.0 0.0 0.152 0.727 0.848 0.771 1.0 0.173 0.049 1.000
0.0 0.0 1.0 0.0 0.0 0.0 0.0 0.0 0.0 0.0 0.121 0.758 0.879 0.801 2.0 0.135 0.049 1.000
0.0 0.0 0.0 1.0 0.0 0.0 0.0 0.0 0.0 0.0 0.121 0.758 0.879 0.801 2.0 0.192 0.049 1.000
0.0 0.0 0.0 1.0 0.0 0.0 0.0 0.0 0.0 0.0 0.091 0.788 0.909 0.831 2.0 0.173 0.049 1.000
0.0 0.0 0.0 1.0 0.0 0.0 0.0 0.0 0.0 0.0 0.091 0.788 0.909 0.831 2.0 0.173 0.049 1.000
0.0 1.0 0.0 0.0 0.0 0.0 0.0 0.0 0.0 0.0 0.121 0.758 0.879 0.801 1.0 0.173 0.049 1.000
0.0 0.0 1.0 0.0 0.0 0.0 0.0 0.0 0.0 0.0 0.091 0.788 0.909 0.831 2.0 0.135 0.049 1.000
0.0 0.0 0.0 1.0 0.0 0.0 0.0 0.0 0.0 0.0 0.091 0.788 0.909 0.831 2.0 0.173 0.049 1.000
0.0 0.0 0.0 1.0 0.0 0.0 0.0 0.0 0.0 0.0 0.121 0.758 0.879 0.801 2.0 0.192 0.049 1.000
0.0 0.0 0.0 1.0 0.0 0.0 0.0 0.0 0.0 0.0 0.121 0.758 0.879 0.801 2.0 0.192 0.049 1.000
0.0 0.0 0.0 1.0 0.0 0.0 0.0 0.0 0.0 0.0 0.091 0.788 0.909 0.831 2.0 0.173 0.049 1.000
0.0 1.0 0.0 0.0 0.0 0.0 0.0 0.0 0.0 0.0 0.121 0.758 0.879 0.801 1.0 0.173 0.049 1.000
0.0 0.0 1.0 0.0 0.0 0.0 0.0 0.0 0.0 0.0 0.091 0.788 0.909 0.831 2.0 0.135 0.049 1.000
0.0 0.0 0.0 1.0 0.0 0.0 0.0 0.0 0.0 0.0 0.091 0.788 0.909 0.831 2.0 0.173 0.049 1.000
0.0 0.0 0.0 1.0 0.0 0.0 0.0 0.0 0.0 0.0 0.121 0.758 0.879 0.801 2.0 0.192 0.049 1.000
0.0 0.0 0.0 1.0 0.0 0.0 0.0 0.0 0.0 0.0 0.091 0.788 0.909 0.831 2.0 0.173 0.049 1.000
0.0 0.0 0.0 1.0 0.0 0.0 0.0 0.0 0.0 0.0 0.091 0.788 0.909 0.831 2.0 0.173 0.049 1.000
0.0 0.0 0.0 1.0 0.0 0.0 0.0 0.0 0.0 0.0 0.091 0.788 0.909 0.831 2.0 0.173 0.049 1.000
0.0 0.0 0.0 1.0 0.0 0.0 0.0 0.0 0.0 0.0 0.091 0.788 0.909 0.831 2.0 0.173 0.049 1.000
0.0 0.0 0.0 1.0 0.0 0.0 0.0 0.0 0.0 0.0 0.091 0.788 0.909 0.831 2.0 0.173 0.049 1.000
0.0 0.0 0.0 1.0 0.0 0.0 0.0 0.0 0.0 0.0 0.091 0.788 0.909 0.831 2.0 0.173 0.049 1.000
0.0 0.0 0.0 1.0 0.0 0.0 0.0 0.0 0.0 0.0 0.091 0.788 0.909 0.831 2.0 0.173 0.049 1.000
0.0 0.0 0.0 1.0 0.0 0.0 0.0 0.0 0.0 0.0 0.091 0.788 0.909 0.831 2.0 0.173 0.049 1.000
0.0 0.0 0.0 1.0 0.0 0.0 0.0 0.0 0.0 0.0 0.091 0.788 0.909 0.831 2.0 0.173 0.049 1.000
0.0 0.0 0.0 1.0 0.0 0.0 0.0 0.0 0.0 0.0 0.091 0.788 0.909 0.831 2.0 0.173 0.049 1.000
0.0 0.0 0.0 1.0 0.0 0.0 0.0 0.0 0.0 0.0 0.152 0.727 0.848 0.771 2.0 0.192 0.098 1.000
0.0 1.0 0.0 0.0 0.0 0.0 0.0 0.0 0.0 0.0 0.152 0.727 0.848 0.771 1.0 0.135 0.098 1.000
0.0 0.0 1.0 0.0 0.0 0.0 0.0 0.0 0.0 0.0 0.121 0.758 0.879 0.801 2.0 0.192 0.098 1.000
0.0 0.0 0.0 1.0 0.0 0.0 0.0 0.0 0.0 0.0 0.121 0.758 0.879 0.801 2.0 0.212 0.098 1.000
0.0 0.0 0.0 1.0 0.0 0.0 0.0 0.0 0.0 0.0 0.182 0.697 0.818 0.741 2.0 0.192 0.098 1.000
0.0 0.0 0.0 1.0 0.0 0.0 0.0 0.0 0.0 0.0 0.121 0.758 0.879 0.801 2.0 0.192 0.098 1.000
0.0 0.0 0.0 1.0 0.0 0.0 0.0 0.0 0.0 0.0 0.182 0.697 0.818 0.741 2.0 0.192 0.098 1.000
0.0 0.0 0.0 1.0 0.0 0.0 0.0 0.0 0.0 0.0 0.121 0.758 0.879 0.801 2.0 0.192 0.098 1.000
0.0 1.0 0.0 0.0 0.0 0.0 0.0 0.0 0.0 0.0 0.182 0.697 0.818 0.741 1.0 0.154 0.098 1.000
0.0 0.0 0.0 1.0 0.0 0.0 0.0 0.0 0.0 0.0 0.152 0.727 0.848 0.771 2.0 0.173 0.098 1.000
0.0 0.0 0.0 1.0 0.0 0.0 0.0 0.0 0.0 0.0 0.152 0.727 0.848 0.771 2.0 0.192 0.098 1.000
0.0 0.0 0.0 1.0 0.0 0.0 0.0 0.0 0.0 0.0 0.152 0.727 0.848 0.771 2.0 0.173 0.098 1.000
0.0 0.0 0.0 1.0 0.0 0.0 0.0 0.0 0.0 0.0 0.152 0.727 0.848 0.771 2.0 0.192 0.098 1.000
0.0 0.0 0.0 1.0 0.0 0.0 0.0 0.0 0.0 0.0 0.121 0.758 0.879 0.801 2.0 0.192 0.098 1.000
0.0 0.0 0.0 1.0 0.0 0.0 0.0 0.0 0.0 0.0 0.121 0.758 0.879 0.801 2.0 0.212 0.098 1.000
0.0 0.0 0.0 1.0 0.0 0.0 0.0 0.0 0.0 0.0 0.121 0.758 0.879 0.801 2.0 0.192 0.098 1.000
0.0 0.0 0.0 1.0 0.0 0.0 0.0 0.0 0.0 0.0 0.121 0.758 0.879 0.801 2.0 0.192 0.098 1.000
0.0 0.0 0.0 1.0 0.0 0.0 0.0 0.0 0.0 0.0 0.121 0.758 0.879 0.801 2.0 0.212 0.098 1.000
0.0 0.0 0.0 1.0 0.0 0.0 0.0 0.0 0.0 0.0 0.182 0.697 0.818 0.741 2.0 0.173 0.098 1.000
0.0 0.0 0.0 1.0 0.0 0.0 0.0 0.0 0.0 0.0 0.182 0.697 0.818 0.741 2.0 0.173 0.098 1.000
0.0 0.0 0.0 1.0 0.0 0.0 0.0 0.0 0.0 0.0 0.182 0.697 0.818 0.741 2.0 0.231 0.098 1.000
0.0 0.0 0.0 1.0 0.0 0.0 0.0 0.0 0.0 0.0 0.182 0.697 0.818 0.741 2.0 0.231 0.098 1.000
0.0 1.0 0.0 0.0 0.0 0.0 0.0 0.0 0.0 0.0 0.182 0.697 0.818 0.741 1.0 0.192 0.098 1.000
0.0 0.0 1.0 0.0 0.0 0.0 0.0 0.0 0.0 0.0 0.152 0.727 0.848 0.771 2.0 0.173 0.098 1.000
0.0 1.0 0.0 0.0 0.0 0.0 0.0 0.0 0.0 0.0 0.182 0.697 0.818 0.741 1.0 0.192 0.098 1.000
0.0 0.0 1.0 0.0 0.0 0.0 0.0 0.0 0.0 0.0 0.152 0.727 0.848 0.771 2.0 0.173 0.098 1.000
0.0 0.0 0.0 1.0 0.0 0.0 0.0 0.0 0.0 0.0 0.212 0.667 0.788 0.710 2.0 0.231 0.098 1.000
0.0 0.0 0.0 1.0 0.0 0.0 0.0 0.0 0.0 0.0 0.212 0.667 0.788 0.710 2.0 0.231 0.098 1.000
0.0 0.0 0.0 1.0 0.0 0.0 0.0 0.0 0.0 0.0 0.152 0.727 0.848 0.771 2.0 0.231 0.098 1.000
0.0 0.0 0.0 1.0 0.0 0.0 0.0 0.0 0.0 0.0 0.152 0.727 0.848 0.771 2.0 0.231 0.098 1.000
0.0 1.0 0.0 0.0 0.0 0.0 0.0 0.0 0.0 0.0 0.242 0.636 0.758 0.680 1.0 0.192 0.098 1.000
0.0 0.0 0.0 1.0 0.0 0.0 0.0 0.0 0.0 0.0 0.212 0.667 0.788 0.710 2.0 0.154 0.098 1.000
0.0 0.0 0.0 1.0 0.0 0.0 0.0 0.0 0.0 0.0 0.212 0.667 0.788 0.710 2.0 0.250 0.098 1.000
0.0 0.0 0.0 1.0 0.0 0.0 0.0 0.0 0.0 0.0 0.152 0.727 0.848 0.771 2.0 0.231 0.098 1.000
0.0 0.0 0.0 1.0 0.0 0.0 0.0 0.0 0.0 0.0 0.152 0.727 0.848 0.771 2.0 0.231 0.098 1.000
0.0 0.0 0.0 1.0 0.0 0.0 0.0 0.0 0.0 0.0 0.212 0.667 0.788 0.710 2.0 0.173 0.098 1.000
0.0 1.0 0.0 0.0 0.0 0.0 0.0 0.0 0.0 0.0 0.242 0.636 0.758 0.680 1.0 0.135 0.098 1.000
0.0 0.0 1.0 0.0 0.0 0.0 0.0 0.0 0.0 0.0 0.212 0.667 0.788 0.710 2.0 0.173 0.098 1.000
0.0 0.0 0.0 1.0 0.0 0.0 0.0 0.0 0.0 0.0 0.182 0.697 0.818 0.741 2.0 0.192 0.098 1.000
0.0 0.0 0.0 1.0 0.0 0.0 0.0 0.0 0.0 0.0 0.182 0.697 0.818 0.741 2.0 0.192 0.098 1.000
0.0 0.0 0.0 1.0 0.0 0.0 0.0 0.0 0.0 0.0 0.182 0.697 0.818 0.741 2.0 0.192 0.098 1.000
0.0 0.0 0.0 1.0 0.0 0.0 0.0 0.0 0.0 0.0 0.182 0.697 0.818 0.741 2.0 0.173 0.098 1.000
0.0 0.0 0.0 1.0 0.0 0.0 0.0 0.0 0.0 0.0 0.182 0.697 0.818 0.741 2.0 0.192 0.098 1.000
0.0 0.0 0.0 1.0 0.0 0.0 0.0 0.0 0.0 0.0 0.182 0.697 0.818 0.741 2.0 0.192 0.098 1.000
0.0 0.0 0.0 1.0 0.0 0.0 0.0 0.0 0.0 0.0 0.152 0.727 0.848 0.771 2.0 0.192 0.098 1.000
0.0 0.0 0.0 1.0 0.0 0.0 0.0 0.0 0.0 0.0 0.152 0.727 0.848 0.771 2.0 0.192 0.098 1.000
0.0 1.0 0.0 0.0 0.0 0.0 0.0 0.0 0.0 0.0 0.182 0.697 0.818 0.741 1.0 0.154 0.098 1.000
0.0 0.0 0.0 1.0 0.0 0.0 0.0 0.0 0.0 0.0 0.152 0.727 0.848 0.771 2.0 0.173 0.098 1.000
0.0 0.0 0.0 1.0 0.0 0.0 0.0 0.0 0.0 0.0 0.152 0.727 0.848 0.771 2.0 0.212 0.098 1.000
0.0 0.0 0.0 1.0 0.0 0.0 0.0 0.0 0.0 0.0 0.152 0.727 0.848 0.771 2.0 0.192 0.098 1.000
0.0 0.0 0.0 1.0 0.0 0.0 0.0 0.0 0.0 0.0 0.152 0.727 0.848 0.771 2.0 0.192 0.098 1.000
0.0 0.0 0.0 1.0 0.0 0.0 0.0 0.0 0.0 0.0 0.152 0.727 0.848 0.771 2.0 0.192 0.098 1.000
0.0 0.0 0.0 1.0 0.0 0.0 0.0 0.0 0.0 0.0 0.152 0.727 0.848 0.771 2.0 0.192 0.098 1.000
0.0 0.0 0.0 1.0 0.0 0.0 0.0 0.0 0.0 0.0 0.152 0.727 0.848 0.771 2.0 0.212 0.098 1.000
0.0 1.0 0.0 0.0 0.0 0.0 0.0 0.0 0.0 0.0 0.182 0.697 0.818 0.741 1.0 0.154 0.098 1.000
0.0 0.0 0.0 1.0 0.0 0.0 0.0 0.0 0.0 0.0 0.152 0.727 0.848 0.771 2.0 0.173 0.098 1.000
0.0 1.0 0.0 0.0 0.0 0.0 0.0 0.0 0.0 0.0 0.242 0.636 0.758 0.680 1.0 0.269 0.098 1.000
0.0 0.0 1.0 0.0 0.0 0.0 0.0 0.0 0.0 0.0 0.212 0.667 0.788 0.710 2.0 0.212 0.098 1.000
0.0 0.0 0.0 1.0 0.0 0.0 0.0 0.0 0.0 0.0 0.212 0.667 0.788 0.710 2.0 0.308 0.098 1.000
0.0 0.0 0.0 1.0 0.0 0.0 0.0 0.0 0.0 0.0 0.212 0.667 0.788 0.710 2.0 0.288 0.098 1.000
0.0 0.0 0.0 1.0 0.0 0.0 0.0 0.0 0.0 0.0 0.242 0.636 0.758 0.680 2.0 0.308 0.098 1.000
0.0 0.0 0.0 1.0 0.0 0.0 0.0 0.0 0.0 0.0 0.182 0.697 0.818 0.741 2.0 0.308 0.098 1.000
0.0 0.0 0.0 1.0 0.0 0.0 0.0 0.0 0.0 0.0 0.273 0.606 0.727 0.650 2.0 0.308 0.098 1.000
0.0 0.0 0.0 1.0 0.0 0.0 0.0 0.0 0.0 0.0 0.182 0.697 0.818 0.741 2.0 0.308 0.098 1.000
0.0 1.0 0.0 0.0 0.0 0.0 0.0 0.0 0.0 0.0 0.303 0.576 0.697 0.619 1.0 0.269 0.098 1.000
0.0 0.0 1.0 0.0 0.0 0.0 0.0 0.0 0.0 0.0 0.273 0.606 0.727 0.650 2.0 0.212 0.098 1.000
0.0 0.0 0.0 1.0 0.0 0.0 0.0 0.0 0.0 0.0 0.212 0.667 0.788 0.710 2.0 0.212 0.098 1.000
0.0 0.0 0.0 1.0 0.0 0.0 0.0 0.0 0.0 0.0 0.212 0.667 0.788 0.710 2.0 0.212 0.098 1.000
0.0 0.0 0.0 1.0 0.0 0.0 0.0 0.0 0.0 0.0 0.212 0.667 0.788 0.710 2.0 0.212 0.098 1.000
0.0 0.0 0.0 1.0 0.0 0.0 0.0 0.0 0.0 0.0 0.182 0.697 0.818 0.741 2.0 0.212 0.098 1.000
0.0 0.0 0.0 1.0 0.0 0.0 0.0 0.0 0.0 0.0 0.212 0.667 0.788 0.710 2.0 0.212 0.098 1.000
0.0 0.0 0.0 1.0 0.0 0.0 0.0 0.0 0.0 0.0 0.182 0.697 0.818 0.741 2.0 0.212 0.098 1.000
0.0 0.0 0.0 1.0 0.0 0.0 0.0 0.0 0.0 0.0 0.182 0.697 0.818 0.741 2.0 0.212 0.098 1.000
0.0 0.0 0.0 1.0 0.0 0.0 0.0 0.0 0.0 0.0 0.212 0.667 0.788 0.710 2.0 0.212 0.098 1.000
0.0 0.0 0.0 1.0 0.0 0.0 0.0 0.0 0.0 0.0 0.273 0.606 0.727 0.650 2.0 0.250 0.195 1.000
0.0 0.0 0.0 1.0 0.0 0.0 0.0 0.0 0.0 0.0 0.273 0.606 0.727 0.650 2.0 0.269 0.195 1.000
0.0 0.0 0.0 1.0 0.0 0.0 0.0 0.0 0.0 0.0 0.273 0.606 0.727 0.650 2.0 0.250 0.195 1.000
0.0 0.0 0.0 1.0 0.0 0.0 0.0 0.0 0.0 0.0 0.273 0.606 0.727 0.650 2.0 0.269 0.195 1.000
0.0 0.0 0.0 1.0 0.0 0.0 0.0 0.0 0.0 0.0 0.303 0.576 0.697 0.619 2.0 0.288 0.195 1.000
0.0 0.0 0.0 1.0 0.0 0.0 0.0 0.0 0.0 0.0 0.333 0.545 0.667 0.589 2.0 0.250 0.195 1.000
0.0 1.0 0.0 0.0 0.0 0.0 0.0 0.0 0.0 0.0 0.242 0.636 0.758 0.680 1.0 0.135 0.195 1.000
0.0 0.0 0.0 1.0 0.0 0.0 0.0 0.0 0.0 0.0 0.212 0.667 0.788 0.710 2.0 0.269 0.195 1.000
0.0 0.0 0.0 1.0 0.0 0.0 0.0 0.0 0.0 0.0 0.333 0.545 0.667 0.589 2.0 0.250 0.195 1.000
0.0 0.0 0.0 1.0 0.0 0.0 0.0 0.0 0.0 0.0 0.303 0.576 0.697 0.619 2.0 0.212 0.195 1.000
0.0 0.0 0.0 1.0 0.0 0.0 0.0 0.0 0.0 0.0 0.303 0.576 0.697 0.619 2.0 0.231 0.195 1.000
0.0 0.0 0.0 1.0 0.0 0.0 0.0 0.0 0.0 0.0 0.303 0.576 0.697 0.619 2.0 0.231 0.195 1.000
0.0 0.0 0.0 1.0 0.0 0.0 0.0 0.0 0.0 0.0 0.303 0.576 0.697 0.619 2.0 0.231 0.195 1.000
0.0 0.0 0.0 1.0 0.0 0.0 0.0 0.0 0.0 0.0 0.303 0.576 0.697 0.619 2.0 0.212 0.195 1.000
0.0 0.0 0.0 1.0 0.0 0.0 0.0 0.0 0.0 0.0 0.303 0.576 0.697 0.619 2.0 0.231 0.195 1.000
0.0 0.0 0.0 1.0 0.0 0.0 0.0 0.0 0.0 0.0 0.303 0.576 0.697 0.619 2.0 0.231 0.195 1.000
0.0 0.0 0.0 1.0 0.0 0.0 0.0 0.0 0.0 0.0 0.303 0.576 0.697 0.619 2.0 0.231 0.195 1.000
0.0 1.0 0.0 0.0 0.0 0.0 0.0 0.0 0.0 0.0 0.364 0.515 0.636 0.559 1.0 0.154 0.195 1.000
0.0 0.0 1.0 0.0 0.0 0.0 0.0 0.0 0.0 0.0 0.333 0.545 0.667 0.589 2.0 0.212 0.195 1.000
0.0 0.0 0.0 1.0 0.0 0.0 0.0 0.0 0.0 0.0 0.333 0.545 0.667 0.589 2.0 0.250 0.195 1.000
0.0 0.0 0.0 1.0 0.0 0.0 0.0 0.0 0.0 0.0 0.364 0.515 0.636 0.559 2.0 0.231 0.195 1.000
0.0 0.0 0.0 1.0 0.0 0.0 0.0 0.0 0.0 0.0 0.364 0.515 0.636 0.559 2.0 0.212 0.195 1.000
0.0 0.0 0.0 1.0 0.0 0.0 0.0 0.0 0.0 0.0 0.273 0.606 0.727 0.650 2.0 0.212 0.195 1.000
0.0 0.0 0.0 1.0 0.0 0.0 0.0 0.0 0.0 0.0 0.273 0.606 0.727 0.650 2.0 0.212 0.195 1.000
0.0 0.0 0.0 1.0 0.0 0.0 0.0 0.0 0.0 0.0 0.364 0.515 0.636 0.559 2.0 0.231 0.195 1.000
0.0 0.0 0.0 1.0 0.0 0.0 0.0 0.0 0.0 0.0 0.364 0.515 0.636 0.559 2.0 0.212 0.195 1.000
0.0 0.0 0.0 1.0 0.0 0.0 0.0 0.0 0.0 0.0 0.333 0.545 0.667 0.589 2.0 0.212 0.195 1.000
0.0 0.0 0.0 1.0 0.0 0.0 0.0 0.0 0.0 0.0 0.333 0.545 0.667 0.589 2.0 0.212 0.195 1.000
0.0 0.0 0.0 1.0 0.0 0.0 0.0 0.0 0.0 0.0 0.333 0.545 0.667 0.589 2.0 0.212 0.195 1.000
0.0 0.0 0.0 1.0 0.0 0.0 0.0 0.0 0.0 0.0 0.333 0.545 0.667 0.589 2.0 0.212 0.195 1.000
0.0 0.0 0.0 1.0 0.0 0.0 0.0 0.0 0.0 0.0 0.394 0.485 0.606 0.528 2.0 0.212 0.195 1.000
0.0 0.0 0.0 1.0 0.0 0.0 0.0 0.0 0.0 0.0 0.394 0.485 0.606 0.528 2.0 0.212 0.195 1.000
0.0 1.0 0.0 0.0 0.0 0.0 0.0 0.0 0.0 0.0 0.333 0.545 0.667 0.589 1.0 0.173 0.195 1.000
0.0 0.0 1.0 0.0 0.0 0.0 0.0 0.0 0.0 0.0 0.303 0.576 0.697 0.619 2.0 0.173 0.195 1.000
0.0 0.0 0.0 1.0 0.0 0.0 0.0 0.0 0.0 0.0 0.394 0.485 0.606 0.528 2.0 0.212 0.195 1.000
0.0 0.0 0.0 1.0 0.0 0.0 0.0 0.0 0.0 0.0 0.424 0.455 0.576 0.498 2.0 0.173 0.244 1.000
0.0 0.0 0.0 1.0 0.0 0.0 0.0 0.0 0.0 0.0 0.424 0.455 0.576 0.498 2.0 0.154 0.244 1.000
0.0 0.0 0.0 1.0 0.0 0.0 0.0 0.0 0.0 0.0 0.364 0.515 0.636 0.559 2.0 0.154 0.244 1.000
0.0 0.0 0.0 1.0 0.0 0.0 0.0 0.0 0.0 0.0 0.424 0.455 0.576 0.498 2.0 0.173 0.244 1.000
0.0 0.0 0.0 1.0 0.0 0.0 0.0 0.0 0.0 0.0 0.364 0.515 0.636 0.559 2.0 0.154 0.244 1.000
0.0 1.0 0.0 0.0 0.0 0.0 0.0 0.0 0.0 0.0 0.394 0.485 0.606 0.528 1.0 0.135 0.244 1.000
0.0 0.0 1.0 0.0 0.0 0.0 0.0 0.0 0.0 0.0 0.364 0.515 0.636 0.559 2.0 0.154 0.244 1.000
0.0 0.0 0.0 1.0 0.0 0.0 0.0 0.0 0.0 0.0 0.364 0.515 0.636 0.559 2.0 0.154 0.244 1.000
0.0 0.0 0.0 1.0 0.0 0.0 0.0 0.0 0.0 0.0 0.364 0.515 0.636 0.559 2.0 0.154 0.244 1.000
0.0 1.0 0.0 0.0 0.0 0.0 0.0 0.0 0.0 0.0 0.485 0.394 0.515 0.438 1.0 0.154 0.244 1.000
0.0 0.0 0.0 1.0 0.0 0.0 0.0 0.0 0.0 0.0 0.455 0.424 0.545 0.468 2.0 0.135 0.244 1.000
0.0 0.0 0.0 1.0 0.0 0.0 0.0 0.0 0.0 0.0 0.455 0.424 0.545 0.468 2.0 0.212 0.244 1.000
0.0 0.0 0.0 1.0 0.0 0.0 0.0 0.0 0.0 0.0 0.455 0.424 0.545 0.468 2.0 0.154 0.244 1.000
0.0 0.0 0.0 1.0 0.0 0.0 0.0 0.0 0.0 0.0 0.455 0.424 0.545 0.468 2.0 0.192 0.244 1.000
0.0 0.0 0.0 1.0 0.0 0.0 0.0 0.0 0.0 0.0 0.394 0.485 0.606 0.528 2.0 0.173 0.244 1.000
0.0 0.0 0.0 1.0 0.0 0.0 0.0 0.0 0.0 0.0 0.394 0.485 0.606 0.528 2.0 0.173 0.244 1.000
0.0 0.0 0.0 1.0 0.0 0.0 0.0 0.0 0.0 0.0 0.455 0.424 0.545 0.468 2.0 0.173 0.244 1.000
0.0 0.0 0.0 1.0 0.0 0.0 0.0 0.0 0.0 0.0 0.455 0.424 0.545 0.468 2.0 0.192 0.244 1.000
0.0 0.0 0.0 1.0 0.0 0.0 0.0 0.0 0.0 0.0 0.394 0.485 0.606 0.528 2.0 0.154 0.244 1.000
0.0 0.0 0.0 1.0 0.0 0.0 0.0 0.0 0.0 0.0 0.394 0.485 0.606 0.528 2.0 0.192 0.244 1.000
0.0 0.0 0.0 1.0 0.0 0.0 0.0 0.0 0.0 0.0 0.424 0.455 0.576 0.498 2.0 0.154 0.244 1.000
0.0 0.0 0.0 1.0 0.0 0.0 0.0 0.0 0.0 0.0 0.424 0.455 0.576 0.498 2.0 0.192 0.244 1.000
0.0 0.0 0.0 1.0 0.0 0.0 0.0 0.0 0.0 0.0 0.394 0.485 0.606 0.528 2.0 0.154 0.244 1.000
0.0 0.0 0.0 1.0 0.0 0.0 0.0 0.0 0.0 0.0 0.394 0.485 0.606 0.528 2.0 0.192 0.244 1.000
0.0 0.0 0.0 1.0 0.0 0.0 0.0 0.0 0.0 0.0 0.394 0.485 0.606 0.528 2.0 0.154 0.244 1.000
0.0 0.0 0.0 1.0 0.0 0.0 0.0 0.0 0.0 0.0 0.394 0.485 0.606 0.528 2.0 0.192 0.244 1.000
0.0 0.0 0.0 1.0 0.0 0.0 0.0 0.0 0.0 0.0 0.515 0.364 0.485 0.407 2.0 0.212 0.244 1.000
0.0 0.0 0.0 1.0 0.0 0.0 0.0 0.0 0.0 0.0 0.485 0.394 0.515 0.438 2.0 0.212 0.244 1.000
0.0 0.0 0.0 1.0 0.0 0.0 0.0 0.0 0.0 0.0 0.424 0.455 0.576 0.498 2.0 0.212 0.244 1.000
0.0 0.0 0.0 1.0 0.0 0.0 0.0 0.0 0.0 0.0 0.485 0.394 0.515 0.438 2.0 0.212 0.244 1.000
0.0 0.0 0.0 1.0 0.0 0.0 0.0 0.0 0.0 0.0 0.424 0.455 0.576 0.498 2.0 0.212 0.244 1.000
0.0 0.0 0.0 1.0 0.0 0.0 0.0 0.0 0.0 0.0 0.455 0.424 0.545 0.468 2.0 0.212 0.244 1.000
0.0 0.0 0.0 1.0 0.0 0.0 0.0 0.0 0.0 0.0 0.424 0.455 0.576 0.498 2.0 0.212 0.244 1.000
0.0 0.0 0.0 1.0 0.0 0.0 0.0 0.0 0.0 0.0 0.424 0.455 0.576 0.498 2.0 0.212 0.244 1.000
0.0 0.0 0.0 1.0 0.0 0.0 0.0 0.0 0.0 0.0 0.545 0.333 0.455 0.377 2.0 0.192 0.341 1.000
0.0 0.0 0.0 1.0 0.0 0.0 0.0 0.0 0.0 0.0 0.515 0.364 0.485 0.407 2.0 0.192 0.341 1.000
0.0 0.0 0.0 1.0 0.0 0.0 0.0 0.0 0.0 0.0 0.455 0.424 0.545 0.468 2.0 0.192 0.341 1.000
0.0 0.0 0.0 1.0 0.0 0.0 0.0 0.0 0.0 0.0 0.515 0.364 0.485 0.407 2.0 0.192 0.341 1.000
0.0 1.0 0.0 0.0 0.0 0.0 0.0 0.0 0.0 0.0 0.485 0.394 0.515 0.438 1.0 0.135 0.341 1.000
0.0 0.0 0.0 1.0 0.0 0.0 0.0 0.0 0.0 0.0 0.455 0.424 0.545 0.468 2.0 0.192 0.341 1.000
0.0 0.0 0.0 1.0 0.0 0.0 0.0 0.0 0.0 0.0 0.485 0.394 0.515 0.438 2.0 0.212 0.341 1.000
0.0 0.0 0.0 1.0 0.0 0.0 0.0 0.0 0.0 0.0 0.455 0.424 0.545 0.468 2.0 0.212 0.341 1.000
0.0 0.0 0.0 1.0 0.0 0.0 0.0 0.0 0.0 0.0 0.455 0.424 0.545 0.468 2.0 0.192 0.341 1.000
0.0 0.0 0.0 1.0 0.0 0.0 0.0 0.0 0.0 0.0 0.576 0.303 0.424 0.347 2.0 0.385 0.341 1.000
0.0 0.0 0.0 1.0 0.0 0.0 0.0 0.0 0.0 0.0 0.576 0.303 0.424 0.347 2.0 0.385 0.341 1.000
0.0 0.0 0.0 1.0 0.0 0.0 0.0 0.0 0.0 0.0 0.545 0.333 0.455 0.377 2.0 0.385 0.341 1.000
0.0 0.0 0.0 1.0 0.0 0.0 0.0 0.0 0.0 0.0 0.545 0.333 0.455 0.377 2.0 0.385 0.341 1.000
0.0 0.0 0.0 1.0 0.0 0.0 0.0 0.0 0.0 0.0 0.485 0.394 0.515 0.438 2.0 0.385 0.341 1.000
0.0 0.0 0.0 1.0 0.0 0.0 0.0 0.0 0.0 0.0 0.485 0.394 0.515 0.438 2.0 0.385 0.341 1.000
0.0 0.0 0.0 1.0 0.0 0.0 0.0 0.0 0.0 0.0 0.545 0.333 0.455 0.377 2.0 0.385 0.341 1.000
0.0 0.0 0.0 1.0 0.0 0.0 0.0 0.0 0.0 0.0 0.545 0.333 0.455 0.377 2.0 0.385 0.341 1.000
0.0 0.0 0.0 1.0 0.0 0.0 0.0 0.0 0.0 0.0 0.515 0.364 0.485 0.407 2.0 0.385 0.341 1.000
0.0 0.0 0.0 1.0 0.0 0.0 0.0 0.0 0.0 0.0 0.515 0.364 0.485 0.407 2.0 0.385 0.341 1.000
0.0 1.0 0.0 0.0 0.0 0.0 0.0 0.0 0.0 0.0 0.545 0.333 0.455 0.377 1.0 0.135 0.341 1.000
0.0 0.0 0.0 1.0 0.0 0.0 0.0 0.0 0.0 0.0 0.515 0.364 0.485 0.407 2.0 0.173 0.341 1.000
0.0 0.0 0.0 1.0 0.0 0.0 0.0 0.0 0.0 0.0 0.515 0.364 0.485 0.407 2.0 0.192 0.341 1.000
0.0 1.0 0.0 0.0 0.0 0.0 0.0 0.0 0.0 0.0 0.515 0.364 0.485 0.407 1.0 0.346 0.341 1.000
0.0 0.0 1.0 0.0 0.0 0.0 0.0 0.0 0.0 0.0 0.485 0.394 0.515 0.438 2.0 0.173 0.341 1.000
0.0 0.0 0.0 1.0 0.0 0.0 0.0 0.0 0.0 0.0 0.485 0.394 0.515 0.438 2.0 0.404 0.341 1.000
0.0 0.0 0.0 1.0 0.0 0.0 0.0 0.0 0.0 0.0 0.485 0.394 0.515 0.438 2.0 0.385 0.341 1.000
0.0 0.0 0.0 1.0 0.0 0.0 0.0 0.0 0.0 0.0 0.485 0.394 0.515 0.438 2.0 0.385 0.341 1.000
0.0 0.0 0.0 1.0 0.0 0.0 0.0 0.0 0.0 0.0 0.606 0.273 0.394 0.316 2.0 0.827 0.341 1.000
0.0 0.0 0.0 1.0 0.0 0.0 0.0 0.0 0.0 0.0 0.576 0.303 0.424 0.347 2.0 0.788 0.341 1.000
0.0 0.0 0.0 1.0 0.0 0.0 0.0 0.0 0.0 0.0 0.515 0.364 0.485 0.407 2.0 1.000 0.341 1.000
0.0 0.0 0.0 1.0 0.0 0.0 0.0 0.0 0.0 0.0 0.576 0.303 0.424 0.347 2.0 0.942 0.341 1.000
0.0 1.0 0.0 0.0 0.0 0.0 0.0 0.0 0.0 0.0 0.606 0.273 0.394 0.316 1.0 0.788 0.341 1.000
0.0 0.0 1.0 0.0 0.0 0.0 0.0 0.0 0.0 0.0 0.576 0.303 0.424 0.347 2.0 0.365 0.341 1.000
0.0 0.0 0.0 1.0 0.0 0.0 0.0 0.0 0.0 0.0 0.515 0.364 0.485 0.407 2.0 0.942 0.341 1.000
0.0 0.0 0.0 1.0 0.0 0.0 0.0 0.0 0.0 0.0 0.545 0.333 0.455 0.377 2.0 0.981 0.341 1.000
0.0 0.0 0.0 1.0 0.0 0.0 0.0 0.0 0.0 0.0 0.545 0.333 0.455 0.377 2.0 0.788 0.341 1.000
0.0 1.0 0.0 0.0 0.0 0.0 0.0 0.0 0.0 0.0 0.636 0.242 0.333 0.263 1.0 0.385 0.341 0.500
0.0 1.0 0.0 0.0 0.0 0.0 0.0 0.0 0.0 0.0 0.606 0.273 0.364 0.294 1.0 0.385 0.341 0.500
0.0 1.0 0.0 0.0 0.0 0.0 0.0 0.0 0.0 0.0 0.545 0.333 0.424 0.354 1.0 0.385 0.341 0.500
0.0 1.0 0.0 0.0 0.0 0.0 0.0 0.0 0.0 0.0 0.636 0.242 0.333 0.263 1.0 0.385 0.341 0.500
0.0 1.0 0.0 0.0 0.0 0.0 0.0 0.0 0.0 0.0 0.606 0.273 0.364 0.294 1.0 0.385 0.341 0.500
0.0 1.0 0.0 0.0 0.0 0.0 0.0 0.0 0.0 0.0 0.606 0.273 0.364 0.294 1.0 0.385 0.341 0.500
0.0 1.0 0.0 0.0 0.0 0.0 0.0 0.0 0.0 0.0 0.636 0.242 0.333 0.263 1.0 0.385 0.341 0.500
0.0 1.0 0.0 0.0 0.0 0.0 0.0 0.0 0.0 0.0 0.545 0.333 0.424 0.354 1.0 0.385 0.341 0.500
0.0 1.0 0.0 0.0 0.0 0.0 0.0 0.0 0.0 0.0 0.606 0.273 0.364 0.294 1.0 0.385 0.341 0.500
0.0 1.0 0.0 0.0 0.0 0.0 0.0 0.0 0.0 0.0 0.606 0.273 0.364 0.294 1.0 0.385 0.341 0.500
0.0 1.0 0.0 0.0 0.0 0.0 0.0 0.0 0.0 0.0 0.545 0.333 0.424 0.354 1.0 0.385 0.341 0.500
0.0 1.0 0.0 0.0 0.0 0.0 0.0 0.0 0.0 0.0 0.606 0.273 0.364 0.294 1.0 0.385 0.341 0.500
0.0 1.0 0.0 0.0 0.0 0.0 0.0 0.0 0.0 0.0 0.636 0.242 0.333 0.265 1.0 0.327 0.341 0.125
0.0 1.0 0.0 0.0 0.0 0.0 0.0 0.0 0.0 0.0 0.545 0.333 0.424 0.356 1.0 0.442 0.341 0.125
0.0 1.0 0.0 0.0 0.0 0.0 0.0 0.0 0.0 0.0 0.636 0.242 0.303 0.258 1.0 0.327 0.341 0.125
0.0 1.0 0.0 0.0 0.0 0.0 0.0 0.0 0.0 0.0 0.576 0.303 0.364 0.318 1.0 0.442 0.341 0.125
0.0 1.0 0.0 0.0 0.0 0.0 0.0 0.0 0.0 0.0 0.576 0.303 0.394 0.341 1.0 0.346 0.341 0.125
0.0 1.0 0.0 0.0 0.0 0.0 0.0 0.0 0.0 0.0 0.545 0.333 0.424 0.371 1.0 0.442 0.341 0.125
0.0 1.0 0.0 0.0 0.0 0.0 0.0 0.0 0.0 0.0 0.576 0.303 0.333 0.311 1.0 0.346 0.341 0.125
0.0 1.0 0.0 0.0 0.0 0.0 0.0 0.0 0.0 0.0 0.576 0.303 0.333 0.311 1.0 0.442 0.341 0.125
0.0 1.0 0.0 0.0 0.0 0.0 0.0 0.0 0.0 0.0 0.576 0.333 0.424 0.369 1.0 0.385 0.341 0.500
0.0 1.0 0.0 0.0 0.0 0.0 0.0 0.0 0.0 0.0 0.636 0.273 0.364 0.309 1.0 0.365 0.341 0.500
0.0 1.0 0.0 0.0 0.0 0.0 0.0 0.0 0.0 0.0 0.576 0.333 0.424 0.369 1.0 0.385 0.341 0.500
0.0 1.0 0.0 0.0 0.0 0.0 0.0 0.0 0.0 0.0 0.576 0.333 0.424 0.369 1.0 0.385 0.341 0.500
0.0 1.0 0.0 0.0 0.0 0.0 0.0 0.0 0.0 0.0 0.636 0.273 0.364 0.309 1.0 0.365 0.341 0.500
0.0 1.0 0.0 0.0 0.0 0.0 0.0 0.0 0.0 0.0 0.545 0.364 0.455 0.400 1.0 0.385 0.341 0.500
0.0 1.0 0.0 0.0 0.0 0.0 0.0 0.0 0.0 0.0 0.576 0.333 0.424 0.369 1.0 0.385 0.341 0.500
0.0 1.0 0.0 0.0 0.0 0.0 0.0 0.0 0.0 0.0 0.576 0.333 0.424 0.369 1.0 0.385 0.341 0.500
0.0 1.0 0.0 0.0 0.0 0.0 0.0 0.0 0.0 0.0 0.545 0.364 0.455 0.400 1.0 0.385 0.341 0.500
0.0 1.0 0.0 0.0 0.0 0.0 0.0 0.0 0.0 0.0 0.636 0.273 0.364 0.309 1.0 0.365 0.341 0.500
0.0 1.0 0.0 0.0 0.0 0.0 0.0 0.0 0.0 0.0 0.576 0.333 0.424 0.369 1.0 0.385 0.341 0.500
0.0 1.0 0.0 0.0 0.0 0.0 0.0 0.0 0.0 0.0 0.545 0.364 0.455 0.400 1.0 0.385 0.341 0.500
0.0 1.0 0.0 0.0 0.0 0.0 0.0 0.0 0.0 0.0 0.606 0.333 0.364 0.341 1.0 0.346 0.341 0.125
0.0 1.0 0.0 0.0 0.0 0.0 0.0 0.0 0.0 0.0 0.606 0.333 0.364 0.341 1.0 0.442 0.341 0.125
0.0 1.0 0.0 0.0 0.0 0.0 0.0 0.0 0.0 0.0 0.606 0.333 0.394 0.371 1.0 0.346 0.341 0.125
0.0 1.0 0.0 0.0 0.0 0.0 0.0 0.0 0.0 0.0 0.545 0.394 0.455 0.432 1.0 0.385 0.341 0.125
0.0 1.0 0.0 0.0 0.0 0.0 0.0 0.0 0.0 0.0 0.636 0.273 0.303 0.288 1.0 0.346 0.341 0.125
0.0 1.0 0.0 0.0 0.0 0.0 0.0 0.0 0.0 0.0 0.606 0.303 0.333 0.318 1.0 0.442 0.341 0.125
0.0 1.0 0.0 0.0 0.0 0.0 0.0 0.0 0.0 0.0 0.636 0.273 0.333 0.295 1.0 0.346 0.341 0.125
0.0 1.0 0.0 0.0 0.0 0.0 0.0 0.0 0.0 0.0 0.545 0.364 0.424 0.386 1.0 0.442 0.341 0.125
0.0 0.0 1.0 0.0 0.0 0.0 0.0 0.0 0.0 0.0 0.667 0.212 0.303 0.233 4.0 0.558 0.902 0.500
0.0 0.0 1.0 0.0 0.0 0.0 0.0 0.0 0.0 0.0 0.667 0.212 0.303 0.233 4.0 0.558 0.902 0.500
0.0 0.0 1.0 0.0 0.0 0.0 0.0 0.0 0.0 0.0 0.667 0.212 0.303 0.233 4.0 0.558 0.902 0.500
0.0 1.0 0.0 0.0 0.0 0.0 0.0 0.0 0.0 0.0 0.667 0.212 0.303 0.233 1.0 0.269 0.902 0.500
0.0 0.0 0.0 1.0 0.0 0.0 0.0 0.0 0.0 0.0 0.636 0.242 0.333 0.263 4.0 0.442 0.902 0.500
0.0 0.0 1.0 0.0 0.0 0.0 0.0 0.0 0.0 0.0 0.667 0.242 0.333 0.278 4.0 0.500 0.902 0.500
0.0 0.0 1.0 0.0 0.0 0.0 0.0 0.0 0.0 0.0 0.667 0.242 0.333 0.278 4.0 0.500 0.902 0.500
0.0 0.0 1.0 0.0 0.0 0.0 0.0 0.0 0.0 0.0 0.636 0.273 0.364 0.309 4.0 0.481 0.902 0.500
0.0 0.0 1.0 0.0 0.0 0.0 0.0 0.0 0.0 0.0 0.667 0.242 0.333 0.278 4.0 0.500 0.902 0.500
0.0 0.0 0.0 0.0 1.0 0.0 0.0 0.0 0.0 0.0 0.697 0.182 0.273 0.203 4.0 0.923 0.902 0.500
0.0 1.0 0.0 0.0 0.0 0.0 0.0 0.0 0.0 0.0 0.727 0.182 0.273 0.218 1.0 0.635 0.902 0.500
0.0 0.0 0.0 0.0 0.0 1.0 0.0 0.0 0.0 0.0 0.697 0.212 0.303 0.248 4.0 0.500 0.902 0.500
0.0 0.0 1.0 0.0 0.0 0.0 0.0 0.0 0.0 0.0 0.727 0.152 0.242 0.174 4.0 0.808 1.000 0.125
0.0 0.0 1.0 0.0 0.0 0.0 0.0 0.0 0.0 0.0 0.667 0.212 0.303 0.235 2.0 0.481 0.659 0.125
0.0 0.0 1.0 0.0 0.0 0.0 0.0 0.0 0.0 0.0 0.727 0.152 0.212 0.167 4.0 0.808 1.000 0.125
0.0 1.0 0.0 0.0 0.0 0.0 0.0 0.0 0.0 0.0 0.697 0.182 0.242 0.197 1.0 0.231 0.659 0.125
0.0 0.0 0.0 1.0 0.0 0.0 0.0 0.0 0.0 0.0 0.667 0.212 0.273 0.227 2.0 0.365 0.659 0.125
0.0 0.0 1.0 0.0 0.0 0.0 0.0 0.0 0.0 0.0 0.727 0.152 0.242 0.189 4.0 0.808 1.000 0.125
0.0 0.0 1.0 0.0 0.0 0.0 0.0 0.0 0.0 0.0 0.636 0.242 0.333 0.280 2.0 0.462 0.659 0.125
0.0 0.0 1.0 0.0 0.0 0.0 0.0 0.0 0.0 0.0 0.727 0.152 0.182 0.159 4.0 0.827 1.000 0.125
0.0 0.0 1.0 0.0 0.0 0.0 0.0 0.0 0.0 0.0 0.636 0.242 0.273 0.250 2.0 0.462 0.659 0.125
0.0 0.0 1.0 0.0 0.0 0.0 0.0 0.0 0.0 0.0 0.758 0.182 0.212 0.189 4.0 0.750 1.000 0.125
0.0 0.0 1.0 0.0 0.0 0.0 0.0 0.0 0.0 0.0 0.636 0.303 0.333 0.311 2.0 0.481 0.659 0.125
0.0 1.0 0.0 0.0 0.0 0.0 0.0 0.0 0.0 0.0 0.788 0.152 0.212 0.189 1.0 0.365 1.000 0.125
0.0 0.0 0.0 1.0 0.0 0.0 0.0 0.0 0.0 0.0 0.758 0.182 0.242 0.220 4.0 0.558 1.000 0.125
0.0 0.0 1.0 0.0 0.0 0.0 0.0 0.0 0.0 0.0 0.636 0.303 0.364 0.341 2.0 0.423 0.659 0.125
0.0 0.0 1.0 0.0 0.0 0.0 0.0 0.0 0.0 0.0 0.758 0.152 0.182 0.167 4.0 0.769 1.000 0.125
0.0 0.0 1.0 0.0 0.0 0.0 0.0 0.0 0.0 0.0 0.667 0.242 0.273 0.258 2.0 0.481 0.659 0.125
0.0 0.0 1.0 0.0 0.0 0.0 0.0 0.0 0.0 0.0 0.758 0.152 0.212 0.174 4.0 0.731 1.000 0.125
0.0 0.0 1.0 0.0 0.0 0.0 0.0 0.0 0.0 0.0 0.667 0.242 0.303 0.265 2.0 0.481 0.659 0.125
0.0 0.0 1.0 0.0 0.0 0.0 0.0 0.0 0.0 0.0 0.758 0.121 0.121 0.121 2.0 0.519 1.000 0.031
0.0 1.0 0.0 0.0 0.0 0.0 0.0 0.0 0.0 0.0 0.788 0.182 0.182 0.182 1.0 0.154 1.000 0.031
0.0 0.0 1.0 0.0 0.0 0.0 0.0 0.0 0.0 0.0 0.758 0.212 0.212 0.212 2.0 0.500 1.000 0.031
0.0 0.0 1.0 0.0 0.0 0.0 0.0 0.0 0.0 0.0 0.758 0.121 0.121 0.121 2.0 0.519 1.000 0.031
0.0 0.0 1.0 0.0 0.0 0.0 0.0 0.0 0.0 0.0 0.758 0.121 0.121 0.121 2.0 0.519 1.000 0.031
0.0 0.0 1.0 0.0 0.0 0.0 0.0 0.0 0.0 0.0 0.758 0.121 0.121 0.121 2.0 0.519 1.000 0.031
0.0 0.0 1.0 0.0 0.0 0.0 0.0 0.0 0.0 0.0 0.758 0.182 0.182 0.182 2.0 0.519 1.000 0.031
0.0 0.0 1.0 0.0 0.0 0.0 0.0 0.0 0.0 0.0 0.758 0.121 0.121 0.121 2.0 0.519 1.000 0.031
0.0 0.0 1.0 0.0 0.0 0.0 0.0 0.0 0.0 0.0 0.758 0.121 0.121 0.121 2.0 0.519 1.000 0.031
0.0 0.0 1.0 0.0 0.0 0.0 0.0 0.0 0.0 0.0 0.758 0.121 0.121 0.121 2.0 0.519 1.000 0.031
0.0 1.0 0.0 0.0 0.0 0.0 0.0 0.0 0.0 0.0 0.788 0.152 0.152 0.152 1.0 0.154 1.000 0.031
0.0 0.0 1.0 0.0 0.0 0.0 0.0 0.0 0.0 0.0 0.758 0.182 0.182 0.182 2.0 0.500 1.000 0.031
0.0 0.0 1.0 0.0 0.0 0.0 0.0 0.0 0.0 0.0 0.758 0.212 0.212 0.212 2.0 0.519 1.000 0.031
0.0 0.0 1.0 0.0 0.0 0.0 0.0 0.0 0.0 0.0 0.758 0.121 0.121 0.121 2.0 0.519 1.000 0.031
0.0 0.0 1.0 0.0 0.0 0.0 0.0 0.0 0.0 0.0 0.758 0.121 0.121 0.121 2.0 0.519 1.000 0.031
0.0 0.0 1.0 0.0 0.0 0.0 0.0 0.0 0.0 0.0 0.758 0.121 0.121 0.121 2.0 0.519 1.000 0.031
0.0 0.0 1.0 0.0 0.0 0.0 0.0 0.0 0.0 0.0 0.758 0.121 0.121 0.121 2.0 0.519 1.000 0.031
0.0 0.0 1.0 0.0 0.0 0.0 0.0 0.0 0.0 0.0 0.758 0.152 0.152 0.152 2.0 0.519 1.000 0.031
0.0 0.0 1.0 0.0 0.0 0.0 0.0 0.0 0.0 0.0 0.788 0.152 0.152 0.152 2.0 0.519 1.000 0.031
0.0 0.0 1.0 0.0 0.0 0.0 0.0 0.0 0.0 0.0 0.788 0.152 0.152 0.152 2.0 0.500 1.000 0.031
0.0 0.0 1.0 0.0 0.0 0.0 0.0 0.0 0.0 0.0 0.788 0.152 0.152 0.152 2.0 0.519 1.000 0.031
0.0 1.0 0.0 0.0 0.0 0.0 0.0 0.0 0.0 0.0 0.818 0.152 0.152 0.152 1.0 0.154 1.000 0.031
0.0 0.0 1.0 0.0 0.0 0.0 0.0 0.0 0.0 0.0 0.788 0.182 0.182 0.182 2.0 0.500 1.000 0.031
0.0 1.0 0.0 0.0 0.0 0.0 0.0 0.0 0.0 0.0 0.848 0.152 0.152 0.152 1.0 0.154 1.000 0.031
0.0 0.0 1.0 0.0 0.0 0.0 0.0 0.0 0.0 0.0 0.818 0.182 0.182 0.182 2.0 0.442 1.000 0.031
0.0 0.0 1.0 0.0 0.0 0.0 0.0 0.0 0.0 0.0 0.818 0.121 0.121 0.121 2.0 0.442 1.000 0.031
0.0 1.0 0.0 0.0 0.0 0.0 0.0 0.0 0.0 0.0 0.848 0.152 0.152 0.152 1.0 0.154 1.000 0.031
0.0 0.0 0.0 1.0 0.0 0.0 0.0 0.0 0.0 0.0 0.818 0.182 0.182 0.182 2.0 0.442 1.000 0.031
0.0 1.0 0.0 0.0 0.0 0.0 0.0 0.0 0.0 0.0 0.848 0.121 0.121 0.121 1.0 0.154 1.000 0.031
0.0 0.0 0.0 1.0 0.0 0.0 0.0 0.0 0.0 0.0 0.818 0.152 0.152 0.152 2.0 0.442 1.000 0.031
0.0 0.0 1.0 0.0 0.0 0.0 0.0 0.0 0.0 0.0 0.788 0.152 0.152 0.152 2.0 0.519 1.000 0.031
0.0 0.0 1.0 0.0 0.0 0.0 0.0 0.0 0.0 0.0 0.788 0.121 0.121 0.121 2.0 0.500 1.000 0.031
0.0 0.0 1.0 0.0 0.0 0.0 0.0 0.0 0.0 0.0 0.788 0.152 0.152 0.152 2.0 0.519 1.000 0.031
0.0 0.0 1.0 0.0 0.0 0.0 0.0 0.0 0.0 0.0 0.788 0.121 0.121 0.121 2.0 0.519 1.000 0.031
0.0 1.0 0.0 0.0 0.0 0.0 0.0 0.0 0.0 0.0 0.818 0.121 0.121 0.121 1.0 0.154 1.000 0.031
0.0 0.0 0.0 1.0 0.0 0.0 0.0 0.0 0.0 0.0 0.788 0.152 0.152 0.152 2.0 0.500 1.000 0.031
0.0 0.0 1.0 0.0 0.0 0.0 0.0 0.0 0.0 0.0 0.788 0.121 0.121 0.121 2.0 0.500 1.000 0.031
0.0 0.0 1.0 0.0 0.0 0.0 0.0 0.0 0.0 0.0 0.788 0.121 0.121 0.121 2.0 0.519 1.000 0.031
0.0 1.0 0.0 0.0 0.0 0.0 0.0 0.0 0.0 0.0 0.818 0.152 0.152 0.152 1.0 0.154 1.000 0.031
0.0 0.0 1.0 0.0 0.0 0.0 0.0 0.0 0.0 0.0 0.788 0.182 0.182 0.182 2.0 0.500 1.000 0.031
0.0 0.0 0.0 1.0 0.0 0.0 0.0 0.0 1.0 0.0 0.788 0.091 0.091 0.091 2.0 0.135 1.000 0.031
0.0 1.0 0.0 0.0 0.0 0.0 0.0 0.0 0.0 0.0 0.848 0.121 0.121 0.121 1.0 0.135 1.000 0.031
0.0 0.0 1.0 0.0 0.0 0.0 0.0 0.0 1.0 0.0 0.818 0.152 0.152 0.152 2.0 0.115 1.000 0.031
0.0 0.0 0.0 1.0 0.0 0.0 0.0 0.0 1.0 0.0 0.788 0.091 0.091 0.091 2.0 0.135 1.000 0.031
0.0 0.0 0.0 1.0 0.0 0.0 0.0 0.0 1.0 0.0 0.788 0.091 0.091 0.091 2.0 0.135 1.000 0.031
0.0 0.0 0.0 1.0 0.0 0.0 0.0 0.0 1.0 0.0 0.788 0.091 0.091 0.091 2.0 0.135 1.000 0.031
0.0 0.0 0.0 1.0 0.0 0.0 0.0 0.0 1.0 0.0 0.788 0.152 0.152 0.152 2.0 0.154 1.000 0.031
0.0 0.0 0.0 1.0 0.0 0.0 0.0 0.0 1.0 0.0 0.788 0.091 0.091 0.091 2.0 0.135 1.000 0.031
0.0 0.0 0.0 1.0 0.0 0.0 0.0 0.0 1.0 0.0 0.788 0.091 0.091 0.091 2.0 0.135 1.000 0.031
0.0 0.0 0.0 1.0 0.0 0.0 0.0 0.0 1.0 0.0 0.788 0.091 0.091 0.091 2.0 0.135 1.000 0.031
0.0 0.0 0.0 1.0 0.0 0.0 0.0 0.0 1.0 0.0 0.818 0.121 0.121 0.121 2.0 0.115 1.000 0.031
0.0 1.0 0.0 0.0 0.0 0.0 0.0 0.0 0.0 0.0 0.818 0.152 0.152 0.152 1.0 0.135 1.000 0.031
0.0 0.0 0.0 1.0 0.0 0.0 0.0 0.0 1.0 0.0 0.788 0.182 0.182 0.182 2.0 0.135 1.000 0.031
0.0 0.0 0.0 1.0 0.0 0.0 0.0 0.0 1.0 0.0 0.788 0.091 0.091 0.091 2.0 0.135 1.000 0.031
0.0 0.0 0.0 1.0 0.0 0.0 0.0 0.0 1.0 0.0 0.788 0.091 0.091 0.091 2.0 0.135 1.000 0.031
0.0 0.0 0.0 1.0 0.0 0.0 0.0 0.0 1.0 0.0 0.788 0.091 0.091 0.091 2.0 0.135 1.000 0.031
0.0 0.0 0.0 1.0 0.0 0.0 0.0 0.0 1.0 0.0 0.788 0.091 0.091 0.091 2.0 0.135 1.000 0.031
0.0 0.0 0.0 1.0 0.0 0.0 0.0 0.0 1.0 0.0 0.788 0.121 0.121 0.121 2.0 0.135 1.000 0.031
0.0 1.0 0.0 0.0 0.0 0.0 0.0 0.0 0.0 0.0 0.848 0.091 0.091 0.091 1.0 0.115 1.000 0.031
0.0 0.0 0.0 1.0 0.0 0.0 0.0 0.0 1.0 0.0 0.818 0.121 0.121 0.121 2.0 0.135 1.000 0.031
0.0 0.0 0.0 1.0 0.0 0.0 0.0 0.0 1.0 0.0 0.818 0.121 0.121 0.121 2.0 0.154 1.000 0.031
0.0 1.0 0.0 0.0 0.0 0.0 0.0 0.0 0.0 0.0 0.848 0.091 0.091 0.091 1.0 0.115 1.000 0.031
0.0 0.0 0.0 1.0 0.0 0.0 0.0 0.0 1.0 0.0 0.818 0.121 0.121 0.121 2.0 0.135 1.000 0.031
0.0 0.0 0.0 1.0 0.0 0.0 0.0 0.0 1.0 0.0 0.848 0.121 0.121 0.121 2.0 0.115 1.000 0.031
0.0 0.0 0.0 1.0 0.0 0.0 0.0 0.0 1.0 0.0 0.879 0.121 0.121 0.121 2.0 0.135 1.000 0.031
0.0 0.0 0.0 1.0 0.0 0.0 0.0 0.0 1.0 0.0 0.848 0.091 0.091 0.091 2.0 0.135 1.000 0.031
0.0 0.0 0.0 1.0 0.0 0.0 0.0 0.0 1.0 0.0 0.879 0.121 0.121 0.121 2.0 0.135 1.000 0.031
0.0 0.0 0.0 1.0 0.0 0.0 0.0 0.0 1.0 0.0 0.879 0.091 0.091 0.091 2.0 0.115 1.000 0.031
0.0 0.0 0.0 1.0 0.0 0.0 0.0 0.0 1.0 0.0 0.818 0.121 0.121 0.121 2.0 0.154 1.000 0.031
0.0 0.0 0.0 1.0 0.0 0.0 0.0 0.0 1.0 0.0 0.818 0.091 0.091 0.091 2.0 0.135 1.000 0.031
0.0 0.0 0.0 1.0 0.0 0.0 0.0 0.0 1.0 0.0 0.818 0.121 0.121 0.121 2.0 0.154 1.000 0.031
0.0 0.0 0.0 1.0 0.0 0.0 0.0 0.0 1.0 0.0 0.818 0.091 0.091 0.091 2.0 0.135 1.000 0.031
0.0 0.0 0.0 1.0 0.0 0.0 0.0 0.0 1.0 0.0 0.848 0.091 0.091 0.091 2.0 0.115 1.000 0.031
0.0 0.0 0.0 1.0 0.0 0.0 0.0 0.0 1.0 0.0 0.818 0.091 0.091 0.091 2.0 0.135 1.000 0.031
0.0 0.0 0.0 1.0 0.0 0.0 0.0 0.0 1.0 0.0 0.818 0.091 0.091 0.091 2.0 0.135 1.000 0.031
0.0 0.0 0.0 1.0 0.0 0.0 0.0 0.0 1.0 0.0 0.848 0.121 0.121 0.121 2.0 0.135 1.000 0.031
0.0 0.0 0.0 1.0 0.0 0.0 0.0 0.0 1.0 0.0 0.818 0.061 0.061 0.061 2.0 0.115 1.000 0.031
0.0 0.0 0.0 1.0 0.0 0.0 0.0 0.0 0.0 0.0 0.818 0.061 0.061 0.061 2.0 0.154 1.000 0.031
0.0 0.0 0.0 1.0 0.0 0.0 0.0 0.0 1.0 0.0 0.879 0.091 0.091 0.091 2.0 0.135 1.000 0.031
0.0 1.0 0.0 0.0 0.0 0.0 0.0 0.0 0.0 0.0 0.909 0.061 0.061 0.061 1.0 0.135 1.000 0.031
0.0 0.0 0.0 1.0 0.0 0.0 0.0 0.0 0.0 0.0 0.879 0.091 0.091 0.091 2.0 0.154 1.000 0.031
0.0 0.0 0.0 1.0 0.0 0.0 0.0 0.0 1.0 0.0 0.818 0.061 0.061 0.061 2.0 0.115 1.000 0.031
0.0 0.0 0.0 1.0 0.0 0.0 0.0 0.0 0.0 0.0 0.818 0.061 0.061 0.061 2.0 0.154 1.000 0.031
0.0 0.0 0.0 1.0 0.0 0.0 0.0 0.0 1.0 0.0 0.818 0.061 0.061 0.061 2.0 0.115 1.000 0.031
0.0 0.0 0.0 1.0 0.0 0.0 0.0 0.0 0.0 0.0 0.818 0.061 0.061 0.061 2.0 0.154 1.000 0.031
0.0 0.0 0.0 1.0 0.0 0.0 0.0 0.0 1.0 0.0 0.818 0.061 0.061 0.061 2.0 0.115 1.000 0.031
0.0 0.0 0.0 1.0 0.0 0.0 0.0 0.0 0.0 0.0 0.818 0.061 0.061 0.061 2.0 0.154 1.000 0.031
0.0 0.0 0.0 1.0 0.0 0.0 0.0 0.0 1.0 0.0 0.818 0.121 0.121 0.121 2.0 0.135 1.000 0.031
0.0 1.0 0.0 0.0 0.0 0.0 0.0 0.0 0.0 0.0 0.848 0.091 0.091 0.091 1.0 0.135 1.000 0.031
0.0 0.0 1.0 0.0 0.0 0.0 0.0 0.0 0.0 0.0 0.818 0.121 0.121 0.121 2.0 0.154 1.000 0.031
0.0 0.0 0.0 1.0 0.0 0.0 0.0 0.0 1.0 0.0 0.818 0.061 0.061 0.061 2.0 0.115 1.000 0.031
0.0 0.0 0.0 1.0 0.0 0.0 0.0 0.0 0.0 0.0 0.818 0.061 0.061 0.061 2.0 0.154 1.000 0.031
0.0 0.0 0.0 1.0 0.0 0.0 0.0 0.0 1.0 0.0 0.818 0.061 0.061 0.061 2.0 0.115 1.000 0.031
0.0 0.0 0.0 1.0 0.0 0.0 0.0 0.0 0.0 0.0 0.818 0.061 0.061 0.061 2.0 0.154 1.000 0.031
0.0 0.0 0.0 1.0 0.0 0.0 0.0 0.0 1.0 0.0 0.818 0.061 0.061 0.061 2.0 0.115 1.000 0.031
0.0 0.0 0.0 1.0 0.0 0.0 0.0 0.0 0.0 0.0 0.818 0.061 0.061 0.061 2.0 0.154 1.000 0.031
0.0 0.0 0.0 1.0 0.0 0.0 0.0 0.0 1.0 0.0 0.848 0.091 0.091 0.091 2.0 0.115 1.000 0.031
0.0 0.0 0.0 1.0 0.0 0.0 0.0 0.0 0.0 0.0 0.848 0.091 0.091 0.091 2.0 0.135 1.000 0.031
0.0 0.0 0.0 1.0 0.0 0.0 0.0 0.0 1.0 0.0 0.848 0.121 0.121 0.121 2.0 0.135 1.000 0.031
0.0 1.0 0.0 0.0 0.0 0.0 0.0 0.0 0.0 0.0 0.879 0.091 0.091 0.091 1.0 0.135 1.000 0.031
0.0 0.0 0.0 1.0 0.0 0.0 0.0 0.0 0.0 0.0 0.848 0.121 0.121 0.121 2.0 0.173 1.000 0.031
0.0 0.0 0.0 1.0 0.0 0.0 0.0 0.0 1.0 0.0 0.818 0.061 0.061 0.061 2.0 0.115 1.000 0.031
0.0 0.0 0.0 1.0 0.0 0.0 0.0 0.0 0.0 0.0 0.818 0.061 0.061 0.061 2.0 0.154 1.000 0.031
0.0 0.0 0.0 1.0 0.0 0.0 0.0 0.0 1.0 0.0 0.818 0.061 0.061 0.061 2.0 0.115 1.000 0.031
0.0 0.0 0.0 1.0 0.0 0.0 0.0 0.0 0.0 0.0 0.818 0.061 0.061 0.061 2.0 0.154 1.000 0.031
0.0 0.0 0.0 1.0 0.0 0.0 0.0 0.0 1.0 0.0 0.818 0.061 0.061 0.061 2.0 0.115 1.000 0.031
0.0 0.0 0.0 1.0 0.0 0.0 0.0 0.0 0.0 0.0 0.818 0.061 0.061 0.061 2.0 0.154 1.000 0.031
0.0 0.0 0.0 1.0 0.0 0.0 0.0 0.0 1.0 0.0 0.818 0.061 0.061 0.061 2.0 0.115 1.000 0.031
0.0 0.0 0.0 1.0 0.0 0.0 0.0 0.0 0.0 0.0 0.818 0.061 0.061 0.061 2.0 0.154 1.000 0.031
0.0 0.0 0.0 1.0 0.0 0.0 0.0 0.0 1.0 0.0 0.818 0.091 0.091 0.091 2.0 0.115 1.000 0.031
0.0 0.0 0.0 1.0 0.0 0.0 0.0 0.0 0.0 0.0 0.818 0.091 0.091 0.091 2.0 0.154 1.000 0.031
0.0 0.0 0.0 1.0 0.0 0.0 0.0 0.0 1.0 0.0 0.879 0.061 0.061 0.061 2.0 0.115 1.000 0.031
0.0 0.0 0.0 1.0 0.0 0.0 0.0 0.0 0.0 0.0 0.879 0.061 0.061 0.061 2.0 0.173 1.000 0.031
0.0 0.0 0.0 1.0 0.0 0.0 0.0 0.0 1.0 0.0 0.848 0.091 0.091 0.091 2.0 0.135 1.000 0.031
0.0 1.0 0.0 0.0 0.0 0.0 0.0 0.0 0.0 0.0 0.879 0.061 0.061 0.061 1.0 0.135 1.000 0.031
0.0 0.0 1.0 0.0 0.0 0.0 0.0 0.0 0.0 0.0 0.848 0.091 0.091 0.091 2.0 0.154 1.000 0.031
0.0 0.0 0.0 1.0 0.0 0.0 0.0 0.0 1.0 0.0 0.879 0.061 0.061 0.061 2.0 0.115 1.000 0.031
0.0 0.0 0.0 1.0 0.0 0.0 0.0 0.0 0.0 0.0 0.879 0.061 0.061 0.061 2.0 0.173 1.000 0.031
0.0 0.0 0.0 1.0 0.0 0.0 0.0 0.0 1.0 0.0 0.879 0.091 0.091 0.091 2.0 0.115 1.000 0.031
0.0 0.0 0.0 1.0 0.0 0.0 0.0 0.0 0.0 0.0 0.879 0.091 0.091 0.091 2.0 0.135 1.000 0.031
0.0 1.0 0.0 0.0 0.0 0.0 0.0 0.0 0.0 0.0 0.939 0.061 0.061 0.061 1.0 0.115 1.000 0.031
0.0 0.0 0.0 1.0 0.0 0.0 0.0 0.0 1.0 0.0 0.909 0.091 0.091 0.091 2.0 0.115 1.000 0.031
0.0 1.0 0.0 0.0 0.0 0.0 0.0 0.0 0.0 0.0 0.939 0.061 0.061 0.061 1.0 0.135 1.000 0.031
0.0 0.0 1.0 0.0 0.0 0.0 0.0 0.0 0.0 0.0 0.909 0.091 0.091 0.091 2.0 0.135 1.000 0.031
0.0 0.0 0.0 1.0 0.0 0.0 0.0 0.0 1.0 0.0 0.879 0.061 0.061 0.061 2.0 0.115 1.000 0.031
0.0 0.0 0.0 1.0 0.0 0.0 0.0 0.0 0.0 0.0 0.879 0.061 0.061 0.061 2.0 0.154 1.000 0.031
0.0 1.0 0.0 0.0 0.0 0.0 0.0 0.0 0.0 0.0 0.939 0.061 0.061 0.061 1.0 0.115 1.000 0.031
0.0 0.0 1.0 0.0 0.0 0.0 0.0 0.0 1.0 0.0 0.909 0.091 0.091 0.091 2.0 0.115 1.000 0.031
0.0 0.0 0.0 1.0 0.0 0.0 0.0 0.0 0.0 0.0 0.909 0.091 0.091 0.091 2.0 0.154 1.000 0.031
0.0 0.0 0.0 1.0 0.0 0.0 0.0 0.0 1.0 0.0 0.909 0.061 0.061 0.061 2.0 0.115 1.000 0.031
0.0 0.0 0.0 1.0 0.0 0.0 0.0 0.0 0.0 0.0 0.909 0.061 0.061 0.061 2.0 0.135 1.000 0.031
0.0 0.0 0.0 1.0 0.0 0.0 0.0 0.0 1.0 0.0 0.848 0.091 0.091 0.091 2.0 0.135 1.000 0.031
0.0 1.0 0.0 0.0 0.0 0.0 0.0 0.0 0.0 0.0 0.879 0.061 0.061 0.061 1.0 0.135 1.000 0.031
0.0 0.0 0.0 1.0 0.0 0.0 0.0 0.0 0.0 0.0 0.848 0.091 0.091 0.091 2.0 0.154 1.000 0.031
0.0 0.0 0.0 1.0 0.0 0.0 0.0 0.0 1.0 0.0 0.848 0.061 0.061 0.061 2.0 0.115 1.000 0.031
0.0 0.0 0.0 1.0 0.0 0.0 0.0 0.0 0.0 0.0 0.848 0.061 0.061 0.061 2.0 0.154 1.000 0.031
0.0 0.0 0.0 1.0 0.0 0.0 0.0 0.0 1.0 0.0 0.848 0.091 0.091 0.091 2.0 0.135 1.000 0.031
0.0 1.0 0.0 0.0 0.0 0.0 0.0 0.0 0.0 0.0 0.879 0.061 0.061 0.061 1.0 0.135 1.000 0.031
0.0 0.0 0.0 1.0 0.0 0.0 0.0 0.0 0.0 0.0 0.848 0.091 0.091 0.091 2.0 0.154 1.000 0.031
0.0 0.0 0.0 1.0 0.0 0.0 0.0 0.0 1.0 0.0 0.848 0.061 0.061 0.061 2.0 0.115 1.000 0.031
0.0 0.0 0.0 1.0 0.0 0.0 0.0 0.0 0.0 0.0 0.848 0.061 0.061 0.061 2.0 0.154 1.000 0.031
0.0 0.0 0.0 1.0 0.0 0.0 0.0 0.0 1.0 0.0 0.879 0.061 0.061 0.061 2.0 0.115 1.000 0.031
0.0 0.0 0.0 1.0 0.0 0.0 0.0 0.0 0.0 0.0 0.879 0.061 0.061 0.061 2.0 0.135 1.000 0.031
0.0 0.0 0.0 1.0 0.0 0.0 0.0 0.0 1.0 0.0 0.848 0.061 0.061 0.061 2.0 0.115 1.000 0.031
0.0 0.0 0.0 1.0 0.0 0.0 0.0 0.0 0.0 0.0 0.848 0.061 0.061 0.061 2.0 0.154 1.000 0.031
0.0 0.0 0.0 1.0 0.0 0.0 0.0 0.0 1.0 0.0 0.848 0.061 0.061 0.061 2.0 0.115 1.000 0.031
0.0 0.0 0.0 1.0 0.0 0.0 0.0 0.0 0.0 0.0 0.848 0.061 0.061 0.061 2.0 0.154 1.000 0.031
0.0 0.0 0.0 1.0 0.0 0.0 0.0 0.0 1.0 0.0 0.879 0.091 0.091 0.091 2.0 0.135 1.000 0.031
0.0 1.0 0.0 0.0 0.0 0.0 0.0 0.0 0.0 0.0 0.909 0.061 0.061 0.061 1.0 0.135 1.000 0.031
0.0 0.0 0.0 1.0 0.0 0.0 0.0 0.0 0.0 0.0 0.879 0.091 0.091 0.091 2.0 0.135 1.000 0.031
0.0 0.0 0.0 1.0 0.0 0.0 0.0 0.0 0.0 0.0 0.848 0.030 0.030 0.030 2.0 0.115 1.000 0.031
0.0 0.0 0.0 1.0 0.0 0.0 0.0 0.0 0.0 0.0 0.939 0.030 0.030 0.030 2.0 0.115 1.000 0.031
0.0 0.0 0.0 1.0 0.0 0.0 0.0 0.0 0.0 0.0 0.848 0.030 0.030 0.030 2.0 0.115 1.000 0.031
0.0 0.0 0.0 1.0 0.0 0.0 0.0 0.0 0.0 0.0 0.848 0.030 0.030 0.030 2.0 0.115 1.000 0.031
0.0 0.0 0.0 1.0 0.0 0.0 0.0 0.0 0.0 0.0 0.848 0.030 0.030 0.030 2.0 0.115 1.000 0.031
0.0 1.0 0.0 0.0 0.0 0.0 0.0 0.0 0.0 0.0 0.909 0.030 0.030 0.030 1.0 0.096 1.000 0.031
0.0 0.0 1.0 0.0 0.0 0.0 0.0 0.0 0.0 0.0 0.879 0.061 0.061 0.061 2.0 0.135 1.000 0.031
0.0 0.0 0.0 1.0 0.0 0.0 0.0 0.0 0.0 0.0 0.848 0.030 0.030 0.030 2.0 0.115 1.000 0.031
0.0 0.0 0.0 1.0 0.0 0.0 0.0 0.0 0.0 0.0 0.848 0.030 0.030 0.030 2.0 0.115 1.000 0.031
0.0 0.0 0.0 1.0 0.0 0.0 0.0 0.0 0.0 0.0 0.848 0.030 0.030 0.030 2.0 0.115 1.000 0.031
0.0 1.0 0.0 0.0 0.0 0.0 0.0 0.0 0.0 0.0 0.909 0.030 0.030 0.030 1.0 0.096 1.000 0.031
0.0 0.0 0.0 1.0 0.0 0.0 0.0 0.0 0.0 0.0 0.879 0.061 0.061 0.061 2.0 0.135 1.000 0.031
0.0 1.0 0.0 0.0 0.0 0.0 0.0 0.0 0.0 0.0 0.939 0.030 0.030 0.030 1.0 0.096 1.000 0.031
0.0 0.0 1.0 0.0 0.0 0.0 0.0 0.0 0.0 0.0 0.909 0.061 0.061 0.061 2.0 0.135 1.000 0.031
0.0 0.0 0.0 1.0 0.0 0.0 0.0 0.0 0.0 0.0 0.848 0.030 0.030 0.030 2.0 0.115 1.000 0.031
0.0 0.0 0.0 1.0 0.0 0.0 0.0 0.0 0.0 0.0 0.848 0.030 0.030 0.030 2.0 0.115 1.000 0.031
0.0 0.0 0.0 1.0 0.0 0.0 0.0 0.0 0.0 0.0 0.848 0.030 0.030 0.030 2.0 0.115 1.000 0.031
0.0 0.0 0.0 1.0 0.0 0.0 0.0 0.0 0.0 0.0 0.848 0.030 0.030 0.030 2.0 0.115 1.000 0.031
0.0 1.0 0.0 0.0 0.0 0.0 0.0 0.0 0.0 0.0 0.879 0.030 0.030 0.030 1.0 0.096 1.000 0.031
0.0 0.0 0.0 1.0 0.0 0.0 0.0 0.0 0.0 0.0 0.848 0.061 0.061 0.061 2.0 0.135 1.000 0.031
0.0 0.0 0.0 1.0 0.0 0.0 0.0 0.0 0.0 0.0 0.909 0.030 0.030 0.030 2.0 0.115 1.000 0.031
0.0 0.0 0.0 1.0 0.0 0.0 0.0 0.0 0.0 0.0 0.909 0.030 0.030 0.030 2.0 0.115 1.000 0.031
0.0 0.0 0.0 1.0 0.0 0.0 0.0 0.0 0.0 0.0 0.909 0.030 0.030 0.030 2.0 0.115 1.000 0.031
0.0 1.0 0.0 0.0 0.0 0.0 0.0 0.0 0.0 0.0 0.939 0.030 0.030 0.030 1.0 0.096 1.000 0.031
0.0 0.0 1.0 0.0 0.0 0.0 0.0 0.0 0.0 0.0 0.909 0.061 0.061 0.061 2.0 0.135 1.000 0.031
0.0 0.0 0.0 1.0 0.0 0.0 0.0 0.0 0.0 0.0 0.970 0.030 0.030 0.030 2.0 0.115 1.000 0.031
0.0 0.0 0.0 1.0 0.0 0.0 0.0 0.0 0.0 0.0 0.909 0.030 0.030 0.030 2.0 0.115 1.000 0.031
0.0 0.0 0.0 1.0 0.0 0.0 0.0 0.0 0.0 0.0 0.970 0.030 0.030 0.030 2.0 0.135 1.000 0.031
0.0 0.0 0.0 1.0 0.0 0.0 0.0 0.0 0.0 0.0 0.939 0.030 0.030 0.030 2.0 0.115 1.000 0.031
0.0 0.0 0.0 1.0 0.0 0.0 0.0 0.0 0.0 0.0 0.909 0.030 0.030 0.030 2.0 0.115 1.000 0.031
0.0 0.0 0.0 1.0 0.0 0.0 0.0 0.0 0.0 0.0 0.879 0.030 0.030 0.030 2.0 0.115 1.000 0.031
0.0 0.0 0.0 1.0 0.0 0.0 0.0 0.0 0.0 0.0 0.909 0.030 0.030 0.030 2.0 0.115 1.000 0.031
0.0 0.0 0.0 1.0 0.0 0.0 0.0 0.0 0.0 0.0 0.879 0.030 0.030 0.030 2.0 0.115 1.000 0.031
0.0 0.0 0.0 1.0 0.0 0.0 0.0 0.0 0.0 0.0 0.909 0.030 0.030 0.030 2.0 0.115 1.000 0.031
0.0 0.0 0.0 1.0 0.0 0.0 0.0 0.0 0.0 0.0 0.879 0.030 0.030 0.030 2.0 0.115 1.000 0.031
0.0 0.0 0.0 1.0 0.0 0.0 0.0 0.0 0.0 0.0 0.879 0.030 0.030 0.030 2.0 0.115 1.000 0.031
0.0 0.0 0.0 1.0 0.0 0.0 0.0 0.0 0.0 0.0 0.939 0.030 0.030 0.030 2.0 0.115 1.000 0.031
1.0 0.0 0.0 0.0 0.0 0.0 0.0 0.0 0.0 1.0 0.879 0.000 0.000 0.000 1.0 0.077 1.000 0.031
1.0 0.0 0.0 0.0 0.0 0.0 0.0 0.0 0.0 1.0 0.970 0.000 0.000 0.000 1.0 0.077 1.000 0.031
1.0 0.0 0.0 0.0 0.0 0.0 0.0 0.0 0.0 1.0 0.879 0.000 0.000 0.000 1.0 0.077 1.000 0.031
1.0 0.0 0.0 0.0 0.0 0.0 0.0 0.0 0.0 1.0 0.879 0.000 0.000 0.000 1.0 0.077 1.000 0.031
1.0 0.0 0.0 0.0 0.0 0.0 0.0 0.0 0.0 1.0 0.879 0.000 0.000 0.000 1.0 0.077 1.000 0.031
1.0 0.0 0.0 0.0 0.0 0.0 0.0 0.0 0.0 1.0 0.939 0.000 0.000 0.000 1.0 0.058 1.000 0.031
1.0 0.0 0.0 0.0 0.0 0.0 0.0 0.0 0.0 1.0 0.879 0.000 0.000 0.000 1.0 0.077 1.000 0.031
1.0 0.0 0.0 0.0 0.0 0.0 0.0 0.0 0.0 1.0 0.879 0.000 0.000 0.000 1.0 0.077 1.000 0.031
1.0 0.0 0.0 0.0 0.0 0.0 0.0 0.0 0.0 1.0 0.879 0.000 0.000 0.000 1.0 0.077 1.000 0.031
1.0 0.0 0.0 0.0 0.0 0.0 0.0 0.0 0.0 1.0 0.939 0.000 0.000 0.000 1.0 0.058 1.000 0.031
1.0 0.0 0.0 0.0 0.0 0.0 0.0 0.0 0.0 1.0 0.970 0.000 0.000 0.000 1.0 0.058 1.000 0.031
1.0 0.0 0.0 0.0 0.0 0.0 0.0 0.0 0.0 1.0 0.879 0.000 0.000 0.000 1.0 0.077 1.000 0.031
1.0 0.0 0.0 0.0 0.0 0.0 0.0 0.0 0.0 1.0 0.879 0.000 0.000 0.000 1.0 0.077 1.000 0.031
1.0 0.0 0.0 0.0 0.0 0.0 0.0 0.0 0.0 1.0 0.879 0.000 0.000 0.000 1.0 0.077 1.000 0.031
1.0 0.0 0.0 0.0 0.0 0.0 0.0 0.0 0.0 1.0 0.879 0.000 0.000 0.000 1.0 0.077 1.000 0.031
1.0 0.0 0.0 0.0 0.0 0.0 0.0 0.0 0.0 1.0 0.909 0.000 0.000 0.000 1.0 0.058 1.000 0.031
1.0 0.0 0.0 0.0 0.0 0.0 0.0 0.0 0.0 1.0 0.939 0.000 0.000 0.000 1.0 0.077 1.000 0.031
1.0 0.0 0.0 0.0 0.0 0.0 0.0 0.0 0.0 1.0 0.939 0.000 0.000 0.000 1.0 0.077 1.000 0.031
1.0 0.0 0.0 0.0 0.0 0.0 0.0 0.0 0.0 1.0 0.939 0.000 0.000 0.000 1.0 0.077 1.000 0.031
1.0 0.0 0.0 0.0 0.0 0.0 0.0 0.0 0.0 1.0 0.970 0.000 0.000 0.000 1.0 0.058 1.000 0.031
1.0 0.0 0.0 0.0 0.0 0.0 0.0 0.0 0.0 1.0 1.000 0.000 0.000 0.000 1.0 0.077 1.000 0.031
1.0 0.0 0.0 0.0 0.0 0.0 0.0 0.0 0.0 1.0 0.939 0.000 0.000 0.000 1.0 0.077 1.000 0.031
1.0 0.0 0.0 0.0 0.0 0.0 0.0 0.0 0.0 1.0 1.000 0.000 0.000 0.000 1.0 0.077 1.000 0.031
1.0 0.0 0.0 0.0 0.0 0.0 0.0 0.0 0.0 1.0 0.970 0.000 0.000 0.000 1.0 0.077 1.000 0.031
1.0 0.0 0.0 0.0 0.0 0.0 0.0 0.0 0.0 1.0 0.939 0.000 0.000 0.000 1.0 0.077 1.000 0.031
1.0 0.0 0.0 0.0 0.0 0.0 0.0 0.0 0.0 1.0 0.909 0.000 0.000 0.000 1.0 0.077 1.000 0.031
1.0 0.0 0.0 0.0 0.0 0.0 0.0 0.0 0.0 1.0 0.939 0.000 0.000 0.000 1.0 0.077 1.000 0.031
1.0 0.0 0.0 0.0 0.0 0.0 0.0 0.0 0.0 1.0 0.909 0.000 0.000 0.000 1.0 0.077 1.000 0.031
1.0 0.0 0.0 0.0 0.0 0.0 0.0 0.0 0.0 1.0 0.939 0.000 0.000 0.000 1.0 0.077 1.000 0.031
1.0 0.0 0.0 0.0 0.0 0.0 0.0 0.0 0.0 1.0 0.909 0.000 0.000 0.000 1.0 0.077 1.000 0.031
1.0 0.0 0.0 0.0 0.0 0.0 0.0 0.0 0.0 1.0 0.909 0.000 0.000 0.000 1.0 0.077 1.000 0.031
1.0 0.0 0.0 0.0 0.0 0.0 0.0 0.0 0.0 1.0 0.970 0.000 0.000 0.000 1.0 0.077 1.000 0.031
