0.0 0.0 0.0 0.0 0.0 0.0 1.0 0.0 0.0 0.0 0.710 0.000 0.000 0.000 2.0 0.133 0.885 0.000
0.0 1.0 0.0 0.0 0.0 0.0 0.0 0.0 0.0 0.0 0.677 0.000 0.000 0.000 2.0 0.156 0.885 0.000
0.0 0.0 0.0 0.0 0.0 1.0 0.0 0.0 0.0 0.0 0.806 0.000 0.000 0.000 2.0 0.178 1.000 0.000
0.0 0.0 0.0 0.0 0.0 1.0 0.0 0.0 1.0 0.0 0.613 0.000 0.000 0.000 3.0 0.178 0.897 0.000
0.0 1.0 0.0 0.0 0.0 0.0 0.0 0.0 0.0 0.0 0.581 0.000 0.000 0.000 1.0 0.222 0.872 0.000
0.0 0.0 0.0 0.0 0.0 1.0 0.0 0.0 0.0 0.0 0.774 0.000 0.000 0.000 4.0 0.578 1.000 0.000
0.0 0.0 0.0 1.0 0.0 0.0 0.0 0.0 0.0 0.0 0.710 0.000 0.000 0.000 4.0 0.489 0.949 0.000
0.0 0.0 0.0 1.0 0.0 0.0 0.0 0.0 0.0 0.0 0.613 0.000 0.000 0.000 2.0 0.378 0.872 0.000
0.0 0.0 0.0 1.0 0.0 0.0 0.0 0.0 0.0 0.0 0.581 0.000 0.000 0.000 4.0 0.378 0.641 0.000
0.0 1.0 0.0 0.0 0.0 0.0 0.0 0.0 0.0 0.0 0.548 0.000 0.000 0.000 2.0 0.244 0.641 0.000
0.0 0.0 0.0 1.0 0.0 0.0 0.0 0.0 0.0 0.0 0.484 0.000 0.000 0.000 2.0 0.467 0.628 0.000
0.0 0.0 0.0 1.0 0.0 0.0 0.0 0.0 0.0 0.0 0.548 0.000 0.000 0.000 4.0 0.444 0.872 0.000
0.0 0.0 0.0 0.0 0.0 1.0 0.0 0.0 0.0 0.0 0.419 0.000 0.000 0.000 4.0 0.467 0.513 0.000
0.0 1.0 0.0 0.0 0.0 0.0 0.0 0.0 0.0 0.0 0.387 0.000 0.000 0.000 2.0 0.200 0.231 0.000
0.0 0.0 0.0 1.0 0.0 0.0 0.0 0.0 0.0 0.0 0.355 0.000 0.000 0.000 2.0 0.200 0.218 0.000
0.0 1.0 0.0 0.0 0.0 0.0 0.0 0.0 0.0 0.0 0.387 0.000 0.000 0.000 2.0 0.200 0.231 0.000
0.0 0.0 0.0 0.0 1.0 0.0 0.0 0.0 0.0 0.0 0.355 0.000 0.000 0.000 2.0 0.200 0.218 0.000
0.0 0.0 0.0 0.0 0.0 0.0 1.0 0.0 0.0 0.0 0.290 0.000 0.000 0.000 2.0 0.222 0.205 0.000
0.0 1.0 0.0 0.0 0.0 0.0 0.0 0.0 0.0 0.0 0.258 0.000 0.000 0.000 2.0 0.178 0.179 0.000
0.0 1.0 0.0 0.0 0.0 0.0 0.0 0.0 0.0 0.0 0.065 0.000 0.000 0.000 2.0 0.133 0.026 0.000
0.0 0.0 0.0 0.0 0.0 1.0 0.0 0.0 0.0 0.0 0.516 0.000 0.000 0.000 2.0 0.400 0.449 0.000
0.0 1.0 0.0 0.0 0.0 0.0 0.0 0.0 0.0 0.0 0.452 0.000 0.000 0.000 2.0 0.311 0.346 0.000
0.0 0.0 0.0 0.0 0.0 0.0 1.0 0.0 1.0 0.0 0.323 0.000 0.000 0.000 2.0 0.267 0.269 0.000
0.0 0.0 0.0 1.0 0.0 0.0 0.0 0.0 0.0 0.0 0.677 0.000 0.000 0.000 4.0 0.556 0.859 0.000
0.0 0.0 0.0 1.0 0.0 0.0 0.0 0.0 0.0 0.0 0.645 0.000 0.000 0.000 2.0 0.311 0.603 0.000
0.0 0.0 0.0 1.0 0.0 0.0 0.0 0.0 0.0 0.0 0.613 0.000 0.000 0.000 3.0 0.333 0.603 0.000
0.0 0.0 0.0 1.0 0.0 0.0 0.0 0.0 0.0 0.0 0.581 0.000 0.000 0.000 2.0 0.333 0.462 0.000
0.0 0.0 0.0 1.0 0.0 0.0 0.0 0.0 0.0 0.0 0.548 0.000 0.000 0.000 2.0 0.267 0.462 0.000
0.0 0.0 0.0 0.0 0.0 0.0 0.0 1.0 0.0 0.0 0.129 0.000 0.000 0.000 2.0 0.267 0.064 0.000
0.0 1.0 0.0 0.0 0.0 0.0 0.0 0.0 0.0 0.0 0.161 0.000 0.000 0.000 1.0 0.267 0.064 0.000
0.0 1.0 0.0 0.0 0.0 0.0 0.0 0.0 0.0 0.0 0.645 0.000 0.000 0.000 2.0 0.200 0.872 0.000
0.0 0.0 0.0 1.0 0.0 0.0 0.0 0.0 0.0 0.0 0.613 0.000 0.000 0.000 2.0 0.311 0.859 0.000
0.0 0.0 0.0 0.0 0.0 1.0 0.0 0.0 0.0 0.0 0.581 0.000 0.000 0.000 4.0 0.644 0.628 0.000
0.0 1.0 0.0 0.0 0.0 0.0 0.0 0.0 0.0 0.0 0.903 0.000 0.000 0.000 2.0 0.089 0.910 0.000
0.0 0.0 0.0 0.0 0.0 0.0 1.0 0.0 0.0 0.0 0.871 0.000 0.000 0.000 2.0 0.156 0.897 0.000
0.0 0.0 0.0 1.0 0.0 0.0 0.0 0.0 1.0 0.0 0.065 0.000 0.000 0.000 2.0 0.111 0.038 0.000
0.0 0.0 0.0 1.0 0.0 0.0 0.0 0.0 1.0 0.0 0.032 0.000 0.000 0.000 2.0 0.067 0.026 0.000
0.0 0.0 0.0 1.0 0.0 0.0 0.0 0.0 0.0 0.0 0.839 0.000 0.000 0.000 2.0 0.222 0.897 0.000
0.0 0.0 0.0 1.0 0.0 0.0 0.0 0.0 0.0 0.0 0.774 0.000 0.000 0.000 3.0 0.289 0.885 0.000
0.0 0.0 0.0 1.0 0.0 0.0 0.0 0.0 1.0 0.0 0.065 0.000 0.000 0.000 2.0 0.156 0.026 0.000
0.0 0.0 0.0 1.0 0.0 0.0 0.0 0.0 0.0 0.0 0.742 0.000 0.000 0.000 2.0 0.511 0.885 0.000
0.0 1.0 0.0 0.0 0.0 0.0 0.0 0.0 0.0 0.0 0.806 0.000 0.000 0.000 2.0 0.156 0.897 0.000
0.0 0.0 0.0 0.0 0.0 1.0 0.0 0.0 1.0 0.0 0.774 0.000 0.000 0.000 3.0 0.200 0.885 0.000
0.0 1.0 0.0 0.0 0.0 0.0 0.0 0.0 0.0 0.0 0.742 0.000 0.000 0.000 1.0 0.289 0.885 0.000
0.0 0.0 0.0 0.0 0.0 0.0 1.0 0.0 0.0 0.0 0.161 0.000 0.000 0.000 2.0 0.333 0.128 0.000
0.0 0.0 0.0 0.0 0.0 0.0 1.0 0.0 0.0 0.0 0.129 0.000 0.000 0.000 2.0 0.267 0.090 0.000
0.0 0.0 0.0 0.0 0.0 0.0 1.0 0.0 0.0 0.0 0.871 0.000 0.000 0.000 2.0 0.133 0.949 0.000
0.0 1.0 0.0 0.0 0.0 0.0 0.0 0.0 0.0 0.0 0.097 0.000 0.000 0.000 2.0 0.111 0.051 0.000
0.0 0.0 0.0 1.0 0.0 0.0 0.0 0.0 1.0 0.0 0.065 0.000 0.000 0.000 2.0 0.089 0.038 0.000
0.0 0.0 0.0 1.0 0.0 0.0 0.0 0.0 1.0 0.0 0.032 0.000 0.000 0.000 2.0 0.067 0.026 0.000
0.0 0.0 0.0 1.0 0.0 0.0 0.0 0.0 0.0 0.0 0.839 0.000 0.000 0.000 2.0 0.178 0.936 0.000
0.0 0.0 0.0 1.0 0.0 0.0 0.0 0.0 0.0 0.0 0.806 0.000 0.000 0.000 2.0 0.356 0.936 0.000
0.0 0.0 0.0 0.0 0.0 0.0 1.0 0.0 0.0 0.0 0.774 0.000 0.000 0.000 2.0 0.356 0.936 0.000
0.0 0.0 0.0 1.0 0.0 0.0 0.0 0.0 1.0 0.0 0.387 0.000 0.000 0.000 3.0 0.178 0.295 0.000
0.0 0.0 0.0 0.0 0.0 0.0 1.0 0.0 0.0 0.0 0.355 0.000 0.000 0.000 2.0 0.333 0.269 0.000
0.0 0.0 0.0 1.0 0.0 0.0 0.0 0.0 0.0 0.0 0.323 0.000 0.000 0.000 3.0 0.244 0.231 0.000
0.0 0.0 0.0 1.0 0.0 0.0 0.0 0.0 0.0 0.0 0.290 0.000 0.000 0.000 2.0 0.200 0.218 0.000
0.0 1.0 0.0 0.0 0.0 0.0 0.0 0.0 0.0 0.0 0.258 0.000 0.000 0.000 2.0 0.133 0.128 0.000
0.0 1.0 0.0 0.0 0.0 0.0 0.0 0.0 0.0 0.0 0.226 0.000 0.000 0.000 2.0 0.200 0.115 0.000
1.0 0.0 0.0 0.0 0.0 0.0 0.0 0.0 0.0 0.0 0.258 0.000 0.000 0.000 3.0 0.267 0.205 0.000
0.0 1.0 0.0 0.0 0.0 0.0 0.0 0.0 0.0 0.0 0.226 0.000 0.000 0.000 2.0 0.222 0.090 0.000
0.0 1.0 0.0 0.0 0.0 0.0 0.0 0.0 0.0 0.0 0.226 0.000 0.000 0.000 2.0 0.222 0.115 0.000
0.0 0.0 0.0 0.0 0.0 1.0 0.0 0.0 0.0 0.0 0.935 0.000 0.000 0.000 3.0 0.311 0.923 0.000
0.0 0.0 0.0 0.0 0.0 1.0 0.0 0.0 0.0 0.0 0.903 0.000 0.000 0.000 2.0 0.244 0.923 0.000
0.0 1.0 0.0 0.0 0.0 0.0 0.0 0.0 0.0 0.0 0.871 0.000 0.000 0.000 2.0 0.178 0.923 0.000
0.0 0.0 0.0 0.0 0.0 1.0 0.0 0.0 0.0 0.0 0.871 0.000 0.000 0.000 2.0 0.222 0.910 0.000
0.0 1.0 0.0 0.0 0.0 0.0 0.0 0.0 0.0 0.0 0.323 0.000 0.000 0.000 1.0 0.200 0.192 0.000
0.0 0.0 0.0 0.0 0.0 1.0 0.0 0.0 0.0 0.0 0.839 0.000 0.000 0.000 2.0 0.289 0.910 0.000
0.0 0.0 0.0 0.0 0.0 1.0 0.0 0.0 0.0 0.0 0.935 0.000 0.000 0.000 2.0 0.267 0.910 0.000
0.0 0.0 0.0 0.0 0.0 1.0 0.0 0.0 0.0 0.0 0.903 0.000 0.000 0.000 3.0 0.244 0.910 0.000
0.0 0.0 1.0 0.0 0.0 0.0 0.0 0.0 1.0 0.0 0.871 0.000 0.000 0.000 3.0 0.289 0.910 0.000
0.0 0.0 0.0 0.0 0.0 1.0 0.0 0.0 0.0 0.0 0.839 0.000 0.000 0.000 2.0 0.244 0.910 0.000
0.0 0.0 0.0 0.0 0.0 1.0 0.0 0.0 0.0 0.0 0.806 0.000 0.000 0.000 2.0 0.200 0.910 0.000
0.0 1.0 0.0 0.0 0.0 0.0 0.0 0.0 1.0 0.0 0.032 0.000 0.000 0.000 1.0 0.133 0.013 0.000
0.0 0.0 0.0 0.0 0.0 1.0 0.0 0.0 0.0 0.0 0.774 0.000 0.000 0.000 2.0 0.422 0.910 0.000
0.0 0.0 0.0 0.0 0.0 1.0 0.0 0.0 0.0 0.0 1.000 0.000 0.000 0.000 2.0 0.244 0.936 0.000
0.0 0.0 0.0 0.0 0.0 0.0 1.0 0.0 0.0 0.0 0.968 0.000 0.000 0.000 2.0 0.200 0.936 0.000
0.0 1.0 0.0 0.0 0.0 0.0 0.0 0.0 0.0 0.0 0.935 0.000 0.000 0.000 2.0 0.133 0.936 0.000
0.0 1.0 0.0 0.0 0.0 0.0 0.0 0.0 0.0 0.0 0.903 0.000 0.000 0.000 2.0 0.111 0.923 0.000
0.0 0.0 1.0 0.0 0.0 0.0 0.0 0.0 1.0 0.0 0.871 0.000 0.000 0.000 2.0 0.178 0.910 0.000
0.0 0.0 0.0 0.0 0.0 0.0 1.0 0.0 1.0 0.0 0.710 0.000 0.000 0.000 2.0 0.111 0.872 0.000
0.0 0.0 0.0 0.0 0.0 1.0 0.0 0.0 0.0 0.0 0.968 0.000 0.000 0.000 2.0 0.244 0.910 0.000
0.0 0.0 0.0 0.0 0.0 0.0 1.0 0.0 0.0 0.0 0.935 0.000 0.000 0.000 2.0 0.200 0.910 0.000
0.0 0.0 0.0 0.0 0.0 0.0 1.0 0.0 0.0 0.0 0.194 0.000 0.000 0.000 2.0 0.311 0.167 0.000
0.0 0.0 0.0 0.0 0.0 0.0 1.0 0.0 0.0 0.0 0.903 0.000 0.000 0.000 2.0 0.200 0.910 0.000
0.0 0.0 0.0 0.0 0.0 0.0 1.0 0.0 0.0 0.0 0.194 0.000 0.000 0.000 2.0 0.311 0.115 0.000
0.0 0.0 1.0 0.0 0.0 0.0 0.0 0.0 1.0 0.0 0.871 0.000 0.000 0.000 2.0 0.200 0.910 0.000
0.0 0.0 0.0 0.0 0.0 1.0 0.0 0.0 0.0 0.0 0.935 0.000 0.000 0.000 2.0 0.267 0.962 0.000
0.0 0.0 0.0 0.0 0.0 1.0 0.0 0.0 0.0 0.0 0.903 0.000 0.000 0.000 3.0 0.267 0.962 0.000
0.0 1.0 0.0 0.0 0.0 0.0 0.0 0.0 0.0 0.0 0.871 0.000 0.000 0.000 3.0 0.222 0.949 0.000
0.0 1.0 0.0 0.0 0.0 0.0 0.0 0.0 0.0 0.0 0.290 0.000 0.000 0.000 1.0 0.200 0.231 0.000
0.0 1.0 0.0 0.0 0.0 0.0 0.0 0.0 0.0 0.0 0.839 0.000 0.000 0.000 3.0 0.222 0.923 0.000
0.0 1.0 0.0 0.0 0.0 0.0 0.0 0.0 0.0 0.0 0.290 0.000 0.000 0.000 2.0 0.222 0.244 0.000
0.0 0.0 0.0 0.0 0.0 1.0 0.0 0.0 0.0 0.0 0.839 0.000 0.000 0.000 3.0 0.289 0.949 0.000
0.0 1.0 0.0 0.0 0.0 0.0 0.0 0.0 1.0 0.0 0.032 0.000 0.000 0.000 1.0 0.156 0.013 0.000
0.0 1.0 0.0 0.0 0.0 0.0 0.0 0.0 0.0 0.0 0.323 0.000 0.000 0.000 2.0 0.156 0.256 0.000
0.0 1.0 0.0 0.0 0.0 0.0 0.0 0.0 0.0 0.0 0.290 0.000 0.000 0.000 2.0 0.178 0.244 0.000
0.0 0.0 0.0 0.0 0.0 0.0 1.0 0.0 0.0 0.0 0.258 0.000 0.000 0.000 2.0 0.289 0.231 0.000
0.0 1.0 0.0 0.0 0.0 0.0 0.0 0.0 0.0 0.0 0.097 0.000 0.000 0.000 2.0 0.222 0.051 0.000
0.0 0.0 0.0 0.0 0.0 1.0 0.0 0.0 0.0 0.0 0.968 0.000 0.000 0.000 2.0 0.244 0.923 0.000
0.0 0.0 0.0 0.0 0.0 0.0 1.0 0.0 0.0 0.0 0.935 0.000 0.000 0.000 2.0 0.200 0.923 0.000
0.0 0.0 0.0 0.0 0.0 0.0 0.0 1.0 0.0 0.0 0.903 0.000 0.000 0.000 2.0 0.222 0.910 0.000
0.0 0.0 0.0 1.0 0.0 0.0 0.0 0.0 1.0 0.0 0.871 0.000 0.000 0.000 2.0 0.200 0.910 0.000
0.0 1.0 0.0 0.0 0.0 0.0 0.0 0.0 0.0 0.0 0.839 0.000 0.000 0.000 1.0 0.333 0.910 0.000
0.0 0.0 0.0 1.0 0.0 0.0 0.0 0.0 1.0 0.0 0.806 0.000 0.000 0.000 2.0 0.422 0.910 0.000
0.0 0.0 0.0 0.0 1.0 0.0 0.0 0.0 0.0 0.0 0.774 0.000 0.000 0.000 2.0 0.467 0.910 0.000
0.0 0.0 0.0 1.0 0.0 0.0 0.0 0.0 0.0 0.0 0.710 0.000 0.000 0.000 4.0 0.667 0.885 0.000
0.0 0.0 1.0 0.0 0.0 0.0 0.0 0.0 0.0 0.0 0.677 0.000 0.000 0.000 4.0 0.600 0.872 0.000
0.0 0.0 1.0 0.0 0.0 0.0 0.0 0.0 0.0 0.0 0.677 0.000 0.000 0.000 2.0 0.444 0.872 0.000
0.0 1.0 0.0 0.0 0.0 0.0 0.0 0.0 0.0 0.0 0.613 0.000 0.000 0.000 2.0 0.333 0.885 0.000
0.0 0.0 0.0 1.0 0.0 0.0 0.0 0.0 0.0 0.0 0.742 0.000 0.000 0.000 4.0 0.756 0.885 0.000
0.0 0.0 0.0 0.0 0.0 1.0 0.0 0.0 0.0 0.0 0.710 0.000 0.000 0.000 4.0 0.556 0.872 0.000
0.0 0.0 0.0 0.0 0.0 1.0 0.0 0.0 0.0 0.0 0.645 0.000 0.000 0.000 2.0 0.378 0.872 0.000
0.0 0.0 0.0 1.0 0.0 0.0 0.0 0.0 0.0 0.0 0.516 0.000 0.000 0.000 2.0 0.489 0.628 0.000
0.0 0.0 1.0 0.0 0.0 0.0 0.0 0.0 0.0 0.0 0.677 0.000 0.000 0.000 2.0 0.311 0.872 0.000
0.0 0.0 1.0 0.0 0.0 0.0 0.0 0.0 0.0 0.0 0.516 0.000 0.000 0.000 2.0 0.533 0.628 0.000
0.0 0.0 0.0 0.0 0.0 1.0 0.0 0.0 0.0 0.0 0.710 0.000 0.000 0.000 2.0 0.289 0.885 0.000
0.0 1.0 0.0 0.0 0.0 0.0 0.0 0.0 0.0 0.0 0.677 0.000 0.000 0.000 2.0 0.200 0.885 0.000
0.0 1.0 0.0 0.0 0.0 0.0 0.0 0.0 0.0 0.0 0.677 0.000 0.000 0.000 1.0 0.222 0.872 0.000
0.0 0.0 0.0 1.0 0.0 0.0 0.0 0.0 0.0 0.0 0.226 0.000 0.000 0.000 2.0 0.222 0.141 0.000
0.0 0.0 0.0 1.0 0.0 0.0 0.0 0.0 0.0 0.0 0.194 0.000 0.000 0.000 2.0 0.244 0.128 0.000
0.0 0.0 0.0 1.0 0.0 0.0 0.0 0.0 0.0 0.0 0.161 0.000 0.000 0.000 2.0 0.267 0.141 0.000
0.0 1.0 0.0 0.0 0.0 0.0 0.0 0.0 0.0 0.0 0.129 0.000 0.000 0.000 2.0 0.178 0.064 0.000
0.0 0.0 0.0 0.0 0.0 0.0 1.0 0.0 0.0 0.0 0.097 0.000 0.000 0.000 2.0 0.311 0.051 0.000
0.0 0.0 0.0 0.0 0.0 1.0 0.0 0.0 1.0 0.0 0.065 0.000 0.000 0.000 2.0 0.511 0.026 0.000
0.0 0.0 0.0 0.0 0.0 0.0 0.0 1.0 1.0 0.0 0.613 0.000 0.000 0.000 2.0 0.133 0.872 0.000
0.0 0.0 0.0 1.0 0.0 0.0 0.0 0.0 0.0 0.0 0.581 0.000 0.000 0.000 3.0 0.511 0.872 0.000
0.0 0.0 0.0 0.0 0.0 0.0 0.0 1.0 1.0 0.0 0.613 0.000 0.000 0.000 2.0 0.133 0.872 0.000
0.0 0.0 0.0 1.0 0.0 0.0 0.0 0.0 0.0 0.0 0.581 0.000 0.000 0.000 3.0 0.689 0.872 0.000
0.0 0.0 0.0 0.0 0.0 1.0 0.0 0.0 0.0 0.0 0.452 0.000 0.000 0.000 3.0 0.400 0.500 0.000
0.0 0.0 0.0 0.0 0.0 0.0 0.0 1.0 1.0 0.0 0.677 0.000 0.000 0.000 2.0 0.156 0.872 0.000
0.0 0.0 0.0 1.0 0.0 0.0 0.0 0.0 0.0 0.0 0.645 0.000 0.000 0.000 4.0 0.644 0.872 0.000
0.0 0.0 0.0 0.0 0.0 0.0 1.0 0.0 0.0 1.0 0.677 0.000 0.000 0.000 2.0 0.178 0.885 0.500
0.0 1.0 0.0 0.0 0.0 0.0 0.0 0.0 1.0 0.0 0.032 0.645 0.645 0.645 2.0 0.067 0.026 0.500
0.0 0.0 0.0 1.0 0.0 0.0 0.0 0.0 0.0 0.0 0.645 0.032 0.032 0.032 4.0 0.644 0.872 0.500
0.0 0.0 0.0 0.0 0.0 0.0 0.0 1.0 1.0 0.0 0.677 0.000 0.000 0.000 2.0 0.133 0.872 0.000
0.0 0.0 0.0 1.0 0.0 0.0 0.0 0.0 0.0 0.0 0.645 0.000 0.000 0.000 3.0 0.511 0.872 0.000
0.0 0.0 0.0 0.0 0.0 0.0 0.0 1.0 1.0 0.0 0.677 0.000 0.000 0.000 2.0 0.133 0.872 0.000
0.0 0.0 0.0 1.0 0.0 0.0 0.0 0.0 0.0 0.0 0.645 0.000 0.000 0.000 3.0 0.556 0.872 0.000
0.0 0.0 0.0 0.0 0.0 1.0 0.0 0.0 0.0 0.0 0.613 0.065 0.065 0.065 2.0 0.600 0.641 0.500
0.0 0.0 0.0 0.0 1.0 0.0 0.0 0.0 0.0 0.0 0.581 0.097 0.097 0.097 3.0 0.556 0.603 0.500
0.0 0.0 0.0 0.0 0.0 0.0 0.0 1.0 1.0 0.0 0.613 0.000 0.000 0.000 2.0 0.133 0.872 0.000
0.0 0.0 0.0 1.0 0.0 0.0 0.0 0.0 0.0 0.0 0.581 0.000 0.000 0.000 3.0 0.511 0.872 0.000
0.0 0.0 1.0 0.0 0.0 0.0 0.0 0.0 0.0 0.0 0.484 0.000 0.000 0.000 3.0 0.622 0.564 0.000
0.0 0.0 0.0 0.0 0.0 0.0 0.0 1.0 1.0 1.0 0.742 0.000 0.000 0.000 2.0 0.067 0.885 0.500
0.0 1.0 0.0 0.0 0.0 0.0 0.0 0.0 0.0 0.0 0.710 0.032 0.032 0.032 2.0 0.156 0.885 0.500
0.0 0.0 1.0 0.0 0.0 0.0 0.0 0.0 0.0 0.0 0.677 0.065 0.065 0.065 3.0 0.578 0.872 0.500
0.0 1.0 0.0 0.0 0.0 0.0 0.0 0.0 0.0 0.0 0.645 0.097 0.097 0.097 1.0 0.333 0.641 0.500
0.0 0.0 0.0 0.0 0.0 0.0 0.0 1.0 1.0 0.0 0.613 0.000 0.000 0.000 2.0 0.133 0.872 0.000
0.0 0.0 0.0 1.0 0.0 0.0 0.0 0.0 0.0 0.0 0.581 0.000 0.000 0.000 3.0 0.467 0.872 0.000
0.0 0.0 1.0 0.0 0.0 0.0 0.0 0.0 0.0 0.0 0.452 0.000 0.000 0.000 3.0 0.600 0.628 0.000
0.0 0.0 0.0 0.0 0.0 1.0 0.0 0.0 0.0 0.0 0.548 0.000 0.000 0.000 3.0 0.778 0.500 0.000
0.0 0.0 0.0 1.0 0.0 0.0 0.0 0.0 0.0 0.0 0.129 0.548 0.548 0.548 2.0 0.689 0.064 0.500
0.0 0.0 1.0 0.0 0.0 0.0 0.0 0.0 0.0 0.0 0.161 0.516 0.516 0.516 2.0 0.489 0.090 0.500
0.0 0.0 0.0 1.0 0.0 0.0 0.0 0.0 1.0 0.0 0.065 0.613 0.613 0.613 4.0 0.200 0.064 0.500
0.0 1.0 0.0 0.0 0.0 0.0 0.0 0.0 1.0 0.0 0.032 0.645 0.645 0.645 1.0 0.133 0.013 0.500
0.0 0.0 0.0 0.0 0.0 0.0 1.0 0.0 0.0 0.0 0.677 0.000 0.000 0.000 2.0 0.222 0.872 0.000
0.0 0.0 0.0 1.0 0.0 0.0 0.0 0.0 0.0 0.0 0.645 0.000 0.000 0.000 4.0 0.644 0.872 0.000
0.0 0.0 0.0 0.0 0.0 1.0 0.0 0.0 0.0 0.0 0.484 0.000 0.000 0.000 2.0 0.733 0.474 0.000
0.0 0.0 0.0 0.0 0.0 0.0 1.0 0.0 0.0 0.0 0.677 0.000 0.000 0.000 2.0 0.222 0.872 0.000
0.0 0.0 0.0 1.0 0.0 0.0 0.0 0.0 0.0 0.0 0.645 0.000 0.000 0.000 4.0 0.778 0.872 0.000
0.0 1.0 0.0 0.0 0.0 0.0 0.0 0.0 0.0 0.0 0.452 0.226 0.226 0.226 1.0 0.600 0.333 0.500
0.0 0.0 0.0 0.0 0.0 0.0 0.0 1.0 1.0 0.0 0.710 0.000 0.000 0.000 2.0 0.067 0.885 0.000
0.0 1.0 0.0 0.0 0.0 0.0 0.0 0.0 0.0 0.0 0.677 0.000 0.000 0.000 2.0 0.156 0.885 0.000
0.0 0.0 1.0 0.0 0.0 0.0 0.0 0.0 0.0 0.0 0.645 0.000 0.000 0.000 3.0 0.556 0.872 0.000
0.0 0.0 0.0 0.0 0.0 1.0 0.0 0.0 0.0 0.0 0.323 0.000 0.000 0.000 2.0 0.622 0.359 0.000
0.0 1.0 0.0 0.0 0.0 0.0 0.0 0.0 0.0 0.0 0.290 0.000 0.000 0.000 1.0 0.356 0.179 0.000
0.0 0.0 0.0 1.0 0.0 0.0 0.0 0.0 0.0 0.0 0.774 0.000 0.000 0.000 3.0 0.156 0.910 0.000
0.0 0.0 0.0 0.0 1.0 0.0 0.0 0.0 1.0 0.0 0.677 0.000 0.000 0.000 2.0 0.267 0.872 0.000
0.0 1.0 0.0 0.0 0.0 0.0 0.0 0.0 0.0 0.0 0.742 0.000 0.000 0.000 2.0 0.133 0.897 0.000
0.0 0.0 0.0 1.0 0.0 0.0 0.0 0.0 1.0 0.0 0.710 0.000 0.000 0.000 2.0 0.111 0.885 0.000
0.0 1.0 0.0 0.0 0.0 0.0 0.0 0.0 0.0 0.0 0.677 0.000 0.000 0.000 2.0 0.244 0.885 0.000
0.0 1.0 0.0 0.0 0.0 0.0 0.0 0.0 0.0 0.0 0.742 0.000 0.000 0.000 2.0 0.156 0.897 0.000
0.0 0.0 0.0 1.0 0.0 0.0 0.0 0.0 0.0 0.0 0.710 0.000 0.000 0.000 2.0 0.133 0.885 0.000
0.0 1.0 0.0 0.0 0.0 0.0 0.0 0.0 1.0 0.0 0.677 0.000 0.000 0.000 3.0 0.244 0.885 0.000
1.0 0.0 0.0 0.0 0.0 0.0 0.0 0.0 0.0 0.0 0.677 0.000 0.000 0.000 2.0 0.244 0.885 0.000
0.0 0.0 0.0 1.0 0.0 0.0 0.0 0.0 0.0 0.0 0.645 0.000 0.000 0.000 3.0 0.822 0.872 0.000
0.0 0.0 1.0 0.0 0.0 0.0 0.0 0.0 0.0 0.0 0.613 0.000 0.000 0.000 3.0 0.867 0.641 0.000
0.0 1.0 0.0 0.0 0.0 0.0 0.0 0.0 0.0 0.0 0.419 0.258 0.258 0.258 1.0 0.689 0.282 0.500
0.0 0.0 0.0 0.0 0.0 1.0 0.0 0.0 0.0 0.0 0.355 0.000 0.000 0.000 2.0 0.822 0.359 0.000
0.0 1.0 0.0 0.0 0.0 0.0 0.0 0.0 0.0 0.0 0.323 0.000 0.000 0.000 1.0 0.444 0.231 0.000
0.0 0.0 0.0 0.0 0.0 1.0 0.0 0.0 0.0 0.0 0.452 0.290 0.290 0.290 2.0 1.000 0.474 0.500
0.0 0.0 0.0 1.0 0.0 0.0 0.0 0.0 0.0 0.0 0.742 0.000 0.000 0.000 2.0 0.133 0.885 0.000
0.0 0.0 0.0 1.0 0.0 0.0 0.0 0.0 0.0 0.0 0.677 0.000 0.000 0.000 2.0 0.222 0.872 0.000
0.0 1.0 0.0 0.0 0.0 0.0 0.0 0.0 0.0 0.0 0.710 0.000 0.000 0.000 2.0 0.133 0.885 0.000
0.0 0.0 0.0 0.0 0.0 1.0 0.0 0.0 0.0 0.0 0.677 0.000 0.000 0.000 2.0 0.222 0.872 0.000
0.0 0.0 0.0 0.0 0.0 1.0 0.0 0.0 0.0 0.0 0.645 0.000 0.000 0.000 2.0 0.467 0.872 0.000
0.0 0.0 0.0 1.0 0.0 0.0 0.0 0.0 0.0 0.0 0.613 0.129 0.129 0.129 3.0 0.600 0.641 0.500
0.0 0.0 1.0 0.0 0.0 0.0 0.0 0.0 0.0 0.0 0.581 0.161 0.161 0.161 3.0 0.556 0.487 0.500
0.0 1.0 0.0 0.0 0.0 0.0 0.0 0.0 0.0 0.0 0.548 0.129 0.194 0.161 1.0 0.489 0.423 1.000
0.0 1.0 0.0 0.0 0.0 0.0 0.0 0.0 0.0 0.0 0.516 0.161 0.226 0.194 2.0 0.444 0.423 1.000
0.0 0.0 0.0 0.0 0.0 0.0 0.0 1.0 0.0 0.0 0.484 0.194 0.258 0.226 2.0 0.289 0.410 1.000
0.0 0.0 1.0 0.0 0.0 0.0 0.0 0.0 1.0 0.0 0.097 0.581 0.645 0.613 2.0 0.200 0.038 1.000
0.0 0.0 0.0 1.0 0.0 0.0 0.0 0.0 0.0 0.0 0.452 0.226 0.290 0.258 2.0 0.311 0.385 1.000
0.0 0.0 0.0 0.0 0.0 0.0 1.0 0.0 0.0 0.0 0.419 0.258 0.323 0.290 2.0 0.200 0.372 1.000
0.0 0.0 0.0 0.0 0.0 0.0 1.0 0.0 0.0 0.0 0.387 0.290 0.355 0.323 2.0 0.222 0.333 1.000
0.0 1.0 0.0 0.0 0.0 0.0 0.0 0.0 0.0 0.0 0.161 0.516 0.581 0.548 1.0 0.289 0.077 1.000
0.0 0.0 0.0 0.0 0.0 0.0 1.0 0.0 0.0 0.0 0.355 0.323 0.387 0.355 2.0 0.289 0.256 1.000
0.0 0.0 0.0 1.0 0.0 0.0 0.0 0.0 0.0 0.0 0.323 0.355 0.419 0.387 2.0 0.267 0.231 1.000
0.0 0.0 0.0 1.0 0.0 0.0 0.0 0.0 0.0 0.0 0.258 0.419 0.484 0.452 2.0 0.289 0.218 1.000
0.0 1.0 0.0 0.0 0.0 0.0 0.0 0.0 0.0 0.0 0.290 0.387 0.452 0.419 2.0 0.178 0.231 1.000
0.0 0.0 0.0 0.0 1.0 0.0 0.0 0.0 0.0 0.0 0.258 0.419 0.484 0.452 2.0 0.244 0.218 1.000
0.0 0.0 0.0 0.0 0.0 0.0 0.0 1.0 0.0 0.0 0.226 0.452 0.516 0.484 2.0 0.356 0.179 1.000
0.0 0.0 0.0 1.0 0.0 0.0 0.0 0.0 0.0 0.0 0.194 0.484 0.548 0.516 2.0 0.378 0.103 1.000
0.0 0.0 0.0 1.0 0.0 0.0 0.0 0.0 0.0 0.0 0.161 0.516 0.581 0.548 2.0 0.289 0.103 1.000
0.0 0.0 0.0 1.0 0.0 0.0 0.0 0.0 0.0 0.0 0.129 0.548 0.613 0.581 2.0 0.178 0.064 1.000
0.0 1.0 0.0 0.0 0.0 0.0 0.0 0.0 0.0 0.0 0.097 0.581 0.645 0.613 2.0 0.133 0.051 1.000
0.0 1.0 0.0 0.0 0.0 0.0 0.0 0.0 0.0 0.0 0.065 0.613 0.677 0.645 2.0 0.178 0.038 1.000
0.0 1.0 0.0 0.0 0.0 0.0 0.0 0.0 0.0 0.0 0.065 0.613 0.677 0.645 2.0 0.200 0.038 1.000
0.0 1.0 0.0 0.0 0.0 0.0 0.0 0.0 0.0 0.0 0.161 0.516 0.581 0.548 3.0 0.311 0.077 1.000
0.0 1.0 0.0 0.0 0.0 0.0 0.0 0.0 0.0 0.0 0.129 0.548 0.613 0.581 1.0 0.156 0.038 1.000
0.0 0.0 0.0 0.0 0.0 0.0 1.0 0.0 1.0 0.0 0.097 0.581 0.645 0.613 2.0 0.178 0.038 1.000
0.0 1.0 0.0 0.0 0.0 0.0 0.0 0.0 0.0 0.0 0.065 0.613 0.677 0.645 2.0 0.156 0.026 1.000
0.0 0.0 0.0 1.0 0.0 0.0 0.0 0.0 0.0 0.0 0.194 0.484 0.548 0.516 2.0 0.267 0.077 1.000
0.0 1.0 0.0 0.0 0.0 0.0 0.0 0.0 0.0 0.0 0.161 0.516 0.581 0.548 2.0 0.178 0.064 1.000
0.0 0.0 1.0 0.0 0.0 0.0 0.0 0.0 0.0 0.0 0.129 0.548 0.613 0.581 2.0 0.200 0.051 1.000
0.0 1.0 0.0 0.0 0.0 0.0 0.0 0.0 0.0 0.0 0.161 0.516 0.581 0.548 2.0 0.178 0.064 1.000
0.0 0.0 0.0 0.0 0.0 1.0 0.0 0.0 0.0 0.0 0.129 0.548 0.613 0.581 2.0 0.200 0.051 1.000
0.0 0.0 0.0 0.0 0.0 0.0 0.0 1.0 1.0 0.0 0.097 0.581 0.645 0.613 2.0 0.178 0.038 1.000
0.0 1.0 0.0 0.0 0.0 0.0 0.0 0.0 0.0 0.0 0.065 0.613 0.677 0.645 2.0 0.156 0.026 1.000
0.0 0.0 0.0 0.0 0.0 0.0 1.0 0.0 0.0 0.0 0.097 0.581 0.645 0.613 2.0 0.378 0.038 1.000
0.0 1.0 0.0 0.0 0.0 0.0 0.0 0.0 0.0 0.0 0.097 0.581 0.645 0.613 2.0 0.156 0.038 1.000
0.0 0.0 0.0 1.0 0.0 0.0 0.0 0.0 1.0 0.0 0.065 0.613 0.677 0.645 2.0 0.356 0.026 1.000
0.0 0.0 0.0 1.0 0.0 0.0 0.0 0.0 1.0 0.0 0.097 0.581 0.645 0.613 2.0 0.422 0.038 1.000
0.0 0.0 0.0 1.0 0.0 0.0 0.0 0.0 0.0 0.0 0.065 0.613 0.677 0.645 2.0 0.356 0.026 1.000
0.0 0.0 0.0 1.0 0.0 0.0 0.0 0.0 0.0 0.0 0.161 0.581 0.581 0.581 2.0 0.311 0.090 0.500
0.0 0.0 0.0 1.0 0.0 0.0 0.0 0.0 1.0 0.0 0.065 0.677 0.677 0.677 4.0 0.156 0.064 0.500
0.0 1.0 0.0 0.0 0.0 0.0 0.0 0.0 1.0 0.0 0.032 0.710 0.710 0.710 1.0 0.089 0.013 0.500
0.0 0.0 0.0 1.0 0.0 0.0 0.0 0.0 1.0 0.0 0.129 0.548 0.613 0.581 3.0 0.422 0.064 1.000
0.0 0.0 0.0 1.0 0.0 0.0 0.0 0.0 1.0 0.0 0.032 0.645 0.710 0.677 2.0 0.244 0.026 1.000
0.0 1.0 0.0 0.0 0.0 0.0 0.0 0.0 0.0 0.0 0.097 0.581 0.645 0.613 1.0 0.244 0.026 1.000
0.0 1.0 0.0 0.0 0.0 0.0 0.0 0.0 0.0 0.0 0.065 0.613 0.677 0.645 2.0 0.422 0.026 1.000
0.0 0.0 0.0 1.0 0.0 0.0 0.0 0.0 0.0 0.0 0.387 0.290 0.355 0.323 2.0 0.622 0.282 1.000
0.0 0.0 0.0 1.0 0.0 0.0 0.0 0.0 1.0 0.0 0.323 0.355 0.419 0.387 2.0 0.267 0.269 1.000
0.0 1.0 0.0 0.0 0.0 0.0 0.0 0.0 0.0 0.0 0.355 0.323 0.387 0.355 2.0 0.200 0.282 1.000
0.0 0.0 0.0 0.0 0.0 1.0 0.0 0.0 1.0 0.0 0.323 0.355 0.419 0.387 2.0 0.178 0.269 1.000
0.0 0.0 0.0 1.0 0.0 0.0 0.0 0.0 0.0 0.0 0.290 0.387 0.452 0.419 2.0 0.356 0.256 1.000
0.0 0.0 0.0 0.0 0.0 0.0 0.0 1.0 0.0 0.0 0.258 0.419 0.484 0.452 2.0 0.267 0.244 1.000
0.0 1.0 0.0 0.0 0.0 0.0 0.0 0.0 0.0 0.0 0.129 0.548 0.613 0.581 2.0 0.133 0.064 1.000
0.0 1.0 0.0 0.0 0.0 0.0 0.0 0.0 0.0 0.0 0.097 0.581 0.645 0.613 2.0 0.156 0.051 1.000
0.0 0.0 0.0 0.0 0.0 0.0 1.0 0.0 1.0 0.0 0.065 0.613 0.677 0.645 2.0 0.244 0.038 1.000
0.0 0.0 0.0 0.0 0.0 0.0 0.0 1.0 0.0 0.0 0.226 0.452 0.516 0.484 2.0 0.311 0.179 1.000
0.0 0.0 0.0 0.0 0.0 0.0 1.0 0.0 1.0 0.0 0.065 0.613 0.677 0.645 2.0 0.133 0.038 1.000
0.0 0.0 0.0 0.0 0.0 0.0 1.0 0.0 1.0 0.0 0.032 0.645 0.710 0.677 2.0 0.067 0.026 1.000
0.0 0.0 0.0 0.0 0.0 0.0 1.0 0.0 0.0 0.0 0.194 0.484 0.548 0.516 2.0 0.267 0.141 1.000
0.0 0.0 0.0 0.0 0.0 0.0 1.0 0.0 0.0 0.0 0.129 0.548 0.613 0.581 2.0 0.178 0.051 1.000
0.0 1.0 0.0 0.0 0.0 0.0 0.0 0.0 0.0 0.0 0.097 0.581 0.645 0.613 1.0 0.178 0.026 1.000
0.0 0.0 1.0 0.0 0.0 0.0 0.0 0.0 1.0 0.0 0.065 0.613 0.677 0.645 2.0 0.289 0.026 1.000
0.0 0.0 0.0 0.0 0.0 0.0 0.0 1.0 0.0 0.0 0.161 0.516 0.581 0.548 2.0 0.333 0.090 1.000
0.0 0.0 0.0 1.0 0.0 0.0 0.0 0.0 1.0 0.0 0.097 0.581 0.645 0.613 2.0 0.556 0.038 1.000
0.0 0.0 0.0 1.0 0.0 0.0 0.0 0.0 0.0 0.0 0.452 0.000 0.000 0.000 3.0 0.667 0.628 0.000
0.0 0.0 0.0 0.0 0.0 1.0 0.0 0.0 0.0 0.0 0.323 0.355 0.419 0.387 2.0 0.822 0.359 1.000
0.0 0.0 0.0 0.0 0.0 0.0 1.0 0.0 0.0 0.0 0.290 0.387 0.452 0.419 2.0 0.711 0.231 1.000
0.0 1.0 0.0 0.0 0.0 0.0 0.0 0.0 1.0 0.0 0.032 0.645 0.710 0.677 2.0 0.178 0.026 1.000
0.0 0.0 0.0 1.0 0.0 0.0 0.0 0.0 0.0 0.0 0.258 0.419 0.484 0.452 2.0 0.400 0.205 1.000
0.0 0.0 0.0 0.0 0.0 0.0 0.0 1.0 0.0 0.0 0.226 0.452 0.516 0.484 2.0 0.289 0.192 1.000
0.0 0.0 0.0 0.0 0.0 0.0 1.0 0.0 0.0 0.0 0.161 0.516 0.581 0.548 2.0 0.222 0.115 1.000
0.0 0.0 0.0 0.0 0.0 0.0 0.0 1.0 1.0 0.0 0.065 0.613 0.677 0.645 2.0 0.267 0.038 1.000
0.0 1.0 0.0 0.0 0.0 0.0 0.0 0.0 0.0 0.0 0.129 0.548 0.613 0.581 2.0 0.133 0.077 1.000
0.0 0.0 0.0 0.0 0.0 0.0 1.0 0.0 1.0 0.0 0.097 0.581 0.645 0.613 2.0 0.133 0.064 1.000
0.0 1.0 0.0 0.0 0.0 0.0 0.0 0.0 1.0 0.0 0.065 0.613 0.677 0.645 4.0 0.311 0.051 1.000
0.0 0.0 0.0 0.0 0.0 0.0 1.0 0.0 0.0 0.0 0.194 0.484 0.548 0.516 2.0 0.200 0.077 1.000
0.0 0.0 0.0 0.0 0.0 1.0 0.0 0.0 0.0 0.0 0.161 0.516 0.581 0.548 2.0 0.178 0.051 1.000
0.0 1.0 0.0 0.0 0.0 0.0 0.0 0.0 0.0 0.0 0.129 0.548 0.613 0.581 2.0 0.133 0.051 1.000
0.0 0.0 0.0 0.0 0.0 1.0 0.0 0.0 1.0 0.0 0.097 0.581 0.645 0.613 2.0 0.156 0.038 1.000
0.0 0.0 1.0 0.0 0.0 0.0 0.0 0.0 1.0 0.0 0.097 0.581 0.645 0.613 2.0 0.178 0.038 1.000
0.0 0.0 0.0 0.0 0.0 0.0 1.0 0.0 0.0 0.0 0.065 0.613 0.677 0.645 2.0 0.267 0.026 1.000
0.0 1.0 0.0 0.0 0.0 0.0 0.0 0.0 1.0 0.0 0.032 0.645 0.710 0.677 1.0 0.267 0.013 1.000
0.0 0.0 0.0 0.0 0.0 0.0 0.0 1.0 1.0 0.0 0.032 0.645 0.710 0.677 2.0 0.089 0.026 1.000
0.0 0.0 0.0 0.0 0.0 0.0 1.0 0.0 1.0 0.0 0.258 0.419 0.484 0.452 2.0 0.644 0.179 1.000
0.0 0.0 0.0 0.0 0.0 1.0 0.0 0.0 1.0 0.0 0.226 0.452 0.516 0.484 2.0 0.333 0.167 1.000
0.0 0.0 0.0 0.0 0.0 0.0 1.0 0.0 0.0 0.0 0.194 0.484 0.548 0.516 2.0 0.311 0.154 1.000
0.0 0.0 0.0 0.0 0.0 1.0 0.0 0.0 0.0 0.0 0.097 0.581 0.645 0.613 2.0 0.244 0.038 1.000
0.0 1.0 0.0 0.0 0.0 0.0 0.0 0.0 1.0 0.0 0.032 0.645 0.710 0.677 1.0 0.178 0.013 1.000
0.0 1.0 0.0 0.0 0.0 0.0 0.0 0.0 0.0 0.0 0.161 0.516 0.581 0.548 2.0 0.200 0.115 1.000
0.0 0.0 0.0 0.0 0.0 0.0 1.0 0.0 0.0 0.0 0.129 0.548 0.613 0.581 2.0 0.200 0.103 1.000
0.0 0.0 0.0 0.0 0.0 0.0 1.0 0.0 0.0 0.0 0.097 0.581 0.645 0.613 2.0 0.178 0.064 1.000
0.0 1.0 0.0 0.0 0.0 0.0 0.0 0.0 0.0 0.0 0.065 0.613 0.677 0.645 2.0 0.111 0.038 1.000
0.0 0.0 0.0 0.0 0.0 0.0 1.0 0.0 1.0 0.0 0.032 0.645 0.710 0.677 2.0 0.067 0.026 1.000
0.0 0.0 0.0 0.0 0.0 0.0 1.0 0.0 0.0 0.0 0.065 0.613 0.677 0.645 2.0 0.178 0.038 1.000
0.0 0.0 0.0 0.0 0.0 0.0 1.0 0.0 1.0 0.0 0.032 0.645 0.710 0.677 2.0 0.089 0.026 1.000
0.0 1.0 0.0 0.0 0.0 0.0 0.0 0.0 1.0 0.0 0.032 0.645 0.710 0.677 1.0 0.178 0.013 1.000
0.0 0.0 0.0 0.0 0.0 0.0 0.0 1.0 0.0 0.0 0.355 0.323 0.387 0.355 2.0 0.978 0.218 1.000
0.0 0.0 0.0 1.0 0.0 0.0 0.0 0.0 1.0 0.0 0.097 0.581 0.645 0.613 2.0 0.400 0.038 1.000
0.0 0.0 0.0 1.0 0.0 0.0 0.0 0.0 1.0 0.0 0.065 0.613 0.677 0.645 2.0 0.356 0.026 1.000
0.0 0.0 0.0 0.0 0.0 1.0 0.0 0.0 1.0 0.0 0.323 0.355 0.419 0.387 2.0 0.444 0.205 1.000
0.0 0.0 0.0 0.0 0.0 0.0 1.0 0.0 0.0 0.0 0.290 0.387 0.452 0.419 2.0 0.356 0.192 1.000
0.0 0.0 0.0 0.0 0.0 0.0 1.0 0.0 0.0 0.0 0.258 0.419 0.484 0.452 2.0 0.289 0.154 1.000
0.0 0.0 0.0 0.0 0.0 0.0 0.0 1.0 0.0 0.0 0.226 0.452 0.516 0.484 2.0 0.200 0.128 1.000
0.0 1.0 0.0 0.0 0.0 0.0 0.0 0.0 0.0 0.0 0.097 0.581 0.645 0.613 3.0 0.178 0.051 1.000
0.0 1.0 0.0 0.0 0.0 0.0 0.0 0.0 1.0 0.0 0.032 0.645 0.710 0.677 1.0 0.089 0.013 1.000
0.0 0.0 0.0 1.0 0.0 0.0 0.0 0.0 1.0 0.0 0.065 0.613 0.677 0.645 2.0 0.356 0.026 1.000
0.0 1.0 0.0 0.0 0.0 0.0 0.0 0.0 0.0 0.0 0.194 0.484 0.548 0.516 2.0 0.133 0.077 1.000
0.0 0.0 0.0 0.0 0.0 0.0 0.0 1.0 1.0 0.0 0.161 0.516 0.581 0.548 2.0 0.133 0.064 1.000
0.0 0.0 0.0 1.0 0.0 0.0 0.0 0.0 0.0 0.0 0.129 0.548 0.613 0.581 2.0 0.156 0.051 1.000
0.0 0.0 0.0 1.0 0.0 0.0 0.0 0.0 1.0 0.0 0.065 0.613 0.677 0.645 2.0 0.200 0.038 1.000
0.0 1.0 0.0 0.0 0.0 0.0 0.0 0.0 0.0 0.0 0.097 0.581 0.645 0.613 2.0 0.133 0.051 1.000
0.0 0.0 0.0 0.0 1.0 0.0 0.0 0.0 1.0 0.0 0.065 0.613 0.677 0.645 2.0 0.178 0.038 1.000
0.0 1.0 0.0 0.0 0.0 0.0 0.0 0.0 1.0 0.0 0.032 0.645 0.710 0.677 2.0 0.333 0.026 1.000
0.0 1.0 0.0 0.0 0.0 0.0 0.0 0.0 0.0 0.0 0.065 0.613 0.677 0.645 2.0 0.311 0.026 1.000
0.0 1.0 0.0 0.0 0.0 0.0 0.0 0.0 1.0 0.0 0.032 0.645 0.710 0.677 1.0 0.222 0.013 1.000
0.0 0.0 0.0 0.0 0.0 0.0 1.0 0.0 0.0 0.0 0.065 0.613 0.677 0.645 2.0 0.222 0.038 1.000
0.0 0.0 0.0 0.0 0.0 0.0 1.0 0.0 1.0 0.0 0.032 0.645 0.710 0.677 2.0 0.089 0.026 1.000
0.0 1.0 0.0 0.0 0.0 0.0 0.0 0.0 1.0 0.0 0.032 0.645 0.710 0.677 1.0 0.178 0.013 1.000
0.0 0.0 0.0 0.0 0.0 0.0 1.0 0.0 1.0 0.0 0.419 0.258 0.323 0.290 2.0 0.689 0.333 1.000
0.0 0.0 0.0 1.0 0.0 0.0 0.0 0.0 0.0 0.0 0.387 0.290 0.355 0.323 2.0 0.378 0.321 1.000
0.0 1.0 0.0 0.0 0.0 0.0 0.0 0.0 1.0 0.0 0.032 0.645 0.710 0.677 1.0 0.489 0.013 1.000
0.0 0.0 0.0 0.0 0.0 0.0 1.0 0.0 0.0 0.0 0.355 0.323 0.387 0.355 2.0 0.267 0.308 1.000
0.0 1.0 0.0 0.0 0.0 0.0 0.0 0.0 1.0 0.0 0.032 0.645 0.710 0.677 2.0 0.333 0.026 1.000
0.0 0.0 0.0 0.0 0.0 0.0 0.0 1.0 0.0 0.0 0.323 0.355 0.419 0.387 2.0 0.244 0.282 1.000
0.0 0.0 0.0 1.0 0.0 0.0 0.0 0.0 1.0 0.0 0.065 0.613 0.677 0.645 3.0 0.400 0.038 1.000
0.0 1.0 0.0 0.0 0.0 0.0 0.0 0.0 1.0 0.0 0.032 0.645 0.710 0.677 1.0 0.711 0.013 1.000
0.0 1.0 0.0 0.0 0.0 0.0 0.0 0.0 1.0 0.0 0.032 0.645 0.710 0.677 1.0 0.244 0.013 1.000
0.0 0.0 0.0 1.0 0.0 0.0 0.0 0.0 0.0 0.0 0.290 0.387 0.452 0.419 2.0 0.200 0.244 1.000
0.0 0.0 0.0 1.0 0.0 0.0 0.0 0.0 0.0 0.0 0.226 0.452 0.516 0.484 2.0 0.289 0.231 1.000
0.0 1.0 0.0 0.0 0.0 0.0 0.0 0.0 0.0 0.0 0.258 0.419 0.484 0.452 2.0 0.156 0.244 1.000
0.0 0.0 0.0 0.0 1.0 0.0 0.0 0.0 0.0 0.0 0.226 0.452 0.516 0.484 2.0 0.267 0.231 1.000
0.0 0.0 0.0 0.0 0.0 0.0 0.0 1.0 0.0 0.0 0.194 0.484 0.548 0.516 2.0 0.311 0.154 1.000
0.0 0.0 0.0 0.0 0.0 0.0 0.0 1.0 0.0 0.0 0.129 0.548 0.613 0.581 2.0 0.400 0.077 1.000
0.0 1.0 0.0 0.0 0.0 0.0 0.0 0.0 0.0 0.0 0.097 0.581 0.645 0.613 2.0 0.200 0.051 1.000
0.0 1.0 0.0 0.0 0.0 0.0 0.0 0.0 0.0 0.0 0.065 0.613 0.677 0.645 2.0 0.089 0.038 1.000
0.0 1.0 0.0 0.0 0.0 0.0 0.0 0.0 1.0 0.0 0.032 0.645 0.710 0.677 2.0 0.067 0.026 1.000
0.0 0.0 0.0 0.0 0.0 0.0 1.0 0.0 1.0 0.0 0.032 0.645 0.710 0.677 2.0 0.244 0.026 1.000
0.0 1.0 0.0 0.0 0.0 0.0 0.0 0.0 0.0 0.0 0.161 0.516 0.581 0.548 2.0 0.178 0.077 1.000
0.0 1.0 0.0 0.0 0.0 0.0 0.0 0.0 0.0 0.0 0.129 0.548 0.613 0.581 2.0 0.244 0.064 1.000
0.0 0.0 0.0 0.0 0.0 0.0 0.0 1.0 0.0 0.0 0.097 0.581 0.645 0.613 2.0 0.222 0.051 1.000
0.0 1.0 0.0 0.0 0.0 0.0 0.0 0.0 0.0 0.0 0.065 0.613 0.677 0.645 1.0 0.156 0.026 1.000
0.0 1.0 0.0 0.0 0.0 0.0 0.0 0.0 1.0 0.0 0.032 0.645 0.710 0.677 2.0 0.133 0.026 1.000
0.0 0.0 0.0 0.0 0.0 0.0 0.0 1.0 1.0 0.0 0.032 0.645 0.710 0.677 2.0 0.111 0.026 1.000
0.0 0.0 0.0 1.0 0.0 0.0 0.0 0.0 0.0 0.0 0.161 0.516 0.581 0.548 3.0 0.333 0.077 1.000
0.0 0.0 0.0 0.0 1.0 0.0 0.0 0.0 1.0 0.0 0.065 0.613 0.677 0.645 2.0 0.222 0.038 1.000
0.0 1.0 0.0 0.0 0.0 0.0 0.0 0.0 0.0 0.0 0.129 0.548 0.613 0.581 2.0 0.222 0.064 1.000
0.0 0.0 0.0 1.0 0.0 0.0 0.0 0.0 0.0 0.0 0.097 0.581 0.645 0.613 2.0 0.178 0.051 1.000
0.0 1.0 0.0 0.0 0.0 0.0 0.0 0.0 0.0 0.0 0.065 0.613 0.677 0.645 2.0 0.178 0.026 1.000
0.0 1.0 0.0 0.0 0.0 0.0 0.0 0.0 1.0 0.0 0.032 0.645 0.710 0.677 1.0 0.267 0.013 1.000
0.0 1.0 0.0 0.0 0.0 0.0 0.0 0.0 0.0 0.0 0.129 0.548 0.613 0.581 2.0 0.222 0.064 1.000
0.0 0.0 0.0 1.0 0.0 0.0 0.0 0.0 0.0 0.0 0.097 0.581 0.645 0.613 2.0 0.133 0.051 1.000
1.0 0.0 0.0 0.0 0.0 0.0 0.0 0.0 1.0 0.0 0.032 0.645 0.710 0.677 2.0 0.089 0.026 1.000
0.0 1.0 0.0 0.0 0.0 0.0 0.0 0.0 1.0 0.0 0.065 0.613 0.677 0.645 3.0 0.156 0.051 1.000
0.0 0.0 0.0 0.0 0.0 0.0 1.0 0.0 1.0 0.0 0.032 0.645 0.710 0.677 2.0 0.178 0.026 1.000
