0.0 0.0 0.0 1.0 0.0 0.0 0.0 0.0 1.0 0.0 0.007 0.333 0.889 3.0 0.278 0.011 0.484
0.0 0.0 1.0 0.0 0.0 0.0 0.0 0.0 0.0 0.0 0.370 0.222 0.593 2.0 0.556 0.421 0.484
0.0 0.0 0.0 0.0 1.0 0.0 0.0 0.0 0.0 0.0 0.407 0.185 0.556 2.0 0.444 0.368 0.484
0.0 1.0 0.0 0.0 0.0 0.0 0.0 0.0 0.0 0.0 0.444 0.148 0.519 2.0 0.389 0.316 0.484
0.0 0.0 0.0 0.0 0.0 1.0 0.0 0.0 0.0 0.0 0.481 0.111 0.481 2.0 0.333 0.263 0.484
0.0 0.0 0.0 0.0 0.0 0.0 1.0 0.0 0.0 0.0 0.519 0.074 0.444 2.0 0.278 0.211 0.484
0.0 0.0 0.0 0.0 0.0 0.0 0.0 1.0 0.0 0.0 0.556 0.037 0.407 2.0 0.222 0.158 0.484
1.0 0.0 0.0 0.0 0.0 0.0 0.0 0.0 0.0 0.0 0.593 0.000 0.370 2.0 0.167 0.105 0.484
0.0 0.0 1.0 0.0 0.0 0.0 0.0 0.0 0.0 0.0 0.630 0.000 0.333 2.0 0.111 0.053 0.484
0.0 0.0 0.0 1.0 0.0 0.0 0.0 0.0 0.0 0.0 0.667 0.000 0.296 2.0 0.056 0.011 0.484
0.0 0.0 0.0 0.0 1.0 0.0 0.0 0.0 0.0 1.0 0.704 0.000 0.259 2.0 0.000 0.000 0.484
