0.0 0.0 0.0 1.0 0.0 0.0 0.0 0.0 0.0 0.0 0.103 0.487 0.897 0.611 4.0 1.000 0.192 0.724
0.0 0.0 0.0 1.0 0.0 0.0 0.0 0.0 0.0 0.0 0.179 0.821 0.821 0.821 2.0 0.191 0.346 0.034
0.0 0.0 0.0 1.0 0.0 0.0 0.0 0.0 0.0 0.0 0.179 0.744 0.821 0.782 2.0 0.191 0.346 0.069
0.0 1.0 0.0 0.0 0.0 0.0 0.0 0.0 0.0 0.0 0.205 0.667 0.795 0.726 1.0 0.147 0.346 0.103
0.0 0.0 0.0 1.0 0.0 0.0 0.0 0.0 0.0 0.0 0.179 0.692 0.821 0.752 2.0 0.147 0.346 0.103
0.0 0.0 0.0 1.0 0.0 0.0 0.0 0.0 0.0 0.0 0.231 0.564 0.769 0.632 4.0 0.279 0.462 0.207
0.0 0.0 0.0 1.0 0.0 0.0 0.0 0.0 0.0 0.0 0.231 0.487 0.769 0.587 4.0 0.250 0.462 0.310
0.0 0.0 1.0 0.0 0.0 0.0 0.0 0.0 0.0 0.0 0.128 0.590 0.872 0.689 2.0 0.279 0.154 0.310
0.0 0.0 0.0 1.0 0.0 0.0 0.0 0.0 0.0 0.0 0.231 0.436 0.769 0.549 4.0 0.294 0.462 0.414
0.0 0.0 0.0 1.0 0.0 0.0 0.0 0.0 0.0 0.0 0.231 0.385 0.769 0.520 4.0 0.265 0.462 0.517
0.0 0.0 0.0 1.0 0.0 0.0 0.0 0.0 0.0 0.0 0.231 0.359 0.769 0.499 4.0 0.368 0.462 0.621
0.0 0.0 0.0 1.0 0.0 0.0 0.0 0.0 0.0 0.0 0.231 0.359 0.769 0.482 4.0 0.279 0.462 0.724
0.0 0.0 1.0 0.0 0.0 0.0 0.0 0.0 1.0 0.0 0.154 0.846 0.846 0.846 2.0 0.309 0.269 0.034
0.0 0.0 1.0 0.0 0.0 0.0 0.0 0.0 1.0 0.0 0.154 0.769 0.846 0.808 2.0 0.309 0.269 0.069
0.0 0.0 1.0 0.0 0.0 0.0 0.0 0.0 1.0 0.0 0.154 0.718 0.846 0.778 2.0 0.294 0.269 0.103
0.0 0.0 0.0 1.0 0.0 0.0 0.0 0.0 0.0 0.0 0.179 0.615 0.821 0.684 2.0 0.191 0.308 0.207
0.0 0.0 0.0 1.0 0.0 0.0 0.0 0.0 0.0 0.0 0.205 0.513 0.795 0.613 3.0 0.221 0.346 0.310
0.0 1.0 0.0 0.0 0.0 0.0 0.0 0.0 0.0 0.0 0.205 0.462 0.795 0.575 1.0 0.176 0.308 0.414
0.0 0.0 1.0 0.0 0.0 0.0 0.0 0.0 0.0 0.0 0.179 0.487 0.821 0.600 3.0 0.206 0.308 0.414
0.0 0.0 0.0 1.0 0.0 0.0 0.0 0.0 0.0 0.0 0.179 0.436 0.821 0.571 4.0 0.309 0.269 0.517
0.0 0.0 0.0 1.0 0.0 0.0 0.0 0.0 0.0 0.0 0.179 0.410 0.821 0.550 3.0 0.309 0.308 0.621
0.0 0.0 0.0 1.0 0.0 0.0 0.0 0.0 0.0 0.0 0.205 0.385 0.795 0.508 4.0 0.338 0.423 0.724
0.0 1.0 0.0 0.0 0.0 0.0 0.0 0.0 0.0 0.0 0.128 0.436 0.872 0.575 1.0 0.147 0.115 0.793
0.0 0.0 1.0 0.0 0.0 0.0 0.0 0.0 0.0 0.0 0.103 0.462 0.897 0.601 2.0 0.191 0.115 0.793
0.0 1.0 0.0 0.0 0.0 0.0 0.0 0.0 0.0 0.0 0.051 0.513 0.949 0.652 1.0 0.162 0.077 0.793
0.0 0.0 0.0 1.0 0.0 0.0 0.0 0.0 1.0 0.0 0.026 0.538 0.974 0.678 2.0 0.074 0.077 0.793
0.0 1.0 0.0 0.0 0.0 0.0 0.0 0.0 0.0 0.0 0.051 0.513 0.949 0.652 1.0 0.103 0.077 0.793
0.0 0.0 0.0 1.0 0.0 0.0 0.0 0.0 1.0 0.0 0.026 0.538 0.974 0.678 2.0 0.059 0.077 0.793
0.0 0.0 1.0 0.0 0.0 0.0 0.0 0.0 1.0 0.0 0.026 0.538 0.974 0.678 2.0 0.059 0.077 0.793
0.0 0.0 0.0 1.0 0.0 0.0 0.0 0.0 0.0 0.0 0.205 0.359 0.795 0.498 3.0 0.309 0.423 0.793
0.0 1.0 0.0 0.0 0.0 0.0 0.0 0.0 0.0 0.0 0.231 0.333 0.769 0.473 1.0 0.118 0.423 0.793
0.0 0.0 0.0 1.0 0.0 0.0 0.0 0.0 0.0 0.0 0.205 0.359 0.795 0.498 3.0 0.191 0.423 0.793
0.0 0.0 0.0 1.0 0.0 0.0 0.0 0.0 0.0 0.0 0.205 0.359 0.795 0.498 3.0 0.221 0.423 0.793
0.0 0.0 0.0 1.0 0.0 0.0 0.0 0.0 0.0 0.0 0.205 0.359 0.795 0.498 3.0 0.235 0.423 0.793
0.0 0.0 0.0 1.0 0.0 0.0 0.0 0.0 0.0 0.0 0.205 0.359 0.795 0.498 3.0 0.221 0.423 0.793
0.0 1.0 0.0 0.0 0.0 0.0 0.0 0.0 0.0 0.0 0.231 0.333 0.769 0.473 1.0 0.103 0.423 0.793
0.0 0.0 1.0 0.0 0.0 0.0 0.0 0.0 0.0 0.0 0.205 0.359 0.795 0.498 3.0 0.221 0.423 0.793
0.0 0.0 1.0 0.0 0.0 0.0 0.0 0.0 1.0 0.0 0.103 0.462 0.897 0.601 2.0 0.294 0.154 0.793
0.0 0.0 1.0 0.0 0.0 0.0 0.0 0.0 1.0 0.0 0.103 0.462 0.897 0.601 2.0 0.235 0.154 0.793
0.0 1.0 0.0 0.0 0.0 0.0 0.0 0.0 0.0 0.0 0.128 0.436 0.872 0.575 1.0 0.118 0.154 0.793
0.0 0.0 1.0 0.0 0.0 0.0 0.0 0.0 1.0 0.0 0.103 0.462 0.897 0.601 2.0 0.235 0.154 0.793
0.0 0.0 0.0 1.0 0.0 0.0 0.0 0.0 0.0 0.0 0.179 0.385 0.821 0.524 2.0 0.118 0.385 0.793
0.0 0.0 0.0 1.0 0.0 0.0 0.0 0.0 0.0 0.0 0.205 0.359 0.795 0.498 3.0 0.221 0.385 0.793
0.0 0.0 0.0 1.0 0.0 0.0 0.0 0.0 0.0 0.0 0.205 0.359 0.795 0.498 3.0 0.191 0.385 0.793
0.0 1.0 0.0 0.0 0.0 0.0 0.0 0.0 0.0 0.0 0.205 0.359 0.795 0.498 1.0 0.132 0.385 0.793
0.0 0.0 0.0 1.0 0.0 0.0 0.0 0.0 0.0 0.0 0.179 0.385 0.821 0.524 2.0 0.118 0.385 0.793
0.0 0.0 0.0 1.0 0.0 0.0 0.0 0.0 0.0 0.0 0.179 0.385 0.821 0.524 2.0 0.118 0.385 0.793
0.0 0.0 0.0 1.0 0.0 0.0 0.0 0.0 0.0 0.0 0.205 0.359 0.795 0.498 3.0 0.206 0.385 0.793
0.0 0.0 0.0 1.0 0.0 0.0 0.0 0.0 0.0 1.0 0.179 0.000 0.000 0.000 2.0 0.103 0.346 0.034
0.0 0.0 0.0 1.0 0.0 0.0 0.0 0.0 0.0 1.0 0.154 0.000 0.000 0.000 3.0 0.132 0.115 0.034
0.0 0.0 0.0 1.0 0.0 0.0 0.0 0.0 0.0 1.0 0.641 0.000 0.000 0.000 4.0 0.206 1.000 0.034
0.0 0.0 0.0 1.0 0.0 0.0 0.0 0.0 0.0 1.0 0.564 0.000 0.000 0.000 4.0 0.191 1.000 0.034
0.0 0.0 0.0 1.0 0.0 0.0 0.0 0.0 0.0 1.0 0.795 0.000 0.000 0.000 2.0 0.088 0.962 0.034
0.0 0.0 0.0 1.0 0.0 0.0 0.0 0.0 0.0 1.0 0.744 0.000 0.000 0.000 2.0 0.074 0.962 0.034
0.0 0.0 0.0 1.0 0.0 0.0 0.0 0.0 0.0 1.0 0.667 0.000 0.000 0.000 2.0 0.088 0.962 0.034
0.0 1.0 0.0 0.0 0.0 0.0 0.0 0.0 0.0 1.0 0.615 0.000 0.000 0.000 1.0 0.059 0.962 0.034
0.0 0.0 1.0 0.0 0.0 0.0 0.0 0.0 0.0 0.0 0.590 0.026 0.026 0.026 2.0 0.103 0.962 0.034
0.0 0.0 0.0 1.0 0.0 0.0 0.0 0.0 0.0 1.0 0.590 0.000 0.000 0.000 2.0 0.074 0.962 0.034
0.0 1.0 0.0 0.0 0.0 0.0 0.0 0.0 0.0 1.0 0.590 0.000 0.000 0.000 1.0 0.059 0.962 0.034
0.0 0.0 1.0 0.0 0.0 0.0 0.0 0.0 0.0 0.0 0.564 0.026 0.026 0.026 2.0 0.103 0.962 0.034
0.0 1.0 0.0 0.0 0.0 0.0 0.0 0.0 0.0 1.0 1.000 0.000 0.000 0.000 1.0 0.059 0.962 0.034
0.0 0.0 1.0 0.0 0.0 0.0 0.0 0.0 0.0 0.0 0.974 0.026 0.026 0.026 2.0 0.103 0.962 0.034
0.0 0.0 0.0 1.0 0.0 0.0 0.0 0.0 0.0 1.0 0.923 0.000 0.000 0.000 2.0 0.074 0.962 0.034
0.0 1.0 0.0 0.0 0.0 0.0 0.0 0.0 0.0 1.0 0.872 0.000 0.000 0.000 1.0 0.074 0.962 0.034
0.0 0.0 0.0 1.0 0.0 0.0 0.0 0.0 0.0 0.0 0.846 0.026 0.026 0.026 3.0 0.118 0.962 0.034
0.0 0.0 0.0 1.0 0.0 0.0 0.0 0.0 0.0 1.0 0.795 0.000 0.000 0.000 4.0 0.162 0.962 0.034
0.0 0.0 1.0 0.0 0.0 0.0 0.0 0.0 0.0 0.0 0.641 0.154 0.154 0.154 2.0 0.132 0.962 0.034
0.0 0.0 0.0 1.0 0.0 0.0 0.0 0.0 0.0 1.0 0.718 0.000 0.000 0.000 4.0 0.147 0.962 0.034
0.0 1.0 0.0 0.0 0.0 0.0 0.0 0.0 0.0 0.0 0.667 0.051 0.051 0.051 1.0 0.118 0.962 0.034
0.0 0.0 1.0 0.0 0.0 0.0 0.0 0.0 0.0 0.0 0.641 0.077 0.077 0.077 2.0 0.103 0.962 0.034
0.0 0.0 0.0 1.0 0.0 0.0 0.0 0.0 0.0 1.0 0.667 0.000 0.000 0.000 4.0 0.162 0.962 0.034
0.0 0.0 1.0 0.0 0.0 0.0 0.0 0.0 0.0 0.0 0.641 0.026 0.026 0.026 2.0 0.132 0.962 0.034
0.0 0.0 0.0 1.0 0.0 0.0 0.0 0.0 0.0 1.0 0.667 0.000 0.000 0.000 4.0 0.162 0.962 0.034
0.0 0.0 1.0 0.0 0.0 0.0 0.0 0.0 0.0 0.0 0.641 0.026 0.026 0.026 2.0 0.132 0.962 0.034
0.0 0.0 0.0 1.0 0.0 0.0 0.0 0.0 0.0 1.0 0.667 0.000 0.000 0.000 4.0 0.162 0.962 0.034
0.0 0.0 1.0 0.0 0.0 0.0 0.0 0.0 0.0 0.0 0.641 0.026 0.026 0.026 2.0 0.132 0.962 0.034
0.0 0.0 0.0 1.0 0.0 0.0 0.0 0.0 0.0 1.0 0.641 0.000 0.000 0.000 4.0 0.147 0.962 0.034
0.0 0.0 0.0 1.0 0.0 0.0 0.0 0.0 0.0 1.0 0.795 0.000 0.000 0.000 3.0 0.118 1.000 0.034
0.0 0.0 0.0 1.0 0.0 0.0 0.0 0.0 0.0 1.0 0.718 0.000 0.000 0.000 3.0 0.118 1.000 0.034
0.0 0.0 0.0 1.0 0.0 0.0 0.0 0.0 0.0 1.0 0.667 0.000 0.000 0.000 3.0 0.118 1.000 0.034
0.0 0.0 0.0 1.0 0.0 0.0 0.0 0.0 0.0 1.0 0.615 0.000 0.000 0.000 3.0 0.118 1.000 0.034
0.0 0.0 0.0 1.0 0.0 0.0 0.0 0.0 0.0 1.0 0.615 0.000 0.000 0.000 3.0 0.118 1.000 0.034
0.0 0.0 0.0 1.0 0.0 0.0 0.0 0.0 0.0 1.0 0.615 0.000 0.000 0.000 3.0 0.118 1.000 0.034
0.0 0.0 1.0 0.0 0.0 0.0 0.0 0.0 0.0 0.0 0.103 0.077 0.897 0.579 3.0 0.412 0.231 0.828
0.0 1.0 0.0 0.0 0.0 0.0 0.0 0.0 1.0 0.0 0.026 0.128 0.974 0.635 1.0 0.588 0.038 0.862
0.0 1.0 0.0 0.0 0.0 0.0 0.0 0.0 0.0 0.0 0.077 0.077 0.923 0.584 1.0 0.382 0.077 0.862
0.0 0.0 0.0 0.0 0.0 1.0 0.0 0.0 1.0 0.0 0.051 0.103 0.949 0.609 2.0 0.206 0.077 0.862
0.0 1.0 0.0 0.0 0.0 0.0 0.0 0.0 1.0 0.0 0.026 0.077 0.974 0.633 1.0 0.309 0.038 0.862
0.0 1.0 0.0 0.0 0.0 0.0 0.0 0.0 1.0 0.0 0.026 0.077 0.974 0.633 1.0 0.353 0.038 0.862
0.0 1.0 0.0 0.0 0.0 0.0 0.0 0.0 1.0 0.0 0.026 0.077 0.974 0.633 1.0 0.279 0.038 0.862
0.0 1.0 0.0 0.0 0.0 0.0 0.0 0.0 1.0 0.0 0.026 0.077 0.974 0.633 1.0 0.294 0.038 0.862
0.0 1.0 0.0 0.0 0.0 0.0 0.0 0.0 1.0 0.0 0.026 0.103 0.974 0.723 1.0 0.147 0.038 0.345
0.0 0.0 1.0 0.0 0.0 0.0 0.0 0.0 0.0 0.0 0.103 0.077 0.692 0.496 2.0 0.368 0.115 0.310
0.0 1.0 0.0 0.0 0.0 0.0 0.0 0.0 1.0 0.0 0.026 0.128 0.974 0.635 1.0 0.456 0.038 0.862
0.0 0.0 0.0 0.0 1.0 0.0 0.0 0.0 0.0 0.0 0.051 0.128 0.949 0.630 2.0 0.676 0.077 0.828
0.0 1.0 0.0 0.0 0.0 0.0 0.0 0.0 1.0 0.0 0.026 0.154 0.974 0.656 1.0 0.647 0.038 0.828
0.0 1.0 0.0 0.0 0.0 0.0 0.0 0.0 0.0 0.0 0.513 0.051 0.282 0.141 1.0 0.250 0.923 0.276
0.0 0.0 0.0 0.0 1.0 0.0 0.0 0.0 1.0 0.0 0.051 0.513 0.949 0.652 2.0 0.618 0.077 0.793
0.0 0.0 0.0 0.0 1.0 0.0 0.0 0.0 1.0 0.0 0.051 0.103 0.949 0.646 2.0 0.235 0.077 0.379
0.0 0.0 0.0 0.0 1.0 0.0 0.0 0.0 1.0 0.0 0.077 0.487 0.923 0.627 2.0 0.382 0.115 0.793
0.0 0.0 0.0 0.0 0.0 1.0 0.0 0.0 0.0 0.0 0.564 0.077 0.436 0.208 2.0 0.721 0.962 0.310
0.0 0.0 1.0 0.0 0.0 0.0 0.0 0.0 0.0 0.0 0.538 0.103 0.462 0.234 4.0 0.794 0.962 0.310
0.0 0.0 0.0 0.0 0.0 1.0 0.0 0.0 1.0 0.0 0.564 0.077 0.308 0.154 3.0 0.588 0.962 0.241
0.0 0.0 1.0 0.0 0.0 0.0 0.0 0.0 1.0 0.0 0.590 0.077 0.282 0.141 2.0 0.250 0.962 0.207
0.0 0.0 1.0 0.0 0.0 0.0 0.0 0.0 0.0 0.0 0.590 0.051 0.205 0.103 2.0 0.324 0.962 0.207
0.0 0.0 0.0 0.0 0.0 1.0 0.0 0.0 1.0 0.0 0.564 0.077 0.231 0.128 3.0 0.426 0.962 0.207
0.0 0.0 0.0 1.0 0.0 0.0 0.0 0.0 0.0 0.0 0.051 0.513 0.744 0.604 3.0 0.574 0.115 0.241
0.0 1.0 0.0 0.0 0.0 0.0 0.0 0.0 1.0 0.0 0.026 0.538 0.974 0.678 1.0 0.353 0.038 0.793
0.0 0.0 0.0 0.0 0.0 1.0 0.0 0.0 0.0 0.0 0.077 0.538 0.718 0.594 2.0 0.382 0.154 0.207
0.0 1.0 0.0 0.0 0.0 0.0 0.0 0.0 0.0 0.0 0.564 0.051 0.231 0.107 1.0 0.324 0.962 0.207
0.0 0.0 1.0 0.0 0.0 0.0 0.0 0.0 0.0 0.0 0.538 0.077 0.256 0.132 2.0 0.235 0.962 0.207
0.0 0.0 1.0 0.0 0.0 0.0 0.0 0.0 0.0 0.0 0.513 0.103 0.282 0.158 2.0 0.353 0.962 0.207
0.0 0.0 0.0 0.0 1.0 0.0 0.0 0.0 1.0 0.0 0.026 0.077 0.974 0.554 2.0 0.632 0.077 1.000
0.0 0.0 0.0 0.0 0.0 1.0 0.0 0.0 1.0 0.0 0.051 0.051 0.744 0.335 2.0 0.471 0.115 0.414
0.0 0.0 0.0 0.0 0.0 1.0 0.0 0.0 0.0 0.0 0.513 0.077 0.282 0.154 3.0 0.618 0.962 0.207
0.0 0.0 1.0 0.0 0.0 0.0 0.0 0.0 0.0 0.0 0.179 0.410 0.615 0.487 2.0 0.412 0.385 0.207
0.0 0.0 0.0 0.0 0.0 1.0 0.0 0.0 1.0 0.0 0.128 0.436 0.872 0.575 3.0 0.368 0.308 0.793
0.0 0.0 0.0 0.0 0.0 1.0 0.0 0.0 1.0 0.0 0.154 0.410 0.846 0.550 3.0 0.412 0.308 0.793
0.0 0.0 0.0 1.0 0.0 0.0 0.0 0.0 0.0 0.0 0.077 0.487 0.923 0.627 2.0 0.544 0.115 0.793
0.0 0.0 0.0 0.0 0.0 1.0 0.0 0.0 0.0 0.0 0.154 0.410 0.846 0.550 2.0 0.515 0.346 0.793
0.0 0.0 0.0 0.0 1.0 0.0 0.0 0.0 0.0 0.0 0.051 0.538 0.949 0.662 2.0 0.662 0.077 0.724
0.0 0.0 1.0 0.0 0.0 0.0 0.0 0.0 0.0 0.0 0.103 0.487 0.897 0.611 2.0 0.515 0.154 0.724
0.0 0.0 0.0 0.0 1.0 0.0 0.0 0.0 1.0 0.0 0.051 0.538 0.949 0.662 3.0 0.397 0.154 0.724
0.0 0.0 1.0 0.0 0.0 0.0 0.0 0.0 0.0 0.0 0.103 0.487 0.897 0.611 2.0 0.397 0.192 0.724
0.0 0.0 0.0 1.0 0.0 0.0 0.0 0.0 0.0 0.0 0.128 0.462 0.872 0.585 3.0 0.397 0.269 0.724
0.0 0.0 0.0 0.0 1.0 0.0 0.0 0.0 1.0 0.0 0.051 0.538 0.949 0.662 3.0 0.632 0.154 0.724
0.0 0.0 0.0 1.0 0.0 0.0 0.0 0.0 0.0 1.0 0.103 0.000 0.000 0.000 2.0 0.074 0.192 0.034
0.0 1.0 0.0 0.0 0.0 0.0 0.0 0.0 0.0 1.0 0.128 0.000 0.000 0.000 1.0 0.059 0.192 0.034
0.0 0.0 1.0 0.0 0.0 0.0 0.0 0.0 0.0 0.0 0.103 0.026 0.026 0.026 2.0 0.088 0.192 0.034
0.0 0.0 0.0 1.0 0.0 0.0 0.0 0.0 0.0 1.0 0.103 0.000 0.000 0.000 2.0 0.074 0.192 0.034
0.0 0.0 0.0 1.0 0.0 0.0 0.0 0.0 0.0 1.0 0.103 0.000 0.000 0.000 2.0 0.074 0.192 0.034
0.0 0.0 0.0 1.0 0.0 0.0 0.0 0.0 0.0 1.0 0.103 0.000 0.000 0.000 2.0 0.074 0.192 0.034
0.0 0.0 0.0 1.0 0.0 0.0 0.0 0.0 0.0 1.0 0.103 0.000 0.000 0.000 2.0 0.074 0.192 0.034
0.0 0.0 1.0 0.0 0.0 0.0 0.0 0.0 0.0 0.0 0.077 0.103 0.923 0.605 4.0 0.235 0.192 0.828
0.0 0.0 1.0 0.0 0.0 0.0 0.0 0.0 0.0 0.0 0.103 0.462 0.462 0.462 3.0 0.279 0.154 0.034
0.0 0.0 0.0 0.0 1.0 0.0 0.0 0.0 1.0 0.0 0.077 0.513 0.923 0.636 3.0 0.353 0.154 0.724
0.0 1.0 0.0 0.0 0.0 0.0 0.0 0.0 0.0 0.0 0.179 0.385 0.821 0.524 1.0 0.412 0.308 0.793
0.0 1.0 0.0 0.0 0.0 0.0 0.0 0.0 0.0 0.0 0.103 0.487 0.897 0.611 1.0 0.441 0.154 0.724
0.0 0.0 0.0 0.0 0.0 1.0 0.0 0.0 1.0 0.0 0.077 0.513 0.923 0.636 3.0 0.191 0.154 0.724
0.0 0.0 0.0 0.0 1.0 0.0 0.0 0.0 0.0 0.0 0.077 0.513 0.923 0.636 3.0 0.397 0.154 0.724
0.0 0.0 0.0 0.0 1.0 0.0 0.0 0.0 1.0 0.0 0.077 0.513 0.923 0.636 3.0 0.529 0.154 0.724
0.0 0.0 0.0 1.0 0.0 0.0 0.0 0.0 1.0 0.0 0.026 0.538 0.974 0.678 2.0 0.250 0.077 0.793
0.0 1.0 0.0 0.0 0.0 0.0 0.0 0.0 0.0 0.0 0.128 0.436 0.872 0.575 1.0 0.324 0.231 0.793
0.0 0.0 0.0 0.0 1.0 0.0 0.0 0.0 0.0 0.0 0.077 0.103 0.103 0.103 2.0 0.294 0.115 0.034
0.0 1.0 0.0 0.0 0.0 0.0 0.0 0.0 0.0 0.0 0.564 0.077 0.077 0.077 1.0 0.103 0.962 0.034
0.0 0.0 0.0 0.0 0.0 1.0 0.0 0.0 0.0 0.0 0.538 0.103 0.103 0.103 2.0 0.206 0.962 0.034
0.0 0.0 0.0 1.0 0.0 0.0 0.0 0.0 0.0 0.0 0.051 0.590 0.590 0.590 2.0 0.279 0.077 0.034
0.0 0.0 0.0 1.0 0.0 0.0 0.0 0.0 0.0 0.0 0.590 0.051 0.051 0.051 2.0 0.118 0.962 0.034
0.0 0.0 0.0 1.0 0.0 0.0 0.0 0.0 0.0 0.0 0.513 0.128 0.128 0.128 3.0 0.294 0.962 0.034
0.0 0.0 0.0 1.0 0.0 0.0 0.0 0.0 0.0 0.0 0.154 0.410 0.410 0.410 2.0 0.191 0.346 0.034
0.0 1.0 0.0 0.0 0.0 0.0 0.0 0.0 0.0 0.0 0.103 0.462 0.462 0.462 1.0 0.118 0.115 0.034
0.0 0.0 0.0 0.0 0.0 1.0 0.0 0.0 0.0 0.0 0.077 0.487 0.487 0.487 2.0 0.191 0.115 0.034
0.0 0.0 0.0 0.0 1.0 0.0 0.0 0.0 0.0 0.0 0.538 0.026 0.026 0.026 2.0 0.206 0.962 0.034
0.0 0.0 0.0 0.0 1.0 0.0 0.0 0.0 1.0 0.0 0.077 0.564 0.923 0.695 2.0 0.309 0.115 0.310
0.0 0.0 0.0 1.0 0.0 0.0 0.0 0.0 0.0 0.0 0.128 0.513 0.872 0.644 2.0 0.426 0.308 0.310
0.0 0.0 0.0 0.0 1.0 0.0 0.0 0.0 0.0 0.0 0.513 0.128 0.487 0.259 2.0 0.456 0.923 0.310
0.0 0.0 0.0 1.0 0.0 0.0 0.0 0.0 0.0 0.0 0.949 0.051 0.051 0.051 2.0 0.265 0.962 0.034
0.0 1.0 0.0 0.0 0.0 0.0 0.0 0.0 0.0 0.0 0.590 0.410 0.410 0.410 1.0 0.088 0.962 0.034
0.0 0.0 0.0 1.0 0.0 0.0 0.0 0.0 1.0 0.0 0.564 0.436 0.436 0.436 2.0 0.279 0.962 0.034
0.0 1.0 0.0 0.0 0.0 0.0 0.0 0.0 0.0 0.0 0.897 0.026 0.026 0.026 1.0 0.088 0.962 0.034
0.0 0.0 1.0 0.0 0.0 0.0 0.0 0.0 0.0 0.0 0.872 0.051 0.051 0.051 2.0 0.250 0.962 0.034
0.0 0.0 0.0 1.0 0.0 0.0 0.0 0.0 1.0 0.0 0.564 0.359 0.359 0.359 2.0 0.279 0.962 0.034
0.0 1.0 0.0 0.0 0.0 0.0 0.0 0.0 0.0 0.0 0.641 0.231 0.231 0.231 1.0 0.103 0.962 0.034
0.0 0.0 1.0 0.0 0.0 0.0 0.0 0.0 1.0 0.0 0.615 0.256 0.256 0.256 2.0 0.147 0.962 0.034
0.0 1.0 0.0 0.0 0.0 0.0 0.0 0.0 0.0 0.0 0.821 0.051 0.051 0.051 1.0 0.118 0.962 0.034
0.0 0.0 0.0 1.0 0.0 0.0 0.0 0.0 0.0 0.0 0.795 0.077 0.077 0.077 2.0 0.250 0.962 0.034
0.0 1.0 0.0 0.0 0.0 0.0 0.0 0.0 0.0 0.0 0.590 0.282 0.282 0.282 1.0 0.103 0.962 0.034
0.0 0.0 1.0 0.0 0.0 0.0 0.0 0.0 1.0 0.0 0.564 0.308 0.308 0.308 2.0 0.279 0.962 0.034
0.0 0.0 0.0 1.0 0.0 0.0 0.0 0.0 1.0 0.0 0.615 0.179 0.179 0.179 2.0 0.176 0.962 0.034
0.0 0.0 0.0 1.0 0.0 0.0 0.0 0.0 1.0 0.0 0.615 0.179 0.179 0.179 2.0 0.162 0.962 0.034
0.0 0.0 0.0 1.0 0.0 0.0 0.0 0.0 0.0 0.0 0.769 0.026 0.026 0.026 2.0 0.309 0.962 0.034
0.0 0.0 0.0 1.0 0.0 0.0 0.0 0.0 1.0 0.0 0.590 0.205 0.205 0.205 2.0 0.176 0.962 0.034
0.0 0.0 0.0 1.0 0.0 0.0 0.0 0.0 1.0 0.0 0.564 0.231 0.231 0.231 2.0 0.309 0.962 0.034
0.0 0.0 0.0 1.0 0.0 0.0 0.0 0.0 1.0 0.0 0.615 0.103 0.103 0.103 2.0 0.176 0.962 0.034
0.0 0.0 0.0 1.0 0.0 0.0 0.0 0.0 1.0 0.0 0.615 0.103 0.103 0.103 2.0 0.162 0.962 0.034
0.0 0.0 0.0 1.0 0.0 0.0 0.0 0.0 0.0 0.0 0.692 0.026 0.026 0.026 2.0 0.309 0.962 0.034
0.0 0.0 0.0 1.0 0.0 0.0 0.0 0.0 1.0 0.0 0.590 0.128 0.128 0.128 2.0 0.176 0.962 0.034
0.0 0.0 0.0 1.0 0.0 0.0 0.0 0.0 1.0 0.0 0.564 0.154 0.154 0.154 2.0 0.309 0.962 0.034
0.0 0.0 0.0 1.0 0.0 0.0 0.0 0.0 1.0 0.0 0.615 0.051 0.051 0.051 2.0 0.176 0.962 0.034
0.0 0.0 0.0 1.0 0.0 0.0 0.0 0.0 1.0 0.0 0.615 0.051 0.051 0.051 2.0 0.162 0.962 0.034
0.0 0.0 0.0 1.0 0.0 0.0 0.0 0.0 0.0 0.0 0.641 0.026 0.026 0.026 2.0 0.309 0.962 0.034
0.0 0.0 0.0 1.0 0.0 0.0 0.0 0.0 1.0 0.0 0.590 0.077 0.077 0.077 2.0 0.176 0.962 0.034
0.0 0.0 0.0 1.0 0.0 0.0 0.0 0.0 1.0 0.0 0.564 0.103 0.103 0.103 2.0 0.309 0.962 0.034
0.0 0.0 0.0 1.0 0.0 0.0 0.0 0.0 1.0 0.0 0.615 0.051 0.051 0.051 2.0 0.176 0.962 0.034
0.0 0.0 0.0 1.0 0.0 0.0 0.0 0.0 1.0 0.0 0.615 0.051 0.051 0.051 2.0 0.162 0.962 0.034
0.0 0.0 0.0 1.0 0.0 0.0 0.0 0.0 0.0 0.0 0.590 0.077 0.077 0.077 2.0 0.309 0.962 0.034
0.0 0.0 0.0 1.0 0.0 0.0 0.0 0.0 1.0 0.0 0.590 0.077 0.077 0.077 2.0 0.176 0.962 0.034
0.0 1.0 0.0 0.0 0.0 0.0 0.0 0.0 0.0 0.0 0.590 0.077 0.077 0.077 1.0 0.103 0.962 0.034
0.0 0.0 1.0 0.0 0.0 0.0 0.0 0.0 1.0 0.0 0.564 0.103 0.103 0.103 2.0 0.279 0.962 0.034
0.0 0.0 0.0 1.0 0.0 0.0 0.0 0.0 1.0 0.0 0.615 0.051 0.051 0.051 2.0 0.176 0.962 0.034
0.0 0.0 0.0 1.0 0.0 0.0 0.0 0.0 1.0 0.0 0.615 0.051 0.051 0.051 2.0 0.162 0.962 0.034
0.0 0.0 0.0 1.0 0.0 0.0 0.0 0.0 0.0 0.0 0.590 0.077 0.077 0.077 2.0 0.309 0.962 0.034
0.0 0.0 0.0 1.0 0.0 0.0 0.0 0.0 1.0 0.0 0.590 0.077 0.077 0.077 2.0 0.176 0.962 0.034
0.0 0.0 0.0 1.0 0.0 0.0 0.0 0.0 1.0 0.0 0.564 0.103 0.103 0.103 2.0 0.309 0.962 0.034
0.0 0.0 0.0 1.0 0.0 0.0 0.0 0.0 1.0 0.0 0.615 0.026 0.026 0.026 2.0 0.191 0.962 0.034
0.0 0.0 0.0 1.0 0.0 0.0 0.0 0.0 0.0 0.0 0.590 0.051 0.051 0.051 2.0 0.309 0.962 0.034
0.0 1.0 0.0 0.0 0.0 0.0 0.0 0.0 0.0 0.0 0.615 0.026 0.026 0.026 1.0 0.103 0.962 0.034
0.0 0.0 0.0 1.0 0.0 0.0 0.0 0.0 1.0 0.0 0.590 0.051 0.051 0.051 2.0 0.147 0.962 0.034
0.0 0.0 0.0 1.0 0.0 0.0 0.0 0.0 1.0 0.0 0.564 0.077 0.077 0.077 2.0 0.309 0.962 0.034
0.0 0.0 0.0 1.0 0.0 0.0 0.0 0.0 0.0 0.0 0.769 0.026 0.026 0.026 2.0 0.235 0.962 0.034
0.0 0.0 0.0 1.0 0.0 0.0 0.0 0.0 1.0 0.0 0.538 0.256 0.256 0.256 2.0 0.176 0.962 0.034
0.0 0.0 0.0 1.0 0.0 0.0 0.0 0.0 1.0 0.0 0.077 0.718 0.718 0.718 2.0 0.221 0.154 0.034
0.0 0.0 0.0 1.0 0.0 0.0 0.0 0.0 0.0 0.0 0.692 0.026 0.026 0.026 2.0 0.235 0.962 0.034
0.0 1.0 0.0 0.0 0.0 0.0 0.0 0.0 0.0 0.0 0.564 0.154 0.154 0.154 1.0 0.088 0.962 0.034
0.0 0.0 1.0 0.0 0.0 0.0 0.0 0.0 1.0 0.0 0.538 0.179 0.179 0.179 2.0 0.162 0.962 0.034
0.0 0.0 0.0 1.0 0.0 0.0 0.0 0.0 1.0 0.0 0.077 0.641 0.641 0.641 2.0 0.221 0.154 0.034
0.0 0.0 0.0 1.0 0.0 0.0 0.0 0.0 0.0 0.0 0.641 0.026 0.026 0.026 2.0 0.235 0.962 0.034
0.0 0.0 0.0 1.0 0.0 0.0 0.0 0.0 1.0 0.0 0.538 0.128 0.128 0.128 2.0 0.176 0.962 0.034
0.0 0.0 0.0 1.0 0.0 0.0 0.0 0.0 1.0 0.0 0.077 0.590 0.590 0.590 2.0 0.221 0.154 0.034
0.0 0.0 0.0 1.0 0.0 0.0 0.0 0.0 0.0 0.0 0.590 0.026 0.026 0.026 2.0 0.235 0.962 0.034
0.0 0.0 0.0 1.0 0.0 0.0 0.0 0.0 1.0 0.0 0.538 0.077 0.077 0.077 2.0 0.176 0.962 0.034
0.0 0.0 0.0 1.0 0.0 0.0 0.0 0.0 1.0 0.0 0.077 0.538 0.538 0.538 2.0 0.221 0.154 0.034
0.0 0.0 0.0 1.0 0.0 0.0 0.0 0.0 0.0 0.0 0.590 0.026 0.026 0.026 2.0 0.235 0.962 0.034
0.0 1.0 0.0 0.0 0.0 0.0 0.0 0.0 0.0 0.0 0.564 0.051 0.051 0.051 1.0 0.088 0.962 0.034
0.0 0.0 0.0 1.0 0.0 0.0 0.0 0.0 1.0 0.0 0.538 0.077 0.077 0.077 2.0 0.162 0.962 0.034
0.0 1.0 0.0 0.0 0.0 0.0 0.0 0.0 0.0 0.0 0.103 0.513 0.513 0.513 1.0 0.088 0.154 0.034
0.0 0.0 1.0 0.0 0.0 0.0 0.0 0.0 1.0 0.0 0.077 0.538 0.538 0.538 2.0 0.206 0.154 0.034
0.0 0.0 0.0 1.0 0.0 0.0 0.0 0.0 0.0 0.0 0.590 0.026 0.026 0.026 2.0 0.235 0.962 0.034
0.0 0.0 0.0 1.0 0.0 0.0 0.0 0.0 1.0 0.0 0.538 0.077 0.077 0.077 2.0 0.176 0.962 0.034
0.0 0.0 0.0 1.0 0.0 0.0 0.0 0.0 1.0 0.0 0.077 0.538 0.538 0.538 2.0 0.221 0.154 0.034
0.0 0.0 0.0 1.0 0.0 0.0 0.0 0.0 0.0 0.0 0.077 0.513 0.718 0.590 2.0 0.485 0.154 0.207
0.0 1.0 0.0 0.0 0.0 0.0 0.0 0.0 0.0 0.0 0.154 0.026 0.641 0.443 1.0 0.221 0.346 0.241
0.0 0.0 1.0 0.0 0.0 0.0 0.0 0.0 0.0 0.0 0.128 0.051 0.667 0.469 2.0 0.235 0.346 0.241
0.0 0.0 0.0 1.0 0.0 0.0 0.0 0.0 0.0 0.0 0.769 0.026 0.026 0.026 2.0 0.250 0.962 0.034
0.0 0.0 0.0 1.0 0.0 0.0 0.0 0.0 1.0 0.0 0.205 0.590 0.590 0.590 2.0 0.176 0.423 0.034
0.0 1.0 0.0 0.0 0.0 0.0 0.0 0.0 0.0 0.0 0.718 0.026 0.026 0.026 1.0 0.088 0.962 0.034
0.0 0.0 0.0 1.0 0.0 0.0 0.0 0.0 0.0 0.0 0.692 0.051 0.051 0.051 2.0 0.250 0.962 0.034
0.0 0.0 0.0 1.0 0.0 0.0 0.0 0.0 1.0 0.0 0.205 0.538 0.538 0.538 2.0 0.176 0.423 0.034
0.0 0.0 0.0 1.0 0.0 0.0 0.0 0.0 0.0 0.0 0.641 0.026 0.026 0.026 2.0 0.250 0.962 0.034
0.0 0.0 0.0 1.0 0.0 0.0 0.0 0.0 1.0 0.0 0.205 0.462 0.462 0.462 2.0 0.176 0.423 0.034
0.0 0.0 0.0 1.0 0.0 0.0 0.0 0.0 0.0 0.0 0.564 0.051 0.051 0.051 2.0 0.265 0.962 0.034
0.0 0.0 0.0 1.0 0.0 0.0 0.0 0.0 1.0 0.0 0.205 0.410 0.410 0.410 2.0 0.191 0.423 0.034
0.0 1.0 0.0 0.0 0.0 0.0 0.0 0.0 0.0 0.0 0.564 0.026 0.026 0.026 1.0 0.088 0.962 0.034
0.0 0.0 0.0 1.0 0.0 0.0 0.0 0.0 0.0 0.0 0.538 0.051 0.051 0.051 2.0 0.250 0.962 0.034
0.0 1.0 0.0 0.0 0.0 0.0 0.0 0.0 0.0 0.0 0.231 0.359 0.359 0.359 1.0 0.074 0.423 0.034
0.0 0.0 0.0 1.0 0.0 0.0 0.0 0.0 1.0 0.0 0.205 0.385 0.385 0.385 2.0 0.176 0.423 0.034
0.0 0.0 0.0 1.0 0.0 0.0 0.0 0.0 0.0 0.0 0.538 0.051 0.051 0.051 2.0 0.265 0.962 0.034
0.0 0.0 0.0 1.0 0.0 0.0 0.0 0.0 1.0 0.0 0.205 0.385 0.385 0.385 2.0 0.191 0.423 0.034
0.0 0.0 0.0 1.0 0.0 0.0 0.0 0.0 1.0 0.0 0.103 0.462 0.897 0.601 2.0 0.235 0.154 0.793
0.0 0.0 0.0 1.0 0.0 0.0 0.0 0.0 1.0 0.0 0.154 0.410 0.846 0.550 2.0 0.176 0.308 0.793
0.0 0.0 0.0 1.0 0.0 0.0 0.0 0.0 1.0 0.0 0.103 0.462 0.897 0.601 2.0 0.265 0.154 0.793
0.0 0.0 0.0 1.0 0.0 0.0 0.0 0.0 1.0 0.0 0.154 0.410 0.846 0.550 2.0 0.206 0.308 0.793
0.0 0.0 0.0 1.0 0.0 0.0 0.0 0.0 1.0 0.0 0.103 0.462 0.897 0.601 2.0 0.250 0.154 0.793
0.0 0.0 0.0 1.0 0.0 0.0 0.0 0.0 1.0 0.0 0.154 0.410 0.846 0.550 2.0 0.191 0.308 0.793
0.0 0.0 0.0 1.0 0.0 0.0 0.0 0.0 1.0 0.0 0.103 0.462 0.897 0.601 2.0 0.235 0.154 0.793
0.0 0.0 0.0 1.0 0.0 0.0 0.0 0.0 1.0 0.0 0.154 0.410 0.846 0.550 2.0 0.176 0.308 0.793
0.0 1.0 0.0 0.0 0.0 0.0 0.0 0.0 0.0 0.0 0.128 0.436 0.872 0.575 1.0 0.088 0.154 0.793
0.0 0.0 0.0 1.0 0.0 0.0 0.0 0.0 1.0 0.0 0.103 0.462 0.897 0.601 2.0 0.221 0.154 0.793
0.0 0.0 0.0 1.0 0.0 0.0 0.0 0.0 1.0 0.0 0.154 0.410 0.846 0.550 2.0 0.176 0.308 0.793
0.0 0.0 0.0 1.0 0.0 0.0 0.0 0.0 1.0 0.0 0.103 0.462 0.897 0.601 2.0 0.250 0.154 0.793
0.0 1.0 0.0 0.0 0.0 0.0 0.0 0.0 0.0 0.0 0.179 0.385 0.821 0.524 1.0 0.103 0.308 0.793
0.0 0.0 0.0 1.0 0.0 0.0 0.0 0.0 1.0 0.0 0.154 0.410 0.846 0.550 2.0 0.162 0.308 0.793
0.0 1.0 0.0 0.0 0.0 0.0 0.0 0.0 0.0 0.0 0.051 0.513 0.949 0.652 1.0 0.088 0.077 0.793
0.0 0.0 0.0 1.0 0.0 0.0 0.0 0.0 1.0 0.0 0.026 0.538 0.974 0.678 2.0 0.044 0.077 0.793
0.0 0.0 0.0 1.0 0.0 0.0 0.0 0.0 1.0 0.0 0.026 0.538 0.974 0.678 2.0 0.088 0.077 0.793
0.0 0.0 0.0 1.0 0.0 0.0 0.0 0.0 1.0 0.0 0.026 0.538 0.974 0.678 2.0 0.074 0.077 0.793
0.0 0.0 0.0 1.0 0.0 0.0 0.0 0.0 1.0 0.0 0.026 0.538 0.974 0.678 2.0 0.088 0.077 0.793
0.0 0.0 0.0 1.0 0.0 0.0 0.0 0.0 1.0 0.0 0.026 0.538 0.974 0.678 2.0 0.074 0.077 0.793
0.0 0.0 0.0 1.0 0.0 0.0 0.0 0.0 0.0 0.0 0.128 0.462 0.872 0.585 3.0 0.588 0.231 0.724
0.0 0.0 0.0 1.0 0.0 0.0 0.0 0.0 1.0 0.0 0.154 0.641 0.846 0.709 2.0 0.250 0.269 0.207
0.0 0.0 0.0 0.0 1.0 0.0 0.0 0.0 0.0 0.0 0.077 0.718 0.923 0.786 2.0 0.250 0.192 0.207
0.0 1.0 0.0 0.0 0.0 0.0 0.0 0.0 0.0 0.0 0.179 0.538 0.821 0.638 1.0 0.118 0.269 0.310
0.0 0.0 1.0 0.0 0.0 0.0 0.0 0.0 1.0 0.0 0.154 0.564 0.846 0.664 2.0 0.221 0.269 0.310
0.0 1.0 0.0 0.0 0.0 0.0 0.0 0.0 0.0 0.0 0.103 0.615 0.897 0.715 1.0 0.132 0.192 0.310
0.0 0.0 0.0 0.0 1.0 0.0 0.0 0.0 0.0 0.0 0.077 0.641 0.923 0.741 2.0 0.191 0.192 0.310
0.0 0.0 0.0 1.0 0.0 0.0 0.0 0.0 1.0 0.0 0.154 0.513 0.846 0.626 2.0 0.250 0.269 0.414
0.0 0.0 0.0 0.0 1.0 0.0 0.0 0.0 0.0 0.0 0.077 0.590 0.923 0.703 2.0 0.265 0.192 0.414
0.0 0.0 0.0 1.0 0.0 0.0 0.0 0.0 1.0 0.0 0.154 0.462 0.846 0.597 2.0 0.279 0.269 0.517
0.0 0.0 0.0 0.0 1.0 0.0 0.0 0.0 0.0 0.0 0.077 0.538 0.923 0.674 2.0 0.279 0.192 0.517
0.0 0.0 0.0 1.0 0.0 0.0 0.0 0.0 1.0 0.0 0.154 0.436 0.846 0.575 2.0 0.265 0.269 0.621
0.0 1.0 0.0 0.0 0.0 0.0 0.0 0.0 0.0 0.0 0.179 0.410 0.821 0.534 1.0 0.132 0.269 0.724
0.0 0.0 1.0 0.0 0.0 0.0 0.0 0.0 1.0 0.0 0.154 0.436 0.846 0.559 2.0 0.221 0.269 0.724
0.0 0.0 0.0 0.0 1.0 0.0 0.0 0.0 0.0 0.0 0.077 0.513 0.923 0.636 2.0 0.279 0.192 0.724
0.0 0.0 0.0 1.0 0.0 0.0 0.0 0.0 1.0 0.0 0.154 0.846 0.846 0.846 2.0 0.176 0.308 0.034
0.0 0.0 0.0 1.0 0.0 0.0 0.0 0.0 1.0 0.0 0.154 0.769 0.846 0.808 2.0 0.176 0.308 0.069
0.0 0.0 0.0 1.0 0.0 0.0 0.0 0.0 1.0 0.0 0.154 0.718 0.846 0.778 2.0 0.162 0.308 0.103
0.0 1.0 0.0 0.0 0.0 0.0 0.0 0.0 0.0 0.0 0.179 0.410 0.821 0.534 1.0 0.221 0.269 0.724
0.0 0.0 0.0 0.0 0.0 1.0 0.0 0.0 1.0 0.0 0.154 0.436 0.846 0.559 2.0 0.221 0.269 0.724
0.0 0.0 0.0 1.0 0.0 0.0 0.0 0.0 1.0 0.0 0.205 0.590 0.795 0.658 2.0 0.206 0.308 0.207
0.0 0.0 0.0 1.0 0.0 0.0 0.0 0.0 1.0 0.0 0.179 0.385 0.821 0.524 2.0 0.294 0.346 0.793
0.0 0.0 0.0 0.0 1.0 0.0 0.0 0.0 0.0 0.0 0.077 0.718 0.923 0.786 2.0 0.309 0.192 0.207
0.0 0.0 0.0 1.0 0.0 0.0 0.0 0.0 1.0 0.0 0.205 0.513 0.795 0.613 2.0 0.206 0.308 0.310
0.0 0.0 0.0 1.0 0.0 0.0 0.0 0.0 1.0 0.0 0.179 0.385 0.821 0.524 2.0 0.279 0.346 0.793
0.0 1.0 0.0 0.0 0.0 0.0 0.0 0.0 0.0 0.0 0.103 0.615 0.897 0.715 1.0 0.147 0.192 0.310
0.0 0.0 0.0 0.0 0.0 1.0 0.0 0.0 0.0 0.0 0.077 0.641 0.923 0.741 2.0 0.221 0.192 0.310
0.0 0.0 0.0 1.0 0.0 0.0 0.0 0.0 1.0 0.0 0.205 0.462 0.795 0.575 2.0 0.206 0.308 0.414
0.0 0.0 0.0 1.0 0.0 0.0 0.0 0.0 1.0 0.0 0.179 0.385 0.821 0.524 2.0 0.294 0.346 0.793
0.0 0.0 0.0 0.0 1.0 0.0 0.0 0.0 0.0 0.0 0.077 0.590 0.923 0.703 2.0 0.324 0.192 0.414
0.0 0.0 0.0 1.0 0.0 0.0 0.0 0.0 1.0 0.0 0.205 0.410 0.795 0.545 2.0 0.206 0.308 0.517
0.0 0.0 0.0 1.0 0.0 0.0 0.0 0.0 1.0 0.0 0.179 0.385 0.821 0.524 2.0 0.279 0.346 0.793
0.0 1.0 0.0 0.0 0.0 0.0 0.0 0.0 0.0 0.0 0.103 0.513 0.897 0.648 1.0 0.147 0.192 0.517
0.0 0.0 0.0 0.0 0.0 1.0 0.0 0.0 0.0 0.0 0.077 0.538 0.923 0.674 2.0 0.265 0.192 0.517
0.0 0.0 0.0 1.0 0.0 0.0 0.0 0.0 1.0 0.0 0.205 0.385 0.795 0.524 2.0 0.206 0.308 0.621
0.0 0.0 0.0 1.0 0.0 0.0 0.0 0.0 1.0 0.0 0.179 0.385 0.821 0.524 2.0 0.294 0.346 0.793
0.0 0.0 0.0 1.0 0.0 0.0 0.0 0.0 1.0 0.0 0.205 0.385 0.795 0.508 2.0 0.206 0.308 0.724
0.0 0.0 0.0 1.0 0.0 0.0 0.0 0.0 1.0 0.0 0.179 0.385 0.821 0.524 2.0 0.279 0.346 0.793
0.0 1.0 0.0 0.0 0.0 0.0 0.0 0.0 0.0 0.0 0.103 0.487 0.897 0.611 1.0 0.147 0.192 0.724
0.0 0.0 0.0 0.0 0.0 1.0 0.0 0.0 0.0 0.0 0.077 0.513 0.923 0.636 2.0 0.250 0.192 0.724
0.0 0.0 0.0 1.0 0.0 0.0 0.0 0.0 0.0 0.0 0.051 0.538 0.949 0.662 2.0 0.441 0.077 0.724
0.0 1.0 0.0 0.0 0.0 0.0 0.0 0.0 0.0 0.0 0.077 0.513 0.923 0.636 1.0 0.279 0.077 0.724
0.0 0.0 0.0 0.0 1.0 0.0 0.0 0.0 1.0 0.0 0.051 0.538 0.949 0.662 2.0 0.176 0.077 0.724
0.0 0.0 0.0 0.0 1.0 0.0 0.0 0.0 1.0 0.0 0.051 0.128 0.949 0.630 2.0 0.191 0.077 0.828
0.0 1.0 0.0 0.0 0.0 0.0 0.0 0.0 0.0 0.0 0.077 0.103 0.923 0.605 1.0 0.147 0.077 0.828
0.0 0.0 0.0 1.0 0.0 0.0 0.0 0.0 1.0 0.0 0.051 0.128 0.949 0.630 2.0 0.118 0.077 0.828
0.0 0.0 0.0 0.0 1.0 0.0 0.0 0.0 1.0 0.0 0.051 0.128 0.949 0.630 2.0 0.176 0.077 0.828
0.0 0.0 0.0 0.0 1.0 0.0 0.0 0.0 1.0 0.0 0.051 0.128 0.949 0.630 2.0 0.176 0.077 0.828
0.0 0.0 0.0 0.0 1.0 0.0 0.0 0.0 1.0 0.0 0.051 0.128 0.949 0.630 2.0 0.162 0.077 0.828
0.0 0.0 0.0 0.0 1.0 0.0 0.0 0.0 1.0 0.0 0.051 0.128 0.949 0.630 2.0 0.176 0.077 0.828
0.0 1.0 0.0 0.0 0.0 0.0 0.0 0.0 0.0 0.0 0.077 0.077 0.077 0.077 1.0 0.088 0.077 0.034
0.0 0.0 0.0 0.0 1.0 0.0 0.0 0.0 1.0 0.0 0.051 0.103 0.103 0.103 2.0 0.147 0.077 0.034
0.0 1.0 0.0 0.0 0.0 0.0 0.0 0.0 0.0 0.0 0.128 0.026 0.026 0.026 1.0 0.088 0.115 0.034
0.0 0.0 1.0 0.0 0.0 0.0 0.0 0.0 1.0 0.0 0.103 0.051 0.051 0.051 2.0 0.132 0.115 0.034
0.0 0.0 0.0 1.0 0.0 0.0 0.0 0.0 1.0 0.0 0.615 0.026 0.026 0.026 2.0 0.118 0.962 0.034
0.0 0.0 0.0 0.0 1.0 0.0 0.0 0.0 1.0 0.0 0.077 0.564 0.564 0.564 3.0 0.176 0.154 0.034
0.0 0.0 0.0 1.0 0.0 0.0 0.0 0.0 1.0 0.0 0.051 0.513 0.513 0.513 3.0 0.221 0.115 0.034
0.0 0.0 0.0 0.0 1.0 0.0 0.0 0.0 0.0 0.0 0.077 0.487 0.487 0.487 2.0 0.250 0.115 0.034
0.0 0.0 0.0 0.0 1.0 0.0 0.0 0.0 0.0 0.0 0.077 0.026 0.026 0.026 2.0 0.309 0.154 0.034
0.0 0.0 0.0 1.0 0.0 0.0 0.0 0.0 1.0 0.0 0.077 0.026 0.026 0.026 2.0 0.235 0.154 0.034
0.0 0.0 0.0 0.0 1.0 0.0 0.0 0.0 0.0 0.0 0.077 0.051 0.051 0.051 2.0 0.294 0.154 0.034
0.0 0.0 0.0 1.0 0.0 0.0 0.0 0.0 1.0 0.0 0.077 0.051 0.051 0.051 2.0 0.250 0.154 0.034
0.0 0.0 0.0 0.0 1.0 0.0 0.0 0.0 0.0 0.0 0.077 0.026 0.026 0.026 2.0 0.324 0.154 0.034
0.0 0.0 0.0 1.0 0.0 0.0 0.0 0.0 1.0 0.0 0.077 0.026 0.026 0.026 2.0 0.235 0.154 0.034
0.0 0.0 0.0 0.0 1.0 0.0 0.0 0.0 0.0 0.0 0.077 0.026 0.026 0.026 2.0 0.324 0.154 0.034
0.0 0.0 0.0 1.0 0.0 0.0 0.0 0.0 1.0 0.0 0.077 0.026 0.026 0.026 2.0 0.235 0.154 0.034
0.0 0.0 0.0 0.0 1.0 0.0 0.0 0.0 0.0 0.0 0.077 0.026 0.026 0.026 2.0 0.324 0.154 0.034
0.0 0.0 0.0 1.0 0.0 0.0 0.0 0.0 1.0 0.0 0.077 0.026 0.026 0.026 2.0 0.235 0.154 0.034
0.0 0.0 0.0 0.0 1.0 0.0 0.0 0.0 0.0 0.0 0.077 0.026 0.026 0.026 2.0 0.309 0.154 0.034
0.0 0.0 0.0 1.0 0.0 0.0 0.0 0.0 1.0 0.0 0.077 0.026 0.026 0.026 2.0 0.235 0.154 0.034
0.0 1.0 0.0 0.0 0.0 0.0 0.0 0.0 1.0 0.0 0.026 0.077 0.974 0.633 1.0 0.206 0.038 0.862
0.0 1.0 0.0 0.0 0.0 0.0 0.0 0.0 0.0 0.0 0.179 0.385 0.821 0.524 1.0 0.118 0.154 0.793
0.0 0.0 0.0 1.0 0.0 0.0 0.0 0.0 0.0 0.0 0.154 0.410 0.846 0.550 2.0 0.147 0.154 0.793
0.0 1.0 0.0 0.0 0.0 0.0 0.0 0.0 0.0 0.0 0.179 0.385 0.821 0.524 1.0 0.118 0.154 0.793
0.0 0.0 0.0 0.0 1.0 0.0 0.0 0.0 0.0 0.0 0.154 0.410 0.846 0.550 2.0 0.147 0.154 0.793
0.0 0.0 1.0 0.0 0.0 0.0 0.0 0.0 0.0 0.0 0.846 0.077 0.077 0.077 2.0 0.147 0.923 0.034
0.0 0.0 1.0 0.0 0.0 0.0 0.0 0.0 0.0 0.0 0.923 0.077 0.077 0.077 2.0 0.176 0.962 0.034
0.0 1.0 0.0 0.0 0.0 0.0 0.0 0.0 0.0 0.0 0.128 0.462 0.872 0.585 1.0 0.809 0.192 0.724
0.0 1.0 0.0 0.0 0.0 0.0 0.0 0.0 0.0 0.0 0.179 0.744 0.821 0.782 1.0 0.132 0.269 0.069
0.0 1.0 0.0 0.0 0.0 0.0 0.0 0.0 0.0 0.0 0.231 0.359 0.769 0.482 1.0 0.162 0.423 0.724
0.0 1.0 0.0 0.0 0.0 0.0 0.0 0.0 0.0 0.0 0.205 0.385 0.795 0.524 1.0 0.176 0.308 0.621
0.0 1.0 0.0 0.0 0.0 0.0 0.0 0.0 0.0 0.0 0.205 0.410 0.795 0.545 1.0 0.191 0.269 0.517
0.0 1.0 0.0 0.0 0.0 0.0 0.0 0.0 0.0 0.0 0.231 0.436 0.769 0.549 1.0 0.147 0.308 0.414
0.0 1.0 0.0 0.0 0.0 0.0 0.0 0.0 0.0 0.0 0.231 0.487 0.769 0.587 1.0 0.176 0.346 0.310
0.0 1.0 0.0 0.0 0.0 0.0 0.0 0.0 0.0 0.0 0.205 0.590 0.795 0.658 1.0 0.162 0.308 0.207
0.0 1.0 0.0 0.0 0.0 0.0 0.0 0.0 0.0 0.0 0.179 0.692 0.821 0.752 1.0 0.147 0.269 0.103
0.0 0.0 0.0 0.0 0.0 1.0 0.0 0.0 0.0 0.0 0.769 0.154 0.231 0.192 2.0 0.279 0.923 0.069
0.0 0.0 1.0 0.0 0.0 0.0 0.0 0.0 0.0 0.0 0.744 0.179 0.256 0.218 2.0 0.250 0.885 0.069
0.0 0.0 0.0 1.0 0.0 0.0 0.0 0.0 0.0 0.0 0.436 0.154 0.205 0.179 2.0 0.235 0.462 0.103
0.0 0.0 0.0 1.0 0.0 0.0 0.0 0.0 0.0 0.0 0.769 0.103 0.103 0.103 2.0 0.162 0.885 0.034
0.0 0.0 0.0 1.0 0.0 0.0 0.0 0.0 0.0 0.0 0.744 0.051 0.051 0.051 2.0 0.221 0.846 0.103
0.0 0.0 0.0 1.0 0.0 0.0 0.0 0.0 0.0 0.0 0.667 0.051 0.077 0.060 2.0 0.250 0.769 0.103
0.0 0.0 0.0 1.0 0.0 0.0 0.0 0.0 0.0 0.0 0.615 0.051 0.051 0.051 2.0 0.221 0.692 0.103
0.0 0.0 0.0 1.0 0.0 0.0 0.0 0.0 0.0 0.0 0.538 0.077 0.128 0.094 2.0 0.235 0.615 0.103
0.0 0.0 0.0 1.0 0.0 0.0 0.0 0.0 0.0 0.0 0.487 0.103 0.179 0.137 2.0 0.250 0.538 0.103
0.0 1.0 0.0 0.0 0.0 0.0 0.0 0.0 0.0 0.0 0.205 0.795 0.795 0.795 1.0 0.132 0.346 0.034
0.0 1.0 0.0 0.0 0.0 0.0 0.0 0.0 0.0 0.0 0.205 0.718 0.795 0.756 1.0 0.132 0.346 0.069
0.0 1.0 0.0 0.0 0.0 0.0 0.0 0.0 0.0 0.0 0.256 0.333 0.744 0.457 1.0 0.162 0.462 0.724
0.0 1.0 0.0 0.0 0.0 0.0 0.0 0.0 0.0 0.0 0.256 0.333 0.744 0.473 1.0 0.162 0.462 0.621
0.0 1.0 0.0 0.0 0.0 0.0 0.0 0.0 0.0 0.0 0.256 0.359 0.744 0.494 1.0 0.162 0.462 0.517
0.0 1.0 0.0 0.0 0.0 0.0 0.0 0.0 0.0 0.0 0.256 0.410 0.744 0.524 1.0 0.162 0.462 0.414
0.0 1.0 0.0 0.0 0.0 0.0 0.0 0.0 0.0 0.0 0.256 0.462 0.744 0.561 1.0 0.147 0.462 0.310
0.0 1.0 0.0 0.0 0.0 0.0 0.0 0.0 0.0 0.0 0.256 0.538 0.744 0.607 1.0 0.162 0.462 0.207
0.0 1.0 0.0 0.0 0.0 0.0 0.0 0.0 0.0 0.0 0.231 0.641 0.769 0.701 1.0 0.118 0.346 0.103
0.0 0.0 0.0 1.0 0.0 0.0 0.0 0.0 0.0 0.0 0.692 0.179 0.308 0.239 2.0 0.250 0.846 0.103
0.0 0.0 0.0 1.0 0.0 0.0 0.0 0.0 0.0 0.0 0.641 0.154 0.359 0.222 2.0 0.235 0.769 0.207
0.0 0.0 0.0 1.0 0.0 0.0 0.0 0.0 0.0 0.0 0.590 0.128 0.410 0.228 2.0 0.235 0.692 0.310
0.0 0.0 0.0 1.0 0.0 0.0 0.0 0.0 0.0 0.0 0.513 0.154 0.487 0.267 2.0 0.250 0.615 0.414
0.0 0.0 0.0 1.0 0.0 0.0 0.0 0.0 0.0 0.0 0.462 0.154 0.538 0.289 2.0 0.250 0.538 0.517
0.0 0.0 0.0 1.0 0.0 0.0 0.0 0.0 0.0 0.0 0.410 0.179 0.590 0.319 2.0 0.221 0.462 0.621
0.0 0.0 0.0 1.0 0.0 0.0 0.0 0.0 0.0 0.0 0.359 0.231 0.282 0.256 2.0 0.191 0.462 0.103
0.0 0.0 1.0 0.0 0.0 0.0 0.0 0.0 0.0 0.0 0.282 0.641 0.718 0.679 2.0 0.294 0.346 0.069
0.0 1.0 0.0 0.0 0.0 0.0 0.0 0.0 0.0 0.0 0.333 0.256 0.667 0.380 1.0 0.176 0.462 0.724
0.0 0.0 0.0 1.0 0.0 0.0 0.0 0.0 0.0 0.0 0.308 0.282 0.692 0.405 3.0 0.191 0.462 0.724
0.0 0.0 0.0 1.0 0.0 0.0 0.0 0.0 0.0 0.0 0.333 0.256 0.667 0.380 2.0 0.279 0.462 0.724
0.0 1.0 0.0 0.0 0.0 0.0 0.0 0.0 0.0 0.0 0.385 0.205 0.615 0.345 1.0 0.132 0.462 0.621
0.0 0.0 0.0 1.0 0.0 0.0 0.0 0.0 0.0 0.0 0.359 0.231 0.641 0.370 2.0 0.324 0.462 0.621
0.0 1.0 0.0 0.0 0.0 0.0 0.0 0.0 0.0 0.0 0.436 0.154 0.231 0.188 1.0 0.147 0.462 0.103
0.0 0.0 0.0 1.0 0.0 0.0 0.0 0.0 0.0 0.0 0.308 0.282 0.692 0.422 3.0 0.279 0.462 0.621
0.0 0.0 0.0 1.0 0.0 0.0 0.0 0.0 0.0 0.0 0.359 0.231 0.641 0.370 2.0 0.279 0.462 0.621
0.0 0.0 0.0 1.0 0.0 0.0 0.0 0.0 0.0 0.0 0.436 0.179 0.564 0.315 2.0 0.250 0.538 0.517
0.0 1.0 0.0 0.0 0.0 0.0 0.0 0.0 0.0 0.0 0.487 0.128 0.179 0.145 1.0 0.147 0.538 0.103
0.0 0.0 0.0 1.0 0.0 0.0 0.0 0.0 0.0 0.0 0.308 0.308 0.692 0.443 3.0 0.265 0.462 0.517
0.0 0.0 0.0 1.0 0.0 0.0 0.0 0.0 0.0 0.0 0.359 0.256 0.641 0.391 2.0 0.294 0.462 0.517
0.0 0.0 0.0 1.0 0.0 0.0 0.0 0.0 0.0 0.0 0.487 0.179 0.513 0.293 2.0 0.250 0.615 0.414
0.0 1.0 0.0 0.0 0.0 0.0 0.0 0.0 0.0 0.0 0.538 0.128 0.128 0.128 1.0 0.147 0.615 0.103
0.0 0.0 0.0 1.0 0.0 0.0 0.0 0.0 0.0 0.0 0.308 0.359 0.692 0.472 3.0 0.279 0.462 0.414
0.0 0.0 0.0 1.0 0.0 0.0 0.0 0.0 0.0 0.0 0.333 0.333 0.667 0.447 2.0 0.265 0.462 0.414
0.0 1.0 0.0 0.0 0.0 0.0 0.0 0.0 0.0 0.0 0.564 0.154 0.436 0.254 1.0 0.132 0.692 0.310
0.0 0.0 0.0 1.0 0.0 0.0 0.0 0.0 0.0 0.0 0.538 0.179 0.462 0.279 2.0 0.206 0.692 0.310
0.0 1.0 0.0 0.0 0.0 0.0 0.0 0.0 0.0 0.0 0.615 0.103 0.128 0.111 1.0 0.147 0.692 0.103
0.0 0.0 0.0 1.0 0.0 0.0 0.0 0.0 0.0 0.0 0.333 0.385 0.667 0.484 3.0 0.265 0.462 0.310
0.0 1.0 0.0 0.0 0.0 0.0 0.0 0.0 0.0 0.0 0.385 0.333 0.615 0.433 1.0 0.221 0.462 0.310
0.0 0.0 0.0 1.0 0.0 0.0 0.0 0.0 0.0 0.0 0.359 0.359 0.641 0.459 2.0 0.191 0.462 0.310
0.0 0.0 0.0 1.0 0.0 0.0 0.0 0.0 0.0 0.0 0.615 0.179 0.385 0.248 2.0 0.250 0.769 0.207
0.0 1.0 0.0 0.0 0.0 0.0 0.0 0.0 0.0 0.0 0.667 0.128 0.128 0.128 1.0 0.147 0.769 0.103
0.0 0.0 0.0 1.0 0.0 0.0 0.0 0.0 0.0 0.0 0.308 0.487 0.692 0.556 3.0 0.279 0.462 0.207
0.0 0.0 0.0 1.0 0.0 0.0 0.0 0.0 0.0 0.0 0.333 0.462 0.667 0.530 2.0 0.279 0.462 0.207
0.0 0.0 0.0 1.0 0.0 0.0 0.0 0.0 0.0 0.0 0.667 0.205 0.333 0.265 2.0 0.250 0.846 0.103
0.0 1.0 0.0 0.0 0.0 0.0 0.0 0.0 0.0 0.0 0.718 0.154 0.154 0.154 1.0 0.147 0.846 0.034
0.0 0.0 0.0 1.0 0.0 0.0 0.0 0.0 0.0 0.0 0.282 0.590 0.718 0.650 3.0 0.279 0.346 0.103
0.0 0.0 0.0 1.0 0.0 0.0 0.0 0.0 0.0 0.0 0.308 0.564 0.692 0.624 2.0 0.250 0.346 0.103
0.0 0.0 0.0 1.0 0.0 0.0 0.0 0.0 0.0 0.0 0.718 0.205 0.282 0.244 2.0 0.235 0.885 0.069
0.0 0.0 1.0 0.0 0.0 0.0 0.0 0.0 0.0 0.0 0.256 0.667 0.744 0.705 3.0 0.265 0.346 0.069
0.0 0.0 0.0 0.0 1.0 0.0 0.0 0.0 0.0 0.0 0.795 0.205 0.205 0.205 2.0 0.206 0.923 0.034
0.0 1.0 0.0 0.0 0.0 0.0 0.0 0.0 0.0 0.0 0.846 0.154 0.154 0.154 1.0 0.147 0.962 0.034
0.0 0.0 0.0 1.0 0.0 0.0 0.0 0.0 0.0 0.0 0.821 0.179 0.179 0.179 2.0 0.147 0.962 0.034
0.0 0.0 0.0 0.0 1.0 0.0 0.0 0.0 0.0 0.0 0.795 0.205 0.205 0.205 3.0 0.294 0.962 0.034
0.0 0.0 0.0 1.0 0.0 0.0 0.0 0.0 0.0 0.0 0.872 0.128 0.128 0.128 3.0 0.206 0.962 0.034
0.0 0.0 0.0 1.0 0.0 0.0 0.0 0.0 0.0 0.0 0.872 0.128 0.128 0.128 2.0 0.176 0.962 0.034
0.0 0.0 0.0 1.0 0.0 0.0 0.0 0.0 0.0 0.0 0.897 0.103 0.103 0.103 3.0 0.206 0.962 0.034
0.0 0.0 0.0 0.0 1.0 0.0 0.0 0.0 0.0 0.0 0.821 0.103 0.103 0.103 2.0 0.176 0.923 0.034
0.0 0.0 0.0 0.0 1.0 0.0 0.0 0.0 0.0 0.0 0.308 0.615 0.615 0.615 2.0 0.221 0.346 0.034
0.0 0.0 0.0 1.0 0.0 0.0 0.0 0.0 0.0 0.0 0.769 0.154 0.154 0.154 2.0 0.162 0.923 0.034
0.0 1.0 0.0 0.0 0.0 0.0 0.0 0.0 0.0 0.0 0.385 0.205 0.256 0.231 1.0 0.118 0.462 0.103
0.0 1.0 0.0 0.0 0.0 0.0 0.0 0.0 0.0 0.0 0.359 0.513 0.513 0.513 1.0 0.103 0.346 0.034
0.0 0.0 1.0 0.0 0.0 0.0 0.0 0.0 0.0 0.0 0.333 0.538 0.538 0.538 2.0 0.191 0.346 0.034
0.0 0.0 0.0 1.0 0.0 0.0 0.0 0.0 0.0 0.0 0.359 0.436 0.436 0.436 2.0 0.206 0.462 0.103
0.0 0.0 0.0 1.0 0.0 0.0 0.0 0.0 0.0 0.0 0.410 0.308 0.333 0.316 2.0 0.191 0.462 0.103
0.0 0.0 0.0 1.0 0.0 0.0 0.0 0.0 0.0 0.0 0.359 0.308 0.308 0.308 2.0 0.206 0.462 0.103
0.0 0.0 0.0 1.0 0.0 0.0 0.0 0.0 0.0 0.0 0.385 0.231 0.282 0.248 2.0 0.206 0.462 0.103
0.0 0.0 0.0 1.0 0.0 0.0 0.0 0.0 0.0 0.0 0.385 0.205 0.282 0.239 2.0 0.206 0.462 0.103
0.0 0.0 0.0 1.0 0.0 0.0 0.0 0.0 0.0 0.0 0.231 0.769 0.769 0.769 2.0 0.368 0.346 0.034
0.0 0.0 0.0 1.0 0.0 0.0 0.0 0.0 0.0 0.0 0.205 0.795 0.795 0.795 2.0 0.324 0.346 0.034
0.0 0.0 0.0 1.0 0.0 0.0 0.0 0.0 0.0 0.0 0.256 0.744 0.744 0.744 2.0 0.176 0.346 0.034
0.0 0.0 0.0 1.0 0.0 0.0 0.0 0.0 0.0 0.0 0.256 0.667 0.744 0.705 2.0 0.206 0.346 0.069
0.0 0.0 0.0 1.0 0.0 0.0 0.0 0.0 0.0 0.0 0.231 0.692 0.769 0.731 2.0 0.382 0.346 0.069
0.0 0.0 0.0 1.0 0.0 0.0 0.0 0.0 0.0 0.0 0.205 0.718 0.795 0.756 2.0 0.338 0.346 0.069
0.0 0.0 0.0 1.0 0.0 0.0 0.0 0.0 0.0 0.0 0.282 0.308 0.718 0.431 2.0 0.368 0.462 0.724
0.0 0.0 0.0 1.0 0.0 0.0 0.0 0.0 0.0 0.0 0.256 0.333 0.744 0.457 2.0 0.353 0.462 0.724
0.0 0.0 0.0 1.0 0.0 0.0 0.0 0.0 0.0 0.0 0.308 0.282 0.692 0.405 2.0 0.176 0.462 0.724
0.0 0.0 0.0 1.0 0.0 0.0 0.0 0.0 0.0 0.0 0.282 0.308 0.718 0.447 2.0 0.397 0.462 0.621
0.0 0.0 0.0 1.0 0.0 0.0 0.0 0.0 0.0 0.0 0.256 0.333 0.744 0.473 2.0 0.382 0.462 0.621
0.0 1.0 0.0 0.0 0.0 0.0 0.0 0.0 0.0 0.0 0.333 0.256 0.667 0.396 1.0 0.132 0.462 0.621
0.0 0.0 1.0 0.0 0.0 0.0 0.0 0.0 0.0 0.0 0.308 0.282 0.692 0.422 2.0 0.147 0.462 0.621
0.0 0.0 0.0 1.0 0.0 0.0 0.0 0.0 0.0 0.0 0.282 0.333 0.718 0.468 2.0 0.397 0.462 0.517
0.0 1.0 0.0 0.0 0.0 0.0 0.0 0.0 0.0 0.0 0.282 0.333 0.718 0.468 1.0 0.176 0.462 0.517
0.0 0.0 1.0 0.0 0.0 0.0 0.0 0.0 0.0 0.0 0.256 0.359 0.744 0.494 2.0 0.309 0.462 0.517
0.0 1.0 0.0 0.0 0.0 0.0 0.0 0.0 0.0 0.0 0.333 0.282 0.667 0.417 1.0 0.132 0.462 0.517
0.0 0.0 0.0 1.0 0.0 0.0 0.0 0.0 0.0 0.0 0.308 0.308 0.692 0.443 2.0 0.132 0.462 0.517
0.0 0.0 0.0 1.0 0.0 0.0 0.0 0.0 0.0 0.0 0.282 0.385 0.718 0.498 2.0 0.397 0.462 0.414
0.0 0.0 0.0 1.0 0.0 0.0 0.0 0.0 0.0 0.0 0.256 0.410 0.744 0.524 2.0 0.382 0.462 0.414
0.0 0.0 0.0 1.0 0.0 0.0 0.0 0.0 0.0 0.0 0.308 0.359 0.692 0.472 2.0 0.191 0.462 0.414
0.0 1.0 0.0 0.0 0.0 0.0 0.0 0.0 0.0 0.0 0.308 0.410 0.692 0.510 1.0 0.176 0.462 0.310
0.0 0.0 1.0 0.0 0.0 0.0 0.0 0.0 0.0 0.0 0.282 0.436 0.718 0.536 2.0 0.324 0.462 0.310
0.0 0.0 0.0 1.0 0.0 0.0 0.0 0.0 0.0 0.0 0.256 0.462 0.744 0.561 2.0 0.382 0.462 0.310
0.0 0.0 0.0 1.0 0.0 0.0 0.0 0.0 0.0 0.0 0.333 0.385 0.667 0.484 2.0 0.147 0.462 0.310
0.0 0.0 0.0 1.0 0.0 0.0 0.0 0.0 0.0 0.0 0.282 0.513 0.718 0.581 2.0 0.397 0.462 0.207
0.0 0.0 0.0 1.0 0.0 0.0 0.0 0.0 0.0 0.0 0.256 0.538 0.744 0.607 2.0 0.382 0.462 0.207
0.0 0.0 0.0 1.0 0.0 0.0 0.0 0.0 0.0 0.0 0.308 0.487 0.692 0.556 2.0 0.191 0.462 0.207
0.0 0.0 0.0 1.0 0.0 0.0 0.0 0.0 0.0 0.0 0.256 0.615 0.744 0.675 2.0 0.397 0.346 0.103
0.0 0.0 0.0 1.0 0.0 0.0 0.0 0.0 0.0 0.0 0.231 0.641 0.769 0.701 2.0 0.338 0.346 0.103
0.0 0.0 0.0 1.0 0.0 0.0 0.0 0.0 0.0 0.0 0.282 0.590 0.718 0.650 2.0 0.191 0.346 0.103
0.0 0.0 0.0 1.0 0.0 0.0 0.0 0.0 0.0 0.0 0.718 0.154 0.154 0.154 2.0 0.162 0.885 0.034
0.0 0.0 0.0 1.0 0.0 0.0 0.0 0.0 0.0 0.0 0.744 0.128 0.128 0.128 3.0 0.235 0.885 0.034
0.0 0.0 0.0 1.0 0.0 0.0 0.0 0.0 0.0 0.0 0.667 0.128 0.128 0.128 2.0 0.206 0.846 0.103
0.0 1.0 0.0 0.0 0.0 0.0 0.0 0.0 0.0 0.0 0.718 0.077 0.077 0.077 1.0 0.147 0.846 0.103
0.0 0.0 0.0 1.0 0.0 0.0 0.0 0.0 0.0 0.0 0.692 0.103 0.103 0.103 3.0 0.221 0.846 0.103
0.0 0.0 0.0 1.0 0.0 0.0 0.0 0.0 0.0 0.0 0.615 0.103 0.128 0.111 2.0 0.206 0.769 0.103
0.0 0.0 0.0 1.0 0.0 0.0 0.0 0.0 0.0 0.0 0.641 0.077 0.103 0.085 3.0 0.250 0.769 0.103
0.0 0.0 0.0 1.0 0.0 0.0 0.0 0.0 0.0 0.0 0.538 0.128 0.128 0.128 2.0 0.206 0.692 0.103
0.0 1.0 0.0 0.0 0.0 0.0 0.0 0.0 0.0 0.0 0.590 0.077 0.077 0.077 1.0 0.147 0.692 0.103
0.0 0.0 0.0 1.0 0.0 0.0 0.0 0.0 0.0 0.0 0.564 0.103 0.103 0.103 3.0 0.221 0.692 0.103
0.0 1.0 0.0 0.0 0.0 0.0 0.0 0.0 0.0 0.0 0.513 0.103 0.154 0.120 1.0 0.132 0.615 0.103
0.0 0.0 0.0 1.0 0.0 0.0 0.0 0.0 0.0 0.0 0.487 0.128 0.179 0.145 2.0 0.162 0.615 0.103
0.0 0.0 0.0 1.0 0.0 0.0 0.0 0.0 0.0 0.0 0.513 0.103 0.154 0.120 3.0 0.265 0.615 0.103
0.0 0.0 0.0 1.0 0.0 0.0 0.0 0.0 0.0 0.0 0.436 0.154 0.231 0.188 2.0 0.206 0.538 0.103
0.0 0.0 0.0 1.0 0.0 0.0 0.0 0.0 0.0 0.0 0.462 0.128 0.205 0.162 3.0 0.265 0.538 0.103
0.0 0.0 0.0 1.0 0.0 0.0 0.0 0.0 0.0 0.0 0.385 0.205 0.256 0.231 2.0 0.382 0.462 0.103
0.0 0.0 0.0 1.0 0.0 0.0 0.0 0.0 0.0 0.0 0.410 0.179 0.231 0.205 2.0 0.279 0.462 0.103
0.0 1.0 0.0 0.0 0.0 0.0 0.0 0.0 0.0 0.0 0.795 0.128 0.128 0.128 1.0 0.132 0.923 0.034
0.0 0.0 0.0 1.0 0.0 0.0 0.0 0.0 0.0 0.0 0.487 0.077 0.513 0.216 2.0 0.559 0.923 0.793
0.0 1.0 0.0 0.0 0.0 0.0 0.0 0.0 0.0 0.0 0.205 0.359 0.795 0.498 1.0 0.132 0.385 0.793
0.0 1.0 0.0 0.0 0.0 0.0 0.0 0.0 0.0 0.0 0.231 0.333 0.769 0.473 1.0 0.147 0.423 0.793
0.0 1.0 0.0 0.0 0.0 0.0 0.0 0.0 0.0 0.0 0.231 0.333 0.769 0.473 1.0 0.147 0.385 0.793
0.0 1.0 0.0 0.0 0.0 0.0 0.0 0.0 0.0 0.0 0.256 0.308 0.744 0.447 1.0 0.118 0.423 0.793
0.0 1.0 0.0 0.0 0.0 0.0 0.0 0.0 0.0 0.0 0.205 0.359 0.795 0.498 1.0 0.132 0.385 0.793
0.0 1.0 0.0 0.0 0.0 0.0 0.0 0.0 0.0 0.0 0.051 0.513 0.949 0.652 1.0 0.103 0.077 0.793
0.0 1.0 0.0 0.0 0.0 0.0 0.0 0.0 0.0 0.0 0.128 0.436 0.872 0.575 1.0 0.118 0.154 0.793
0.0 1.0 0.0 0.0 0.0 0.0 0.0 0.0 0.0 0.0 0.077 0.487 0.923 0.627 1.0 0.162 0.077 0.793
0.0 1.0 0.0 0.0 0.0 0.0 0.0 0.0 0.0 0.0 0.128 0.436 0.872 0.575 1.0 0.191 0.154 0.793
0.0 1.0 0.0 0.0 0.0 0.0 0.0 0.0 0.0 0.0 0.256 0.308 0.744 0.447 1.0 0.103 0.423 0.793
0.0 0.0 0.0 1.0 0.0 0.0 0.0 0.0 0.0 0.0 0.231 0.333 0.769 0.473 2.0 0.176 0.423 0.793
0.0 0.0 0.0 1.0 0.0 0.0 0.0 0.0 0.0 0.0 0.282 0.282 0.718 0.421 3.0 0.206 0.500 0.793
0.0 1.0 0.0 0.0 0.0 0.0 0.0 0.0 0.0 0.0 0.256 0.308 0.744 0.447 1.0 0.118 0.423 0.793
0.0 0.0 0.0 0.0 1.0 0.0 0.0 0.0 0.0 0.0 0.231 0.333 0.769 0.473 2.0 0.147 0.423 0.793
0.0 0.0 0.0 1.0 0.0 0.0 0.0 0.0 0.0 0.0 0.256 0.308 0.744 0.447 2.0 0.147 0.423 0.793
0.0 0.0 0.0 1.0 0.0 0.0 0.0 0.0 0.0 0.0 0.308 0.256 0.692 0.396 3.0 0.206 0.577 0.793
0.0 0.0 0.0 0.0 1.0 0.0 0.0 0.0 0.0 0.0 0.256 0.308 0.744 0.447 2.0 0.147 0.423 0.793
0.0 0.0 0.0 1.0 0.0 0.0 0.0 0.0 0.0 0.0 0.256 0.308 0.744 0.447 2.0 0.176 0.423 0.793
0.0 0.0 0.0 1.0 0.0 0.0 0.0 0.0 0.0 0.0 0.333 0.231 0.667 0.370 3.0 0.221 0.654 0.793
0.0 0.0 0.0 0.0 1.0 0.0 0.0 0.0 0.0 0.0 0.256 0.308 0.744 0.447 2.0 0.176 0.423 0.793
0.0 0.0 0.0 1.0 0.0 0.0 0.0 0.0 0.0 0.0 0.282 0.282 0.718 0.421 2.0 0.176 0.423 0.793
0.0 0.0 0.0 1.0 0.0 0.0 0.0 0.0 0.0 0.0 0.359 0.205 0.641 0.344 3.0 0.221 0.731 0.793
0.0 0.0 0.0 0.0 1.0 0.0 0.0 0.0 0.0 0.0 0.282 0.282 0.718 0.421 2.0 0.176 0.423 0.793
0.0 0.0 0.0 1.0 0.0 0.0 0.0 0.0 0.0 0.0 0.231 0.333 0.769 0.473 2.0 0.176 0.423 0.793
0.0 0.0 0.0 1.0 0.0 0.0 0.0 0.0 0.0 0.0 0.385 0.179 0.615 0.319 3.0 0.221 0.808 0.793
0.0 0.0 0.0 0.0 1.0 0.0 0.0 0.0 0.0 0.0 0.231 0.333 0.769 0.473 2.0 0.176 0.423 0.793
0.0 0.0 0.0 1.0 0.0 0.0 0.0 0.0 0.0 0.0 0.154 0.410 0.846 0.550 2.0 0.147 0.154 0.793
0.0 0.0 0.0 1.0 0.0 0.0 0.0 0.0 0.0 0.0 0.410 0.154 0.590 0.293 3.0 0.221 0.846 0.793
0.0 0.0 0.0 0.0 1.0 0.0 0.0 0.0 0.0 0.0 0.154 0.410 0.846 0.550 2.0 0.147 0.154 0.793
0.0 0.0 0.0 1.0 0.0 0.0 0.0 0.0 0.0 0.0 0.154 0.410 0.846 0.550 2.0 0.147 0.154 0.793
0.0 0.0 0.0 1.0 0.0 0.0 0.0 0.0 0.0 0.0 0.436 0.128 0.564 0.268 3.0 0.235 0.885 0.793
0.0 0.0 0.0 0.0 1.0 0.0 0.0 0.0 0.0 0.0 0.154 0.410 0.846 0.550 2.0 0.162 0.154 0.793
0.0 0.0 0.0 1.0 0.0 0.0 0.0 0.0 0.0 0.0 0.462 0.103 0.538 0.242 4.0 0.309 0.923 0.793
0.0 0.0 0.0 1.0 0.0 0.0 0.0 0.0 0.0 0.0 0.205 0.359 0.795 0.498 3.0 0.221 0.154 0.793
0.0 0.0 0.0 0.0 1.0 0.0 0.0 0.0 0.0 0.0 0.154 0.410 0.846 0.550 2.0 0.176 0.154 0.793
0.0 0.0 0.0 0.0 1.0 0.0 0.0 0.0 0.0 0.0 0.128 0.436 0.872 0.575 2.0 0.176 0.154 0.793
0.0 0.0 0.0 0.0 1.0 0.0 0.0 0.0 0.0 0.0 0.154 0.410 0.846 0.550 2.0 0.206 0.154 0.793
