61
111
171
197
233
245
254
287
372
382
384
390
496
618
689
697
743
766
867
877
888
926
984
1000
1142
1164
1169
1398
1437
1452
1548
1560
1596
1670
1773
1845
1860
1900
1916
1954
1965
2013
2112
2147
2261
2344
2418
2506
2519
2630
2729
2764
2777
2866
2880
2892
2905
2999
3025
3129
3133
3139
3144
3184
3190
3199
3206
3257
3278
3309
3319
3323
3327
3352
3469
3536
3557
3560
3562
3571
3574
3575
3580
3584
3598
3686
3774
3779
3794
3797
3802
3808
3868
3896
3919
3920
3930
3931
3936
3938
3943
3944
4089
4144
4150
4155
4159
4160
4174
4182
4263
4271
4274
4290
4293
4294
4298
4301
4303
4304
4305
4320
4325
4326
4327
4331
4383
4428
