0.0 0.0 0.0 1.0 0.0 0.0 0.0 0.0 1.0 0.0 0.007 0.519 0.970 2.0 0.444 0.032 0.710
0.0 0.0 0.0 0.0 0.0 0.0 1.0 0.0 0.0 0.0 0.311 0.207 0.674 2.0 0.778 0.347 0.710
0.0 0.0 0.0 0.0 0.0 0.0 1.0 0.0 0.0 0.0 0.319 0.200 0.667 2.0 0.722 0.347 0.710
0.0 0.0 1.0 0.0 0.0 0.0 0.0 0.0 0.0 0.0 0.326 0.193 0.659 2.0 0.500 0.358 0.710
0.0 0.0 0.0 0.0 0.0 0.0 1.0 0.0 0.0 0.0 0.319 0.200 0.667 2.0 0.500 0.347 0.710
0.0 0.0 0.0 0.0 0.0 0.0 1.0 0.0 0.0 0.0 0.333 0.185 0.652 2.0 0.722 0.358 0.710
0.0 0.0 0.0 0.0 0.0 0.0 1.0 0.0 0.0 0.0 0.341 0.178 0.644 2.0 0.833 0.400 0.710
0.0 0.0 0.0 0.0 0.0 0.0 1.0 0.0 0.0 0.0 0.348 0.170 0.637 2.0 0.667 0.400 0.710
0.0 0.0 0.0 0.0 0.0 0.0 1.0 0.0 0.0 0.0 0.356 0.163 0.630 2.0 0.556 0.400 0.710
0.0 0.0 0.0 0.0 0.0 0.0 1.0 0.0 0.0 0.0 0.363 0.156 0.622 2.0 0.611 0.400 0.710
0.0 0.0 0.0 0.0 0.0 0.0 1.0 0.0 0.0 0.0 0.370 0.148 0.615 2.0 0.667 0.400 0.710
0.0 0.0 0.0 0.0 0.0 0.0 1.0 0.0 0.0 0.0 0.378 0.141 0.607 2.0 0.722 0.400 0.710
0.0 0.0 0.0 0.0 0.0 0.0 1.0 0.0 0.0 0.0 0.385 0.133 0.600 2.0 0.778 0.400 0.710
