0.0 0.0 0.0 0.0 0.0 0.0 1.0 0.0 1.0 0.0 0.667 0.000 0.000 0.000 2.0 0.095 0.959 0.000
0.0 0.0 0.0 0.0 0.0 1.0 0.0 0.0 0.0 0.0 0.625 0.000 0.000 0.000 2.0 0.476 0.959 0.000
0.0 0.0 0.0 0.0 0.0 0.0 1.0 0.0 1.0 0.0 0.667 0.000 0.000 0.000 2.0 0.095 0.959 0.000
0.0 0.0 0.0 0.0 0.0 1.0 0.0 0.0 0.0 0.0 0.625 0.000 0.000 0.000 2.0 0.452 0.959 0.000
0.0 0.0 0.0 0.0 0.0 0.0 1.0 0.0 1.0 0.0 0.667 0.000 0.000 0.000 2.0 0.095 0.959 0.000
0.0 0.0 0.0 0.0 0.0 1.0 0.0 0.0 0.0 0.0 0.625 0.000 0.000 0.000 2.0 0.476 0.959 0.000
0.0 0.0 0.0 1.0 0.0 0.0 0.0 0.0 0.0 1.0 0.750 0.000 0.000 0.000 2.0 0.119 0.973 0.200
0.0 0.0 0.0 1.0 0.0 0.0 0.0 0.0 1.0 0.0 0.667 0.083 0.083 0.083 2.0 0.167 0.959 0.200
0.0 1.0 0.0 0.0 0.0 0.0 0.0 0.0 0.0 0.0 0.708 0.042 0.042 0.042 2.0 0.119 0.973 0.200
0.0 0.0 0.0 0.0 0.0 1.0 0.0 0.0 1.0 0.0 0.667 0.083 0.083 0.083 2.0 0.167 0.959 0.200
0.0 0.0 0.0 0.0 1.0 0.0 0.0 0.0 0.0 0.0 0.625 0.125 0.125 0.125 2.0 0.524 0.959 0.200
0.0 0.0 0.0 1.0 0.0 0.0 0.0 0.0 0.0 0.0 0.583 0.167 0.167 0.167 4.0 0.714 0.959 0.200
0.0 0.0 0.0 0.0 0.0 1.0 0.0 0.0 0.0 0.0 0.500 0.250 0.250 0.250 2.0 0.595 0.342 0.200
0.0 1.0 0.0 0.0 0.0 0.0 0.0 0.0 0.0 0.0 0.417 0.333 0.333 0.333 2.0 0.500 0.247 0.200
0.0 0.0 0.0 0.0 0.0 0.0 1.0 0.0 1.0 0.0 0.667 0.000 0.000 0.000 2.0 0.095 0.973 0.000
0.0 0.0 0.0 0.0 0.0 1.0 0.0 0.0 0.0 0.0 0.625 0.000 0.000 0.000 2.0 0.476 0.973 0.000
0.0 0.0 0.0 0.0 0.0 0.0 1.0 0.0 1.0 0.0 0.667 0.000 0.000 0.000 2.0 0.095 0.973 0.000
0.0 0.0 0.0 0.0 0.0 1.0 0.0 0.0 0.0 0.0 0.625 0.000 0.000 0.000 2.0 0.452 0.973 0.000
0.0 0.0 0.0 0.0 0.0 0.0 1.0 0.0 0.0 0.0 0.667 0.000 0.000 0.000 2.0 0.119 0.986 0.000
0.0 1.0 0.0 0.0 0.0 0.0 0.0 0.0 1.0 0.0 0.042 0.000 0.000 0.000 2.0 0.071 0.027 0.000
0.0 0.0 0.0 0.0 0.0 1.0 0.0 0.0 0.0 0.0 0.625 0.000 0.000 0.000 2.0 0.500 0.973 0.000
0.0 1.0 0.0 0.0 0.0 0.0 0.0 0.0 0.0 0.0 0.792 0.000 0.000 0.000 2.0 0.095 1.000 0.000
0.0 0.0 0.0 1.0 0.0 0.0 0.0 0.0 0.0 0.0 0.750 0.000 0.000 0.000 2.0 0.143 0.986 0.000
0.0 0.0 0.0 0.0 1.0 0.0 0.0 0.0 1.0 0.0 0.667 0.000 0.000 0.000 2.0 0.190 0.973 0.000
0.0 1.0 0.0 0.0 0.0 0.0 0.0 0.0 0.0 0.0 0.708 0.000 0.000 0.000 2.0 0.143 0.986 0.000
0.0 0.0 0.0 1.0 0.0 0.0 0.0 0.0 1.0 0.0 0.667 0.000 0.000 0.000 2.0 0.167 0.973 0.000
0.0 0.0 0.0 0.0 0.0 1.0 0.0 0.0 0.0 0.0 0.625 0.000 0.000 0.000 2.0 0.524 0.973 0.000
0.0 0.0 0.0 1.0 0.0 0.0 0.0 0.0 0.0 0.0 0.583 0.000 0.000 0.000 4.0 0.667 0.973 0.000
0.0 0.0 0.0 0.0 0.0 1.0 0.0 0.0 0.0 0.0 0.542 0.000 0.000 0.000 2.0 0.548 0.452 0.000
0.0 1.0 0.0 0.0 0.0 0.0 0.0 0.0 0.0 0.0 0.500 0.000 0.000 0.000 2.0 0.238 0.233 0.000
0.0 1.0 0.0 0.0 0.0 0.0 0.0 0.0 0.0 0.0 0.292 0.000 0.000 0.000 2.0 0.452 0.205 0.000
0.0 0.0 0.0 0.0 0.0 1.0 0.0 0.0 0.0 0.0 0.792 0.000 0.000 0.000 2.0 0.119 1.000 0.000
0.0 1.0 0.0 0.0 0.0 0.0 0.0 0.0 0.0 0.0 0.750 0.000 0.000 0.000 2.0 0.143 1.000 0.000
0.0 0.0 0.0 1.0 0.0 0.0 0.0 0.0 1.0 0.0 0.708 0.000 0.000 0.000 3.0 0.381 0.986 0.000
0.0 0.0 0.0 0.0 0.0 1.0 0.0 0.0 1.0 0.0 0.708 0.000 0.000 0.000 2.0 0.143 0.986 0.000
0.0 0.0 0.0 0.0 0.0 1.0 0.0 0.0 0.0 0.0 0.667 0.000 0.000 0.000 2.0 0.405 0.986 0.000
0.0 0.0 0.0 0.0 0.0 0.0 0.0 1.0 1.0 0.0 0.750 0.000 0.000 0.000 2.0 0.095 0.986 0.000
0.0 0.0 0.0 1.0 0.0 0.0 0.0 0.0 0.0 0.0 0.708 0.000 0.000 0.000 2.0 0.333 0.986 0.000
0.0 0.0 0.0 0.0 0.0 1.0 0.0 0.0 0.0 1.0 0.792 0.000 0.000 0.000 2.0 0.119 1.000 0.200
0.0 1.0 0.0 0.0 0.0 0.0 0.0 0.0 0.0 0.0 0.750 0.042 0.042 0.042 2.0 0.143 1.000 0.200
0.0 0.0 0.0 1.0 0.0 0.0 0.0 0.0 1.0 0.0 0.708 0.083 0.083 0.083 3.0 0.333 0.986 0.200
0.0 0.0 0.0 0.0 0.0 1.0 0.0 0.0 1.0 0.0 0.708 0.083 0.083 0.083 2.0 0.143 0.986 0.200
0.0 0.0 0.0 0.0 0.0 1.0 0.0 0.0 0.0 0.0 0.667 0.125 0.125 0.125 2.0 0.405 0.986 0.200
0.0 0.0 0.0 0.0 0.0 0.0 0.0 1.0 1.0 0.0 0.750 0.000 0.000 0.000 2.0 0.095 0.986 0.000
0.0 0.0 0.0 1.0 0.0 0.0 0.0 0.0 0.0 0.0 0.708 0.000 0.000 0.000 2.0 0.262 0.986 0.000
0.0 1.0 0.0 0.0 0.0 0.0 0.0 0.0 0.0 0.0 0.667 0.125 0.125 0.125 1.0 0.405 0.986 0.200
0.0 1.0 0.0 0.0 0.0 0.0 0.0 0.0 0.0 0.0 0.625 0.167 0.167 0.167 2.0 0.405 0.986 0.200
0.0 0.0 0.0 1.0 0.0 0.0 0.0 0.0 0.0 0.0 0.583 0.208 0.208 0.208 4.0 0.738 0.973 0.200
0.0 1.0 0.0 0.0 0.0 0.0 0.0 0.0 0.0 0.0 0.542 0.250 0.250 0.250 2.0 0.214 0.466 0.200
0.0 0.0 0.0 1.0 0.0 0.0 0.0 0.0 0.0 0.0 0.500 0.292 0.292 0.292 2.0 0.262 0.452 0.200
0.0 1.0 0.0 0.0 0.0 0.0 0.0 0.0 0.0 0.0 0.458 0.333 0.333 0.333 2.0 0.381 0.247 0.200
0.0 0.0 0.0 0.0 0.0 1.0 0.0 0.0 0.0 0.0 0.750 0.000 0.000 0.000 2.0 0.119 0.986 0.000
0.0 1.0 0.0 0.0 0.0 0.0 0.0 0.0 0.0 0.0 0.708 0.000 0.000 0.000 2.0 0.143 0.986 0.000
0.0 0.0 0.0 1.0 0.0 0.0 0.0 0.0 1.0 0.0 0.667 0.000 0.000 0.000 3.0 0.310 0.973 0.000
0.0 1.0 0.0 0.0 0.0 0.0 0.0 0.0 0.0 0.0 0.625 0.000 0.000 0.000 1.0 0.310 0.973 0.000
0.0 0.0 0.0 0.0 0.0 1.0 0.0 0.0 1.0 0.0 0.667 0.000 0.000 0.000 2.0 0.143 0.973 0.000
0.0 0.0 0.0 0.0 0.0 1.0 0.0 0.0 0.0 0.0 0.625 0.000 0.000 0.000 2.0 0.524 0.973 0.000
0.0 1.0 0.0 0.0 0.0 0.0 0.0 0.0 0.0 0.0 0.708 0.000 0.000 0.000 2.0 0.071 0.986 0.000
0.0 0.0 0.0 0.0 0.0 0.0 1.0 0.0 1.0 0.0 0.667 0.000 0.000 0.000 2.0 0.119 0.973 0.000
0.0 0.0 0.0 0.0 0.0 1.0 0.0 0.0 0.0 0.0 0.625 0.000 0.000 0.000 2.0 0.500 0.973 0.000
0.0 0.0 0.0 0.0 0.0 0.0 1.0 0.0 1.0 0.0 0.667 0.000 0.000 0.000 2.0 0.095 0.973 0.000
0.0 0.0 0.0 0.0 0.0 1.0 0.0 0.0 0.0 0.0 0.625 0.000 0.000 0.000 2.0 0.500 0.973 0.000
0.0 0.0 0.0 0.0 0.0 0.0 0.0 1.0 0.0 0.0 0.667 0.000 0.000 0.000 2.0 0.167 0.973 0.000
0.0 0.0 0.0 0.0 0.0 1.0 0.0 0.0 0.0 0.0 0.625 0.000 0.000 0.000 2.0 0.500 0.973 0.000
0.0 0.0 0.0 1.0 0.0 0.0 0.0 0.0 0.0 0.0 0.583 0.000 0.000 0.000 4.0 0.690 0.973 0.000
0.0 0.0 0.0 0.0 0.0 1.0 0.0 0.0 0.0 0.0 0.542 0.000 0.000 0.000 2.0 0.524 0.452 0.000
0.0 1.0 0.0 0.0 0.0 0.0 0.0 0.0 0.0 0.0 0.500 0.000 0.000 0.000 2.0 0.214 0.247 0.000
0.0 0.0 0.0 1.0 0.0 0.0 0.0 0.0 0.0 0.0 0.542 0.208 0.250 0.229 2.0 0.857 0.795 0.400
0.0 0.0 0.0 1.0 0.0 0.0 0.0 0.0 0.0 0.0 0.500 0.250 0.292 0.271 2.0 0.476 0.726 0.400
0.0 0.0 0.0 1.0 0.0 0.0 0.0 0.0 0.0 0.0 0.458 0.292 0.333 0.312 3.0 0.238 0.603 0.400
0.0 1.0 0.0 0.0 0.0 0.0 0.0 0.0 0.0 0.0 0.417 0.333 0.375 0.354 2.0 0.238 0.521 0.400
0.0 1.0 0.0 0.0 0.0 0.0 0.0 0.0 0.0 0.0 0.375 0.375 0.417 0.396 2.0 0.238 0.521 0.400
0.0 1.0 0.0 0.0 0.0 0.0 0.0 0.0 0.0 0.0 0.417 0.333 0.375 0.354 2.0 0.238 0.521 0.400
0.0 0.0 0.0 1.0 0.0 0.0 0.0 0.0 0.0 0.0 0.500 0.250 0.292 0.271 2.0 0.381 0.753 0.400
0.0 0.0 0.0 1.0 0.0 0.0 0.0 0.0 0.0 0.0 0.458 0.292 0.333 0.312 4.0 0.333 0.630 0.400
0.0 0.0 0.0 1.0 0.0 0.0 0.0 0.0 0.0 0.0 0.333 0.417 0.458 0.438 3.0 0.452 0.507 0.400
0.0 1.0 0.0 0.0 0.0 0.0 0.0 0.0 0.0 0.0 0.292 0.458 0.500 0.479 2.0 0.357 0.219 0.400
0.0 1.0 0.0 0.0 0.0 0.0 0.0 0.0 0.0 0.0 0.292 0.458 0.500 0.479 2.0 0.357 0.233 0.400
0.0 1.0 0.0 0.0 0.0 0.0 0.0 0.0 0.0 0.0 0.375 0.375 0.417 0.396 2.0 0.262 0.521 0.400
0.0 0.0 1.0 0.0 0.0 0.0 0.0 0.0 0.0 0.0 0.333 0.417 0.458 0.438 3.0 0.357 0.507 0.400
0.0 1.0 0.0 0.0 0.0 0.0 0.0 0.0 0.0 0.0 0.292 0.458 0.500 0.479 2.0 0.381 0.219 0.400
0.0 1.0 0.0 0.0 0.0 0.0 0.0 0.0 0.0 0.0 0.292 0.458 0.500 0.479 2.0 0.357 0.219 0.400
0.0 1.0 0.0 0.0 0.0 0.0 0.0 0.0 0.0 0.0 0.417 0.333 0.375 0.354 2.0 0.262 0.521 0.400
0.0 0.0 1.0 0.0 0.0 0.0 0.0 0.0 0.0 0.0 0.375 0.375 0.417 0.396 3.0 0.381 0.507 0.400
0.0 1.0 0.0 0.0 0.0 0.0 0.0 0.0 0.0 0.0 0.292 0.458 0.500 0.479 2.0 0.381 0.233 0.400
0.0 1.0 0.0 0.0 0.0 0.0 0.0 0.0 0.0 0.0 0.333 0.417 0.458 0.438 2.0 0.333 0.219 0.400
0.0 1.0 0.0 0.0 0.0 0.0 0.0 0.0 0.0 0.0 0.417 0.333 0.375 0.354 2.0 0.262 0.521 0.400
0.0 0.0 1.0 0.0 0.0 0.0 0.0 0.0 0.0 0.0 0.375 0.375 0.417 0.396 3.0 0.405 0.507 0.400
0.0 1.0 0.0 0.0 0.0 0.0 0.0 0.0 0.0 0.0 0.333 0.417 0.458 0.438 2.0 0.310 0.219 0.400
0.0 1.0 0.0 0.0 0.0 0.0 0.0 0.0 0.0 0.0 0.292 0.458 0.500 0.479 2.0 0.381 0.233 0.400
0.0 1.0 0.0 0.0 0.0 0.0 0.0 0.0 0.0 0.0 0.292 0.000 0.000 0.000 2.0 0.476 0.205 0.000
0.0 0.0 0.0 0.0 0.0 0.0 1.0 0.0 1.0 0.0 0.875 0.000 0.000 0.000 2.0 0.095 0.945 0.000
0.0 0.0 0.0 0.0 0.0 1.0 0.0 0.0 0.0 0.0 0.833 0.000 0.000 0.000 2.0 0.476 0.945 0.000
0.0 0.0 0.0 0.0 0.0 0.0 1.0 0.0 1.0 1.0 0.875 0.000 0.000 0.000 2.0 0.095 0.945 0.200
0.0 0.0 0.0 0.0 0.0 1.0 0.0 0.0 0.0 0.0 0.833 0.042 0.042 0.042 2.0 0.524 0.945 0.200
0.0 0.0 0.0 0.0 0.0 0.0 1.0 0.0 1.0 0.0 0.875 0.000 0.000 0.000 2.0 0.095 0.945 0.000
0.0 0.0 0.0 0.0 0.0 1.0 0.0 0.0 0.0 0.0 0.833 0.000 0.000 0.000 2.0 0.524 0.945 0.000
0.0 0.0 0.0 0.0 0.0 1.0 0.0 0.0 0.0 0.0 0.958 0.000 0.000 0.000 2.0 0.119 0.959 0.000
0.0 1.0 0.0 0.0 0.0 0.0 0.0 0.0 0.0 0.0 0.917 0.000 0.000 0.000 2.0 0.143 0.959 0.000
0.0 0.0 0.0 1.0 0.0 0.0 0.0 0.0 1.0 0.0 0.875 0.000 0.000 0.000 3.0 0.262 0.945 0.000
0.0 1.0 0.0 0.0 0.0 0.0 0.0 0.0 0.0 0.0 0.833 0.000 0.000 0.000 1.0 0.286 0.945 0.000
0.0 0.0 0.0 0.0 0.0 1.0 0.0 0.0 1.0 0.0 0.875 0.000 0.000 0.000 2.0 0.143 0.945 0.000
0.0 0.0 0.0 0.0 0.0 1.0 0.0 0.0 0.0 0.0 0.833 0.000 0.000 0.000 2.0 0.500 0.945 0.000
0.0 0.0 0.0 1.0 0.0 0.0 0.0 0.0 0.0 0.0 0.792 0.083 0.083 0.083 3.0 0.714 0.945 0.200
0.0 1.0 0.0 0.0 0.0 0.0 0.0 0.0 0.0 0.0 0.292 0.583 0.583 0.583 2.0 0.429 0.219 0.200
0.0 0.0 0.0 1.0 0.0 0.0 0.0 0.0 0.0 0.0 0.917 0.000 0.000 0.000 2.0 0.119 0.959 0.000
1.0 0.0 0.0 0.0 0.0 0.0 0.0 0.0 1.0 0.0 0.042 0.000 0.000 0.000 2.0 0.071 0.027 0.000
0.0 0.0 0.0 0.0 0.0 0.0 1.0 0.0 0.0 0.0 0.875 0.000 0.000 0.000 2.0 0.167 0.959 0.000
0.0 0.0 0.0 0.0 0.0 1.0 0.0 0.0 0.0 0.0 0.833 0.000 0.000 0.000 2.0 0.524 0.945 0.000
0.0 1.0 0.0 0.0 0.0 0.0 0.0 0.0 1.0 0.0 0.042 0.000 0.000 0.000 2.0 0.095 0.027 0.000
0.0 0.0 0.0 0.0 0.0 0.0 1.0 0.0 1.0 0.0 0.875 0.000 0.000 0.000 2.0 0.095 0.945 0.000
0.0 0.0 0.0 0.0 0.0 1.0 0.0 0.0 0.0 0.0 0.833 0.000 0.000 0.000 2.0 0.524 0.945 0.000
0.0 0.0 0.0 0.0 0.0 0.0 1.0 0.0 0.0 0.0 0.875 0.000 0.000 0.000 2.0 0.119 0.959 0.000
0.0 0.0 0.0 0.0 0.0 1.0 0.0 0.0 0.0 0.0 0.833 0.000 0.000 0.000 2.0 0.548 0.945 0.000
0.0 1.0 0.0 0.0 0.0 0.0 0.0 0.0 1.0 0.0 0.042 0.000 0.000 0.000 2.0 0.071 0.027 0.000
0.0 0.0 0.0 0.0 0.0 1.0 0.0 0.0 0.0 0.0 0.917 0.000 0.000 0.000 2.0 0.119 0.959 0.000
0.0 1.0 0.0 0.0 0.0 0.0 0.0 0.0 0.0 0.0 0.875 0.000 0.000 0.000 2.0 0.167 0.959 0.000
0.0 0.0 0.0 0.0 1.0 0.0 0.0 0.0 0.0 0.0 0.833 0.000 0.000 0.000 3.0 0.548 0.945 0.000
0.0 0.0 0.0 0.0 0.0 1.0 0.0 0.0 1.0 0.0 0.875 0.000 0.000 0.000 2.0 0.143 0.945 0.000
0.0 0.0 0.0 0.0 0.0 1.0 0.0 0.0 0.0 0.0 0.833 0.000 0.000 0.000 2.0 0.476 0.945 0.000
0.0 0.0 0.0 1.0 0.0 0.0 0.0 0.0 0.0 0.0 0.792 0.000 0.000 0.000 3.0 0.714 0.945 0.000
0.0 1.0 0.0 0.0 0.0 0.0 0.0 0.0 0.0 0.0 0.292 0.000 0.000 0.000 2.0 0.452 0.219 0.000
0.0 0.0 1.0 0.0 0.0 0.0 0.0 0.0 0.0 0.0 0.750 0.125 0.125 0.125 3.0 0.881 0.890 0.200
0.0 0.0 0.0 0.0 0.0 0.0 1.0 0.0 1.0 1.0 0.833 0.000 0.000 0.000 2.0 0.095 0.959 0.200
0.0 0.0 0.0 0.0 0.0 1.0 0.0 0.0 0.0 0.0 0.792 0.042 0.042 0.042 2.0 0.476 0.959 0.200
0.0 0.0 0.0 0.0 0.0 0.0 0.0 1.0 0.0 0.0 0.833 0.000 0.000 0.000 2.0 0.143 0.959 0.000
0.0 0.0 0.0 0.0 0.0 1.0 0.0 0.0 0.0 0.0 0.792 0.000 0.000 0.000 2.0 0.548 0.959 0.000
0.0 0.0 0.0 0.0 0.0 0.0 1.0 0.0 1.0 0.0 0.833 0.000 0.000 0.000 2.0 0.095 0.959 0.000
0.0 0.0 0.0 0.0 0.0 1.0 0.0 0.0 0.0 0.0 0.792 0.000 0.000 0.000 2.0 0.524 0.959 0.000
0.0 0.0 0.0 0.0 0.0 0.0 1.0 0.0 1.0 0.0 0.833 0.000 0.000 0.000 2.0 0.095 0.959 0.000
0.0 0.0 0.0 0.0 0.0 1.0 0.0 0.0 0.0 0.0 0.792 0.000 0.000 0.000 2.0 0.476 0.959 0.000
0.0 0.0 0.0 1.0 0.0 0.0 0.0 0.0 0.0 0.0 0.750 0.083 0.083 0.083 4.0 0.786 0.959 0.200
0.0 0.0 0.0 0.0 0.0 1.0 0.0 0.0 0.0 0.0 0.375 0.458 0.458 0.458 2.0 0.310 0.384 0.200
0.0 1.0 0.0 0.0 0.0 0.0 0.0 0.0 0.0 0.0 0.333 0.500 0.500 0.500 2.0 0.262 0.219 0.200
0.0 1.0 0.0 0.0 0.0 0.0 0.0 0.0 0.0 0.0 0.292 0.542 0.542 0.542 2.0 0.333 0.233 0.200
0.0 1.0 0.0 0.0 0.0 0.0 0.0 0.0 0.0 0.0 0.458 0.292 0.375 0.333 1.0 0.571 0.247 0.600
0.0 0.0 0.0 0.0 0.0 0.0 1.0 0.0 1.0 0.0 0.833 0.000 0.000 0.000 2.0 0.095 0.945 0.000
0.0 0.0 0.0 0.0 0.0 1.0 0.0 0.0 0.0 0.0 0.792 0.000 0.000 0.000 2.0 0.476 0.945 0.000
0.0 0.0 0.0 0.0 0.0 0.0 1.0 0.0 1.0 0.0 0.833 0.000 0.000 0.000 2.0 0.095 0.945 0.000
0.0 0.0 0.0 0.0 0.0 1.0 0.0 0.0 0.0 0.0 0.792 0.000 0.000 0.000 2.0 0.524 0.945 0.000
0.0 0.0 0.0 0.0 0.0 0.0 1.0 0.0 0.0 0.0 0.833 0.000 0.000 0.000 2.0 0.119 0.959 0.000
0.0 0.0 0.0 0.0 0.0 1.0 0.0 0.0 0.0 0.0 0.792 0.000 0.000 0.000 2.0 0.548 0.945 0.000
0.0 1.0 0.0 0.0 0.0 0.0 0.0 0.0 1.0 0.0 0.042 0.000 0.000 0.000 2.0 0.071 0.027 0.000
0.0 0.0 0.0 1.0 0.0 0.0 0.0 0.0 0.0 1.0 1.000 0.000 0.000 0.000 2.0 0.119 0.973 0.200
0.0 0.0 0.0 1.0 0.0 0.0 0.0 0.0 1.0 0.0 0.917 0.083 0.083 0.083 2.0 0.143 0.959 0.200
0.0 1.0 0.0 0.0 0.0 0.0 0.0 0.0 0.0 0.0 0.958 0.042 0.042 0.042 2.0 0.143 0.973 0.200
0.0 0.0 1.0 0.0 0.0 0.0 0.0 0.0 0.0 0.0 0.917 0.083 0.083 0.083 2.0 0.214 0.959 0.200
0.0 1.0 0.0 0.0 0.0 0.0 0.0 0.0 0.0 0.0 0.875 0.125 0.125 0.125 2.0 0.167 0.959 0.200
0.0 0.0 0.0 1.0 0.0 0.0 0.0 0.0 1.0 0.0 0.833 0.167 0.167 0.167 2.0 0.167 0.945 0.200
0.0 0.0 0.0 0.0 0.0 1.0 0.0 0.0 0.0 0.0 0.792 0.208 0.208 0.208 2.0 0.548 0.945 0.200
0.0 0.0 0.0 1.0 0.0 0.0 0.0 0.0 0.0 0.0 0.750 0.250 0.250 0.250 4.0 0.929 0.945 0.200
0.0 0.0 0.0 0.0 0.0 1.0 0.0 0.0 0.0 0.0 0.458 0.542 0.542 0.542 2.0 0.476 0.397 0.200
0.0 1.0 0.0 0.0 0.0 0.0 0.0 0.0 0.0 0.0 0.333 0.667 0.667 0.667 2.0 0.286 0.219 0.200
0.0 1.0 0.0 0.0 0.0 0.0 0.0 0.0 0.0 0.0 0.292 0.458 0.708 0.558 1.0 1.000 0.205 1.000
0.0 0.0 0.0 0.0 0.0 0.0 0.0 1.0 0.0 0.0 0.250 0.500 0.750 0.600 2.0 0.786 0.205 1.000
0.0 0.0 0.0 0.0 0.0 0.0 1.0 0.0 0.0 0.0 0.083 0.667 0.917 0.767 2.0 0.310 0.055 1.000
0.0 0.0 0.0 0.0 0.0 0.0 0.0 1.0 1.0 0.0 0.042 0.708 0.958 0.808 2.0 0.095 0.027 1.000
0.0 0.0 0.0 1.0 0.0 0.0 0.0 0.0 1.0 0.0 0.042 0.708 0.958 0.808 2.0 0.095 0.027 1.000
0.0 0.0 0.0 0.0 0.0 0.0 0.0 1.0 0.0 0.0 0.208 0.542 0.792 0.642 2.0 0.381 0.151 1.000
0.0 1.0 0.0 0.0 0.0 0.0 0.0 0.0 0.0 0.0 0.125 0.625 0.875 0.725 1.0 0.190 0.055 1.000
0.0 0.0 0.0 0.0 0.0 0.0 1.0 0.0 0.0 0.0 0.167 0.583 0.833 0.683 2.0 0.262 0.096 1.000
0.0 0.0 0.0 0.0 0.0 0.0 0.0 1.0 0.0 0.0 0.417 0.333 0.583 0.433 2.0 0.786 0.247 1.000
0.0 0.0 0.0 0.0 0.0 0.0 0.0 1.0 0.0 0.0 0.375 0.375 0.625 0.475 2.0 0.357 0.178 1.000
0.0 0.0 0.0 0.0 0.0 0.0 1.0 0.0 0.0 0.0 0.333 0.417 0.667 0.517 2.0 0.238 0.137 1.000
0.0 0.0 0.0 0.0 0.0 0.0 0.0 1.0 1.0 0.0 0.125 0.625 0.875 0.725 2.0 0.214 0.041 1.000
0.0 0.0 0.0 0.0 0.0 0.0 0.0 1.0 1.0 0.0 0.083 0.667 0.917 0.767 2.0 0.143 0.027 1.000
0.0 1.0 0.0 0.0 0.0 0.0 0.0 0.0 1.0 0.0 0.042 0.708 0.958 0.808 1.0 0.119 0.014 1.000
0.0 0.0 0.0 1.0 0.0 0.0 0.0 0.0 0.0 0.0 0.292 0.458 0.708 0.558 2.0 0.214 0.096 1.000
0.0 0.0 0.0 1.0 0.0 0.0 0.0 0.0 0.0 0.0 0.250 0.500 0.750 0.600 2.0 0.214 0.082 1.000
0.0 1.0 0.0 0.0 0.0 0.0 0.0 0.0 0.0 0.0 0.208 0.542 0.792 0.642 2.0 0.190 0.055 1.000
0.0 1.0 0.0 0.0 0.0 0.0 0.0 0.0 0.0 0.0 0.250 0.500 0.750 0.600 2.0 0.167 0.096 1.000
1.0 0.0 0.0 0.0 0.0 0.0 0.0 0.0 0.0 0.0 0.208 0.542 0.792 0.642 3.0 0.214 0.082 1.000
0.0 0.0 0.0 1.0 0.0 0.0 0.0 0.0 0.0 0.0 0.167 0.583 0.833 0.683 2.0 0.238 0.041 1.000
0.0 0.0 0.0 1.0 0.0 0.0 0.0 0.0 1.0 0.0 0.083 0.667 0.917 0.767 2.0 0.190 0.027 1.000
0.0 1.0 0.0 0.0 0.0 0.0 0.0 0.0 0.0 0.0 0.125 0.625 0.875 0.725 2.0 0.167 0.041 1.000
0.0 0.0 0.0 0.0 0.0 1.0 0.0 0.0 1.0 0.0 0.083 0.667 0.917 0.767 2.0 0.143 0.027 1.000
0.0 1.0 0.0 0.0 0.0 0.0 0.0 0.0 1.0 0.0 0.042 0.708 0.958 0.808 1.0 0.167 0.014 1.000
0.0 1.0 0.0 0.0 0.0 0.0 0.0 0.0 0.0 0.0 0.167 0.583 0.833 0.683 1.0 0.167 0.041 1.000
0.0 0.0 0.0 0.0 0.0 0.0 1.0 0.0 0.0 0.0 0.125 0.625 0.875 0.725 2.0 0.310 0.068 1.000
0.0 1.0 0.0 0.0 0.0 0.0 0.0 0.0 1.0 0.0 0.042 0.708 0.958 0.808 2.0 0.095 0.027 1.000
0.0 0.0 0.0 0.0 0.0 0.0 1.0 0.0 1.0 0.0 0.083 0.667 0.917 0.767 2.0 0.119 0.041 1.000
0.0 0.0 0.0 1.0 0.0 0.0 0.0 0.0 1.0 0.0 0.042 0.708 0.958 0.808 2.0 0.071 0.027 1.000
0.0 1.0 0.0 0.0 0.0 0.0 0.0 0.0 0.0 0.0 0.292 0.458 0.708 0.552 1.0 0.905 0.205 0.800
0.0 0.0 0.0 0.0 0.0 0.0 0.0 1.0 0.0 0.0 0.250 0.500 0.750 0.600 2.0 0.738 0.205 1.000
0.0 0.0 0.0 0.0 0.0 0.0 1.0 0.0 0.0 0.0 0.083 0.667 0.917 0.767 2.0 0.286 0.055 1.000
0.0 0.0 0.0 0.0 0.0 0.0 1.0 0.0 1.0 0.0 0.042 0.708 0.958 0.808 2.0 0.095 0.027 1.000
0.0 1.0 0.0 0.0 0.0 0.0 0.0 0.0 1.0 0.0 0.042 0.708 0.958 0.808 2.0 0.095 0.027 1.000
0.0 0.0 0.0 0.0 0.0 0.0 1.0 0.0 0.0 0.0 0.208 0.542 0.792 0.642 2.0 0.381 0.151 1.000
0.0 0.0 0.0 0.0 0.0 0.0 0.0 1.0 0.0 0.0 0.125 0.625 0.875 0.725 2.0 0.190 0.068 1.000
0.0 0.0 0.0 1.0 0.0 0.0 0.0 0.0 1.0 0.0 0.042 0.708 0.958 0.808 2.0 0.095 0.027 1.000
0.0 0.0 0.0 0.0 0.0 0.0 0.0 1.0 0.0 0.0 0.167 0.583 0.833 0.683 2.0 0.238 0.082 1.000
0.0 0.0 0.0 0.0 0.0 0.0 1.0 0.0 1.0 0.0 0.125 0.625 0.875 0.725 2.0 0.190 0.041 1.000
0.0 0.0 0.0 0.0 0.0 0.0 0.0 1.0 1.0 0.0 0.083 0.667 0.917 0.767 2.0 0.167 0.027 1.000
0.0 0.0 0.0 1.0 0.0 0.0 0.0 0.0 0.0 0.0 0.708 0.125 0.292 0.194 2.0 0.667 0.781 0.600
0.0 0.0 0.0 1.0 0.0 0.0 0.0 0.0 0.0 0.0 0.667 0.167 0.333 0.236 2.0 0.476 0.726 0.600
0.0 0.0 0.0 1.0 0.0 0.0 0.0 0.0 0.0 0.0 0.625 0.208 0.375 0.278 3.0 0.310 0.630 0.600
0.0 1.0 0.0 0.0 0.0 0.0 0.0 0.0 0.0 0.0 0.542 0.292 0.458 0.361 2.0 0.238 0.548 0.600
0.0 0.0 0.0 1.0 0.0 0.0 0.0 0.0 0.0 0.0 0.583 0.250 0.417 0.319 2.0 0.286 0.575 0.600
0.0 1.0 0.0 0.0 0.0 0.0 0.0 0.0 0.0 0.0 0.417 0.417 0.583 0.486 1.0 0.762 0.233 0.600
0.0 0.0 0.0 1.0 0.0 0.0 0.0 0.0 0.0 0.0 0.542 0.292 0.458 0.361 2.0 0.238 0.425 0.600
0.0 0.0 0.0 1.0 0.0 0.0 0.0 0.0 0.0 0.0 0.500 0.333 0.500 0.403 2.0 0.286 0.411 0.600
0.0 0.0 0.0 1.0 0.0 0.0 0.0 0.0 0.0 0.0 0.375 0.458 0.625 0.528 2.0 0.190 0.247 0.600
0.0 1.0 0.0 0.0 0.0 0.0 0.0 0.0 0.0 0.0 0.292 0.542 0.708 0.611 2.0 0.167 0.219 0.600
0.0 1.0 0.0 0.0 0.0 0.0 0.0 0.0 0.0 0.0 0.333 0.500 0.667 0.569 2.0 0.167 0.219 0.600
0.0 1.0 0.0 0.0 0.0 0.0 0.0 0.0 0.0 0.0 0.458 0.375 0.542 0.444 3.0 0.452 0.384 0.600
0.0 1.0 0.0 0.0 0.0 0.0 0.0 0.0 0.0 0.0 0.250 0.583 0.750 0.653 2.0 0.286 0.205 0.600
0.0 1.0 0.0 0.0 0.0 0.0 0.0 0.0 0.0 0.0 0.500 0.333 0.500 0.403 4.0 0.595 0.534 0.600
0.0 1.0 0.0 0.0 0.0 0.0 0.0 0.0 0.0 0.0 0.292 0.542 0.708 0.611 2.0 0.405 0.205 0.600
0.0 1.0 0.0 0.0 0.0 0.0 0.0 0.0 0.0 0.0 0.458 0.292 0.542 0.406 1.0 0.714 0.233 0.800
0.0 0.0 0.0 1.0 0.0 0.0 0.0 0.0 0.0 0.0 0.625 0.208 0.375 0.278 2.0 0.357 0.685 0.600
0.0 0.0 0.0 1.0 0.0 0.0 0.0 0.0 0.0 0.0 0.583 0.250 0.417 0.319 2.0 0.238 0.589 0.600
0.0 1.0 0.0 0.0 0.0 0.0 0.0 0.0 0.0 0.0 0.542 0.292 0.458 0.361 2.0 0.214 0.548 0.600
0.0 0.0 1.0 0.0 0.0 0.0 0.0 0.0 0.0 0.0 0.500 0.333 0.500 0.403 3.0 0.357 0.534 0.600
0.0 1.0 0.0 0.0 0.0 0.0 0.0 0.0 0.0 0.0 0.458 0.375 0.542 0.444 2.0 0.429 0.247 0.600
0.0 1.0 0.0 0.0 0.0 0.0 0.0 0.0 0.0 0.0 0.417 0.417 0.583 0.486 2.0 0.429 0.247 0.600
0.0 0.0 0.0 1.0 0.0 0.0 0.0 0.0 0.0 0.0 0.500 0.333 0.500 0.403 3.0 0.238 0.548 0.600
0.0 1.0 0.0 0.0 0.0 0.0 0.0 0.0 0.0 0.0 0.458 0.375 0.542 0.444 2.0 0.405 0.247 0.600
0.0 0.0 0.0 0.0 0.0 0.0 0.0 1.0 0.0 0.0 0.417 0.333 0.583 0.433 2.0 0.857 0.233 1.000
0.0 0.0 0.0 0.0 0.0 0.0 1.0 0.0 0.0 0.0 0.375 0.375 0.625 0.475 2.0 0.381 0.123 1.000
0.0 0.0 0.0 0.0 0.0 0.0 1.0 0.0 1.0 0.0 0.333 0.417 0.667 0.517 2.0 0.167 0.096 1.000
0.0 0.0 0.0 0.0 0.0 1.0 0.0 0.0 0.0 0.0 0.292 0.458 0.708 0.558 2.0 0.190 0.082 1.000
0.0 1.0 0.0 0.0 0.0 0.0 0.0 0.0 0.0 0.0 0.250 0.500 0.750 0.600 2.0 0.167 0.082 1.000
0.0 0.0 0.0 1.0 0.0 0.0 0.0 0.0 0.0 0.0 0.208 0.542 0.792 0.642 2.0 0.190 0.068 1.000
0.0 0.0 0.0 0.0 0.0 1.0 0.0 0.0 0.0 0.0 0.208 0.542 0.792 0.642 2.0 0.214 0.068 1.000
0.0 0.0 0.0 0.0 0.0 0.0 1.0 0.0 1.0 0.0 0.042 0.708 0.958 0.808 2.0 0.143 0.027 1.000
0.0 0.0 0.0 1.0 0.0 0.0 0.0 0.0 0.0 0.0 0.167 0.583 0.833 0.683 2.0 0.238 0.041 1.000
0.0 0.0 0.0 1.0 0.0 0.0 0.0 0.0 1.0 0.0 0.083 0.667 0.917 0.767 2.0 0.190 0.027 1.000
0.0 1.0 0.0 0.0 0.0 0.0 0.0 0.0 0.0 0.0 0.125 0.625 0.875 0.725 2.0 0.167 0.041 1.000
0.0 0.0 0.0 0.0 0.0 1.0 0.0 0.0 1.0 0.0 0.083 0.667 0.917 0.767 2.0 0.143 0.027 1.000
0.0 1.0 0.0 0.0 0.0 0.0 0.0 0.0 1.0 0.0 0.042 0.708 0.958 0.808 1.0 0.167 0.014 1.000
0.0 0.0 0.0 0.0 0.0 0.0 1.0 0.0 1.0 0.0 0.042 0.708 0.958 0.808 2.0 0.095 0.027 1.000
0.0 0.0 0.0 0.0 0.0 0.0 1.0 0.0 0.0 0.0 0.167 0.583 0.833 0.683 2.0 0.452 0.110 1.000
0.0 1.0 0.0 0.0 0.0 0.0 0.0 0.0 0.0 0.0 0.083 0.667 0.917 0.767 1.0 0.214 0.027 1.000
0.0 0.0 0.0 0.0 0.0 0.0 0.0 1.0 1.0 0.0 0.042 0.708 0.958 0.808 2.0 0.167 0.027 1.000
0.0 0.0 0.0 0.0 0.0 0.0 1.0 0.0 0.0 0.0 0.125 0.625 0.875 0.725 2.0 0.214 0.082 1.000
0.0 0.0 0.0 1.0 0.0 0.0 0.0 0.0 1.0 0.0 0.042 0.708 0.958 0.808 2.0 0.095 0.027 1.000
0.0 1.0 0.0 0.0 0.0 0.0 0.0 0.0 0.0 0.0 0.292 0.542 0.708 0.611 2.0 0.357 0.205 0.600
0.0 1.0 0.0 0.0 0.0 0.0 0.0 0.0 0.0 0.0 0.250 0.500 0.750 0.615 1.0 0.738 0.192 0.800
0.0 0.0 0.0 0.0 0.0 0.0 0.0 1.0 0.0 0.0 0.208 0.542 0.792 0.642 2.0 0.714 0.192 1.000
0.0 0.0 0.0 0.0 0.0 0.0 1.0 0.0 0.0 0.0 0.083 0.667 0.917 0.767 2.0 0.214 0.055 1.000
0.0 0.0 0.0 0.0 0.0 0.0 0.0 1.0 1.0 0.0 0.042 0.708 0.958 0.808 2.0 0.095 0.027 1.000
0.0 0.0 0.0 1.0 0.0 0.0 0.0 0.0 1.0 0.0 0.042 0.708 0.958 0.808 2.0 0.095 0.027 1.000
0.0 0.0 0.0 0.0 0.0 0.0 0.0 1.0 0.0 0.0 0.167 0.583 0.833 0.683 2.0 0.286 0.137 1.000
0.0 1.0 0.0 0.0 0.0 0.0 0.0 0.0 0.0 0.0 0.125 0.625 0.875 0.725 1.0 0.167 0.041 1.000
0.0 0.0 0.0 0.0 0.0 0.0 1.0 0.0 1.0 0.0 0.083 0.667 0.917 0.767 2.0 0.167 0.041 1.000
0.0 0.0 0.0 0.0 0.0 0.0 1.0 0.0 1.0 0.0 0.042 0.708 0.958 0.808 2.0 0.095 0.027 1.000
0.0 0.0 0.0 0.0 0.0 0.0 0.0 1.0 0.0 0.0 0.125 0.625 0.875 0.725 2.0 0.262 0.096 1.000
0.0 0.0 0.0 0.0 0.0 0.0 0.0 1.0 0.0 0.0 0.083 0.667 0.917 0.767 2.0 0.214 0.055 1.000
0.0 0.0 0.0 0.0 0.0 0.0 1.0 0.0 1.0 0.0 0.042 0.708 0.958 0.808 2.0 0.119 0.027 1.000
0.0 0.0 0.0 0.0 0.0 0.0 0.0 1.0 1.0 0.0 0.042 0.708 0.958 0.808 2.0 0.119 0.027 1.000
0.0 1.0 0.0 0.0 0.0 0.0 0.0 0.0 0.0 0.0 0.417 0.417 0.583 0.486 2.0 0.405 0.247 0.600
0.0 0.0 0.0 0.0 0.0 0.0 0.0 1.0 0.0 0.0 0.375 0.375 0.625 0.475 2.0 0.905 0.233 1.000
0.0 0.0 0.0 0.0 0.0 0.0 1.0 0.0 0.0 0.0 0.333 0.417 0.667 0.517 2.0 0.381 0.178 1.000
0.0 0.0 0.0 0.0 0.0 0.0 0.0 1.0 1.0 0.0 0.292 0.458 0.708 0.558 2.0 0.167 0.151 1.000
0.0 0.0 0.0 0.0 0.0 1.0 0.0 0.0 0.0 0.0 0.250 0.500 0.750 0.600 2.0 0.190 0.137 1.000
0.0 1.0 0.0 0.0 0.0 0.0 0.0 0.0 0.0 0.0 0.208 0.542 0.792 0.642 2.0 0.167 0.137 1.000
0.0 0.0 0.0 1.0 0.0 0.0 0.0 0.0 0.0 0.0 0.167 0.583 0.833 0.683 2.0 0.238 0.123 1.000
0.0 0.0 0.0 0.0 0.0 1.0 0.0 0.0 0.0 0.0 0.167 0.583 0.833 0.683 2.0 0.262 0.123 1.000
0.0 0.0 0.0 0.0 0.0 0.0 0.0 1.0 1.0 0.0 0.125 0.625 0.875 0.725 2.0 0.238 0.068 1.000
0.0 0.0 0.0 0.0 0.0 0.0 0.0 1.0 0.0 0.0 0.083 0.667 0.917 0.767 2.0 0.214 0.055 1.000
0.0 1.0 0.0 0.0 0.0 0.0 0.0 0.0 1.0 0.0 0.042 0.708 0.958 0.808 2.0 0.119 0.027 1.000
0.0 0.0 0.0 0.0 0.0 0.0 0.0 1.0 1.0 0.0 0.042 0.708 0.958 0.808 2.0 0.119 0.027 1.000
0.0 0.0 0.0 1.0 0.0 0.0 0.0 0.0 1.0 0.0 0.042 0.708 0.958 0.808 2.0 0.095 0.027 1.000
0.0 0.0 0.0 0.0 0.0 0.0 1.0 0.0 0.0 0.0 0.083 0.667 0.917 0.767 2.0 0.357 0.055 1.000
0.0 1.0 0.0 0.0 0.0 0.0 0.0 0.0 1.0 0.0 0.042 0.708 0.958 0.808 2.0 0.095 0.027 1.000
0.0 0.0 0.0 0.0 0.0 0.0 0.0 1.0 1.0 0.0 0.042 0.708 0.958 0.808 2.0 0.095 0.027 1.000
0.0 1.0 0.0 0.0 0.0 0.0 0.0 0.0 0.0 0.0 0.458 0.292 0.542 0.392 1.0 0.595 0.219 1.000
0.0 0.0 0.0 0.0 0.0 0.0 0.0 1.0 0.0 0.0 0.417 0.333 0.583 0.433 2.0 0.833 0.219 1.000
0.0 0.0 0.0 0.0 0.0 0.0 0.0 1.0 0.0 0.0 0.375 0.375 0.625 0.475 2.0 0.452 0.164 1.000
0.0 0.0 0.0 0.0 0.0 0.0 1.0 0.0 0.0 0.0 0.333 0.417 0.667 0.517 2.0 0.190 0.110 1.000
0.0 0.0 0.0 0.0 0.0 1.0 0.0 0.0 0.0 0.0 0.292 0.458 0.708 0.558 2.0 0.214 0.082 1.000
0.0 1.0 0.0 0.0 0.0 0.0 0.0 0.0 0.0 0.0 0.250 0.500 0.750 0.600 2.0 0.167 0.082 1.000
0.0 0.0 0.0 1.0 0.0 0.0 0.0 0.0 0.0 0.0 0.208 0.542 0.792 0.642 2.0 0.190 0.068 1.000
0.0 0.0 0.0 0.0 0.0 1.0 0.0 0.0 0.0 0.0 0.208 0.542 0.792 0.642 2.0 0.214 0.068 1.000
0.0 0.0 0.0 1.0 0.0 0.0 0.0 0.0 0.0 0.0 0.167 0.583 0.833 0.683 2.0 0.238 0.041 1.000
0.0 0.0 0.0 1.0 0.0 0.0 0.0 0.0 1.0 0.0 0.083 0.667 0.917 0.767 2.0 0.190 0.027 1.000
0.0 1.0 0.0 0.0 0.0 0.0 0.0 0.0 0.0 0.0 0.125 0.625 0.875 0.725 2.0 0.167 0.041 1.000
0.0 0.0 0.0 0.0 0.0 1.0 0.0 0.0 1.0 0.0 0.083 0.667 0.917 0.767 2.0 0.143 0.027 1.000
0.0 1.0 0.0 0.0 0.0 0.0 0.0 0.0 1.0 0.0 0.042 0.708 0.958 0.808 1.0 0.214 0.014 1.000
0.0 0.0 0.0 0.0 0.0 0.0 0.0 1.0 1.0 0.0 0.042 0.708 0.958 0.808 2.0 0.143 0.027 1.000
0.0 0.0 0.0 1.0 0.0 0.0 0.0 0.0 1.0 0.0 0.042 0.708 0.958 0.808 2.0 0.095 0.027 1.000
0.0 0.0 0.0 0.0 0.0 0.0 0.0 1.0 0.0 0.0 0.083 0.667 0.917 0.767 2.0 0.262 0.055 1.000
0.0 0.0 0.0 0.0 0.0 0.0 1.0 0.0 1.0 0.0 0.042 0.708 0.958 0.808 2.0 0.143 0.027 1.000
0.0 0.0 0.0 0.0 0.0 0.0 0.0 1.0 1.0 0.0 0.042 0.708 0.958 0.808 2.0 0.143 0.027 1.000
0.0 0.0 0.0 0.0 0.0 0.0 1.0 0.0 0.0 0.0 0.125 0.625 0.875 0.725 2.0 0.333 0.055 1.000
0.0 0.0 0.0 0.0 0.0 0.0 0.0 1.0 1.0 0.0 0.083 0.667 0.917 0.767 2.0 0.119 0.027 1.000
0.0 1.0 0.0 0.0 0.0 0.0 0.0 0.0 1.0 0.0 0.042 0.708 0.958 0.808 1.0 0.071 0.014 1.000
0.0 0.0 0.0 0.0 0.0 0.0 0.0 1.0 1.0 0.0 0.042 0.708 0.958 0.808 2.0 0.095 0.027 1.000
0.0 1.0 0.0 0.0 0.0 0.0 0.0 0.0 0.0 0.0 0.250 0.500 0.750 0.594 1.0 0.833 0.219 0.800
0.0 0.0 0.0 0.0 0.0 0.0 0.0 1.0 0.0 0.0 0.208 0.542 0.792 0.642 2.0 0.714 0.219 1.000
0.0 0.0 0.0 0.0 0.0 0.0 1.0 0.0 0.0 0.0 0.083 0.667 0.917 0.767 2.0 0.214 0.055 1.000
0.0 0.0 0.0 0.0 0.0 0.0 1.0 0.0 1.0 0.0 0.042 0.708 0.958 0.808 2.0 0.095 0.027 1.000
0.0 1.0 0.0 0.0 0.0 0.0 0.0 0.0 1.0 0.0 0.042 0.708 0.958 0.808 2.0 0.095 0.027 1.000
0.0 0.0 0.0 0.0 0.0 0.0 1.0 0.0 0.0 0.0 0.167 0.583 0.833 0.683 2.0 0.310 0.164 1.000
0.0 0.0 0.0 0.0 0.0 0.0 0.0 1.0 0.0 0.0 0.125 0.625 0.875 0.725 2.0 0.214 0.082 1.000
0.0 0.0 0.0 0.0 0.0 0.0 0.0 1.0 0.0 0.0 0.083 0.667 0.917 0.767 2.0 0.190 0.055 1.000
0.0 0.0 0.0 0.0 0.0 0.0 1.0 0.0 1.0 0.0 0.042 0.708 0.958 0.808 2.0 0.119 0.027 1.000
0.0 1.0 0.0 0.0 0.0 0.0 0.0 0.0 1.0 0.0 0.042 0.708 0.958 0.808 2.0 0.119 0.027 1.000
0.0 0.0 0.0 1.0 0.0 0.0 0.0 0.0 1.0 0.0 0.042 0.708 0.958 0.808 2.0 0.095 0.027 1.000
0.0 0.0 0.0 0.0 0.0 0.0 0.0 1.0 0.0 0.0 0.125 0.625 0.875 0.725 2.0 0.238 0.082 1.000
0.0 0.0 0.0 0.0 0.0 0.0 1.0 0.0 1.0 0.0 0.083 0.667 0.917 0.767 2.0 0.190 0.041 1.000
0.0 0.0 0.0 0.0 0.0 0.0 1.0 0.0 1.0 0.0 0.042 0.708 0.958 0.808 2.0 0.095 0.027 1.000
0.0 0.0 0.0 0.0 0.0 0.0 1.0 0.0 1.0 0.0 0.083 0.667 0.917 0.767 2.0 0.190 0.041 1.000
0.0 0.0 0.0 0.0 0.0 0.0 1.0 0.0 1.0 0.0 0.042 0.708 0.958 0.808 2.0 0.095 0.027 1.000
