0.0 0.0 0.0 1.0 0.0 0.0 0.0 0.0 0.0 0.0 0.333 0.296 0.444 2.0 0.556 0.263 0.323
0.0 0.0 0.0 1.0 0.0 0.0 0.0 0.0 0.0 0.0 0.341 0.289 0.437 2.0 0.611 0.274 0.323
0.0 0.0 1.0 0.0 0.0 0.0 0.0 0.0 0.0 0.0 0.356 0.274 0.422 2.0 0.389 0.284 0.323
0.0 0.0 0.0 1.0 0.0 0.0 0.0 0.0 0.0 0.0 0.348 0.281 0.430 2.0 0.500 0.274 0.323
0.0 0.0 0.0 1.0 0.0 0.0 0.0 0.0 0.0 0.0 0.348 0.281 0.430 2.0 0.500 0.274 0.323
0.0 0.0 0.0 1.0 0.0 0.0 0.0 0.0 0.0 0.0 0.363 0.267 0.415 2.0 0.556 0.284 0.323
0.0 0.0 0.0 1.0 0.0 0.0 0.0 0.0 0.0 0.0 0.370 0.259 0.407 2.0 0.667 0.337 0.323
0.0 0.0 0.0 1.0 0.0 0.0 0.0 0.0 0.0 0.0 0.378 0.252 0.400 2.0 0.500 0.337 0.323
0.0 0.0 0.0 1.0 0.0 0.0 0.0 0.0 0.0 0.0 0.385 0.244 0.393 2.0 0.611 0.347 0.323
0.0 0.0 0.0 1.0 0.0 0.0 0.0 0.0 0.0 0.0 0.393 0.237 0.385 2.0 0.444 0.347 0.323
0.0 0.0 0.0 1.0 0.0 0.0 0.0 0.0 0.0 0.0 0.400 0.230 0.378 2.0 0.556 0.358 0.323
0.0 0.0 0.0 1.0 0.0 0.0 0.0 0.0 0.0 0.0 0.407 0.222 0.370 2.0 0.667 0.358 0.323
