0.0 0.0 0.0 1.0 0.0 0.0 0.0 0.0 1.0 0.0 0.007 0.578 0.889 2.0 0.333 0.021 0.548
0.0 0.0 0.0 0.0 1.0 0.0 0.0 0.0 0.0 0.0 0.296 0.370 0.667 2.0 0.500 0.326 0.548
0.0 0.0 0.0 0.0 1.0 0.0 0.0 0.0 0.0 0.0 0.296 0.370 0.667 2.0 0.500 0.326 0.548
1.0 0.0 0.0 0.0 0.0 0.0 0.0 0.0 0.0 0.0 0.311 0.356 0.652 2.0 0.500 0.337 0.548
0.0 0.0 0.0 0.0 1.0 0.0 0.0 0.0 0.0 0.0 0.304 0.363 0.659 2.0 0.444 0.326 0.548
0.0 0.0 0.0 0.0 1.0 0.0 0.0 0.0 0.0 0.0 0.319 0.348 0.644 2.0 0.556 0.347 0.548
0.0 0.0 0.0 0.0 1.0 0.0 0.0 0.0 0.0 0.0 0.326 0.341 0.637 2.0 0.500 0.347 0.548
0.0 0.0 0.0 0.0 1.0 0.0 0.0 0.0 0.0 0.0 0.326 0.341 0.637 2.0 0.444 0.347 0.548
0.0 0.0 0.0 0.0 1.0 0.0 0.0 0.0 0.0 0.0 0.326 0.407 0.637 2.0 0.889 0.347 0.516
0.0 0.0 0.0 0.0 1.0 0.0 0.0 0.0 0.0 0.0 0.333 0.333 0.630 2.0 0.611 0.347 0.548
0.0 0.0 0.0 0.0 1.0 0.0 0.0 0.0 0.0 0.0 0.341 0.326 0.622 2.0 0.667 0.347 0.548
0.0 0.0 0.0 0.0 1.0 0.0 0.0 0.0 0.0 0.0 0.348 0.319 0.615 2.0 0.722 0.347 0.548
0.0 0.0 0.0 0.0 1.0 0.0 0.0 0.0 0.0 0.0 0.356 0.311 0.607 2.0 0.778 0.347 0.548
