3
85
200
499
586
599
604
623
646
667
681
828
834
848
867
899
935
1004
1010
1228
1298
1353
1404
1449
1471
1482
1579
1688
1701
1756
1857
1876
1964
1990
2146
2162
2174
2275
2375
2381
2489
2555
2562
2578
2818
2842
2943
2975
2982
3106
3124
3127
3174
3177
3188
3190
3195
3207
3269
3293
3448
3503
3518
3554
3567
3568
3573
3578
3580
3587
3593
3624
3628
3716
3724
3779
3785
3808
3810
3814
3837
3886
3923
3926
3929
3933
3937
3939
3944
3949
3951
3953
3955
3957
4025
4045
4161
4167
4173
4179
4193
4195
4230
4235
4256
4261
4297
4299
4301
4304
4307
4310
4318
4324
4326
4330
4334
4342
4345
4347
4355
4364
4401
4414
4417
4439
4441
4604
