0.0 0.0 0.0 1.0 0.0 0.0 0.0 0.0 1.0 0.0 0.222 0.370 0.519 2.0 0.833 0.211 0.323
0.0 0.0 1.0 0.0 0.0 0.0 0.0 0.0 0.0 0.0 0.230 0.378 0.526 2.0 0.778 0.200 0.323
0.0 0.0 0.0 0.0 1.0 0.0 0.0 0.0 0.0 0.0 0.237 0.385 0.533 2.0 0.722 0.189 0.323
0.0 1.0 0.0 0.0 0.0 0.0 0.0 0.0 0.0 0.0 0.244 0.393 0.541 2.0 0.667 0.179 0.323
0.0 0.0 0.0 0.0 0.0 1.0 0.0 0.0 0.0 0.0 0.252 0.400 0.548 2.0 0.611 0.168 0.323
0.0 0.0 0.0 0.0 0.0 0.0 1.0 0.0 0.0 0.0 0.259 0.407 0.556 2.0 0.556 0.158 0.323
0.0 0.0 0.0 0.0 0.0 0.0 0.0 1.0 0.0 0.0 0.267 0.415 0.563 2.0 0.500 0.147 0.323
1.0 0.0 0.0 0.0 0.0 0.0 0.0 0.0 0.0 0.0 0.274 0.422 0.570 2.0 0.444 0.137 0.323
0.0 1.0 0.0 0.0 0.0 0.0 0.0 0.0 0.0 0.0 0.281 0.430 0.578 2.0 0.389 0.126 0.323
0.0 0.0 1.0 0.0 0.0 0.0 0.0 0.0 0.0 0.0 0.289 0.437 0.585 2.0 0.333 0.116 0.323
0.0 0.0 0.0 1.0 0.0 0.0 0.0 0.0 0.0 0.0 0.296 0.444 0.593 2.0 0.278 0.105 0.323
0.0 0.0 0.0 0.0 1.0 0.0 0.0 0.0 0.0 0.0 0.304 0.452 0.600 2.0 0.222 0.095 0.323
0.0 0.0 0.0 0.0 0.0 1.0 0.0 0.0 0.0 0.0 0.311 0.459 0.607 2.0 0.167 0.084 0.323
0.0 0.0 0.0 0.0 0.0 0.0 1.0 0.0 0.0 0.0 0.319 0.467 0.615 2.0 0.111 0.074 0.323
0.0 0.0 0.0 0.0 0.0 0.0 0.0 1.0 0.0 0.0 0.326 0.474 0.622 2.0 0.056 0.063 0.323
1.0 0.0 0.0 0.0 0.0 0.0 0.0 0.0 0.0 0.0 0.333 0.481 0.630 2.0 0.000 0.053 0.323
0.0 1.0 0.0 0.0 0.0 0.0 0.0 0.0 0.0 0.0 0.341 0.489 0.637 2.0 0.000 0.042 0.323
