0.0 0.0 0.0 0.0 0.0 0.0 1.0 0.0 1.0 0.0 0.821 0.000 0.000 0.000 2.0 0.077 0.947 0.000
0.0 0.0 0.0 0.0 0.0 1.0 0.0 0.0 0.0 0.0 0.786 0.000 0.000 0.000 2.0 0.385 0.947 0.000
0.0 0.0 0.0 0.0 0.0 0.0 1.0 0.0 0.0 0.0 0.821 0.000 0.000 0.000 2.0 0.096 0.960 0.000
0.0 1.0 0.0 0.0 0.0 0.0 0.0 0.0 1.0 0.0 0.036 0.000 0.000 0.000 2.0 0.058 0.027 0.000
0.0 0.0 0.0 0.0 0.0 1.0 0.0 0.0 0.0 0.0 0.786 0.000 0.000 0.000 2.0 0.385 0.947 0.000
0.0 0.0 0.0 0.0 0.0 0.0 1.0 0.0 1.0 0.0 0.821 0.000 0.000 0.000 2.0 0.077 0.947 0.000
0.0 0.0 0.0 0.0 0.0 1.0 0.0 0.0 0.0 0.0 0.786 0.000 0.000 0.000 2.0 0.346 0.947 0.000
0.0 0.0 0.0 0.0 0.0 0.0 1.0 0.0 0.0 1.0 0.821 0.000 0.000 0.000 2.0 0.096 0.960 0.200
0.0 0.0 0.0 0.0 0.0 1.0 0.0 0.0 0.0 0.0 0.786 0.036 0.036 0.036 2.0 0.327 0.947 0.200
0.0 0.0 0.0 1.0 0.0 0.0 0.0 0.0 0.0 0.0 0.750 0.071 0.071 0.071 4.0 0.673 0.947 0.200
0.0 0.0 0.0 0.0 0.0 1.0 0.0 0.0 0.0 0.0 0.571 0.250 0.250 0.250 2.0 0.404 0.413 0.200
0.0 1.0 0.0 0.0 0.0 0.0 0.0 0.0 0.0 0.0 0.357 0.464 0.464 0.464 2.0 0.212 0.213 0.200
0.0 1.0 0.0 0.0 0.0 0.0 0.0 0.0 0.0 0.0 0.500 0.321 0.321 0.321 2.0 0.288 0.227 0.200
0.0 1.0 0.0 0.0 0.0 0.0 0.0 0.0 1.0 0.0 0.036 0.786 0.786 0.786 2.0 0.058 0.027 0.200
0.0 0.0 0.0 0.0 0.0 0.0 1.0 0.0 1.0 0.0 0.821 0.000 0.000 0.000 2.0 0.077 0.933 0.000
0.0 0.0 0.0 0.0 0.0 1.0 0.0 0.0 0.0 0.0 0.786 0.000 0.000 0.000 2.0 0.385 0.933 0.000
0.0 0.0 0.0 0.0 0.0 0.0 1.0 0.0 1.0 0.0 0.821 0.000 0.000 0.000 2.0 0.077 0.933 0.000
0.0 0.0 0.0 0.0 0.0 1.0 0.0 0.0 0.0 0.0 0.786 0.000 0.000 0.000 2.0 0.365 0.933 0.000
0.0 0.0 0.0 1.0 0.0 0.0 0.0 0.0 0.0 0.0 0.857 0.000 0.000 0.000 2.0 0.115 0.947 0.000
0.0 1.0 0.0 0.0 0.0 0.0 0.0 0.0 0.0 0.0 0.071 0.000 0.000 0.000 2.0 0.096 0.027 0.000
0.0 0.0 0.0 0.0 0.0 0.0 1.0 0.0 0.0 0.0 0.821 0.000 0.000 0.000 2.0 0.154 0.947 0.000
0.0 0.0 0.0 0.0 0.0 1.0 0.0 0.0 0.0 0.0 0.786 0.000 0.000 0.000 2.0 0.385 0.933 0.000
1.0 0.0 0.0 0.0 0.0 0.0 0.0 0.0 0.0 0.0 0.071 0.000 0.000 0.000 2.0 0.115 0.027 0.000
0.0 1.0 0.0 0.0 0.0 0.0 0.0 0.0 1.0 0.0 0.036 0.000 0.000 0.000 1.0 0.096 0.013 0.000
0.0 0.0 0.0 0.0 0.0 0.0 1.0 0.0 1.0 0.0 0.821 0.000 0.000 0.000 2.0 0.077 0.933 0.000
0.0 0.0 0.0 0.0 0.0 1.0 0.0 0.0 0.0 0.0 0.786 0.000 0.000 0.000 2.0 0.308 0.933 0.000
0.0 0.0 0.0 1.0 0.0 0.0 0.0 0.0 0.0 0.0 0.750 0.000 0.000 0.000 4.0 0.827 0.933 0.000
0.0 0.0 0.0 0.0 0.0 1.0 0.0 0.0 0.0 0.0 0.464 0.000 0.000 0.000 2.0 0.404 0.360 0.000
0.0 1.0 0.0 0.0 0.0 0.0 0.0 0.0 0.0 0.0 0.357 0.000 0.000 0.000 2.0 0.212 0.213 0.000
0.0 0.0 0.0 0.0 0.0 0.0 1.0 0.0 1.0 0.0 0.821 0.000 0.000 0.000 2.0 0.077 0.947 0.000
0.0 0.0 0.0 0.0 0.0 1.0 0.0 0.0 0.0 0.0 0.786 0.000 0.000 0.000 2.0 0.385 0.947 0.000
0.0 0.0 0.0 0.0 0.0 0.0 1.0 0.0 1.0 0.0 0.821 0.000 0.000 0.000 2.0 0.077 0.947 0.000
0.0 0.0 0.0 0.0 0.0 1.0 0.0 0.0 0.0 0.0 0.786 0.000 0.000 0.000 2.0 0.365 0.947 0.000
0.0 0.0 0.0 1.0 0.0 0.0 0.0 0.0 0.0 1.0 0.857 0.000 0.000 0.000 2.0 0.096 0.960 0.200
1.0 0.0 0.0 0.0 0.0 0.0 0.0 0.0 1.0 0.0 0.036 0.821 0.821 0.821 2.0 0.058 0.027 0.200
0.0 0.0 0.0 0.0 0.0 0.0 1.0 0.0 0.0 0.0 0.821 0.036 0.036 0.036 2.0 0.135 0.960 0.200
0.0 0.0 0.0 0.0 0.0 1.0 0.0 0.0 0.0 0.0 0.786 0.071 0.071 0.071 2.0 0.385 0.947 0.200
0.0 1.0 0.0 0.0 0.0 0.0 0.0 0.0 1.0 0.0 0.036 0.821 0.821 0.821 2.0 0.077 0.027 0.200
0.0 0.0 0.0 0.0 0.0 0.0 0.0 1.0 0.0 0.0 0.821 0.000 0.000 0.000 2.0 0.135 0.947 0.000
0.0 0.0 0.0 0.0 0.0 1.0 0.0 0.0 0.0 0.0 0.786 0.000 0.000 0.000 2.0 0.327 0.947 0.000
0.0 0.0 0.0 1.0 0.0 0.0 0.0 0.0 0.0 0.0 0.750 0.107 0.107 0.107 4.0 0.692 0.947 0.200
0.0 0.0 0.0 0.0 0.0 1.0 0.0 0.0 0.0 0.0 0.536 0.321 0.321 0.321 2.0 0.250 0.387 0.200
0.0 1.0 0.0 0.0 0.0 0.0 0.0 0.0 0.0 0.0 0.500 0.357 0.357 0.357 2.0 0.192 0.227 0.200
0.0 1.0 0.0 0.0 0.0 0.0 0.0 0.0 0.0 0.0 0.393 0.464 0.464 0.464 2.0 0.192 0.227 0.200
0.0 0.0 0.0 0.0 0.0 1.0 0.0 0.0 0.0 0.0 0.893 0.000 0.000 0.000 2.0 0.096 0.947 0.000
0.0 1.0 0.0 0.0 0.0 0.0 0.0 0.0 0.0 0.0 0.857 0.000 0.000 0.000 2.0 0.115 0.947 0.000
0.0 0.0 0.0 1.0 0.0 0.0 0.0 0.0 1.0 0.0 0.821 0.000 0.000 0.000 3.0 0.231 0.933 0.000
0.0 1.0 0.0 0.0 0.0 0.0 0.0 0.0 0.0 0.0 0.786 0.000 0.000 0.000 1.0 0.250 0.933 0.000
0.0 0.0 0.0 0.0 0.0 1.0 0.0 0.0 1.0 0.0 0.821 0.000 0.000 0.000 2.0 0.115 0.933 0.000
0.0 0.0 0.0 0.0 0.0 1.0 0.0 0.0 0.0 0.0 0.786 0.000 0.000 0.000 2.0 0.423 0.933 0.000
0.0 0.0 0.0 0.0 0.0 0.0 1.0 0.0 0.0 0.0 0.821 0.000 0.000 0.000 2.0 0.096 0.947 0.000
0.0 1.0 0.0 0.0 0.0 0.0 0.0 0.0 1.0 0.0 0.036 0.000 0.000 0.000 2.0 0.058 0.027 0.000
0.0 0.0 0.0 0.0 0.0 1.0 0.0 0.0 0.0 0.0 0.786 0.000 0.000 0.000 2.0 0.404 0.933 0.000
0.0 0.0 0.0 0.0 0.0 0.0 1.0 0.0 0.0 0.0 0.821 0.000 0.000 0.000 2.0 0.096 0.947 0.000
0.0 0.0 0.0 0.0 0.0 1.0 0.0 0.0 0.0 0.0 0.786 0.000 0.000 0.000 2.0 0.385 0.933 0.000
0.0 1.0 0.0 0.0 0.0 0.0 0.0 0.0 1.0 0.0 0.036 0.000 0.000 0.000 2.0 0.058 0.027 0.000
0.0 0.0 0.0 0.0 0.0 0.0 1.0 0.0 1.0 0.0 0.821 0.000 0.000 0.000 2.0 0.077 0.933 0.000
0.0 0.0 0.0 0.0 0.0 1.0 0.0 0.0 0.0 0.0 0.786 0.000 0.000 0.000 2.0 0.327 0.933 0.000
0.0 0.0 0.0 1.0 0.0 0.0 0.0 0.0 0.0 0.0 0.750 0.000 0.000 0.000 4.0 0.731 0.933 0.000
0.0 0.0 0.0 0.0 0.0 1.0 0.0 0.0 0.0 0.0 0.643 0.000 0.000 0.000 2.0 0.423 0.427 0.000
0.0 1.0 0.0 0.0 0.0 0.0 0.0 0.0 0.0 0.0 0.607 0.000 0.000 0.000 2.0 0.192 0.293 0.000
0.0 0.0 0.0 1.0 0.0 0.0 0.0 0.0 0.0 0.0 0.714 0.107 0.143 0.125 4.0 1.000 0.733 0.400
0.0 0.0 0.0 1.0 0.0 0.0 0.0 0.0 0.0 0.0 0.679 0.143 0.179 0.161 4.0 0.673 0.627 0.400
0.0 1.0 0.0 0.0 0.0 0.0 0.0 0.0 0.0 0.0 0.643 0.179 0.214 0.196 2.0 0.288 0.267 0.400
0.0 0.0 0.0 1.0 0.0 0.0 0.0 0.0 0.0 0.0 0.679 0.143 0.179 0.161 4.0 0.423 0.653 0.400
0.0 1.0 0.0 0.0 0.0 0.0 0.0 0.0 0.0 0.0 0.321 0.500 0.536 0.518 2.0 0.269 0.240 0.400
0.0 1.0 0.0 0.0 0.0 0.0 0.0 0.0 0.0 0.0 0.643 0.179 0.214 0.196 2.0 0.288 0.267 0.400
0.0 1.0 0.0 0.0 0.0 0.0 0.0 0.0 0.0 0.0 0.357 0.464 0.500 0.482 2.0 0.308 0.227 0.400
0.0 0.0 0.0 1.0 0.0 0.0 0.0 0.0 0.0 0.0 0.607 0.214 0.250 0.232 4.0 0.538 0.640 0.400
0.0 1.0 0.0 0.0 0.0 0.0 0.0 0.0 0.0 0.0 0.429 0.393 0.429 0.411 2.0 0.250 0.240 0.400
0.0 1.0 0.0 0.0 0.0 0.0 0.0 0.0 0.0 0.0 0.357 0.464 0.500 0.482 2.0 0.308 0.227 0.400
0.0 0.0 0.0 1.0 0.0 0.0 0.0 0.0 0.0 0.0 0.643 0.179 0.214 0.196 4.0 0.481 0.653 0.400
0.0 1.0 0.0 0.0 0.0 0.0 0.0 0.0 0.0 0.0 0.286 0.536 0.571 0.554 2.0 0.269 0.240 0.400
0.0 1.0 0.0 0.0 0.0 0.0 0.0 0.0 0.0 0.0 0.607 0.214 0.250 0.232 2.0 0.250 0.267 0.400
0.0 1.0 0.0 0.0 0.0 0.0 0.0 0.0 0.0 0.0 0.429 0.393 0.429 0.411 2.0 0.250 0.240 0.400
0.0 1.0 0.0 0.0 0.0 0.0 0.0 0.0 0.0 0.0 0.357 0.464 0.500 0.482 1.0 0.538 0.213 0.400
0.0 0.0 0.0 0.0 0.0 1.0 0.0 0.0 0.0 0.0 1.000 0.000 0.000 0.000 2.0 0.096 1.000 0.000
0.0 1.0 0.0 0.0 0.0 0.0 0.0 0.0 0.0 0.0 0.964 0.000 0.000 0.000 2.0 0.096 1.000 0.000
0.0 0.0 1.0 0.0 0.0 0.0 0.0 0.0 1.0 0.0 0.929 0.000 0.000 0.000 2.0 0.115 0.987 0.000
0.0 0.0 0.0 0.0 0.0 1.0 0.0 0.0 1.0 0.0 0.929 0.000 0.000 0.000 2.0 0.115 0.987 0.000
0.0 1.0 0.0 0.0 0.0 0.0 0.0 0.0 0.0 0.0 0.893 0.000 0.000 0.000 2.0 0.154 0.987 0.000
0.0 0.0 0.0 0.0 1.0 0.0 0.0 0.0 0.0 0.0 0.857 0.000 0.000 0.000 2.0 0.423 0.973 0.000
0.0 0.0 0.0 0.0 0.0 0.0 1.0 0.0 1.0 1.0 0.893 0.000 0.000 0.000 2.0 0.077 0.973 0.200
0.0 0.0 0.0 0.0 0.0 1.0 0.0 0.0 0.0 0.0 0.857 0.036 0.036 0.036 2.0 0.385 0.973 0.200
0.0 0.0 0.0 0.0 0.0 0.0 0.0 1.0 0.0 0.0 0.893 0.000 0.000 0.000 2.0 0.154 0.973 0.000
0.0 0.0 0.0 0.0 0.0 1.0 0.0 0.0 0.0 0.0 0.857 0.000 0.000 0.000 2.0 0.327 0.973 0.000
0.0 0.0 0.0 0.0 0.0 0.0 1.0 0.0 1.0 0.0 0.893 0.000 0.000 0.000 2.0 0.077 0.973 0.000
0.0 0.0 0.0 0.0 0.0 1.0 0.0 0.0 0.0 0.0 0.857 0.000 0.000 0.000 2.0 0.365 0.973 0.000
0.0 0.0 0.0 1.0 0.0 0.0 0.0 0.0 0.0 0.0 0.821 0.071 0.071 0.071 4.0 0.615 0.973 0.200
0.0 0.0 0.0 0.0 0.0 1.0 0.0 0.0 0.0 0.0 0.393 0.500 0.500 0.500 2.0 0.558 0.373 0.200
0.0 1.0 0.0 0.0 0.0 0.0 0.0 0.0 0.0 0.0 0.643 0.250 0.250 0.250 2.0 0.346 0.267 0.200
0.0 0.0 0.0 0.0 0.0 0.0 1.0 0.0 1.0 0.0 0.893 0.000 0.000 0.000 2.0 0.077 0.987 0.000
0.0 0.0 0.0 0.0 0.0 1.0 0.0 0.0 0.0 0.0 0.857 0.000 0.000 0.000 2.0 0.385 0.987 0.000
0.0 0.0 0.0 0.0 0.0 0.0 1.0 0.0 0.0 0.0 0.893 0.000 0.000 0.000 2.0 0.096 1.000 0.000
0.0 0.0 0.0 0.0 0.0 1.0 0.0 0.0 0.0 0.0 0.857 0.000 0.000 0.000 2.0 0.404 0.987 0.000
0.0 1.0 0.0 0.0 0.0 0.0 0.0 0.0 1.0 0.0 0.036 0.000 0.000 0.000 2.0 0.058 0.027 0.000
0.0 0.0 0.0 0.0 0.0 0.0 1.0 0.0 1.0 0.0 0.893 0.000 0.000 0.000 2.0 0.077 0.987 0.000
0.0 0.0 0.0 0.0 0.0 1.0 0.0 0.0 0.0 0.0 0.857 0.000 0.000 0.000 2.0 0.308 0.987 0.000
0.0 0.0 0.0 0.0 0.0 0.0 1.0 0.0 1.0 0.0 0.893 0.000 0.000 0.000 2.0 0.077 0.987 0.000
0.0 0.0 0.0 0.0 0.0 1.0 0.0 0.0 0.0 0.0 0.857 0.000 0.000 0.000 2.0 0.365 0.987 0.000
0.0 0.0 0.0 1.0 0.0 0.0 0.0 0.0 0.0 0.0 0.821 0.000 0.000 0.000 4.0 0.692 0.987 0.000
0.0 0.0 0.0 0.0 0.0 1.0 0.0 0.0 0.0 0.0 0.464 0.000 0.000 0.000 2.0 0.250 0.400 0.000
0.0 1.0 0.0 0.0 0.0 0.0 0.0 0.0 0.0 0.0 0.357 0.000 0.000 0.000 2.0 0.269 0.227 0.000
0.0 1.0 0.0 0.0 0.0 0.0 0.0 0.0 0.0 0.0 0.429 0.000 0.000 0.000 2.0 0.212 0.240 0.000
0.0 0.0 0.0 1.0 0.0 0.0 0.0 0.0 0.0 1.0 0.964 0.000 0.000 0.000 2.0 0.096 1.000 0.200
0.0 0.0 0.0 1.0 0.0 0.0 0.0 0.0 1.0 0.0 0.893 0.071 0.071 0.071 2.0 0.135 0.987 0.200
0.0 1.0 0.0 0.0 0.0 0.0 0.0 0.0 0.0 0.0 0.929 0.036 0.036 0.036 2.0 0.096 1.000 0.200
0.0 0.0 0.0 0.0 0.0 1.0 0.0 0.0 1.0 0.0 0.893 0.071 0.071 0.071 2.0 0.135 0.987 0.200
0.0 0.0 0.0 0.0 1.0 0.0 0.0 0.0 0.0 0.0 0.857 0.107 0.107 0.107 2.0 0.462 0.987 0.200
0.0 0.0 0.0 0.0 0.0 0.0 1.0 0.0 1.0 0.0 0.893 0.000 0.000 0.000 2.0 0.077 0.987 0.000
0.0 0.0 0.0 0.0 0.0 1.0 0.0 0.0 0.0 0.0 0.857 0.000 0.000 0.000 2.0 0.404 0.987 0.000
0.0 0.0 0.0 0.0 0.0 0.0 1.0 0.0 1.0 0.0 0.893 0.000 0.000 0.000 2.0 0.077 0.987 0.000
0.0 0.0 0.0 0.0 0.0 1.0 0.0 0.0 0.0 0.0 0.857 0.000 0.000 0.000 2.0 0.327 0.987 0.000
0.0 0.0 0.0 0.0 0.0 1.0 0.0 0.0 0.0 0.0 0.929 0.000 0.000 0.000 2.0 0.096 1.000 0.000
0.0 1.0 0.0 0.0 0.0 0.0 0.0 0.0 0.0 0.0 0.893 0.000 0.000 0.000 2.0 0.135 1.000 0.000
0.0 0.0 0.0 0.0 0.0 1.0 0.0 0.0 0.0 0.0 0.857 0.000 0.000 0.000 3.0 0.404 0.987 0.000
0.0 1.0 0.0 0.0 0.0 0.0 0.0 0.0 1.0 0.0 0.036 0.000 0.000 0.000 1.0 0.096 0.013 0.000
0.0 0.0 0.0 0.0 0.0 1.0 0.0 0.0 1.0 0.0 0.893 0.000 0.000 0.000 2.0 0.115 0.987 0.000
0.0 0.0 0.0 0.0 0.0 1.0 0.0 0.0 0.0 0.0 0.857 0.000 0.000 0.000 2.0 0.385 0.987 0.000
0.0 0.0 0.0 1.0 0.0 0.0 0.0 0.0 0.0 0.0 0.821 0.143 0.143 0.143 4.0 0.846 0.987 0.200
0.0 0.0 0.0 0.0 0.0 1.0 0.0 0.0 0.0 0.0 0.679 0.286 0.286 0.286 2.0 0.269 0.440 0.200
0.0 1.0 0.0 0.0 0.0 0.0 0.0 0.0 0.0 0.0 0.321 0.643 0.643 0.643 2.0 0.231 0.240 0.200
0.0 1.0 0.0 0.0 0.0 0.0 0.0 0.0 0.0 0.0 0.286 0.536 0.679 0.595 1.0 0.577 0.227 0.600
0.0 1.0 0.0 0.0 0.0 0.0 0.0 0.0 0.0 0.0 0.643 0.321 0.321 0.321 2.0 0.250 0.267 0.200
0.0 1.0 0.0 0.0 0.0 0.0 0.0 0.0 0.0 0.0 0.607 0.214 0.357 0.277 1.0 0.538 0.253 0.800
0.0 1.0 0.0 0.0 0.0 0.0 0.0 0.0 0.0 0.0 0.393 0.429 0.571 0.488 1.0 0.654 0.227 0.600
0.0 0.0 0.0 0.0 0.0 0.0 1.0 0.0 1.0 0.0 0.893 0.000 0.000 0.000 2.0 0.077 1.000 0.000
0.0 0.0 0.0 0.0 0.0 1.0 0.0 0.0 0.0 0.0 0.857 0.000 0.000 0.000 2.0 0.385 1.000 0.000
0.0 0.0 0.0 0.0 0.0 0.0 1.0 0.0 1.0 0.0 0.893 0.000 0.000 0.000 2.0 0.077 1.000 0.000
0.0 0.0 0.0 0.0 0.0 1.0 0.0 0.0 0.0 0.0 0.857 0.000 0.000 0.000 2.0 0.385 1.000 0.000
0.0 0.0 0.0 0.0 0.0 0.0 1.0 0.0 1.0 0.0 0.893 0.000 0.000 0.000 2.0 0.077 1.000 0.000
0.0 0.0 0.0 0.0 0.0 1.0 0.0 0.0 0.0 0.0 0.857 0.000 0.000 0.000 2.0 0.308 1.000 0.000
0.0 1.0 0.0 0.0 0.0 0.0 0.0 0.0 0.0 0.0 0.357 0.500 0.500 0.500 1.0 0.481 0.213 0.200
0.0 0.0 0.0 0.0 0.0 0.0 0.0 1.0 0.0 1.0 0.893 0.000 0.000 0.000 2.0 0.135 1.000 0.200
0.0 0.0 0.0 0.0 0.0 1.0 0.0 0.0 0.0 0.0 0.857 0.036 0.036 0.036 2.0 0.385 1.000 0.200
0.0 0.0 0.0 1.0 0.0 0.0 0.0 0.0 0.0 0.0 0.821 0.071 0.071 0.071 4.0 0.577 1.000 0.200
0.0 0.0 0.0 1.0 0.0 0.0 0.0 0.0 0.0 0.0 0.786 0.107 0.179 0.131 3.0 0.827 0.787 0.600
0.0 0.0 0.0 1.0 0.0 0.0 0.0 0.0 0.0 0.0 0.571 0.321 0.393 0.345 4.0 0.538 0.653 0.600
0.0 1.0 0.0 0.0 0.0 0.0 0.0 0.0 0.0 0.0 0.357 0.536 0.607 0.560 2.0 0.250 0.213 0.600
0.0 1.0 0.0 0.0 0.0 0.0 0.0 0.0 0.0 0.0 0.357 0.536 0.607 0.560 2.0 0.308 0.227 0.600
0.0 0.0 0.0 1.0 0.0 0.0 0.0 0.0 0.0 0.0 0.750 0.143 0.214 0.167 2.0 0.385 0.707 0.600
0.0 0.0 0.0 1.0 0.0 0.0 0.0 0.0 0.0 0.0 0.714 0.179 0.250 0.202 2.0 0.154 0.640 0.600
0.0 1.0 0.0 0.0 0.0 0.0 0.0 0.0 0.0 0.0 0.643 0.250 0.321 0.274 2.0 0.173 0.600 0.600
0.0 1.0 0.0 0.0 0.0 0.0 0.0 0.0 0.0 0.0 0.679 0.214 0.286 0.238 2.0 0.173 0.600 0.600
0.0 0.0 0.0 1.0 0.0 0.0 0.0 0.0 0.0 0.0 0.750 0.143 0.214 0.167 2.0 0.365 0.733 0.600
0.0 0.0 0.0 1.0 0.0 0.0 0.0 0.0 0.0 0.0 0.714 0.179 0.250 0.202 3.0 0.231 0.667 0.600
0.0 1.0 0.0 0.0 0.0 0.0 0.0 0.0 0.0 0.0 0.679 0.214 0.286 0.238 2.0 0.192 0.600 0.600
0.0 0.0 1.0 0.0 0.0 0.0 0.0 0.0 0.0 0.0 0.643 0.250 0.321 0.274 3.0 0.365 0.587 0.600
0.0 1.0 0.0 0.0 0.0 0.0 0.0 0.0 0.0 0.0 0.607 0.286 0.357 0.310 2.0 0.231 0.293 0.600
0.0 1.0 0.0 0.0 0.0 0.0 0.0 0.0 0.0 0.0 0.500 0.393 0.464 0.417 2.0 0.231 0.227 0.600
0.0 1.0 0.0 0.0 0.0 0.0 0.0 0.0 0.0 0.0 0.464 0.357 0.500 0.421 1.0 0.596 0.213 1.000
0.0 0.0 0.0 1.0 0.0 0.0 0.0 0.0 0.0 0.0 0.643 0.250 0.321 0.274 3.0 0.365 0.587 0.600
0.0 1.0 0.0 0.0 0.0 0.0 0.0 0.0 0.0 0.0 0.357 0.536 0.607 0.560 2.0 0.288 0.227 0.600
0.0 1.0 0.0 0.0 0.0 0.0 0.0 0.0 0.0 0.0 0.607 0.286 0.357 0.310 2.0 0.212 0.293 0.600
0.0 1.0 0.0 0.0 0.0 0.0 0.0 0.0 0.0 0.0 0.643 0.250 0.321 0.274 2.0 0.192 0.600 0.600
0.0 0.0 1.0 0.0 0.0 0.0 0.0 0.0 0.0 0.0 0.607 0.286 0.357 0.310 3.0 0.288 0.587 0.600
0.0 1.0 0.0 0.0 0.0 0.0 0.0 0.0 0.0 0.0 0.357 0.536 0.607 0.560 2.0 0.308 0.227 0.600
0.0 0.0 0.0 0.0 0.0 0.0 0.0 1.0 0.0 0.0 0.321 0.500 0.643 0.564 2.0 0.788 0.213 1.000
0.0 0.0 0.0 0.0 0.0 0.0 1.0 0.0 1.0 0.0 0.107 0.714 0.857 0.779 2.0 0.250 0.040 1.000
0.0 0.0 0.0 0.0 0.0 0.0 0.0 1.0 1.0 0.0 0.071 0.750 0.893 0.814 2.0 0.135 0.027 1.000
0.0 0.0 0.0 0.0 0.0 0.0 1.0 0.0 0.0 0.0 0.286 0.536 0.679 0.600 2.0 0.269 0.173 1.000
0.0 0.0 0.0 0.0 0.0 0.0 0.0 1.0 1.0 0.0 0.250 0.571 0.714 0.636 2.0 0.135 0.147 1.000
0.0 0.0 0.0 1.0 0.0 0.0 0.0 0.0 0.0 0.0 0.214 0.607 0.750 0.671 2.0 0.154 0.133 1.000
0.0 0.0 0.0 0.0 1.0 0.0 0.0 0.0 0.0 0.0 0.143 0.679 0.821 0.743 2.0 0.269 0.120 1.000
0.0 1.0 0.0 0.0 0.0 0.0 0.0 0.0 0.0 0.0 0.179 0.643 0.786 0.707 2.0 0.135 0.133 1.000
0.0 0.0 0.0 1.0 0.0 0.0 0.0 0.0 0.0 0.0 0.143 0.679 0.821 0.743 2.0 0.250 0.120 1.000
0.0 0.0 0.0 1.0 0.0 0.0 0.0 0.0 1.0 0.0 0.036 0.786 0.929 0.850 2.0 0.077 0.027 1.000
0.0 1.0 0.0 0.0 0.0 0.0 0.0 0.0 0.0 0.0 0.571 0.286 0.393 0.330 1.0 0.577 0.280 0.800
0.0 0.0 0.0 0.0 0.0 0.0 0.0 1.0 0.0 0.0 0.536 0.286 0.429 0.350 2.0 0.808 0.280 1.000
0.0 0.0 0.0 0.0 0.0 1.0 0.0 0.0 0.0 0.0 0.179 0.643 0.786 0.707 2.0 0.308 0.067 1.000
0.0 1.0 0.0 0.0 0.0 0.0 0.0 0.0 0.0 0.0 0.143 0.679 0.821 0.743 2.0 0.135 0.067 1.000
0.0 0.0 0.0 1.0 0.0 0.0 0.0 0.0 0.0 0.0 0.107 0.714 0.857 0.779 2.0 0.135 0.053 1.000
0.0 0.0 0.0 0.0 0.0 1.0 0.0 0.0 0.0 0.0 0.107 0.714 0.857 0.779 2.0 0.154 0.053 1.000
0.0 0.0 0.0 0.0 0.0 0.0 1.0 0.0 1.0 0.0 0.036 0.786 0.929 0.850 2.0 0.115 0.027 1.000
0.0 0.0 0.0 0.0 0.0 0.0 0.0 1.0 1.0 0.0 0.071 0.750 0.893 0.814 2.0 0.173 0.027 1.000
0.0 0.0 0.0 1.0 0.0 0.0 0.0 0.0 0.0 0.0 0.500 0.321 0.464 0.386 2.0 0.308 0.213 1.000
0.0 0.0 0.0 1.0 0.0 0.0 0.0 0.0 0.0 0.0 0.429 0.393 0.536 0.457 2.0 0.154 0.200 1.000
0.0 1.0 0.0 0.0 0.0 0.0 0.0 0.0 0.0 0.0 0.464 0.357 0.500 0.421 2.0 0.135 0.213 1.000
0.0 0.0 0.0 0.0 1.0 0.0 0.0 0.0 0.0 0.0 0.429 0.393 0.536 0.457 2.0 0.135 0.200 1.000
0.0 1.0 0.0 0.0 0.0 0.0 0.0 0.0 0.0 0.0 0.393 0.429 0.571 0.493 2.0 0.173 0.173 1.000
0.0 0.0 0.0 1.0 0.0 0.0 0.0 0.0 0.0 0.0 0.357 0.464 0.607 0.529 2.0 0.173 0.160 1.000
0.0 0.0 0.0 1.0 0.0 0.0 0.0 0.0 0.0 0.0 0.286 0.536 0.679 0.600 2.0 0.231 0.147 1.000
0.0 1.0 0.0 0.0 0.0 0.0 0.0 0.0 0.0 0.0 0.321 0.500 0.643 0.564 2.0 0.135 0.160 1.000
0.0 0.0 1.0 0.0 0.0 0.0 0.0 0.0 0.0 0.0 0.286 0.536 0.679 0.600 2.0 0.192 0.147 1.000
0.0 1.0 0.0 0.0 0.0 0.0 0.0 0.0 0.0 0.0 0.250 0.571 0.714 0.636 2.0 0.154 0.147 1.000
0.0 0.0 0.0 1.0 0.0 0.0 0.0 0.0 0.0 0.0 0.214 0.607 0.750 0.671 2.0 0.250 0.133 1.000
0.0 0.0 0.0 0.0 0.0 0.0 0.0 1.0 0.0 0.0 0.107 0.714 0.857 0.779 2.0 0.269 0.067 1.000
0.0 0.0 0.0 0.0 0.0 0.0 1.0 0.0 1.0 0.0 0.036 0.786 0.929 0.850 2.0 0.135 0.027 1.000
0.0 0.0 0.0 0.0 0.0 0.0 0.0 1.0 1.0 0.0 0.071 0.750 0.893 0.814 2.0 0.154 0.040 1.000
0.0 1.0 0.0 0.0 0.0 0.0 0.0 0.0 1.0 0.0 0.036 0.786 0.929 0.850 2.0 0.058 0.027 1.000
0.0 0.0 0.0 1.0 0.0 0.0 0.0 0.0 1.0 0.0 0.036 0.786 0.929 0.850 2.0 0.115 0.027 1.000
0.0 1.0 0.0 0.0 0.0 0.0 0.0 0.0 0.0 0.0 0.464 0.429 0.500 0.452 2.0 0.308 0.227 0.600
0.0 0.0 0.0 0.0 0.0 0.0 0.0 1.0 0.0 0.0 0.429 0.393 0.536 0.457 2.0 0.615 0.213 1.000
0.0 0.0 0.0 0.0 0.0 0.0 1.0 0.0 1.0 0.0 0.071 0.750 0.893 0.814 2.0 0.231 0.040 1.000
0.0 0.0 0.0 0.0 0.0 0.0 1.0 0.0 1.0 0.0 0.036 0.786 0.929 0.850 2.0 0.058 0.027 1.000
0.0 0.0 0.0 0.0 0.0 0.0 1.0 0.0 1.0 0.0 0.393 0.429 0.571 0.493 2.0 0.269 0.173 1.000
0.0 0.0 0.0 1.0 0.0 0.0 0.0 0.0 0.0 0.0 0.357 0.464 0.607 0.529 2.0 0.135 0.160 1.000
0.0 0.0 0.0 1.0 0.0 0.0 0.0 0.0 1.0 0.0 0.286 0.536 0.679 0.600 3.0 0.135 0.147 1.000
0.0 1.0 0.0 0.0 0.0 0.0 0.0 0.0 0.0 0.0 0.321 0.500 0.643 0.564 2.0 0.135 0.160 1.000
0.0 0.0 0.0 1.0 0.0 0.0 0.0 0.0 0.0 0.0 0.286 0.536 0.679 0.600 2.0 0.154 0.147 1.000
0.0 0.0 0.0 1.0 0.0 0.0 0.0 0.0 1.0 0.0 0.250 0.571 0.714 0.636 3.0 0.154 0.147 1.000
0.0 0.0 1.0 0.0 0.0 0.0 0.0 0.0 0.0 0.0 0.214 0.607 0.750 0.671 2.0 0.192 0.120 1.000
0.0 0.0 0.0 1.0 0.0 0.0 0.0 0.0 0.0 0.0 0.143 0.679 0.821 0.743 2.0 0.192 0.107 1.000
0.0 1.0 0.0 0.0 0.0 0.0 0.0 0.0 0.0 0.0 0.179 0.643 0.786 0.707 2.0 0.154 0.120 1.000
0.0 0.0 0.0 0.0 0.0 1.0 0.0 0.0 0.0 0.0 0.143 0.679 0.821 0.743 2.0 0.154 0.107 1.000
0.0 0.0 0.0 0.0 0.0 0.0 1.0 0.0 1.0 0.0 0.107 0.714 0.857 0.779 2.0 0.173 0.053 1.000
0.0 1.0 0.0 0.0 0.0 0.0 0.0 0.0 0.0 0.0 0.107 0.714 0.857 0.779 1.0 0.212 0.053 1.000
0.0 0.0 0.0 0.0 0.0 0.0 0.0 1.0 0.0 0.0 0.071 0.750 0.893 0.814 2.0 0.212 0.053 1.000
0.0 0.0 0.0 0.0 0.0 0.0 1.0 0.0 1.0 0.0 0.036 0.786 0.929 0.850 2.0 0.115 0.027 1.000
0.0 0.0 0.0 0.0 0.0 0.0 0.0 1.0 1.0 0.0 0.036 0.786 0.929 0.850 2.0 0.115 0.027 1.000
0.0 1.0 0.0 0.0 0.0 0.0 0.0 0.0 0.0 0.0 0.321 0.500 0.643 0.564 1.0 0.673 0.200 1.000
0.0 0.0 0.0 0.0 0.0 0.0 0.0 1.0 0.0 0.0 0.571 0.250 0.393 0.314 2.0 0.692 0.253 1.000
0.0 0.0 0.0 0.0 0.0 0.0 1.0 0.0 1.0 0.0 0.536 0.286 0.429 0.350 2.0 0.212 0.213 1.000
0.0 0.0 0.0 0.0 0.0 1.0 0.0 0.0 0.0 0.0 0.500 0.321 0.464 0.386 2.0 0.154 0.200 1.000
0.0 1.0 0.0 0.0 0.0 0.0 0.0 0.0 0.0 0.0 0.464 0.357 0.500 0.421 2.0 0.115 0.200 1.000
0.0 0.0 0.0 1.0 0.0 0.0 0.0 0.0 1.0 0.0 0.429 0.393 0.536 0.457 3.0 0.135 0.187 1.000
0.0 0.0 0.0 0.0 0.0 1.0 0.0 0.0 0.0 0.0 0.429 0.393 0.536 0.457 2.0 0.173 0.187 1.000
0.0 0.0 0.0 1.0 0.0 0.0 0.0 0.0 0.0 0.0 0.393 0.429 0.571 0.493 2.0 0.212 0.160 1.000
0.0 0.0 0.0 1.0 0.0 0.0 0.0 0.0 0.0 0.0 0.321 0.500 0.643 0.564 2.0 0.212 0.147 1.000
0.0 1.0 0.0 0.0 0.0 0.0 0.0 0.0 0.0 0.0 0.357 0.464 0.607 0.529 2.0 0.154 0.160 1.000
0.0 0.0 0.0 1.0 0.0 0.0 0.0 0.0 0.0 0.0 0.321 0.500 0.643 0.564 2.0 0.192 0.147 1.000
0.0 1.0 0.0 0.0 0.0 0.0 0.0 0.0 0.0 0.0 0.286 0.536 0.679 0.600 2.0 0.154 0.147 1.000
0.0 0.0 0.0 1.0 0.0 0.0 0.0 0.0 0.0 0.0 0.250 0.571 0.714 0.636 2.0 0.212 0.133 1.000
0.0 0.0 1.0 0.0 0.0 0.0 0.0 0.0 1.0 0.0 0.036 0.786 0.929 0.850 2.0 0.077 0.027 1.000
0.0 0.0 0.0 0.0 0.0 0.0 0.0 1.0 1.0 0.0 0.071 0.750 0.893 0.814 2.0 0.173 0.040 1.000
0.0 0.0 0.0 0.0 0.0 0.0 1.0 0.0 1.0 0.0 0.036 0.786 0.929 0.850 2.0 0.058 0.027 1.000
0.0 1.0 0.0 0.0 0.0 0.0 0.0 0.0 0.0 0.0 0.393 0.500 0.500 0.500 2.0 0.365 0.240 0.200
0.0 0.0 0.0 1.0 0.0 0.0 0.0 0.0 0.0 0.0 0.357 0.464 0.607 0.529 2.0 0.673 0.227 1.000
0.0 0.0 0.0 0.0 1.0 0.0 0.0 0.0 0.0 0.0 0.286 0.536 0.679 0.600 2.0 0.346 0.213 1.000
0.0 1.0 0.0 0.0 0.0 0.0 0.0 0.0 0.0 0.0 0.321 0.500 0.643 0.564 2.0 0.269 0.227 1.000
0.0 0.0 0.0 1.0 0.0 0.0 0.0 0.0 0.0 0.0 0.286 0.536 0.679 0.600 2.0 0.192 0.213 1.000
0.0 0.0 0.0 0.0 0.0 0.0 0.0 1.0 0.0 0.0 0.071 0.750 0.893 0.814 2.0 0.154 0.053 1.000
0.0 0.0 0.0 0.0 0.0 0.0 1.0 0.0 1.0 0.0 0.036 0.786 0.929 0.850 2.0 0.096 0.027 1.000
0.0 0.0 0.0 0.0 0.0 0.0 0.0 1.0 1.0 0.0 0.036 0.786 0.929 0.850 2.0 0.096 0.027 1.000
0.0 0.0 0.0 0.0 0.0 0.0 0.0 1.0 0.0 0.0 0.250 0.571 0.714 0.636 2.0 0.212 0.160 1.000
0.0 0.0 0.0 0.0 0.0 0.0 0.0 1.0 1.0 0.0 0.071 0.750 0.893 0.814 2.0 0.115 0.040 1.000
0.0 0.0 0.0 1.0 0.0 0.0 0.0 0.0 1.0 0.0 0.036 0.786 0.929 0.850 2.0 0.058 0.027 1.000
0.0 0.0 0.0 0.0 0.0 0.0 1.0 0.0 0.0 0.0 0.214 0.607 0.750 0.671 2.0 0.231 0.120 1.000
0.0 1.0 0.0 0.0 0.0 0.0 0.0 0.0 0.0 0.0 0.393 0.500 0.500 0.500 2.0 0.231 0.453 0.200
0.0 0.0 0.0 1.0 0.0 0.0 0.0 0.0 0.0 0.0 0.357 0.536 0.536 0.536 2.0 0.288 0.440 0.200
0.0 0.0 0.0 0.0 0.0 0.0 0.0 1.0 0.0 0.0 0.321 0.500 0.643 0.564 2.0 0.750 0.213 1.000
0.0 0.0 0.0 0.0 0.0 0.0 1.0 0.0 0.0 0.0 0.286 0.536 0.679 0.600 2.0 0.308 0.147 1.000
0.0 0.0 0.0 0.0 0.0 0.0 0.0 1.0 0.0 0.0 0.250 0.571 0.714 0.636 2.0 0.212 0.120 1.000
0.0 1.0 0.0 0.0 0.0 0.0 0.0 0.0 0.0 0.0 0.214 0.607 0.750 0.671 2.0 0.231 0.080 1.000
0.0 0.0 0.0 1.0 0.0 0.0 0.0 0.0 0.0 0.0 0.179 0.643 0.786 0.707 2.0 0.192 0.067 1.000
0.0 0.0 0.0 1.0 0.0 0.0 0.0 0.0 0.0 0.0 0.071 0.750 0.893 0.814 2.0 0.115 0.053 1.000
0.0 0.0 0.0 0.0 0.0 0.0 1.0 0.0 1.0 0.0 0.036 0.786 0.929 0.850 2.0 0.077 0.027 1.000
0.0 0.0 0.0 0.0 0.0 0.0 0.0 1.0 1.0 0.0 0.036 0.786 0.929 0.850 2.0 0.077 0.027 1.000
0.0 1.0 0.0 0.0 0.0 0.0 0.0 0.0 0.0 0.0 0.143 0.679 0.821 0.743 2.0 0.135 0.067 1.000
0.0 0.0 0.0 1.0 0.0 0.0 0.0 0.0 0.0 0.0 0.107 0.714 0.857 0.779 2.0 0.115 0.053 1.000
0.0 0.0 0.0 0.0 0.0 0.0 0.0 1.0 1.0 0.0 0.071 0.750 0.893 0.814 2.0 0.135 0.027 1.000
0.0 0.0 0.0 0.0 0.0 0.0 0.0 1.0 1.0 0.0 0.036 0.786 0.929 0.850 2.0 0.077 0.027 1.000
0.0 0.0 0.0 0.0 0.0 0.0 0.0 1.0 1.0 0.0 0.071 0.750 0.893 0.814 2.0 0.154 0.040 1.000
0.0 0.0 0.0 0.0 0.0 0.0 1.0 0.0 1.0 0.0 0.036 0.786 0.929 0.850 2.0 0.077 0.027 1.000
0.0 0.0 0.0 0.0 0.0 0.0 1.0 0.0 0.0 0.0 0.107 0.714 0.857 0.779 2.0 0.288 0.067 1.000
0.0 0.0 0.0 0.0 0.0 0.0 1.0 0.0 1.0 0.0 0.036 0.786 0.929 0.850 2.0 0.077 0.027 1.000
0.0 0.0 0.0 0.0 0.0 0.0 0.0 1.0 0.0 0.0 0.071 0.750 0.893 0.814 2.0 0.154 0.040 1.000
0.0 0.0 0.0 1.0 0.0 0.0 0.0 0.0 1.0 0.0 0.036 0.786 0.929 0.850 2.0 0.077 0.027 1.000
0.0 1.0 0.0 0.0 0.0 0.0 0.0 0.0 0.0 0.0 0.286 0.607 0.607 0.607 2.0 0.231 0.240 0.200
0.0 0.0 0.0 0.0 0.0 0.0 0.0 1.0 0.0 0.0 0.250 0.571 0.714 0.636 2.0 0.750 0.227 1.000
0.0 0.0 0.0 0.0 0.0 0.0 1.0 0.0 0.0 0.0 0.179 0.643 0.786 0.707 2.0 0.250 0.093 1.000
0.0 0.0 0.0 1.0 0.0 0.0 0.0 0.0 1.0 0.0 0.036 0.786 0.929 0.850 2.0 0.077 0.027 1.000
0.0 0.0 0.0 1.0 0.0 0.0 0.0 0.0 0.0 0.0 0.143 0.679 0.821 0.743 2.0 0.173 0.067 1.000
0.0 0.0 0.0 1.0 0.0 0.0 0.0 0.0 0.0 0.0 0.071 0.750 0.893 0.814 2.0 0.135 0.053 1.000
0.0 1.0 0.0 0.0 0.0 0.0 0.0 0.0 0.0 0.0 0.107 0.714 0.857 0.779 2.0 0.135 0.067 1.000
0.0 0.0 0.0 0.0 0.0 1.0 0.0 0.0 0.0 0.0 0.071 0.750 0.893 0.814 2.0 0.115 0.053 1.000
0.0 0.0 0.0 0.0 0.0 0.0 0.0 1.0 1.0 0.0 0.036 0.786 0.929 0.850 2.0 0.115 0.027 1.000
0.0 0.0 0.0 0.0 0.0 0.0 0.0 1.0 1.0 0.0 0.036 0.786 0.929 0.850 2.0 0.115 0.027 1.000
0.0 0.0 0.0 0.0 0.0 0.0 0.0 1.0 0.0 0.0 0.214 0.607 0.750 0.671 2.0 0.346 0.133 1.000
0.0 0.0 0.0 0.0 0.0 0.0 0.0 1.0 0.0 0.0 0.179 0.643 0.786 0.707 2.0 0.250 0.080 1.000
0.0 0.0 0.0 0.0 0.0 1.0 0.0 0.0 0.0 0.0 0.143 0.679 0.821 0.743 2.0 0.173 0.040 1.000
0.0 1.0 0.0 0.0 0.0 0.0 0.0 0.0 0.0 0.0 0.107 0.714 0.857 0.779 2.0 0.115 0.040 1.000
0.0 0.0 0.0 0.0 0.0 1.0 0.0 0.0 1.0 0.0 0.071 0.750 0.893 0.814 2.0 0.135 0.027 1.000
0.0 0.0 1.0 0.0 0.0 0.0 0.0 0.0 1.0 0.0 0.071 0.750 0.893 0.814 2.0 0.154 0.027 1.000
0.0 1.0 0.0 0.0 0.0 0.0 0.0 0.0 1.0 0.0 0.036 0.786 0.929 0.850 1.0 0.173 0.013 1.000
0.0 0.0 0.0 1.0 0.0 0.0 0.0 0.0 0.0 0.0 0.143 0.679 0.821 0.743 2.0 0.173 0.040 1.000
0.0 0.0 0.0 1.0 0.0 0.0 0.0 0.0 1.0 0.0 0.071 0.750 0.893 0.814 2.0 0.135 0.027 1.000
0.0 1.0 0.0 0.0 0.0 0.0 0.0 0.0 0.0 0.0 0.107 0.714 0.857 0.779 2.0 0.115 0.040 1.000
0.0 0.0 0.0 0.0 0.0 1.0 0.0 0.0 1.0 0.0 0.071 0.750 0.893 0.814 2.0 0.115 0.027 1.000
0.0 1.0 0.0 0.0 0.0 0.0 0.0 0.0 1.0 0.0 0.036 0.786 0.929 0.850 1.0 0.154 0.013 1.000
0.0 0.0 0.0 0.0 0.0 0.0 0.0 1.0 0.0 0.0 0.071 0.750 0.893 0.814 2.0 0.212 0.053 1.000
0.0 0.0 0.0 0.0 0.0 0.0 1.0 0.0 1.0 0.0 0.036 0.786 0.929 0.850 2.0 0.115 0.027 1.000
0.0 0.0 0.0 0.0 0.0 0.0 0.0 1.0 1.0 0.0 0.036 0.786 0.929 0.850 2.0 0.115 0.027 1.000
0.0 0.0 0.0 0.0 0.0 0.0 0.0 1.0 0.0 0.0 0.286 0.536 0.679 0.600 2.0 0.615 0.200 1.000
0.0 0.0 0.0 0.0 0.0 0.0 1.0 0.0 0.0 0.0 0.250 0.571 0.714 0.636 2.0 0.308 0.133 1.000
0.0 0.0 0.0 0.0 0.0 0.0 1.0 0.0 0.0 0.0 0.214 0.607 0.750 0.671 2.0 0.212 0.093 1.000
0.0 0.0 0.0 0.0 0.0 0.0 1.0 0.0 1.0 0.0 0.036 0.786 0.929 0.850 2.0 0.135 0.027 1.000
0.0 0.0 0.0 1.0 0.0 0.0 0.0 0.0 0.0 0.0 0.179 0.643 0.786 0.707 2.0 0.269 0.067 1.000
0.0 0.0 0.0 1.0 0.0 0.0 0.0 0.0 0.0 0.0 0.071 0.750 0.893 0.814 2.0 0.154 0.053 1.000
0.0 0.0 0.0 0.0 0.0 0.0 1.0 0.0 1.0 0.0 0.036 0.786 0.929 0.850 2.0 0.077 0.027 1.000
0.0 0.0 0.0 0.0 0.0 0.0 0.0 1.0 1.0 0.0 0.036 0.786 0.929 0.850 2.0 0.077 0.027 1.000
0.0 1.0 0.0 0.0 0.0 0.0 0.0 0.0 0.0 0.0 0.143 0.679 0.821 0.743 2.0 0.173 0.067 1.000
0.0 0.0 0.0 1.0 0.0 0.0 0.0 0.0 0.0 0.0 0.107 0.714 0.857 0.779 2.0 0.115 0.053 1.000
0.0 0.0 0.0 0.0 0.0 0.0 0.0 1.0 1.0 0.0 0.071 0.750 0.893 0.814 2.0 0.135 0.027 1.000
0.0 1.0 0.0 0.0 0.0 0.0 0.0 0.0 1.0 0.0 0.036 0.786 0.929 0.850 1.0 0.154 0.013 1.000
0.0 0.0 0.0 0.0 0.0 0.0 0.0 1.0 1.0 0.0 0.036 0.786 0.929 0.850 2.0 0.077 0.027 1.000
0.0 0.0 0.0 0.0 0.0 0.0 0.0 1.0 1.0 0.0 0.071 0.750 0.893 0.814 2.0 0.154 0.040 1.000
0.0 0.0 0.0 0.0 0.0 0.0 1.0 0.0 1.0 0.0 0.036 0.786 0.929 0.850 2.0 0.077 0.027 1.000
0.0 0.0 0.0 0.0 0.0 0.0 1.0 0.0 0.0 0.0 0.107 0.714 0.857 0.779 2.0 0.269 0.067 1.000
0.0 0.0 0.0 0.0 0.0 0.0 1.0 0.0 1.0 0.0 0.036 0.786 0.929 0.850 2.0 0.077 0.027 1.000
0.0 0.0 0.0 0.0 0.0 0.0 0.0 1.0 0.0 0.0 0.071 0.750 0.893 0.814 2.0 0.154 0.040 1.000
0.0 0.0 0.0 1.0 0.0 0.0 0.0 0.0 1.0 0.0 0.036 0.786 0.929 0.850 2.0 0.077 0.027 1.000
0.0 1.0 0.0 0.0 0.0 0.0 0.0 0.0 1.0 0.0 0.036 0.786 0.929 0.850 1.0 0.154 0.013 1.000
