0.0 0.0 0.0 1.0 0.0 0.0 0.0 0.0 0.0 0.0 0.681 0.111 0.267 2.0 0.722 0.663 0.355
0.0 0.0 0.0 0.0 0.0 0.0 0.0 1.0 0.0 0.0 0.696 0.096 0.252 2.0 0.556 0.663 0.355
0.0 0.0 1.0 0.0 0.0 0.0 0.0 0.0 0.0 0.0 0.770 0.022 0.178 2.0 0.833 0.884 0.355
1.0 0.0 0.0 0.0 0.0 0.0 0.0 0.0 0.0 0.0 0.785 0.007 0.163 2.0 0.556 0.895 0.355
0.0 0.0 0.0 0.0 1.0 0.0 0.0 0.0 0.0 0.0 0.778 0.015 0.170 2.0 0.556 0.884 0.355
0.0 0.0 0.0 0.0 0.0 0.0 1.0 0.0 0.0 0.0 0.793 0.000 0.000 2.0 0.444 0.895 0.000
0.0 1.0 0.0 0.0 0.0 0.0 0.0 0.0 0.0 0.0 0.793 0.000 0.000 2.0 0.444 0.895 0.000
0.0 0.0 0.0 0.0 0.0 1.0 0.0 0.0 0.0 0.0 0.793 0.015 0.156 2.0 0.833 0.895 0.323
0.0 0.0 0.0 1.0 0.0 0.0 0.0 0.0 0.0 1.0 0.800 0.000 0.000 2.0 0.278 0.895 0.000
0.0 0.0 0.0 0.0 0.0 0.0 0.0 1.0 0.0 0.0 0.800 0.007 0.148 2.0 0.722 0.895 0.323
0.0 0.0 1.0 0.0 0.0 0.0 0.0 0.0 0.0 0.0 0.807 0.000 0.000 2.0 0.444 0.895 0.000
0.0 0.0 0.0 0.0 1.0 0.0 0.0 0.0 0.0 0.0 0.815 0.000 0.000 2.0 0.444 0.895 0.000
