0.0 0.0 0.0 1.0 0.0 0.0 0.0 0.0 1.0 0.0 0.007 0.370 0.889 2.0 0.444 0.021 0.806
0.0 0.0 0.0 0.0 0.0 0.0 1.0 0.0 0.0 0.0 0.341 0.044 0.630 2.0 0.611 0.379 0.806
0.0 0.0 0.0 0.0 0.0 0.0 1.0 0.0 0.0 0.0 0.341 0.044 0.630 2.0 0.611 0.379 0.806
0.0 0.0 1.0 0.0 0.0 0.0 0.0 0.0 0.0 0.0 0.356 0.030 0.615 2.0 0.611 0.389 0.806
0.0 0.0 0.0 0.0 0.0 0.0 1.0 0.0 0.0 0.0 0.348 0.037 0.622 2.0 0.556 0.379 0.806
0.0 0.0 0.0 0.0 0.0 0.0 1.0 0.0 0.0 0.0 0.363 0.022 0.607 2.0 0.667 0.400 0.806
0.0 0.0 0.0 0.0 0.0 0.0 1.0 0.0 0.0 0.0 0.370 0.015 0.015 2.0 0.500 0.400 0.065
0.0 0.0 0.0 0.0 0.0 0.0 1.0 0.0 0.0 0.0 0.370 0.015 0.015 2.0 0.444 0.400 0.065
0.0 0.0 0.0 0.0 0.0 0.0 1.0 0.0 0.0 0.0 0.370 0.052 0.600 2.0 1.000 0.400 0.774
0.0 0.0 0.0 0.0 0.0 0.0 1.0 0.0 0.0 1.0 0.378 0.000 0.000 2.0 0.389 0.400 0.065
