0.0 0.0 0.0 1.0 0.0 0.0 0.0 0.0 0.0 0.0 0.098 0.512 0.902 0.646 4.0 1.000 0.114 0.724
0.0 0.0 0.0 1.0 0.0 0.0 0.0 0.0 0.0 0.0 0.220 0.780 0.780 0.780 2.0 0.194 0.214 0.034
0.0 0.0 0.0 1.0 0.0 0.0 0.0 0.0 0.0 0.0 0.220 0.707 0.780 0.744 2.0 0.179 0.214 0.069
0.0 0.0 0.0 1.0 0.0 0.0 0.0 0.0 0.0 0.0 0.220 0.659 0.780 0.715 2.0 0.194 0.214 0.103
0.0 0.0 0.0 1.0 0.0 0.0 0.0 0.0 0.0 0.0 0.268 0.512 0.732 0.589 4.0 0.269 0.300 0.207
0.0 0.0 0.0 1.0 0.0 0.0 0.0 0.0 0.0 0.0 0.268 0.463 0.732 0.550 4.0 0.269 0.300 0.310
0.0 0.0 1.0 0.0 0.0 0.0 0.0 0.0 0.0 0.0 0.122 0.610 0.878 0.696 2.0 0.284 0.086 0.310
0.0 0.0 0.0 1.0 0.0 0.0 0.0 0.0 0.0 0.0 0.268 0.415 0.732 0.524 4.0 0.284 0.300 0.414
0.0 0.0 0.0 1.0 0.0 0.0 0.0 0.0 0.0 0.0 0.268 0.341 0.732 0.502 4.0 0.299 0.286 0.517
0.0 0.0 0.0 1.0 0.0 0.0 0.0 0.0 0.0 0.0 0.268 0.341 0.732 0.486 4.0 0.373 0.286 0.621
0.0 0.0 0.0 1.0 0.0 0.0 0.0 0.0 0.0 0.0 0.268 0.341 0.732 0.475 4.0 0.299 0.286 0.724
0.0 1.0 0.0 0.0 0.0 0.0 0.0 0.0 0.0 0.0 0.220 0.780 0.780 0.780 2.0 0.149 0.171 0.034
0.0 0.0 1.0 0.0 0.0 0.0 0.0 0.0 1.0 0.0 0.195 0.805 0.805 0.805 2.0 0.209 0.157 0.034
0.0 0.0 1.0 0.0 0.0 0.0 0.0 0.0 1.0 0.0 0.195 0.732 0.805 0.768 2.0 0.284 0.157 0.069
0.0 0.0 1.0 0.0 0.0 0.0 0.0 0.0 1.0 0.0 0.195 0.683 0.805 0.740 2.0 0.269 0.157 0.103
0.0 0.0 0.0 1.0 0.0 0.0 0.0 0.0 0.0 0.0 0.220 0.561 0.780 0.638 2.0 0.194 0.171 0.207
0.0 1.0 0.0 0.0 0.0 0.0 0.0 0.0 0.0 0.0 0.268 0.463 0.732 0.550 1.0 0.149 0.257 0.310
0.0 1.0 0.0 0.0 0.0 0.0 0.0 0.0 0.0 0.0 0.244 0.488 0.756 0.575 2.0 0.119 0.257 0.310
0.0 0.0 0.0 1.0 0.0 0.0 0.0 0.0 0.0 0.0 0.220 0.512 0.780 0.599 3.0 0.194 0.243 0.310
0.0 0.0 0.0 1.0 0.0 0.0 0.0 0.0 0.0 0.0 0.220 0.463 0.780 0.573 3.0 0.269 0.214 0.414
0.0 0.0 0.0 1.0 0.0 0.0 0.0 0.0 0.0 0.0 0.220 0.390 0.780 0.551 4.0 0.313 0.171 0.517
0.0 0.0 0.0 1.0 0.0 0.0 0.0 0.0 0.0 0.0 0.220 0.390 0.780 0.535 3.0 0.313 0.214 0.621
0.0 0.0 0.0 1.0 0.0 0.0 0.0 0.0 0.0 0.0 0.220 0.390 0.780 0.524 4.0 0.343 0.243 0.724
0.0 0.0 0.0 1.0 0.0 0.0 0.0 0.0 0.0 0.0 0.098 0.512 0.902 0.639 2.0 0.224 0.071 0.793
0.0 0.0 1.0 0.0 0.0 0.0 0.0 0.0 1.0 0.0 0.024 0.585 0.976 0.713 2.0 0.149 0.029 0.793
0.0 0.0 1.0 0.0 0.0 0.0 0.0 0.0 1.0 0.0 0.024 0.585 0.976 0.713 2.0 0.090 0.029 0.793
0.0 0.0 1.0 0.0 0.0 0.0 0.0 0.0 1.0 0.0 0.024 0.585 0.976 0.713 2.0 0.060 0.029 0.793
0.0 0.0 0.0 1.0 0.0 0.0 0.0 0.0 0.0 0.0 0.268 0.341 0.732 0.469 3.0 0.313 0.243 0.793
0.0 0.0 0.0 1.0 0.0 0.0 0.0 0.0 0.0 0.0 0.220 0.390 0.780 0.517 3.0 0.179 0.229 0.793
0.0 0.0 0.0 1.0 0.0 0.0 0.0 0.0 0.0 0.0 0.220 0.390 0.780 0.517 3.0 0.224 0.229 0.793
0.0 0.0 0.0 1.0 0.0 0.0 0.0 0.0 0.0 0.0 0.220 0.390 0.780 0.517 3.0 0.224 0.229 0.793
0.0 0.0 0.0 1.0 0.0 0.0 0.0 0.0 0.0 0.0 0.220 0.390 0.780 0.517 3.0 0.224 0.229 0.793
0.0 0.0 0.0 1.0 0.0 0.0 0.0 0.0 0.0 0.0 0.220 0.390 0.780 0.517 3.0 0.224 0.229 0.793
0.0 0.0 1.0 0.0 0.0 0.0 0.0 0.0 1.0 0.0 0.122 0.488 0.878 0.615 2.0 0.299 0.086 0.793
0.0 0.0 1.0 0.0 0.0 0.0 0.0 0.0 1.0 0.0 0.122 0.488 0.878 0.615 2.0 0.224 0.086 0.793
0.0 0.0 1.0 0.0 0.0 0.0 0.0 0.0 1.0 0.0 0.122 0.488 0.878 0.615 2.0 0.269 0.086 0.793
0.0 1.0 0.0 0.0 0.0 0.0 0.0 0.0 0.0 0.0 0.220 0.390 0.780 0.517 2.0 0.090 0.214 0.793
0.0 0.0 0.0 1.0 0.0 0.0 0.0 0.0 0.0 0.0 0.195 0.415 0.805 0.542 2.0 0.104 0.200 0.793
0.0 0.0 0.0 1.0 0.0 0.0 0.0 0.0 0.0 0.0 0.220 0.390 0.780 0.517 3.0 0.224 0.214 0.793
0.0 0.0 0.0 1.0 0.0 0.0 0.0 0.0 0.0 0.0 0.244 0.366 0.756 0.493 3.0 0.194 0.229 0.793
0.0 0.0 0.0 1.0 0.0 0.0 0.0 0.0 0.0 0.0 0.220 0.390 0.780 0.517 2.0 0.149 0.214 0.793
0.0 0.0 0.0 1.0 0.0 0.0 0.0 0.0 0.0 0.0 0.195 0.415 0.805 0.542 2.0 0.119 0.200 0.793
0.0 0.0 0.0 1.0 0.0 0.0 0.0 0.0 0.0 0.0 0.220 0.390 0.780 0.517 3.0 0.209 0.214 0.793
0.0 0.0 0.0 1.0 0.0 0.0 0.0 0.0 0.0 1.0 0.171 0.000 0.000 0.000 2.0 0.104 0.214 0.034
0.0 0.0 0.0 1.0 0.0 0.0 0.0 0.0 0.0 1.0 0.122 0.000 0.000 0.000 3.0 0.119 0.071 0.034
0.0 1.0 0.0 0.0 0.0 0.0 0.0 0.0 0.0 1.0 0.707 0.000 0.000 0.000 2.0 0.090 0.686 0.034
0.0 0.0 0.0 1.0 0.0 0.0 0.0 0.0 0.0 0.0 0.683 0.024 0.024 0.024 4.0 0.224 0.671 0.034
0.0 0.0 0.0 1.0 0.0 0.0 0.0 0.0 0.0 1.0 0.634 0.000 0.000 0.000 4.0 0.209 0.671 0.034
0.0 0.0 0.0 1.0 0.0 0.0 0.0 0.0 0.0 1.0 0.780 0.000 0.000 0.000 2.0 0.090 0.900 0.034
0.0 0.0 0.0 1.0 0.0 0.0 0.0 0.0 0.0 1.0 0.732 0.000 0.000 0.000 2.0 0.090 0.857 0.034
0.0 0.0 0.0 1.0 0.0 0.0 0.0 0.0 0.0 1.0 0.707 0.000 0.000 0.000 2.0 0.075 0.843 0.034
0.0 0.0 0.0 1.0 0.0 0.0 0.0 0.0 0.0 1.0 0.610 0.000 0.000 0.000 2.0 0.090 0.786 0.034
0.0 0.0 0.0 1.0 0.0 0.0 0.0 0.0 0.0 1.0 0.610 0.000 0.000 0.000 2.0 0.090 0.743 0.034
0.0 0.0 0.0 1.0 0.0 0.0 0.0 0.0 0.0 1.0 0.610 0.000 0.000 0.000 2.0 0.090 0.714 0.034
0.0 1.0 0.0 0.0 0.0 0.0 0.0 0.0 0.0 1.0 1.000 0.000 0.000 0.000 2.0 0.060 1.000 0.034
0.0 0.0 0.0 1.0 0.0 0.0 0.0 0.0 0.0 0.0 0.976 0.024 0.024 0.024 2.0 0.104 0.986 0.034
0.0 0.0 0.0 1.0 0.0 0.0 0.0 0.0 0.0 1.0 0.927 0.000 0.000 0.000 2.0 0.090 0.971 0.034
0.0 0.0 0.0 1.0 0.0 0.0 0.0 0.0 0.0 1.0 0.878 0.000 0.000 0.000 3.0 0.119 0.971 0.034
0.0 0.0 0.0 1.0 0.0 0.0 0.0 0.0 0.0 1.0 0.780 0.000 0.000 0.000 4.0 0.164 0.929 0.034
0.0 0.0 1.0 0.0 0.0 0.0 0.0 0.0 0.0 0.0 0.732 0.049 0.049 0.049 2.0 0.134 0.643 0.034
0.0 0.0 0.0 1.0 0.0 0.0 0.0 0.0 0.0 1.0 0.756 0.000 0.000 0.000 4.0 0.164 0.886 0.034
0.0 0.0 1.0 0.0 0.0 0.0 0.0 0.0 0.0 0.0 0.732 0.024 0.024 0.024 2.0 0.134 0.643 0.034
0.0 0.0 0.0 1.0 0.0 0.0 0.0 0.0 0.0 1.0 0.756 0.000 0.000 0.000 4.0 0.164 0.857 0.034
0.0 0.0 1.0 0.0 0.0 0.0 0.0 0.0 0.0 0.0 0.732 0.024 0.024 0.024 2.0 0.134 0.643 0.034
0.0 0.0 0.0 1.0 0.0 0.0 0.0 0.0 0.0 1.0 0.756 0.000 0.000 0.000 4.0 0.164 0.814 0.034
0.0 0.0 1.0 0.0 0.0 0.0 0.0 0.0 0.0 0.0 0.732 0.024 0.024 0.024 2.0 0.134 0.643 0.034
0.0 0.0 0.0 1.0 0.0 0.0 0.0 0.0 0.0 1.0 0.756 0.000 0.000 0.000 4.0 0.164 0.771 0.034
0.0 0.0 1.0 0.0 0.0 0.0 0.0 0.0 0.0 0.0 0.732 0.024 0.024 0.024 2.0 0.134 0.643 0.034
0.0 0.0 0.0 1.0 0.0 0.0 0.0 0.0 0.0 1.0 0.756 0.000 0.000 0.000 4.0 0.134 0.757 0.034
0.0 0.0 0.0 1.0 0.0 0.0 0.0 0.0 0.0 1.0 0.780 0.000 0.000 0.000 3.0 0.119 0.929 0.034
0.0 0.0 0.0 1.0 0.0 0.0 0.0 0.0 0.0 1.0 0.732 0.000 0.000 0.000 3.0 0.119 0.886 0.034
0.0 0.0 0.0 1.0 0.0 0.0 0.0 0.0 0.0 1.0 0.683 0.000 0.000 0.000 3.0 0.119 0.857 0.034
0.0 0.0 0.0 1.0 0.0 0.0 0.0 0.0 0.0 1.0 0.683 0.000 0.000 0.000 3.0 0.104 0.829 0.034
0.0 0.0 0.0 1.0 0.0 0.0 0.0 0.0 0.0 1.0 0.659 0.000 0.000 0.000 3.0 0.119 0.786 0.034
0.0 0.0 0.0 1.0 0.0 0.0 0.0 0.0 0.0 1.0 0.659 0.000 0.000 0.000 3.0 0.119 0.743 0.034
0.0 0.0 1.0 0.0 0.0 0.0 0.0 0.0 0.0 0.0 0.122 0.049 0.878 0.591 3.0 0.418 0.114 0.828
0.0 1.0 0.0 0.0 0.0 0.0 0.0 0.0 1.0 0.0 0.024 0.098 0.976 0.665 2.0 0.134 0.029 0.862
0.0 1.0 0.0 0.0 0.0 0.0 0.0 0.0 0.0 0.0 0.049 0.073 0.951 0.641 1.0 0.672 0.029 0.862
0.0 0.0 0.0 0.0 0.0 1.0 0.0 0.0 1.0 0.0 0.073 0.049 0.927 0.617 2.0 0.373 0.043 0.862
0.0 1.0 0.0 0.0 0.0 0.0 0.0 0.0 1.0 0.0 0.024 0.073 0.976 0.664 2.0 0.119 0.029 0.862
0.0 1.0 0.0 0.0 0.0 0.0 0.0 0.0 0.0 0.0 0.049 0.049 0.951 0.640 1.0 0.328 0.029 0.862
0.0 1.0 0.0 0.0 0.0 0.0 0.0 0.0 1.0 0.0 0.024 0.073 0.976 0.664 1.0 0.358 0.014 0.862
0.0 1.0 0.0 0.0 0.0 0.0 0.0 0.0 1.0 0.0 0.024 0.073 0.976 0.664 2.0 0.119 0.029 0.862
0.0 1.0 0.0 0.0 0.0 0.0 0.0 0.0 0.0 0.0 0.049 0.049 0.951 0.640 1.0 0.299 0.029 0.862
0.0 1.0 0.0 0.0 0.0 0.0 0.0 0.0 1.0 0.0 0.024 0.073 0.976 0.664 1.0 0.299 0.014 0.862
0.0 1.0 0.0 0.0 0.0 0.0 0.0 0.0 1.0 0.0 0.024 0.073 0.976 0.722 2.0 0.149 0.029 0.345
0.0 0.0 1.0 0.0 0.0 0.0 0.0 0.0 0.0 0.0 0.098 0.073 0.683 0.520 2.0 0.403 0.071 0.310
0.0 1.0 0.0 0.0 0.0 0.0 0.0 0.0 1.0 0.0 0.024 0.098 0.976 0.665 2.0 0.134 0.029 0.862
0.0 1.0 0.0 0.0 0.0 0.0 0.0 0.0 0.0 0.0 0.049 0.073 0.951 0.641 1.0 0.463 0.029 0.862
0.0 0.0 0.0 0.0 1.0 0.0 0.0 0.0 0.0 0.0 0.073 0.098 0.927 0.640 2.0 0.672 0.057 0.828
0.0 1.0 0.0 0.0 0.0 0.0 0.0 0.0 1.0 0.0 0.024 0.146 0.976 0.689 2.0 0.164 0.029 0.828
0.0 1.0 0.0 0.0 0.0 0.0 0.0 0.0 0.0 0.0 0.049 0.122 0.951 0.665 1.0 0.657 0.029 0.828
0.0 1.0 0.0 0.0 0.0 0.0 0.0 0.0 0.0 0.0 0.561 0.073 0.220 0.131 2.0 0.179 0.614 0.276
0.0 1.0 0.0 0.0 0.0 0.0 0.0 0.0 0.0 0.0 0.585 0.049 0.195 0.107 1.0 0.254 0.614 0.276
0.0 0.0 0.0 0.0 1.0 0.0 0.0 0.0 1.0 0.0 0.073 0.537 0.927 0.664 2.0 0.627 0.043 0.793
0.0 0.0 0.0 0.0 1.0 0.0 0.0 0.0 1.0 0.0 0.073 0.049 0.927 0.665 2.0 0.239 0.043 0.379
0.0 1.0 0.0 0.0 0.0 0.0 0.0 0.0 0.0 0.0 0.122 0.488 0.878 0.615 2.0 0.313 0.086 0.793
0.0 0.0 0.0 0.0 1.0 0.0 0.0 0.0 1.0 0.0 0.098 0.512 0.902 0.639 2.0 0.209 0.071 0.793
0.0 1.0 0.0 0.0 0.0 0.0 0.0 0.0 0.0 0.0 0.683 0.073 0.317 0.136 2.0 0.463 0.657 0.310
0.0 0.0 0.0 0.0 0.0 1.0 0.0 0.0 0.0 0.0 0.659 0.098 0.341 0.160 2.0 0.478 0.643 0.310
0.0 0.0 1.0 0.0 0.0 0.0 0.0 0.0 0.0 0.0 0.634 0.122 0.366 0.184 4.0 0.672 0.643 0.310
0.0 0.0 0.0 0.0 0.0 1.0 0.0 0.0 1.0 0.0 0.659 0.098 0.220 0.118 3.0 0.612 0.643 0.241
0.0 0.0 1.0 0.0 0.0 0.0 0.0 0.0 1.0 0.0 0.683 0.073 0.195 0.098 2.0 0.254 0.643 0.207
0.0 0.0 1.0 0.0 0.0 0.0 0.0 0.0 0.0 0.0 0.683 0.073 0.098 0.077 2.0 0.328 0.643 0.207
0.0 0.0 0.0 0.0 0.0 1.0 0.0 0.0 1.0 0.0 0.659 0.098 0.122 0.102 3.0 0.433 0.643 0.207
0.0 0.0 0.0 1.0 0.0 0.0 0.0 0.0 0.0 0.0 0.073 0.561 0.707 0.617 3.0 0.627 0.086 0.241
0.0 1.0 0.0 0.0 0.0 0.0 0.0 0.0 1.0 0.0 0.024 0.585 0.976 0.713 2.0 0.373 0.029 0.793
0.0 0.0 0.0 0.0 0.0 1.0 0.0 0.0 0.0 0.0 0.098 0.561 0.683 0.602 2.0 0.463 0.114 0.207
0.0 0.0 1.0 0.0 0.0 0.0 0.0 0.0 0.0 0.0 0.610 0.049 0.171 0.089 2.0 0.403 0.643 0.207
0.0 0.0 1.0 0.0 0.0 0.0 0.0 0.0 0.0 0.0 0.561 0.098 0.220 0.138 2.0 0.358 0.629 0.207
0.0 0.0 0.0 0.0 1.0 0.0 0.0 0.0 1.0 0.0 0.024 0.073 0.976 0.581 2.0 0.642 0.029 1.000
0.0 0.0 0.0 0.0 0.0 1.0 0.0 0.0 1.0 0.0 0.049 0.049 0.732 0.339 2.0 0.493 0.043 0.414
0.0 0.0 0.0 0.0 0.0 1.0 0.0 0.0 0.0 0.0 0.561 0.049 0.220 0.114 3.0 0.642 0.629 0.207
0.0 0.0 1.0 0.0 0.0 0.0 0.0 0.0 0.0 0.0 0.171 0.439 0.610 0.504 2.0 0.433 0.200 0.207
0.0 0.0 0.0 0.0 0.0 1.0 0.0 0.0 1.0 0.0 0.146 0.463 0.854 0.591 3.0 0.373 0.143 0.793
0.0 0.0 0.0 0.0 0.0 1.0 0.0 0.0 1.0 0.0 0.171 0.439 0.829 0.566 3.0 0.403 0.157 0.793
0.0 0.0 0.0 1.0 0.0 0.0 0.0 0.0 0.0 0.0 0.098 0.512 0.902 0.639 2.0 0.567 0.071 0.793
0.0 0.0 0.0 0.0 0.0 1.0 0.0 0.0 0.0 0.0 0.171 0.439 0.829 0.566 2.0 0.522 0.186 0.793
0.0 0.0 0.0 0.0 1.0 0.0 0.0 0.0 0.0 0.0 0.073 0.537 0.927 0.670 2.0 0.746 0.057 0.724
0.0 0.0 1.0 0.0 0.0 0.0 0.0 0.0 0.0 0.0 0.122 0.488 0.878 0.621 2.0 0.403 0.100 0.724
0.0 0.0 0.0 0.0 1.0 0.0 0.0 0.0 1.0 0.0 0.049 0.561 0.951 0.695 3.0 0.403 0.057 0.724
0.0 0.0 1.0 0.0 0.0 0.0 0.0 0.0 0.0 0.0 0.146 0.463 0.854 0.597 2.0 0.403 0.157 0.724
0.0 0.0 0.0 1.0 0.0 0.0 0.0 0.0 0.0 0.0 0.171 0.439 0.829 0.573 3.0 0.403 0.186 0.724
0.0 0.0 0.0 0.0 1.0 0.0 0.0 0.0 1.0 0.0 0.049 0.561 0.951 0.695 3.0 0.522 0.057 0.724
0.0 0.0 0.0 1.0 0.0 0.0 0.0 0.0 0.0 1.0 0.122 0.000 0.000 0.000 2.0 0.075 0.086 0.034
0.0 0.0 0.0 1.0 0.0 0.0 0.0 0.0 0.0 1.0 0.098 0.000 0.000 0.000 2.0 0.075 0.086 0.034
0.0 0.0 0.0 1.0 0.0 0.0 0.0 0.0 0.0 1.0 0.098 0.000 0.000 0.000 2.0 0.075 0.086 0.034
0.0 0.0 0.0 1.0 0.0 0.0 0.0 0.0 0.0 1.0 0.098 0.000 0.000 0.000 2.0 0.075 0.086 0.034
0.0 0.0 0.0 1.0 0.0 0.0 0.0 0.0 0.0 1.0 0.098 0.000 0.000 0.000 2.0 0.075 0.071 0.034
0.0 0.0 0.0 1.0 0.0 0.0 0.0 0.0 0.0 1.0 0.098 0.000 0.000 0.000 2.0 0.075 0.071 0.034
0.0 0.0 1.0 0.0 0.0 0.0 0.0 0.0 0.0 0.0 0.098 0.073 0.902 0.616 4.0 0.239 0.100 0.828
0.0 0.0 1.0 0.0 0.0 0.0 0.0 0.0 0.0 0.0 0.122 0.512 0.512 0.512 3.0 0.284 0.100 0.034
0.0 0.0 0.0 0.0 1.0 0.0 0.0 0.0 1.0 0.0 0.098 0.512 0.902 0.646 3.0 0.373 0.100 0.724
0.0 1.0 0.0 0.0 0.0 0.0 0.0 0.0 0.0 0.0 0.195 0.415 0.805 0.542 1.0 0.418 0.157 0.793
0.0 0.0 0.0 0.0 1.0 0.0 0.0 0.0 1.0 0.0 0.098 0.512 0.902 0.646 3.0 0.403 0.086 0.724
0.0 0.0 0.0 0.0 1.0 0.0 0.0 0.0 0.0 0.0 0.098 0.512 0.902 0.646 3.0 0.433 0.114 0.724
0.0 0.0 0.0 0.0 1.0 0.0 0.0 0.0 1.0 0.0 0.098 0.512 0.902 0.646 3.0 0.552 0.100 0.724
0.0 0.0 0.0 1.0 0.0 0.0 0.0 0.0 1.0 0.0 0.024 0.585 0.976 0.713 2.0 0.269 0.029 0.793
0.0 1.0 0.0 0.0 0.0 0.0 0.0 0.0 0.0 0.0 0.146 0.463 0.854 0.591 2.0 0.328 0.129 0.793
0.0 1.0 0.0 0.0 0.0 0.0 0.0 0.0 0.0 0.0 0.122 0.049 0.049 0.049 2.0 0.090 0.100 0.034
0.0 0.0 0.0 0.0 1.0 0.0 0.0 0.0 0.0 0.0 0.098 0.073 0.073 0.073 2.0 0.313 0.086 0.034
0.0 0.0 0.0 0.0 1.0 0.0 0.0 0.0 0.0 0.0 0.610 0.098 0.098 0.098 2.0 0.224 0.643 0.034
0.0 0.0 0.0 1.0 0.0 0.0 0.0 0.0 0.0 0.0 0.073 0.634 0.634 0.634 2.0 0.299 0.043 0.034
0.0 0.0 0.0 1.0 0.0 0.0 0.0 0.0 0.0 0.0 0.634 0.073 0.073 0.073 2.0 0.134 0.643 0.034
0.0 0.0 0.0 1.0 0.0 0.0 0.0 0.0 0.0 0.0 0.561 0.146 0.146 0.146 3.0 0.313 0.629 0.034
0.0 0.0 0.0 1.0 0.0 0.0 0.0 0.0 0.0 0.0 0.171 0.463 0.463 0.463 2.0 0.194 0.200 0.034
0.0 0.0 0.0 0.0 1.0 0.0 0.0 0.0 0.0 0.0 0.098 0.537 0.537 0.537 2.0 0.224 0.057 0.034
0.0 0.0 0.0 0.0 1.0 0.0 0.0 0.0 0.0 0.0 0.610 0.024 0.024 0.024 2.0 0.209 0.643 0.034
0.0 0.0 0.0 0.0 1.0 0.0 0.0 0.0 1.0 0.0 0.098 0.659 0.902 0.721 2.0 0.313 0.057 0.310
0.0 0.0 0.0 1.0 0.0 0.0 0.0 0.0 0.0 0.0 0.146 0.610 0.854 0.672 2.0 0.433 0.157 0.310
0.0 1.0 0.0 0.0 0.0 0.0 0.0 0.0 0.0 0.0 0.610 0.146 0.390 0.209 1.0 0.284 0.614 0.310
0.0 1.0 0.0 0.0 0.0 0.0 0.0 0.0 0.0 0.0 0.585 0.171 0.415 0.233 2.0 0.090 0.614 0.310
0.0 0.0 0.0 0.0 1.0 0.0 0.0 0.0 0.0 0.0 0.561 0.195 0.439 0.257 2.0 0.269 0.600 0.310
0.0 0.0 0.0 1.0 0.0 0.0 0.0 0.0 0.0 0.0 0.951 0.049 0.049 0.049 2.0 0.254 0.986 0.034
0.0 0.0 0.0 1.0 0.0 0.0 0.0 0.0 1.0 0.0 0.659 0.341 0.341 0.341 2.0 0.299 0.643 0.034
0.0 0.0 0.0 1.0 0.0 0.0 0.0 0.0 0.0 0.0 0.902 0.024 0.024 0.024 2.0 0.239 0.971 0.034
0.0 0.0 0.0 1.0 0.0 0.0 0.0 0.0 1.0 0.0 0.659 0.268 0.268 0.268 2.0 0.284 0.643 0.034
0.0 0.0 0.0 1.0 0.0 0.0 0.0 0.0 1.0 0.0 0.707 0.171 0.171 0.171 2.0 0.164 0.643 0.034
0.0 0.0 0.0 1.0 0.0 0.0 0.0 0.0 0.0 0.0 0.854 0.024 0.024 0.024 2.0 0.254 0.971 0.034
0.0 0.0 0.0 1.0 0.0 0.0 0.0 0.0 1.0 0.0 0.659 0.220 0.220 0.220 2.0 0.299 0.643 0.034
0.0 0.0 0.0 1.0 0.0 0.0 0.0 0.0 1.0 0.0 0.707 0.073 0.073 0.073 2.0 0.179 0.643 0.034
0.0 0.0 0.0 1.0 0.0 0.0 0.0 0.0 1.0 0.0 0.707 0.073 0.073 0.073 2.0 0.164 0.643 0.034
0.0 0.0 0.0 1.0 0.0 0.0 0.0 0.0 0.0 0.0 0.756 0.024 0.024 0.024 2.0 0.299 0.929 0.034
0.0 0.0 0.0 1.0 0.0 0.0 0.0 0.0 1.0 0.0 0.683 0.098 0.098 0.098 2.0 0.179 0.643 0.034
0.0 0.0 0.0 1.0 0.0 0.0 0.0 0.0 1.0 0.0 0.659 0.122 0.122 0.122 2.0 0.313 0.643 0.034
0.0 0.0 0.0 1.0 0.0 0.0 0.0 0.0 1.0 0.0 0.707 0.049 0.049 0.049 2.0 0.179 0.643 0.034
0.0 0.0 0.0 1.0 0.0 0.0 0.0 0.0 1.0 0.0 0.707 0.049 0.049 0.049 2.0 0.164 0.643 0.034
0.0 0.0 0.0 1.0 0.0 0.0 0.0 0.0 0.0 0.0 0.707 0.049 0.049 0.049 2.0 0.299 0.886 0.034
0.0 0.0 0.0 1.0 0.0 0.0 0.0 0.0 1.0 0.0 0.683 0.073 0.073 0.073 2.0 0.179 0.643 0.034
0.0 0.0 0.0 1.0 0.0 0.0 0.0 0.0 1.0 0.0 0.659 0.098 0.098 0.098 2.0 0.313 0.643 0.034
0.0 0.0 0.0 1.0 0.0 0.0 0.0 0.0 1.0 0.0 0.707 0.049 0.049 0.049 2.0 0.179 0.643 0.034
0.0 0.0 0.0 1.0 0.0 0.0 0.0 0.0 1.0 0.0 0.707 0.049 0.049 0.049 2.0 0.164 0.643 0.034
0.0 0.0 0.0 1.0 0.0 0.0 0.0 0.0 0.0 0.0 0.707 0.049 0.049 0.049 2.0 0.299 0.857 0.034
0.0 0.0 0.0 1.0 0.0 0.0 0.0 0.0 1.0 0.0 0.683 0.073 0.073 0.073 2.0 0.179 0.643 0.034
0.0 0.0 0.0 1.0 0.0 0.0 0.0 0.0 1.0 0.0 0.659 0.098 0.098 0.098 2.0 0.313 0.643 0.034
0.0 0.0 0.0 1.0 0.0 0.0 0.0 0.0 1.0 0.0 0.707 0.049 0.049 0.049 2.0 0.179 0.643 0.034
0.0 0.0 0.0 1.0 0.0 0.0 0.0 0.0 1.0 0.0 0.707 0.049 0.049 0.049 2.0 0.164 0.643 0.034
0.0 0.0 0.0 1.0 0.0 0.0 0.0 0.0 0.0 0.0 0.707 0.049 0.049 0.049 2.0 0.299 0.814 0.034
0.0 0.0 0.0 1.0 0.0 0.0 0.0 0.0 1.0 0.0 0.683 0.073 0.073 0.073 2.0 0.179 0.643 0.034
0.0 0.0 0.0 1.0 0.0 0.0 0.0 0.0 1.0 0.0 0.659 0.098 0.098 0.098 2.0 0.313 0.643 0.034
0.0 0.0 0.0 1.0 0.0 0.0 0.0 0.0 1.0 0.0 0.707 0.049 0.049 0.049 2.0 0.179 0.643 0.034
0.0 0.0 0.0 1.0 0.0 0.0 0.0 0.0 1.0 0.0 0.707 0.049 0.049 0.049 2.0 0.164 0.643 0.034
0.0 0.0 0.0 1.0 0.0 0.0 0.0 0.0 0.0 0.0 0.707 0.049 0.049 0.049 2.0 0.284 0.771 0.034
0.0 0.0 0.0 1.0 0.0 0.0 0.0 0.0 1.0 0.0 0.683 0.073 0.073 0.073 2.0 0.179 0.643 0.034
0.0 0.0 0.0 1.0 0.0 0.0 0.0 0.0 1.0 0.0 0.659 0.098 0.098 0.098 2.0 0.313 0.643 0.034
0.0 0.0 0.0 1.0 0.0 0.0 0.0 0.0 1.0 0.0 0.707 0.049 0.049 0.049 2.0 0.194 0.643 0.034
0.0 1.0 0.0 0.0 0.0 0.0 0.0 0.0 0.0 0.0 0.732 0.024 0.024 0.024 2.0 0.119 0.757 0.034
0.0 0.0 0.0 1.0 0.0 0.0 0.0 0.0 0.0 0.0 0.707 0.049 0.049 0.049 2.0 0.269 0.743 0.034
0.0 0.0 0.0 1.0 0.0 0.0 0.0 0.0 1.0 0.0 0.683 0.073 0.073 0.073 2.0 0.179 0.643 0.034
0.0 0.0 0.0 1.0 0.0 0.0 0.0 0.0 1.0 0.0 0.659 0.098 0.098 0.098 2.0 0.313 0.643 0.034
0.0 0.0 0.0 1.0 0.0 0.0 0.0 0.0 0.0 0.0 0.756 0.024 0.024 0.024 2.0 0.254 0.914 0.034
0.0 0.0 0.0 1.0 0.0 0.0 0.0 0.0 1.0 0.0 0.585 0.195 0.195 0.195 2.0 0.179 0.629 0.034
0.0 0.0 0.0 1.0 0.0 0.0 0.0 0.0 1.0 0.0 0.098 0.683 0.683 0.683 2.0 0.224 0.100 0.034
0.0 0.0 0.0 1.0 0.0 0.0 0.0 0.0 0.0 0.0 0.707 0.024 0.024 0.024 2.0 0.254 0.871 0.034
0.0 0.0 0.0 1.0 0.0 0.0 0.0 0.0 1.0 0.0 0.585 0.146 0.146 0.146 2.0 0.179 0.629 0.034
0.0 0.0 0.0 1.0 0.0 0.0 0.0 0.0 1.0 0.0 0.098 0.634 0.634 0.634 2.0 0.224 0.100 0.034
0.0 0.0 0.0 1.0 0.0 0.0 0.0 0.0 0.0 0.0 0.659 0.024 0.024 0.024 2.0 0.254 0.843 0.034
0.0 0.0 0.0 1.0 0.0 0.0 0.0 0.0 1.0 0.0 0.585 0.098 0.098 0.098 2.0 0.179 0.629 0.034
0.0 0.0 0.0 1.0 0.0 0.0 0.0 0.0 1.0 0.0 0.098 0.585 0.585 0.585 2.0 0.224 0.100 0.034
0.0 1.0 0.0 0.0 0.0 0.0 0.0 0.0 0.0 0.0 0.659 0.024 0.024 0.024 2.0 0.104 0.814 0.034
0.0 0.0 0.0 1.0 0.0 0.0 0.0 0.0 0.0 0.0 0.634 0.049 0.049 0.049 2.0 0.239 0.800 0.034
0.0 0.0 0.0 1.0 0.0 0.0 0.0 0.0 1.0 0.0 0.585 0.098 0.098 0.098 2.0 0.179 0.629 0.034
0.0 0.0 0.0 1.0 0.0 0.0 0.0 0.0 1.0 0.0 0.098 0.585 0.585 0.585 2.0 0.224 0.100 0.034
0.0 0.0 0.0 1.0 0.0 0.0 0.0 0.0 0.0 0.0 0.634 0.024 0.024 0.024 2.0 0.239 0.757 0.034
0.0 0.0 0.0 1.0 0.0 0.0 0.0 0.0 1.0 0.0 0.585 0.073 0.073 0.073 2.0 0.179 0.629 0.034
0.0 1.0 0.0 0.0 0.0 0.0 0.0 0.0 0.0 0.0 0.122 0.537 0.537 0.537 2.0 0.090 0.114 0.034
0.0 0.0 0.0 1.0 0.0 0.0 0.0 0.0 1.0 0.0 0.098 0.561 0.561 0.561 2.0 0.209 0.100 0.034
0.0 0.0 0.0 1.0 0.0 0.0 0.0 0.0 0.0 0.0 0.634 0.024 0.024 0.024 2.0 0.254 0.729 0.034
0.0 0.0 0.0 1.0 0.0 0.0 0.0 0.0 1.0 0.0 0.585 0.073 0.073 0.073 2.0 0.179 0.629 0.034
0.0 0.0 0.0 1.0 0.0 0.0 0.0 0.0 1.0 0.0 0.098 0.561 0.561 0.561 2.0 0.224 0.100 0.034
0.0 0.0 0.0 1.0 0.0 0.0 0.0 0.0 0.0 0.0 0.073 0.537 0.707 0.602 2.0 0.507 0.071 0.207
0.0 0.0 0.0 1.0 0.0 0.0 0.0 0.0 0.0 0.0 0.146 0.024 0.634 0.456 2.0 0.358 0.186 0.241
0.0 0.0 0.0 1.0 0.0 0.0 0.0 0.0 0.0 0.0 0.756 0.024 0.024 0.024 2.0 0.254 0.900 0.034
0.0 0.0 0.0 1.0 0.0 0.0 0.0 0.0 1.0 0.0 0.195 0.585 0.585 0.585 2.0 0.179 0.214 0.034
0.0 0.0 0.0 1.0 0.0 0.0 0.0 0.0 0.0 0.0 0.707 0.024 0.024 0.024 2.0 0.254 0.857 0.034
0.0 0.0 0.0 1.0 0.0 0.0 0.0 0.0 1.0 0.0 0.195 0.537 0.537 0.537 2.0 0.179 0.214 0.034
0.0 1.0 0.0 0.0 0.0 0.0 0.0 0.0 0.0 0.0 0.683 0.024 0.024 0.024 2.0 0.090 0.843 0.034
0.0 0.0 0.0 1.0 0.0 0.0 0.0 0.0 0.0 0.0 0.659 0.049 0.049 0.049 2.0 0.254 0.829 0.034
0.0 0.0 0.0 1.0 0.0 0.0 0.0 0.0 1.0 0.0 0.195 0.512 0.512 0.512 2.0 0.179 0.214 0.034
0.0 0.0 0.0 1.0 0.0 0.0 0.0 0.0 0.0 0.0 0.585 0.024 0.024 0.024 2.0 0.254 0.786 0.034
0.0 0.0 0.0 1.0 0.0 0.0 0.0 0.0 1.0 0.0 0.195 0.415 0.415 0.415 2.0 0.179 0.214 0.034
0.0 0.0 0.0 1.0 0.0 0.0 0.0 0.0 0.0 0.0 0.585 0.024 0.024 0.024 2.0 0.239 0.743 0.034
0.0 0.0 0.0 1.0 0.0 0.0 0.0 0.0 1.0 0.0 0.195 0.415 0.415 0.415 2.0 0.179 0.214 0.034
0.0 0.0 0.0 1.0 0.0 0.0 0.0 0.0 0.0 0.0 0.585 0.024 0.024 0.024 2.0 0.254 0.714 0.034
0.0 0.0 0.0 1.0 0.0 0.0 0.0 0.0 1.0 0.0 0.195 0.415 0.415 0.415 2.0 0.179 0.214 0.034
0.0 0.0 0.0 1.0 0.0 0.0 0.0 0.0 1.0 0.0 0.122 0.488 0.878 0.615 2.0 0.239 0.086 0.793
0.0 0.0 0.0 1.0 0.0 0.0 0.0 0.0 1.0 0.0 0.171 0.439 0.829 0.566 2.0 0.179 0.143 0.793
0.0 0.0 0.0 1.0 0.0 0.0 0.0 0.0 1.0 0.0 0.122 0.488 0.878 0.615 2.0 0.269 0.086 0.793
0.0 0.0 0.0 1.0 0.0 0.0 0.0 0.0 1.0 0.0 0.171 0.439 0.829 0.566 2.0 0.209 0.143 0.793
0.0 0.0 0.0 1.0 0.0 0.0 0.0 0.0 1.0 0.0 0.122 0.488 0.878 0.615 2.0 0.254 0.086 0.793
0.0 1.0 0.0 0.0 0.0 0.0 0.0 0.0 0.0 0.0 0.220 0.390 0.780 0.517 1.0 0.104 0.157 0.793
0.0 1.0 0.0 0.0 0.0 0.0 0.0 0.0 0.0 0.0 0.195 0.415 0.805 0.542 2.0 0.075 0.157 0.793
0.0 0.0 0.0 1.0 0.0 0.0 0.0 0.0 1.0 0.0 0.171 0.439 0.829 0.566 2.0 0.164 0.143 0.793
0.0 0.0 0.0 1.0 0.0 0.0 0.0 0.0 1.0 0.0 0.122 0.488 0.878 0.615 2.0 0.254 0.086 0.793
0.0 1.0 0.0 0.0 0.0 0.0 0.0 0.0 0.0 0.0 0.195 0.415 0.805 0.542 2.0 0.104 0.157 0.793
0.0 0.0 0.0 1.0 0.0 0.0 0.0 0.0 1.0 0.0 0.171 0.439 0.829 0.566 2.0 0.164 0.143 0.793
0.0 0.0 0.0 1.0 0.0 0.0 0.0 0.0 1.0 0.0 0.122 0.488 0.878 0.615 2.0 0.239 0.086 0.793
0.0 0.0 0.0 1.0 0.0 0.0 0.0 0.0 1.0 0.0 0.171 0.439 0.829 0.566 2.0 0.179 0.143 0.793
0.0 0.0 0.0 1.0 0.0 0.0 0.0 0.0 1.0 0.0 0.122 0.488 0.878 0.615 2.0 0.254 0.086 0.793
0.0 0.0 0.0 1.0 0.0 0.0 0.0 0.0 1.0 0.0 0.171 0.439 0.829 0.566 2.0 0.194 0.143 0.793
0.0 0.0 0.0 1.0 0.0 0.0 0.0 0.0 1.0 0.0 0.024 0.585 0.976 0.713 2.0 0.075 0.029 0.793
0.0 0.0 0.0 1.0 0.0 0.0 0.0 0.0 1.0 0.0 0.024 0.585 0.976 0.713 2.0 0.090 0.029 0.793
0.0 0.0 0.0 1.0 0.0 0.0 0.0 0.0 1.0 0.0 0.024 0.585 0.976 0.713 2.0 0.075 0.029 0.793
0.0 0.0 0.0 1.0 0.0 0.0 0.0 0.0 1.0 0.0 0.024 0.585 0.976 0.713 2.0 0.090 0.029 0.793
0.0 0.0 0.0 1.0 0.0 0.0 0.0 0.0 1.0 0.0 0.024 0.585 0.976 0.713 2.0 0.075 0.029 0.793
0.0 1.0 0.0 0.0 0.0 0.0 0.0 0.0 0.0 0.0 0.171 0.439 0.829 0.573 2.0 0.373 0.143 0.724
0.0 0.0 0.0 1.0 0.0 0.0 0.0 0.0 0.0 0.0 0.146 0.463 0.854 0.597 3.0 0.433 0.129 0.724
0.0 0.0 0.0 1.0 0.0 0.0 0.0 0.0 1.0 0.0 0.195 0.585 0.805 0.663 2.0 0.224 0.157 0.207
0.0 0.0 0.0 0.0 1.0 0.0 0.0 0.0 0.0 0.0 0.073 0.707 0.927 0.785 2.0 0.254 0.071 0.207
0.0 0.0 0.0 1.0 0.0 0.0 0.0 0.0 1.0 0.0 0.195 0.537 0.805 0.623 2.0 0.224 0.157 0.310
0.0 0.0 0.0 0.0 1.0 0.0 0.0 0.0 0.0 0.0 0.073 0.659 0.927 0.745 2.0 0.224 0.086 0.310
0.0 0.0 0.0 1.0 0.0 0.0 0.0 0.0 1.0 0.0 0.195 0.488 0.805 0.598 2.0 0.239 0.157 0.414
0.0 0.0 0.0 0.0 1.0 0.0 0.0 0.0 0.0 0.0 0.073 0.610 0.927 0.720 2.0 0.299 0.086 0.414
0.0 0.0 0.0 1.0 0.0 0.0 0.0 0.0 1.0 0.0 0.195 0.415 0.805 0.576 2.0 0.254 0.157 0.517
0.0 0.0 0.0 0.0 1.0 0.0 0.0 0.0 0.0 0.0 0.073 0.537 0.927 0.698 2.0 0.299 0.086 0.517
0.0 0.0 0.0 1.0 0.0 0.0 0.0 0.0 1.0 0.0 0.195 0.415 0.805 0.560 2.0 0.239 0.157 0.621
0.0 0.0 0.0 1.0 0.0 0.0 0.0 0.0 1.0 0.0 0.195 0.415 0.805 0.548 2.0 0.254 0.157 0.724
0.0 0.0 0.0 0.0 1.0 0.0 0.0 0.0 0.0 0.0 0.073 0.537 0.927 0.670 2.0 0.284 0.071 0.724
0.0 0.0 0.0 1.0 0.0 0.0 0.0 0.0 1.0 0.0 0.195 0.805 0.805 0.805 2.0 0.179 0.200 0.034
0.0 0.0 0.0 1.0 0.0 0.0 0.0 0.0 1.0 0.0 0.195 0.732 0.805 0.768 2.0 0.179 0.200 0.069
0.0 0.0 0.0 1.0 0.0 0.0 0.0 0.0 1.0 0.0 0.195 0.683 0.805 0.740 2.0 0.179 0.200 0.103
0.0 1.0 0.0 0.0 0.0 0.0 0.0 0.0 0.0 0.0 0.220 0.390 0.780 0.524 2.0 0.224 0.200 0.724
0.0 0.0 0.0 0.0 1.0 0.0 0.0 0.0 1.0 0.0 0.195 0.415 0.805 0.548 2.0 0.224 0.186 0.724
0.0 0.0 0.0 1.0 0.0 0.0 0.0 0.0 1.0 0.0 0.244 0.537 0.756 0.614 2.0 0.209 0.214 0.207
0.0 1.0 0.0 0.0 0.0 0.0 0.0 0.0 0.0 0.0 0.244 0.366 0.756 0.493 1.0 0.209 0.186 0.793
0.0 1.0 0.0 0.0 0.0 0.0 0.0 0.0 0.0 0.0 0.220 0.390 0.780 0.517 2.0 0.090 0.186 0.793
0.0 0.0 0.0 1.0 0.0 0.0 0.0 0.0 1.0 0.0 0.195 0.415 0.805 0.542 2.0 0.164 0.171 0.793
0.0 0.0 0.0 0.0 1.0 0.0 0.0 0.0 0.0 0.0 0.073 0.707 0.927 0.785 2.0 0.313 0.071 0.207
0.0 0.0 0.0 1.0 0.0 0.0 0.0 0.0 1.0 0.0 0.244 0.488 0.756 0.575 2.0 0.209 0.214 0.310
0.0 0.0 0.0 1.0 0.0 0.0 0.0 0.0 1.0 0.0 0.195 0.415 0.805 0.542 2.0 0.284 0.171 0.793
0.0 0.0 0.0 0.0 1.0 0.0 0.0 0.0 0.0 0.0 0.073 0.659 0.927 0.745 2.0 0.284 0.086 0.310
0.0 0.0 0.0 1.0 0.0 0.0 0.0 0.0 1.0 0.0 0.244 0.439 0.756 0.549 2.0 0.209 0.214 0.414
0.0 0.0 0.0 1.0 0.0 0.0 0.0 0.0 1.0 0.0 0.195 0.415 0.805 0.542 2.0 0.299 0.171 0.793
0.0 1.0 0.0 0.0 0.0 0.0 0.0 0.0 0.0 0.0 0.098 0.585 0.902 0.695 2.0 0.149 0.100 0.414
0.0 0.0 0.0 0.0 1.0 0.0 0.0 0.0 0.0 0.0 0.073 0.610 0.927 0.720 2.0 0.284 0.086 0.414
0.0 0.0 0.0 1.0 0.0 0.0 0.0 0.0 1.0 0.0 0.244 0.366 0.756 0.527 2.0 0.209 0.214 0.517
0.0 0.0 0.0 1.0 0.0 0.0 0.0 0.0 1.0 0.0 0.195 0.415 0.805 0.542 2.0 0.284 0.171 0.793
0.0 0.0 0.0 0.0 1.0 0.0 0.0 0.0 0.0 0.0 0.073 0.537 0.927 0.698 2.0 0.343 0.086 0.517
0.0 0.0 0.0 1.0 0.0 0.0 0.0 0.0 1.0 0.0 0.244 0.366 0.756 0.511 2.0 0.209 0.214 0.621
0.0 0.0 0.0 1.0 0.0 0.0 0.0 0.0 1.0 0.0 0.195 0.415 0.805 0.542 2.0 0.299 0.171 0.793
0.0 0.0 0.0 1.0 0.0 0.0 0.0 0.0 1.0 0.0 0.244 0.366 0.756 0.499 2.0 0.209 0.214 0.724
0.0 0.0 0.0 1.0 0.0 0.0 0.0 0.0 1.0 0.0 0.195 0.415 0.805 0.542 2.0 0.284 0.171 0.793
0.0 0.0 0.0 0.0 1.0 0.0 0.0 0.0 0.0 0.0 0.073 0.537 0.927 0.670 2.0 0.313 0.071 0.724
0.0 0.0 0.0 1.0 0.0 0.0 0.0 0.0 0.0 0.0 0.073 0.537 0.927 0.670 2.0 0.463 0.043 0.724
0.0 0.0 0.0 0.0 1.0 0.0 0.0 0.0 1.0 0.0 0.073 0.537 0.927 0.670 2.0 0.388 0.043 0.724
0.0 0.0 0.0 0.0 1.0 0.0 0.0 0.0 1.0 0.0 0.049 0.122 0.951 0.665 2.0 0.179 0.029 0.828
0.0 0.0 0.0 1.0 0.0 0.0 0.0 0.0 1.0 0.0 0.049 0.122 0.951 0.665 2.0 0.179 0.029 0.828
0.0 0.0 0.0 0.0 1.0 0.0 0.0 0.0 1.0 0.0 0.049 0.122 0.951 0.665 2.0 0.179 0.029 0.828
0.0 0.0 0.0 0.0 1.0 0.0 0.0 0.0 1.0 0.0 0.073 0.098 0.927 0.640 2.0 0.194 0.043 0.828
0.0 0.0 0.0 0.0 1.0 0.0 0.0 0.0 1.0 0.0 0.049 0.122 0.951 0.665 2.0 0.164 0.029 0.828
0.0 0.0 0.0 0.0 1.0 0.0 0.0 0.0 1.0 0.0 0.073 0.098 0.927 0.640 2.0 0.194 0.043 0.828
0.0 0.0 0.0 0.0 1.0 0.0 0.0 0.0 1.0 0.0 0.073 0.049 0.049 0.049 2.0 0.164 0.043 0.034
0.0 0.0 0.0 1.0 0.0 0.0 0.0 0.0 1.0 0.0 0.098 0.024 0.024 0.024 2.0 0.149 0.057 0.034
0.0 0.0 0.0 1.0 0.0 0.0 0.0 0.0 1.0 0.0 0.659 0.049 0.049 0.049 2.0 0.134 0.643 0.034
0.0 0.0 0.0 0.0 1.0 0.0 0.0 0.0 1.0 0.0 0.098 0.610 0.610 0.610 3.0 0.194 0.071 0.034
0.0 0.0 0.0 1.0 0.0 0.0 0.0 0.0 1.0 0.0 0.073 0.561 0.561 0.561 3.0 0.254 0.071 0.034
0.0 0.0 0.0 0.0 1.0 0.0 0.0 0.0 0.0 0.0 0.098 0.537 0.537 0.537 2.0 0.269 0.071 0.034
0.0 1.0 0.0 0.0 0.0 0.0 0.0 0.0 0.0 0.0 0.098 0.024 0.024 0.024 2.0 0.090 0.071 0.034
0.0 0.0 0.0 0.0 1.0 0.0 0.0 0.0 0.0 0.0 0.073 0.049 0.049 0.049 2.0 0.328 0.057 0.034
0.0 0.0 0.0 1.0 0.0 0.0 0.0 0.0 1.0 0.0 0.073 0.049 0.049 0.049 2.0 0.254 0.057 0.034
0.0 0.0 0.0 0.0 1.0 0.0 0.0 0.0 0.0 0.0 0.073 0.024 0.024 0.024 2.0 0.284 0.071 0.034
0.0 0.0 0.0 1.0 0.0 0.0 0.0 0.0 1.0 0.0 0.073 0.024 0.024 0.024 2.0 0.239 0.057 0.034
0.0 0.0 0.0 0.0 1.0 0.0 0.0 0.0 0.0 0.0 0.073 0.024 0.024 0.024 2.0 0.343 0.071 0.034
0.0 0.0 0.0 1.0 0.0 0.0 0.0 0.0 1.0 0.0 0.073 0.024 0.024 0.024 2.0 0.239 0.057 0.034
0.0 0.0 0.0 0.0 1.0 0.0 0.0 0.0 0.0 0.0 0.073 0.024 0.024 0.024 2.0 0.343 0.071 0.034
0.0 0.0 0.0 1.0 0.0 0.0 0.0 0.0 1.0 0.0 0.073 0.024 0.024 0.024 2.0 0.239 0.057 0.034
0.0 0.0 0.0 0.0 1.0 0.0 0.0 0.0 0.0 0.0 0.073 0.024 0.024 0.024 2.0 0.328 0.057 0.034
0.0 0.0 0.0 1.0 0.0 0.0 0.0 0.0 1.0 0.0 0.073 0.024 0.024 0.024 2.0 0.239 0.057 0.034
0.0 0.0 0.0 0.0 1.0 0.0 0.0 0.0 0.0 0.0 0.073 0.024 0.024 0.024 2.0 0.313 0.057 0.034
0.0 0.0 0.0 1.0 0.0 0.0 0.0 0.0 1.0 0.0 0.073 0.024 0.024 0.024 2.0 0.239 0.057 0.034
0.0 1.0 0.0 0.0 0.0 0.0 0.0 0.0 1.0 0.0 0.024 0.098 0.976 0.665 1.0 0.194 0.014 0.862
0.0 0.0 0.0 1.0 0.0 0.0 0.0 0.0 0.0 0.0 0.171 0.439 0.829 0.566 2.0 0.164 0.100 0.793
0.0 0.0 0.0 0.0 1.0 0.0 0.0 0.0 0.0 0.0 0.122 0.488 0.878 0.615 2.0 0.164 0.086 0.793
0.0 0.0 1.0 0.0 0.0 0.0 0.0 0.0 0.0 0.0 0.878 0.049 0.049 0.049 2.0 0.149 0.771 0.034
0.0 0.0 1.0 0.0 0.0 0.0 0.0 0.0 0.0 0.0 0.927 0.073 0.073 0.073 2.0 0.179 0.800 0.034
0.0 1.0 0.0 0.0 0.0 0.0 0.0 0.0 0.0 0.0 0.122 0.488 0.878 0.621 1.0 0.806 0.114 0.724
0.0 1.0 0.0 0.0 0.0 0.0 0.0 0.0 0.0 0.0 0.220 0.707 0.780 0.744 1.0 0.134 0.157 0.069
0.0 1.0 0.0 0.0 0.0 0.0 0.0 0.0 0.0 0.0 0.244 0.366 0.756 0.499 2.0 0.134 0.257 0.724
0.0 1.0 0.0 0.0 0.0 0.0 0.0 0.0 0.0 0.0 0.268 0.341 0.732 0.475 1.0 0.119 0.257 0.724
0.0 1.0 0.0 0.0 0.0 0.0 0.0 0.0 0.0 0.0 0.244 0.366 0.756 0.511 1.0 0.179 0.214 0.621
0.0 1.0 0.0 0.0 0.0 0.0 0.0 0.0 0.0 0.0 0.244 0.366 0.756 0.527 2.0 0.134 0.186 0.517
0.0 1.0 0.0 0.0 0.0 0.0 0.0 0.0 0.0 0.0 0.268 0.341 0.732 0.502 1.0 0.134 0.186 0.517
0.0 1.0 0.0 0.0 0.0 0.0 0.0 0.0 0.0 0.0 0.244 0.439 0.756 0.549 2.0 0.119 0.229 0.414
0.0 1.0 0.0 0.0 0.0 0.0 0.0 0.0 0.0 0.0 0.268 0.415 0.732 0.524 1.0 0.134 0.229 0.414
0.0 1.0 0.0 0.0 0.0 0.0 0.0 0.0 0.0 0.0 0.293 0.439 0.707 0.526 2.0 0.090 0.271 0.310
0.0 1.0 0.0 0.0 0.0 0.0 0.0 0.0 0.0 0.0 0.317 0.415 0.683 0.501 1.0 0.134 0.271 0.310
0.0 1.0 0.0 0.0 0.0 0.0 0.0 0.0 0.0 0.0 0.244 0.537 0.756 0.614 2.0 0.104 0.186 0.207
0.0 1.0 0.0 0.0 0.0 0.0 0.0 0.0 0.0 0.0 0.268 0.512 0.732 0.589 1.0 0.134 0.186 0.207
0.0 1.0 0.0 0.0 0.0 0.0 0.0 0.0 0.0 0.0 0.220 0.659 0.780 0.715 2.0 0.090 0.171 0.103
0.0 1.0 0.0 0.0 0.0 0.0 0.0 0.0 0.0 0.0 0.244 0.634 0.756 0.691 1.0 0.134 0.171 0.103
0.0 0.0 0.0 0.0 0.0 1.0 0.0 0.0 0.0 0.0 0.805 0.122 0.195 0.159 2.0 0.284 0.757 0.069
0.0 0.0 1.0 0.0 0.0 0.0 0.0 0.0 0.0 0.0 0.780 0.146 0.220 0.183 2.0 0.254 0.729 0.069
0.0 0.0 0.0 1.0 0.0 0.0 0.0 0.0 0.0 0.0 0.512 0.098 0.244 0.163 2.0 0.239 0.357 0.103
0.0 0.0 0.0 1.0 0.0 0.0 0.0 0.0 0.0 0.0 0.829 0.049 0.049 0.049 2.0 0.149 0.757 0.034
0.0 0.0 0.0 1.0 0.0 0.0 0.0 0.0 0.0 0.0 0.732 0.049 0.049 0.049 2.0 0.239 0.700 0.103
0.0 0.0 0.0 1.0 0.0 0.0 0.0 0.0 0.0 0.0 0.683 0.049 0.073 0.057 2.0 0.254 0.614 0.103
0.0 0.0 0.0 1.0 0.0 0.0 0.0 0.0 0.0 0.0 0.634 0.049 0.122 0.081 2.0 0.239 0.557 0.103
0.0 0.0 0.0 1.0 0.0 0.0 0.0 0.0 0.0 0.0 0.561 0.049 0.195 0.122 2.0 0.239 0.486 0.103
0.0 1.0 0.0 0.0 0.0 0.0 0.0 0.0 0.0 0.0 0.537 0.073 0.220 0.138 2.0 0.194 0.414 0.103
0.0 0.0 0.0 1.0 0.0 0.0 0.0 0.0 0.0 0.0 0.512 0.098 0.244 0.163 2.0 0.179 0.400 0.103
0.0 1.0 0.0 0.0 0.0 0.0 0.0 0.0 0.0 0.0 0.244 0.756 0.756 0.756 2.0 0.134 0.229 0.034
0.0 1.0 0.0 0.0 0.0 0.0 0.0 0.0 0.0 0.0 0.244 0.683 0.756 0.720 1.0 0.134 0.214 0.069
0.0 1.0 0.0 0.0 0.0 0.0 0.0 0.0 0.0 0.0 0.293 0.317 0.707 0.451 2.0 0.134 0.300 0.724
0.0 1.0 0.0 0.0 0.0 0.0 0.0 0.0 0.0 0.0 0.317 0.293 0.683 0.426 1.0 0.104 0.300 0.724
0.0 1.0 0.0 0.0 0.0 0.0 0.0 0.0 0.0 0.0 0.293 0.317 0.707 0.462 2.0 0.134 0.300 0.621
0.0 1.0 0.0 0.0 0.0 0.0 0.0 0.0 0.0 0.0 0.317 0.293 0.683 0.438 1.0 0.104 0.300 0.621
0.0 1.0 0.0 0.0 0.0 0.0 0.0 0.0 0.0 0.0 0.293 0.317 0.707 0.478 2.0 0.134 0.300 0.517
0.0 1.0 0.0 0.0 0.0 0.0 0.0 0.0 0.0 0.0 0.317 0.293 0.683 0.454 1.0 0.104 0.300 0.517
0.0 1.0 0.0 0.0 0.0 0.0 0.0 0.0 0.0 0.0 0.293 0.390 0.707 0.500 1.0 0.164 0.300 0.414
0.0 1.0 0.0 0.0 0.0 0.0 0.0 0.0 0.0 0.0 0.293 0.439 0.707 0.526 1.0 0.164 0.300 0.310
0.0 1.0 0.0 0.0 0.0 0.0 0.0 0.0 0.0 0.0 0.293 0.488 0.707 0.565 1.0 0.164 0.300 0.207
0.0 1.0 0.0 0.0 0.0 0.0 0.0 0.0 0.0 0.0 0.244 0.634 0.756 0.691 2.0 0.104 0.229 0.103
0.0 1.0 0.0 0.0 0.0 0.0 0.0 0.0 0.0 0.0 0.268 0.610 0.732 0.667 1.0 0.104 0.229 0.103
0.0 1.0 0.0 0.0 0.0 0.0 0.0 0.0 0.0 0.0 0.732 0.146 0.268 0.203 2.0 0.179 0.686 0.103
0.0 0.0 0.0 1.0 0.0 0.0 0.0 0.0 0.0 0.0 0.707 0.171 0.293 0.228 2.0 0.194 0.671 0.103
0.0 0.0 0.0 1.0 0.0 0.0 0.0 0.0 0.0 0.0 0.659 0.122 0.341 0.199 2.0 0.254 0.600 0.207
0.0 0.0 0.0 1.0 0.0 0.0 0.0 0.0 0.0 0.0 0.610 0.122 0.390 0.209 2.0 0.254 0.529 0.310
0.0 0.0 0.0 1.0 0.0 0.0 0.0 0.0 0.0 0.0 0.561 0.122 0.439 0.232 2.0 0.239 0.471 0.414
0.0 0.0 0.0 1.0 0.0 0.0 0.0 0.0 0.0 0.0 0.488 0.122 0.512 0.283 2.0 0.254 0.400 0.517
0.0 0.0 0.0 1.0 0.0 0.0 0.0 0.0 0.0 0.0 0.439 0.171 0.561 0.316 2.0 0.239 0.357 0.621
0.0 0.0 0.0 1.0 0.0 0.0 0.0 0.0 0.0 0.0 0.439 0.171 0.317 0.236 2.0 0.224 0.357 0.103
0.0 0.0 1.0 0.0 0.0 0.0 0.0 0.0 0.0 0.0 0.317 0.610 0.683 0.646 2.0 0.299 0.257 0.069
0.0 0.0 0.0 1.0 0.0 0.0 0.0 0.0 0.0 0.0 0.366 0.244 0.634 0.377 3.0 0.239 0.343 0.724
0.0 0.0 0.0 1.0 0.0 0.0 0.0 0.0 0.0 0.0 0.415 0.195 0.585 0.329 2.0 0.269 0.343 0.724
0.0 0.0 0.0 1.0 0.0 0.0 0.0 0.0 0.0 0.0 0.390 0.220 0.610 0.364 2.0 0.388 0.343 0.621
0.0 1.0 0.0 0.0 0.0 0.0 0.0 0.0 0.0 0.0 0.463 0.146 0.293 0.211 1.0 0.149 0.357 0.103
0.0 0.0 0.0 1.0 0.0 0.0 0.0 0.0 0.0 0.0 0.366 0.244 0.634 0.389 3.0 0.284 0.329 0.621
0.0 0.0 0.0 1.0 0.0 0.0 0.0 0.0 0.0 0.0 0.390 0.220 0.610 0.364 2.0 0.299 0.329 0.621
0.0 0.0 0.0 1.0 0.0 0.0 0.0 0.0 0.0 0.0 0.463 0.146 0.537 0.307 2.0 0.254 0.400 0.517
0.0 1.0 0.0 0.0 0.0 0.0 0.0 0.0 0.0 0.0 0.512 0.098 0.244 0.171 2.0 0.149 0.414 0.103
0.0 0.0 0.0 1.0 0.0 0.0 0.0 0.0 0.0 0.0 0.366 0.244 0.634 0.405 3.0 0.284 0.343 0.517
0.0 0.0 0.0 1.0 0.0 0.0 0.0 0.0 0.0 0.0 0.390 0.220 0.610 0.380 2.0 0.313 0.329 0.517
0.0 1.0 0.0 0.0 0.0 0.0 0.0 0.0 0.0 0.0 0.537 0.146 0.463 0.256 2.0 0.134 0.471 0.414
0.0 0.0 0.0 1.0 0.0 0.0 0.0 0.0 0.0 0.0 0.512 0.171 0.488 0.280 2.0 0.209 0.457 0.414
0.0 1.0 0.0 0.0 0.0 0.0 0.0 0.0 0.0 0.0 0.585 0.098 0.171 0.130 2.0 0.149 0.486 0.103
0.0 0.0 0.0 1.0 0.0 0.0 0.0 0.0 0.0 0.0 0.341 0.341 0.659 0.451 3.0 0.284 0.343 0.414
0.0 0.0 0.0 1.0 0.0 0.0 0.0 0.0 0.0 0.0 0.366 0.317 0.634 0.427 2.0 0.299 0.329 0.414
0.0 0.0 0.0 1.0 0.0 0.0 0.0 0.0 0.0 0.0 0.585 0.146 0.415 0.233 2.0 0.254 0.529 0.310
0.0 1.0 0.0 0.0 0.0 0.0 0.0 0.0 0.0 0.0 0.634 0.098 0.122 0.106 2.0 0.149 0.543 0.103
0.0 0.0 0.0 1.0 0.0 0.0 0.0 0.0 0.0 0.0 0.341 0.390 0.659 0.477 3.0 0.284 0.357 0.310
0.0 0.0 0.0 1.0 0.0 0.0 0.0 0.0 0.0 0.0 0.366 0.366 0.634 0.453 2.0 0.269 0.343 0.310
0.0 0.0 0.0 1.0 0.0 0.0 0.0 0.0 0.0 0.0 0.634 0.146 0.366 0.224 2.0 0.254 0.600 0.207
0.0 1.0 0.0 0.0 0.0 0.0 0.0 0.0 0.0 0.0 0.683 0.098 0.098 0.098 2.0 0.149 0.614 0.103
0.0 0.0 0.0 1.0 0.0 0.0 0.0 0.0 0.0 0.0 0.341 0.439 0.659 0.516 3.0 0.269 0.357 0.207
0.0 0.0 0.0 1.0 0.0 0.0 0.0 0.0 0.0 0.0 0.366 0.415 0.634 0.492 2.0 0.254 0.343 0.207
0.0 0.0 0.0 1.0 0.0 0.0 0.0 0.0 0.0 0.0 0.683 0.195 0.317 0.252 2.0 0.224 0.671 0.103
0.0 1.0 0.0 0.0 0.0 0.0 0.0 0.0 0.0 0.0 0.756 0.122 0.122 0.122 2.0 0.104 0.700 0.034
0.0 1.0 0.0 0.0 0.0 0.0 0.0 0.0 0.0 0.0 0.780 0.098 0.098 0.098 1.0 0.104 0.700 0.034
0.0 0.0 0.0 1.0 0.0 0.0 0.0 0.0 0.0 0.0 0.317 0.561 0.683 0.618 3.0 0.284 0.271 0.103
0.0 0.0 0.0 1.0 0.0 0.0 0.0 0.0 0.0 0.0 0.341 0.537 0.659 0.593 2.0 0.254 0.257 0.103
0.0 0.0 0.0 1.0 0.0 0.0 0.0 0.0 0.0 0.0 0.756 0.171 0.244 0.207 2.0 0.224 0.729 0.069
0.0 0.0 1.0 0.0 0.0 0.0 0.0 0.0 0.0 0.0 0.293 0.634 0.707 0.671 3.0 0.254 0.257 0.069
0.0 0.0 0.0 0.0 1.0 0.0 0.0 0.0 0.0 0.0 0.829 0.171 0.171 0.171 2.0 0.224 0.757 0.034
0.0 0.0 0.0 1.0 0.0 0.0 0.0 0.0 0.0 0.0 0.854 0.146 0.146 0.146 2.0 0.179 0.786 0.034
0.0 0.0 0.0 0.0 1.0 0.0 0.0 0.0 0.0 0.0 0.829 0.171 0.171 0.171 3.0 0.284 0.786 0.034
0.0 0.0 0.0 1.0 0.0 0.0 0.0 0.0 0.0 0.0 0.878 0.122 0.122 0.122 3.0 0.209 0.800 0.034
0.0 0.0 0.0 1.0 0.0 0.0 0.0 0.0 0.0 0.0 0.878 0.122 0.122 0.122 2.0 0.179 0.786 0.034
0.0 0.0 0.0 1.0 0.0 0.0 0.0 0.0 0.0 0.0 0.902 0.098 0.098 0.098 3.0 0.209 0.800 0.034
0.0 0.0 0.0 0.0 1.0 0.0 0.0 0.0 0.0 0.0 0.854 0.073 0.073 0.073 2.0 0.179 0.771 0.034
0.0 0.0 0.0 0.0 1.0 0.0 0.0 0.0 0.0 0.0 0.341 0.585 0.585 0.585 2.0 0.224 0.257 0.034
0.0 0.0 0.0 1.0 0.0 0.0 0.0 0.0 0.0 0.0 0.805 0.122 0.122 0.122 2.0 0.164 0.757 0.034
0.0 1.0 0.0 0.0 0.0 0.0 0.0 0.0 0.0 0.0 0.463 0.146 0.293 0.211 1.0 0.119 0.357 0.103
0.0 0.0 0.0 1.0 0.0 0.0 0.0 0.0 0.0 0.0 0.366 0.512 0.512 0.512 2.0 0.209 0.271 0.034
0.0 0.0 0.0 1.0 0.0 0.0 0.0 0.0 0.0 0.0 0.390 0.390 0.390 0.390 2.0 0.209 0.357 0.103
0.0 0.0 0.0 1.0 0.0 0.0 0.0 0.0 0.0 0.0 0.390 0.341 0.366 0.350 2.0 0.209 0.357 0.103
0.0 0.0 0.0 1.0 0.0 0.0 0.0 0.0 0.0 0.0 0.390 0.293 0.366 0.325 2.0 0.209 0.343 0.103
0.0 0.0 0.0 1.0 0.0 0.0 0.0 0.0 0.0 0.0 0.415 0.195 0.341 0.268 2.0 0.209 0.343 0.103
0.0 0.0 0.0 1.0 0.0 0.0 0.0 0.0 0.0 0.0 0.415 0.195 0.341 0.260 2.0 0.209 0.329 0.103
0.0 0.0 0.0 1.0 0.0 0.0 0.0 0.0 0.0 0.0 0.268 0.732 0.732 0.732 2.0 0.373 0.243 0.034
0.0 0.0 0.0 1.0 0.0 0.0 0.0 0.0 0.0 0.0 0.244 0.756 0.756 0.756 2.0 0.328 0.229 0.034
0.0 0.0 0.0 1.0 0.0 0.0 0.0 0.0 0.0 0.0 0.293 0.707 0.707 0.707 2.0 0.179 0.243 0.034
0.0 0.0 0.0 1.0 0.0 0.0 0.0 0.0 0.0 0.0 0.293 0.634 0.707 0.671 2.0 0.194 0.243 0.069
0.0 0.0 0.0 1.0 0.0 0.0 0.0 0.0 0.0 0.0 0.268 0.659 0.732 0.695 2.0 0.388 0.229 0.069
0.0 1.0 0.0 0.0 0.0 0.0 0.0 0.0 0.0 0.0 0.268 0.659 0.732 0.695 2.0 0.164 0.243 0.069
0.0 0.0 0.0 1.0 0.0 0.0 0.0 0.0 0.0 0.0 0.244 0.683 0.756 0.720 2.0 0.284 0.229 0.069
0.0 0.0 0.0 1.0 0.0 0.0 0.0 0.0 0.0 0.0 0.341 0.268 0.659 0.402 2.0 0.373 0.314 0.724
0.0 0.0 0.0 1.0 0.0 0.0 0.0 0.0 0.0 0.0 0.293 0.317 0.707 0.451 2.0 0.373 0.300 0.724
0.0 1.0 0.0 0.0 0.0 0.0 0.0 0.0 0.0 0.0 0.390 0.220 0.610 0.353 2.0 0.119 0.329 0.724
0.0 0.0 0.0 1.0 0.0 0.0 0.0 0.0 0.0 0.0 0.366 0.244 0.634 0.377 2.0 0.149 0.314 0.724
0.0 0.0 0.0 1.0 0.0 0.0 0.0 0.0 0.0 0.0 0.341 0.268 0.659 0.413 2.0 0.403 0.314 0.621
0.0 0.0 0.0 1.0 0.0 0.0 0.0 0.0 0.0 0.0 0.293 0.317 0.707 0.462 2.0 0.388 0.300 0.621
0.0 0.0 0.0 1.0 0.0 0.0 0.0 0.0 0.0 0.0 0.366 0.244 0.634 0.389 2.0 0.194 0.314 0.621
0.0 0.0 0.0 1.0 0.0 0.0 0.0 0.0 0.0 0.0 0.341 0.268 0.659 0.429 2.0 0.403 0.314 0.517
0.0 0.0 0.0 1.0 0.0 0.0 0.0 0.0 0.0 0.0 0.293 0.317 0.707 0.478 2.0 0.388 0.300 0.517
0.0 0.0 0.0 1.0 0.0 0.0 0.0 0.0 0.0 0.0 0.366 0.244 0.634 0.405 2.0 0.194 0.314 0.517
0.0 0.0 0.0 1.0 0.0 0.0 0.0 0.0 0.0 0.0 0.317 0.366 0.683 0.476 2.0 0.403 0.314 0.414
0.0 0.0 0.0 1.0 0.0 0.0 0.0 0.0 0.0 0.0 0.293 0.390 0.707 0.500 2.0 0.388 0.314 0.414
0.0 0.0 0.0 1.0 0.0 0.0 0.0 0.0 0.0 0.0 0.341 0.341 0.659 0.451 2.0 0.194 0.314 0.414
0.0 0.0 0.0 1.0 0.0 0.0 0.0 0.0 0.0 0.0 0.317 0.415 0.683 0.501 2.0 0.403 0.314 0.310
0.0 0.0 0.0 1.0 0.0 0.0 0.0 0.0 0.0 0.0 0.293 0.439 0.707 0.526 2.0 0.388 0.314 0.310
0.0 0.0 0.0 1.0 0.0 0.0 0.0 0.0 0.0 0.0 0.341 0.390 0.659 0.477 2.0 0.194 0.314 0.310
0.0 0.0 0.0 1.0 0.0 0.0 0.0 0.0 0.0 0.0 0.317 0.463 0.683 0.541 2.0 0.403 0.314 0.207
0.0 1.0 0.0 0.0 0.0 0.0 0.0 0.0 0.0 0.0 0.317 0.463 0.683 0.541 2.0 0.179 0.329 0.207
0.0 0.0 0.0 1.0 0.0 0.0 0.0 0.0 0.0 0.0 0.293 0.488 0.707 0.565 2.0 0.313 0.314 0.207
0.0 0.0 0.0 1.0 0.0 0.0 0.0 0.0 0.0 0.0 0.341 0.439 0.659 0.516 2.0 0.179 0.329 0.207
0.0 0.0 0.0 1.0 0.0 0.0 0.0 0.0 0.0 0.0 0.293 0.585 0.707 0.642 2.0 0.403 0.243 0.103
0.0 0.0 0.0 1.0 0.0 0.0 0.0 0.0 0.0 0.0 0.244 0.634 0.756 0.691 2.0 0.358 0.229 0.103
0.0 0.0 0.0 1.0 0.0 0.0 0.0 0.0 0.0 0.0 0.317 0.561 0.683 0.618 2.0 0.194 0.243 0.103
0.0 1.0 0.0 0.0 0.0 0.0 0.0 0.0 0.0 0.0 0.780 0.098 0.098 0.098 2.0 0.104 0.743 0.034
0.0 0.0 0.0 1.0 0.0 0.0 0.0 0.0 0.0 0.0 0.756 0.122 0.122 0.122 2.0 0.149 0.729 0.034
0.0 0.0 0.0 1.0 0.0 0.0 0.0 0.0 0.0 0.0 0.805 0.073 0.073 0.073 3.0 0.239 0.743 0.034
0.0 1.0 0.0 0.0 0.0 0.0 0.0 0.0 0.0 0.0 0.707 0.073 0.073 0.073 2.0 0.134 0.686 0.103
0.0 0.0 0.0 1.0 0.0 0.0 0.0 0.0 0.0 0.0 0.683 0.098 0.098 0.098 2.0 0.164 0.671 0.103
0.0 0.0 0.0 1.0 0.0 0.0 0.0 0.0 0.0 0.0 0.707 0.073 0.073 0.073 3.0 0.269 0.686 0.103
0.0 0.0 0.0 1.0 0.0 0.0 0.0 0.0 0.0 0.0 0.634 0.098 0.122 0.106 2.0 0.209 0.600 0.103
0.0 0.0 0.0 1.0 0.0 0.0 0.0 0.0 0.0 0.0 0.659 0.073 0.098 0.081 3.0 0.269 0.614 0.103
0.0 1.0 0.0 0.0 0.0 0.0 0.0 0.0 0.0 0.0 0.610 0.073 0.146 0.106 2.0 0.134 0.543 0.103
0.0 0.0 0.0 1.0 0.0 0.0 0.0 0.0 0.0 0.0 0.585 0.098 0.171 0.130 2.0 0.164 0.529 0.103
0.0 0.0 0.0 1.0 0.0 0.0 0.0 0.0 0.0 0.0 0.610 0.073 0.146 0.106 3.0 0.269 0.543 0.103
0.0 1.0 0.0 0.0 0.0 0.0 0.0 0.0 0.0 0.0 0.537 0.073 0.220 0.146 2.0 0.134 0.471 0.103
0.0 0.0 0.0 1.0 0.0 0.0 0.0 0.0 0.0 0.0 0.512 0.098 0.244 0.171 2.0 0.164 0.457 0.103
0.0 0.0 0.0 1.0 0.0 0.0 0.0 0.0 0.0 0.0 0.537 0.073 0.220 0.146 3.0 0.269 0.471 0.103
0.0 0.0 0.0 1.0 0.0 0.0 0.0 0.0 0.0 0.0 0.463 0.146 0.293 0.211 2.0 0.179 0.400 0.103
0.0 0.0 0.0 1.0 0.0 0.0 0.0 0.0 0.0 0.0 0.488 0.122 0.268 0.187 3.0 0.239 0.400 0.103
0.0 0.0 0.0 1.0 0.0 0.0 0.0 0.0 0.0 0.0 0.463 0.146 0.293 0.211 2.0 0.388 0.357 0.103
0.0 0.0 0.0 1.0 0.0 0.0 0.0 0.0 0.0 0.0 0.488 0.122 0.268 0.187 2.0 0.284 0.357 0.103
0.0 1.0 0.0 0.0 0.0 0.0 0.0 0.0 0.0 0.0 0.829 0.098 0.098 0.098 2.0 0.134 0.771 0.034
0.0 0.0 0.0 1.0 0.0 0.0 0.0 0.0 0.0 0.0 0.537 0.073 0.463 0.200 2.0 0.537 0.600 0.793
0.0 1.0 0.0 0.0 0.0 0.0 0.0 0.0 0.0 0.0 0.220 0.390 0.780 0.517 1.0 0.134 0.200 0.793
0.0 1.0 0.0 0.0 0.0 0.0 0.0 0.0 0.0 0.0 0.244 0.366 0.756 0.493 2.0 0.119 0.243 0.793
0.0 1.0 0.0 0.0 0.0 0.0 0.0 0.0 0.0 0.0 0.268 0.341 0.732 0.469 1.0 0.119 0.243 0.793
0.0 1.0 0.0 0.0 0.0 0.0 0.0 0.0 0.0 0.0 0.268 0.341 0.732 0.469 2.0 0.149 0.243 0.793
0.0 1.0 0.0 0.0 0.0 0.0 0.0 0.0 0.0 0.0 0.244 0.366 0.756 0.493 2.0 0.119 0.243 0.793
0.0 1.0 0.0 0.0 0.0 0.0 0.0 0.0 0.0 0.0 0.268 0.341 0.732 0.469 1.0 0.119 0.243 0.793
0.0 1.0 0.0 0.0 0.0 0.0 0.0 0.0 0.0 0.0 0.244 0.366 0.756 0.493 2.0 0.090 0.229 0.793
0.0 1.0 0.0 0.0 0.0 0.0 0.0 0.0 0.0 0.0 0.268 0.341 0.732 0.469 1.0 0.119 0.229 0.793
0.0 1.0 0.0 0.0 0.0 0.0 0.0 0.0 0.0 0.0 0.049 0.561 0.951 0.688 1.0 0.104 0.029 0.793
0.0 1.0 0.0 0.0 0.0 0.0 0.0 0.0 0.0 0.0 0.146 0.463 0.854 0.591 2.0 0.090 0.100 0.793
0.0 1.0 0.0 0.0 0.0 0.0 0.0 0.0 0.0 0.0 0.171 0.439 0.829 0.566 1.0 0.119 0.100 0.793
0.0 1.0 0.0 0.0 0.0 0.0 0.0 0.0 0.0 0.0 0.049 0.561 0.951 0.688 1.0 0.149 0.029 0.793
0.0 1.0 0.0 0.0 0.0 0.0 0.0 0.0 0.0 0.0 0.146 0.463 0.854 0.591 1.0 0.179 0.086 0.793
0.0 1.0 0.0 0.0 0.0 0.0 0.0 0.0 0.0 0.0 0.244 0.366 0.756 0.493 2.0 0.104 0.243 0.793
0.0 1.0 0.0 0.0 0.0 0.0 0.0 0.0 0.0 0.0 0.268 0.341 0.732 0.469 1.0 0.104 0.243 0.793
0.0 0.0 0.0 1.0 0.0 0.0 0.0 0.0 0.0 0.0 0.244 0.366 0.756 0.493 2.0 0.179 0.229 0.793
0.0 0.0 0.0 1.0 0.0 0.0 0.0 0.0 0.0 0.0 0.293 0.317 0.707 0.444 3.0 0.209 0.271 0.793
0.0 0.0 0.0 0.0 1.0 0.0 0.0 0.0 0.0 0.0 0.244 0.366 0.756 0.493 2.0 0.179 0.229 0.793
0.0 0.0 0.0 1.0 0.0 0.0 0.0 0.0 0.0 0.0 0.293 0.317 0.707 0.444 2.0 0.164 0.257 0.793
0.0 1.0 0.0 0.0 0.0 0.0 0.0 0.0 0.0 0.0 0.341 0.268 0.659 0.396 2.0 0.134 0.343 0.793
0.0 0.0 0.0 1.0 0.0 0.0 0.0 0.0 0.0 0.0 0.317 0.293 0.683 0.420 3.0 0.194 0.329 0.793
0.0 0.0 0.0 0.0 1.0 0.0 0.0 0.0 0.0 0.0 0.293 0.317 0.707 0.444 2.0 0.164 0.257 0.793
0.0 0.0 0.0 1.0 0.0 0.0 0.0 0.0 0.0 0.0 0.293 0.317 0.707 0.444 2.0 0.179 0.257 0.793
0.0 0.0 0.0 1.0 0.0 0.0 0.0 0.0 0.0 0.0 0.366 0.244 0.634 0.371 3.0 0.194 0.400 0.793
0.0 0.0 0.0 0.0 1.0 0.0 0.0 0.0 0.0 0.0 0.293 0.317 0.707 0.444 2.0 0.179 0.257 0.793
0.0 0.0 0.0 1.0 0.0 0.0 0.0 0.0 0.0 0.0 0.293 0.317 0.707 0.444 2.0 0.179 0.243 0.793
0.0 0.0 0.0 1.0 0.0 0.0 0.0 0.0 0.0 0.0 0.390 0.220 0.610 0.347 3.0 0.224 0.443 0.793
0.0 0.0 0.0 0.0 1.0 0.0 0.0 0.0 0.0 0.0 0.293 0.317 0.707 0.444 2.0 0.179 0.243 0.793
0.0 0.0 0.0 1.0 0.0 0.0 0.0 0.0 0.0 0.0 0.293 0.317 0.707 0.444 2.0 0.179 0.271 0.793
0.0 1.0 0.0 0.0 0.0 0.0 0.0 0.0 0.0 0.0 0.439 0.171 0.561 0.298 2.0 0.134 0.529 0.793
0.0 0.0 0.0 1.0 0.0 0.0 0.0 0.0 0.0 0.0 0.415 0.195 0.585 0.322 3.0 0.194 0.514 0.793
0.0 0.0 0.0 0.0 1.0 0.0 0.0 0.0 0.0 0.0 0.293 0.317 0.707 0.444 2.0 0.179 0.271 0.793
0.0 0.0 0.0 1.0 0.0 0.0 0.0 0.0 0.0 0.0 0.146 0.463 0.854 0.591 2.0 0.149 0.086 0.793
0.0 0.0 0.0 1.0 0.0 0.0 0.0 0.0 0.0 0.0 0.463 0.146 0.537 0.274 3.0 0.194 0.543 0.793
0.0 0.0 0.0 0.0 1.0 0.0 0.0 0.0 0.0 0.0 0.146 0.463 0.854 0.591 2.0 0.149 0.086 0.793
0.0 0.0 0.0 1.0 0.0 0.0 0.0 0.0 0.0 0.0 0.195 0.415 0.805 0.542 2.0 0.134 0.100 0.793
0.0 0.0 0.0 1.0 0.0 0.0 0.0 0.0 0.0 0.0 0.488 0.122 0.512 0.249 3.0 0.239 0.571 0.793
0.0 0.0 0.0 0.0 1.0 0.0 0.0 0.0 0.0 0.0 0.195 0.415 0.805 0.542 2.0 0.149 0.100 0.793
0.0 0.0 0.0 1.0 0.0 0.0 0.0 0.0 0.0 0.0 0.512 0.098 0.488 0.225 4.0 0.313 0.586 0.793
0.0 0.0 0.0 1.0 0.0 0.0 0.0 0.0 0.0 0.0 0.195 0.415 0.805 0.542 3.0 0.224 0.100 0.793
0.0 0.0 0.0 0.0 1.0 0.0 0.0 0.0 0.0 0.0 0.171 0.439 0.829 0.566 2.0 0.164 0.086 0.793
0.0 0.0 0.0 0.0 1.0 0.0 0.0 0.0 0.0 0.0 0.146 0.463 0.854 0.591 2.0 0.179 0.086 0.793
0.0 0.0 0.0 0.0 1.0 0.0 0.0 0.0 0.0 0.0 0.171 0.439 0.829 0.566 2.0 0.194 0.086 0.793
