126
136
166
177
181
192
230
236
291
383
430
475
574
687
750
864
883
902
905
971
1109
1110
1157
1213
1325
1362
1426
1432
1450
1514
1550
1735
1799
1850
1943
1945
1983
1993
2027
2068
2175
2284
2405
2474
2571
2586
2604
2734
2753
2783
2804
2953
3009
3024
3101
3109
3111
3116
3118
3167
3178
3181
3188
3191
3281
3283
3298
3304
3343
3403
3536
3538
3542
3543
3554
3556
3557
3559
3568
3569
3573
3591
3612
3622
3625
3695
3703
3779
3782
3788
3798
3904
3913
3918
3938
3980
3999
4060
4124
4136
4143
4144
4147
4156
4162
4164
4168
4259
4265
4266
4268
4269
4274
4276
4277
4282
4285
4289
4290
4295
4300
4306
4311
4363
4364
4388
4512
4582
