55
308
333
354
453
468
537
640
655
671
677
769
838
893
899
912
977
1010
1024
1044
1045
1046
1060
1119
1171
1224
1266
1276
1333
1339
1343
1346
1347
1464
1466
1470
1471
1473
1594
1596
1600
1601
1603
1712
1714
1717
1718
1720
1750
1761
1780
1829
1831
1834
1835
1837
1917
1919
1922
1923
1925
1931
2005
2007
2010
2011
2013
2080
2082
2086
2087
2089
2113
2154
2156
2160
2161
2163
2217
2219
2223
2224
2226
2248
2270
2272
2275
2276
2278
2313
2315
2317
2320
2321
2323
2348
2350
2353
2354
2356
2363
2372
2374
2377
2378
2380
2384
2387
2391
2392
2394
