0.0 0.0 0.0 1.0 0.0 0.0 0.0 0.0 1.0 0.0 0.007 0.333 0.889 2.0 0.278 0.021 0.645
0.0 0.0 1.0 0.0 0.0 0.0 0.0 0.0 0.0 0.0 0.015 0.326 0.881 2.0 0.389 0.032 0.645
0.0 0.0 0.0 0.0 1.0 0.0 0.0 0.0 0.0 0.0 0.022 0.319 0.874 2.0 0.333 0.032 0.645
0.0 1.0 0.0 0.0 0.0 0.0 0.0 0.0 0.0 0.0 0.022 0.319 0.874 2.0 0.333 0.042 0.645
0.0 0.0 0.0 0.0 0.0 1.0 0.0 0.0 0.0 0.0 0.030 0.311 0.867 2.0 0.500 0.042 0.645
0.0 0.0 0.0 0.0 0.0 0.0 1.0 0.0 0.0 0.0 0.037 0.304 0.859 2.0 0.556 0.063 0.645
0.0 0.0 0.0 0.0 0.0 0.0 0.0 1.0 0.0 0.0 0.044 0.341 0.852 2.0 0.667 0.063 0.613
1.0 0.0 0.0 0.0 0.0 0.0 0.0 0.0 0.0 0.0 0.059 0.326 0.837 2.0 0.611 0.084 0.613
0.0 0.0 1.0 0.0 0.0 0.0 0.0 0.0 0.0 0.0 0.067 0.319 0.830 2.0 0.500 0.084 0.613
0.0 0.0 0.0 1.0 0.0 0.0 0.0 0.0 0.0 0.0 0.074 0.311 0.822 2.0 0.444 0.105 0.613
