0.0 0.0 0.0 0.0 0.0 1.0 0.0 0.0 1.0 0.0 0.189 0.595 0.595 0.595 3.0 0.483 0.178 0.667
0.0 0.0 0.0 1.0 0.0 0.0 0.0 0.0 0.0 0.0 0.189 0.000 0.000 0.000 2.0 0.103 0.082 0.000
0.0 0.0 0.0 1.0 0.0 0.0 0.0 0.0 0.0 0.0 0.135 0.000 0.000 0.000 2.0 0.293 0.068 0.000
0.0 0.0 0.0 1.0 0.0 0.0 0.0 0.0 1.0 0.0 0.162 0.000 0.000 0.000 2.0 0.172 0.055 0.000
0.0 0.0 0.0 1.0 0.0 0.0 0.0 0.0 0.0 0.0 0.189 0.000 0.000 0.000 2.0 0.103 0.082 0.000
0.0 0.0 0.0 1.0 0.0 0.0 0.0 0.0 0.0 0.0 0.135 0.000 0.000 0.000 2.0 0.310 0.068 0.000
0.0 0.0 0.0 1.0 0.0 0.0 0.0 0.0 1.0 0.0 0.162 0.000 0.000 0.000 2.0 0.172 0.055 0.000
0.0 0.0 0.0 1.0 0.0 0.0 0.0 0.0 0.0 0.0 0.189 0.000 0.000 0.000 2.0 0.103 0.082 0.000
0.0 0.0 0.0 1.0 0.0 0.0 0.0 0.0 0.0 0.0 0.135 0.000 0.000 0.000 2.0 0.293 0.068 0.000
0.0 0.0 0.0 1.0 0.0 0.0 0.0 0.0 1.0 0.0 0.162 0.000 0.000 0.000 2.0 0.172 0.055 0.000
0.0 0.0 0.0 1.0 0.0 0.0 0.0 0.0 0.0 0.0 0.189 0.000 0.000 0.000 2.0 0.103 0.082 0.000
0.0 0.0 0.0 1.0 0.0 0.0 0.0 0.0 1.0 0.0 0.162 0.000 0.000 0.000 2.0 0.172 0.055 0.000
0.0 0.0 0.0 1.0 0.0 0.0 0.0 0.0 0.0 0.0 0.135 0.000 0.000 0.000 2.0 0.345 0.068 0.000
0.0 0.0 0.0 1.0 0.0 0.0 0.0 0.0 0.0 0.0 0.189 0.000 0.000 0.000 2.0 0.103 0.082 0.000
0.0 0.0 0.0 1.0 0.0 0.0 0.0 0.0 1.0 0.0 0.162 0.000 0.000 0.000 2.0 0.172 0.055 0.000
0.0 0.0 0.0 1.0 0.0 0.0 0.0 0.0 0.0 0.0 0.135 0.000 0.000 0.000 2.0 0.276 0.068 0.000
0.0 0.0 0.0 1.0 0.0 0.0 0.0 0.0 0.0 1.0 0.189 0.000 0.000 0.000 2.0 0.086 0.068 0.333
0.0 0.0 0.0 1.0 0.0 0.0 0.0 0.0 1.0 0.0 0.135 0.054 0.054 0.054 2.0 0.224 0.055 0.333
0.0 0.0 0.0 1.0 0.0 0.0 0.0 0.0 1.0 0.0 0.162 0.027 0.027 0.027 2.0 0.172 0.055 0.333
0.0 1.0 0.0 0.0 0.0 0.0 0.0 0.0 0.0 0.0 0.135 0.054 0.054 0.054 1.0 0.397 0.041 0.333
0.0 0.0 0.0 1.0 0.0 0.0 0.0 0.0 0.0 0.0 0.811 0.000 0.000 0.000 3.0 0.121 0.726 0.000
0.0 1.0 0.0 0.0 0.0 0.0 0.0 0.0 0.0 0.0 0.784 0.000 0.000 0.000 2.0 0.121 0.712 0.000
0.0 0.0 0.0 1.0 0.0 0.0 0.0 0.0 0.0 0.0 0.757 0.000 0.000 0.000 2.0 0.259 0.699 0.000
0.0 0.0 0.0 1.0 0.0 0.0 0.0 0.0 1.0 0.0 0.730 0.000 0.000 0.000 2.0 0.224 0.603 0.000
0.0 0.0 0.0 1.0 0.0 0.0 0.0 0.0 1.0 0.0 0.081 0.000 0.000 0.000 2.0 0.276 0.055 0.000
0.0 0.0 0.0 1.0 0.0 0.0 0.0 0.0 0.0 0.0 0.784 0.000 0.000 0.000 3.0 0.138 0.712 0.000
0.0 0.0 0.0 1.0 0.0 0.0 0.0 0.0 1.0 0.0 0.081 0.000 0.000 0.000 2.0 0.276 0.055 0.000
0.0 0.0 0.0 1.0 0.0 0.0 0.0 0.0 0.0 0.0 0.757 0.000 0.000 0.000 2.0 0.276 0.699 0.000
0.0 0.0 0.0 1.0 0.0 0.0 0.0 0.0 1.0 0.0 0.730 0.000 0.000 0.000 2.0 0.224 0.603 0.000
0.0 0.0 0.0 1.0 0.0 0.0 0.0 0.0 0.0 0.0 0.784 0.000 0.000 0.000 3.0 0.138 0.781 0.000
0.0 0.0 0.0 1.0 0.0 0.0 0.0 0.0 1.0 0.0 0.081 0.000 0.000 0.000 2.0 0.276 0.055 0.000
0.0 0.0 0.0 1.0 0.0 0.0 0.0 0.0 0.0 0.0 0.757 0.000 0.000 0.000 2.0 0.276 0.767 0.000
0.0 0.0 0.0 1.0 0.0 0.0 0.0 0.0 1.0 0.0 0.730 0.000 0.000 0.000 2.0 0.224 0.603 0.000
0.0 0.0 0.0 1.0 0.0 0.0 0.0 0.0 0.0 0.0 0.811 0.000 0.000 0.000 3.0 0.121 0.808 0.000
0.0 1.0 0.0 0.0 0.0 0.0 0.0 0.0 0.0 0.0 0.784 0.000 0.000 0.000 2.0 0.121 0.795 0.000
0.0 0.0 1.0 0.0 0.0 0.0 0.0 0.0 0.0 0.0 0.757 0.000 0.000 0.000 2.0 0.259 0.781 0.000
0.0 0.0 0.0 1.0 0.0 0.0 0.0 0.0 1.0 0.0 0.730 0.000 0.000 0.000 2.0 0.224 0.603 0.000
0.0 0.0 0.0 1.0 0.0 0.0 0.0 0.0 1.0 0.0 0.081 0.000 0.000 0.000 2.0 0.276 0.055 0.000
0.0 0.0 0.0 1.0 0.0 0.0 0.0 0.0 0.0 1.0 0.784 0.000 0.000 0.000 3.0 0.138 0.877 0.333
0.0 0.0 0.0 1.0 0.0 0.0 0.0 0.0 1.0 0.0 0.081 0.703 0.703 0.703 2.0 0.276 0.055 0.333
0.0 0.0 0.0 1.0 0.0 0.0 0.0 0.0 0.0 0.0 0.757 0.027 0.027 0.027 2.0 0.276 0.863 0.333
0.0 0.0 0.0 1.0 0.0 0.0 0.0 0.0 1.0 0.0 0.730 0.054 0.054 0.054 2.0 0.224 0.603 0.333
0.0 0.0 0.0 1.0 0.0 0.0 0.0 0.0 0.0 0.0 0.784 0.000 0.000 0.000 3.0 0.138 0.932 0.000
0.0 0.0 0.0 1.0 0.0 0.0 0.0 0.0 1.0 0.0 0.081 0.000 0.000 0.000 2.0 0.276 0.055 0.000
0.0 0.0 0.0 1.0 0.0 0.0 0.0 0.0 0.0 0.0 0.757 0.000 0.000 0.000 2.0 0.276 0.918 0.000
0.0 1.0 0.0 0.0 0.0 0.0 0.0 0.0 0.0 0.0 0.730 0.054 0.054 0.054 2.0 0.379 0.630 0.333
0.0 0.0 0.0 1.0 0.0 0.0 0.0 0.0 1.0 0.0 0.703 0.081 0.081 0.081 3.0 0.241 0.616 0.333
0.0 1.0 0.0 0.0 0.0 0.0 0.0 0.0 0.0 0.0 0.081 0.703 0.703 0.703 1.0 0.276 0.041 0.333
0.0 0.0 0.0 1.0 0.0 0.0 0.0 0.0 1.0 0.0 0.730 0.000 0.000 0.000 2.0 0.224 0.603 0.000
0.0 0.0 0.0 0.0 0.0 1.0 0.0 0.0 0.0 0.0 0.703 0.081 0.081 0.081 3.0 0.586 0.603 0.333
0.0 0.0 0.0 1.0 0.0 0.0 0.0 0.0 0.0 0.0 0.919 0.000 0.000 0.000 4.0 0.172 0.685 0.000
0.0 0.0 0.0 1.0 0.0 0.0 0.0 0.0 1.0 0.0 0.838 0.000 0.000 0.000 2.0 0.172 0.616 0.000
0.0 0.0 0.0 1.0 0.0 0.0 0.0 0.0 1.0 0.0 0.892 0.000 0.000 0.000 2.0 0.190 0.616 0.000
0.0 0.0 0.0 1.0 0.0 0.0 0.0 0.0 0.0 0.0 0.838 0.000 0.000 0.000 2.0 0.362 0.685 0.000
0.0 0.0 0.0 1.0 0.0 0.0 0.0 0.0 1.0 0.0 0.811 0.000 0.000 0.000 2.0 0.241 0.616 0.000
0.0 0.0 0.0 1.0 0.0 0.0 0.0 0.0 0.0 0.0 0.919 0.000 0.000 0.000 4.0 0.190 0.699 0.000
0.0 0.0 0.0 0.0 0.0 1.0 0.0 0.0 0.0 0.0 0.865 0.000 0.000 0.000 2.0 0.172 0.630 0.000
0.0 1.0 0.0 0.0 0.0 0.0 0.0 0.0 0.0 0.0 0.838 0.000 0.000 0.000 2.0 0.121 0.630 0.000
0.0 0.0 0.0 0.0 0.0 1.0 0.0 0.0 0.0 0.0 0.811 0.000 0.000 0.000 2.0 0.224 0.616 0.000
0.0 0.0 0.0 0.0 0.0 1.0 0.0 0.0 0.0 0.0 0.784 0.000 0.000 0.000 2.0 0.207 0.616 0.000
0.0 0.0 0.0 1.0 0.0 0.0 0.0 0.0 0.0 0.0 0.838 0.000 0.000 0.000 2.0 0.362 0.685 0.000
0.0 0.0 0.0 1.0 0.0 0.0 0.0 0.0 1.0 0.0 0.892 0.000 0.000 0.000 2.0 0.190 0.616 0.000
0.0 0.0 0.0 1.0 0.0 0.0 0.0 0.0 1.0 0.0 0.892 0.000 0.000 0.000 2.0 0.190 0.616 0.000
0.0 0.0 0.0 1.0 0.0 0.0 0.0 0.0 0.0 0.0 0.919 0.000 0.000 0.000 4.0 0.172 0.753 0.000
0.0 0.0 0.0 0.0 0.0 1.0 0.0 0.0 0.0 0.0 0.865 0.000 0.000 0.000 2.0 0.172 0.753 0.000
0.0 0.0 1.0 0.0 0.0 0.0 0.0 0.0 1.0 0.0 0.811 0.000 0.000 0.000 2.0 0.224 0.616 0.000
0.0 0.0 1.0 0.0 0.0 0.0 0.0 0.0 0.0 0.0 0.838 0.000 0.000 0.000 2.0 0.345 0.753 0.000
0.0 0.0 0.0 1.0 0.0 0.0 0.0 0.0 1.0 0.0 0.892 0.000 0.000 0.000 2.0 0.190 0.616 0.000
0.0 0.0 0.0 1.0 0.0 0.0 0.0 0.0 1.0 0.0 0.838 0.000 0.000 0.000 2.0 0.172 0.616 0.000
0.0 0.0 0.0 1.0 0.0 0.0 0.0 0.0 1.0 0.0 0.892 0.000 0.000 0.000 2.0 0.190 0.616 0.000
0.0 0.0 0.0 1.0 0.0 0.0 0.0 0.0 0.0 0.0 0.919 0.000 0.000 0.000 4.0 0.190 0.781 0.000
0.0 0.0 0.0 1.0 0.0 0.0 0.0 0.0 0.0 0.0 0.838 0.000 0.000 0.000 2.0 0.362 0.767 0.000
0.0 0.0 0.0 0.0 0.0 1.0 0.0 0.0 0.0 0.0 0.892 0.000 0.000 0.000 2.0 0.190 0.616 0.000
0.0 0.0 0.0 0.0 0.0 1.0 0.0 0.0 0.0 0.0 0.865 0.000 0.000 0.000 2.0 0.155 0.616 0.000
0.0 0.0 0.0 0.0 0.0 1.0 0.0 0.0 0.0 0.0 0.865 0.000 0.000 0.000 2.0 0.172 0.616 0.000
0.0 0.0 0.0 1.0 0.0 0.0 0.0 0.0 1.0 0.0 0.811 0.000 0.000 0.000 2.0 0.241 0.616 0.000
0.0 1.0 0.0 0.0 0.0 0.0 0.0 0.0 0.0 0.0 0.838 0.000 0.000 0.000 2.0 0.138 0.630 0.000
0.0 0.0 0.0 0.0 0.0 1.0 0.0 0.0 0.0 0.0 0.811 0.000 0.000 0.000 2.0 0.224 0.616 0.000
0.0 0.0 0.0 1.0 0.0 0.0 0.0 0.0 0.0 0.0 0.919 0.000 0.000 0.000 4.0 0.172 0.849 0.000
0.0 0.0 0.0 0.0 0.0 1.0 0.0 0.0 0.0 0.0 0.865 0.000 0.000 0.000 2.0 0.190 0.849 0.000
0.0 0.0 0.0 0.0 0.0 1.0 0.0 0.0 0.0 0.0 0.784 0.000 0.000 0.000 2.0 0.207 0.616 0.000
0.0 0.0 1.0 0.0 0.0 0.0 0.0 0.0 0.0 0.0 0.838 0.000 0.000 0.000 2.0 0.345 0.849 0.000
0.0 0.0 0.0 1.0 0.0 0.0 0.0 0.0 1.0 0.0 0.892 0.000 0.000 0.000 2.0 0.190 0.616 0.000
0.0 0.0 0.0 1.0 0.0 0.0 0.0 0.0 1.0 0.0 0.838 0.000 0.000 0.000 2.0 0.172 0.616 0.000
0.0 0.0 0.0 1.0 0.0 0.0 0.0 0.0 1.0 0.0 0.892 0.000 0.000 0.000 2.0 0.190 0.616 0.000
0.0 0.0 0.0 1.0 0.0 0.0 0.0 0.0 0.0 0.0 0.919 0.000 0.000 0.000 4.0 0.172 0.904 0.000
0.0 0.0 0.0 0.0 0.0 1.0 0.0 0.0 0.0 0.0 0.865 0.000 0.000 0.000 2.0 0.172 0.904 0.000
0.0 0.0 1.0 0.0 0.0 0.0 0.0 0.0 1.0 0.0 0.811 0.000 0.000 0.000 2.0 0.224 0.616 0.000
0.0 0.0 1.0 0.0 0.0 0.0 0.0 0.0 0.0 0.0 0.838 0.000 0.000 0.000 2.0 0.345 0.904 0.000
0.0 0.0 0.0 1.0 0.0 0.0 0.0 0.0 1.0 0.0 0.892 0.000 0.000 0.000 2.0 0.190 0.616 0.000
0.0 0.0 0.0 1.0 0.0 0.0 0.0 0.0 1.0 0.0 0.838 0.000 0.000 0.000 2.0 0.172 0.616 0.000
0.0 1.0 0.0 0.0 0.0 0.0 0.0 0.0 0.0 0.0 0.811 0.000 0.000 0.000 1.0 0.259 0.616 0.000
0.0 0.0 0.0 1.0 0.0 0.0 0.0 0.0 0.0 0.0 0.784 0.000 0.000 0.000 3.0 0.552 0.616 0.000
0.0 0.0 0.0 1.0 0.0 0.0 0.0 0.0 1.0 0.0 0.892 0.000 0.000 0.000 2.0 0.190 0.616 0.000
0.0 1.0 0.0 0.0 0.0 0.0 0.0 0.0 0.0 0.0 0.865 0.000 0.000 0.000 1.0 0.259 0.616 0.000
0.0 0.0 0.0 1.0 0.0 0.0 0.0 0.0 0.0 0.0 0.838 0.000 0.000 0.000 2.0 0.293 0.616 0.000
0.0 0.0 0.0 1.0 0.0 0.0 0.0 0.0 0.0 0.0 0.919 0.000 0.000 0.000 3.0 0.138 0.945 0.000
0.0 0.0 0.0 1.0 0.0 0.0 0.0 0.0 1.0 0.0 0.811 0.000 0.000 0.000 2.0 0.224 0.616 0.000
0.0 0.0 0.0 1.0 0.0 0.0 0.0 0.0 0.0 0.0 0.838 0.000 0.000 0.000 2.0 0.310 0.945 0.000
0.0 0.0 0.0 0.0 0.0 0.0 0.0 1.0 0.0 0.0 0.784 0.000 0.000 0.000 2.0 0.190 0.726 0.000
0.0 1.0 0.0 0.0 0.0 0.0 0.0 0.0 0.0 0.0 0.351 0.000 0.000 0.000 3.0 0.207 0.219 0.000
0.0 0.0 0.0 1.0 0.0 0.0 0.0 0.0 1.0 0.0 0.892 0.000 0.000 0.000 2.0 0.172 0.616 0.000
0.0 1.0 0.0 0.0 0.0 0.0 0.0 0.0 0.0 0.0 0.865 0.000 0.000 0.000 1.0 0.241 0.616 0.000
0.0 0.0 0.0 1.0 0.0 0.0 0.0 0.0 1.0 0.0 0.838 0.000 0.000 0.000 2.0 0.241 0.616 0.000
0.0 0.0 0.0 0.0 0.0 1.0 0.0 0.0 1.0 0.0 0.811 0.000 0.000 0.000 3.0 0.466 0.616 0.000
0.0 0.0 0.0 1.0 0.0 0.0 0.0 0.0 0.0 0.0 0.919 0.000 0.000 0.000 2.0 0.121 0.973 0.000
0.0 0.0 0.0 1.0 0.0 0.0 0.0 0.0 0.0 0.0 0.892 0.000 0.000 0.000 3.0 0.362 0.973 0.000
0.0 0.0 0.0 1.0 0.0 0.0 0.0 0.0 0.0 0.0 0.865 0.000 0.000 0.000 2.0 0.172 0.767 0.000
0.0 1.0 0.0 0.0 0.0 0.0 0.0 0.0 0.0 0.0 0.324 0.000 0.000 0.000 3.0 0.259 0.219 0.000
0.0 1.0 0.0 0.0 0.0 0.0 0.0 0.0 0.0 0.0 0.838 0.000 0.000 0.000 1.0 0.155 0.712 0.000
0.0 0.0 0.0 1.0 0.0 0.0 0.0 0.0 0.0 0.0 0.838 0.000 0.000 0.000 3.0 0.310 0.767 0.000
0.0 1.0 0.0 0.0 0.0 0.0 0.0 0.0 0.0 0.0 0.324 0.000 0.000 0.000 2.0 0.172 0.219 0.000
0.0 0.0 0.0 1.0 0.0 0.0 0.0 0.0 1.0 0.0 0.811 0.000 0.000 0.000 2.0 0.207 0.616 0.000
0.0 0.0 0.0 1.0 0.0 0.0 0.0 0.0 0.0 0.0 1.000 0.000 0.000 0.000 2.0 0.103 1.000 0.000
0.0 0.0 0.0 1.0 0.0 0.0 0.0 0.0 0.0 0.0 0.973 0.000 0.000 0.000 2.0 0.293 0.986 0.000
0.0 0.0 0.0 0.0 0.0 1.0 0.0 0.0 0.0 0.0 0.811 0.000 0.000 0.000 2.0 0.724 0.616 0.000
0.0 1.0 0.0 0.0 0.0 0.0 0.0 0.0 0.0 0.0 0.784 0.000 0.000 0.000 1.0 0.586 0.616 0.000
0.0 0.0 0.0 0.0 0.0 0.0 1.0 0.0 0.0 0.0 0.946 0.000 0.000 0.000 2.0 0.172 0.795 0.000
0.0 0.0 0.0 0.0 0.0 0.0 1.0 0.0 0.0 0.0 0.270 0.000 0.000 0.000 2.0 0.155 0.192 0.000
0.0 1.0 0.0 0.0 0.0 0.0 0.0 0.0 0.0 0.0 0.135 0.000 0.000 0.000 2.0 0.276 0.096 0.000
0.0 0.0 0.0 1.0 0.0 0.0 0.0 0.0 0.0 0.0 0.243 0.000 0.000 0.000 2.0 0.172 0.164 0.000
0.0 0.0 0.0 1.0 0.0 0.0 0.0 0.0 1.0 0.0 0.216 0.000 0.000 0.000 2.0 0.155 0.151 0.000
0.0 0.0 0.0 1.0 0.0 0.0 0.0 0.0 0.0 0.0 0.919 0.000 0.000 0.000 2.0 0.190 0.781 0.000
0.0 0.0 0.0 1.0 0.0 0.0 0.0 0.0 0.0 0.0 0.865 0.000 0.000 0.000 3.0 0.259 0.781 0.000
0.0 1.0 0.0 0.0 0.0 0.0 0.0 0.0 0.0 0.0 0.189 0.000 0.000 0.000 2.0 0.138 0.137 0.000
0.0 0.0 0.0 1.0 0.0 0.0 0.0 0.0 0.0 0.0 0.892 0.000 0.000 0.000 2.0 0.155 0.781 0.000
0.0 0.0 0.0 1.0 0.0 0.0 0.0 0.0 0.0 0.0 0.865 0.000 0.000 0.000 2.0 0.224 0.753 0.000
0.0 0.0 0.0 1.0 0.0 0.0 0.0 0.0 0.0 0.0 0.297 0.000 0.000 0.000 2.0 0.345 0.192 0.000
0.0 0.0 0.0 0.0 0.0 0.0 0.0 1.0 0.0 0.0 0.270 0.000 0.000 0.000 2.0 0.224 0.192 0.000
0.0 0.0 0.0 1.0 0.0 0.0 0.0 0.0 0.0 0.0 0.838 0.000 0.000 0.000 2.0 0.293 0.753 0.000
0.0 0.0 0.0 1.0 0.0 0.0 0.0 0.0 0.0 0.0 0.297 0.000 0.000 0.000 2.0 0.259 0.205 0.000
0.0 0.0 0.0 0.0 0.0 0.0 1.0 0.0 0.0 0.0 0.270 0.000 0.000 0.000 2.0 0.207 0.192 0.000
0.0 1.0 0.0 0.0 0.0 0.0 0.0 0.0 0.0 0.0 0.135 0.000 0.000 0.000 2.0 0.310 0.096 0.000
0.0 0.0 0.0 1.0 0.0 0.0 0.0 0.0 0.0 0.0 0.243 0.000 0.000 0.000 2.0 0.207 0.164 0.000
0.0 0.0 0.0 1.0 0.0 0.0 0.0 0.0 1.0 0.0 0.216 0.000 0.000 0.000 2.0 0.172 0.151 0.000
0.0 1.0 0.0 0.0 0.0 0.0 0.0 0.0 0.0 0.0 0.189 0.000 0.000 0.000 2.0 0.155 0.137 0.000
0.0 0.0 1.0 0.0 0.0 0.0 0.0 0.0 1.0 0.0 0.162 0.000 0.000 0.000 2.0 0.362 0.123 0.000
0.0 0.0 0.0 1.0 0.0 0.0 0.0 0.0 0.0 0.0 0.811 0.000 0.000 0.000 2.0 0.310 0.712 0.000
0.0 0.0 0.0 1.0 0.0 0.0 0.0 0.0 0.0 0.0 0.784 0.000 0.000 0.000 2.0 0.241 0.699 0.000
0.0 0.0 0.0 1.0 0.0 0.0 0.0 0.0 0.0 0.0 0.757 0.000 0.000 0.000 2.0 0.207 0.671 0.000
0.0 0.0 0.0 1.0 0.0 0.0 0.0 0.0 0.0 0.0 0.378 0.000 0.000 0.000 2.0 0.259 0.274 0.000
0.0 1.0 0.0 0.0 0.0 0.0 0.0 0.0 0.0 0.0 0.730 0.000 0.000 0.000 2.0 0.138 0.671 0.000
0.0 0.0 0.0 0.0 0.0 1.0 0.0 0.0 0.0 0.0 0.703 0.000 0.000 0.000 2.0 0.155 0.658 0.000
0.0 0.0 0.0 0.0 0.0 1.0 0.0 0.0 0.0 0.0 0.378 0.000 0.000 0.000 2.0 0.190 0.288 0.000
0.0 1.0 0.0 0.0 0.0 0.0 0.0 0.0 0.0 0.0 0.216 0.000 0.000 0.000 2.0 0.155 0.151 0.000
0.0 0.0 0.0 1.0 0.0 0.0 0.0 0.0 0.0 0.0 0.297 0.000 0.000 0.000 2.0 0.241 0.192 0.000
0.0 0.0 0.0 1.0 0.0 0.0 0.0 0.0 0.0 0.0 0.324 0.000 0.000 0.000 2.0 0.224 0.205 0.000
0.0 1.0 0.0 0.0 0.0 0.0 0.0 0.0 0.0 0.0 0.189 0.000 0.000 0.000 1.0 0.138 0.123 0.000
0.0 0.0 0.0 1.0 0.0 0.0 0.0 0.0 1.0 0.0 0.162 0.000 0.000 0.000 2.0 0.328 0.123 0.000
0.0 1.0 0.0 0.0 0.0 0.0 0.0 0.0 0.0 0.0 0.297 0.000 0.000 0.000 2.0 0.155 0.205 0.000
0.0 0.0 0.0 0.0 0.0 0.0 0.0 1.0 0.0 0.0 0.270 0.000 0.000 0.000 2.0 0.207 0.192 0.000
0.0 1.0 0.0 0.0 0.0 0.0 0.0 0.0 0.0 0.0 0.162 0.000 0.000 0.000 2.0 0.207 0.096 0.000
0.0 0.0 0.0 1.0 0.0 0.0 0.0 0.0 0.0 0.0 0.243 0.000 0.000 0.000 2.0 0.190 0.164 0.000
0.0 0.0 0.0 1.0 0.0 0.0 0.0 0.0 1.0 0.0 0.216 0.000 0.000 0.000 2.0 0.155 0.151 0.000
0.0 1.0 0.0 0.0 0.0 0.0 0.0 0.0 0.0 0.0 0.189 0.000 0.000 0.000 2.0 0.121 0.137 0.000
0.0 0.0 0.0 1.0 0.0 0.0 0.0 0.0 1.0 0.0 0.162 0.000 0.000 0.000 2.0 0.293 0.123 0.000
0.0 1.0 0.0 0.0 0.0 0.0 0.0 0.0 0.0 0.0 0.811 0.000 0.000 0.000 2.0 0.103 0.630 0.000
0.0 0.0 0.0 0.0 0.0 1.0 0.0 0.0 0.0 0.0 0.784 0.000 0.000 0.000 2.0 0.190 0.616 0.000
0.0 1.0 0.0 0.0 0.0 0.0 0.0 0.0 0.0 0.0 0.757 0.000 0.000 0.000 2.0 0.500 0.616 0.000
0.0 0.0 0.0 1.0 0.0 0.0 0.0 0.0 0.0 0.0 0.730 0.000 0.000 0.000 3.0 0.293 0.603 0.000
0.0 0.0 0.0 1.0 0.0 0.0 0.0 0.0 1.0 0.0 0.703 0.000 0.000 0.000 2.0 0.138 0.603 0.000
0.0 0.0 0.0 1.0 0.0 0.0 0.0 0.0 0.0 0.0 0.676 0.000 0.000 0.000 2.0 0.207 0.603 0.000
0.0 0.0 0.0 1.0 0.0 0.0 0.0 0.0 0.0 0.0 0.054 0.000 0.000 0.000 2.0 0.362 0.027 0.000
0.0 0.0 0.0 1.0 0.0 0.0 0.0 0.0 0.0 1.0 0.784 0.000 0.000 0.000 2.0 0.103 0.685 0.333
0.0 0.0 0.0 1.0 0.0 0.0 0.0 0.0 0.0 0.0 0.757 0.027 0.027 0.027 2.0 0.259 0.685 0.333
0.0 0.0 0.0 0.0 0.0 0.0 1.0 0.0 0.0 0.0 0.432 0.351 0.351 0.351 2.0 0.259 0.301 0.333
0.0 1.0 0.0 0.0 0.0 0.0 0.0 0.0 0.0 0.0 0.135 0.649 0.649 0.649 2.0 0.310 0.096 0.333
0.0 0.0 0.0 1.0 0.0 0.0 0.0 0.0 0.0 0.0 0.405 0.378 0.378 0.378 2.0 0.241 0.288 0.333
0.0 0.0 0.0 1.0 0.0 0.0 0.0 0.0 1.0 0.0 0.243 0.541 0.541 0.541 2.0 0.172 0.205 0.333
0.0 0.0 0.0 1.0 0.0 0.0 0.0 0.0 0.0 0.0 0.811 0.000 0.000 0.000 2.0 0.086 0.699 0.000
0.0 0.0 0.0 1.0 0.0 0.0 0.0 0.0 1.0 0.0 0.243 0.000 0.000 0.000 2.0 0.172 0.205 0.000
0.0 1.0 0.0 0.0 0.0 0.0 0.0 0.0 0.0 0.0 0.784 0.000 0.000 0.000 2.0 0.103 0.699 0.000
0.0 0.0 0.0 1.0 0.0 0.0 0.0 0.0 0.0 0.0 0.757 0.000 0.000 0.000 2.0 0.259 0.685 0.000
0.0 0.0 0.0 0.0 0.0 0.0 1.0 0.0 0.0 0.0 0.432 0.000 0.000 0.000 2.0 0.293 0.329 0.000
0.0 0.0 1.0 0.0 0.0 0.0 0.0 0.0 0.0 0.0 0.378 0.000 0.000 0.000 2.0 0.276 0.260 0.000
0.0 1.0 0.0 0.0 0.0 0.0 0.0 0.0 0.0 0.0 0.811 0.000 0.000 0.000 2.0 0.069 0.767 0.000
0.0 0.0 0.0 0.0 0.0 1.0 0.0 0.0 0.0 0.0 0.784 0.000 0.000 0.000 2.0 0.138 0.753 0.000
0.0 0.0 0.0 0.0 0.0 1.0 0.0 0.0 0.0 0.0 0.270 0.000 0.000 0.000 2.0 0.172 0.205 0.000
0.0 1.0 0.0 0.0 0.0 0.0 0.0 0.0 1.0 0.0 0.027 0.000 0.000 0.000 1.0 0.121 0.014 0.000
0.0 0.0 1.0 0.0 0.0 0.0 0.0 0.0 0.0 0.0 0.757 0.000 0.000 0.000 2.0 0.276 0.753 0.000
0.0 0.0 0.0 0.0 0.0 0.0 0.0 1.0 0.0 0.0 0.486 0.000 0.000 0.000 2.0 0.293 0.438 0.000
0.0 1.0 0.0 0.0 0.0 0.0 0.0 0.0 0.0 0.0 0.405 0.000 0.000 0.000 3.0 0.241 0.329 0.000
0.0 0.0 0.0 1.0 0.0 0.0 0.0 0.0 0.0 0.0 0.784 0.000 0.000 0.000 2.0 0.103 0.781 0.000
0.0 0.0 0.0 1.0 0.0 0.0 0.0 0.0 0.0 0.0 0.757 0.000 0.000 0.000 2.0 0.259 0.767 0.000
0.0 0.0 0.0 0.0 0.0 0.0 1.0 0.0 0.0 0.0 0.541 0.000 0.000 0.000 2.0 0.310 0.479 0.000
0.0 0.0 0.0 0.0 0.0 0.0 1.0 0.0 0.0 0.0 0.432 0.000 0.000 0.000 2.0 0.276 0.274 0.000
0.0 1.0 0.0 0.0 0.0 0.0 0.0 0.0 0.0 0.0 0.297 0.000 0.000 0.000 2.0 0.103 0.219 0.000
0.0 0.0 0.0 0.0 0.0 1.0 0.0 0.0 0.0 0.0 0.270 0.000 0.000 0.000 2.0 0.155 0.205 0.000
0.0 1.0 0.0 0.0 0.0 0.0 0.0 0.0 1.0 0.0 0.027 0.000 0.000 0.000 1.0 0.121 0.014 0.000
0.0 0.0 0.0 1.0 0.0 0.0 0.0 0.0 0.0 0.0 0.784 0.000 0.000 0.000 2.0 0.103 0.849 0.000
0.0 0.0 0.0 1.0 0.0 0.0 0.0 0.0 0.0 0.0 0.757 0.000 0.000 0.000 2.0 0.259 0.849 0.000
0.0 0.0 0.0 0.0 0.0 0.0 1.0 0.0 0.0 0.0 0.622 0.162 0.162 0.162 2.0 0.293 0.589 0.333
0.0 1.0 0.0 0.0 0.0 0.0 0.0 0.0 0.0 0.0 0.514 0.270 0.270 0.270 3.0 0.207 0.329 0.333
0.0 1.0 0.0 0.0 0.0 0.0 0.0 0.0 0.0 0.0 0.486 0.297 0.297 0.297 1.0 0.138 0.301 0.333
0.0 0.0 0.0 1.0 0.0 0.0 0.0 0.0 1.0 0.0 0.243 0.000 0.000 0.000 2.0 0.172 0.205 0.000
0.0 0.0 0.0 1.0 0.0 0.0 0.0 0.0 0.0 0.0 0.784 0.000 0.000 0.000 2.0 0.103 0.904 0.000
0.0 0.0 0.0 1.0 0.0 0.0 0.0 0.0 0.0 0.0 0.757 0.000 0.000 0.000 2.0 0.259 0.904 0.000
0.0 0.0 0.0 0.0 0.0 0.0 1.0 0.0 0.0 0.0 0.703 0.000 0.000 0.000 2.0 0.259 0.671 0.000
0.0 1.0 0.0 0.0 0.0 0.0 0.0 0.0 0.0 0.0 0.676 0.000 0.000 0.000 2.0 0.207 0.589 0.000
0.0 0.0 0.0 1.0 0.0 0.0 0.0 0.0 0.0 0.0 0.649 0.000 0.000 0.000 2.0 0.190 0.575 0.000
0.0 0.0 0.0 1.0 0.0 0.0 0.0 0.0 0.0 0.0 0.622 0.000 0.000 0.000 2.0 0.172 0.562 0.000
0.0 0.0 0.0 1.0 0.0 0.0 0.0 0.0 0.0 0.0 0.595 0.189 0.189 0.189 2.0 0.259 0.479 0.333
0.0 0.0 0.0 1.0 0.0 0.0 0.0 0.0 0.0 0.0 0.568 0.216 0.216 0.216 2.0 0.224 0.479 0.333
0.0 0.0 0.0 1.0 0.0 0.0 0.0 0.0 0.0 0.0 0.189 0.595 0.595 0.595 3.0 0.293 0.151 0.333
0.0 0.0 0.0 1.0 0.0 0.0 0.0 0.0 1.0 0.0 0.162 0.622 0.622 0.622 2.0 0.310 0.123 0.333
0.0 0.0 0.0 1.0 0.0 0.0 0.0 0.0 0.0 0.0 0.162 0.622 0.622 0.622 2.0 0.310 0.082 0.333
0.0 0.0 0.0 0.0 1.0 0.0 0.0 0.0 0.0 0.0 0.541 0.243 0.243 0.243 2.0 0.224 0.479 0.333
0.0 0.0 0.0 1.0 0.0 0.0 0.0 0.0 0.0 0.0 0.541 0.243 0.243 0.243 2.0 0.241 0.479 0.333
0.0 0.0 0.0 1.0 0.0 0.0 0.0 0.0 0.0 0.0 0.405 0.378 0.378 0.378 2.0 0.241 0.274 0.333
0.0 0.0 0.0 1.0 0.0 0.0 0.0 0.0 0.0 0.0 0.324 0.459 0.459 0.459 2.0 0.328 0.247 0.333
0.0 1.0 0.0 0.0 0.0 0.0 0.0 0.0 0.0 0.0 0.378 0.405 0.405 0.405 2.0 0.155 0.274 0.333
0.0 0.0 0.0 1.0 0.0 0.0 0.0 0.0 0.0 0.0 0.351 0.432 0.432 0.432 2.0 0.293 0.260 0.333
0.0 1.0 0.0 0.0 0.0 0.0 0.0 0.0 0.0 0.0 0.324 0.459 0.459 0.459 2.0 0.172 0.260 0.333
0.0 0.0 0.0 1.0 0.0 0.0 0.0 0.0 0.0 0.0 0.297 0.486 0.486 0.486 4.0 0.328 0.247 0.333
0.0 0.0 0.0 1.0 0.0 0.0 0.0 0.0 0.0 0.0 0.162 0.622 0.622 0.622 2.0 0.328 0.096 0.333
0.0 0.0 0.0 1.0 0.0 0.0 0.0 0.0 1.0 0.0 0.270 0.514 0.514 0.514 2.0 0.224 0.151 0.333
0.0 0.0 0.0 1.0 0.0 0.0 0.0 0.0 0.0 0.0 0.514 0.270 0.270 0.270 2.0 0.310 0.425 0.333
0.0 0.0 0.0 1.0 0.0 0.0 0.0 0.0 0.0 0.0 0.486 0.297 0.297 0.297 2.0 0.241 0.411 0.333
0.0 0.0 0.0 1.0 0.0 0.0 0.0 0.0 0.0 0.0 0.459 0.324 0.324 0.324 2.0 0.276 0.329 0.333
0.0 0.0 0.0 1.0 0.0 0.0 0.0 0.0 0.0 0.0 0.432 0.351 0.351 0.351 2.0 0.259 0.329 0.333
0.0 0.0 0.0 1.0 0.0 0.0 0.0 0.0 0.0 0.0 0.405 0.378 0.378 0.378 2.0 0.276 0.288 0.333
0.0 0.0 0.0 1.0 0.0 0.0 0.0 0.0 0.0 0.0 0.378 0.405 0.405 0.405 2.0 0.362 0.274 0.333
0.0 0.0 0.0 1.0 0.0 0.0 0.0 0.0 0.0 0.0 0.351 0.432 0.432 0.432 2.0 0.224 0.274 0.667
0.0 1.0 0.0 0.0 0.0 0.0 0.0 0.0 0.0 0.0 0.270 0.514 0.514 0.514 2.0 0.190 0.233 0.667
0.0 0.0 0.0 1.0 0.0 0.0 0.0 0.0 0.0 0.0 0.378 0.405 0.405 0.405 2.0 0.276 0.274 0.667
0.0 0.0 0.0 1.0 0.0 0.0 0.0 0.0 0.0 0.0 0.243 0.541 0.541 0.541 4.0 0.431 0.219 0.667
0.0 0.0 0.0 1.0 0.0 0.0 0.0 0.0 1.0 0.0 0.162 0.622 0.622 0.622 2.0 0.328 0.123 0.667
0.0 0.0 0.0 1.0 0.0 0.0 0.0 0.0 0.0 0.0 0.162 0.622 0.622 0.622 2.0 0.276 0.082 0.667
0.0 1.0 0.0 0.0 0.0 0.0 0.0 0.0 0.0 0.0 0.351 0.432 0.432 0.432 2.0 0.155 0.274 0.667
0.0 0.0 0.0 0.0 0.0 0.0 0.0 1.0 0.0 0.0 0.324 0.459 0.459 0.459 2.0 0.241 0.260 0.667
0.0 1.0 0.0 0.0 0.0 0.0 0.0 0.0 0.0 0.0 0.162 0.622 0.622 0.622 2.0 0.207 0.096 0.667
0.0 0.0 0.0 1.0 0.0 0.0 0.0 0.0 0.0 0.0 0.297 0.486 0.486 0.486 4.0 0.345 0.247 0.667
0.0 0.0 0.0 1.0 0.0 0.0 0.0 0.0 0.0 0.0 0.162 0.622 0.622 0.622 2.0 0.259 0.096 0.667
0.0 1.0 0.0 0.0 0.0 0.0 0.0 0.0 0.0 0.0 0.054 0.730 0.730 0.730 1.0 0.224 0.027 0.667
0.0 0.0 0.0 1.0 0.0 0.0 0.0 0.0 1.0 0.0 0.270 0.514 0.514 0.514 2.0 0.207 0.151 0.667
0.0 0.0 0.0 1.0 0.0 0.0 0.0 0.0 0.0 0.0 0.351 0.432 0.432 0.432 4.0 0.448 0.260 0.333
0.0 0.0 0.0 0.0 0.0 0.0 0.0 1.0 0.0 0.0 0.324 0.459 0.459 0.459 2.0 0.259 0.260 0.333
0.0 0.0 0.0 1.0 0.0 0.0 0.0 0.0 0.0 0.0 0.351 0.432 0.432 0.432 2.0 0.259 0.260 0.333
0.0 0.0 0.0 1.0 0.0 0.0 0.0 0.0 0.0 0.0 0.189 0.595 0.595 0.595 3.0 0.362 0.151 0.333
0.0 0.0 0.0 1.0 0.0 0.0 0.0 0.0 1.0 0.0 0.162 0.622 0.622 0.622 2.0 0.362 0.123 0.333
0.0 0.0 0.0 0.0 0.0 0.0 1.0 0.0 0.0 0.0 0.324 0.459 0.459 0.459 2.0 0.224 0.260 0.333
0.0 0.0 1.0 0.0 0.0 0.0 0.0 0.0 0.0 0.0 0.297 0.486 0.486 0.486 4.0 0.379 0.247 0.333
0.0 0.0 0.0 1.0 0.0 0.0 0.0 0.0 1.0 0.0 0.270 0.514 0.514 0.514 2.0 0.224 0.151 0.333
0.0 1.0 0.0 0.0 0.0 0.0 0.0 0.0 0.0 0.0 0.135 0.649 0.649 0.649 2.0 0.310 0.096 0.333
0.0 0.0 0.0 1.0 0.0 0.0 0.0 0.0 0.0 0.0 0.351 0.432 0.432 0.432 2.0 0.224 0.301 0.333
0.0 1.0 0.0 0.0 0.0 0.0 0.0 0.0 0.0 0.0 0.243 0.541 0.541 0.541 2.0 0.190 0.178 0.333
0.0 0.0 0.0 1.0 0.0 0.0 0.0 0.0 0.0 0.0 0.378 0.405 0.405 0.405 2.0 0.293 0.301 0.333
0.0 0.0 0.0 1.0 0.0 0.0 0.0 0.0 0.0 0.0 0.216 0.568 0.568 0.568 4.0 0.379 0.164 0.333
0.0 1.0 0.0 0.0 0.0 0.0 0.0 0.0 0.0 0.0 0.162 0.622 0.622 0.622 2.0 0.172 0.096 0.333
0.0 0.0 0.0 0.0 0.0 1.0 0.0 0.0 0.0 0.0 0.135 0.649 0.649 0.649 2.0 0.241 0.082 0.333
0.0 1.0 0.0 0.0 0.0 0.0 0.0 0.0 0.0 0.0 0.189 0.595 0.595 0.595 2.0 0.155 0.137 0.333
0.0 0.0 0.0 1.0 0.0 0.0 0.0 0.0 1.0 0.0 0.162 0.622 0.622 0.622 2.0 0.259 0.123 0.333
0.0 1.0 0.0 0.0 0.0 0.0 0.0 0.0 0.0 0.0 0.351 0.432 0.432 0.432 2.0 0.155 0.274 0.333
0.0 0.0 0.0 0.0 0.0 0.0 1.0 0.0 0.0 0.0 0.324 0.459 0.459 0.459 2.0 0.328 0.260 0.333
0.0 0.0 0.0 1.0 0.0 0.0 0.0 0.0 0.0 0.0 0.297 0.486 0.486 0.486 4.0 0.345 0.260 0.333
0.0 0.0 0.0 1.0 0.0 0.0 0.0 0.0 0.0 0.0 0.162 0.622 0.622 0.622 2.0 0.259 0.096 0.333
0.0 0.0 0.0 1.0 0.0 0.0 0.0 0.0 1.0 0.0 0.270 0.514 0.514 0.514 2.0 0.207 0.151 0.333
0.0 1.0 0.0 0.0 0.0 0.0 0.0 0.0 0.0 0.0 0.459 0.000 0.000 0.000 1.0 0.138 0.301 0.000
0.0 0.0 0.0 0.0 0.0 1.0 0.0 0.0 0.0 0.0 0.432 0.351 0.351 0.351 2.0 0.207 0.301 0.333
0.0 1.0 0.0 0.0 0.0 0.0 0.0 0.0 0.0 0.0 0.216 0.568 0.568 0.568 2.0 0.172 0.192 0.333
0.0 0.0 0.0 1.0 0.0 0.0 0.0 0.0 0.0 0.0 0.459 0.324 0.324 0.324 2.0 0.224 0.301 0.333
0.0 0.0 0.0 1.0 0.0 0.0 0.0 0.0 0.0 0.0 0.189 0.595 0.595 0.595 3.0 0.293 0.178 0.333
0.0 0.0 0.0 1.0 0.0 0.0 0.0 0.0 0.0 0.0 0.162 0.622 0.622 0.622 2.0 0.241 0.082 0.333
0.0 0.0 0.0 1.0 0.0 0.0 0.0 0.0 1.0 0.0 0.162 0.622 0.622 0.622 2.0 0.310 0.123 0.333
0.0 1.0 0.0 0.0 0.0 0.0 0.0 0.0 0.0 0.0 0.432 0.351 0.351 0.351 2.0 0.155 0.301 0.333
0.0 0.0 0.0 1.0 0.0 0.0 0.0 0.0 0.0 0.0 0.405 0.378 0.378 0.378 2.0 0.207 0.288 0.333
0.0 0.0 0.0 1.0 0.0 0.0 0.0 0.0 0.0 0.0 0.324 0.459 0.459 0.459 2.0 0.310 0.260 0.333
0.0 1.0 0.0 0.0 0.0 0.0 0.0 0.0 0.0 0.0 0.378 0.405 0.405 0.405 2.0 0.138 0.288 0.333
0.0 0.0 0.0 0.0 0.0 1.0 0.0 0.0 0.0 0.0 0.351 0.432 0.432 0.432 2.0 0.207 0.274 0.333
0.0 1.0 0.0 0.0 0.0 0.0 0.0 0.0 0.0 0.0 0.324 0.459 0.459 0.459 2.0 0.172 0.274 0.333
0.0 0.0 0.0 1.0 0.0 0.0 0.0 0.0 0.0 0.0 0.297 0.486 0.486 0.486 4.0 0.431 0.260 0.333
0.0 0.0 0.0 0.0 0.0 1.0 0.0 0.0 0.0 0.0 0.270 0.514 0.514 0.514 2.0 0.207 0.247 0.333
0.0 0.0 1.0 0.0 0.0 0.0 0.0 0.0 1.0 0.0 0.216 0.568 0.568 0.568 2.0 0.224 0.192 0.333
0.0 0.0 0.0 0.0 0.0 1.0 0.0 0.0 0.0 0.0 0.243 0.541 0.541 0.541 2.0 0.155 0.151 0.333
0.0 1.0 0.0 0.0 0.0 0.0 0.0 0.0 1.0 0.0 0.027 0.757 0.757 0.757 1.0 0.121 0.014 0.333
0.0 0.0 0.0 1.0 0.0 0.0 0.0 0.0 0.0 0.0 0.162 0.622 0.622 0.622 2.0 0.259 0.096 0.333
0.0 1.0 0.0 0.0 0.0 0.0 0.0 0.0 1.0 0.0 0.027 0.757 0.757 0.757 2.0 0.172 0.027 0.333
0.0 1.0 0.0 0.0 0.0 0.0 0.0 0.0 0.0 0.0 0.135 0.649 0.649 0.649 1.0 0.345 0.068 0.667
0.0 1.0 0.0 0.0 0.0 0.0 0.0 0.0 0.0 0.0 0.135 0.649 0.649 0.649 1.0 0.517 0.082 0.667
0.0 1.0 0.0 0.0 0.0 0.0 0.0 0.0 0.0 0.0 0.432 0.000 0.000 0.000 2.0 0.155 0.301 0.000
0.0 0.0 0.0 0.0 0.0 0.0 0.0 1.0 0.0 0.0 0.405 0.000 0.000 0.000 2.0 0.172 0.288 0.000
0.0 1.0 0.0 0.0 0.0 0.0 0.0 0.0 0.0 0.0 0.378 0.000 0.000 0.000 2.0 0.155 0.288 0.000
0.0 0.0 0.0 0.0 0.0 0.0 1.0 0.0 0.0 0.0 0.351 0.000 0.000 0.000 2.0 0.276 0.274 0.000
0.0 0.0 0.0 0.0 0.0 1.0 0.0 0.0 0.0 0.0 0.324 0.000 0.000 0.000 4.0 0.293 0.260 0.000
0.0 1.0 0.0 0.0 0.0 0.0 0.0 0.0 0.0 0.0 0.297 0.000 0.000 0.000 2.0 0.138 0.164 0.000
0.0 0.0 0.0 1.0 0.0 0.0 0.0 0.0 1.0 0.0 0.270 0.000 0.000 0.000 2.0 0.155 0.151 0.000
0.0 1.0 0.0 0.0 0.0 0.0 0.0 0.0 0.0 0.0 0.243 0.541 0.541 0.541 1.0 0.241 0.137 0.667
0.0 0.0 0.0 0.0 0.0 1.0 0.0 0.0 1.0 0.0 0.216 0.568 0.568 0.568 2.0 0.259 0.137 0.667
0.0 1.0 0.0 0.0 0.0 0.0 0.0 0.0 0.0 0.0 0.189 0.595 0.595 0.595 2.0 0.241 0.137 0.667
0.0 0.0 0.0 1.0 0.0 0.0 0.0 0.0 0.0 0.0 0.162 0.622 0.622 0.622 3.0 0.431 0.123 0.667
0.0 0.0 1.0 0.0 0.0 0.0 0.0 0.0 0.0 0.0 0.135 0.649 0.649 0.649 2.0 0.466 0.096 0.667
0.0 0.0 0.0 1.0 0.0 0.0 0.0 0.0 0.0 0.0 0.108 0.676 0.676 0.676 3.0 0.431 0.082 0.667
0.0 1.0 0.0 0.0 0.0 0.0 0.0 0.0 0.0 0.0 0.081 0.703 0.703 0.703 1.0 0.293 0.027 0.667
0.0 0.0 0.0 1.0 0.0 0.0 0.0 0.0 0.0 0.0 0.081 0.703 0.703 0.703 3.0 0.638 0.068 0.667
0.0 0.0 0.0 0.0 0.0 1.0 0.0 0.0 0.0 0.0 0.135 0.000 0.000 0.000 2.0 0.276 0.082 0.000
0.0 1.0 0.0 0.0 0.0 0.0 0.0 0.0 0.0 0.0 0.243 0.000 0.000 0.000 1.0 0.155 0.192 0.000
0.0 1.0 0.0 0.0 0.0 0.0 0.0 0.0 0.0 0.0 0.135 0.000 0.000 0.000 2.0 0.310 0.096 0.000
0.0 0.0 0.0 1.0 0.0 0.0 0.0 0.0 0.0 0.0 0.108 0.676 0.676 0.676 4.0 0.724 0.082 0.667
0.0 0.0 0.0 1.0 0.0 0.0 0.0 0.0 0.0 0.0 0.081 0.703 0.703 0.703 2.0 0.414 0.041 0.667
0.0 0.0 0.0 1.0 0.0 0.0 0.0 0.0 1.0 0.0 0.054 0.730 0.730 0.730 2.0 0.293 0.027 0.667
0.0 0.0 0.0 1.0 0.0 0.0 0.0 0.0 0.0 0.0 0.189 0.000 0.000 0.000 2.0 0.224 0.137 0.000
0.0 0.0 0.0 1.0 0.0 0.0 0.0 0.0 1.0 0.0 0.162 0.000 0.000 0.000 2.0 0.310 0.123 0.000
0.0 0.0 0.0 1.0 0.0 0.0 0.0 0.0 0.0 0.0 0.135 0.649 0.649 0.649 3.0 0.707 0.110 0.667
0.0 0.0 0.0 0.0 0.0 1.0 0.0 0.0 0.0 0.0 0.108 0.676 0.676 0.676 2.0 0.534 0.068 0.667
0.0 0.0 0.0 0.0 0.0 1.0 0.0 0.0 1.0 0.0 0.081 0.703 0.703 0.703 3.0 0.345 0.068 0.667
0.0 0.0 0.0 1.0 0.0 0.0 0.0 0.0 0.0 0.0 0.108 0.676 0.676 0.676 3.0 0.759 0.068 0.667
0.0 0.0 0.0 1.0 0.0 0.0 0.0 0.0 0.0 0.0 0.081 0.703 0.703 0.703 3.0 0.690 0.055 0.667
0.0 1.0 0.0 0.0 0.0 0.0 0.0 0.0 0.0 0.0 0.054 0.730 0.730 0.730 1.0 0.379 0.027 0.667
0.0 0.0 0.0 1.0 0.0 0.0 0.0 0.0 1.0 0.0 0.162 0.000 0.000 0.000 2.0 0.190 0.068 0.000
0.0 1.0 0.0 0.0 0.0 0.0 0.0 0.0 0.0 0.0 0.135 0.649 0.649 0.649 1.0 0.310 0.055 0.667
0.0 0.0 0.0 1.0 0.0 0.0 0.0 0.0 0.0 0.0 0.108 0.676 0.676 0.676 3.0 0.517 0.055 0.667
0.0 1.0 0.0 0.0 0.0 0.0 0.0 0.0 0.0 0.0 0.730 0.054 0.054 0.054 2.0 0.379 0.616 0.333
0.0 0.0 0.0 1.0 0.0 0.0 0.0 0.0 1.0 0.0 0.703 0.081 0.081 0.081 3.0 0.259 0.603 0.333
0.0 1.0 0.0 0.0 0.0 0.0 0.0 0.0 0.0 0.0 0.243 0.541 0.541 0.541 1.0 0.293 0.192 0.333
0.0 1.0 0.0 0.0 0.0 0.0 0.0 0.0 0.0 0.0 0.676 0.108 0.108 0.108 1.0 0.328 0.589 0.667
0.0 0.0 0.0 1.0 0.0 0.0 0.0 0.0 1.0 0.0 0.243 0.000 0.000 0.000 2.0 0.172 0.205 0.000
0.0 0.0 0.0 1.0 0.0 0.0 0.0 0.0 0.0 0.0 0.216 0.568 0.568 0.568 2.0 0.448 0.192 0.333
0.0 0.0 0.0 1.0 0.0 0.0 0.0 0.0 0.0 0.0 0.189 0.595 0.595 0.595 2.0 0.379 0.178 0.333
0.0 0.0 0.0 1.0 0.0 0.0 0.0 0.0 0.0 0.0 0.108 0.081 0.676 0.378 2.0 0.638 0.041 0.667
0.0 1.0 0.0 0.0 0.0 0.0 0.0 0.0 0.0 0.0 0.081 0.108 0.703 0.505 1.0 0.466 0.027 1.000
0.0 0.0 0.0 1.0 0.0 0.0 0.0 0.0 0.0 0.0 0.162 0.622 0.622 0.622 2.0 0.345 0.164 0.333
0.0 0.0 0.0 1.0 0.0 0.0 0.0 0.0 0.0 0.0 0.757 0.000 0.000 0.000 4.0 0.190 0.658 0.000
0.0 0.0 0.0 1.0 0.0 0.0 0.0 0.0 1.0 0.0 0.108 0.000 0.000 0.000 3.0 0.310 0.055 0.000
0.0 0.0 0.0 1.0 0.0 0.0 0.0 0.0 0.0 0.0 0.189 0.000 0.000 0.000 2.0 0.224 0.192 0.000
0.0 1.0 0.0 0.0 0.0 0.0 0.0 0.0 0.0 0.0 0.730 0.000 0.000 0.000 2.0 0.138 0.630 0.000
0.0 0.0 0.0 0.0 0.0 1.0 0.0 0.0 0.0 0.0 0.703 0.000 0.000 0.000 2.0 0.241 0.616 0.000
0.0 1.0 0.0 0.0 0.0 0.0 0.0 0.0 0.0 0.0 0.162 0.000 0.000 0.000 2.0 0.155 0.068 0.000
0.0 0.0 0.0 1.0 0.0 0.0 0.0 0.0 0.0 0.0 0.135 0.000 0.000 0.000 3.0 0.310 0.055 0.000
0.0 0.0 0.0 1.0 0.0 0.0 0.0 0.0 0.0 0.0 0.054 0.730 0.730 0.730 3.0 0.810 0.041 0.333
0.0 0.0 0.0 1.0 0.0 0.0 0.0 0.0 1.0 0.0 0.054 0.000 0.000 0.000 3.0 0.276 0.041 0.000
0.0 0.0 0.0 1.0 0.0 0.0 0.0 0.0 1.0 0.0 0.108 0.000 0.000 0.000 2.0 0.138 0.041 0.000
0.0 1.0 0.0 0.0 0.0 0.0 0.0 0.0 0.0 0.0 0.081 0.703 0.703 0.703 1.0 0.241 0.027 0.667
0.0 0.0 0.0 1.0 0.0 0.0 0.0 0.0 0.0 0.0 0.784 0.000 0.000 0.000 4.0 0.276 0.630 0.000
0.0 0.0 0.0 1.0 0.0 0.0 0.0 0.0 1.0 0.0 0.757 0.000 0.000 0.000 2.0 0.138 0.616 0.000
0.0 0.0 0.0 1.0 0.0 0.0 0.0 0.0 0.0 0.0 0.730 0.000 0.000 0.000 2.0 0.155 0.616 0.000
0.0 0.0 0.0 0.0 1.0 0.0 0.0 0.0 0.0 0.0 0.703 0.000 0.000 0.000 2.0 0.241 0.616 0.000
0.0 1.0 0.0 0.0 0.0 0.0 0.0 0.0 0.0 0.0 0.676 0.108 0.108 0.108 2.0 0.276 0.603 0.333
0.0 0.0 0.0 1.0 0.0 0.0 0.0 0.0 0.0 0.0 0.081 0.000 0.000 0.000 2.0 0.310 0.041 0.000
0.0 0.0 0.0 0.0 1.0 0.0 0.0 0.0 1.0 0.0 0.081 0.000 0.000 0.000 3.0 0.190 0.055 0.000
0.0 0.0 0.0 1.0 0.0 0.0 0.0 0.0 1.0 0.0 0.054 0.730 0.730 0.730 2.0 0.586 0.027 0.667
0.0 0.0 0.0 1.0 0.0 0.0 0.0 0.0 0.0 0.0 0.081 0.703 0.703 0.703 2.0 0.586 0.041 0.667
0.0 0.0 0.0 1.0 0.0 0.0 0.0 0.0 0.0 0.0 0.676 0.000 0.000 0.000 3.0 0.328 0.603 0.000
0.0 0.0 0.0 1.0 0.0 0.0 0.0 0.0 0.0 0.0 0.649 0.135 0.135 0.135 2.0 0.397 0.589 0.667
0.0 0.0 0.0 1.0 0.0 0.0 0.0 0.0 0.0 0.0 0.162 0.622 0.622 0.622 2.0 0.259 0.068 0.667
0.0 0.0 0.0 1.0 0.0 0.0 0.0 0.0 0.0 0.0 0.622 0.162 0.162 0.162 4.0 0.310 0.589 0.667
0.0 0.0 0.0 0.0 0.0 1.0 0.0 0.0 0.0 0.0 0.189 0.595 0.595 0.595 2.0 0.172 0.096 0.667
0.0 1.0 0.0 0.0 0.0 0.0 0.0 0.0 1.0 0.0 0.027 0.757 0.757 0.757 2.0 0.069 0.027 0.667
0.0 0.0 0.0 0.0 0.0 1.0 0.0 0.0 0.0 0.0 0.162 0.622 0.622 0.622 2.0 0.207 0.068 0.667
0.0 1.0 0.0 0.0 0.0 0.0 0.0 0.0 0.0 0.0 0.054 0.730 0.730 0.730 2.0 0.121 0.041 0.667
0.0 0.0 0.0 1.0 0.0 0.0 0.0 0.0 1.0 0.0 0.027 0.757 0.757 0.757 2.0 0.069 0.027 0.667
0.0 0.0 0.0 1.0 0.0 0.0 0.0 0.0 0.0 0.0 0.595 0.189 0.189 0.189 2.0 0.293 0.562 0.667
0.0 0.0 0.0 1.0 0.0 0.0 0.0 0.0 0.0 0.0 0.568 0.216 0.216 0.216 4.0 0.224 0.562 0.667
0.0 1.0 0.0 0.0 0.0 0.0 0.0 0.0 1.0 0.0 0.108 0.676 0.676 0.676 3.0 0.310 0.068 0.667
0.0 1.0 0.0 0.0 0.0 0.0 0.0 0.0 0.0 0.0 0.162 0.622 0.622 0.622 2.0 0.207 0.068 0.667
0.0 1.0 0.0 0.0 0.0 0.0 0.0 0.0 0.0 0.0 0.541 0.243 0.243 0.243 1.0 0.190 0.493 0.667
0.0 0.0 0.0 1.0 0.0 0.0 0.0 0.0 0.0 0.0 0.541 0.243 0.243 0.243 2.0 0.241 0.534 0.667
0.0 0.0 0.0 1.0 0.0 0.0 0.0 0.0 0.0 0.0 0.514 0.270 0.270 0.270 3.0 0.241 0.493 0.667
0.0 1.0 0.0 0.0 0.0 0.0 0.0 0.0 0.0 0.0 0.486 0.297 0.297 0.297 2.0 0.172 0.479 0.667
0.0 0.0 0.0 0.0 0.0 1.0 0.0 0.0 0.0 0.0 0.459 0.324 0.324 0.324 3.0 0.190 0.466 0.667
0.0 0.0 0.0 0.0 0.0 1.0 0.0 0.0 0.0 0.0 0.297 0.486 0.486 0.486 2.0 0.207 0.233 0.667
0.0 0.0 0.0 0.0 0.0 1.0 0.0 0.0 0.0 0.0 0.270 0.514 0.514 0.514 2.0 0.224 0.233 0.667
0.0 1.0 0.0 0.0 0.0 0.0 0.0 0.0 0.0 0.0 0.432 0.351 0.351 0.351 2.0 0.155 0.425 0.667
0.0 0.0 0.0 1.0 0.0 0.0 0.0 0.0 0.0 0.0 0.405 0.378 0.378 0.378 3.0 0.224 0.411 0.667
0.0 0.0 0.0 1.0 0.0 0.0 0.0 0.0 0.0 0.0 0.297 0.486 0.486 0.486 2.0 0.155 0.233 0.667
0.0 1.0 0.0 0.0 0.0 0.0 0.0 0.0 0.0 0.0 0.270 0.514 0.514 0.514 1.0 0.155 0.219 0.667
0.0 1.0 0.0 0.0 0.0 0.0 0.0 0.0 0.0 0.0 0.270 0.514 0.514 0.514 2.0 0.155 0.219 0.667
0.0 0.0 0.0 1.0 0.0 0.0 0.0 0.0 0.0 0.0 0.378 0.405 0.405 0.405 3.0 0.259 0.370 0.667
0.0 0.0 0.0 1.0 0.0 0.0 0.0 0.0 0.0 0.0 0.297 0.486 0.486 0.486 2.0 0.207 0.233 0.667
0.0 0.0 0.0 1.0 0.0 0.0 0.0 0.0 0.0 0.0 0.243 0.541 0.541 0.541 3.0 0.259 0.219 0.667
0.0 0.0 0.0 1.0 0.0 0.0 0.0 0.0 1.0 0.0 0.216 0.568 0.568 0.568 2.0 0.362 0.192 0.667
0.0 0.0 0.0 1.0 0.0 0.0 0.0 0.0 1.0 0.0 0.027 0.757 0.757 0.757 2.0 0.103 0.027 0.667
0.0 1.0 0.0 0.0 0.0 0.0 0.0 0.0 0.0 0.0 0.270 0.514 0.514 0.514 2.0 0.155 0.219 0.667
0.0 0.0 0.0 1.0 0.0 0.0 0.0 0.0 0.0 0.0 0.243 0.541 0.541 0.541 3.0 0.241 0.205 0.667
0.0 0.0 0.0 1.0 0.0 0.0 0.0 0.0 1.0 0.0 0.108 0.676 0.676 0.676 2.0 0.310 0.055 0.667
0.0 0.0 0.0 1.0 0.0 0.0 0.0 0.0 1.0 0.0 0.189 0.595 0.595 0.595 2.0 0.241 0.164 0.667
0.0 0.0 0.0 1.0 0.0 0.0 0.0 0.0 0.0 0.0 0.351 0.432 0.432 0.432 3.0 0.241 0.329 0.667
1.0 0.0 0.0 0.0 0.0 0.0 0.0 0.0 0.0 0.0 0.270 0.514 0.514 0.514 2.0 0.172 0.233 0.667
0.0 0.0 0.0 1.0 0.0 0.0 0.0 0.0 0.0 0.0 0.297 0.486 0.486 0.486 3.0 0.241 0.274 0.667
0.0 1.0 0.0 0.0 0.0 0.0 0.0 0.0 0.0 0.0 0.270 0.514 0.514 0.514 2.0 0.138 0.219 0.667
0.0 0.0 1.0 0.0 0.0 0.0 0.0 0.0 0.0 0.0 0.243 0.541 0.541 0.541 2.0 0.190 0.205 0.667
0.0 0.0 0.0 1.0 0.0 0.0 0.0 0.0 1.0 0.0 0.216 0.568 0.568 0.568 2.0 0.310 0.192 0.667
0.0 0.0 0.0 1.0 0.0 0.0 0.0 0.0 0.0 0.0 0.243 0.541 0.541 0.541 3.0 0.241 0.205 0.667
0.0 0.0 0.0 1.0 0.0 0.0 0.0 0.0 1.0 0.0 0.108 0.676 0.676 0.676 2.0 0.293 0.055 0.667
0.0 0.0 0.0 1.0 0.0 0.0 0.0 0.0 1.0 0.0 0.189 0.595 0.595 0.595 2.0 0.224 0.164 0.667
0.0 0.0 0.0 1.0 0.0 0.0 0.0 0.0 0.0 0.0 0.270 0.514 0.514 0.514 2.0 0.207 0.233 0.667
0.0 0.0 0.0 1.0 0.0 0.0 0.0 0.0 0.0 0.0 0.243 0.541 0.541 0.541 3.0 0.259 0.219 0.667
0.0 0.0 0.0 1.0 0.0 0.0 0.0 0.0 1.0 0.0 0.216 0.568 0.568 0.568 2.0 0.362 0.192 0.667
0.0 0.0 0.0 1.0 0.0 0.0 0.0 0.0 1.0 0.0 0.027 0.757 0.757 0.757 2.0 0.103 0.027 0.667
0.0 1.0 0.0 0.0 0.0 0.0 0.0 0.0 0.0 0.0 0.243 0.541 0.541 0.541 2.0 0.121 0.205 0.667
0.0 0.0 0.0 0.0 0.0 1.0 0.0 0.0 0.0 0.0 0.216 0.568 0.568 0.568 2.0 0.138 0.192 0.667
0.0 0.0 0.0 0.0 0.0 1.0 0.0 0.0 0.0 0.0 0.135 0.649 0.649 0.649 2.0 0.172 0.055 0.667
0.0 1.0 0.0 0.0 0.0 0.0 0.0 0.0 1.0 0.0 0.027 0.757 0.757 0.757 1.0 0.121 0.014 0.667
0.0 0.0 1.0 0.0 0.0 0.0 0.0 0.0 1.0 0.0 0.189 0.595 0.595 0.595 2.0 0.207 0.164 0.667
0.0 0.0 0.0 1.0 0.0 0.0 0.0 0.0 0.0 0.0 0.324 0.459 0.459 0.459 2.0 0.190 0.247 0.667
0.0 1.0 0.0 0.0 0.0 0.0 0.0 0.0 0.0 0.0 0.297 0.486 0.486 0.486 2.0 0.155 0.247 0.667
0.0 0.0 0.0 1.0 0.0 0.0 0.0 0.0 0.0 0.0 0.324 0.459 0.459 0.459 2.0 0.155 0.247 0.667
0.0 1.0 0.0 0.0 0.0 0.0 0.0 0.0 0.0 0.0 0.243 0.541 0.541 0.541 1.0 0.138 0.192 0.667
0.0 0.0 0.0 1.0 0.0 0.0 0.0 0.0 0.0 0.0 0.216 0.568 0.568 0.568 2.0 0.172 0.192 0.667
0.0 0.0 0.0 1.0 0.0 0.0 0.0 0.0 1.0 0.0 0.189 0.595 0.595 0.595 2.0 0.224 0.164 0.667
0.0 0.0 0.0 1.0 0.0 0.0 0.0 0.0 1.0 0.0 0.108 0.676 0.676 0.676 2.0 0.293 0.055 0.667
0.0 1.0 0.0 0.0 0.0 0.0 0.0 0.0 0.0 0.0 0.297 0.486 0.486 0.486 2.0 0.155 0.247 0.667
0.0 0.0 0.0 1.0 0.0 0.0 0.0 0.0 0.0 0.0 0.270 0.514 0.514 0.514 3.0 0.241 0.233 0.667
0.0 1.0 0.0 0.0 0.0 0.0 0.0 0.0 0.0 0.0 0.243 0.541 0.541 0.541 2.0 0.224 0.205 0.667
0.0 0.0 0.0 1.0 0.0 0.0 0.0 0.0 1.0 0.0 0.216 0.568 0.568 0.568 2.0 0.224 0.192 0.667
0.0 0.0 0.0 1.0 0.0 0.0 0.0 0.0 1.0 0.0 0.027 0.757 0.757 0.757 2.0 0.103 0.027 0.667
0.0 0.0 0.0 1.0 0.0 0.0 0.0 0.0 0.0 0.0 0.297 0.486 0.486 0.486 2.0 0.207 0.233 0.667
0.0 0.0 0.0 1.0 0.0 0.0 0.0 0.0 0.0 0.0 0.243 0.541 0.541 0.541 3.0 0.259 0.205 0.667
0.0 0.0 0.0 1.0 0.0 0.0 0.0 0.0 1.0 0.0 0.108 0.676 0.676 0.676 2.0 0.310 0.055 0.667
0.0 1.0 0.0 0.0 0.0 0.0 0.0 0.0 0.0 0.0 0.216 0.568 0.568 0.568 1.0 0.517 0.178 0.667
0.0 0.0 0.0 1.0 0.0 0.0 0.0 0.0 1.0 0.0 0.189 0.595 0.595 0.595 2.0 0.241 0.164 0.667
0.0 1.0 0.0 0.0 0.0 0.0 0.0 0.0 0.0 0.0 0.270 0.514 0.514 0.514 2.0 0.172 0.233 0.667
0.0 0.0 1.0 0.0 0.0 0.0 0.0 0.0 0.0 0.0 0.243 0.541 0.541 0.541 3.0 0.207 0.219 0.667
0.0 0.0 0.0 0.0 0.0 1.0 0.0 0.0 0.0 0.0 0.189 0.595 0.595 0.595 2.0 0.603 0.178 0.667
0.0 0.0 0.0 1.0 0.0 0.0 0.0 0.0 1.0 0.0 0.216 0.568 0.568 0.568 2.0 0.241 0.192 0.667
0.0 0.0 0.0 1.0 0.0 0.0 0.0 0.0 1.0 0.0 0.027 0.757 0.757 0.757 2.0 0.086 0.027 0.667
0.0 0.0 0.0 1.0 0.0 0.0 0.0 0.0 1.0 0.0 0.108 0.676 0.676 0.676 3.0 0.397 0.055 0.667
0.0 0.0 0.0 1.0 0.0 0.0 0.0 0.0 0.0 0.0 0.270 0.514 0.514 0.514 2.0 0.241 0.233 0.667
0.0 0.0 0.0 1.0 0.0 0.0 0.0 0.0 0.0 0.0 0.243 0.541 0.541 0.541 2.0 0.172 0.205 0.667
0.0 0.0 0.0 1.0 0.0 0.0 0.0 0.0 1.0 0.0 0.108 0.676 0.676 0.676 2.0 0.293 0.055 0.667
0.0 1.0 0.0 0.0 0.0 0.0 0.0 0.0 0.0 0.0 0.216 0.568 0.568 0.568 2.0 0.121 0.178 0.667
0.0 0.0 0.0 1.0 0.0 0.0 0.0 0.0 1.0 0.0 0.189 0.595 0.595 0.595 2.0 0.190 0.164 0.667
0.0 0.0 0.0 0.0 0.0 1.0 0.0 0.0 1.0 0.0 0.162 0.622 0.622 0.622 3.0 0.448 0.164 0.667
0.0 0.0 1.0 0.0 0.0 0.0 0.0 0.0 0.0 0.0 0.243 0.541 0.541 0.541 3.0 0.310 0.219 0.667
0.0 0.0 0.0 1.0 0.0 0.0 0.0 0.0 1.0 0.0 0.216 0.568 0.568 0.568 2.0 0.293 0.192 0.667
0.0 0.0 0.0 1.0 0.0 0.0 0.0 0.0 1.0 0.0 0.027 0.757 0.757 0.757 2.0 0.276 0.027 0.667
0.0 0.0 0.0 1.0 0.0 0.0 0.0 0.0 0.0 0.0 0.216 0.568 0.568 0.568 2.0 0.155 0.096 0.667
0.0 0.0 0.0 1.0 0.0 0.0 0.0 0.0 0.0 0.0 0.189 0.595 0.595 0.595 2.0 0.121 0.082 0.667
0.0 1.0 0.0 0.0 0.0 0.0 0.0 0.0 1.0 0.0 0.027 0.757 0.757 0.757 1.0 0.069 0.014 0.667
0.0 0.0 0.0 1.0 0.0 0.0 0.0 0.0 1.0 0.0 0.162 0.622 0.622 0.622 2.0 0.121 0.068 0.667
0.0 1.0 0.0 0.0 0.0 0.0 0.0 0.0 0.0 0.0 0.135 0.649 0.649 0.649 2.0 0.207 0.055 0.667
0.0 1.0 0.0 0.0 0.0 0.0 0.0 0.0 0.0 0.0 0.108 0.676 0.676 0.676 2.0 0.276 0.055 0.667
0.0 1.0 0.0 0.0 0.0 0.0 0.0 0.0 0.0 0.0 0.189 0.595 0.595 0.595 2.0 0.155 0.068 0.667
0.0 0.0 0.0 1.0 0.0 0.0 0.0 0.0 0.0 0.0 0.162 0.622 0.622 0.622 2.0 0.259 0.055 0.667
0.0 0.0 0.0 0.0 0.0 1.0 0.0 0.0 0.0 0.0 0.135 0.649 0.649 0.649 2.0 0.293 0.055 0.667
0.0 1.0 0.0 0.0 0.0 0.0 0.0 0.0 0.0 0.0 0.108 0.676 0.676 0.676 1.0 0.431 0.041 0.667
0.0 0.0 0.0 1.0 0.0 0.0 0.0 0.0 0.0 0.0 0.081 0.703 0.703 0.703 2.0 0.603 0.041 0.667
0.0 0.0 0.0 1.0 0.0 0.0 0.0 0.0 0.0 0.0 0.054 0.135 0.730 0.532 2.0 0.517 0.027 1.000
0.0 1.0 0.0 0.0 0.0 0.0 0.0 0.0 1.0 0.0 0.027 0.162 0.757 0.559 1.0 0.586 0.014 1.000
0.0 1.0 0.0 0.0 0.0 0.0 0.0 0.0 1.0 0.0 0.027 0.757 0.757 0.757 1.0 0.172 0.014 0.667
0.0 1.0 0.0 0.0 0.0 0.0 0.0 0.0 0.0 0.0 0.162 0.622 0.622 0.622 2.0 0.414 0.151 0.667
0.0 0.0 0.0 0.0 0.0 0.0 1.0 0.0 0.0 0.0 0.054 0.000 0.000 0.000 2.0 0.172 0.041 0.000
0.0 0.0 0.0 1.0 0.0 0.0 0.0 0.0 1.0 0.0 0.027 0.757 0.757 0.757 2.0 0.259 0.027 0.667
0.0 1.0 0.0 0.0 0.0 0.0 0.0 0.0 1.0 0.0 0.027 0.162 0.757 0.559 1.0 0.534 0.014 1.000
0.0 0.0 0.0 1.0 0.0 0.0 0.0 0.0 0.0 0.0 0.189 0.000 0.000 0.000 2.0 0.103 0.178 0.000
0.0 0.0 0.0 1.0 0.0 0.0 0.0 0.0 0.0 0.0 0.162 0.000 0.000 0.000 2.0 0.276 0.178 0.000
0.0 0.0 1.0 0.0 0.0 0.0 0.0 0.0 0.0 0.0 0.135 0.649 0.649 0.649 4.0 0.552 0.137 0.667
0.0 0.0 0.0 0.0 0.0 1.0 0.0 0.0 0.0 0.0 0.081 0.703 0.703 0.703 3.0 0.241 0.068 0.667
0.0 0.0 0.0 0.0 0.0 1.0 0.0 0.0 1.0 0.0 0.054 0.730 0.730 0.730 2.0 0.138 0.041 0.667
0.0 1.0 0.0 0.0 0.0 0.0 0.0 0.0 1.0 0.0 0.027 0.757 0.757 0.757 2.0 0.190 0.027 0.667
0.0 0.0 1.0 0.0 0.0 0.0 0.0 0.0 1.0 0.0 0.054 0.730 0.730 0.730 2.0 0.121 0.027 0.667
0.0 0.0 0.0 0.0 0.0 1.0 0.0 0.0 1.0 0.0 0.054 0.730 0.730 0.730 2.0 0.121 0.027 0.667
0.0 1.0 0.0 0.0 0.0 0.0 0.0 0.0 1.0 0.0 0.027 0.757 0.757 0.757 1.0 0.121 0.014 0.667
0.0 0.0 0.0 0.0 1.0 0.0 0.0 0.0 1.0 0.0 0.081 0.703 0.703 0.703 2.0 0.241 0.041 0.667
0.0 1.0 0.0 0.0 0.0 0.0 0.0 0.0 0.0 0.0 0.054 0.730 0.730 0.730 2.0 0.310 0.027 0.667
0.0 0.0 0.0 1.0 0.0 0.0 0.0 0.0 0.0 0.0 0.081 0.703 0.703 0.703 2.0 0.345 0.041 0.667
0.0 1.0 0.0 0.0 0.0 0.0 0.0 0.0 0.0 0.0 0.054 0.730 0.730 0.730 2.0 0.483 0.027 0.667
0.0 1.0 0.0 0.0 0.0 0.0 0.0 0.0 1.0 0.0 0.027 0.757 0.757 0.757 1.0 0.345 0.014 0.667
0.0 0.0 0.0 1.0 0.0 0.0 0.0 0.0 0.0 0.0 0.108 0.676 0.676 0.676 2.0 0.310 0.041 0.667
0.0 1.0 0.0 0.0 0.0 0.0 0.0 0.0 1.0 0.0 0.027 0.757 0.757 0.757 1.0 0.397 0.014 0.667
0.0 1.0 0.0 0.0 0.0 0.0 0.0 0.0 0.0 0.0 0.081 0.703 0.703 0.703 1.0 0.362 0.027 0.667
0.0 1.0 0.0 0.0 0.0 0.0 0.0 0.0 0.0 0.0 0.054 0.730 0.730 0.730 2.0 0.276 0.027 0.667
0.0 1.0 0.0 0.0 0.0 0.0 0.0 0.0 1.0 0.0 0.027 0.757 0.757 0.757 1.0 0.293 0.014 0.667
0.0 0.0 1.0 0.0 0.0 0.0 0.0 0.0 0.0 0.0 0.081 0.000 0.000 0.000 2.0 0.414 0.041 0.000
0.0 1.0 0.0 0.0 0.0 0.0 0.0 0.0 1.0 0.0 0.027 0.757 0.757 0.757 1.0 1.000 0.014 0.667
0.0 0.0 0.0 0.0 0.0 1.0 0.0 0.0 1.0 0.0 0.054 0.730 0.730 0.730 2.0 0.500 0.027 0.333
0.0 1.0 0.0 0.0 0.0 0.0 0.0 0.0 1.0 0.0 0.027 0.162 0.757 0.559 1.0 0.603 0.014 1.000
0.0 0.0 0.0 1.0 0.0 0.0 0.0 0.0 1.0 0.0 0.081 0.000 0.000 0.000 2.0 0.103 0.041 0.000
0.0 1.0 0.0 0.0 0.0 0.0 0.0 0.0 0.0 0.0 0.054 0.730 0.730 0.730 1.0 0.259 0.027 0.667
0.0 0.0 0.0 1.0 0.0 0.0 0.0 0.0 1.0 0.0 0.027 0.757 0.757 0.757 2.0 0.500 0.027 0.667
