0.0 1.0 0.0 0.0 0.0 0.0 0.0 0.0 1.0 0.0 0.021 0.750 0.979 0.814 1.0 0.139 0.030 1.000
0.0 1.0 0.0 0.0 0.0 0.0 0.0 0.0 1.0 0.0 0.021 0.750 0.979 0.814 1.0 0.097 0.030 1.000
0.0 1.0 0.0 0.0 0.0 0.0 0.0 0.0 1.0 0.0 0.021 0.750 0.979 0.814 1.0 0.139 0.030 1.000
0.0 1.0 0.0 0.0 0.0 0.0 0.0 0.0 1.0 0.0 0.021 0.750 0.979 0.814 1.0 0.181 0.030 1.000
0.0 1.0 0.0 0.0 0.0 0.0 0.0 0.0 1.0 0.0 0.021 0.750 0.979 0.814 1.0 0.097 0.030 1.000
0.0 1.0 0.0 0.0 0.0 0.0 0.0 0.0 1.0 0.0 0.021 0.750 0.979 0.814 1.0 0.097 0.030 1.000
0.0 1.0 0.0 0.0 0.0 0.0 0.0 0.0 1.0 0.0 0.021 0.750 0.979 0.814 1.0 0.139 0.030 1.000
0.0 1.0 0.0 0.0 0.0 0.0 0.0 0.0 1.0 0.0 0.021 0.750 0.979 0.814 1.0 0.139 0.030 1.000
0.0 1.0 0.0 0.0 0.0 0.0 0.0 0.0 1.0 0.0 0.021 0.750 0.979 0.814 1.0 0.181 0.030 1.000
0.0 1.0 0.0 0.0 0.0 0.0 0.0 0.0 1.0 0.0 0.021 0.750 0.979 0.814 1.0 0.139 0.030 1.000
0.0 1.0 0.0 0.0 0.0 0.0 0.0 0.0 1.0 0.0 0.021 0.750 0.979 0.814 1.0 0.097 0.030 1.000
0.0 1.0 0.0 0.0 0.0 0.0 0.0 0.0 1.0 0.0 0.021 0.750 0.979 0.814 1.0 0.097 0.030 1.000
0.0 1.0 0.0 0.0 0.0 0.0 0.0 0.0 1.0 0.0 0.021 0.750 0.979 0.814 1.0 0.139 0.030 1.000
0.0 1.0 0.0 0.0 0.0 0.0 0.0 0.0 1.0 0.0 0.021 0.750 0.979 0.814 1.0 0.139 0.030 1.000
0.0 1.0 0.0 0.0 0.0 0.0 0.0 0.0 1.0 0.0 0.021 0.750 0.979 0.814 1.0 0.139 0.030 1.000
0.0 1.0 0.0 0.0 0.0 0.0 0.0 0.0 1.0 0.0 0.021 0.750 0.979 0.814 1.0 0.139 0.030 1.000
0.0 0.0 0.0 1.0 0.0 0.0 0.0 0.0 1.0 0.0 0.021 0.917 0.917 0.917 2.0 0.069 0.061 0.040
0.0 0.0 0.0 1.0 0.0 0.0 0.0 0.0 1.0 0.0 0.021 0.896 0.896 0.896 2.0 0.069 0.061 0.040
0.0 1.0 0.0 0.0 0.0 0.0 0.0 0.0 1.0 0.0 0.021 0.750 0.979 0.814 1.0 0.097 0.030 1.000
0.0 1.0 0.0 0.0 0.0 0.0 0.0 0.0 1.0 0.0 0.021 0.750 0.979 0.814 1.0 0.083 0.030 1.000
1.0 0.0 0.0 0.0 0.0 0.0 0.0 0.0 1.0 0.0 0.021 0.750 0.979 0.814 1.0 0.111 0.030 1.000
1.0 0.0 0.0 0.0 0.0 0.0 0.0 0.0 1.0 0.0 0.021 0.750 0.979 0.814 1.0 0.153 0.030 1.000
0.0 1.0 0.0 0.0 0.0 0.0 0.0 0.0 1.0 0.0 0.021 0.750 0.979 0.814 1.0 0.097 0.030 1.000
0.0 1.0 0.0 0.0 0.0 0.0 0.0 0.0 1.0 0.0 0.021 0.750 0.979 0.814 1.0 0.097 0.030 1.000
0.0 1.0 0.0 0.0 0.0 0.0 0.0 0.0 1.0 0.0 0.021 0.750 0.979 0.814 1.0 0.097 0.030 1.000
0.0 1.0 0.0 0.0 0.0 0.0 0.0 0.0 1.0 0.0 0.021 0.750 0.979 0.814 1.0 0.097 0.030 1.000
0.0 1.0 0.0 0.0 0.0 0.0 0.0 0.0 1.0 0.0 0.021 0.917 0.917 0.917 1.0 0.069 0.030 0.040
0.0 1.0 0.0 0.0 0.0 0.0 0.0 0.0 1.0 0.0 0.021 0.896 0.896 0.896 1.0 0.069 0.030 0.040
0.0 1.0 0.0 0.0 0.0 0.0 0.0 0.0 1.0 0.0 0.021 0.750 0.979 0.835 1.0 0.111 0.030 0.640
0.0 1.0 0.0 0.0 0.0 0.0 0.0 0.0 1.0 0.0 0.021 0.750 0.979 0.835 1.0 0.111 0.030 0.640
1.0 0.0 0.0 0.0 0.0 0.0 0.0 0.0 1.0 0.0 0.021 0.896 0.979 0.920 1.0 0.306 0.030 0.240
0.0 1.0 0.0 0.0 0.0 0.0 0.0 0.0 1.0 0.0 0.021 0.750 0.979 0.814 1.0 0.347 0.030 1.000
1.0 0.0 0.0 0.0 0.0 0.0 0.0 0.0 1.0 0.0 0.021 0.750 0.979 0.814 1.0 0.125 0.030 1.000
0.0 1.0 0.0 0.0 0.0 0.0 0.0 0.0 1.0 0.0 0.021 0.750 0.979 0.814 1.0 0.153 0.030 1.000
1.0 0.0 0.0 0.0 0.0 0.0 0.0 0.0 1.0 0.0 0.021 0.750 0.979 0.814 1.0 0.208 0.030 1.000
0.0 1.0 0.0 0.0 0.0 0.0 0.0 0.0 1.0 0.0 0.021 0.896 0.979 0.920 1.0 0.194 0.030 0.240
0.0 1.0 0.0 0.0 0.0 0.0 0.0 0.0 1.0 0.0 0.021 0.833 0.833 0.833 1.0 0.069 0.030 0.040
1.0 0.0 0.0 0.0 0.0 0.0 0.0 0.0 1.0 0.0 0.021 0.896 0.917 0.906 1.0 0.125 0.030 0.080
0.0 1.0 0.0 0.0 0.0 0.0 0.0 0.0 1.0 0.0 0.021 0.750 0.979 0.814 1.0 0.278 0.030 1.000
1.0 0.0 0.0 0.0 0.0 0.0 0.0 0.0 1.0 0.0 0.021 0.750 0.979 0.814 1.0 0.181 0.030 1.000
1.0 0.0 0.0 0.0 0.0 0.0 0.0 0.0 1.0 0.0 0.021 0.896 0.979 0.920 1.0 0.194 0.030 0.240
0.0 1.0 0.0 0.0 0.0 0.0 0.0 0.0 1.0 0.0 0.021 0.750 0.979 0.814 1.0 0.292 0.030 1.000
1.0 0.0 0.0 0.0 0.0 0.0 0.0 0.0 1.0 0.0 0.021 0.771 0.771 0.771 1.0 0.083 0.030 0.040
1.0 0.0 0.0 0.0 0.0 0.0 0.0 0.0 1.0 0.0 0.021 0.771 0.771 0.771 1.0 0.083 0.030 0.040
1.0 0.0 0.0 0.0 0.0 0.0 0.0 0.0 1.0 0.0 0.021 0.771 0.771 0.771 1.0 0.083 0.030 0.040
1.0 0.0 0.0 0.0 0.0 0.0 0.0 0.0 1.0 0.0 0.021 0.750 0.750 0.750 1.0 0.083 0.030 0.040
1.0 0.0 0.0 0.0 0.0 0.0 0.0 0.0 1.0 0.0 0.021 0.750 0.750 0.750 1.0 0.083 0.030 0.040
1.0 0.0 0.0 0.0 0.0 0.0 0.0 0.0 1.0 0.0 0.021 0.750 0.750 0.750 1.0 0.083 0.030 0.040
1.0 0.0 0.0 0.0 0.0 0.0 0.0 0.0 1.0 0.0 0.021 0.750 0.750 0.750 1.0 0.083 0.030 0.040
1.0 0.0 0.0 0.0 0.0 0.0 0.0 0.0 1.0 0.0 0.021 0.771 0.771 0.771 1.0 0.083 0.030 0.040
1.0 0.0 0.0 0.0 0.0 0.0 0.0 0.0 1.0 0.0 0.021 0.750 0.750 0.750 1.0 0.083 0.030 0.040
1.0 0.0 0.0 0.0 0.0 0.0 0.0 0.0 1.0 0.0 0.021 0.771 0.771 0.771 1.0 0.083 0.030 0.040
1.0 0.0 0.0 0.0 0.0 0.0 0.0 0.0 1.0 0.0 0.021 0.750 0.750 0.750 1.0 0.083 0.030 0.040
1.0 0.0 0.0 0.0 0.0 0.0 0.0 0.0 1.0 0.0 0.021 0.792 0.792 0.792 1.0 0.083 0.030 0.040
1.0 0.0 0.0 0.0 0.0 0.0 0.0 0.0 1.0 0.0 0.021 0.750 0.750 0.750 1.0 0.083 0.030 0.040
1.0 0.0 0.0 0.0 0.0 0.0 0.0 0.0 1.0 0.0 0.021 0.750 0.750 0.750 1.0 0.083 0.030 0.040
1.0 0.0 0.0 0.0 0.0 0.0 0.0 0.0 1.0 0.0 0.021 0.750 0.750 0.750 1.0 0.083 0.030 0.040
1.0 0.0 0.0 0.0 0.0 0.0 0.0 0.0 1.0 0.0 0.021 0.792 0.792 0.792 1.0 0.083 0.030 0.040
0.0 1.0 0.0 0.0 0.0 0.0 0.0 0.0 0.0 0.0 0.042 0.750 0.750 0.750 1.0 0.083 0.030 0.040
0.0 1.0 0.0 0.0 0.0 0.0 0.0 0.0 0.0 0.0 0.042 0.750 0.750 0.750 1.0 0.083 0.030 0.040
0.0 1.0 0.0 0.0 0.0 0.0 0.0 0.0 0.0 0.0 0.042 0.750 0.750 0.750 1.0 0.083 0.030 0.040
0.0 1.0 0.0 0.0 0.0 0.0 0.0 0.0 0.0 0.0 0.042 0.729 0.729 0.729 1.0 0.083 0.030 0.040
0.0 1.0 0.0 0.0 0.0 0.0 0.0 0.0 0.0 0.0 0.042 0.729 0.729 0.729 1.0 0.083 0.030 0.040
0.0 1.0 0.0 0.0 0.0 0.0 0.0 0.0 0.0 0.0 0.042 0.729 0.729 0.729 1.0 0.083 0.030 0.040
0.0 1.0 0.0 0.0 0.0 0.0 0.0 0.0 0.0 0.0 0.042 0.729 0.729 0.729 1.0 0.083 0.030 0.040
0.0 1.0 0.0 0.0 0.0 0.0 0.0 0.0 0.0 0.0 0.042 0.750 0.750 0.750 1.0 0.083 0.030 0.040
0.0 1.0 0.0 0.0 0.0 0.0 0.0 0.0 0.0 0.0 0.042 0.729 0.729 0.729 1.0 0.083 0.030 0.040
0.0 1.0 0.0 0.0 0.0 0.0 0.0 0.0 0.0 0.0 0.042 0.750 0.750 0.750 1.0 0.083 0.030 0.040
0.0 1.0 0.0 0.0 0.0 0.0 0.0 0.0 0.0 0.0 0.042 0.729 0.729 0.729 1.0 0.083 0.030 0.040
0.0 1.0 0.0 0.0 0.0 0.0 0.0 0.0 0.0 0.0 0.042 0.771 0.771 0.771 1.0 0.083 0.030 0.040
0.0 1.0 0.0 0.0 0.0 0.0 0.0 0.0 0.0 0.0 0.042 0.729 0.729 0.729 1.0 0.083 0.030 0.040
0.0 1.0 0.0 0.0 0.0 0.0 0.0 0.0 0.0 0.0 0.042 0.729 0.729 0.729 1.0 0.083 0.030 0.040
0.0 1.0 0.0 0.0 0.0 0.0 0.0 0.0 0.0 0.0 0.042 0.729 0.729 0.729 1.0 0.083 0.030 0.040
0.0 1.0 0.0 0.0 0.0 0.0 0.0 0.0 0.0 0.0 0.042 0.771 0.771 0.771 1.0 0.083 0.030 0.040
0.0 1.0 0.0 0.0 0.0 0.0 0.0 0.0 0.0 0.0 0.062 0.875 0.875 0.875 1.0 0.083 0.061 0.040
0.0 0.0 0.0 1.0 0.0 0.0 0.0 0.0 0.0 0.0 0.042 0.896 0.896 0.896 2.0 0.139 0.061 0.040
0.0 0.0 0.0 1.0 0.0 0.0 0.0 0.0 0.0 0.0 0.042 0.896 0.896 0.896 2.0 0.139 0.061 0.040
0.0 0.0 0.0 1.0 0.0 0.0 0.0 0.0 0.0 0.0 0.042 0.958 0.958 0.958 2.0 0.153 0.061 0.040
0.0 0.0 0.0 1.0 0.0 0.0 0.0 0.0 0.0 0.0 0.042 0.896 0.896 0.896 2.0 0.153 0.061 0.040
0.0 0.0 0.0 1.0 0.0 0.0 0.0 0.0 0.0 0.0 0.042 0.875 0.875 0.875 2.0 0.139 0.061 0.040
0.0 0.0 0.0 1.0 0.0 0.0 0.0 0.0 0.0 0.0 0.042 0.875 0.875 0.875 2.0 0.139 0.061 0.040
1.0 0.0 0.0 0.0 0.0 0.0 0.0 0.0 0.0 0.0 0.042 0.729 0.958 0.793 1.0 0.139 0.030 1.000
1.0 0.0 0.0 0.0 0.0 0.0 0.0 0.0 0.0 0.0 0.042 0.729 0.958 0.793 1.0 0.125 0.030 1.000
1.0 0.0 0.0 0.0 0.0 0.0 0.0 0.0 0.0 0.0 0.042 0.729 0.958 0.793 1.0 0.125 0.030 1.000
1.0 0.0 0.0 0.0 0.0 0.0 0.0 0.0 0.0 0.0 0.042 0.729 0.958 0.793 1.0 0.125 0.030 1.000
1.0 0.0 0.0 0.0 0.0 0.0 0.0 0.0 0.0 0.0 0.042 0.729 0.958 0.793 1.0 0.139 0.030 1.000
1.0 0.0 0.0 0.0 0.0 0.0 0.0 0.0 0.0 0.0 0.042 0.729 0.958 0.793 1.0 0.139 0.030 1.000
0.0 0.0 1.0 0.0 0.0 0.0 0.0 0.0 1.0 0.0 0.042 0.729 0.958 0.793 2.0 0.181 0.061 1.000
1.0 0.0 0.0 0.0 0.0 0.0 0.0 0.0 0.0 0.0 0.042 0.729 0.958 0.793 1.0 0.153 0.030 1.000
1.0 0.0 0.0 0.0 0.0 0.0 0.0 0.0 0.0 0.0 0.042 0.729 0.958 0.793 1.0 0.125 0.030 1.000
1.0 0.0 0.0 0.0 0.0 0.0 0.0 0.0 0.0 0.0 0.042 0.729 0.958 0.793 1.0 0.125 0.030 1.000
0.0 0.0 1.0 0.0 0.0 0.0 0.0 0.0 1.0 0.0 0.042 0.729 0.958 0.793 2.0 0.181 0.061 1.000
1.0 0.0 0.0 0.0 0.0 0.0 0.0 0.0 0.0 0.0 0.042 0.729 0.958 0.793 1.0 0.139 0.030 1.000
0.0 1.0 0.0 0.0 0.0 0.0 0.0 0.0 0.0 0.0 0.062 0.708 0.938 0.772 1.0 0.139 0.091 1.000
0.0 0.0 1.0 0.0 0.0 0.0 0.0 0.0 1.0 0.0 0.042 0.729 0.958 0.793 3.0 0.153 0.091 1.000
1.0 0.0 0.0 0.0 0.0 0.0 0.0 0.0 0.0 0.0 0.042 0.729 0.958 0.793 1.0 0.139 0.030 1.000
1.0 0.0 0.0 0.0 0.0 0.0 0.0 0.0 0.0 0.0 0.042 0.729 0.958 0.793 1.0 0.139 0.030 1.000
0.0 0.0 0.0 1.0 0.0 0.0 0.0 0.0 0.0 0.0 0.042 0.896 0.896 0.896 2.0 0.139 0.061 0.040
0.0 0.0 0.0 1.0 0.0 0.0 0.0 0.0 0.0 0.0 0.042 0.875 0.875 0.875 2.0 0.139 0.061 0.040
0.0 0.0 0.0 1.0 0.0 0.0 0.0 0.0 1.0 0.0 0.042 0.729 0.958 0.793 2.0 0.319 0.061 1.000
0.0 0.0 0.0 1.0 0.0 0.0 0.0 0.0 0.0 0.0 0.042 0.729 0.958 0.793 2.0 0.194 0.061 1.000
0.0 0.0 0.0 1.0 0.0 0.0 0.0 0.0 0.0 0.0 0.042 0.729 0.958 0.793 2.0 0.167 0.061 1.000
1.0 0.0 0.0 0.0 0.0 0.0 0.0 0.0 0.0 0.0 0.042 0.729 0.958 0.793 1.0 0.139 0.030 1.000
1.0 0.0 0.0 0.0 0.0 0.0 0.0 0.0 0.0 0.0 0.042 0.729 0.958 0.793 1.0 0.125 0.030 1.000
1.0 0.0 0.0 0.0 0.0 0.0 0.0 0.0 0.0 0.0 0.042 0.875 0.875 0.875 1.0 0.139 0.030 0.040
1.0 0.0 0.0 0.0 0.0 0.0 0.0 0.0 0.0 0.0 0.042 0.875 0.875 0.875 1.0 0.125 0.030 0.040
1.0 0.0 0.0 0.0 0.0 0.0 0.0 0.0 0.0 0.0 0.042 0.958 0.958 0.958 1.0 0.125 0.030 0.040
1.0 0.0 0.0 0.0 0.0 0.0 0.0 0.0 0.0 0.0 0.042 0.729 0.958 0.793 1.0 0.125 0.030 1.000
1.0 0.0 0.0 0.0 0.0 0.0 0.0 0.0 0.0 0.0 0.042 0.729 0.958 0.793 1.0 0.111 0.030 1.000
1.0 0.0 0.0 0.0 0.0 0.0 0.0 0.0 0.0 0.0 0.042 0.729 0.958 0.793 1.0 0.111 0.030 1.000
1.0 0.0 0.0 0.0 0.0 0.0 0.0 0.0 0.0 0.0 0.042 0.729 0.958 0.793 1.0 0.125 0.030 1.000
0.0 0.0 1.0 0.0 0.0 0.0 0.0 0.0 1.0 0.0 0.042 0.729 0.958 0.793 3.0 0.181 0.091 1.000
1.0 0.0 0.0 0.0 0.0 0.0 0.0 0.0 0.0 0.0 0.042 0.729 0.958 0.793 1.0 0.111 0.030 1.000
1.0 0.0 0.0 0.0 0.0 0.0 0.0 0.0 0.0 0.0 0.042 0.729 0.958 0.793 1.0 0.139 0.030 1.000
1.0 0.0 0.0 0.0 0.0 0.0 0.0 0.0 0.0 0.0 0.042 0.729 0.958 0.793 1.0 0.125 0.030 1.000
0.0 0.0 1.0 0.0 0.0 0.0 0.0 0.0 1.0 0.0 0.042 0.729 0.958 0.793 3.0 0.181 0.091 1.000
1.0 0.0 0.0 0.0 0.0 0.0 0.0 0.0 0.0 0.0 0.042 0.729 0.958 0.793 1.0 0.111 0.030 1.000
1.0 0.0 0.0 0.0 0.0 0.0 0.0 0.0 0.0 0.0 0.042 0.812 0.812 0.812 1.0 0.111 0.030 0.040
1.0 0.0 0.0 0.0 0.0 0.0 0.0 0.0 0.0 0.0 0.042 0.729 0.958 0.793 1.0 0.111 0.030 1.000
1.0 0.0 0.0 0.0 0.0 0.0 0.0 0.0 0.0 0.0 0.042 0.812 0.812 0.812 1.0 0.111 0.030 0.040
1.0 0.0 0.0 0.0 0.0 0.0 0.0 0.0 0.0 0.0 0.042 0.729 0.958 0.793 1.0 0.111 0.030 1.000
1.0 0.0 0.0 0.0 0.0 0.0 0.0 0.0 0.0 0.0 0.042 0.812 0.812 0.812 1.0 0.111 0.030 0.040
1.0 0.0 0.0 0.0 0.0 0.0 0.0 0.0 0.0 0.0 0.042 0.729 0.958 0.793 1.0 0.111 0.030 1.000
1.0 0.0 0.0 0.0 0.0 0.0 0.0 0.0 0.0 0.0 0.042 0.812 0.812 0.812 1.0 0.111 0.030 0.040
0.0 0.0 1.0 0.0 0.0 0.0 0.0 0.0 0.0 0.0 0.042 0.896 0.896 0.896 2.0 0.125 0.091 0.040
0.0 0.0 1.0 0.0 0.0 0.0 0.0 0.0 0.0 0.0 0.042 0.875 0.875 0.875 2.0 0.125 0.091 0.040
1.0 0.0 0.0 0.0 0.0 0.0 0.0 0.0 0.0 0.0 0.042 0.729 0.958 0.793 1.0 0.125 0.030 1.000
1.0 0.0 0.0 0.0 0.0 0.0 0.0 0.0 0.0 0.0 0.042 0.729 0.958 0.793 1.0 0.125 0.030 1.000
1.0 0.0 0.0 0.0 0.0 0.0 0.0 0.0 0.0 0.0 0.042 0.729 0.958 0.793 1.0 0.125 0.030 1.000
1.0 0.0 0.0 0.0 0.0 0.0 0.0 0.0 0.0 0.0 0.042 0.729 0.958 0.793 1.0 0.125 0.030 1.000
1.0 0.0 0.0 0.0 0.0 0.0 0.0 0.0 0.0 0.0 0.042 0.729 0.958 0.793 1.0 0.125 0.030 1.000
1.0 0.0 0.0 0.0 0.0 0.0 0.0 0.0 0.0 0.0 0.042 0.729 0.958 0.793 1.0 0.125 0.030 1.000
1.0 0.0 0.0 0.0 0.0 0.0 0.0 0.0 0.0 0.0 0.042 0.875 0.875 0.875 1.0 0.125 0.030 0.040
1.0 0.0 0.0 0.0 0.0 0.0 0.0 0.0 0.0 0.0 0.042 0.729 0.958 0.793 1.0 0.125 0.030 1.000
1.0 0.0 0.0 0.0 0.0 0.0 0.0 0.0 0.0 0.0 0.042 0.729 0.958 0.793 1.0 0.139 0.030 1.000
1.0 0.0 0.0 0.0 0.0 0.0 0.0 0.0 0.0 0.0 0.042 0.896 0.896 0.896 1.0 0.139 0.030 0.040
1.0 0.0 0.0 0.0 0.0 0.0 0.0 0.0 0.0 0.0 0.042 0.729 0.958 0.793 1.0 0.111 0.030 1.000
1.0 0.0 0.0 0.0 0.0 0.0 0.0 0.0 0.0 0.0 0.042 0.729 0.958 0.793 1.0 0.125 0.030 1.000
0.0 0.0 1.0 0.0 0.0 0.0 0.0 0.0 1.0 0.0 0.042 0.729 0.958 0.793 3.0 0.181 0.091 1.000
1.0 0.0 0.0 0.0 0.0 0.0 0.0 0.0 0.0 0.0 0.042 0.729 0.958 0.793 1.0 0.125 0.030 1.000
1.0 0.0 0.0 0.0 0.0 0.0 0.0 0.0 0.0 0.0 0.042 0.729 0.958 0.793 1.0 0.139 0.030 1.000
1.0 0.0 0.0 0.0 0.0 0.0 0.0 0.0 0.0 0.0 0.042 0.729 0.958 0.793 1.0 0.139 0.030 1.000
1.0 0.0 0.0 0.0 0.0 0.0 0.0 0.0 0.0 0.0 0.042 0.729 0.958 0.793 1.0 0.111 0.030 1.000
1.0 0.0 0.0 0.0 0.0 0.0 0.0 0.0 0.0 0.0 0.042 0.729 0.958 0.793 1.0 0.125 0.030 1.000
1.0 0.0 0.0 0.0 0.0 0.0 0.0 0.0 0.0 0.0 0.042 0.729 0.958 0.793 1.0 0.125 0.030 1.000
1.0 0.0 0.0 0.0 0.0 0.0 0.0 0.0 0.0 0.0 0.042 0.729 0.958 0.793 1.0 0.125 0.030 1.000
1.0 0.0 0.0 0.0 0.0 0.0 0.0 0.0 0.0 0.0 0.042 0.729 0.958 0.793 1.0 0.125 0.030 1.000
1.0 0.0 0.0 0.0 0.0 0.0 0.0 0.0 0.0 0.0 0.042 0.729 0.958 0.793 1.0 0.125 0.030 1.000
0.0 1.0 0.0 0.0 0.0 0.0 0.0 0.0 0.0 0.0 0.062 0.875 0.875 0.875 1.0 0.111 0.091 0.040
0.0 1.0 0.0 0.0 0.0 0.0 0.0 0.0 0.0 0.0 0.062 0.854 0.854 0.854 1.0 0.111 0.091 0.040
0.0 1.0 0.0 0.0 0.0 0.0 0.0 0.0 0.0 0.0 0.062 0.708 0.938 0.772 1.0 0.097 0.030 1.000
0.0 1.0 0.0 0.0 0.0 0.0 0.0 0.0 0.0 0.0 0.062 0.708 0.938 0.772 1.0 0.097 0.030 1.000
0.0 1.0 0.0 0.0 0.0 0.0 0.0 0.0 0.0 0.0 0.062 0.854 0.854 0.854 1.0 0.097 0.030 0.040
0.0 1.0 0.0 0.0 0.0 0.0 0.0 0.0 0.0 0.0 0.062 0.854 0.854 0.854 1.0 0.097 0.030 0.040
0.0 1.0 0.0 0.0 0.0 0.0 0.0 0.0 0.0 0.0 0.062 0.708 0.938 0.772 1.0 0.097 0.030 1.000
0.0 1.0 0.0 0.0 0.0 0.0 0.0 0.0 0.0 0.0 0.062 0.708 0.938 0.772 1.0 0.111 0.091 1.000
0.0 1.0 0.0 0.0 0.0 0.0 0.0 0.0 0.0 0.0 0.062 0.708 0.938 0.772 1.0 0.097 0.030 1.000
0.0 1.0 0.0 0.0 0.0 0.0 0.0 0.0 0.0 0.0 0.062 0.708 0.938 0.772 1.0 0.097 0.030 1.000
0.0 1.0 0.0 0.0 0.0 0.0 0.0 0.0 0.0 0.0 0.062 0.708 0.938 0.772 1.0 0.111 0.091 1.000
0.0 0.0 1.0 0.0 0.0 0.0 0.0 0.0 1.0 0.0 0.062 0.875 0.875 0.875 2.0 0.153 0.091 0.040
0.0 0.0 1.0 0.0 0.0 0.0 0.0 0.0 1.0 0.0 0.062 0.854 0.854 0.854 2.0 0.153 0.091 0.040
0.0 0.0 0.0 1.0 0.0 0.0 0.0 0.0 1.0 0.0 0.062 0.708 0.938 0.772 2.0 0.222 0.091 1.000
0.0 0.0 0.0 1.0 0.0 0.0 0.0 0.0 1.0 0.0 0.062 0.708 0.938 0.772 2.0 0.236 0.091 1.000
0.0 1.0 0.0 0.0 0.0 0.0 0.0 0.0 0.0 0.0 0.083 0.688 0.917 0.752 1.0 0.125 0.091 1.000
0.0 0.0 0.0 1.0 0.0 0.0 0.0 0.0 1.0 0.0 0.062 0.708 0.938 0.772 2.0 0.125 0.091 1.000
0.0 0.0 0.0 1.0 0.0 0.0 0.0 0.0 1.0 0.0 0.062 0.708 0.938 0.772 2.0 0.167 0.091 1.000
0.0 1.0 0.0 0.0 0.0 0.0 0.0 0.0 0.0 0.0 0.062 0.792 0.792 0.792 1.0 0.097 0.030 0.040
0.0 1.0 0.0 0.0 0.0 0.0 0.0 0.0 0.0 0.0 0.062 0.708 0.938 0.772 1.0 0.097 0.030 1.000
0.0 1.0 0.0 0.0 0.0 0.0 0.0 0.0 0.0 0.0 0.062 0.792 0.792 0.792 1.0 0.097 0.030 0.040
0.0 1.0 0.0 0.0 0.0 0.0 0.0 0.0 0.0 0.0 0.062 0.708 0.938 0.772 1.0 0.097 0.030 1.000
0.0 1.0 0.0 0.0 0.0 0.0 0.0 0.0 0.0 0.0 0.062 0.792 0.792 0.792 1.0 0.097 0.030 0.040
0.0 1.0 0.0 0.0 0.0 0.0 0.0 0.0 0.0 0.0 0.062 0.708 0.938 0.772 1.0 0.097 0.030 1.000
0.0 1.0 0.0 0.0 0.0 0.0 0.0 0.0 0.0 0.0 0.062 0.792 0.792 0.792 1.0 0.097 0.030 0.040
0.0 1.0 0.0 0.0 0.0 0.0 0.0 0.0 0.0 0.0 0.062 0.708 0.938 0.772 1.0 0.097 0.030 1.000
0.0 0.0 0.0 1.0 0.0 0.0 0.0 0.0 0.0 0.0 0.062 0.708 0.938 0.793 4.0 0.389 0.152 0.640
0.0 0.0 0.0 1.0 0.0 0.0 0.0 0.0 0.0 0.0 0.062 0.708 0.938 0.793 4.0 0.389 0.152 0.640
0.0 0.0 0.0 1.0 0.0 0.0 0.0 0.0 0.0 0.0 0.062 0.708 0.938 0.772 3.0 0.611 0.121 1.000
0.0 0.0 1.0 0.0 0.0 0.0 0.0 0.0 0.0 0.0 0.062 0.792 0.792 0.792 3.0 0.486 0.121 0.040
1.0 0.0 0.0 0.0 0.0 0.0 0.0 0.0 0.0 0.0 0.062 0.708 0.938 0.772 1.0 0.125 0.030 1.000
0.0 1.0 0.0 0.0 0.0 0.0 0.0 0.0 0.0 0.0 0.062 0.708 0.938 0.772 1.0 0.097 0.030 1.000
1.0 0.0 0.0 0.0 0.0 0.0 0.0 0.0 0.0 0.0 0.062 0.708 0.938 0.772 1.0 0.125 0.030 1.000
0.0 1.0 0.0 0.0 0.0 0.0 0.0 0.0 0.0 0.0 0.062 0.708 0.938 0.772 1.0 0.097 0.030 1.000
1.0 0.0 0.0 0.0 0.0 0.0 0.0 0.0 0.0 0.0 0.062 0.708 0.938 0.772 1.0 0.125 0.030 1.000
0.0 1.0 0.0 0.0 0.0 0.0 0.0 0.0 0.0 0.0 0.062 0.708 0.938 0.772 1.0 0.097 0.030 1.000
1.0 0.0 0.0 0.0 0.0 0.0 0.0 0.0 0.0 0.0 0.062 0.708 0.938 0.772 1.0 0.125 0.030 1.000
0.0 1.0 0.0 0.0 0.0 0.0 0.0 0.0 0.0 0.0 0.062 0.708 0.938 0.772 1.0 0.097 0.030 1.000
1.0 0.0 0.0 0.0 0.0 0.0 0.0 0.0 0.0 0.0 0.062 0.708 0.938 0.772 1.0 0.125 0.030 1.000
0.0 1.0 0.0 0.0 0.0 0.0 0.0 0.0 0.0 0.0 0.062 0.708 0.938 0.772 1.0 0.097 0.030 1.000
1.0 0.0 0.0 0.0 0.0 0.0 0.0 0.0 0.0 0.0 0.062 0.708 0.938 0.772 1.0 0.125 0.030 1.000
0.0 1.0 0.0 0.0 0.0 0.0 0.0 0.0 0.0 0.0 0.062 0.708 0.938 0.772 1.0 0.097 0.030 1.000
1.0 0.0 0.0 0.0 0.0 0.0 0.0 0.0 0.0 0.0 0.062 0.875 0.875 0.875 1.0 0.125 0.061 0.040
1.0 0.0 0.0 0.0 0.0 0.0 0.0 0.0 0.0 0.0 0.062 0.708 0.938 0.772 1.0 0.125 0.061 1.000
1.0 0.0 0.0 0.0 0.0 0.0 0.0 0.0 0.0 0.0 0.062 0.854 0.854 0.854 1.0 0.125 0.030 0.040
0.0 1.0 0.0 0.0 0.0 0.0 0.0 0.0 0.0 0.0 0.062 0.854 0.854 0.854 1.0 0.097 0.030 0.040
1.0 0.0 0.0 0.0 0.0 0.0 0.0 0.0 0.0 0.0 0.062 0.708 0.938 0.772 1.0 0.125 0.030 1.000
0.0 1.0 0.0 0.0 0.0 0.0 0.0 0.0 0.0 0.0 0.062 0.708 0.938 0.772 1.0 0.097 0.030 1.000
1.0 0.0 0.0 0.0 0.0 0.0 0.0 0.0 0.0 0.0 0.062 0.708 0.938 0.772 1.0 0.125 0.061 1.000
0.0 1.0 0.0 0.0 0.0 0.0 0.0 0.0 0.0 0.0 0.062 0.708 0.938 0.772 1.0 0.097 0.030 1.000
1.0 0.0 0.0 0.0 0.0 0.0 0.0 0.0 0.0 0.0 0.062 0.875 0.875 0.875 1.0 0.125 0.061 0.040
0.0 1.0 0.0 0.0 0.0 0.0 0.0 0.0 0.0 0.0 0.062 0.875 0.875 0.875 1.0 0.097 0.030 0.040
1.0 0.0 0.0 0.0 0.0 0.0 0.0 0.0 0.0 0.0 0.083 0.917 0.917 0.917 1.0 0.125 0.091 0.040
0.0 1.0 0.0 0.0 0.0 0.0 0.0 0.0 0.0 0.0 0.062 0.938 0.938 0.938 1.0 0.097 0.030 0.040
1.0 0.0 0.0 0.0 0.0 0.0 0.0 0.0 0.0 0.0 0.083 0.688 0.917 0.752 1.0 0.125 0.091 1.000
0.0 1.0 0.0 0.0 0.0 0.0 0.0 0.0 0.0 0.0 0.062 0.708 0.938 0.772 1.0 0.097 0.030 1.000
0.0 1.0 0.0 0.0 0.0 0.0 0.0 0.0 0.0 0.0 0.062 0.708 0.938 0.772 1.0 0.097 0.030 1.000
0.0 1.0 0.0 0.0 0.0 0.0 0.0 0.0 0.0 0.0 0.062 0.708 0.938 0.772 1.0 0.097 0.030 1.000
0.0 1.0 0.0 0.0 0.0 0.0 0.0 0.0 0.0 0.0 0.062 0.708 0.938 0.772 1.0 0.111 0.091 1.000
0.0 1.0 0.0 0.0 0.0 0.0 0.0 0.0 0.0 0.0 0.062 0.708 0.938 0.772 1.0 0.097 0.030 1.000
0.0 1.0 0.0 0.0 0.0 0.0 0.0 0.0 0.0 0.0 0.062 0.708 0.938 0.772 1.0 0.097 0.030 1.000
1.0 0.0 0.0 0.0 0.0 0.0 0.0 0.0 0.0 0.0 0.062 0.708 0.938 0.772 1.0 0.125 0.030 1.000
0.0 1.0 0.0 0.0 0.0 0.0 0.0 0.0 0.0 0.0 0.062 0.708 0.938 0.772 1.0 0.097 0.030 1.000
1.0 0.0 0.0 0.0 0.0 0.0 0.0 0.0 0.0 0.0 0.062 0.708 0.938 0.772 1.0 0.125 0.030 1.000
0.0 1.0 0.0 0.0 0.0 0.0 0.0 0.0 0.0 0.0 0.062 0.708 0.938 0.772 1.0 0.097 0.030 1.000
0.0 1.0 0.0 0.0 0.0 0.0 0.0 0.0 0.0 0.0 0.062 0.708 0.938 0.772 1.0 0.097 0.030 1.000
0.0 1.0 0.0 0.0 0.0 0.0 0.0 0.0 0.0 0.0 0.062 0.708 0.938 0.772 1.0 0.097 0.030 1.000
0.0 1.0 0.0 0.0 0.0 0.0 0.0 0.0 0.0 0.0 0.062 0.708 0.938 0.772 1.0 0.097 0.030 1.000
0.0 1.0 0.0 0.0 0.0 0.0 0.0 0.0 0.0 0.0 0.062 0.708 0.938 0.772 1.0 0.097 0.030 1.000
0.0 1.0 0.0 0.0 0.0 0.0 0.0 0.0 0.0 0.0 0.062 0.708 0.938 0.772 1.0 0.097 0.030 1.000
0.0 1.0 0.0 0.0 0.0 0.0 0.0 0.0 0.0 0.0 0.062 0.708 0.938 0.772 1.0 0.097 0.030 1.000
0.0 1.0 0.0 0.0 0.0 0.0 0.0 0.0 0.0 0.0 0.062 0.708 0.938 0.772 1.0 0.097 0.030 1.000
0.0 1.0 0.0 0.0 0.0 0.0 0.0 0.0 0.0 0.0 0.062 0.708 0.938 0.772 1.0 0.097 0.030 1.000
1.0 0.0 0.0 0.0 0.0 0.0 0.0 0.0 0.0 0.0 0.062 0.708 0.938 0.772 1.0 0.125 0.030 1.000
1.0 0.0 0.0 0.0 0.0 0.0 0.0 0.0 0.0 0.0 0.062 0.708 0.938 0.772 1.0 0.125 0.030 1.000
1.0 0.0 0.0 0.0 0.0 0.0 0.0 0.0 0.0 0.0 0.062 0.708 0.938 0.772 1.0 0.125 0.030 1.000
1.0 0.0 0.0 0.0 0.0 0.0 0.0 0.0 0.0 0.0 0.062 0.708 0.938 0.772 1.0 0.125 0.030 1.000
1.0 0.0 0.0 0.0 0.0 0.0 0.0 0.0 0.0 0.0 0.062 0.708 0.938 0.772 1.0 0.125 0.030 1.000
1.0 0.0 0.0 0.0 0.0 0.0 0.0 0.0 0.0 0.0 0.062 0.708 0.938 0.772 1.0 0.125 0.030 1.000
1.0 0.0 0.0 0.0 0.0 0.0 0.0 0.0 0.0 0.0 0.062 0.875 0.875 0.875 1.0 0.125 0.030 0.040
1.0 0.0 0.0 0.0 0.0 0.0 0.0 0.0 0.0 0.0 0.062 0.708 0.938 0.772 1.0 0.125 0.030 1.000
1.0 0.0 0.0 0.0 0.0 0.0 0.0 0.0 0.0 0.0 0.062 0.854 0.854 0.854 1.0 0.125 0.030 0.040
1.0 0.0 0.0 0.0 0.0 0.0 0.0 0.0 0.0 0.0 0.062 0.708 0.938 0.772 1.0 0.125 0.030 1.000
1.0 0.0 0.0 0.0 0.0 0.0 0.0 0.0 0.0 0.0 0.062 0.708 0.938 0.772 1.0 0.125 0.030 1.000
1.0 0.0 0.0 0.0 0.0 0.0 0.0 0.0 0.0 0.0 0.062 0.875 0.875 0.875 1.0 0.125 0.030 0.040
1.0 0.0 0.0 0.0 0.0 0.0 0.0 0.0 0.0 0.0 0.062 0.708 0.938 0.772 1.0 0.125 0.030 1.000
1.0 0.0 0.0 0.0 0.0 0.0 0.0 0.0 0.0 0.0 0.062 0.708 0.938 0.772 1.0 0.125 0.030 1.000
0.0 0.0 0.0 1.0 0.0 0.0 0.0 0.0 0.0 0.0 0.083 0.688 0.917 0.752 2.0 0.125 0.061 1.000
0.0 1.0 0.0 0.0 0.0 0.0 0.0 0.0 0.0 0.0 0.104 0.667 0.896 0.731 1.0 0.097 0.061 1.000
0.0 0.0 1.0 0.0 0.0 0.0 0.0 0.0 0.0 0.0 0.083 0.688 0.917 0.752 2.0 0.111 0.061 1.000
0.0 0.0 0.0 1.0 0.0 0.0 0.0 0.0 0.0 0.0 0.083 0.833 0.833 0.833 2.0 0.125 0.061 0.040
0.0 0.0 0.0 1.0 0.0 0.0 0.0 0.0 0.0 0.0 0.083 0.833 0.833 0.833 2.0 0.125 0.061 0.040
0.0 0.0 0.0 1.0 0.0 0.0 0.0 0.0 0.0 0.0 0.083 0.688 0.917 0.752 2.0 0.139 0.121 1.000
0.0 0.0 0.0 1.0 0.0 0.0 0.0 0.0 0.0 0.0 0.083 0.688 0.917 0.752 2.0 0.125 0.121 1.000
0.0 0.0 0.0 1.0 0.0 0.0 0.0 0.0 0.0 0.0 0.083 0.688 0.917 0.752 2.0 0.139 0.061 1.000
0.0 0.0 0.0 1.0 0.0 0.0 0.0 0.0 0.0 0.0 0.083 0.688 0.917 0.752 2.0 0.139 0.061 1.000
0.0 0.0 0.0 1.0 0.0 0.0 0.0 0.0 0.0 0.0 0.083 0.688 0.917 0.752 2.0 0.139 0.121 1.000
0.0 0.0 0.0 1.0 0.0 0.0 0.0 0.0 0.0 0.0 0.083 0.688 0.917 0.752 2.0 0.153 0.121 1.000
0.0 0.0 0.0 1.0 0.0 0.0 0.0 0.0 0.0 0.0 0.083 0.688 0.917 0.752 2.0 0.139 0.061 1.000
0.0 0.0 0.0 1.0 0.0 0.0 0.0 0.0 0.0 0.0 0.083 0.688 0.917 0.752 2.0 0.139 0.061 1.000
0.0 0.0 0.0 1.0 0.0 0.0 0.0 0.0 0.0 0.0 0.083 0.688 0.917 0.752 2.0 0.139 0.061 1.000
0.0 0.0 0.0 1.0 0.0 0.0 0.0 0.0 0.0 0.0 0.083 0.688 0.917 0.752 2.0 0.139 0.061 1.000
0.0 1.0 0.0 0.0 0.0 0.0 0.0 0.0 0.0 0.0 0.104 0.667 0.896 0.731 1.0 0.111 0.061 1.000
0.0 0.0 1.0 0.0 0.0 0.0 0.0 0.0 0.0 0.0 0.083 0.688 0.917 0.752 2.0 0.111 0.061 1.000
0.0 0.0 0.0 1.0 0.0 0.0 0.0 0.0 0.0 0.0 0.083 0.688 0.917 0.752 2.0 0.139 0.061 1.000
0.0 1.0 0.0 0.0 0.0 0.0 0.0 0.0 0.0 0.0 0.083 0.688 0.917 0.752 1.0 0.097 0.030 1.000
0.0 1.0 0.0 0.0 0.0 0.0 0.0 0.0 0.0 0.0 0.083 0.688 0.917 0.752 1.0 0.097 0.030 1.000
0.0 0.0 0.0 1.0 0.0 0.0 0.0 0.0 0.0 0.0 0.125 0.646 0.875 0.710 2.0 0.125 0.061 1.000
0.0 1.0 0.0 0.0 0.0 0.0 0.0 0.0 0.0 0.0 0.083 0.688 0.917 0.752 1.0 0.097 0.030 1.000
0.0 1.0 0.0 0.0 0.0 0.0 0.0 0.0 0.0 0.0 0.083 0.688 0.917 0.752 1.0 0.097 0.030 1.000
0.0 1.0 0.0 0.0 0.0 0.0 0.0 0.0 0.0 0.0 0.083 0.688 0.917 0.752 1.0 0.097 0.030 1.000
0.0 1.0 0.0 0.0 0.0 0.0 0.0 0.0 0.0 0.0 0.083 0.688 0.917 0.752 1.0 0.097 0.030 1.000
0.0 1.0 0.0 0.0 0.0 0.0 0.0 0.0 0.0 0.0 0.083 0.688 0.917 0.752 1.0 0.097 0.061 1.000
0.0 1.0 0.0 0.0 0.0 0.0 0.0 0.0 0.0 0.0 0.083 0.688 0.917 0.752 1.0 0.097 0.030 1.000
0.0 1.0 0.0 0.0 0.0 0.0 0.0 0.0 0.0 0.0 0.083 0.854 0.854 0.854 1.0 0.097 0.061 0.040
0.0 0.0 0.0 1.0 0.0 0.0 0.0 0.0 0.0 0.0 0.104 0.812 0.812 0.812 2.0 0.139 0.061 0.040
0.0 1.0 0.0 0.0 0.0 0.0 0.0 0.0 0.0 0.0 0.104 0.667 0.896 0.731 1.0 0.097 0.091 1.000
0.0 0.0 0.0 1.0 0.0 0.0 0.0 0.0 0.0 0.0 0.104 0.667 0.896 0.731 2.0 0.125 0.121 1.000
0.0 1.0 0.0 0.0 0.0 0.0 0.0 0.0 0.0 0.0 0.083 0.688 0.917 0.752 1.0 0.097 0.030 1.000
0.0 0.0 0.0 1.0 0.0 0.0 0.0 0.0 0.0 0.0 0.104 0.667 0.896 0.731 2.0 0.139 0.121 1.000
0.0 1.0 0.0 0.0 0.0 0.0 0.0 0.0 0.0 0.0 0.083 0.771 0.771 0.771 1.0 0.111 0.091 0.040
1.0 0.0 0.0 0.0 0.0 0.0 0.0 0.0 0.0 0.0 0.083 0.688 0.917 0.752 1.0 0.347 0.091 1.000
0.0 1.0 0.0 0.0 0.0 0.0 0.0 0.0 0.0 0.0 0.083 0.771 0.771 0.771 1.0 0.111 0.091 0.040
1.0 0.0 0.0 0.0 0.0 0.0 0.0 0.0 0.0 0.0 0.083 0.688 0.917 0.752 1.0 0.375 0.091 1.000
0.0 0.0 0.0 1.0 0.0 0.0 0.0 0.0 0.0 0.0 0.083 0.688 0.917 0.772 2.0 1.000 0.182 0.640
0.0 0.0 0.0 1.0 0.0 0.0 0.0 0.0 0.0 0.0 0.083 0.688 0.917 0.772 2.0 0.972 0.182 0.640
0.0 1.0 0.0 0.0 0.0 0.0 0.0 0.0 0.0 0.0 0.083 0.688 0.917 0.752 1.0 0.097 0.030 1.000
0.0 0.0 0.0 1.0 0.0 0.0 0.0 0.0 0.0 0.0 0.083 0.688 0.917 0.752 2.0 0.139 0.061 1.000
0.0 1.0 0.0 0.0 0.0 0.0 0.0 0.0 0.0 0.0 0.083 0.688 0.917 0.752 1.0 0.097 0.030 1.000
0.0 0.0 0.0 1.0 0.0 0.0 0.0 0.0 0.0 0.0 0.083 0.688 0.917 0.752 2.0 0.139 0.061 1.000
0.0 1.0 0.0 0.0 0.0 0.0 0.0 0.0 0.0 0.0 0.083 0.688 0.917 0.752 1.0 0.097 0.030 1.000
0.0 0.0 0.0 1.0 0.0 0.0 0.0 0.0 0.0 0.0 0.083 0.688 0.917 0.752 2.0 0.139 0.061 1.000
0.0 1.0 0.0 0.0 0.0 0.0 0.0 0.0 0.0 0.0 0.083 0.688 0.917 0.752 1.0 0.097 0.030 1.000
0.0 0.0 0.0 1.0 0.0 0.0 0.0 0.0 0.0 0.0 0.083 0.688 0.917 0.752 2.0 0.125 0.061 1.000
0.0 1.0 0.0 0.0 0.0 0.0 0.0 0.0 0.0 0.0 0.083 0.688 0.917 0.752 1.0 0.097 0.030 1.000
0.0 1.0 0.0 0.0 0.0 0.0 0.0 0.0 0.0 0.0 0.104 0.667 0.896 0.731 1.0 0.111 0.061 1.000
0.0 0.0 0.0 1.0 0.0 0.0 0.0 0.0 0.0 0.0 0.083 0.688 0.917 0.752 2.0 0.111 0.061 1.000
0.0 1.0 0.0 0.0 0.0 0.0 0.0 0.0 0.0 0.0 0.083 0.688 0.917 0.752 1.0 0.097 0.030 1.000
0.0 0.0 0.0 1.0 0.0 0.0 0.0 0.0 0.0 0.0 0.083 0.688 0.917 0.752 2.0 0.139 0.061 1.000
0.0 1.0 0.0 0.0 0.0 0.0 0.0 0.0 0.0 0.0 0.083 0.854 0.854 0.854 1.0 0.097 0.030 0.040
0.0 1.0 0.0 0.0 0.0 0.0 0.0 0.0 0.0 0.0 0.083 0.854 0.854 0.854 1.0 0.097 0.061 0.040
0.0 1.0 0.0 0.0 0.0 0.0 0.0 0.0 0.0 0.0 0.083 0.688 0.917 0.752 1.0 0.097 0.030 1.000
0.0 1.0 0.0 0.0 0.0 0.0 0.0 0.0 0.0 0.0 0.083 0.833 0.833 0.833 1.0 0.097 0.030 0.040
0.0 0.0 0.0 1.0 0.0 0.0 0.0 0.0 0.0 0.0 0.083 0.833 0.833 0.833 2.0 0.139 0.061 0.040
0.0 1.0 0.0 0.0 0.0 0.0 0.0 0.0 0.0 0.0 0.083 0.833 0.833 0.833 1.0 0.097 0.030 0.040
0.0 1.0 0.0 0.0 0.0 0.0 0.0 0.0 0.0 0.0 0.083 0.688 0.917 0.752 1.0 0.097 0.030 1.000
0.0 0.0 0.0 1.0 0.0 0.0 0.0 0.0 0.0 0.0 0.083 0.688 0.917 0.752 2.0 0.139 0.061 1.000
0.0 1.0 0.0 0.0 0.0 0.0 0.0 0.0 0.0 0.0 0.083 0.688 0.917 0.752 1.0 0.097 0.030 1.000
0.0 0.0 0.0 1.0 0.0 0.0 0.0 0.0 0.0 0.0 0.083 0.688 0.917 0.752 2.0 0.139 0.061 1.000
0.0 1.0 0.0 0.0 0.0 0.0 0.0 0.0 0.0 0.0 0.083 0.688 0.917 0.752 1.0 0.097 0.061 1.000
0.0 1.0 0.0 0.0 0.0 0.0 0.0 0.0 0.0 0.0 0.083 0.854 0.854 0.854 1.0 0.097 0.030 0.040
0.0 1.0 0.0 0.0 0.0 0.0 0.0 0.0 0.0 0.0 0.104 0.833 0.833 0.833 1.0 0.111 0.061 0.040
0.0 0.0 1.0 0.0 0.0 0.0 0.0 0.0 0.0 0.0 0.083 0.854 0.854 0.854 2.0 0.111 0.061 0.040
0.0 1.0 0.0 0.0 0.0 0.0 0.0 0.0 0.0 0.0 0.104 0.896 0.896 0.896 1.0 0.097 0.091 0.040
0.0 0.0 0.0 1.0 0.0 0.0 0.0 0.0 0.0 0.0 0.104 0.896 0.896 0.896 2.0 0.139 0.121 0.040
0.0 0.0 0.0 1.0 0.0 0.0 0.0 0.0 0.0 0.0 0.104 0.667 0.896 0.731 2.0 0.167 0.061 1.000
0.0 0.0 0.0 1.0 0.0 0.0 0.0 0.0 0.0 0.0 0.104 0.667 0.896 0.731 2.0 0.167 0.121 1.000
0.0 1.0 0.0 0.0 0.0 0.0 0.0 0.0 0.0 0.0 0.083 0.688 0.917 0.752 1.0 0.097 0.030 1.000
0.0 1.0 0.0 0.0 0.0 0.0 0.0 0.0 0.0 0.0 0.104 0.667 0.896 0.731 1.0 0.111 0.061 1.000
0.0 0.0 0.0 1.0 0.0 0.0 0.0 0.0 0.0 0.0 0.083 0.688 0.917 0.752 2.0 0.111 0.061 1.000
0.0 1.0 0.0 0.0 0.0 0.0 0.0 0.0 0.0 0.0 0.083 0.688 0.917 0.752 1.0 0.097 0.030 1.000
0.0 1.0 0.0 0.0 0.0 0.0 0.0 0.0 0.0 0.0 0.083 0.688 0.917 0.752 1.0 0.097 0.030 1.000
0.0 0.0 0.0 1.0 0.0 0.0 0.0 0.0 0.0 0.0 0.083 0.688 0.917 0.752 2.0 0.139 0.061 1.000
0.0 0.0 0.0 1.0 0.0 0.0 0.0 0.0 0.0 0.0 0.104 0.667 0.896 0.731 2.0 0.167 0.061 1.000
0.0 0.0 0.0 1.0 0.0 0.0 0.0 0.0 0.0 0.0 0.104 0.667 0.896 0.731 2.0 0.167 0.061 1.000
0.0 0.0 0.0 1.0 0.0 0.0 0.0 0.0 0.0 0.0 0.125 0.646 0.875 0.710 2.0 0.153 0.061 1.000
1.0 0.0 0.0 0.0 0.0 0.0 0.0 0.0 0.0 0.0 0.104 0.667 0.896 0.731 1.0 0.125 0.091 1.000
1.0 0.0 0.0 0.0 0.0 0.0 0.0 0.0 0.0 0.0 0.104 0.750 0.750 0.750 1.0 0.125 0.091 0.040
1.0 0.0 0.0 0.0 0.0 0.0 0.0 0.0 0.0 0.0 0.083 0.688 0.917 0.752 1.0 0.125 0.091 1.000
1.0 0.0 0.0 0.0 0.0 0.0 0.0 0.0 0.0 0.0 0.083 0.771 0.771 0.771 1.0 0.125 0.091 0.040
0.0 1.0 0.0 0.0 0.0 0.0 0.0 0.0 0.0 0.0 0.146 0.625 0.854 0.689 1.0 0.139 0.061 1.000
0.0 0.0 0.0 1.0 0.0 0.0 0.0 0.0 0.0 0.0 0.125 0.646 0.875 0.710 2.0 0.125 0.121 1.000
0.0 0.0 0.0 1.0 0.0 0.0 0.0 0.0 0.0 0.0 0.104 0.667 0.896 0.731 2.0 0.139 0.061 1.000
0.0 0.0 0.0 1.0 0.0 0.0 0.0 0.0 0.0 0.0 0.104 0.667 0.896 0.731 2.0 0.139 0.061 1.000
0.0 1.0 0.0 0.0 0.0 0.0 0.0 0.0 0.0 0.0 0.125 0.646 0.875 0.710 1.0 0.111 0.061 1.000
0.0 0.0 1.0 0.0 0.0 0.0 0.0 0.0 0.0 0.0 0.104 0.667 0.896 0.731 2.0 0.111 0.061 1.000
0.0 1.0 0.0 0.0 0.0 0.0 0.0 0.0 0.0 0.0 0.125 0.646 0.875 0.710 1.0 0.097 0.061 1.000
0.0 0.0 0.0 1.0 0.0 0.0 0.0 0.0 0.0 0.0 0.104 0.667 0.896 0.731 2.0 0.111 0.061 1.000
0.0 0.0 0.0 1.0 0.0 0.0 0.0 0.0 0.0 0.0 0.104 0.667 0.896 0.731 2.0 0.139 0.061 1.000
0.0 0.0 0.0 1.0 0.0 0.0 0.0 0.0 0.0 0.0 0.104 0.667 0.896 0.731 2.0 0.139 0.061 1.000
0.0 1.0 0.0 0.0 0.0 0.0 0.0 0.0 0.0 0.0 0.125 0.792 0.792 0.792 1.0 0.111 0.061 0.040
0.0 0.0 1.0 0.0 0.0 0.0 0.0 0.0 0.0 0.0 0.104 0.812 0.812 0.812 2.0 0.111 0.061 0.040
0.0 0.0 0.0 1.0 0.0 0.0 0.0 0.0 0.0 0.0 0.104 0.667 0.896 0.731 2.0 0.139 0.061 1.000
0.0 0.0 0.0 1.0 0.0 0.0 0.0 0.0 0.0 0.0 0.104 0.667 0.896 0.731 2.0 0.139 0.061 1.000
0.0 1.0 0.0 0.0 0.0 0.0 0.0 0.0 0.0 0.0 0.125 0.812 0.812 0.812 1.0 0.111 0.061 0.040
0.0 0.0 0.0 1.0 0.0 0.0 0.0 0.0 0.0 0.0 0.104 0.833 0.833 0.833 2.0 0.111 0.061 0.040
0.0 1.0 0.0 0.0 0.0 0.0 0.0 0.0 0.0 0.0 0.125 0.792 0.792 0.792 1.0 0.125 0.061 0.040
0.0 0.0 0.0 1.0 0.0 0.0 0.0 0.0 0.0 0.0 0.125 0.875 0.875 0.875 2.0 0.139 0.121 0.040
0.0 0.0 0.0 1.0 0.0 0.0 0.0 0.0 0.0 0.0 0.104 0.667 0.896 0.731 2.0 0.139 0.061 1.000
0.0 0.0 0.0 1.0 0.0 0.0 0.0 0.0 0.0 0.0 0.104 0.667 0.896 0.731 2.0 0.139 0.061 1.000
0.0 1.0 0.0 0.0 0.0 0.0 0.0 0.0 0.0 0.0 0.125 0.646 0.875 0.710 1.0 0.125 0.121 1.000
0.0 0.0 0.0 1.0 0.0 0.0 0.0 0.0 0.0 0.0 0.146 0.625 0.854 0.689 2.0 0.139 0.121 1.000
0.0 0.0 0.0 1.0 0.0 0.0 0.0 0.0 0.0 0.0 0.146 0.625 0.854 0.689 2.0 0.139 0.091 1.000
0.0 1.0 0.0 0.0 0.0 0.0 0.0 0.0 0.0 0.0 0.146 0.625 0.854 0.689 1.0 0.111 0.061 1.000
0.0 1.0 0.0 0.0 0.0 0.0 0.0 0.0 0.0 0.0 0.125 0.729 0.729 0.729 1.0 0.097 0.091 0.040
0.0 1.0 0.0 0.0 0.0 0.0 0.0 0.0 0.0 0.0 0.125 0.646 0.875 0.710 1.0 0.097 0.091 1.000
0.0 1.0 0.0 0.0 0.0 0.0 0.0 0.0 0.0 0.0 0.104 0.750 0.750 0.750 1.0 0.097 0.091 0.040
0.0 1.0 0.0 0.0 0.0 0.0 0.0 0.0 0.0 0.0 0.104 0.667 0.896 0.731 1.0 0.097 0.091 1.000
0.0 0.0 0.0 1.0 0.0 0.0 0.0 0.0 0.0 0.0 0.125 0.646 0.875 0.710 2.0 0.167 0.061 1.000
0.0 0.0 0.0 1.0 0.0 0.0 0.0 0.0 0.0 0.0 0.125 0.646 0.875 0.710 2.0 0.167 0.061 1.000
0.0 0.0 0.0 1.0 0.0 0.0 0.0 0.0 0.0 0.0 0.146 0.625 0.854 0.689 2.0 0.153 0.061 1.000
0.0 1.0 0.0 0.0 0.0 0.0 0.0 0.0 0.0 0.0 0.167 0.604 0.833 0.668 1.0 0.125 0.061 1.000
0.0 0.0 0.0 1.0 0.0 0.0 0.0 0.0 0.0 0.0 0.146 0.625 0.854 0.689 2.0 0.125 0.061 1.000
0.0 0.0 0.0 1.0 0.0 0.0 0.0 0.0 0.0 0.0 0.125 0.646 0.875 0.710 2.0 0.153 0.061 1.000
0.0 0.0 0.0 1.0 0.0 0.0 0.0 0.0 0.0 0.0 0.125 0.646 0.875 0.710 2.0 0.167 0.061 1.000
0.0 0.0 0.0 1.0 0.0 0.0 0.0 0.0 0.0 0.0 0.146 0.771 0.771 0.771 2.0 0.153 0.061 0.040
0.0 0.0 0.0 1.0 0.0 0.0 0.0 0.0 0.0 0.0 0.125 0.646 0.875 0.710 2.0 0.167 0.061 1.000
0.0 0.0 0.0 1.0 0.0 0.0 0.0 0.0 0.0 0.0 0.125 0.646 0.875 0.710 2.0 0.167 0.061 1.000
0.0 0.0 0.0 1.0 0.0 0.0 0.0 0.0 0.0 0.0 0.146 0.792 0.792 0.792 2.0 0.139 0.061 0.040
0.0 0.0 0.0 1.0 0.0 0.0 0.0 0.0 0.0 0.0 0.146 0.854 0.854 0.854 2.0 0.167 0.121 0.040
0.0 1.0 0.0 0.0 0.0 0.0 0.0 0.0 0.0 0.0 0.125 0.646 0.875 0.710 1.0 0.111 0.061 1.000
0.0 0.0 0.0 1.0 0.0 0.0 0.0 0.0 0.0 0.0 0.125 0.646 0.875 0.710 2.0 0.153 0.091 1.000
0.0 1.0 0.0 0.0 0.0 0.0 0.0 0.0 0.0 0.0 0.125 0.646 0.875 0.710 1.0 0.111 0.121 1.000
0.0 0.0 0.0 1.0 0.0 0.0 0.0 0.0 0.0 0.0 0.125 0.646 0.875 0.710 2.0 0.153 0.152 1.000
0.0 0.0 0.0 1.0 0.0 0.0 0.0 0.0 0.0 0.0 0.125 0.646 0.875 0.710 2.0 0.153 0.061 1.000
0.0 0.0 0.0 1.0 0.0 0.0 0.0 0.0 0.0 0.0 0.125 0.646 0.875 0.710 2.0 0.167 0.061 1.000
0.0 1.0 0.0 0.0 0.0 0.0 0.0 0.0 0.0 0.0 0.125 0.646 0.875 0.710 1.0 0.111 0.061 1.000
0.0 0.0 0.0 1.0 0.0 0.0 0.0 0.0 0.0 0.0 0.125 0.646 0.875 0.710 2.0 0.153 0.091 1.000
0.0 1.0 0.0 0.0 0.0 0.0 0.0 0.0 0.0 0.0 0.125 0.646 0.875 0.710 1.0 0.111 0.061 1.000
0.0 0.0 0.0 1.0 0.0 0.0 0.0 0.0 0.0 0.0 0.125 0.646 0.875 0.710 2.0 0.139 0.091 1.000
0.0 1.0 0.0 0.0 0.0 0.0 0.0 0.0 0.0 0.0 0.146 0.771 0.771 0.771 1.0 0.097 0.061 0.040
0.0 0.0 0.0 1.0 0.0 0.0 0.0 0.0 0.0 0.0 0.167 0.604 0.833 0.668 2.0 0.125 0.091 1.000
0.0 1.0 0.0 0.0 0.0 0.0 0.0 0.0 0.0 0.0 0.146 0.625 0.854 0.689 1.0 0.097 0.121 1.000
1.0 0.0 0.0 0.0 0.0 0.0 0.0 0.0 0.0 0.0 0.167 0.604 0.833 0.668 1.0 0.125 0.061 1.000
1.0 0.0 0.0 0.0 0.0 0.0 0.0 0.0 0.0 0.0 0.167 0.771 0.771 0.771 1.0 0.125 0.061 0.040
0.0 0.0 0.0 1.0 0.0 0.0 0.0 0.0 0.0 0.0 0.146 0.625 0.854 0.689 2.0 0.139 0.091 1.000
0.0 0.0 0.0 1.0 0.0 0.0 0.0 0.0 0.0 0.0 0.146 0.625 0.854 0.689 2.0 0.139 0.152 1.000
0.0 0.0 0.0 1.0 0.0 0.0 0.0 0.0 0.0 0.0 0.146 0.625 0.854 0.689 2.0 0.139 0.091 1.000
0.0 0.0 0.0 1.0 0.0 0.0 0.0 0.0 0.0 0.0 0.146 0.625 0.854 0.689 2.0 0.125 0.091 1.000
0.0 1.0 0.0 0.0 0.0 0.0 0.0 0.0 0.0 0.0 0.167 0.604 0.833 0.668 1.0 0.125 0.121 1.000
0.0 0.0 0.0 1.0 0.0 0.0 0.0 0.0 0.0 0.0 0.146 0.625 0.854 0.689 2.0 0.139 0.091 1.000
0.0 1.0 0.0 0.0 0.0 0.0 0.0 0.0 0.0 0.0 0.146 0.625 0.854 0.689 1.0 0.111 0.061 1.000
0.0 0.0 0.0 1.0 0.0 0.0 0.0 0.0 0.0 0.0 0.146 0.625 0.854 0.689 2.0 0.153 0.091 1.000
0.0 1.0 0.0 0.0 0.0 0.0 0.0 0.0 0.0 0.0 0.146 0.625 0.854 0.689 1.0 0.111 0.061 1.000
0.0 0.0 0.0 1.0 0.0 0.0 0.0 0.0 0.0 0.0 0.167 0.604 0.833 0.668 2.0 0.153 0.091 1.000
0.0 1.0 0.0 0.0 0.0 0.0 0.0 0.0 0.0 0.0 0.167 0.604 0.833 0.668 1.0 0.111 0.061 1.000
0.0 0.0 0.0 1.0 0.0 0.0 0.0 0.0 0.0 0.0 0.188 0.583 0.812 0.647 2.0 0.125 0.091 1.000
0.0 1.0 0.0 0.0 0.0 0.0 0.0 0.0 0.0 0.0 0.188 0.583 0.812 0.647 1.0 0.097 0.061 1.000
0.0 0.0 0.0 1.0 0.0 0.0 0.0 0.0 0.0 0.0 0.146 0.625 0.854 0.689 2.0 0.139 0.091 1.000
0.0 1.0 0.0 0.0 0.0 0.0 0.0 0.0 0.0 0.0 0.146 0.625 0.854 0.689 1.0 0.111 0.061 1.000
0.0 0.0 0.0 1.0 0.0 0.0 0.0 0.0 0.0 0.0 0.146 0.625 0.854 0.689 2.0 0.167 0.091 1.000
0.0 1.0 0.0 0.0 0.0 0.0 0.0 0.0 0.0 0.0 0.146 0.625 0.854 0.689 1.0 0.111 0.061 1.000
0.0 0.0 0.0 1.0 0.0 0.0 0.0 0.0 0.0 0.0 0.146 0.625 0.854 0.689 2.0 0.139 0.091 1.000
0.0 1.0 0.0 0.0 0.0 0.0 0.0 0.0 0.0 0.0 0.146 0.625 0.854 0.689 1.0 0.111 0.061 1.000
0.0 0.0 0.0 1.0 0.0 0.0 0.0 0.0 0.0 0.0 0.167 0.771 0.771 0.771 2.0 0.139 0.121 0.040
0.0 1.0 0.0 0.0 0.0 0.0 0.0 0.0 0.0 0.0 0.167 0.771 0.771 0.771 1.0 0.111 0.061 0.040
0.0 1.0 0.0 0.0 0.0 0.0 0.0 0.0 0.0 0.0 0.167 0.833 0.833 0.833 1.0 0.111 0.121 0.040
0.0 0.0 0.0 1.0 0.0 0.0 0.0 0.0 0.0 0.0 0.146 0.625 0.854 0.689 2.0 0.139 0.091 1.000
0.0 1.0 0.0 0.0 0.0 0.0 0.0 0.0 0.0 0.0 0.146 0.625 0.854 0.689 1.0 0.111 0.061 1.000
0.0 0.0 0.0 1.0 0.0 0.0 0.0 0.0 0.0 0.0 0.188 0.583 0.812 0.647 2.0 0.139 0.091 1.000
0.0 1.0 0.0 0.0 0.0 0.0 0.0 0.0 0.0 0.0 0.167 0.750 0.750 0.750 1.0 0.111 0.061 0.040
0.0 0.0 0.0 1.0 0.0 0.0 0.0 0.0 0.0 0.0 0.167 0.750 0.750 0.750 2.0 0.139 0.091 0.040
0.0 1.0 0.0 0.0 0.0 0.0 0.0 0.0 0.0 0.0 0.146 0.625 0.854 0.689 1.0 0.111 0.061 1.000
0.0 0.0 0.0 1.0 0.0 0.0 0.0 0.0 0.0 0.0 0.146 0.625 0.854 0.689 2.0 0.153 0.121 1.000
0.0 0.0 0.0 1.0 0.0 0.0 0.0 0.0 0.0 0.0 0.167 0.604 0.833 0.668 2.0 0.167 0.091 1.000
0.0 1.0 0.0 0.0 0.0 0.0 0.0 0.0 0.0 0.0 0.146 0.625 0.854 0.689 1.0 0.111 0.061 1.000
0.0 0.0 0.0 1.0 0.0 0.0 0.0 0.0 0.0 0.0 0.146 0.625 0.854 0.689 2.0 0.153 0.091 1.000
0.0 0.0 0.0 1.0 0.0 0.0 0.0 0.0 0.0 0.0 0.167 0.604 0.833 0.668 2.0 0.167 0.152 1.000
0.0 1.0 0.0 0.0 0.0 0.0 0.0 0.0 0.0 0.0 0.188 0.583 0.812 0.647 1.0 0.125 0.091 1.000
0.0 0.0 1.0 0.0 0.0 0.0 0.0 0.0 0.0 0.0 0.167 0.604 0.833 0.668 2.0 0.139 0.091 1.000
0.0 0.0 0.0 1.0 0.0 0.0 0.0 0.0 0.0 0.0 0.167 0.604 0.833 0.668 2.0 0.167 0.091 1.000
0.0 0.0 0.0 1.0 0.0 0.0 0.0 0.0 0.0 0.0 0.167 0.604 0.833 0.668 2.0 0.125 0.091 1.000
0.0 1.0 0.0 0.0 0.0 0.0 0.0 0.0 0.0 0.0 0.188 0.583 0.812 0.647 1.0 0.111 0.091 1.000
0.0 0.0 1.0 0.0 0.0 0.0 0.0 0.0 0.0 0.0 0.167 0.604 0.833 0.668 2.0 0.111 0.091 1.000
0.0 1.0 0.0 0.0 0.0 0.0 0.0 0.0 0.0 0.0 0.208 0.562 0.792 0.627 1.0 0.111 0.091 1.000
0.0 0.0 0.0 1.0 0.0 0.0 0.0 0.0 0.0 0.0 0.188 0.583 0.812 0.647 2.0 0.111 0.091 1.000
0.0 1.0 0.0 0.0 0.0 0.0 0.0 0.0 0.0 0.0 0.188 0.750 0.750 0.750 1.0 0.097 0.061 0.040
0.0 1.0 0.0 0.0 0.0 0.0 0.0 0.0 0.0 0.0 0.188 0.583 0.812 0.647 1.0 0.097 0.061 1.000
0.0 0.0 0.0 1.0 0.0 0.0 0.0 0.0 0.0 0.0 0.208 0.562 0.792 0.627 2.0 0.125 0.091 1.000
0.0 0.0 0.0 1.0 0.0 0.0 0.0 0.0 0.0 0.0 0.167 0.604 0.833 0.668 2.0 0.125 0.091 1.000
0.0 0.0 0.0 1.0 0.0 0.0 0.0 0.0 0.0 0.0 0.167 0.604 0.833 0.668 2.0 0.153 0.091 1.000
0.0 0.0 0.0 1.0 0.0 0.0 0.0 0.0 0.0 0.0 0.167 0.604 0.833 0.668 2.0 0.125 0.091 1.000
0.0 0.0 0.0 1.0 0.0 0.0 0.0 0.0 0.0 0.0 0.188 0.750 0.750 0.750 2.0 0.125 0.121 0.040
0.0 0.0 0.0 1.0 0.0 0.0 0.0 0.0 0.0 0.0 0.167 0.604 0.833 0.668 2.0 0.125 0.091 1.000
0.0 1.0 0.0 0.0 0.0 0.0 0.0 0.0 0.0 0.0 0.188 0.583 0.812 0.647 1.0 0.097 0.121 1.000
0.0 0.0 0.0 1.0 0.0 0.0 0.0 0.0 0.0 0.0 0.188 0.729 0.729 0.729 2.0 0.125 0.091 0.040
0.0 0.0 0.0 1.0 0.0 0.0 0.0 0.0 0.0 0.0 0.167 0.604 0.833 0.668 2.0 0.139 0.121 1.000
0.0 0.0 0.0 1.0 0.0 0.0 0.0 0.0 0.0 0.0 0.167 0.604 0.833 0.668 2.0 0.139 0.091 1.000
0.0 1.0 0.0 0.0 0.0 0.0 0.0 0.0 0.0 0.0 0.208 0.562 0.792 0.627 1.0 0.125 0.091 1.000
0.0 1.0 0.0 0.0 0.0 0.0 0.0 0.0 0.0 0.0 0.208 0.562 0.792 0.627 1.0 0.097 0.091 1.000
0.0 0.0 1.0 0.0 0.0 0.0 0.0 0.0 0.0 0.0 0.188 0.583 0.812 0.647 2.0 0.125 0.091 1.000
0.0 0.0 0.0 1.0 0.0 0.0 0.0 0.0 0.0 0.0 0.208 0.562 0.792 0.627 2.0 0.167 0.091 1.000
0.0 0.0 0.0 1.0 0.0 0.0 0.0 0.0 0.0 0.0 0.229 0.542 0.771 0.606 2.0 0.167 0.091 1.000
0.0 0.0 0.0 1.0 0.0 0.0 0.0 0.0 0.0 0.0 0.229 0.542 0.771 0.606 2.0 0.139 0.091 1.000
0.0 0.0 0.0 1.0 0.0 0.0 0.0 0.0 0.0 0.0 0.188 0.583 0.812 0.647 2.0 0.139 0.091 1.000
0.0 0.0 0.0 1.0 0.0 0.0 0.0 0.0 0.0 0.0 0.188 0.583 0.812 0.647 2.0 0.222 0.091 1.000
0.0 0.0 0.0 1.0 0.0 0.0 0.0 0.0 0.0 0.0 0.188 0.583 0.812 0.647 2.0 0.153 0.091 1.000
0.0 0.0 0.0 1.0 0.0 0.0 0.0 0.0 0.0 0.0 0.208 0.729 0.729 0.729 2.0 0.139 0.121 0.040
0.0 1.0 0.0 0.0 0.0 0.0 0.0 0.0 0.0 0.0 0.188 0.583 0.812 0.647 1.0 0.111 0.091 1.000
0.0 0.0 0.0 1.0 0.0 0.0 0.0 0.0 0.0 0.0 0.188 0.583 0.812 0.647 2.0 0.139 0.091 1.000
0.0 1.0 0.0 0.0 0.0 0.0 0.0 0.0 0.0 0.0 0.188 0.583 0.812 0.647 1.0 0.111 0.152 1.000
0.0 1.0 0.0 0.0 0.0 0.0 0.0 0.0 0.0 0.0 0.208 0.562 0.792 0.627 1.0 0.097 0.091 1.000
0.0 1.0 0.0 0.0 0.0 0.0 0.0 0.0 0.0 0.0 0.188 0.583 0.812 0.647 1.0 0.111 0.091 1.000
0.0 0.0 0.0 1.0 0.0 0.0 0.0 0.0 0.0 0.0 0.188 0.583 0.812 0.647 2.0 0.167 0.121 1.000
0.0 1.0 0.0 0.0 0.0 0.0 0.0 0.0 0.0 0.0 0.229 0.688 0.688 0.688 1.0 0.125 0.091 0.040
0.0 0.0 0.0 1.0 0.0 0.0 0.0 0.0 0.0 0.0 0.208 0.708 0.708 0.708 2.0 0.139 0.091 0.040
0.0 0.0 0.0 1.0 0.0 0.0 0.0 0.0 0.0 0.0 0.188 0.583 0.812 0.647 2.0 0.167 0.091 1.000
0.0 1.0 0.0 0.0 0.0 0.0 0.0 0.0 0.0 0.0 0.229 0.542 0.771 0.606 1.0 0.125 0.091 1.000
0.0 1.0 0.0 0.0 0.0 0.0 0.0 0.0 0.0 0.0 0.208 0.562 0.792 0.627 1.0 0.139 0.091 1.000
0.0 1.0 0.0 0.0 0.0 0.0 0.0 0.0 0.0 0.0 0.208 0.562 0.792 0.627 1.0 0.181 0.091 1.000
0.0 1.0 0.0 0.0 0.0 0.0 0.0 0.0 0.0 0.0 0.250 0.521 0.750 0.585 1.0 0.139 0.091 1.000
0.0 0.0 0.0 1.0 0.0 0.0 0.0 0.0 0.0 0.0 0.229 0.542 0.771 0.606 2.0 0.153 0.182 1.000
0.0 1.0 0.0 0.0 0.0 0.0 0.0 0.0 0.0 0.0 0.229 0.542 0.771 0.606 1.0 0.111 0.182 1.000
0.0 0.0 1.0 0.0 0.0 0.0 0.0 0.0 0.0 0.0 0.208 0.562 0.792 0.627 2.0 0.111 0.182 1.000
0.0 1.0 0.0 0.0 0.0 0.0 0.0 0.0 0.0 0.0 0.229 0.542 0.771 0.606 1.0 0.097 0.091 1.000
0.0 1.0 0.0 0.0 0.0 0.0 0.0 0.0 0.0 0.0 0.229 0.708 0.708 0.708 1.0 0.125 0.121 0.040
0.0 1.0 0.0 0.0 0.0 0.0 0.0 0.0 0.0 0.0 0.208 0.562 0.792 0.627 1.0 0.125 0.091 1.000
1.0 0.0 0.0 0.0 0.0 0.0 0.0 0.0 0.0 0.0 0.208 0.562 0.792 0.627 1.0 0.167 0.091 1.000
0.0 1.0 0.0 0.0 0.0 0.0 0.0 0.0 0.0 0.0 0.208 0.562 0.792 0.627 1.0 0.111 0.121 1.000
0.0 1.0 0.0 0.0 0.0 0.0 0.0 0.0 0.0 0.0 0.250 0.667 0.667 0.667 1.0 0.097 0.091 0.040
0.0 0.0 0.0 1.0 0.0 0.0 0.0 0.0 0.0 0.0 0.208 0.562 0.792 0.627 2.0 0.139 0.242 1.000
0.0 1.0 0.0 0.0 0.0 0.0 0.0 0.0 0.0 0.0 0.208 0.562 0.792 0.627 1.0 0.111 0.091 1.000
0.0 0.0 0.0 1.0 0.0 0.0 0.0 0.0 0.0 0.0 0.250 0.521 0.750 0.585 2.0 0.153 0.182 1.000
1.0 0.0 0.0 0.0 0.0 0.0 0.0 0.0 0.0 0.0 0.250 0.521 0.750 0.585 1.0 0.139 0.091 1.000
1.0 0.0 0.0 0.0 0.0 0.0 0.0 0.0 0.0 0.0 0.250 0.688 0.688 0.688 1.0 0.139 0.091 0.040
1.0 0.0 0.0 0.0 0.0 0.0 0.0 0.0 0.0 0.0 0.208 0.729 0.729 0.729 1.0 0.153 0.091 0.040
1.0 0.0 0.0 0.0 0.0 0.0 0.0 0.0 0.0 0.0 0.208 0.562 0.792 0.627 1.0 0.153 0.091 1.000
1.0 0.0 0.0 0.0 0.0 0.0 0.0 0.0 0.0 0.0 0.229 0.708 0.708 0.708 1.0 0.139 0.091 0.040
1.0 0.0 0.0 0.0 0.0 0.0 0.0 0.0 0.0 0.0 0.229 0.542 0.771 0.606 1.0 0.139 0.091 1.000
1.0 0.0 0.0 0.0 0.0 0.0 0.0 0.0 0.0 0.0 0.229 0.542 0.771 0.606 1.0 0.153 0.091 1.000
1.0 0.0 0.0 0.0 0.0 0.0 0.0 0.0 0.0 0.0 0.229 0.542 0.771 0.606 1.0 0.139 0.091 1.000
0.0 1.0 0.0 0.0 0.0 0.0 0.0 0.0 0.0 0.0 0.250 0.688 0.688 0.688 1.0 0.097 0.121 0.040
0.0 0.0 0.0 1.0 0.0 0.0 0.0 0.0 0.0 0.0 0.229 0.542 0.771 0.606 2.0 0.139 0.242 1.000
0.0 0.0 0.0 1.0 0.0 0.0 0.0 0.0 0.0 0.0 0.250 0.521 0.750 0.585 2.0 0.139 0.182 1.000
0.0 1.0 0.0 0.0 0.0 0.0 0.0 0.0 0.0 0.0 0.229 0.542 0.771 0.606 1.0 0.097 0.091 1.000
1.0 0.0 0.0 0.0 0.0 0.0 0.0 0.0 0.0 0.0 0.271 0.729 0.729 0.729 1.0 0.125 0.091 0.040
1.0 0.0 0.0 0.0 0.0 0.0 0.0 0.0 0.0 0.0 0.271 0.500 0.729 0.564 1.0 0.125 0.091 1.000
1.0 0.0 0.0 0.0 0.0 0.0 0.0 0.0 0.0 0.0 0.250 0.521 0.750 0.585 1.0 0.125 0.091 1.000
1.0 0.0 0.0 0.0 0.0 0.0 0.0 0.0 0.0 0.0 0.250 0.688 0.688 0.688 1.0 0.125 0.091 0.040
1.0 0.0 0.0 0.0 0.0 0.0 0.0 0.0 0.0 0.0 0.229 0.688 0.688 0.688 1.0 0.125 0.091 0.040
1.0 0.0 0.0 0.0 0.0 0.0 0.0 0.0 0.0 0.0 0.229 0.771 0.771 0.771 1.0 0.139 0.091 0.040
1.0 0.0 0.0 0.0 0.0 0.0 0.0 0.0 0.0 0.0 0.229 0.542 0.771 0.606 1.0 0.139 0.091 1.000
0.0 0.0 0.0 1.0 0.0 0.0 0.0 0.0 0.0 0.0 0.271 0.500 0.729 0.564 2.0 0.153 0.273 1.000
0.0 1.0 0.0 0.0 0.0 0.0 0.0 0.0 0.0 0.0 0.271 0.500 0.729 0.564 1.0 0.111 0.182 1.000
0.0 1.0 0.0 0.0 0.0 0.0 0.0 0.0 0.0 0.0 0.271 0.500 0.729 0.564 1.0 0.097 0.091 1.000
0.0 1.0 0.0 0.0 0.0 0.0 0.0 0.0 0.0 0.0 0.271 0.667 0.667 0.667 1.0 0.097 0.091 0.040
0.0 0.0 0.0 1.0 0.0 0.0 0.0 0.0 0.0 0.0 0.229 0.708 0.708 0.708 2.0 0.139 0.121 0.040
0.0 1.0 0.0 0.0 0.0 0.0 0.0 0.0 0.0 0.0 0.229 0.708 0.708 0.708 1.0 0.097 0.091 0.040
0.0 1.0 0.0 0.0 0.0 0.0 0.0 0.0 0.0 0.0 0.250 0.521 0.750 0.585 1.0 0.111 0.121 1.000
0.0 0.0 0.0 1.0 0.0 0.0 0.0 0.0 0.0 0.0 0.229 0.542 0.771 0.606 2.0 0.111 0.121 1.000
0.0 1.0 0.0 0.0 0.0 0.0 0.0 0.0 0.0 0.0 0.229 0.542 0.771 0.606 1.0 0.097 0.091 1.000
0.0 1.0 0.0 0.0 0.0 0.0 0.0 0.0 0.0 0.0 0.250 0.688 0.688 0.688 1.0 0.097 0.091 0.040
0.0 1.0 0.0 0.0 0.0 0.0 0.0 0.0 0.0 0.0 0.250 0.521 0.750 0.585 1.0 0.097 0.091 1.000
0.0 1.0 0.0 0.0 0.0 0.0 0.0 0.0 0.0 0.0 0.271 0.500 0.729 0.564 1.0 0.125 0.242 1.000
0.0 0.0 1.0 0.0 0.0 0.0 0.0 0.0 0.0 0.0 0.250 0.521 0.750 0.585 2.0 0.139 0.242 1.000
0.0 0.0 0.0 1.0 0.0 0.0 0.0 0.0 0.0 0.0 0.250 0.521 0.750 0.585 2.0 0.139 0.182 1.000
1.0 0.0 0.0 0.0 0.0 0.0 0.0 0.0 0.0 0.0 0.229 0.771 0.771 0.771 1.0 0.125 0.091 0.040
1.0 0.0 0.0 0.0 0.0 0.0 0.0 0.0 0.0 0.0 0.229 0.542 0.771 0.606 1.0 0.125 0.091 1.000
0.0 0.0 0.0 1.0 0.0 0.0 0.0 0.0 0.0 0.0 0.292 0.479 0.708 0.543 2.0 0.153 0.273 1.000
0.0 1.0 0.0 0.0 0.0 0.0 0.0 0.0 0.0 0.0 0.292 0.479 0.708 0.543 1.0 0.097 0.091 1.000
0.0 0.0 0.0 1.0 0.0 0.0 0.0 0.0 0.0 0.0 0.292 0.479 0.708 0.543 2.0 0.139 0.182 1.000
0.0 1.0 0.0 0.0 0.0 0.0 0.0 0.0 0.0 0.0 0.271 0.500 0.729 0.564 1.0 0.097 0.091 1.000
0.0 0.0 0.0 1.0 0.0 0.0 0.0 0.0 0.0 0.0 0.292 0.646 0.646 0.646 2.0 0.139 0.182 0.040
0.0 1.0 0.0 0.0 0.0 0.0 0.0 0.0 0.0 0.0 0.271 0.667 0.667 0.667 1.0 0.097 0.091 0.040
0.0 0.0 0.0 1.0 0.0 0.0 0.0 0.0 0.0 0.0 0.250 0.688 0.688 0.688 2.0 0.139 0.121 0.040
0.0 0.0 0.0 1.0 0.0 0.0 0.0 0.0 0.0 0.0 0.250 0.521 0.750 0.585 2.0 0.139 0.121 1.000
1.0 0.0 0.0 0.0 0.0 0.0 0.0 0.0 0.0 0.0 0.250 0.688 0.688 0.688 1.0 0.125 0.091 0.040
1.0 0.0 0.0 0.0 0.0 0.0 0.0 0.0 0.0 0.0 0.250 0.521 0.750 0.585 1.0 0.125 0.091 1.000
0.0 1.0 0.0 0.0 0.0 0.0 0.0 0.0 0.0 0.0 0.292 0.625 0.625 0.625 1.0 0.111 0.182 0.040
0.0 0.0 1.0 0.0 0.0 0.0 0.0 0.0 0.0 0.0 0.271 0.646 0.646 0.646 2.0 0.111 0.182 0.040
0.0 1.0 0.0 0.0 0.0 0.0 0.0 0.0 0.0 0.0 0.250 0.667 0.667 0.667 1.0 0.097 0.091 0.040
0.0 0.0 0.0 1.0 0.0 0.0 0.0 0.0 0.0 0.0 0.271 0.500 0.729 0.564 2.0 0.167 0.182 1.000
0.0 1.0 0.0 0.0 0.0 0.0 0.0 0.0 0.0 0.0 0.250 0.750 0.750 0.750 1.0 0.097 0.091 0.040
0.0 1.0 0.0 0.0 0.0 0.0 0.0 0.0 0.0 0.0 0.292 0.708 0.708 0.708 1.0 0.097 0.091 0.040
0.0 1.0 0.0 0.0 0.0 0.0 0.0 0.0 0.0 0.0 0.250 0.521 0.750 0.585 1.0 0.097 0.091 1.000
1.0 0.0 0.0 0.0 0.0 0.0 0.0 0.0 0.0 0.0 0.250 0.688 0.688 0.688 1.0 0.125 0.091 0.040
1.0 0.0 0.0 0.0 0.0 0.0 0.0 0.0 0.0 0.0 0.250 0.521 0.750 0.585 1.0 0.125 0.091 1.000
0.0 0.0 0.0 1.0 0.0 0.0 0.0 0.0 0.0 0.0 0.292 0.479 0.708 0.543 2.0 0.139 0.333 1.000
0.0 1.0 0.0 0.0 0.0 0.0 0.0 0.0 0.0 0.0 0.292 0.479 0.708 0.543 1.0 0.097 0.242 1.000
0.0 0.0 0.0 1.0 0.0 0.0 0.0 0.0 0.0 0.0 0.312 0.458 0.688 0.522 2.0 0.194 0.273 1.000
0.0 0.0 0.0 1.0 0.0 0.0 0.0 0.0 0.0 0.0 0.292 0.479 0.708 0.543 2.0 0.139 0.182 1.000
0.0 0.0 0.0 1.0 0.0 0.0 0.0 0.0 0.0 0.0 0.292 0.646 0.646 0.646 2.0 0.139 0.182 0.040
0.0 0.0 0.0 1.0 0.0 0.0 0.0 0.0 0.0 0.0 0.271 0.667 0.667 0.667 2.0 0.167 0.121 0.040
0.0 0.0 0.0 1.0 0.0 0.0 0.0 0.0 0.0 0.0 0.271 0.500 0.729 0.564 2.0 0.153 0.121 1.000
0.0 0.0 0.0 1.0 0.0 0.0 0.0 0.0 0.0 0.0 0.271 0.646 0.646 0.646 2.0 0.139 0.182 0.040
0.0 1.0 0.0 0.0 0.0 0.0 0.0 0.0 0.0 0.0 0.250 0.750 0.750 0.750 1.0 0.097 0.091 0.040
0.0 0.0 0.0 1.0 0.0 0.0 0.0 0.0 0.0 0.0 0.271 0.729 0.729 0.729 2.0 0.139 0.182 0.040
0.0 1.0 0.0 0.0 0.0 0.0 0.0 0.0 0.0 0.0 0.250 0.521 0.750 0.585 1.0 0.097 0.091 1.000
0.0 0.0 0.0 1.0 0.0 0.0 0.0 0.0 0.0 0.0 0.271 0.500 0.729 0.564 2.0 0.139 0.182 1.000
0.0 1.0 0.0 0.0 0.0 0.0 0.0 0.0 0.0 0.0 0.271 0.500 0.729 0.564 1.0 0.097 0.091 1.000
0.0 0.0 0.0 1.0 0.0 0.0 0.0 0.0 0.0 0.0 0.312 0.458 0.688 0.522 2.0 0.153 0.333 1.000
0.0 0.0 0.0 1.0 0.0 0.0 0.0 0.0 0.0 0.0 0.292 0.479 0.708 0.543 2.0 0.153 0.303 1.000
0.0 1.0 0.0 0.0 0.0 0.0 0.0 0.0 0.0 0.0 0.292 0.479 0.708 0.543 1.0 0.111 0.182 1.000
0.0 0.0 0.0 1.0 0.0 0.0 0.0 0.0 0.0 0.0 0.312 0.458 0.688 0.522 2.0 0.167 0.182 1.000
0.0 0.0 0.0 1.0 0.0 0.0 0.0 0.0 0.0 0.0 0.312 0.625 0.625 0.625 2.0 0.167 0.182 0.040
0.0 1.0 0.0 0.0 0.0 0.0 0.0 0.0 0.0 0.0 0.271 0.667 0.667 0.667 1.0 0.097 0.091 0.040
0.0 0.0 0.0 1.0 0.0 0.0 0.0 0.0 0.0 0.0 0.271 0.667 0.667 0.667 2.0 0.139 0.182 0.040
0.0 1.0 0.0 0.0 0.0 0.0 0.0 0.0 0.0 0.0 0.271 0.667 0.667 0.667 1.0 0.097 0.091 0.040
0.0 1.0 0.0 0.0 0.0 0.0 0.0 0.0 0.0 0.0 0.271 0.500 0.729 0.564 1.0 0.097 0.091 1.000
0.0 0.0 0.0 1.0 0.0 0.0 0.0 0.0 0.0 0.0 0.271 0.500 0.729 0.564 2.0 0.139 0.182 1.000
0.0 0.0 0.0 1.0 0.0 0.0 0.0 0.0 0.0 0.0 0.312 0.604 0.604 0.604 2.0 0.153 0.182 0.040
0.0 0.0 0.0 1.0 0.0 0.0 0.0 0.0 0.0 0.0 0.271 0.729 0.729 0.729 2.0 0.139 0.182 0.040
0.0 0.0 0.0 1.0 0.0 0.0 0.0 0.0 0.0 0.0 0.271 0.500 0.729 0.564 2.0 0.139 0.182 1.000
0.0 0.0 0.0 1.0 0.0 0.0 0.0 0.0 0.0 0.0 0.292 0.479 0.708 0.543 2.0 0.139 0.182 1.000
0.0 1.0 0.0 0.0 0.0 0.0 0.0 0.0 0.0 0.0 0.292 0.479 0.708 0.543 1.0 0.111 0.121 1.000
0.0 0.0 0.0 1.0 0.0 0.0 0.0 0.0 0.0 0.0 0.333 0.438 0.667 0.502 2.0 0.194 0.333 1.000
0.0 0.0 0.0 1.0 0.0 0.0 0.0 0.0 0.0 0.0 0.312 0.458 0.688 0.522 2.0 0.139 0.303 1.000
0.0 0.0 0.0 1.0 0.0 0.0 0.0 0.0 0.0 0.0 0.333 0.438 0.667 0.502 2.0 0.236 0.303 1.000
0.0 1.0 0.0 0.0 0.0 0.0 0.0 0.0 0.0 0.0 0.292 0.646 0.646 0.646 1.0 0.111 0.121 0.040
0.0 0.0 0.0 1.0 0.0 0.0 0.0 0.0 0.0 0.0 0.292 0.646 0.646 0.646 2.0 0.153 0.182 0.040
0.0 0.0 0.0 1.0 0.0 0.0 0.0 0.0 0.0 0.0 0.292 0.646 0.646 0.646 2.0 0.139 0.182 0.040
0.0 0.0 0.0 1.0 0.0 0.0 0.0 0.0 0.0 0.0 0.292 0.479 0.708 0.543 2.0 0.139 0.182 1.000
0.0 0.0 0.0 1.0 0.0 0.0 0.0 0.0 0.0 0.0 0.292 0.708 0.708 0.708 2.0 0.167 0.182 0.040
0.0 0.0 0.0 1.0 0.0 0.0 0.0 0.0 0.0 0.0 0.292 0.479 0.708 0.543 2.0 0.167 0.182 1.000
1.0 0.0 0.0 0.0 0.0 0.0 0.0 0.0 0.0 0.0 0.333 0.583 0.583 0.583 1.0 0.139 0.273 0.040
0.0 0.0 0.0 1.0 0.0 0.0 0.0 0.0 0.0 0.0 0.333 0.604 0.604 0.604 2.0 0.139 0.242 0.040
0.0 1.0 0.0 0.0 0.0 0.0 0.0 0.0 0.0 0.0 0.333 0.604 0.604 0.604 1.0 0.111 0.182 0.040
0.0 0.0 0.0 1.0 0.0 0.0 0.0 0.0 0.0 0.0 0.333 0.438 0.667 0.502 2.0 0.153 0.242 1.000
0.0 1.0 0.0 0.0 0.0 0.0 0.0 0.0 0.0 0.0 0.333 0.438 0.667 0.502 1.0 0.111 0.182 1.000
0.0 0.0 0.0 1.0 0.0 0.0 0.0 0.0 0.0 0.0 0.312 0.458 0.688 0.522 2.0 0.125 0.182 1.000
0.0 0.0 0.0 1.0 0.0 0.0 0.0 0.0 0.0 0.0 0.333 0.583 0.583 0.583 2.0 0.139 0.242 0.040
0.0 1.0 0.0 0.0 0.0 0.0 0.0 0.0 0.0 0.0 0.333 0.583 0.583 0.583 1.0 0.111 0.182 0.040
0.0 0.0 0.0 1.0 0.0 0.0 0.0 0.0 0.0 0.0 0.333 0.438 0.667 0.502 2.0 0.194 0.303 1.000
0.0 0.0 0.0 1.0 0.0 0.0 0.0 0.0 0.0 0.0 0.312 0.625 0.625 0.625 2.0 0.139 0.182 0.040
0.0 0.0 0.0 1.0 0.0 0.0 0.0 0.0 0.0 0.0 0.312 0.625 0.625 0.625 2.0 0.167 0.182 0.040
0.0 0.0 0.0 1.0 0.0 0.0 0.0 0.0 0.0 0.0 0.312 0.458 0.688 0.522 2.0 0.167 0.182 1.000
0.0 0.0 0.0 1.0 0.0 0.0 0.0 0.0 0.0 0.0 0.354 0.583 0.583 0.583 2.0 0.125 0.242 0.040
0.0 1.0 0.0 0.0 0.0 0.0 0.0 0.0 0.0 0.0 0.375 0.396 0.625 0.460 1.0 0.111 0.242 1.000
0.0 0.0 0.0 1.0 0.0 0.0 0.0 0.0 0.0 0.0 0.354 0.417 0.646 0.481 2.0 0.111 0.242 1.000
0.0 1.0 0.0 0.0 0.0 0.0 0.0 0.0 0.0 0.0 0.354 0.417 0.646 0.481 1.0 0.097 0.182 1.000
0.0 0.0 0.0 1.0 0.0 0.0 0.0 0.0 0.0 0.0 0.333 0.438 0.667 0.502 2.0 0.125 0.182 1.000
0.0 0.0 0.0 1.0 0.0 0.0 0.0 0.0 0.0 0.0 0.354 0.562 0.562 0.562 2.0 0.125 0.242 0.040
0.0 1.0 0.0 0.0 0.0 0.0 0.0 0.0 0.0 0.0 0.333 0.438 0.667 0.502 1.0 0.097 0.273 1.000
0.0 0.0 1.0 0.0 0.0 0.0 0.0 0.0 0.0 0.0 0.312 0.458 0.688 0.522 2.0 0.125 0.273 1.000
0.0 1.0 0.0 0.0 0.0 0.0 0.0 0.0 0.0 0.0 0.312 0.458 0.688 0.522 1.0 0.111 0.182 1.000
0.0 1.0 0.0 0.0 0.0 0.0 0.0 0.0 0.0 0.0 0.354 0.562 0.562 0.562 1.0 0.097 0.273 0.040
0.0 0.0 0.0 1.0 0.0 0.0 0.0 0.0 0.0 0.0 0.354 0.417 0.646 0.481 2.0 0.236 0.364 1.000
0.0 1.0 0.0 0.0 0.0 0.0 0.0 0.0 0.0 0.0 0.312 0.688 0.688 0.688 1.0 0.111 0.182 0.040
0.0 0.0 0.0 1.0 0.0 0.0 0.0 0.0 0.0 0.0 0.312 0.688 0.688 0.688 2.0 0.153 0.273 0.040
1.0 0.0 0.0 0.0 0.0 0.0 0.0 0.0 0.0 0.0 0.354 0.583 0.583 0.583 1.0 0.139 0.333 0.040
1.0 0.0 0.0 0.0 0.0 0.0 0.0 0.0 0.0 0.0 0.354 0.417 0.646 0.481 1.0 0.139 0.303 1.000
1.0 0.0 0.0 0.0 0.0 0.0 0.0 0.0 0.0 0.0 0.354 0.500 0.500 0.500 1.0 0.139 0.303 0.040
0.0 0.0 0.0 1.0 0.0 0.0 0.0 0.0 0.0 0.0 0.333 0.604 0.604 0.604 2.0 0.167 0.182 0.040
0.0 0.0 0.0 1.0 0.0 0.0 0.0 0.0 0.0 0.0 0.375 0.562 0.562 0.562 2.0 0.125 0.242 0.040
0.0 0.0 0.0 1.0 0.0 0.0 0.0 0.0 0.0 0.0 0.396 0.375 0.604 0.439 2.0 0.167 0.242 1.000
0.0 0.0 0.0 1.0 0.0 0.0 0.0 0.0 0.0 0.0 0.333 0.438 0.667 0.502 2.0 0.139 0.273 1.000
0.0 1.0 0.0 0.0 0.0 0.0 0.0 0.0 0.0 0.0 0.333 0.438 0.667 0.502 1.0 0.111 0.182 1.000
0.0 0.0 0.0 1.0 0.0 0.0 0.0 0.0 0.0 0.0 0.375 0.542 0.542 0.542 2.0 0.125 0.242 0.040
0.0 1.0 0.0 0.0 0.0 0.0 0.0 0.0 0.0 0.0 0.354 0.417 0.646 0.481 1.0 0.097 0.273 1.000
0.0 0.0 0.0 1.0 0.0 0.0 0.0 0.0 0.0 0.0 0.333 0.438 0.667 0.502 2.0 0.111 0.273 1.000
0.0 0.0 0.0 1.0 0.0 0.0 0.0 0.0 0.0 0.0 0.354 0.417 0.646 0.481 2.0 0.236 0.333 1.000
0.0 1.0 0.0 0.0 0.0 0.0 0.0 0.0 0.0 0.0 0.333 0.604 0.604 0.604 1.0 0.111 0.182 0.040
0.0 0.0 0.0 1.0 0.0 0.0 0.0 0.0 0.0 0.0 0.333 0.604 0.604 0.604 2.0 0.153 0.273 0.040
0.0 1.0 0.0 0.0 0.0 0.0 0.0 0.0 0.0 0.0 0.354 0.646 0.646 0.646 1.0 0.111 0.273 0.040
0.0 0.0 1.0 0.0 0.0 0.0 0.0 0.0 0.0 0.0 0.333 0.667 0.667 0.667 2.0 0.111 0.273 0.040
0.0 1.0 0.0 0.0 0.0 0.0 0.0 0.0 0.0 0.0 0.375 0.396 0.625 0.460 1.0 0.111 0.182 1.000
1.0 0.0 0.0 0.0 0.0 0.0 0.0 0.0 0.0 0.0 0.354 0.562 0.562 0.562 1.0 0.139 0.303 0.040
0.0 1.0 0.0 0.0 0.0 0.0 0.0 0.0 0.0 0.0 0.396 0.542 0.542 0.542 1.0 0.111 0.242 0.040
0.0 0.0 0.0 1.0 0.0 0.0 0.0 0.0 0.0 0.0 0.354 0.417 0.646 0.481 2.0 0.125 0.273 1.000
0.0 1.0 0.0 0.0 0.0 0.0 0.0 0.0 0.0 0.0 0.396 0.521 0.521 0.521 1.0 0.111 0.242 0.040
0.0 0.0 0.0 1.0 0.0 0.0 0.0 0.0 0.0 0.0 0.375 0.396 0.625 0.460 2.0 0.111 0.273 1.000
0.0 1.0 0.0 0.0 0.0 0.0 0.0 0.0 0.0 0.0 0.375 0.562 0.562 0.562 1.0 0.097 0.333 0.040
0.0 0.0 0.0 1.0 0.0 0.0 0.0 0.0 0.0 0.0 0.375 0.479 0.479 0.479 2.0 0.125 0.333 0.040
0.0 1.0 0.0 0.0 0.0 0.0 0.0 0.0 0.0 0.0 0.375 0.479 0.479 0.479 1.0 0.097 0.303 0.040
0.0 0.0 0.0 1.0 0.0 0.0 0.0 0.0 0.0 0.0 0.375 0.396 0.625 0.460 2.0 0.139 0.333 1.000
0.0 1.0 0.0 0.0 0.0 0.0 0.0 0.0 0.0 0.0 0.375 0.396 0.625 0.460 1.0 0.097 0.303 1.000
0.0 1.0 0.0 0.0 0.0 0.0 0.0 0.0 0.0 0.0 0.354 0.583 0.583 0.583 1.0 0.111 0.182 0.040
0.0 0.0 0.0 1.0 0.0 0.0 0.0 0.0 0.0 0.0 0.354 0.583 0.583 0.583 2.0 0.139 0.273 0.040
1.0 0.0 0.0 0.0 0.0 0.0 0.0 0.0 0.0 0.0 0.375 0.396 0.625 0.460 1.0 0.139 0.364 1.000
1.0 0.0 0.0 0.0 0.0 0.0 0.0 0.0 0.0 0.0 0.375 0.479 0.479 0.479 1.0 0.139 0.364 0.040
0.0 0.0 0.0 1.0 0.0 0.0 0.0 0.0 0.0 0.0 0.375 0.625 0.625 0.625 2.0 0.153 0.273 0.040
0.0 0.0 0.0 1.0 0.0 0.0 0.0 0.0 0.0 0.0 0.375 0.396 0.625 0.460 2.0 0.139 0.273 1.000
0.0 1.0 0.0 0.0 0.0 0.0 0.0 0.0 0.0 0.0 0.396 0.375 0.604 0.439 1.0 0.097 0.182 1.000
0.0 1.0 0.0 0.0 0.0 0.0 0.0 0.0 0.0 0.0 0.375 0.542 0.542 0.542 1.0 0.097 0.303 0.040
0.0 0.0 0.0 1.0 0.0 0.0 0.0 0.0 0.0 0.0 0.396 0.458 0.458 0.458 2.0 0.125 0.333 0.040
0.0 0.0 0.0 1.0 0.0 0.0 0.0 0.0 0.0 0.0 0.396 0.375 0.604 0.439 2.0 0.139 0.333 1.000
1.0 0.0 0.0 0.0 0.0 0.0 0.0 0.0 0.0 0.0 0.417 0.354 0.583 0.418 1.0 0.139 0.242 1.000
0.0 1.0 0.0 0.0 0.0 0.0 0.0 0.0 0.0 0.0 0.396 0.375 0.604 0.439 1.0 0.125 0.273 1.000
1.0 0.0 0.0 0.0 0.0 0.0 0.0 0.0 0.0 0.0 0.375 0.396 0.625 0.460 1.0 0.139 0.333 1.000
1.0 0.0 0.0 0.0 0.0 0.0 0.0 0.0 0.0 0.0 0.375 0.479 0.479 0.479 1.0 0.139 0.333 0.040
1.0 0.0 0.0 0.0 0.0 0.0 0.0 0.0 0.0 0.0 0.417 0.521 0.521 0.521 1.0 0.139 0.242 0.040
0.0 0.0 0.0 1.0 0.0 0.0 0.0 0.0 0.0 0.0 0.375 0.562 0.562 0.562 2.0 0.167 0.273 0.040
0.0 0.0 1.0 0.0 0.0 0.0 0.0 0.0 0.0 0.0 0.417 0.521 0.521 0.521 2.0 0.153 0.303 0.040
0.0 0.0 1.0 0.0 0.0 0.0 0.0 0.0 0.0 0.0 0.417 0.500 0.500 0.500 2.0 0.153 0.303 0.040
0.0 1.0 0.0 0.0 0.0 0.0 0.0 0.0 0.0 0.0 0.417 0.438 0.438 0.438 1.0 0.097 0.394 0.040
0.0 0.0 0.0 1.0 0.0 0.0 0.0 0.0 0.0 0.0 0.396 0.458 0.458 0.458 2.0 0.111 0.394 0.040
0.0 1.0 0.0 0.0 0.0 0.0 0.0 0.0 0.0 0.0 0.396 0.458 0.458 0.458 1.0 0.097 0.364 0.040
0.0 0.0 0.0 1.0 0.0 0.0 0.0 0.0 0.0 0.0 0.396 0.375 0.604 0.439 2.0 0.139 0.394 1.000
0.0 1.0 0.0 0.0 0.0 0.0 0.0 0.0 0.0 0.0 0.396 0.375 0.604 0.439 1.0 0.097 0.364 1.000
0.0 0.0 0.0 1.0 0.0 0.0 0.0 0.0 0.0 0.0 0.417 0.438 0.438 0.438 2.0 0.125 0.333 0.040
0.0 0.0 0.0 1.0 0.0 0.0 0.0 0.0 0.0 0.0 0.417 0.354 0.583 0.418 2.0 0.181 0.333 1.000
0.0 1.0 0.0 0.0 0.0 0.0 0.0 0.0 0.0 0.0 0.396 0.604 0.604 0.604 1.0 0.111 0.273 0.040
0.0 1.0 0.0 0.0 0.0 0.0 0.0 0.0 0.0 0.0 0.396 0.375 0.604 0.439 1.0 0.125 0.273 1.000
0.0 1.0 0.0 0.0 0.0 0.0 0.0 0.0 0.0 0.0 0.438 0.333 0.562 0.397 1.0 0.097 0.242 1.000
0.0 0.0 0.0 1.0 0.0 0.0 0.0 0.0 0.0 0.0 0.438 0.333 0.562 0.397 2.0 0.125 0.424 1.000
0.0 1.0 0.0 0.0 0.0 0.0 0.0 0.0 0.0 0.0 0.417 0.354 0.583 0.418 1.0 0.097 0.273 1.000
0.0 0.0 0.0 1.0 0.0 0.0 0.0 0.0 0.0 0.0 0.417 0.354 0.583 0.418 2.0 0.125 0.394 1.000
0.0 0.0 0.0 1.0 0.0 0.0 0.0 0.0 0.0 0.0 0.396 0.458 0.458 0.458 2.0 0.125 0.364 0.040
0.0 1.0 0.0 0.0 0.0 0.0 0.0 0.0 0.0 0.0 0.396 0.458 0.458 0.458 1.0 0.097 0.333 0.040
0.0 0.0 0.0 1.0 0.0 0.0 0.0 0.0 0.0 0.0 0.396 0.375 0.604 0.439 2.0 0.139 0.364 1.000
0.0 1.0 0.0 0.0 0.0 0.0 0.0 0.0 0.0 0.0 0.396 0.375 0.604 0.439 1.0 0.097 0.333 1.000
0.0 0.0 0.0 1.0 0.0 0.0 0.0 0.0 0.0 0.0 0.417 0.438 0.438 0.438 2.0 0.125 0.394 0.040
0.0 1.0 0.0 0.0 0.0 0.0 0.0 0.0 0.0 0.0 0.438 0.333 0.562 0.397 1.0 0.111 0.394 1.000
0.0 0.0 0.0 1.0 0.0 0.0 0.0 0.0 0.0 0.0 0.417 0.354 0.583 0.418 2.0 0.111 0.394 1.000
0.0 1.0 0.0 0.0 0.0 0.0 0.0 0.0 0.0 0.0 0.438 0.417 0.417 0.417 1.0 0.097 0.333 0.040
0.0 1.0 0.0 0.0 0.0 0.0 0.0 0.0 0.0 0.0 0.438 0.500 0.500 0.500 1.0 0.097 0.242 0.040
0.0 0.0 0.0 1.0 0.0 0.0 0.0 0.0 0.0 0.0 0.438 0.500 0.500 0.500 2.0 0.125 0.424 0.040
0.0 1.0 0.0 0.0 0.0 0.0 0.0 0.0 0.0 0.0 0.396 0.542 0.542 0.542 1.0 0.111 0.273 0.040
0.0 0.0 0.0 1.0 0.0 0.0 0.0 0.0 0.0 0.0 0.396 0.542 0.542 0.542 2.0 0.153 0.394 0.040
0.0 1.0 0.0 0.0 0.0 0.0 0.0 0.0 0.0 0.0 0.438 0.500 0.500 0.500 1.0 0.111 0.303 0.040
0.0 1.0 0.0 0.0 0.0 0.0 0.0 0.0 0.0 0.0 0.438 0.479 0.479 0.479 1.0 0.111 0.303 0.040
0.0 0.0 0.0 1.0 0.0 0.0 0.0 0.0 0.0 0.0 0.458 0.312 0.542 0.377 2.0 0.125 0.424 1.000
0.0 1.0 0.0 0.0 0.0 0.0 0.0 0.0 0.0 0.0 0.417 0.354 0.583 0.418 1.0 0.097 0.273 1.000
0.0 1.0 0.0 0.0 0.0 0.0 0.0 0.0 0.0 0.0 0.438 0.333 0.562 0.397 1.0 0.097 0.394 1.000
0.0 0.0 0.0 1.0 0.0 0.0 0.0 0.0 0.0 0.0 0.417 0.354 0.583 0.418 2.0 0.111 0.394 1.000
0.0 0.0 0.0 1.0 0.0 0.0 0.0 0.0 0.0 0.0 0.438 0.333 0.562 0.397 2.0 0.125 0.394 1.000
0.0 1.0 0.0 0.0 0.0 0.0 0.0 0.0 0.0 0.0 0.438 0.417 0.417 0.417 1.0 0.097 0.364 0.040
0.0 0.0 0.0 1.0 0.0 0.0 0.0 0.0 0.0 0.0 0.417 0.438 0.438 0.438 2.0 0.111 0.364 0.040
0.0 0.0 0.0 1.0 0.0 0.0 0.0 0.0 0.0 0.0 0.417 0.354 0.583 0.418 2.0 0.139 0.364 1.000
0.0 0.0 0.0 1.0 0.0 0.0 0.0 0.0 0.0 0.0 0.438 0.417 0.417 0.417 2.0 0.111 0.394 0.040
0.0 0.0 0.0 1.0 0.0 0.0 0.0 0.0 0.0 0.0 0.458 0.312 0.542 0.377 2.0 0.167 0.394 1.000
0.0 1.0 0.0 0.0 0.0 0.0 0.0 0.0 0.0 0.0 0.438 0.333 0.562 0.412 1.0 0.153 0.333 0.760
1.0 0.0 0.0 0.0 0.0 0.0 0.0 0.0 0.0 0.0 0.438 0.333 0.562 0.435 1.0 0.194 0.333 0.600
0.0 0.0 0.0 1.0 0.0 0.0 0.0 0.0 0.0 0.0 0.458 0.479 0.479 0.479 2.0 0.139 0.424 0.040
0.0 0.0 0.0 1.0 0.0 0.0 0.0 0.0 0.0 0.0 0.417 0.521 0.521 0.521 2.0 0.139 0.394 0.040
0.0 0.0 0.0 1.0 0.0 0.0 0.0 0.0 0.0 0.0 0.479 0.292 0.521 0.356 2.0 0.125 0.424 1.000
0.0 0.0 0.0 1.0 0.0 0.0 0.0 0.0 0.0 0.0 0.438 0.333 0.562 0.397 2.0 0.139 0.394 1.000
0.0 0.0 0.0 1.0 0.0 0.0 0.0 0.0 0.0 0.0 0.458 0.312 0.542 0.377 2.0 0.153 0.394 1.000
0.0 0.0 0.0 1.0 0.0 0.0 0.0 0.0 0.0 0.0 0.458 0.396 0.396 0.396 2.0 0.111 0.364 0.040
0.0 0.0 0.0 1.0 0.0 0.0 0.0 0.0 0.0 0.0 0.438 0.333 0.562 0.397 2.0 0.181 0.364 1.000
0.0 1.0 0.0 0.0 0.0 0.0 0.0 0.0 0.0 0.0 0.458 0.396 0.396 0.396 1.0 0.125 0.394 0.040
0.0 1.0 0.0 0.0 0.0 0.0 0.0 0.0 0.0 0.0 0.500 0.438 0.438 0.438 1.0 0.125 0.424 0.040
0.0 0.0 0.0 1.0 0.0 0.0 0.0 0.0 0.0 0.0 0.479 0.458 0.458 0.458 2.0 0.139 0.424 0.040
0.0 0.0 0.0 1.0 0.0 0.0 0.0 0.0 0.0 0.0 0.438 0.500 0.500 0.500 2.0 0.167 0.394 0.040
0.0 1.0 0.0 0.0 0.0 0.0 0.0 0.0 0.0 0.0 0.500 0.271 0.500 0.335 1.0 0.111 0.424 1.000
0.0 0.0 0.0 1.0 0.0 0.0 0.0 0.0 0.0 0.0 0.458 0.312 0.542 0.377 2.0 0.139 0.394 1.000
0.0 0.0 0.0 1.0 0.0 0.0 0.0 0.0 0.0 0.0 0.479 0.292 0.521 0.356 2.0 0.222 0.424 1.000
0.0 1.0 0.0 0.0 0.0 0.0 0.0 0.0 0.0 0.0 0.479 0.375 0.375 0.375 1.0 0.097 0.364 0.040
0.0 1.0 0.0 0.0 0.0 0.0 0.0 0.0 0.0 0.0 0.479 0.292 0.521 0.381 1.0 0.153 0.394 0.680
1.0 0.0 0.0 0.0 0.0 0.0 0.0 0.0 0.0 0.0 0.479 0.292 0.521 0.380 1.0 0.194 0.394 0.680
0.0 1.0 0.0 0.0 0.0 0.0 0.0 0.0 0.0 0.0 0.521 0.417 0.417 0.417 1.0 0.097 0.424 0.040
0.0 1.0 0.0 0.0 0.0 0.0 0.0 0.0 0.0 0.0 0.458 0.479 0.479 0.479 1.0 0.111 0.394 0.040
0.0 0.0 0.0 1.0 0.0 0.0 0.0 0.0 0.0 0.0 0.521 0.250 0.479 0.314 2.0 0.208 0.455 1.000
0.0 0.0 0.0 1.0 0.0 0.0 0.0 0.0 0.0 0.0 0.479 0.292 0.521 0.356 2.0 0.222 0.424 1.000
0.0 1.0 0.0 0.0 0.0 0.0 0.0 0.0 0.0 0.0 0.458 0.312 0.542 0.398 1.0 0.319 0.364 0.720
1.0 0.0 0.0 0.0 0.0 0.0 0.0 0.0 0.0 0.0 0.458 0.312 0.542 0.405 1.0 0.333 0.364 0.640
0.0 1.0 0.0 0.0 0.0 0.0 0.0 0.0 0.0 0.0 0.521 0.250 0.479 0.361 1.0 0.806 0.606 0.520
0.0 0.0 1.0 0.0 0.0 0.0 0.0 0.0 0.0 0.0 0.500 0.271 0.500 0.381 2.0 0.306 0.606 0.520
0.0 1.0 0.0 0.0 0.0 0.0 0.0 0.0 0.0 0.0 0.521 0.250 0.479 0.365 1.0 0.583 0.606 0.520
0.0 0.0 1.0 0.0 0.0 0.0 0.0 0.0 0.0 0.0 0.500 0.271 0.500 0.386 2.0 0.236 0.606 0.520
0.0 1.0 0.0 0.0 0.0 0.0 0.0 0.0 0.0 0.0 0.521 0.250 0.479 0.349 1.0 0.806 0.606 0.600
0.0 0.0 0.0 1.0 0.0 0.0 0.0 0.0 0.0 0.0 0.500 0.271 0.500 0.369 2.0 0.292 0.606 0.600
0.0 0.0 1.0 0.0 0.0 0.0 0.0 0.0 0.0 0.0 0.500 0.271 0.500 0.402 2.0 0.347 0.606 0.440
1.0 0.0 0.0 0.0 0.0 0.0 0.0 0.0 0.0 0.0 0.500 0.271 0.500 0.335 1.0 0.139 0.424 1.000
1.0 0.0 0.0 0.0 0.0 0.0 0.0 0.0 0.0 0.0 0.500 0.354 0.354 0.354 1.0 0.139 0.424 0.040
1.0 0.0 0.0 0.0 0.0 0.0 0.0 0.0 0.0 0.0 0.542 0.229 0.458 0.293 1.0 0.139 0.455 1.000
1.0 0.0 0.0 0.0 0.0 0.0 0.0 0.0 0.0 0.0 0.542 0.312 0.312 0.312 1.0 0.139 0.455 0.040
1.0 0.0 0.0 0.0 0.0 0.0 0.0 0.0 0.0 0.0 0.500 0.271 0.500 0.335 1.0 0.139 0.424 1.000
1.0 0.0 0.0 0.0 0.0 0.0 0.0 0.0 0.0 0.0 0.500 0.354 0.354 0.354 1.0 0.139 0.424 0.040
0.0 0.0 0.0 1.0 0.0 0.0 0.0 0.0 0.0 0.0 0.521 0.333 0.333 0.333 2.0 0.125 0.455 0.040
0.0 1.0 0.0 0.0 0.0 0.0 0.0 0.0 0.0 0.0 0.521 0.333 0.333 0.333 1.0 0.097 0.424 0.040
0.0 0.0 0.0 1.0 0.0 0.0 0.0 0.0 0.0 0.0 0.521 0.250 0.479 0.314 2.0 0.139 0.455 1.000
0.0 1.0 0.0 0.0 0.0 0.0 0.0 0.0 0.0 0.0 0.521 0.250 0.479 0.314 1.0 0.097 0.424 1.000
0.0 0.0 0.0 1.0 0.0 0.0 0.0 0.0 0.0 0.0 0.562 0.292 0.292 0.292 2.0 0.125 0.515 0.040
0.0 1.0 0.0 0.0 0.0 0.0 0.0 0.0 0.0 0.0 0.562 0.292 0.292 0.292 1.0 0.097 0.455 0.040
0.0 0.0 0.0 1.0 0.0 0.0 0.0 0.0 0.0 0.0 0.562 0.208 0.438 0.273 2.0 0.125 0.515 1.000
0.0 1.0 0.0 0.0 0.0 0.0 0.0 0.0 0.0 0.0 0.562 0.208 0.438 0.273 1.0 0.097 0.455 1.000
0.0 0.0 0.0 1.0 0.0 0.0 0.0 0.0 0.0 0.0 0.521 0.333 0.333 0.333 2.0 0.125 0.455 0.040
0.0 1.0 0.0 0.0 0.0 0.0 0.0 0.0 0.0 0.0 0.521 0.333 0.333 0.333 1.0 0.097 0.424 0.040
0.0 0.0 0.0 1.0 0.0 0.0 0.0 0.0 0.0 0.0 0.521 0.250 0.479 0.314 2.0 0.139 0.455 1.000
0.0 1.0 0.0 0.0 0.0 0.0 0.0 0.0 0.0 0.0 0.521 0.250 0.479 0.314 1.0 0.097 0.424 1.000
0.0 0.0 0.0 1.0 0.0 0.0 0.0 0.0 0.0 0.0 0.542 0.312 0.312 0.312 2.0 0.125 0.455 0.040
0.0 0.0 0.0 1.0 0.0 0.0 0.0 0.0 0.0 0.0 0.542 0.229 0.458 0.293 2.0 0.139 0.455 1.000
0.0 0.0 0.0 1.0 0.0 0.0 0.0 0.0 0.0 0.0 0.583 0.271 0.271 0.271 2.0 0.125 0.515 0.040
0.0 0.0 0.0 1.0 0.0 0.0 0.0 0.0 0.0 0.0 0.583 0.188 0.417 0.252 2.0 0.125 0.515 1.000
0.0 0.0 0.0 1.0 0.0 0.0 0.0 0.0 0.0 0.0 0.542 0.312 0.312 0.312 2.0 0.125 0.455 0.040
0.0 0.0 0.0 1.0 0.0 0.0 0.0 0.0 0.0 0.0 0.542 0.229 0.458 0.293 2.0 0.139 0.455 1.000
0.0 0.0 0.0 1.0 0.0 0.0 0.0 0.0 0.0 0.0 0.562 0.292 0.292 0.292 2.0 0.125 0.455 0.040
0.0 0.0 0.0 1.0 0.0 0.0 0.0 0.0 0.0 0.0 0.562 0.208 0.438 0.273 2.0 0.181 0.455 1.000
0.0 0.0 0.0 1.0 0.0 0.0 0.0 0.0 0.0 0.0 0.604 0.250 0.250 0.250 2.0 0.125 0.515 0.040
0.0 1.0 0.0 0.0 0.0 0.0 0.0 0.0 0.0 0.0 0.625 0.146 0.375 0.210 1.0 0.153 0.515 1.000
0.0 0.0 1.0 0.0 0.0 0.0 0.0 0.0 0.0 0.0 0.604 0.167 0.396 0.231 2.0 0.139 0.515 1.000
0.0 0.0 0.0 1.0 0.0 0.0 0.0 0.0 0.0 0.0 0.562 0.292 0.292 0.292 2.0 0.125 0.455 0.040
0.0 0.0 0.0 1.0 0.0 0.0 0.0 0.0 0.0 0.0 0.562 0.208 0.438 0.273 2.0 0.194 0.455 1.000
0.0 1.0 0.0 0.0 0.0 0.0 0.0 0.0 0.0 0.0 0.583 0.271 0.271 0.271 1.0 0.125 0.455 0.040
0.0 1.0 0.0 0.0 0.0 0.0 0.0 0.0 0.0 0.0 0.625 0.229 0.229 0.229 1.0 0.139 0.515 0.040
0.0 1.0 0.0 0.0 0.0 0.0 0.0 0.0 0.0 0.0 0.583 0.271 0.271 0.271 1.0 0.125 0.455 0.040
0.0 1.0 0.0 0.0 0.0 0.0 0.0 0.0 0.0 0.0 0.583 0.188 0.417 0.286 1.0 0.236 0.455 0.600
1.0 0.0 0.0 0.0 0.0 0.0 0.0 0.0 0.0 0.0 0.583 0.188 0.417 0.269 1.0 0.417 0.455 0.760
0.0 1.0 0.0 0.0 0.0 0.0 0.0 0.0 0.0 0.0 0.646 0.125 0.354 0.233 1.0 0.319 0.515 0.480
0.0 0.0 1.0 0.0 0.0 0.0 0.0 0.0 0.0 0.0 0.646 0.125 0.354 0.199 2.0 0.472 0.545 0.840
0.0 1.0 0.0 0.0 0.0 0.0 0.0 0.0 0.0 0.0 0.583 0.188 0.417 0.290 1.0 0.361 0.455 0.560
0.0 0.0 1.0 0.0 0.0 0.0 0.0 0.0 0.0 0.0 0.583 0.188 0.417 0.267 2.0 0.458 0.515 0.800
0.0 0.0 0.0 1.0 0.0 0.0 0.0 0.0 0.0 0.0 0.646 0.208 0.208 0.208 4.0 0.250 0.909 0.040
0.0 1.0 0.0 0.0 0.0 0.0 0.0 0.0 0.0 0.0 0.625 0.229 0.229 0.229 1.0 0.167 0.758 0.040
0.0 0.0 1.0 0.0 0.0 0.0 0.0 0.0 0.0 0.0 0.604 0.250 0.250 0.250 4.0 0.181 0.758 0.040
0.0 0.0 1.0 0.0 0.0 0.0 0.0 0.0 0.0 0.0 0.500 0.354 0.354 0.354 2.0 0.153 0.545 0.040
1.0 0.0 0.0 0.0 0.0 0.0 0.0 0.0 0.0 0.0 0.667 0.104 0.333 0.207 1.0 0.375 0.545 0.520
1.0 0.0 0.0 0.0 0.0 0.0 0.0 0.0 0.0 0.0 0.667 0.104 0.333 0.198 1.0 0.528 0.545 0.640
1.0 0.0 0.0 0.0 0.0 0.0 0.0 0.0 0.0 0.0 0.604 0.167 0.396 0.274 1.0 0.375 0.515 0.560
1.0 0.0 0.0 0.0 0.0 0.0 0.0 0.0 0.0 0.0 0.604 0.167 0.396 0.262 1.0 0.458 0.515 0.560
0.0 1.0 0.0 0.0 0.0 0.0 0.0 0.0 0.0 0.0 0.625 0.167 0.375 0.267 1.0 0.653 0.636 0.440
0.0 0.0 0.0 1.0 0.0 0.0 0.0 0.0 0.0 0.0 0.604 0.188 0.396 0.288 2.0 0.278 0.636 0.440
0.0 0.0 1.0 0.0 0.0 0.0 0.0 0.0 0.0 0.0 0.604 0.167 0.396 0.285 2.0 0.542 0.636 0.480
0.0 0.0 1.0 0.0 0.0 0.0 0.0 0.0 0.0 0.0 0.604 0.167 0.396 0.265 2.0 0.819 0.636 0.600
0.0 0.0 1.0 0.0 0.0 0.0 0.0 0.0 0.0 0.0 0.604 0.167 0.396 0.280 2.0 0.597 0.636 0.520
0.0 0.0 1.0 0.0 0.0 0.0 0.0 0.0 0.0 0.0 0.667 0.188 0.188 0.188 4.0 0.167 0.939 0.040
0.0 1.0 0.0 0.0 0.0 0.0 0.0 0.0 0.0 0.0 0.688 0.167 0.167 0.167 1.0 0.097 0.545 0.040
0.0 0.0 1.0 0.0 0.0 0.0 0.0 0.0 0.0 0.0 0.667 0.188 0.188 0.188 2.0 0.111 0.545 0.040
0.0 0.0 1.0 0.0 0.0 0.0 0.0 0.0 0.0 0.0 0.667 0.104 0.333 0.212 2.0 0.528 0.545 0.480
0.0 0.0 1.0 0.0 0.0 0.0 0.0 0.0 0.0 0.0 0.604 0.250 0.250 0.250 2.0 0.125 0.515 0.040
0.0 0.0 1.0 0.0 0.0 0.0 0.0 0.0 0.0 0.0 0.604 0.167 0.396 0.269 2.0 0.597 0.515 0.560
0.0 0.0 0.0 1.0 0.0 0.0 0.0 0.0 0.0 0.0 0.708 0.146 0.292 0.221 4.0 0.625 0.970 0.320
0.0 0.0 1.0 0.0 0.0 0.0 0.0 0.0 0.0 0.0 0.688 0.167 0.312 0.242 2.0 0.306 0.788 0.320
0.0 0.0 0.0 1.0 0.0 0.0 0.0 0.0 0.0 0.0 0.708 0.146 0.292 0.221 4.0 0.611 0.970 0.320
0.0 0.0 1.0 0.0 0.0 0.0 0.0 0.0 0.0 0.0 0.688 0.167 0.312 0.242 2.0 0.306 0.788 0.320
0.0 0.0 0.0 1.0 0.0 0.0 0.0 0.0 0.0 0.0 0.708 0.146 0.292 0.221 4.0 0.556 0.970 0.320
0.0 0.0 1.0 0.0 0.0 0.0 0.0 0.0 0.0 0.0 0.688 0.167 0.312 0.242 2.0 0.306 0.788 0.320
0.0 0.0 0.0 1.0 0.0 0.0 0.0 0.0 0.0 0.0 0.708 0.146 0.292 0.221 4.0 0.597 0.970 0.320
0.0 0.0 1.0 0.0 0.0 0.0 0.0 0.0 0.0 0.0 0.688 0.167 0.312 0.242 2.0 0.306 0.788 0.320
0.0 0.0 0.0 1.0 0.0 0.0 0.0 0.0 0.0 0.0 0.708 0.146 0.292 0.219 4.0 0.528 0.970 0.320
0.0 0.0 1.0 0.0 0.0 0.0 0.0 0.0 0.0 0.0 0.688 0.167 0.312 0.240 2.0 0.458 0.788 0.320
0.0 1.0 0.0 0.0 0.0 0.0 0.0 0.0 0.0 0.0 0.750 0.104 0.250 0.177 1.0 0.208 0.970 0.320
0.0 0.0 1.0 0.0 0.0 0.0 0.0 0.0 0.0 0.0 0.729 0.125 0.271 0.198 4.0 0.542 0.970 0.320
0.0 1.0 0.0 0.0 0.0 0.0 0.0 0.0 0.0 0.0 0.708 0.146 0.292 0.219 1.0 0.125 0.788 0.320
0.0 0.0 0.0 1.0 0.0 0.0 0.0 0.0 0.0 0.0 0.688 0.167 0.312 0.240 2.0 0.417 0.788 0.320
0.0 0.0 0.0 1.0 0.0 0.0 0.0 0.0 0.0 0.0 0.708 0.146 0.292 0.219 4.0 0.597 0.970 0.320
0.0 0.0 1.0 0.0 0.0 0.0 0.0 0.0 0.0 0.0 0.688 0.167 0.312 0.240 2.0 0.472 0.788 0.320
0.0 0.0 1.0 0.0 0.0 0.0 0.0 0.0 0.0 0.0 0.729 0.062 0.062 0.062 4.0 0.625 0.970 0.040
0.0 1.0 0.0 0.0 0.0 0.0 0.0 0.0 0.0 0.0 0.708 0.083 0.083 0.083 1.0 0.139 0.788 0.040
0.0 0.0 0.0 1.0 0.0 0.0 0.0 0.0 0.0 0.0 0.688 0.104 0.104 0.104 2.0 0.250 0.788 0.040
0.0 1.0 0.0 0.0 0.0 0.0 0.0 0.0 0.0 0.0 0.729 0.062 0.062 0.062 1.0 0.153 0.970 0.040
0.0 0.0 1.0 0.0 0.0 0.0 0.0 0.0 0.0 0.0 0.708 0.083 0.083 0.083 4.0 0.597 0.970 0.040
0.0 0.0 1.0 0.0 0.0 0.0 0.0 0.0 0.0 0.0 0.688 0.104 0.104 0.104 2.0 0.292 0.788 0.040
0.0 0.0 1.0 0.0 0.0 0.0 0.0 0.0 0.0 0.0 0.729 0.062 0.062 0.062 4.0 0.556 0.970 0.040
0.0 1.0 0.0 0.0 0.0 0.0 0.0 0.0 0.0 0.0 0.708 0.083 0.083 0.083 1.0 0.139 0.788 0.040
0.0 0.0 1.0 0.0 0.0 0.0 0.0 0.0 0.0 0.0 0.688 0.104 0.104 0.104 2.0 0.250 0.788 0.040
0.0 0.0 1.0 0.0 0.0 0.0 0.0 0.0 0.0 0.0 0.708 0.062 0.062 0.062 4.0 0.611 0.970 0.040
0.0 0.0 1.0 0.0 0.0 0.0 0.0 0.0 0.0 0.0 0.688 0.083 0.083 0.083 2.0 0.306 0.788 0.040
0.0 0.0 1.0 0.0 0.0 0.0 0.0 0.0 0.0 0.0 0.729 0.062 0.062 0.062 4.0 0.528 0.970 0.040
0.0 1.0 0.0 0.0 0.0 0.0 0.0 0.0 0.0 0.0 0.708 0.083 0.083 0.083 1.0 0.139 0.788 0.040
0.0 0.0 0.0 1.0 0.0 0.0 0.0 0.0 0.0 0.0 0.688 0.104 0.104 0.104 2.0 0.403 0.788 0.040
0.0 0.0 1.0 0.0 0.0 0.0 0.0 0.0 0.0 0.0 0.708 0.062 0.062 0.062 4.0 0.583 0.970 0.040
0.0 0.0 1.0 0.0 0.0 0.0 0.0 0.0 0.0 0.0 0.688 0.083 0.083 0.083 2.0 0.472 0.788 0.040
0.0 1.0 0.0 0.0 0.0 0.0 0.0 0.0 0.0 0.0 0.729 0.083 0.083 0.083 1.0 0.153 0.970 0.040
0.0 0.0 1.0 0.0 0.0 0.0 0.0 0.0 0.0 0.0 0.708 0.104 0.104 0.104 4.0 0.514 0.970 0.040
0.0 0.0 1.0 0.0 0.0 0.0 0.0 0.0 0.0 0.0 0.688 0.125 0.125 0.125 2.0 0.458 0.788 0.040
0.0 0.0 0.0 1.0 0.0 0.0 0.0 0.0 0.0 0.0 0.708 0.146 0.292 0.221 4.0 0.625 0.970 0.320
0.0 0.0 1.0 0.0 0.0 0.0 0.0 0.0 0.0 0.0 0.688 0.167 0.312 0.242 2.0 0.486 0.788 0.320
0.0 0.0 0.0 1.0 0.0 0.0 0.0 0.0 0.0 0.0 0.708 0.146 0.292 0.221 4.0 0.569 0.970 0.320
0.0 0.0 1.0 0.0 0.0 0.0 0.0 0.0 0.0 0.0 0.688 0.167 0.312 0.242 2.0 0.458 0.788 0.320
0.0 0.0 0.0 1.0 0.0 0.0 0.0 0.0 0.0 0.0 0.708 0.146 0.292 0.221 4.0 0.681 0.970 0.320
0.0 0.0 1.0 0.0 0.0 0.0 0.0 0.0 0.0 0.0 0.688 0.167 0.312 0.242 2.0 0.458 0.788 0.320
0.0 1.0 0.0 0.0 0.0 0.0 0.0 0.0 0.0 0.0 0.729 0.125 0.271 0.201 1.0 0.222 0.970 0.320
0.0 0.0 0.0 1.0 0.0 0.0 0.0 0.0 0.0 0.0 0.708 0.146 0.292 0.221 4.0 0.528 0.970 0.320
0.0 0.0 1.0 0.0 0.0 0.0 0.0 0.0 0.0 0.0 0.688 0.167 0.312 0.242 2.0 0.444 0.788 0.320
0.0 0.0 0.0 1.0 0.0 0.0 0.0 0.0 0.0 0.0 0.708 0.146 0.292 0.219 4.0 0.542 0.970 0.320
0.0 0.0 1.0 0.0 0.0 0.0 0.0 0.0 0.0 0.0 0.688 0.167 0.312 0.240 2.0 0.458 0.788 0.320
0.0 0.0 0.0 1.0 0.0 0.0 0.0 0.0 0.0 0.0 0.729 0.125 0.271 0.198 4.0 0.556 0.970 0.320
0.0 1.0 0.0 0.0 0.0 0.0 0.0 0.0 0.0 0.0 0.708 0.146 0.292 0.219 1.0 0.139 0.788 0.320
0.0 0.0 1.0 0.0 0.0 0.0 0.0 0.0 0.0 0.0 0.688 0.167 0.312 0.240 2.0 0.347 0.788 0.320
0.0 0.0 0.0 1.0 0.0 0.0 0.0 0.0 0.0 0.0 0.708 0.146 0.292 0.219 4.0 0.569 0.970 0.320
0.0 0.0 1.0 0.0 0.0 0.0 0.0 0.0 0.0 0.0 0.688 0.167 0.312 0.240 2.0 0.403 0.788 0.320
0.0 0.0 0.0 1.0 0.0 0.0 0.0 0.0 0.0 0.0 0.708 0.146 0.292 0.219 4.0 0.597 0.970 0.320
0.0 0.0 1.0 0.0 0.0 0.0 0.0 0.0 0.0 0.0 0.688 0.167 0.312 0.240 2.0 0.403 0.788 0.320
0.0 0.0 0.0 1.0 0.0 0.0 0.0 0.0 0.0 0.0 0.708 0.146 0.292 0.219 4.0 0.542 0.970 0.320
0.0 0.0 1.0 0.0 0.0 0.0 0.0 0.0 0.0 0.0 0.688 0.167 0.312 0.240 2.0 0.403 0.788 0.320
0.0 0.0 0.0 1.0 0.0 0.0 0.0 0.0 0.0 0.0 0.708 0.146 0.146 0.146 4.0 0.486 0.939 0.040
0.0 0.0 1.0 0.0 0.0 0.0 0.0 0.0 0.0 0.0 0.688 0.167 0.167 0.167 2.0 0.444 0.788 0.040
0.0 0.0 0.0 1.0 0.0 0.0 0.0 0.0 0.0 0.0 0.708 0.146 0.146 0.146 4.0 0.486 0.939 0.040
0.0 0.0 1.0 0.0 0.0 0.0 0.0 0.0 0.0 0.0 0.688 0.167 0.167 0.167 2.0 0.389 0.788 0.040
0.0 0.0 0.0 1.0 0.0 0.0 0.0 0.0 0.0 0.0 0.708 0.146 0.146 0.146 4.0 0.556 0.939 0.040
0.0 0.0 1.0 0.0 0.0 0.0 0.0 0.0 0.0 0.0 0.688 0.167 0.167 0.167 2.0 0.514 0.788 0.040
0.0 0.0 0.0 1.0 0.0 0.0 0.0 0.0 0.0 0.0 0.708 0.146 0.146 0.146 4.0 0.514 0.939 0.040
0.0 0.0 1.0 0.0 0.0 0.0 0.0 0.0 0.0 0.0 0.688 0.167 0.167 0.167 2.0 0.514 0.788 0.040
0.0 0.0 0.0 1.0 0.0 0.0 0.0 0.0 0.0 0.0 0.708 0.146 0.146 0.146 4.0 0.458 0.939 0.040
0.0 0.0 1.0 0.0 0.0 0.0 0.0 0.0 0.0 0.0 0.688 0.167 0.167 0.167 2.0 0.514 0.788 0.040
0.0 0.0 0.0 1.0 0.0 0.0 0.0 0.0 0.0 0.0 0.729 0.125 0.125 0.125 4.0 0.458 0.939 0.040
0.0 1.0 0.0 0.0 0.0 0.0 0.0 0.0 0.0 0.0 0.708 0.146 0.146 0.146 1.0 0.125 0.788 0.040
0.0 0.0 1.0 0.0 0.0 0.0 0.0 0.0 0.0 0.0 0.688 0.167 0.167 0.167 2.0 0.472 0.788 0.040
0.0 0.0 0.0 1.0 0.0 0.0 0.0 0.0 0.0 0.0 0.708 0.146 0.146 0.146 4.0 0.514 0.939 0.040
0.0 0.0 1.0 0.0 0.0 0.0 0.0 0.0 0.0 0.0 0.688 0.167 0.167 0.167 2.0 0.347 0.788 0.040
0.0 0.0 0.0 1.0 0.0 0.0 0.0 0.0 0.0 0.0 0.750 0.104 0.104 0.104 4.0 0.500 0.939 0.040
0.0 1.0 0.0 0.0 0.0 0.0 0.0 0.0 0.0 0.0 0.729 0.125 0.125 0.125 1.0 0.125 0.788 0.040
0.0 0.0 1.0 0.0 0.0 0.0 0.0 0.0 0.0 0.0 0.708 0.146 0.146 0.146 2.0 0.319 0.788 0.040
0.0 0.0 1.0 0.0 0.0 0.0 0.0 0.0 0.0 0.0 0.708 0.062 0.062 0.062 4.0 0.639 0.970 0.040
0.0 0.0 1.0 0.0 0.0 0.0 0.0 0.0 0.0 0.0 0.688 0.083 0.083 0.083 2.0 0.486 0.788 0.040
0.0 0.0 1.0 0.0 0.0 0.0 0.0 0.0 0.0 0.0 0.708 0.062 0.062 0.062 4.0 0.583 0.970 0.040
0.0 0.0 1.0 0.0 0.0 0.0 0.0 0.0 0.0 0.0 0.688 0.083 0.083 0.083 2.0 0.458 0.788 0.040
0.0 0.0 1.0 0.0 0.0 0.0 0.0 0.0 0.0 0.0 0.708 0.062 0.062 0.062 4.0 0.611 0.970 0.040
0.0 0.0 1.0 0.0 0.0 0.0 0.0 0.0 0.0 0.0 0.688 0.083 0.083 0.083 2.0 0.458 0.788 0.040
0.0 0.0 1.0 0.0 0.0 0.0 0.0 0.0 0.0 0.0 0.708 0.083 0.083 0.083 4.0 0.556 0.970 0.040
0.0 0.0 1.0 0.0 0.0 0.0 0.0 0.0 0.0 0.0 0.688 0.104 0.104 0.104 2.0 0.458 0.788 0.040
0.0 0.0 1.0 0.0 0.0 0.0 0.0 0.0 0.0 0.0 0.708 0.062 0.062 0.062 4.0 0.556 0.970 0.040
0.0 0.0 1.0 0.0 0.0 0.0 0.0 0.0 0.0 0.0 0.688 0.083 0.083 0.083 2.0 0.458 0.788 0.040
0.0 0.0 1.0 0.0 0.0 0.0 0.0 0.0 0.0 0.0 0.708 0.062 0.062 0.062 4.0 0.583 0.970 0.040
0.0 0.0 1.0 0.0 0.0 0.0 0.0 0.0 0.0 0.0 0.688 0.083 0.083 0.083 2.0 0.403 0.788 0.040
0.0 1.0 0.0 0.0 0.0 0.0 0.0 0.0 0.0 0.0 0.729 0.083 0.083 0.083 1.0 0.153 0.970 0.040
0.0 0.0 1.0 0.0 0.0 0.0 0.0 0.0 0.0 0.0 0.708 0.104 0.104 0.104 4.0 0.556 0.970 0.040
0.0 0.0 1.0 0.0 0.0 0.0 0.0 0.0 0.0 0.0 0.688 0.125 0.125 0.125 2.0 0.389 0.788 0.040
0.0 0.0 1.0 0.0 0.0 0.0 0.0 0.0 0.0 0.0 0.708 0.062 0.062 0.062 4.0 0.611 0.970 0.040
0.0 0.0 1.0 0.0 0.0 0.0 0.0 0.0 0.0 0.0 0.688 0.083 0.083 0.083 2.0 0.403 0.788 0.040
0.0 0.0 1.0 0.0 0.0 0.0 0.0 0.0 0.0 0.0 0.708 0.062 0.062 0.062 4.0 0.556 0.970 0.040
0.0 0.0 1.0 0.0 0.0 0.0 0.0 0.0 0.0 0.0 0.688 0.083 0.083 0.083 2.0 0.403 0.788 0.040
0.0 0.0 0.0 1.0 0.0 0.0 0.0 0.0 0.0 0.0 0.750 0.042 0.042 0.042 2.0 0.153 0.970 0.040
0.0 1.0 0.0 0.0 0.0 0.0 0.0 0.0 0.0 0.0 0.750 0.042 0.042 0.042 1.0 0.139 0.970 0.040
0.0 0.0 0.0 1.0 0.0 0.0 0.0 0.0 0.0 0.0 0.750 0.042 0.042 0.042 2.0 0.111 0.970 0.040
0.0 1.0 0.0 0.0 0.0 0.0 0.0 0.0 0.0 0.0 0.750 0.042 0.042 0.042 1.0 0.097 0.970 0.040
0.0 0.0 0.0 1.0 0.0 0.0 0.0 0.0 0.0 0.0 0.750 0.042 0.042 0.042 2.0 0.153 0.970 0.040
0.0 1.0 0.0 0.0 0.0 0.0 0.0 0.0 0.0 0.0 0.750 0.042 0.042 0.042 1.0 0.139 0.970 0.040
0.0 1.0 0.0 0.0 0.0 0.0 0.0 0.0 0.0 0.0 0.750 0.021 0.021 0.021 1.0 0.083 0.970 0.040
0.0 0.0 1.0 0.0 0.0 0.0 0.0 0.0 0.0 0.0 0.729 0.042 0.042 0.042 2.0 0.153 0.970 0.040
0.0 1.0 0.0 0.0 0.0 0.0 0.0 0.0 0.0 0.0 0.729 0.042 0.042 0.042 1.0 0.139 0.970 0.040
0.0 0.0 0.0 1.0 0.0 0.0 0.0 0.0 0.0 0.0 0.750 0.042 0.042 0.042 2.0 0.153 0.970 0.040
0.0 1.0 0.0 0.0 0.0 0.0 0.0 0.0 0.0 0.0 0.750 0.042 0.042 0.042 1.0 0.139 0.970 0.040
0.0 0.0 0.0 1.0 0.0 0.0 0.0 0.0 0.0 0.0 0.729 0.042 0.042 0.042 2.0 0.153 0.970 0.040
0.0 1.0 0.0 0.0 0.0 0.0 0.0 0.0 0.0 0.0 0.729 0.042 0.042 0.042 1.0 0.139 0.970 0.040
0.0 0.0 0.0 1.0 0.0 0.0 0.0 0.0 0.0 0.0 0.750 0.062 0.062 0.062 2.0 0.111 0.970 0.040
0.0 1.0 0.0 0.0 0.0 0.0 0.0 0.0 0.0 0.0 0.750 0.062 0.062 0.062 1.0 0.097 0.970 0.040
0.0 0.0 1.0 0.0 0.0 0.0 0.0 0.0 0.0 0.0 0.771 0.083 0.083 0.083 4.0 0.278 0.939 0.040
0.0 0.0 1.0 0.0 0.0 0.0 0.0 0.0 0.0 0.0 0.750 0.104 0.104 0.104 4.0 0.292 0.939 0.040
0.0 0.0 1.0 0.0 0.0 0.0 0.0 0.0 0.0 0.0 0.729 0.125 0.125 0.125 2.0 0.181 0.939 0.040
0.0 0.0 0.0 1.0 0.0 0.0 0.0 0.0 0.0 0.0 0.771 0.021 0.021 0.021 2.0 0.097 0.970 0.040
0.0 0.0 0.0 1.0 0.0 0.0 0.0 0.0 0.0 0.0 0.771 0.021 0.021 0.021 2.0 0.097 0.970 0.040
0.0 0.0 0.0 1.0 0.0 0.0 0.0 0.0 0.0 0.0 0.771 0.021 0.021 0.021 2.0 0.097 0.970 0.040
0.0 0.0 0.0 1.0 0.0 0.0 0.0 0.0 0.0 0.0 0.750 0.021 0.021 0.021 2.0 0.097 0.970 0.040
0.0 0.0 0.0 1.0 0.0 0.0 0.0 0.0 0.0 0.0 0.729 0.042 0.042 0.042 2.0 0.153 0.970 0.040
0.0 1.0 0.0 0.0 0.0 0.0 0.0 0.0 0.0 0.0 0.729 0.042 0.042 0.042 1.0 0.139 0.970 0.040
0.0 0.0 0.0 1.0 0.0 0.0 0.0 0.0 0.0 0.0 0.729 0.042 0.042 0.042 2.0 0.153 0.970 0.040
0.0 1.0 0.0 0.0 0.0 0.0 0.0 0.0 0.0 0.0 0.729 0.042 0.042 0.042 1.0 0.139 0.970 0.040
0.0 0.0 0.0 1.0 0.0 0.0 0.0 0.0 0.0 0.0 0.729 0.042 0.042 0.042 2.0 0.153 0.970 0.040
0.0 1.0 0.0 0.0 0.0 0.0 0.0 0.0 0.0 0.0 0.729 0.042 0.042 0.042 1.0 0.139 0.970 0.040
0.0 0.0 0.0 1.0 0.0 0.0 0.0 0.0 0.0 0.0 0.729 0.062 0.062 0.062 2.0 0.153 0.970 0.040
0.0 1.0 0.0 0.0 0.0 0.0 0.0 0.0 0.0 0.0 0.729 0.062 0.062 0.062 1.0 0.139 0.970 0.040
0.0 0.0 0.0 1.0 0.0 0.0 0.0 0.0 0.0 0.0 0.729 0.042 0.042 0.042 2.0 0.153 0.970 0.040
0.0 1.0 0.0 0.0 0.0 0.0 0.0 0.0 0.0 0.0 0.729 0.042 0.042 0.042 1.0 0.139 0.970 0.040
0.0 0.0 0.0 1.0 0.0 0.0 0.0 0.0 0.0 0.0 0.771 0.021 0.021 0.021 2.0 0.097 0.970 0.040
0.0 0.0 0.0 1.0 0.0 0.0 0.0 0.0 0.0 0.0 0.729 0.042 0.042 0.042 2.0 0.153 0.970 0.040
0.0 1.0 0.0 0.0 0.0 0.0 0.0 0.0 0.0 0.0 0.729 0.042 0.042 0.042 1.0 0.139 0.970 0.040
0.0 0.0 0.0 1.0 0.0 0.0 0.0 0.0 0.0 0.0 0.750 0.062 0.062 0.062 2.0 0.111 0.970 0.040
0.0 1.0 0.0 0.0 0.0 0.0 0.0 0.0 0.0 0.0 0.750 0.062 0.062 0.062 1.0 0.097 0.970 0.040
0.0 0.0 0.0 1.0 0.0 0.0 0.0 0.0 0.0 0.0 0.729 0.042 0.042 0.042 2.0 0.153 0.970 0.040
0.0 1.0 0.0 0.0 0.0 0.0 0.0 0.0 0.0 0.0 0.729 0.042 0.042 0.042 1.0 0.139 0.970 0.040
0.0 0.0 0.0 1.0 0.0 0.0 0.0 0.0 0.0 0.0 0.729 0.042 0.042 0.042 2.0 0.153 0.970 0.040
0.0 1.0 0.0 0.0 0.0 0.0 0.0 0.0 0.0 0.0 0.729 0.042 0.042 0.042 1.0 0.139 0.970 0.040
0.0 0.0 0.0 1.0 0.0 0.0 0.0 0.0 0.0 0.0 0.750 0.021 0.021 0.021 2.0 0.097 0.970 0.040
0.0 1.0 0.0 0.0 0.0 0.0 0.0 0.0 0.0 0.0 0.792 0.021 0.021 0.021 1.0 0.083 0.970 0.040
0.0 0.0 1.0 0.0 0.0 0.0 0.0 0.0 0.0 0.0 0.771 0.042 0.042 0.042 2.0 0.097 0.970 0.040
0.0 1.0 0.0 0.0 0.0 0.0 0.0 0.0 0.0 0.0 0.792 0.146 0.146 0.146 1.0 0.139 0.970 0.040
0.0 0.0 0.0 1.0 0.0 0.0 0.0 0.0 0.0 0.0 0.771 0.167 0.167 0.167 4.0 0.250 0.970 0.040
0.0 0.0 1.0 0.0 0.0 0.0 0.0 0.0 0.0 0.0 0.729 0.208 0.208 0.208 4.0 0.306 0.970 0.040
0.0 1.0 0.0 0.0 0.0 0.0 0.0 0.0 0.0 0.0 0.750 0.188 0.188 0.188 1.0 0.125 0.970 0.040
0.0 0.0 1.0 0.0 0.0 0.0 0.0 0.0 0.0 0.0 0.729 0.208 0.208 0.208 2.0 0.181 0.970 0.040
0.0 0.0 0.0 1.0 0.0 0.0 0.0 0.0 0.0 0.0 0.771 0.146 0.146 0.146 4.0 0.292 0.970 0.040
0.0 0.0 1.0 0.0 0.0 0.0 0.0 0.0 0.0 0.0 0.750 0.167 0.167 0.167 4.0 0.306 0.970 0.040
0.0 0.0 1.0 0.0 0.0 0.0 0.0 0.0 0.0 0.0 0.729 0.188 0.188 0.188 2.0 0.222 0.970 0.040
0.0 0.0 1.0 0.0 0.0 0.0 0.0 0.0 0.0 0.0 0.750 0.104 0.250 0.179 4.0 0.389 0.970 0.280
0.0 0.0 1.0 0.0 0.0 0.0 0.0 0.0 0.0 0.0 0.729 0.125 0.271 0.199 4.0 0.319 0.970 0.280
0.0 0.0 1.0 0.0 0.0 0.0 0.0 0.0 0.0 0.0 0.729 0.125 0.271 0.199 2.0 0.236 0.970 0.280
0.0 1.0 0.0 0.0 0.0 0.0 0.0 0.0 0.0 0.0 0.792 0.062 0.208 0.137 1.0 0.236 0.970 0.280
0.0 0.0 1.0 0.0 0.0 0.0 0.0 0.0 0.0 0.0 0.771 0.083 0.229 0.158 4.0 0.278 0.970 0.280
0.0 0.0 1.0 0.0 0.0 0.0 0.0 0.0 0.0 0.0 0.750 0.104 0.250 0.179 4.0 0.306 0.970 0.280
0.0 0.0 1.0 0.0 0.0 0.0 0.0 0.0 0.0 0.0 0.729 0.125 0.271 0.199 2.0 0.222 0.970 0.280
0.0 0.0 0.0 1.0 0.0 0.0 0.0 0.0 0.0 1.0 0.792 0.000 0.000 0.000 2.0 0.097 0.970 0.040
0.0 0.0 0.0 1.0 0.0 0.0 0.0 0.0 0.0 1.0 0.792 0.000 0.000 0.000 2.0 0.097 0.970 0.040
0.0 0.0 0.0 1.0 0.0 0.0 0.0 0.0 0.0 1.0 0.792 0.000 0.000 0.000 2.0 0.097 0.970 0.040
0.0 0.0 0.0 1.0 0.0 0.0 0.0 0.0 0.0 1.0 0.771 0.000 0.000 0.000 2.0 0.083 0.970 0.040
0.0 0.0 0.0 1.0 0.0 0.0 0.0 0.0 0.0 0.0 0.750 0.021 0.021 0.021 2.0 0.097 0.970 0.040
0.0 0.0 0.0 1.0 0.0 0.0 0.0 0.0 0.0 0.0 0.750 0.021 0.021 0.021 2.0 0.097 0.970 0.040
0.0 0.0 0.0 1.0 0.0 0.0 0.0 0.0 0.0 0.0 0.750 0.021 0.021 0.021 2.0 0.097 0.970 0.040
0.0 1.0 0.0 0.0 0.0 0.0 0.0 0.0 0.0 0.0 0.771 0.021 0.021 0.021 1.0 0.083 0.970 0.040
0.0 0.0 1.0 0.0 0.0 0.0 0.0 0.0 0.0 0.0 0.750 0.042 0.042 0.042 2.0 0.097 0.970 0.040
0.0 0.0 0.0 1.0 0.0 0.0 0.0 0.0 0.0 0.0 0.750 0.021 0.021 0.021 2.0 0.097 0.970 0.040
0.0 0.0 0.0 1.0 0.0 0.0 0.0 0.0 0.0 1.0 0.792 0.000 0.000 0.000 2.0 0.097 0.970 0.040
0.0 0.0 0.0 1.0 0.0 0.0 0.0 0.0 0.0 0.0 0.750 0.021 0.021 0.021 2.0 0.097 0.970 0.040
0.0 1.0 0.0 0.0 0.0 0.0 0.0 0.0 0.0 0.0 0.792 0.021 0.021 0.021 1.0 0.083 0.970 0.040
0.0 0.0 0.0 1.0 0.0 0.0 0.0 0.0 0.0 0.0 0.771 0.042 0.042 0.042 2.0 0.097 0.970 0.040
0.0 0.0 0.0 1.0 0.0 0.0 0.0 0.0 0.0 0.0 0.750 0.021 0.021 0.021 2.0 0.097 0.970 0.040
0.0 0.0 0.0 1.0 0.0 0.0 0.0 0.0 0.0 0.0 0.750 0.021 0.021 0.021 2.0 0.097 0.970 0.040
0.0 0.0 0.0 1.0 0.0 0.0 0.0 0.0 0.0 1.0 0.771 0.000 0.000 0.000 2.0 0.097 0.970 0.040
0.0 0.0 0.0 1.0 0.0 0.0 0.0 0.0 0.0 1.0 0.812 0.000 0.000 0.000 2.0 0.083 0.970 0.040
0.0 0.0 1.0 0.0 0.0 0.0 0.0 0.0 0.0 0.0 0.812 0.125 0.125 0.125 2.0 0.125 0.970 0.040
0.0 0.0 1.0 0.0 0.0 0.0 0.0 0.0 0.0 0.0 0.792 0.125 0.125 0.125 2.0 0.167 0.970 0.040
0.0 0.0 0.0 1.0 0.0 0.0 0.0 0.0 0.0 1.0 0.771 0.000 0.000 0.000 2.0 0.097 0.970 0.040
0.0 0.0 0.0 1.0 0.0 0.0 0.0 0.0 0.0 1.0 0.771 0.000 0.000 0.000 2.0 0.097 0.970 0.040
0.0 0.0 0.0 1.0 0.0 0.0 0.0 0.0 0.0 1.0 0.771 0.000 0.000 0.000 2.0 0.097 0.970 0.040
0.0 0.0 0.0 1.0 0.0 0.0 0.0 0.0 0.0 1.0 0.792 0.000 0.000 0.000 2.0 0.083 0.970 0.040
0.0 0.0 0.0 1.0 0.0 0.0 0.0 0.0 0.0 1.0 0.771 0.000 0.000 0.000 2.0 0.097 0.970 0.040
0.0 0.0 0.0 1.0 0.0 0.0 0.0 0.0 0.0 1.0 0.771 0.000 0.000 0.000 2.0 0.097 0.970 0.040
0.0 0.0 0.0 1.0 0.0 0.0 0.0 0.0 0.0 1.0 0.812 0.000 0.000 0.000 2.0 0.083 0.970 0.040
0.0 0.0 0.0 1.0 0.0 0.0 0.0 0.0 0.0 1.0 0.771 0.000 0.000 0.000 2.0 0.097 0.970 0.040
0.0 0.0 0.0 1.0 0.0 0.0 0.0 0.0 0.0 1.0 0.771 0.000 0.000 0.000 2.0 0.097 0.970 0.040
0.0 0.0 1.0 0.0 0.0 0.0 0.0 0.0 0.0 0.0 0.812 0.042 0.042 0.042 3.0 0.250 1.000 0.040
0.0 0.0 0.0 1.0 0.0 0.0 0.0 0.0 0.0 0.0 0.812 0.104 0.188 0.128 2.0 0.417 1.000 0.240
0.0 0.0 1.0 0.0 0.0 0.0 0.0 0.0 1.0 0.0 0.833 0.021 0.021 0.021 4.0 0.208 1.000 0.040
0.0 0.0 0.0 1.0 0.0 0.0 0.0 0.0 0.0 0.0 0.833 0.104 0.104 0.104 2.0 0.153 0.970 0.040
0.0 1.0 0.0 0.0 0.0 0.0 0.0 0.0 0.0 0.0 0.833 0.104 0.104 0.104 1.0 0.111 0.970 0.040
0.0 0.0 0.0 1.0 0.0 0.0 0.0 0.0 0.0 0.0 0.812 0.104 0.104 0.104 2.0 0.153 0.970 0.040
0.0 1.0 0.0 0.0 0.0 0.0 0.0 0.0 0.0 0.0 0.812 0.104 0.104 0.104 1.0 0.111 0.970 0.040
0.0 0.0 0.0 0.0 0.0 1.0 0.0 0.0 0.0 1.0 0.854 0.000 0.000 0.000 2.0 0.097 1.000 0.040
0.0 0.0 1.0 0.0 0.0 0.0 0.0 0.0 0.0 0.0 0.833 0.104 0.104 0.104 3.0 0.236 1.000 0.040
0.0 0.0 1.0 0.0 0.0 0.0 0.0 0.0 1.0 0.0 0.833 0.104 0.104 0.104 3.0 0.208 1.000 0.040
0.0 0.0 1.0 0.0 0.0 0.0 0.0 0.0 1.0 0.0 0.833 0.104 0.104 0.104 3.0 0.208 1.000 0.040
0.0 0.0 1.0 0.0 0.0 0.0 0.0 0.0 1.0 0.0 0.833 0.083 0.083 0.083 3.0 0.208 1.000 0.040
0.0 0.0 1.0 0.0 0.0 0.0 0.0 0.0 0.0 0.0 0.833 0.083 0.083 0.083 3.0 0.236 1.000 0.040
0.0 0.0 0.0 1.0 0.0 0.0 0.0 0.0 0.0 0.0 0.854 0.083 0.083 0.083 2.0 0.153 0.970 0.040
0.0 0.0 0.0 1.0 0.0 0.0 0.0 0.0 0.0 0.0 0.833 0.083 0.083 0.083 2.0 0.153 0.970 0.040
0.0 0.0 1.0 0.0 0.0 0.0 0.0 0.0 1.0 0.0 0.833 0.167 0.167 0.167 3.0 0.208 1.000 0.040
0.0 0.0 0.0 1.0 0.0 0.0 0.0 0.0 0.0 0.0 0.875 0.062 0.062 0.062 2.0 0.167 0.970 0.040
0.0 0.0 0.0 1.0 0.0 0.0 0.0 0.0 0.0 0.0 0.854 0.062 0.062 0.062 2.0 0.167 0.970 0.040
0.0 0.0 0.0 1.0 0.0 0.0 0.0 0.0 0.0 0.0 0.854 0.083 0.083 0.083 2.0 0.153 1.000 0.040
0.0 0.0 0.0 1.0 0.0 0.0 0.0 0.0 0.0 0.0 0.854 0.083 0.083 0.083 2.0 0.139 1.000 0.040
0.0 1.0 0.0 0.0 0.0 0.0 0.0 0.0 0.0 0.0 0.875 0.062 0.062 0.062 1.0 0.097 1.000 0.040
0.0 0.0 1.0 0.0 0.0 0.0 0.0 0.0 0.0 0.0 0.854 0.083 0.083 0.083 2.0 0.125 1.000 0.040
0.0 0.0 0.0 1.0 0.0 0.0 0.0 0.0 0.0 0.0 0.854 0.062 0.062 0.062 2.0 0.139 1.000 0.040
0.0 0.0 0.0 1.0 0.0 0.0 0.0 0.0 0.0 0.0 0.854 0.062 0.062 0.062 2.0 0.153 1.000 0.040
0.0 1.0 0.0 0.0 0.0 0.0 0.0 0.0 0.0 0.0 0.854 0.083 0.083 0.083 1.0 0.125 1.000 0.040
0.0 1.0 0.0 0.0 0.0 0.0 0.0 0.0 0.0 0.0 0.854 0.083 0.083 0.083 1.0 0.111 1.000 0.040
0.0 1.0 0.0 0.0 0.0 0.0 0.0 0.0 0.0 0.0 0.854 0.083 0.083 0.083 1.0 0.111 1.000 0.040
0.0 1.0 0.0 0.0 0.0 0.0 0.0 0.0 0.0 0.0 0.854 0.062 0.062 0.062 1.0 0.111 1.000 0.040
0.0 1.0 0.0 0.0 0.0 0.0 0.0 0.0 0.0 0.0 0.854 0.062 0.062 0.062 1.0 0.125 1.000 0.040
0.0 1.0 0.0 0.0 0.0 0.0 0.0 0.0 0.0 0.0 0.854 0.146 0.146 0.146 1.0 0.111 1.000 0.040
0.0 1.0 0.0 0.0 0.0 0.0 0.0 0.0 0.0 0.0 0.875 0.125 0.125 0.125 1.0 0.111 1.000 0.040
0.0 0.0 1.0 0.0 0.0 0.0 0.0 0.0 0.0 0.0 0.854 0.146 0.146 0.146 2.0 0.125 1.000 0.040
0.0 0.0 0.0 1.0 0.0 0.0 0.0 0.0 0.0 0.0 0.875 0.062 0.062 0.062 2.0 0.125 1.000 0.040
0.0 1.0 0.0 0.0 0.0 0.0 0.0 0.0 0.0 0.0 0.896 0.042 0.042 0.042 1.0 0.097 1.000 0.040
0.0 0.0 0.0 1.0 0.0 0.0 0.0 0.0 0.0 0.0 0.875 0.062 0.062 0.062 2.0 0.125 1.000 0.040
0.0 0.0 0.0 1.0 0.0 0.0 0.0 0.0 0.0 0.0 0.875 0.062 0.062 0.062 2.0 0.125 1.000 0.040
0.0 0.0 0.0 1.0 0.0 0.0 0.0 0.0 0.0 0.0 0.875 0.042 0.042 0.042 2.0 0.125 1.000 0.040
0.0 0.0 0.0 1.0 0.0 0.0 0.0 0.0 0.0 0.0 0.875 0.042 0.042 0.042 2.0 0.125 1.000 0.040
0.0 0.0 0.0 1.0 0.0 0.0 0.0 0.0 0.0 0.0 0.896 0.042 0.042 0.042 2.0 0.125 0.970 0.040
0.0 1.0 0.0 0.0 0.0 0.0 0.0 0.0 0.0 0.0 0.896 0.042 0.042 0.042 1.0 0.111 0.970 0.040
0.0 0.0 0.0 1.0 0.0 0.0 0.0 0.0 0.0 0.0 0.875 0.042 0.042 0.042 2.0 0.125 0.970 0.040
0.0 1.0 0.0 0.0 0.0 0.0 0.0 0.0 0.0 0.0 0.875 0.042 0.042 0.042 1.0 0.111 0.970 0.040
0.0 0.0 0.0 1.0 0.0 0.0 0.0 0.0 0.0 0.0 0.875 0.125 0.125 0.125 2.0 0.153 1.000 0.040
0.0 1.0 0.0 0.0 0.0 0.0 0.0 0.0 0.0 0.0 0.917 0.021 0.021 0.021 1.0 0.083 1.000 0.040
0.0 0.0 1.0 0.0 0.0 0.0 0.0 0.0 0.0 0.0 0.896 0.042 0.042 0.042 2.0 0.125 1.000 0.040
0.0 0.0 0.0 1.0 0.0 0.0 0.0 0.0 0.0 0.0 0.917 0.021 0.021 0.021 2.0 0.111 1.000 0.040
0.0 0.0 0.0 1.0 0.0 0.0 0.0 0.0 0.0 0.0 0.896 0.042 0.042 0.042 2.0 0.125 1.000 0.040
0.0 0.0 0.0 1.0 0.0 0.0 0.0 0.0 0.0 0.0 0.896 0.021 0.021 0.021 2.0 0.125 1.000 0.040
0.0 0.0 0.0 1.0 0.0 0.0 0.0 0.0 0.0 0.0 0.896 0.021 0.021 0.021 2.0 0.125 1.000 0.040
0.0 0.0 0.0 1.0 0.0 0.0 0.0 0.0 0.0 0.0 0.917 0.021 0.021 0.021 2.0 0.125 0.970 0.040
0.0 0.0 0.0 1.0 0.0 0.0 0.0 0.0 0.0 0.0 0.896 0.021 0.021 0.021 2.0 0.125 0.970 0.040
0.0 0.0 0.0 1.0 0.0 0.0 0.0 0.0 0.0 0.0 0.896 0.104 0.104 0.104 2.0 0.153 1.000 0.040
0.0 0.0 1.0 0.0 0.0 0.0 0.0 0.0 0.0 1.0 0.938 0.000 0.000 0.000 2.0 0.069 1.000 0.040
0.0 0.0 1.0 0.0 0.0 0.0 0.0 0.0 0.0 1.0 0.938 0.000 0.000 0.000 2.0 0.097 1.000 0.040
0.0 1.0 0.0 0.0 0.0 0.0 0.0 0.0 0.0 1.0 0.938 0.000 0.000 0.000 1.0 0.056 1.000 0.040
0.0 0.0 0.0 1.0 0.0 0.0 0.0 0.0 0.0 0.0 0.917 0.021 0.021 0.021 2.0 0.111 1.000 0.040
0.0 0.0 1.0 0.0 0.0 0.0 0.0 0.0 0.0 1.0 0.917 0.000 0.000 0.000 2.0 0.097 1.000 0.040
0.0 0.0 1.0 0.0 0.0 0.0 0.0 0.0 0.0 1.0 0.917 0.000 0.000 0.000 2.0 0.097 1.000 0.040
0.0 0.0 0.0 1.0 0.0 0.0 0.0 0.0 0.0 1.0 0.938 0.000 0.000 0.000 2.0 0.097 0.970 0.040
0.0 0.0 0.0 1.0 0.0 0.0 0.0 0.0 0.0 1.0 0.917 0.000 0.000 0.000 2.0 0.097 0.970 0.040
0.0 0.0 0.0 1.0 0.0 0.0 0.0 0.0 0.0 0.0 0.917 0.083 0.083 0.083 2.0 0.139 1.000 0.040
0.0 1.0 0.0 0.0 0.0 0.0 0.0 0.0 0.0 0.0 0.917 0.083 0.083 0.083 1.0 0.111 1.000 0.040
0.0 0.0 0.0 1.0 0.0 0.0 0.0 0.0 0.0 0.0 0.938 0.062 0.062 0.062 2.0 0.139 1.000 0.040
0.0 0.0 0.0 1.0 0.0 0.0 0.0 0.0 0.0 0.0 0.958 0.042 0.042 0.042 2.0 0.139 1.000 0.040
0.0 1.0 0.0 0.0 0.0 0.0 0.0 0.0 0.0 1.0 1.000 0.000 0.000 0.000 1.0 0.056 1.000 0.040
0.0 0.0 1.0 0.0 0.0 0.0 0.0 0.0 0.0 0.0 0.979 0.021 0.021 0.021 2.0 0.111 1.000 0.040
