0.0 0.0 1.0 0.0 0.0 0.0 0.0 0.0 0.0 0.0 0.343 0.229 0.343 1.0 0.273 0.160 0.686
0.0 0.0 1.0 0.0 0.0 0.0 0.0 0.0 0.0 0.0 0.343 0.229 0.343 1.0 0.273 0.160 0.686
0.0 0.0 1.0 0.0 0.0 0.0 0.0 0.0 0.0 0.0 0.314 0.257 0.371 1.0 0.364 0.160 0.686
0.0 0.0 1.0 0.0 0.0 0.0 0.0 0.0 0.0 0.0 0.371 0.200 0.314 1.0 0.364 0.160 0.686
1.0 0.0 0.0 0.0 0.0 0.0 0.0 0.0 0.0 0.0 0.400 0.257 0.286 1.0 0.273 0.160 0.343
1.0 0.0 0.0 0.0 0.0 0.0 0.0 0.0 0.0 0.0 0.400 0.257 0.286 1.0 0.218 0.173 0.343
1.0 0.0 0.0 0.0 0.0 0.0 0.0 0.0 0.0 0.0 0.400 0.257 0.286 1.0 0.218 0.173 0.343
1.0 0.0 0.0 0.0 0.0 0.0 0.0 0.0 0.0 0.0 0.400 0.171 0.229 1.0 0.236 0.173 0.086
1.0 0.0 0.0 0.0 0.0 0.0 0.0 0.0 0.0 0.0 0.400 0.171 0.200 1.0 0.218 0.173 0.086
0.0 1.0 0.0 0.0 0.0 0.0 0.0 0.0 0.0 0.0 0.514 0.143 0.200 3.0 0.364 0.467 0.343
0.0 1.0 0.0 0.0 0.0 0.0 0.0 0.0 0.0 0.0 0.543 0.086 0.143 3.0 0.364 0.733 0.086
0.0 1.0 0.0 0.0 0.0 0.0 0.0 0.0 0.0 0.0 0.429 0.143 0.200 1.0 0.327 0.333 0.086
0.0 1.0 0.0 0.0 0.0 0.0 0.0 0.0 0.0 0.0 0.400 0.171 0.200 1.0 0.327 0.333 0.086
0.0 1.0 0.0 0.0 0.0 0.0 0.0 0.0 0.0 0.0 0.400 0.171 0.200 1.0 0.327 0.333 0.086
0.0 1.0 0.0 0.0 0.0 0.0 0.0 0.0 0.0 0.0 0.657 0.057 0.057 1.0 0.364 0.733 0.029
0.0 1.0 0.0 0.0 0.0 0.0 0.0 0.0 0.0 0.0 0.657 0.057 0.057 1.0 0.364 0.720 0.029
