0.0 1.0 0.0 0.0 0.0 0.0 0.0 0.0 0.0 0.0 0.105 0.474 0.895 0.605 1.0 1.000 0.192 0.724
0.0 0.0 1.0 0.0 0.0 0.0 0.0 0.0 0.0 0.0 0.079 0.500 0.921 0.632 4.0 0.491 0.192 0.724
0.0 0.0 0.0 1.0 0.0 0.0 0.0 0.0 0.0 0.0 0.211 0.789 0.789 0.789 2.0 0.228 0.346 0.034
0.0 0.0 0.0 1.0 0.0 0.0 0.0 0.0 0.0 0.0 0.211 0.711 0.789 0.750 2.0 0.228 0.346 0.069
0.0 0.0 0.0 1.0 0.0 0.0 0.0 0.0 0.0 0.0 0.211 0.658 0.789 0.719 2.0 0.228 0.346 0.103
0.0 0.0 0.0 1.0 0.0 0.0 0.0 0.0 0.0 0.0 0.263 0.474 0.737 0.579 4.0 0.333 0.462 0.207
0.0 0.0 0.0 1.0 0.0 0.0 0.0 0.0 0.0 0.0 0.237 0.474 0.763 0.561 4.0 0.281 0.462 0.310
0.0 0.0 1.0 0.0 0.0 0.0 0.0 0.0 0.0 0.0 0.105 0.605 0.895 0.693 2.0 0.333 0.154 0.310
0.0 0.0 0.0 1.0 0.0 0.0 0.0 0.0 0.0 0.0 0.237 0.421 0.763 0.529 4.0 0.333 0.462 0.414
0.0 0.0 0.0 1.0 0.0 0.0 0.0 0.0 0.0 0.0 0.237 0.368 0.763 0.504 4.0 0.351 0.462 0.517
0.0 0.0 0.0 1.0 0.0 0.0 0.0 0.0 0.0 0.0 0.237 0.368 0.763 0.490 4.0 0.404 0.462 0.621
0.0 0.0 0.0 1.0 0.0 0.0 0.0 0.0 0.0 0.0 0.237 0.342 0.763 0.474 4.0 0.351 0.462 0.724
0.0 0.0 1.0 0.0 0.0 0.0 0.0 0.0 1.0 0.0 0.211 0.789 0.789 0.789 2.0 0.316 0.269 0.034
0.0 0.0 1.0 0.0 0.0 0.0 0.0 0.0 1.0 0.0 0.211 0.711 0.789 0.750 2.0 0.333 0.269 0.069
0.0 0.0 1.0 0.0 0.0 0.0 0.0 0.0 1.0 0.0 0.211 0.658 0.789 0.719 2.0 0.316 0.269 0.103
0.0 0.0 0.0 1.0 0.0 0.0 0.0 0.0 0.0 0.0 0.237 0.500 0.763 0.605 2.0 0.228 0.308 0.207
0.0 0.0 0.0 1.0 0.0 0.0 0.0 0.0 0.0 0.0 0.263 0.447 0.737 0.535 3.0 0.316 0.346 0.310
0.0 0.0 0.0 1.0 0.0 0.0 0.0 0.0 0.0 0.0 0.237 0.421 0.763 0.529 3.0 0.316 0.308 0.414
0.0 0.0 0.0 1.0 0.0 0.0 0.0 0.0 0.0 0.0 0.237 0.368 0.763 0.504 4.0 0.368 0.269 0.517
0.0 0.0 0.0 1.0 0.0 0.0 0.0 0.0 0.0 0.0 0.237 0.368 0.763 0.490 3.0 0.368 0.308 0.621
0.0 1.0 0.0 0.0 0.0 0.0 0.0 0.0 0.0 0.0 0.263 0.316 0.737 0.447 1.0 0.211 0.423 0.724
0.0 0.0 0.0 1.0 0.0 0.0 0.0 0.0 0.0 0.0 0.237 0.342 0.763 0.474 4.0 0.351 0.423 0.724
0.0 0.0 0.0 1.0 0.0 0.0 0.0 0.0 0.0 0.0 0.079 0.500 0.921 0.624 2.0 0.263 0.115 0.793
0.0 0.0 1.0 0.0 0.0 0.0 0.0 0.0 1.0 0.0 0.026 0.553 0.974 0.676 2.0 0.175 0.077 0.793
0.0 1.0 0.0 0.0 0.0 0.0 0.0 0.0 0.0 0.0 0.053 0.526 0.947 0.650 1.0 0.123 0.077 0.793
0.0 0.0 0.0 1.0 0.0 0.0 0.0 0.0 1.0 0.0 0.026 0.553 0.974 0.676 2.0 0.070 0.077 0.793
0.0 0.0 1.0 0.0 0.0 0.0 0.0 0.0 1.0 0.0 0.026 0.553 0.974 0.676 2.0 0.070 0.077 0.793
0.0 0.0 0.0 1.0 0.0 0.0 0.0 0.0 0.0 0.0 0.211 0.368 0.789 0.492 3.0 0.351 0.423 0.793
0.0 0.0 0.0 1.0 0.0 0.0 0.0 0.0 0.0 0.0 0.237 0.342 0.763 0.466 3.0 0.228 0.423 0.793
0.0 0.0 0.0 1.0 0.0 0.0 0.0 0.0 0.0 0.0 0.211 0.368 0.789 0.492 3.0 0.263 0.423 0.793
0.0 0.0 0.0 1.0 0.0 0.0 0.0 0.0 0.0 0.0 0.211 0.368 0.789 0.492 3.0 0.263 0.423 0.793
0.0 0.0 0.0 1.0 0.0 0.0 0.0 0.0 0.0 0.0 0.237 0.342 0.763 0.466 3.0 0.263 0.423 0.793
0.0 0.0 0.0 1.0 0.0 0.0 0.0 0.0 0.0 0.0 0.211 0.368 0.789 0.492 3.0 0.246 0.423 0.793
0.0 0.0 1.0 0.0 0.0 0.0 0.0 0.0 1.0 0.0 0.132 0.447 0.868 0.571 2.0 0.351 0.154 0.793
0.0 0.0 1.0 0.0 0.0 0.0 0.0 0.0 1.0 0.0 0.132 0.447 0.868 0.571 2.0 0.281 0.154 0.793
0.0 0.0 1.0 0.0 0.0 0.0 0.0 0.0 1.0 0.0 0.132 0.447 0.868 0.571 2.0 0.316 0.154 0.793
0.0 0.0 0.0 1.0 0.0 0.0 0.0 0.0 0.0 0.0 0.211 0.368 0.789 0.492 2.0 0.140 0.385 0.793
0.0 0.0 0.0 1.0 0.0 0.0 0.0 0.0 0.0 0.0 0.211 0.368 0.789 0.492 3.0 0.263 0.385 0.793
0.0 0.0 0.0 1.0 0.0 0.0 0.0 0.0 0.0 0.0 0.211 0.368 0.789 0.492 3.0 0.228 0.385 0.793
0.0 0.0 0.0 1.0 0.0 0.0 0.0 0.0 0.0 0.0 0.237 0.342 0.763 0.466 2.0 0.175 0.385 0.793
0.0 0.0 0.0 1.0 0.0 0.0 0.0 0.0 0.0 0.0 0.211 0.368 0.789 0.492 2.0 0.140 0.385 0.793
0.0 0.0 0.0 1.0 0.0 0.0 0.0 0.0 0.0 0.0 0.211 0.368 0.789 0.492 3.0 0.246 0.385 0.793
0.0 0.0 0.0 1.0 0.0 0.0 0.0 0.0 0.0 1.0 0.158 0.000 0.000 0.000 2.0 0.140 0.346 0.034
0.0 0.0 0.0 1.0 0.0 0.0 0.0 0.0 0.0 1.0 0.105 0.000 0.000 0.000 3.0 0.140 0.115 0.034
0.0 0.0 0.0 1.0 0.0 0.0 0.0 0.0 0.0 1.0 0.658 0.000 0.000 0.000 4.0 0.211 1.000 0.034
0.0 0.0 0.0 1.0 0.0 0.0 0.0 0.0 0.0 1.0 0.579 0.000 0.000 0.000 4.0 0.228 1.000 0.034
0.0 0.0 0.0 1.0 0.0 0.0 0.0 0.0 0.0 1.0 0.737 0.000 0.000 0.000 2.0 0.105 0.962 0.034
0.0 1.0 0.0 0.0 0.0 0.0 0.0 0.0 0.0 1.0 0.711 0.000 0.000 0.000 1.0 0.070 0.962 0.034
0.0 0.0 0.0 1.0 0.0 0.0 0.0 0.0 0.0 0.0 0.684 0.026 0.026 0.026 2.0 0.123 0.962 0.034
0.0 0.0 0.0 1.0 0.0 0.0 0.0 0.0 0.0 1.0 0.658 0.000 0.000 0.000 2.0 0.105 0.962 0.034
0.0 0.0 0.0 1.0 0.0 0.0 0.0 0.0 0.0 1.0 0.605 0.000 0.000 0.000 2.0 0.088 0.962 0.034
0.0 1.0 0.0 0.0 0.0 0.0 0.0 0.0 0.0 1.0 0.632 0.000 0.000 0.000 1.0 0.070 0.962 0.034
0.0 0.0 0.0 1.0 0.0 0.0 0.0 0.0 0.0 0.0 0.605 0.026 0.026 0.026 2.0 0.105 0.962 0.034
0.0 0.0 0.0 1.0 0.0 0.0 0.0 0.0 0.0 1.0 0.579 0.000 0.000 0.000 2.0 0.105 0.962 0.034
0.0 0.0 0.0 1.0 0.0 0.0 0.0 0.0 0.0 1.0 1.000 0.000 0.000 0.000 2.0 0.105 0.962 0.034
0.0 0.0 0.0 1.0 0.0 0.0 0.0 0.0 0.0 1.0 0.921 0.000 0.000 0.000 2.0 0.105 0.962 0.034
0.0 0.0 0.0 1.0 0.0 0.0 0.0 0.0 0.0 1.0 0.868 0.000 0.000 0.000 3.0 0.123 0.962 0.034
0.0 0.0 0.0 1.0 0.0 0.0 0.0 0.0 0.0 1.0 0.763 0.000 0.000 0.000 4.0 0.175 0.962 0.034
0.0 0.0 1.0 0.0 0.0 0.0 0.0 0.0 0.0 0.0 0.684 0.079 0.079 0.079 2.0 0.158 0.962 0.034
0.0 1.0 0.0 0.0 0.0 0.0 0.0 0.0 0.0 1.0 0.711 0.000 0.000 0.000 1.0 0.105 0.962 0.034
0.0 0.0 1.0 0.0 0.0 0.0 0.0 0.0 0.0 0.0 0.684 0.026 0.026 0.026 4.0 0.211 0.962 0.034
0.0 0.0 1.0 0.0 0.0 0.0 0.0 0.0 0.0 0.0 0.658 0.053 0.053 0.053 2.0 0.175 0.962 0.034
0.0 0.0 0.0 1.0 0.0 0.0 0.0 0.0 0.0 1.0 0.684 0.000 0.000 0.000 4.0 0.193 0.962 0.034
0.0 0.0 1.0 0.0 0.0 0.0 0.0 0.0 0.0 0.0 0.658 0.026 0.026 0.026 2.0 0.158 0.962 0.034
0.0 0.0 0.0 1.0 0.0 0.0 0.0 0.0 0.0 1.0 0.684 0.000 0.000 0.000 4.0 0.175 0.962 0.034
0.0 0.0 1.0 0.0 0.0 0.0 0.0 0.0 0.0 0.0 0.658 0.026 0.026 0.026 2.0 0.158 0.962 0.034
0.0 1.0 0.0 0.0 0.0 0.0 0.0 0.0 0.0 1.0 0.711 0.000 0.000 0.000 1.0 0.105 0.962 0.034
0.0 0.0 0.0 1.0 0.0 0.0 0.0 0.0 0.0 0.0 0.684 0.026 0.026 0.026 4.0 0.211 0.962 0.034
0.0 0.0 1.0 0.0 0.0 0.0 0.0 0.0 0.0 0.0 0.658 0.053 0.053 0.053 2.0 0.175 0.962 0.034
0.0 0.0 0.0 1.0 0.0 0.0 0.0 0.0 0.0 1.0 0.658 0.000 0.000 0.000 4.0 0.175 0.962 0.034
0.0 1.0 0.0 0.0 0.0 0.0 0.0 0.0 0.0 1.0 0.763 0.000 0.000 0.000 1.0 0.088 1.000 0.034
0.0 0.0 0.0 1.0 0.0 0.0 0.0 0.0 0.0 0.0 0.737 0.026 0.026 0.026 3.0 0.158 1.000 0.034
0.0 1.0 0.0 0.0 0.0 0.0 0.0 0.0 0.0 1.0 0.711 0.000 0.000 0.000 1.0 0.088 1.000 0.034
0.0 0.0 0.0 1.0 0.0 0.0 0.0 0.0 0.0 0.0 0.684 0.026 0.026 0.026 3.0 0.158 1.000 0.034
0.0 0.0 0.0 1.0 0.0 0.0 0.0 0.0 0.0 1.0 0.658 0.000 0.000 0.000 3.0 0.140 1.000 0.034
0.0 1.0 0.0 0.0 0.0 0.0 0.0 0.0 0.0 1.0 0.632 0.000 0.000 0.000 1.0 0.088 1.000 0.034
0.0 0.0 1.0 0.0 0.0 0.0 0.0 0.0 0.0 0.0 0.605 0.026 0.026 0.026 3.0 0.158 1.000 0.034
0.0 1.0 0.0 0.0 0.0 0.0 0.0 0.0 0.0 1.0 0.632 0.000 0.000 0.000 1.0 0.088 1.000 0.034
0.0 0.0 1.0 0.0 0.0 0.0 0.0 0.0 0.0 0.0 0.605 0.026 0.026 0.026 3.0 0.158 1.000 0.034
0.0 0.0 0.0 1.0 0.0 0.0 0.0 0.0 0.0 1.0 0.605 0.000 0.000 0.000 3.0 0.140 1.000 0.034
0.0 0.0 1.0 0.0 0.0 0.0 0.0 0.0 0.0 0.0 0.105 0.053 0.895 0.575 3.0 0.386 0.231 0.828
0.0 1.0 0.0 0.0 0.0 0.0 0.0 0.0 1.0 0.0 0.026 0.079 0.974 0.631 1.0 0.702 0.038 0.862
0.0 0.0 0.0 0.0 0.0 1.0 0.0 0.0 1.0 0.0 0.053 0.053 0.947 0.604 2.0 0.579 0.077 0.862
0.0 1.0 0.0 0.0 0.0 0.0 0.0 0.0 1.0 0.0 0.026 0.132 0.974 0.634 1.0 0.368 0.038 0.862
0.0 1.0 0.0 0.0 0.0 0.0 0.0 0.0 1.0 0.0 0.026 0.105 0.974 0.632 1.0 0.316 0.038 0.862
0.0 1.0 0.0 0.0 0.0 0.0 0.0 0.0 1.0 0.0 0.026 0.105 0.974 0.632 1.0 0.333 0.038 0.862
0.0 1.0 0.0 0.0 0.0 0.0 0.0 0.0 1.0 0.0 0.026 0.105 0.974 0.632 1.0 0.351 0.038 0.862
0.0 1.0 0.0 0.0 0.0 0.0 0.0 0.0 1.0 0.0 0.026 0.105 0.974 0.705 1.0 0.175 0.038 0.345
0.0 0.0 1.0 0.0 0.0 0.0 0.0 0.0 0.0 0.0 0.079 0.079 0.658 0.512 2.0 0.456 0.115 0.310
0.0 1.0 0.0 0.0 0.0 0.0 0.0 0.0 1.0 0.0 0.026 0.079 0.974 0.631 1.0 0.456 0.038 0.862
0.0 1.0 0.0 0.0 0.0 0.0 0.0 0.0 0.0 0.0 0.079 0.079 0.921 0.601 1.0 0.649 0.077 0.828
0.0 0.0 0.0 0.0 0.0 1.0 0.0 0.0 0.0 0.0 0.053 0.105 0.947 0.627 2.0 0.351 0.077 0.828
0.0 1.0 0.0 0.0 0.0 0.0 0.0 0.0 1.0 0.0 0.026 0.132 0.974 0.654 1.0 0.754 0.038 0.828
0.0 1.0 0.0 0.0 0.0 0.0 0.0 0.0 0.0 0.0 0.526 0.053 0.237 0.128 1.0 0.386 0.923 0.276
0.0 0.0 0.0 0.0 1.0 0.0 0.0 0.0 1.0 0.0 0.053 0.526 0.947 0.650 2.0 0.491 0.077 0.793
0.0 0.0 0.0 0.0 1.0 0.0 0.0 0.0 1.0 0.0 0.053 0.053 0.947 0.646 2.0 0.263 0.077 0.379
0.0 0.0 0.0 0.0 1.0 0.0 0.0 0.0 1.0 0.0 0.105 0.474 0.895 0.597 2.0 0.439 0.115 0.793
0.0 0.0 0.0 0.0 0.0 1.0 0.0 0.0 0.0 0.0 0.579 0.079 0.421 0.199 2.0 0.877 0.962 0.310
0.0 0.0 1.0 0.0 0.0 0.0 0.0 0.0 0.0 0.0 0.553 0.105 0.447 0.225 4.0 0.947 0.962 0.310
0.0 0.0 0.0 0.0 0.0 1.0 0.0 0.0 1.0 0.0 0.579 0.079 0.289 0.147 3.0 0.702 0.962 0.241
0.0 0.0 1.0 0.0 0.0 0.0 0.0 0.0 1.0 0.0 0.605 0.079 0.263 0.132 2.0 0.298 0.962 0.207
0.0 0.0 1.0 0.0 0.0 0.0 0.0 0.0 0.0 0.0 0.605 0.053 0.158 0.096 2.0 0.386 0.962 0.207
0.0 0.0 0.0 0.0 0.0 1.0 0.0 0.0 1.0 0.0 0.579 0.079 0.184 0.123 3.0 0.509 0.962 0.207
0.0 0.0 0.0 1.0 0.0 0.0 0.0 0.0 0.0 0.0 0.053 0.526 0.711 0.602 3.0 0.702 0.115 0.241
0.0 1.0 0.0 0.0 0.0 0.0 0.0 0.0 1.0 0.0 0.026 0.553 0.974 0.676 1.0 0.246 0.038 0.793
0.0 0.0 0.0 0.0 0.0 1.0 0.0 0.0 0.0 0.0 0.079 0.526 0.684 0.588 2.0 0.544 0.154 0.207
0.0 0.0 1.0 0.0 0.0 0.0 0.0 0.0 0.0 0.0 0.553 0.053 0.211 0.114 2.0 0.474 0.962 0.207
0.0 0.0 1.0 0.0 0.0 0.0 0.0 0.0 0.0 0.0 0.526 0.079 0.237 0.140 2.0 0.421 0.962 0.207
0.0 0.0 0.0 0.0 1.0 0.0 0.0 0.0 1.0 0.0 0.026 0.105 0.974 0.561 2.0 0.351 0.077 1.000
0.0 1.0 0.0 0.0 0.0 0.0 0.0 0.0 0.0 0.0 0.079 0.053 0.658 0.320 1.0 0.561 0.115 0.414
0.0 0.0 0.0 0.0 1.0 0.0 0.0 0.0 1.0 0.0 0.053 0.079 0.684 0.346 2.0 0.333 0.115 0.414
0.0 0.0 0.0 0.0 0.0 1.0 0.0 0.0 0.0 0.0 0.526 0.053 0.211 0.127 3.0 0.719 0.962 0.207
0.0 1.0 0.0 0.0 0.0 0.0 0.0 0.0 0.0 0.0 0.184 0.395 0.553 0.469 1.0 0.439 0.385 0.207
0.0 0.0 1.0 0.0 0.0 0.0 0.0 0.0 0.0 0.0 0.158 0.421 0.579 0.496 2.0 0.281 0.385 0.207
0.0 1.0 0.0 0.0 0.0 0.0 0.0 0.0 0.0 0.0 0.158 0.421 0.842 0.545 1.0 0.351 0.308 0.793
0.0 0.0 0.0 0.0 1.0 0.0 0.0 0.0 1.0 0.0 0.132 0.447 0.868 0.571 3.0 0.281 0.308 0.793
0.0 0.0 0.0 0.0 0.0 1.0 0.0 0.0 1.0 0.0 0.158 0.421 0.842 0.545 3.0 0.456 0.308 0.793
0.0 0.0 0.0 1.0 0.0 0.0 0.0 0.0 0.0 0.0 0.105 0.474 0.895 0.597 2.0 0.649 0.115 0.793
0.0 0.0 0.0 0.0 0.0 1.0 0.0 0.0 0.0 0.0 0.184 0.395 0.816 0.518 2.0 0.614 0.346 0.793
0.0 0.0 0.0 0.0 1.0 0.0 0.0 0.0 0.0 0.0 0.053 0.526 0.947 0.658 2.0 0.842 0.077 0.724
0.0 1.0 0.0 0.0 0.0 0.0 0.0 0.0 0.0 0.0 0.132 0.447 0.868 0.579 1.0 0.333 0.154 0.724
0.0 0.0 1.0 0.0 0.0 0.0 0.0 0.0 0.0 0.0 0.105 0.474 0.895 0.605 2.0 0.281 0.154 0.724
0.0 1.0 0.0 0.0 0.0 0.0 0.0 0.0 0.0 0.0 0.079 0.500 0.921 0.632 1.0 0.439 0.154 0.724
0.0 0.0 0.0 0.0 1.0 0.0 0.0 0.0 1.0 0.0 0.053 0.526 0.947 0.658 3.0 0.211 0.154 0.724
0.0 0.0 1.0 0.0 0.0 0.0 0.0 0.0 0.0 0.0 0.132 0.447 0.868 0.579 2.0 0.491 0.192 0.724
0.0 0.0 0.0 1.0 0.0 0.0 0.0 0.0 0.0 0.0 0.158 0.421 0.842 0.553 3.0 0.561 0.269 0.724
0.0 1.0 0.0 0.0 0.0 0.0 0.0 0.0 0.0 0.0 0.079 0.500 0.921 0.632 1.0 0.491 0.154 0.724
0.0 0.0 0.0 0.0 0.0 1.0 0.0 0.0 1.0 0.0 0.053 0.526 0.947 0.658 3.0 0.333 0.154 0.724
0.0 0.0 0.0 1.0 0.0 0.0 0.0 0.0 0.0 1.0 0.158 0.000 0.000 0.000 2.0 0.105 0.192 0.034
0.0 0.0 0.0 1.0 0.0 0.0 0.0 0.0 0.0 1.0 0.132 0.000 0.000 0.000 2.0 0.088 0.192 0.034
0.0 1.0 0.0 0.0 0.0 0.0 0.0 0.0 0.0 1.0 0.184 0.000 0.000 0.000 1.0 0.070 0.192 0.034
0.0 0.0 0.0 1.0 0.0 0.0 0.0 0.0 0.0 0.0 0.158 0.026 0.026 0.026 2.0 0.123 0.192 0.034
0.0 0.0 0.0 1.0 0.0 0.0 0.0 0.0 0.0 1.0 0.132 0.000 0.000 0.000 2.0 0.088 0.192 0.034
0.0 0.0 0.0 1.0 0.0 0.0 0.0 0.0 0.0 1.0 0.132 0.000 0.000 0.000 2.0 0.088 0.192 0.034
0.0 0.0 0.0 1.0 0.0 0.0 0.0 0.0 0.0 1.0 0.132 0.000 0.000 0.000 2.0 0.088 0.192 0.034
0.0 0.0 1.0 0.0 0.0 0.0 0.0 0.0 0.0 0.0 0.079 0.079 0.921 0.601 4.0 0.281 0.192 0.828
0.0 0.0 1.0 0.0 0.0 0.0 0.0 0.0 0.0 0.0 0.105 0.474 0.474 0.474 3.0 0.351 0.154 0.034
0.0 0.0 0.0 0.0 1.0 0.0 0.0 0.0 1.0 0.0 0.079 0.500 0.921 0.632 3.0 0.386 0.154 0.724
0.0 1.0 0.0 0.0 0.0 0.0 0.0 0.0 0.0 0.0 0.184 0.395 0.816 0.518 1.0 0.474 0.308 0.793
0.0 0.0 0.0 0.0 1.0 0.0 0.0 0.0 1.0 0.0 0.079 0.500 0.921 0.632 3.0 0.474 0.154 0.724
0.0 0.0 0.0 0.0 1.0 0.0 0.0 0.0 0.0 0.0 0.079 0.500 0.921 0.632 3.0 0.474 0.154 0.724
0.0 0.0 0.0 0.0 1.0 0.0 0.0 0.0 1.0 0.0 0.079 0.500 0.921 0.632 3.0 0.614 0.154 0.724
0.0 0.0 0.0 1.0 0.0 0.0 0.0 0.0 1.0 0.0 0.026 0.553 0.974 0.676 2.0 0.316 0.077 0.793
0.0 1.0 0.0 0.0 0.0 0.0 0.0 0.0 0.0 0.0 0.132 0.447 0.868 0.571 1.0 0.386 0.231 0.793
0.0 0.0 0.0 0.0 1.0 0.0 0.0 0.0 0.0 0.0 0.105 0.053 0.053 0.053 2.0 0.333 0.115 0.034
0.0 1.0 0.0 0.0 0.0 0.0 0.0 0.0 0.0 0.0 0.579 0.079 0.079 0.079 1.0 0.123 0.962 0.034
0.0 0.0 0.0 0.0 1.0 0.0 0.0 0.0 0.0 0.0 0.553 0.105 0.105 0.105 2.0 0.246 0.962 0.034
0.0 0.0 0.0 1.0 0.0 0.0 0.0 0.0 0.0 0.0 0.053 0.605 0.605 0.605 2.0 0.333 0.077 0.034
0.0 0.0 0.0 1.0 0.0 0.0 0.0 0.0 0.0 0.0 0.605 0.053 0.053 0.053 2.0 0.140 0.962 0.034
0.0 1.0 0.0 0.0 0.0 0.0 0.0 0.0 0.0 0.0 0.553 0.105 0.105 0.105 1.0 0.158 0.962 0.034
0.0 0.0 0.0 1.0 0.0 0.0 0.0 0.0 0.0 0.0 0.526 0.132 0.132 0.132 3.0 0.316 0.962 0.034
0.0 1.0 0.0 0.0 0.0 0.0 0.0 0.0 0.0 0.0 0.184 0.395 0.395 0.395 1.0 0.140 0.346 0.034
0.0 0.0 0.0 1.0 0.0 0.0 0.0 0.0 0.0 0.0 0.158 0.421 0.421 0.421 2.0 0.193 0.346 0.034
0.0 0.0 0.0 0.0 1.0 0.0 0.0 0.0 0.0 0.0 0.079 0.500 0.500 0.500 2.0 0.263 0.115 0.034
0.0 0.0 0.0 0.0 1.0 0.0 0.0 0.0 0.0 0.0 0.553 0.026 0.026 0.026 2.0 0.246 0.962 0.034
0.0 1.0 0.0 0.0 0.0 0.0 0.0 0.0 0.0 0.0 0.105 0.553 0.895 0.673 1.0 0.333 0.115 0.310
0.0 0.0 0.0 0.0 0.0 1.0 0.0 0.0 1.0 0.0 0.079 0.579 0.921 0.699 2.0 0.123 0.115 0.310
0.0 1.0 0.0 0.0 0.0 0.0 0.0 0.0 0.0 0.0 0.158 0.500 0.842 0.620 1.0 0.351 0.308 0.310
0.0 0.0 0.0 1.0 0.0 0.0 0.0 0.0 0.0 0.0 0.132 0.526 0.868 0.646 2.0 0.281 0.308 0.310
0.0 0.0 0.0 0.0 1.0 0.0 0.0 0.0 0.0 0.0 0.526 0.132 0.474 0.251 2.0 0.544 0.923 0.310
0.0 0.0 0.0 1.0 0.0 0.0 0.0 0.0 0.0 0.0 0.974 0.026 0.026 0.026 2.0 0.298 0.962 0.034
0.0 0.0 0.0 1.0 0.0 0.0 0.0 0.0 1.0 0.0 0.579 0.421 0.421 0.421 2.0 0.333 0.962 0.034
0.0 0.0 0.0 1.0 0.0 0.0 0.0 0.0 0.0 0.0 0.895 0.026 0.026 0.026 2.0 0.298 0.962 0.034
0.0 0.0 0.0 1.0 0.0 0.0 0.0 0.0 1.0 0.0 0.579 0.342 0.342 0.342 2.0 0.333 0.962 0.034
0.0 1.0 0.0 0.0 0.0 0.0 0.0 0.0 0.0 0.0 0.658 0.211 0.211 0.211 1.0 0.105 0.962 0.034
0.0 0.0 0.0 1.0 0.0 0.0 0.0 0.0 1.0 0.0 0.632 0.237 0.237 0.237 2.0 0.175 0.962 0.034
0.0 1.0 0.0 0.0 0.0 0.0 0.0 0.0 0.0 0.0 0.842 0.026 0.026 0.026 1.0 0.123 0.962 0.034
0.0 0.0 1.0 0.0 0.0 0.0 0.0 0.0 0.0 0.0 0.816 0.053 0.053 0.053 2.0 0.298 0.962 0.034
0.0 0.0 0.0 1.0 0.0 0.0 0.0 0.0 1.0 0.0 0.579 0.289 0.289 0.289 2.0 0.351 0.962 0.034
0.0 0.0 0.0 1.0 0.0 0.0 0.0 0.0 1.0 0.0 0.632 0.132 0.132 0.132 2.0 0.211 0.962 0.034
0.0 1.0 0.0 0.0 0.0 0.0 0.0 0.0 0.0 0.0 0.658 0.105 0.105 0.105 1.0 0.105 0.962 0.034
0.0 0.0 0.0 1.0 0.0 0.0 0.0 0.0 1.0 0.0 0.632 0.132 0.132 0.132 2.0 0.175 0.962 0.034
0.0 1.0 0.0 0.0 0.0 0.0 0.0 0.0 0.0 0.0 0.737 0.026 0.026 0.026 1.0 0.140 0.962 0.034
0.0 0.0 1.0 0.0 0.0 0.0 0.0 0.0 0.0 0.0 0.711 0.053 0.053 0.053 2.0 0.333 0.962 0.034
0.0 0.0 0.0 1.0 0.0 0.0 0.0 0.0 1.0 0.0 0.605 0.158 0.158 0.158 2.0 0.211 0.962 0.034
0.0 0.0 0.0 1.0 0.0 0.0 0.0 0.0 1.0 0.0 0.579 0.184 0.184 0.184 2.0 0.368 0.962 0.034
0.0 0.0 0.0 1.0 0.0 0.0 0.0 0.0 1.0 0.0 0.632 0.079 0.079 0.079 2.0 0.211 0.962 0.034
0.0 0.0 0.0 1.0 0.0 0.0 0.0 0.0 1.0 0.0 0.632 0.079 0.079 0.079 2.0 0.193 0.962 0.034
0.0 0.0 0.0 1.0 0.0 0.0 0.0 0.0 0.0 0.0 0.658 0.053 0.053 0.053 2.0 0.386 0.962 0.034
0.0 0.0 0.0 1.0 0.0 0.0 0.0 0.0 1.0 0.0 0.605 0.105 0.105 0.105 2.0 0.228 0.962 0.034
0.0 0.0 0.0 1.0 0.0 0.0 0.0 0.0 1.0 0.0 0.579 0.132 0.132 0.132 2.0 0.386 0.962 0.034
0.0 0.0 0.0 1.0 0.0 0.0 0.0 0.0 1.0 0.0 0.632 0.053 0.053 0.053 2.0 0.211 0.962 0.034
0.0 0.0 0.0 1.0 0.0 0.0 0.0 0.0 1.0 0.0 0.632 0.053 0.053 0.053 2.0 0.193 0.962 0.034
0.0 0.0 0.0 1.0 0.0 0.0 0.0 0.0 0.0 0.0 0.632 0.053 0.053 0.053 2.0 0.368 0.962 0.034
0.0 0.0 0.0 1.0 0.0 0.0 0.0 0.0 1.0 0.0 0.605 0.079 0.079 0.079 2.0 0.211 0.962 0.034
0.0 0.0 0.0 1.0 0.0 0.0 0.0 0.0 1.0 0.0 0.579 0.105 0.105 0.105 2.0 0.368 0.962 0.034
0.0 0.0 0.0 1.0 0.0 0.0 0.0 0.0 1.0 0.0 0.632 0.053 0.053 0.053 2.0 0.211 0.962 0.034
0.0 0.0 0.0 1.0 0.0 0.0 0.0 0.0 1.0 0.0 0.632 0.053 0.053 0.053 2.0 0.193 0.962 0.034
0.0 1.0 0.0 0.0 0.0 0.0 0.0 0.0 0.0 0.0 0.632 0.053 0.053 0.053 1.0 0.140 0.962 0.034
0.0 0.0 1.0 0.0 0.0 0.0 0.0 0.0 0.0 0.0 0.605 0.079 0.079 0.079 2.0 0.333 0.962 0.034
0.0 0.0 0.0 1.0 0.0 0.0 0.0 0.0 1.0 0.0 0.605 0.079 0.079 0.079 2.0 0.211 0.962 0.034
0.0 0.0 0.0 1.0 0.0 0.0 0.0 0.0 1.0 0.0 0.579 0.105 0.105 0.105 2.0 0.368 0.962 0.034
0.0 0.0 0.0 1.0 0.0 0.0 0.0 0.0 1.0 0.0 0.632 0.079 0.079 0.079 2.0 0.211 0.962 0.034
0.0 0.0 0.0 1.0 0.0 0.0 0.0 0.0 1.0 0.0 0.632 0.079 0.079 0.079 2.0 0.193 0.962 0.034
0.0 0.0 0.0 1.0 0.0 0.0 0.0 0.0 0.0 0.0 0.605 0.105 0.105 0.105 2.0 0.386 0.962 0.034
0.0 0.0 0.0 1.0 0.0 0.0 0.0 0.0 1.0 0.0 0.605 0.105 0.105 0.105 2.0 0.228 0.962 0.034
0.0 1.0 0.0 0.0 0.0 0.0 0.0 0.0 0.0 0.0 0.605 0.105 0.105 0.105 1.0 0.140 0.962 0.034
0.0 0.0 0.0 1.0 0.0 0.0 0.0 0.0 1.0 0.0 0.579 0.132 0.132 0.132 2.0 0.333 0.962 0.034
0.0 0.0 0.0 1.0 0.0 0.0 0.0 0.0 1.0 0.0 0.632 0.026 0.026 0.026 2.0 0.228 0.962 0.034
0.0 0.0 0.0 1.0 0.0 0.0 0.0 0.0 0.0 0.0 0.605 0.053 0.053 0.053 2.0 0.368 0.962 0.034
0.0 1.0 0.0 0.0 0.0 0.0 0.0 0.0 0.0 0.0 0.632 0.026 0.026 0.026 1.0 0.123 0.962 0.034
0.0 0.0 0.0 1.0 0.0 0.0 0.0 0.0 1.0 0.0 0.605 0.053 0.053 0.053 2.0 0.175 0.962 0.034
0.0 0.0 0.0 1.0 0.0 0.0 0.0 0.0 1.0 0.0 0.579 0.079 0.079 0.079 2.0 0.368 0.962 0.034
0.0 0.0 0.0 1.0 0.0 0.0 0.0 0.0 0.0 0.0 0.711 0.053 0.053 0.053 2.0 0.316 0.962 0.034
0.0 0.0 0.0 1.0 0.0 0.0 0.0 0.0 1.0 0.0 0.553 0.211 0.211 0.211 2.0 0.228 0.962 0.034
0.0 0.0 0.0 1.0 0.0 0.0 0.0 0.0 1.0 0.0 0.079 0.684 0.684 0.684 2.0 0.281 0.154 0.034
0.0 0.0 0.0 1.0 0.0 0.0 0.0 0.0 0.0 0.0 0.658 0.053 0.053 0.053 2.0 0.316 0.962 0.034
0.0 0.0 0.0 1.0 0.0 0.0 0.0 0.0 1.0 0.0 0.553 0.158 0.158 0.158 2.0 0.228 0.962 0.034
0.0 0.0 0.0 1.0 0.0 0.0 0.0 0.0 1.0 0.0 0.079 0.632 0.632 0.632 2.0 0.281 0.154 0.034
0.0 0.0 0.0 1.0 0.0 0.0 0.0 0.0 0.0 0.0 0.632 0.026 0.026 0.026 2.0 0.298 0.962 0.034
0.0 1.0 0.0 0.0 0.0 0.0 0.0 0.0 0.0 0.0 0.579 0.079 0.079 0.079 1.0 0.105 0.962 0.034
0.0 0.0 1.0 0.0 0.0 0.0 0.0 0.0 1.0 0.0 0.553 0.105 0.105 0.105 2.0 0.193 0.962 0.034
0.0 0.0 0.0 1.0 0.0 0.0 0.0 0.0 1.0 0.0 0.079 0.579 0.579 0.579 2.0 0.263 0.154 0.034
0.0 0.0 0.0 1.0 0.0 0.0 0.0 0.0 0.0 0.0 0.579 0.053 0.053 0.053 2.0 0.316 0.962 0.034
0.0 0.0 0.0 1.0 0.0 0.0 0.0 0.0 1.0 0.0 0.553 0.079 0.079 0.079 2.0 0.228 0.962 0.034
0.0 0.0 0.0 1.0 0.0 0.0 0.0 0.0 1.0 0.0 0.079 0.553 0.553 0.553 2.0 0.281 0.154 0.034
0.0 0.0 0.0 1.0 0.0 0.0 0.0 0.0 0.0 0.0 0.579 0.053 0.053 0.053 2.0 0.316 0.962 0.034
0.0 1.0 0.0 0.0 0.0 0.0 0.0 0.0 0.0 0.0 0.579 0.053 0.053 0.053 1.0 0.123 0.962 0.034
0.0 0.0 1.0 0.0 0.0 0.0 0.0 0.0 1.0 0.0 0.553 0.079 0.079 0.079 2.0 0.193 0.962 0.034
0.0 1.0 0.0 0.0 0.0 0.0 0.0 0.0 0.0 0.0 0.105 0.526 0.526 0.526 1.0 0.123 0.154 0.034
0.0 0.0 0.0 1.0 0.0 0.0 0.0 0.0 1.0 0.0 0.079 0.553 0.553 0.553 2.0 0.246 0.154 0.034
0.0 0.0 0.0 1.0 0.0 0.0 0.0 0.0 0.0 0.0 0.579 0.026 0.026 0.026 2.0 0.298 0.962 0.034
0.0 0.0 0.0 1.0 0.0 0.0 0.0 0.0 1.0 0.0 0.553 0.053 0.053 0.053 2.0 0.211 0.962 0.034
0.0 0.0 0.0 1.0 0.0 0.0 0.0 0.0 1.0 0.0 0.079 0.526 0.526 0.526 2.0 0.263 0.154 0.034
0.0 0.0 0.0 1.0 0.0 0.0 0.0 0.0 0.0 0.0 0.105 0.474 0.632 0.548 2.0 0.474 0.154 0.207
0.0 0.0 0.0 1.0 0.0 0.0 0.0 0.0 0.0 0.0 0.132 0.026 0.605 0.451 2.0 0.316 0.346 0.241
0.0 0.0 0.0 1.0 0.0 0.0 0.0 0.0 0.0 0.0 0.711 0.026 0.026 0.026 2.0 0.298 0.962 0.034
0.0 0.0 0.0 1.0 0.0 0.0 0.0 0.0 1.0 0.0 0.211 0.526 0.526 0.526 2.0 0.193 0.423 0.034
0.0 0.0 0.0 1.0 0.0 0.0 0.0 0.0 0.0 0.0 0.658 0.053 0.053 0.053 2.0 0.316 0.962 0.034
0.0 0.0 0.0 1.0 0.0 0.0 0.0 0.0 1.0 0.0 0.211 0.500 0.500 0.500 2.0 0.211 0.423 0.034
0.0 0.0 0.0 1.0 0.0 0.0 0.0 0.0 0.0 0.0 0.632 0.026 0.026 0.026 2.0 0.298 0.962 0.034
0.0 0.0 0.0 1.0 0.0 0.0 0.0 0.0 1.0 0.0 0.211 0.447 0.447 0.447 2.0 0.193 0.423 0.034
0.0 1.0 0.0 0.0 0.0 0.0 0.0 0.0 0.0 0.0 0.579 0.026 0.026 0.026 1.0 0.105 0.962 0.034
0.0 0.0 0.0 1.0 0.0 0.0 0.0 0.0 0.0 0.0 0.553 0.053 0.053 0.053 2.0 0.298 0.962 0.034
0.0 0.0 0.0 1.0 0.0 0.0 0.0 0.0 1.0 0.0 0.211 0.395 0.395 0.395 2.0 0.193 0.423 0.034
0.0 1.0 0.0 0.0 0.0 0.0 0.0 0.0 0.0 0.0 0.579 0.053 0.053 0.053 1.0 0.123 0.962 0.034
0.0 0.0 0.0 1.0 0.0 0.0 0.0 0.0 0.0 0.0 0.553 0.079 0.079 0.079 2.0 0.298 0.962 0.034
0.0 0.0 0.0 1.0 0.0 0.0 0.0 0.0 1.0 0.0 0.211 0.421 0.421 0.421 2.0 0.211 0.423 0.034
0.0 0.0 0.0 1.0 0.0 0.0 0.0 0.0 0.0 0.0 0.553 0.026 0.026 0.026 2.0 0.298 0.962 0.034
0.0 0.0 0.0 1.0 0.0 0.0 0.0 0.0 1.0 0.0 0.211 0.368 0.368 0.368 2.0 0.193 0.423 0.034
0.0 0.0 0.0 1.0 0.0 0.0 0.0 0.0 1.0 0.0 0.132 0.447 0.868 0.571 2.0 0.281 0.154 0.793
0.0 0.0 0.0 1.0 0.0 0.0 0.0 0.0 1.0 0.0 0.184 0.395 0.816 0.518 2.0 0.211 0.308 0.793
0.0 0.0 0.0 1.0 0.0 0.0 0.0 0.0 1.0 0.0 0.132 0.447 0.868 0.571 2.0 0.316 0.154 0.793
0.0 0.0 0.0 1.0 0.0 0.0 0.0 0.0 1.0 0.0 0.184 0.395 0.816 0.518 2.0 0.246 0.308 0.793
0.0 0.0 0.0 1.0 0.0 0.0 0.0 0.0 1.0 0.0 0.132 0.447 0.868 0.571 2.0 0.298 0.154 0.793
0.0 0.0 0.0 1.0 0.0 0.0 0.0 0.0 1.0 0.0 0.184 0.395 0.816 0.518 2.0 0.228 0.308 0.793
0.0 1.0 0.0 0.0 0.0 0.0 0.0 0.0 0.0 0.0 0.158 0.421 0.842 0.545 1.0 0.123 0.154 0.793
0.0 0.0 0.0 1.0 0.0 0.0 0.0 0.0 1.0 0.0 0.132 0.447 0.868 0.571 2.0 0.263 0.154 0.793
0.0 1.0 0.0 0.0 0.0 0.0 0.0 0.0 0.0 0.0 0.211 0.368 0.789 0.492 1.0 0.123 0.308 0.793
0.0 0.0 1.0 0.0 0.0 0.0 0.0 0.0 1.0 0.0 0.184 0.395 0.816 0.518 2.0 0.193 0.308 0.793
0.0 0.0 0.0 1.0 0.0 0.0 0.0 0.0 1.0 0.0 0.132 0.447 0.868 0.571 2.0 0.281 0.154 0.793
0.0 0.0 0.0 1.0 0.0 0.0 0.0 0.0 1.0 0.0 0.184 0.395 0.816 0.518 2.0 0.211 0.308 0.793
0.0 0.0 0.0 1.0 0.0 0.0 0.0 0.0 1.0 0.0 0.132 0.447 0.868 0.571 2.0 0.298 0.154 0.793
0.0 0.0 0.0 1.0 0.0 0.0 0.0 0.0 1.0 0.0 0.184 0.395 0.816 0.518 2.0 0.228 0.308 0.793
0.0 0.0 0.0 1.0 0.0 0.0 0.0 0.0 1.0 0.0 0.026 0.553 0.974 0.676 2.0 0.088 0.077 0.793
0.0 0.0 0.0 1.0 0.0 0.0 0.0 0.0 1.0 0.0 0.026 0.553 0.974 0.676 2.0 0.105 0.077 0.793
0.0 0.0 0.0 1.0 0.0 0.0 0.0 0.0 1.0 0.0 0.026 0.553 0.974 0.676 2.0 0.088 0.077 0.793
0.0 0.0 0.0 1.0 0.0 0.0 0.0 0.0 1.0 0.0 0.026 0.553 0.974 0.676 2.0 0.105 0.077 0.793
0.0 0.0 0.0 1.0 0.0 0.0 0.0 0.0 1.0 0.0 0.026 0.553 0.974 0.676 2.0 0.088 0.077 0.793
0.0 1.0 0.0 0.0 0.0 0.0 0.0 0.0 0.0 0.0 0.184 0.395 0.816 0.526 1.0 0.456 0.231 0.724
0.0 0.0 0.0 1.0 0.0 0.0 0.0 0.0 0.0 0.0 0.158 0.421 0.842 0.553 3.0 0.474 0.231 0.724
0.0 0.0 0.0 1.0 0.0 0.0 0.0 0.0 1.0 0.0 0.211 0.526 0.789 0.632 2.0 0.263 0.269 0.207
0.0 0.0 0.0 0.0 1.0 0.0 0.0 0.0 0.0 0.0 0.105 0.632 0.895 0.737 2.0 0.298 0.192 0.207
0.0 1.0 0.0 0.0 0.0 0.0 0.0 0.0 0.0 0.0 0.237 0.474 0.763 0.561 1.0 0.140 0.269 0.310
0.0 0.0 0.0 1.0 0.0 0.0 0.0 0.0 1.0 0.0 0.211 0.500 0.789 0.588 2.0 0.228 0.269 0.310
0.0 0.0 0.0 0.0 1.0 0.0 0.0 0.0 0.0 0.0 0.105 0.605 0.895 0.693 2.0 0.281 0.192 0.310
0.0 0.0 0.0 1.0 0.0 0.0 0.0 0.0 1.0 0.0 0.211 0.447 0.789 0.555 2.0 0.281 0.269 0.414
0.0 0.0 0.0 0.0 1.0 0.0 0.0 0.0 0.0 0.0 0.105 0.553 0.895 0.660 2.0 0.333 0.192 0.414
0.0 0.0 0.0 1.0 0.0 0.0 0.0 0.0 1.0 0.0 0.211 0.395 0.789 0.530 2.0 0.298 0.269 0.517
0.0 0.0 0.0 0.0 1.0 0.0 0.0 0.0 0.0 0.0 0.105 0.500 0.895 0.635 2.0 0.333 0.192 0.517
0.0 0.0 0.0 1.0 0.0 0.0 0.0 0.0 1.0 0.0 0.211 0.395 0.789 0.516 2.0 0.281 0.269 0.621
0.0 0.0 0.0 1.0 0.0 0.0 0.0 0.0 1.0 0.0 0.211 0.368 0.789 0.500 2.0 0.281 0.269 0.724
0.0 0.0 0.0 0.0 1.0 0.0 0.0 0.0 0.0 0.0 0.105 0.474 0.895 0.605 2.0 0.316 0.192 0.724
0.0 0.0 0.0 1.0 0.0 0.0 0.0 0.0 1.0 0.0 0.184 0.816 0.816 0.816 2.0 0.211 0.308 0.034
0.0 0.0 0.0 1.0 0.0 0.0 0.0 0.0 1.0 0.0 0.184 0.737 0.816 0.776 2.0 0.211 0.308 0.069
0.0 0.0 0.0 1.0 0.0 0.0 0.0 0.0 1.0 0.0 0.184 0.684 0.816 0.746 2.0 0.211 0.308 0.103
0.0 0.0 0.0 0.0 1.0 0.0 0.0 0.0 1.0 0.0 0.184 0.395 0.816 0.526 2.0 0.351 0.269 0.724
0.0 1.0 0.0 0.0 0.0 0.0 0.0 0.0 0.0 0.0 0.237 0.500 0.763 0.605 1.0 0.158 0.308 0.207
0.0 0.0 1.0 0.0 0.0 0.0 0.0 0.0 1.0 0.0 0.211 0.526 0.789 0.632 2.0 0.175 0.308 0.207
0.0 0.0 0.0 1.0 0.0 0.0 0.0 0.0 1.0 0.0 0.184 0.395 0.816 0.518 2.0 0.351 0.346 0.793
0.0 0.0 0.0 0.0 1.0 0.0 0.0 0.0 0.0 0.0 0.105 0.632 0.895 0.737 2.0 0.351 0.192 0.207
0.0 0.0 0.0 1.0 0.0 0.0 0.0 0.0 1.0 0.0 0.211 0.500 0.789 0.588 2.0 0.246 0.308 0.310
0.0 1.0 0.0 0.0 0.0 0.0 0.0 0.0 0.0 0.0 0.211 0.368 0.789 0.492 1.0 0.228 0.346 0.793
0.0 0.0 0.0 1.0 0.0 0.0 0.0 0.0 1.0 0.0 0.184 0.395 0.816 0.518 2.0 0.211 0.346 0.793
0.0 1.0 0.0 0.0 0.0 0.0 0.0 0.0 0.0 0.0 0.132 0.579 0.868 0.667 1.0 0.175 0.192 0.310
0.0 0.0 0.0 0.0 1.0 0.0 0.0 0.0 0.0 0.0 0.105 0.605 0.895 0.693 2.0 0.246 0.192 0.310
0.0 0.0 0.0 1.0 0.0 0.0 0.0 0.0 1.0 0.0 0.211 0.447 0.789 0.555 2.0 0.246 0.308 0.414
0.0 0.0 0.0 1.0 0.0 0.0 0.0 0.0 1.0 0.0 0.184 0.395 0.816 0.518 2.0 0.351 0.346 0.793
0.0 0.0 0.0 0.0 1.0 0.0 0.0 0.0 0.0 0.0 0.105 0.553 0.895 0.660 2.0 0.368 0.192 0.414
0.0 0.0 0.0 1.0 0.0 0.0 0.0 0.0 1.0 0.0 0.211 0.395 0.789 0.530 2.0 0.246 0.308 0.517
0.0 0.0 0.0 1.0 0.0 0.0 0.0 0.0 1.0 0.0 0.184 0.395 0.816 0.518 2.0 0.333 0.346 0.793
0.0 0.0 0.0 0.0 1.0 0.0 0.0 0.0 0.0 0.0 0.105 0.500 0.895 0.635 2.0 0.368 0.192 0.517
0.0 0.0 0.0 1.0 0.0 0.0 0.0 0.0 1.0 0.0 0.211 0.395 0.789 0.516 2.0 0.246 0.308 0.621
0.0 1.0 0.0 0.0 0.0 0.0 0.0 0.0 0.0 0.0 0.211 0.368 0.789 0.492 1.0 0.246 0.346 0.793
0.0 0.0 0.0 1.0 0.0 0.0 0.0 0.0 1.0 0.0 0.184 0.395 0.816 0.518 2.0 0.211 0.346 0.793
0.0 0.0 0.0 1.0 0.0 0.0 0.0 0.0 1.0 0.0 0.211 0.368 0.789 0.500 2.0 0.246 0.308 0.724
0.0 0.0 0.0 1.0 0.0 0.0 0.0 0.0 1.0 0.0 0.184 0.395 0.816 0.518 2.0 0.333 0.346 0.793
0.0 0.0 0.0 0.0 1.0 0.0 0.0 0.0 0.0 0.0 0.105 0.474 0.895 0.605 2.0 0.351 0.192 0.724
0.0 0.0 0.0 1.0 0.0 0.0 0.0 0.0 0.0 0.0 0.053 0.526 0.947 0.658 2.0 0.333 0.077 0.724
0.0 0.0 0.0 0.0 1.0 0.0 0.0 0.0 1.0 0.0 0.053 0.526 0.947 0.658 2.0 0.246 0.077 0.724
0.0 0.0 0.0 0.0 1.0 0.0 0.0 0.0 1.0 0.0 0.053 0.105 0.947 0.627 2.0 0.211 0.077 0.828
0.0 0.0 0.0 1.0 0.0 0.0 0.0 0.0 1.0 0.0 0.053 0.105 0.947 0.627 2.0 0.211 0.077 0.828
0.0 0.0 0.0 0.0 1.0 0.0 0.0 0.0 1.0 0.0 0.053 0.105 0.947 0.627 2.0 0.211 0.077 0.828
0.0 0.0 0.0 0.0 1.0 0.0 0.0 0.0 1.0 0.0 0.053 0.105 0.947 0.627 2.0 0.211 0.077 0.828
0.0 0.0 0.0 0.0 1.0 0.0 0.0 0.0 1.0 0.0 0.053 0.105 0.947 0.627 2.0 0.193 0.077 0.828
0.0 0.0 0.0 0.0 1.0 0.0 0.0 0.0 1.0 0.0 0.053 0.105 0.947 0.627 2.0 0.211 0.077 0.828
0.0 0.0 0.0 0.0 1.0 0.0 0.0 0.0 1.0 0.0 0.053 0.053 0.053 0.053 2.0 0.175 0.077 0.034
0.0 0.0 0.0 1.0 0.0 0.0 0.0 0.0 1.0 0.0 0.079 0.026 0.026 0.026 2.0 0.175 0.115 0.034
0.0 0.0 0.0 1.0 0.0 0.0 0.0 0.0 1.0 0.0 0.632 0.026 0.026 0.026 2.0 0.140 0.962 0.034
0.0 1.0 0.0 0.0 0.0 0.0 0.0 0.0 0.0 0.0 0.105 0.553 0.553 0.553 1.0 0.123 0.154 0.034
0.0 0.0 0.0 0.0 1.0 0.0 0.0 0.0 1.0 0.0 0.079 0.579 0.579 0.579 3.0 0.175 0.154 0.034
0.0 1.0 0.0 0.0 0.0 0.0 0.0 0.0 0.0 0.0 0.079 0.500 0.500 0.500 1.0 0.140 0.115 0.034
0.0 0.0 0.0 1.0 0.0 0.0 0.0 0.0 1.0 0.0 0.053 0.526 0.526 0.526 3.0 0.263 0.115 0.034
0.0 0.0 0.0 0.0 1.0 0.0 0.0 0.0 0.0 0.0 0.079 0.500 0.500 0.500 2.0 0.316 0.115 0.034
0.0 0.0 0.0 0.0 1.0 0.0 0.0 0.0 0.0 0.0 0.105 0.053 0.053 0.053 2.0 0.386 0.154 0.034
0.0 1.0 0.0 0.0 0.0 0.0 0.0 0.0 0.0 0.0 0.132 0.026 0.026 0.026 1.0 0.088 0.154 0.034
0.0 0.0 0.0 1.0 0.0 0.0 0.0 0.0 1.0 0.0 0.105 0.053 0.053 0.053 2.0 0.298 0.154 0.034
0.0 0.0 0.0 0.0 1.0 0.0 0.0 0.0 0.0 0.0 0.105 0.026 0.026 0.026 2.0 0.333 0.154 0.034
0.0 0.0 0.0 1.0 0.0 0.0 0.0 0.0 1.0 0.0 0.105 0.026 0.026 0.026 2.0 0.281 0.154 0.034
0.0 0.0 0.0 0.0 1.0 0.0 0.0 0.0 0.0 0.0 0.105 0.079 0.079 0.079 2.0 0.421 0.154 0.034
0.0 1.0 0.0 0.0 0.0 0.0 0.0 0.0 0.0 0.0 0.132 0.053 0.053 0.053 1.0 0.105 0.154 0.034
0.0 0.0 1.0 0.0 0.0 0.0 0.0 0.0 1.0 0.0 0.105 0.079 0.079 0.079 2.0 0.298 0.154 0.034
0.0 0.0 0.0 0.0 1.0 0.0 0.0 0.0 0.0 0.0 0.105 0.026 0.026 0.026 2.0 0.386 0.154 0.034
0.0 0.0 0.0 1.0 0.0 0.0 0.0 0.0 1.0 0.0 0.105 0.026 0.026 0.026 2.0 0.281 0.154 0.034
0.0 0.0 0.0 0.0 1.0 0.0 0.0 0.0 0.0 0.0 0.105 0.026 0.026 0.026 2.0 0.386 0.154 0.034
0.0 0.0 0.0 1.0 0.0 0.0 0.0 0.0 1.0 0.0 0.105 0.026 0.026 0.026 2.0 0.281 0.154 0.034
0.0 0.0 0.0 0.0 1.0 0.0 0.0 0.0 0.0 0.0 0.105 0.026 0.026 0.026 2.0 0.368 0.154 0.034
0.0 0.0 0.0 1.0 0.0 0.0 0.0 0.0 1.0 0.0 0.105 0.026 0.026 0.026 2.0 0.281 0.154 0.034
0.0 1.0 0.0 0.0 0.0 0.0 0.0 0.0 1.0 0.0 0.026 0.132 0.974 0.633 1.0 0.228 0.038 0.862
0.0 0.0 0.0 1.0 0.0 0.0 0.0 0.0 0.0 0.0 0.184 0.395 0.816 0.518 2.0 0.193 0.154 0.793
0.0 0.0 0.0 0.0 1.0 0.0 0.0 0.0 0.0 0.0 0.105 0.474 0.895 0.597 2.0 0.193 0.154 0.793
0.0 0.0 1.0 0.0 0.0 0.0 0.0 0.0 0.0 0.0 0.868 0.053 0.053 0.053 2.0 0.175 0.923 0.034
0.0 0.0 1.0 0.0 0.0 0.0 0.0 0.0 0.0 0.0 0.947 0.053 0.053 0.053 2.0 0.211 0.962 0.034
0.0 1.0 0.0 0.0 0.0 0.0 0.0 0.0 0.0 0.0 0.132 0.447 0.868 0.579 1.0 0.912 0.192 0.724
0.0 1.0 0.0 0.0 0.0 0.0 0.0 0.0 0.0 0.0 0.237 0.684 0.763 0.724 1.0 0.158 0.269 0.069
0.0 1.0 0.0 0.0 0.0 0.0 0.0 0.0 0.0 0.0 0.289 0.289 0.711 0.421 1.0 0.158 0.423 0.724
0.0 1.0 0.0 0.0 0.0 0.0 0.0 0.0 0.0 0.0 0.263 0.342 0.737 0.463 1.0 0.211 0.308 0.621
0.0 1.0 0.0 0.0 0.0 0.0 0.0 0.0 0.0 0.0 0.263 0.342 0.737 0.477 1.0 0.228 0.269 0.517
0.0 1.0 0.0 0.0 0.0 0.0 0.0 0.0 0.0 0.0 0.263 0.395 0.737 0.502 1.0 0.175 0.308 0.414
0.0 1.0 0.0 0.0 0.0 0.0 0.0 0.0 0.0 0.0 0.289 0.421 0.711 0.509 1.0 0.211 0.346 0.310
0.0 1.0 0.0 0.0 0.0 0.0 0.0 0.0 0.0 0.0 0.263 0.474 0.737 0.579 1.0 0.193 0.308 0.207
0.0 1.0 0.0 0.0 0.0 0.0 0.0 0.0 0.0 0.0 0.237 0.632 0.763 0.693 1.0 0.175 0.269 0.103
0.0 1.0 0.0 0.0 0.0 0.0 0.0 0.0 0.0 0.0 0.789 0.132 0.211 0.171 1.0 0.228 0.923 0.069
0.0 0.0 0.0 0.0 1.0 0.0 0.0 0.0 0.0 0.0 0.763 0.158 0.237 0.197 2.0 0.246 0.923 0.069
0.0 0.0 1.0 0.0 0.0 0.0 0.0 0.0 0.0 0.0 0.737 0.184 0.263 0.224 2.0 0.263 0.885 0.069
0.0 0.0 0.0 1.0 0.0 0.0 0.0 0.0 0.0 0.0 0.447 0.132 0.211 0.167 2.0 0.281 0.462 0.103
0.0 0.0 0.0 1.0 0.0 0.0 0.0 0.0 0.0 0.0 0.789 0.079 0.079 0.079 2.0 0.158 0.885 0.034
0.0 0.0 0.0 1.0 0.0 0.0 0.0 0.0 0.0 0.0 0.684 0.053 0.079 0.070 2.0 0.298 0.846 0.103
0.0 0.0 0.0 1.0 0.0 0.0 0.0 0.0 0.0 0.0 0.632 0.079 0.079 0.079 2.0 0.298 0.769 0.103
0.0 0.0 0.0 1.0 0.0 0.0 0.0 0.0 0.0 0.0 0.605 0.053 0.079 0.061 2.0 0.263 0.692 0.103
0.0 0.0 0.0 1.0 0.0 0.0 0.0 0.0 0.0 0.0 0.500 0.105 0.184 0.140 2.0 0.298 0.615 0.103
0.0 0.0 0.0 1.0 0.0 0.0 0.0 0.0 0.0 0.0 0.447 0.184 0.263 0.211 2.0 0.298 0.538 0.103
0.0 1.0 0.0 0.0 0.0 0.0 0.0 0.0 0.0 0.0 0.237 0.763 0.763 0.763 1.0 0.158 0.346 0.034
0.0 1.0 0.0 0.0 0.0 0.0 0.0 0.0 0.0 0.0 0.237 0.684 0.763 0.724 1.0 0.158 0.346 0.069
0.0 1.0 0.0 0.0 0.0 0.0 0.0 0.0 0.0 0.0 0.263 0.316 0.737 0.447 1.0 0.193 0.462 0.724
0.0 1.0 0.0 0.0 0.0 0.0 0.0 0.0 0.0 0.0 0.263 0.342 0.737 0.463 1.0 0.193 0.462 0.621
0.0 1.0 0.0 0.0 0.0 0.0 0.0 0.0 0.0 0.0 0.263 0.342 0.737 0.477 1.0 0.175 0.462 0.517
0.0 1.0 0.0 0.0 0.0 0.0 0.0 0.0 0.0 0.0 0.263 0.395 0.737 0.502 1.0 0.193 0.462 0.414
0.0 1.0 0.0 0.0 0.0 0.0 0.0 0.0 0.0 0.0 0.263 0.447 0.737 0.535 1.0 0.193 0.462 0.310
0.0 1.0 0.0 0.0 0.0 0.0 0.0 0.0 0.0 0.0 0.289 0.447 0.711 0.553 1.0 0.193 0.462 0.207
0.0 1.0 0.0 0.0 0.0 0.0 0.0 0.0 0.0 0.0 0.237 0.632 0.763 0.693 1.0 0.158 0.346 0.103
0.0 1.0 0.0 0.0 0.0 0.0 0.0 0.0 0.0 0.0 0.684 0.184 0.316 0.246 1.0 0.211 0.846 0.103
0.0 0.0 1.0 0.0 0.0 0.0 0.0 0.0 0.0 0.0 0.658 0.211 0.342 0.272 2.0 0.228 0.846 0.103
0.0 0.0 0.0 1.0 0.0 0.0 0.0 0.0 0.0 0.0 0.605 0.132 0.395 0.237 2.0 0.298 0.769 0.207
0.0 0.0 0.0 1.0 0.0 0.0 0.0 0.0 0.0 0.0 0.553 0.158 0.447 0.246 2.0 0.298 0.692 0.310
0.0 1.0 0.0 0.0 0.0 0.0 0.0 0.0 0.0 0.0 0.500 0.158 0.500 0.265 1.0 0.211 0.615 0.414
0.0 0.0 0.0 1.0 0.0 0.0 0.0 0.0 0.0 0.0 0.474 0.184 0.526 0.292 2.0 0.228 0.615 0.414
0.0 0.0 0.0 1.0 0.0 0.0 0.0 0.0 0.0 0.0 0.421 0.184 0.579 0.319 2.0 0.298 0.538 0.517
0.0 0.0 0.0 1.0 0.0 0.0 0.0 0.0 0.0 0.0 0.368 0.237 0.632 0.358 2.0 0.281 0.462 0.621
0.0 0.0 0.0 1.0 0.0 0.0 0.0 0.0 0.0 0.0 0.368 0.211 0.289 0.246 2.0 0.263 0.462 0.103
0.0 0.0 1.0 0.0 0.0 0.0 0.0 0.0 0.0 0.0 0.316 0.605 0.684 0.645 2.0 0.351 0.346 0.069
0.0 0.0 0.0 1.0 0.0 0.0 0.0 0.0 0.0 0.0 0.316 0.263 0.684 0.395 3.0 0.281 0.462 0.724
0.0 0.0 0.0 1.0 0.0 0.0 0.0 0.0 0.0 0.0 0.342 0.237 0.658 0.368 2.0 0.281 0.462 0.724
0.0 0.0 0.0 1.0 0.0 0.0 0.0 0.0 0.0 0.0 0.342 0.263 0.658 0.385 2.0 0.404 0.462 0.621
0.0 1.0 0.0 0.0 0.0 0.0 0.0 0.0 0.0 0.0 0.395 0.237 0.316 0.263 1.0 0.175 0.462 0.103
0.0 0.0 0.0 1.0 0.0 0.0 0.0 0.0 0.0 0.0 0.316 0.289 0.684 0.411 3.0 0.333 0.462 0.621
0.0 0.0 0.0 1.0 0.0 0.0 0.0 0.0 0.0 0.0 0.342 0.263 0.658 0.385 2.0 0.351 0.462 0.621
0.0 0.0 0.0 1.0 0.0 0.0 0.0 0.0 0.0 0.0 0.395 0.211 0.605 0.346 2.0 0.298 0.538 0.517
0.0 1.0 0.0 0.0 0.0 0.0 0.0 0.0 0.0 0.0 0.447 0.158 0.237 0.193 1.0 0.175 0.538 0.103
0.0 0.0 0.0 1.0 0.0 0.0 0.0 0.0 0.0 0.0 0.342 0.263 0.658 0.398 3.0 0.316 0.462 0.517
0.0 0.0 0.0 1.0 0.0 0.0 0.0 0.0 0.0 0.0 0.395 0.211 0.605 0.346 2.0 0.316 0.462 0.517
0.0 0.0 0.0 1.0 0.0 0.0 0.0 0.0 0.0 0.0 0.447 0.211 0.553 0.318 2.0 0.263 0.615 0.414
0.0 1.0 0.0 0.0 0.0 0.0 0.0 0.0 0.0 0.0 0.526 0.132 0.158 0.140 1.0 0.158 0.615 0.103
0.0 1.0 0.0 0.0 0.0 0.0 0.0 0.0 0.0 0.0 0.342 0.316 0.658 0.423 1.0 0.246 0.462 0.414
0.0 0.0 0.0 1.0 0.0 0.0 0.0 0.0 0.0 0.0 0.316 0.342 0.684 0.450 3.0 0.246 0.462 0.414
0.0 0.0 0.0 1.0 0.0 0.0 0.0 0.0 0.0 0.0 0.342 0.316 0.658 0.423 2.0 0.351 0.462 0.414
0.0 0.0 0.0 1.0 0.0 0.0 0.0 0.0 0.0 0.0 0.526 0.184 0.474 0.272 2.0 0.246 0.692 0.310
0.0 1.0 0.0 0.0 0.0 0.0 0.0 0.0 0.0 0.0 0.579 0.132 0.132 0.132 1.0 0.175 0.692 0.103
0.0 0.0 0.0 1.0 0.0 0.0 0.0 0.0 0.0 0.0 0.316 0.395 0.684 0.482 3.0 0.316 0.462 0.310
0.0 0.0 0.0 1.0 0.0 0.0 0.0 0.0 0.0 0.0 0.368 0.342 0.632 0.430 2.0 0.333 0.462 0.310
0.0 0.0 0.0 1.0 0.0 0.0 0.0 0.0 0.0 0.0 0.579 0.158 0.421 0.263 2.0 0.298 0.769 0.207
0.0 1.0 0.0 0.0 0.0 0.0 0.0 0.0 0.0 0.0 0.632 0.105 0.132 0.123 1.0 0.175 0.769 0.103
0.0 0.0 0.0 1.0 0.0 0.0 0.0 0.0 0.0 0.0 0.342 0.395 0.658 0.500 3.0 0.333 0.462 0.207
0.0 0.0 0.0 1.0 0.0 0.0 0.0 0.0 0.0 0.0 0.368 0.368 0.632 0.474 2.0 0.298 0.462 0.207
0.0 0.0 0.0 1.0 0.0 0.0 0.0 0.0 0.0 0.0 0.632 0.237 0.368 0.298 2.0 0.263 0.846 0.103
0.0 1.0 0.0 0.0 0.0 0.0 0.0 0.0 0.0 0.0 0.711 0.158 0.158 0.158 1.0 0.158 0.846 0.034
0.0 0.0 0.0 1.0 0.0 0.0 0.0 0.0 0.0 0.0 0.289 0.579 0.711 0.640 3.0 0.333 0.346 0.103
0.0 0.0 0.0 1.0 0.0 0.0 0.0 0.0 0.0 0.0 0.316 0.553 0.684 0.614 2.0 0.298 0.346 0.103
0.0 0.0 0.0 1.0 0.0 0.0 0.0 0.0 0.0 0.0 0.711 0.211 0.289 0.250 2.0 0.263 0.885 0.069
0.0 0.0 1.0 0.0 0.0 0.0 0.0 0.0 0.0 0.0 0.289 0.632 0.711 0.671 3.0 0.281 0.346 0.069
0.0 0.0 0.0 0.0 1.0 0.0 0.0 0.0 0.0 0.0 0.816 0.184 0.184 0.184 2.0 0.246 0.923 0.034
0.0 0.0 0.0 1.0 0.0 0.0 0.0 0.0 0.0 0.0 0.842 0.158 0.158 0.158 2.0 0.211 0.962 0.034
0.0 0.0 0.0 0.0 1.0 0.0 0.0 0.0 0.0 0.0 0.816 0.184 0.184 0.184 3.0 0.316 0.962 0.034
0.0 0.0 0.0 1.0 0.0 0.0 0.0 0.0 0.0 0.0 0.868 0.132 0.132 0.132 3.0 0.228 0.962 0.034
0.0 1.0 0.0 0.0 0.0 0.0 0.0 0.0 0.0 0.0 0.895 0.105 0.105 0.105 1.0 0.140 0.962 0.034
0.0 0.0 0.0 1.0 0.0 0.0 0.0 0.0 0.0 0.0 0.868 0.132 0.132 0.132 2.0 0.175 0.962 0.034
0.0 0.0 0.0 1.0 0.0 0.0 0.0 0.0 0.0 0.0 0.921 0.079 0.079 0.079 3.0 0.228 0.962 0.034
0.0 0.0 0.0 0.0 1.0 0.0 0.0 0.0 0.0 0.0 0.842 0.079 0.079 0.079 2.0 0.211 0.923 0.034
0.0 0.0 0.0 0.0 1.0 0.0 0.0 0.0 0.0 0.0 0.342 0.579 0.579 0.579 2.0 0.263 0.346 0.034
0.0 0.0 0.0 1.0 0.0 0.0 0.0 0.0 0.0 0.0 0.763 0.158 0.158 0.158 2.0 0.193 0.923 0.034
0.0 1.0 0.0 0.0 0.0 0.0 0.0 0.0 0.0 0.0 0.395 0.184 0.263 0.219 1.0 0.140 0.462 0.103
0.0 1.0 0.0 0.0 0.0 0.0 0.0 0.0 0.0 0.0 0.368 0.500 0.500 0.500 1.0 0.123 0.346 0.034
0.0 0.0 0.0 1.0 0.0 0.0 0.0 0.0 0.0 0.0 0.342 0.526 0.526 0.526 2.0 0.228 0.346 0.034
0.0 0.0 0.0 1.0 0.0 0.0 0.0 0.0 0.0 0.0 0.395 0.342 0.368 0.360 2.0 0.246 0.462 0.103
0.0 0.0 0.0 1.0 0.0 0.0 0.0 0.0 0.0 0.0 0.395 0.316 0.316 0.316 2.0 0.246 0.462 0.103
0.0 1.0 0.0 0.0 0.0 0.0 0.0 0.0 0.0 0.0 0.395 0.263 0.289 0.272 1.0 0.123 0.462 0.103
0.0 0.0 1.0 0.0 0.0 0.0 0.0 0.0 0.0 0.0 0.368 0.289 0.316 0.298 2.0 0.193 0.462 0.103
0.0 0.0 0.0 1.0 0.0 0.0 0.0 0.0 0.0 0.0 0.421 0.184 0.263 0.219 2.0 0.246 0.462 0.103
0.0 0.0 0.0 1.0 0.0 0.0 0.0 0.0 0.0 0.0 0.368 0.263 0.342 0.289 2.0 0.246 0.462 0.103
0.0 0.0 0.0 1.0 0.0 0.0 0.0 0.0 0.0 0.0 0.263 0.737 0.737 0.737 2.0 0.386 0.346 0.034
0.0 0.0 0.0 1.0 0.0 0.0 0.0 0.0 0.0 0.0 0.237 0.763 0.763 0.763 2.0 0.386 0.346 0.034
0.0 1.0 0.0 0.0 0.0 0.0 0.0 0.0 0.0 0.0 0.316 0.684 0.684 0.684 1.0 0.140 0.346 0.034
0.0 0.0 0.0 1.0 0.0 0.0 0.0 0.0 0.0 0.0 0.289 0.711 0.711 0.711 2.0 0.175 0.346 0.034
0.0 0.0 0.0 1.0 0.0 0.0 0.0 0.0 0.0 0.0 0.289 0.632 0.711 0.671 2.0 0.246 0.346 0.069
0.0 0.0 0.0 1.0 0.0 0.0 0.0 0.0 0.0 0.0 0.263 0.658 0.737 0.697 2.0 0.404 0.346 0.069
0.0 0.0 0.0 1.0 0.0 0.0 0.0 0.0 0.0 0.0 0.237 0.684 0.763 0.724 2.0 0.404 0.346 0.069
0.0 0.0 0.0 1.0 0.0 0.0 0.0 0.0 0.0 0.0 0.289 0.289 0.711 0.421 2.0 0.386 0.462 0.724
0.0 0.0 0.0 1.0 0.0 0.0 0.0 0.0 0.0 0.0 0.263 0.316 0.737 0.447 2.0 0.439 0.462 0.724
0.0 0.0 0.0 1.0 0.0 0.0 0.0 0.0 0.0 0.0 0.316 0.263 0.684 0.395 2.0 0.211 0.462 0.724
0.0 0.0 0.0 1.0 0.0 0.0 0.0 0.0 0.0 0.0 0.289 0.316 0.711 0.437 2.0 0.421 0.462 0.621
0.0 0.0 0.0 1.0 0.0 0.0 0.0 0.0 0.0 0.0 0.263 0.342 0.737 0.463 2.0 0.456 0.462 0.621
0.0 0.0 0.0 1.0 0.0 0.0 0.0 0.0 0.0 0.0 0.316 0.289 0.684 0.411 2.0 0.228 0.462 0.621
0.0 1.0 0.0 0.0 0.0 0.0 0.0 0.0 0.0 0.0 0.316 0.289 0.684 0.425 1.0 0.211 0.462 0.517
0.0 0.0 1.0 0.0 0.0 0.0 0.0 0.0 0.0 0.0 0.289 0.316 0.711 0.451 2.0 0.333 0.462 0.517
0.0 0.0 0.0 1.0 0.0 0.0 0.0 0.0 0.0 0.0 0.263 0.342 0.737 0.477 2.0 0.456 0.462 0.517
0.0 1.0 0.0 0.0 0.0 0.0 0.0 0.0 0.0 0.0 0.368 0.237 0.632 0.372 1.0 0.158 0.462 0.517
0.0 0.0 0.0 1.0 0.0 0.0 0.0 0.0 0.0 0.0 0.342 0.263 0.658 0.398 2.0 0.158 0.462 0.517
0.0 0.0 0.0 1.0 0.0 0.0 0.0 0.0 0.0 0.0 0.289 0.368 0.711 0.476 2.0 0.386 0.462 0.414
0.0 0.0 0.0 1.0 0.0 0.0 0.0 0.0 0.0 0.0 0.263 0.395 0.737 0.502 2.0 0.421 0.462 0.414
0.0 0.0 0.0 1.0 0.0 0.0 0.0 0.0 0.0 0.0 0.316 0.342 0.684 0.450 2.0 0.228 0.462 0.414
0.0 0.0 0.0 1.0 0.0 0.0 0.0 0.0 0.0 0.0 0.289 0.421 0.711 0.509 2.0 0.421 0.462 0.310
0.0 1.0 0.0 0.0 0.0 0.0 0.0 0.0 0.0 0.0 0.289 0.421 0.711 0.509 1.0 0.211 0.462 0.310
0.0 0.0 0.0 1.0 0.0 0.0 0.0 0.0 0.0 0.0 0.263 0.447 0.737 0.535 2.0 0.368 0.462 0.310
0.0 1.0 0.0 0.0 0.0 0.0 0.0 0.0 0.0 0.0 0.342 0.368 0.658 0.456 1.0 0.158 0.462 0.310
0.0 0.0 0.0 1.0 0.0 0.0 0.0 0.0 0.0 0.0 0.316 0.395 0.684 0.482 2.0 0.158 0.462 0.310
0.0 0.0 0.0 1.0 0.0 0.0 0.0 0.0 0.0 0.0 0.316 0.421 0.684 0.526 2.0 0.421 0.462 0.207
0.0 0.0 0.0 1.0 0.0 0.0 0.0 0.0 0.0 0.0 0.289 0.447 0.711 0.553 2.0 0.456 0.462 0.207
0.0 0.0 0.0 1.0 0.0 0.0 0.0 0.0 0.0 0.0 0.342 0.395 0.658 0.500 2.0 0.228 0.462 0.207
0.0 0.0 0.0 1.0 0.0 0.0 0.0 0.0 0.0 0.0 0.263 0.605 0.737 0.667 2.0 0.421 0.346 0.103
0.0 0.0 0.0 1.0 0.0 0.0 0.0 0.0 0.0 0.0 0.237 0.632 0.763 0.693 2.0 0.421 0.346 0.103
0.0 0.0 0.0 1.0 0.0 0.0 0.0 0.0 0.0 0.0 0.289 0.579 0.711 0.640 2.0 0.228 0.346 0.103
0.0 0.0 0.0 1.0 0.0 0.0 0.0 0.0 0.0 0.0 0.711 0.158 0.158 0.158 2.0 0.175 0.885 0.034
0.0 1.0 0.0 0.0 0.0 0.0 0.0 0.0 0.0 0.0 0.763 0.105 0.105 0.105 1.0 0.140 0.885 0.034
0.0 0.0 1.0 0.0 0.0 0.0 0.0 0.0 0.0 0.0 0.737 0.132 0.132 0.132 3.0 0.263 0.885 0.034
0.0 0.0 0.0 1.0 0.0 0.0 0.0 0.0 0.0 0.0 0.632 0.105 0.132 0.123 2.0 0.246 0.846 0.103
0.0 0.0 0.0 1.0 0.0 0.0 0.0 0.0 0.0 0.0 0.658 0.079 0.105 0.096 3.0 0.316 0.846 0.103
0.0 0.0 0.0 1.0 0.0 0.0 0.0 0.0 0.0 0.0 0.579 0.132 0.132 0.132 2.0 0.246 0.769 0.103
0.0 0.0 0.0 1.0 0.0 0.0 0.0 0.0 0.0 0.0 0.605 0.105 0.105 0.105 3.0 0.316 0.769 0.103
0.0 0.0 0.0 1.0 0.0 0.0 0.0 0.0 0.0 0.0 0.526 0.132 0.158 0.140 2.0 0.211 0.692 0.103
0.0 1.0 0.0 0.0 0.0 0.0 0.0 0.0 0.0 0.0 0.579 0.079 0.105 0.088 1.0 0.175 0.692 0.103
0.0 0.0 0.0 1.0 0.0 0.0 0.0 0.0 0.0 0.0 0.553 0.105 0.132 0.114 3.0 0.228 0.692 0.103
0.0 0.0 0.0 1.0 0.0 0.0 0.0 0.0 0.0 0.0 0.447 0.158 0.237 0.193 2.0 0.246 0.615 0.103
0.0 0.0 0.0 1.0 0.0 0.0 0.0 0.0 0.0 0.0 0.474 0.132 0.211 0.167 3.0 0.316 0.615 0.103
0.0 0.0 0.0 1.0 0.0 0.0 0.0 0.0 0.0 0.0 0.395 0.237 0.316 0.263 2.0 0.246 0.538 0.103
0.0 0.0 0.0 1.0 0.0 0.0 0.0 0.0 0.0 0.0 0.421 0.211 0.289 0.237 3.0 0.316 0.538 0.103
0.0 0.0 0.0 1.0 0.0 0.0 0.0 0.0 0.0 0.0 0.395 0.184 0.263 0.219 2.0 0.404 0.462 0.103
0.0 0.0 0.0 1.0 0.0 0.0 0.0 0.0 0.0 0.0 0.421 0.158 0.237 0.193 2.0 0.333 0.462 0.103
0.0 1.0 0.0 0.0 0.0 0.0 0.0 0.0 0.0 0.0 0.816 0.105 0.105 0.105 1.0 0.140 0.923 0.034
0.0 0.0 0.0 1.0 0.0 0.0 0.0 0.0 0.0 0.0 0.500 0.079 0.500 0.203 2.0 0.667 0.923 0.793
0.0 1.0 0.0 0.0 0.0 0.0 0.0 0.0 0.0 0.0 0.237 0.342 0.763 0.466 1.0 0.158 0.385 0.793
0.0 1.0 0.0 0.0 0.0 0.0 0.0 0.0 0.0 0.0 0.237 0.342 0.763 0.466 1.0 0.175 0.423 0.793
0.0 1.0 0.0 0.0 0.0 0.0 0.0 0.0 0.0 0.0 0.237 0.342 0.763 0.466 1.0 0.175 0.385 0.793
0.0 1.0 0.0 0.0 0.0 0.0 0.0 0.0 0.0 0.0 0.263 0.316 0.737 0.439 1.0 0.175 0.423 0.793
0.0 1.0 0.0 0.0 0.0 0.0 0.0 0.0 0.0 0.0 0.237 0.342 0.763 0.466 1.0 0.158 0.385 0.793
0.0 1.0 0.0 0.0 0.0 0.0 0.0 0.0 0.0 0.0 0.053 0.526 0.947 0.650 1.0 0.123 0.077 0.793
0.0 1.0 0.0 0.0 0.0 0.0 0.0 0.0 0.0 0.0 0.158 0.421 0.842 0.545 1.0 0.140 0.154 0.793
0.0 1.0 0.0 0.0 0.0 0.0 0.0 0.0 0.0 0.0 0.053 0.526 0.947 0.650 1.0 0.175 0.077 0.793
0.0 1.0 0.0 0.0 0.0 0.0 0.0 0.0 0.0 0.0 0.158 0.421 0.842 0.545 1.0 0.211 0.154 0.793
0.0 1.0 0.0 0.0 0.0 0.0 0.0 0.0 0.0 0.0 0.237 0.342 0.763 0.466 1.0 0.158 0.423 0.793
0.0 0.0 0.0 1.0 0.0 0.0 0.0 0.0 0.0 0.0 0.263 0.316 0.737 0.439 2.0 0.211 0.423 0.793
0.0 0.0 0.0 1.0 0.0 0.0 0.0 0.0 0.0 0.0 0.289 0.289 0.711 0.413 3.0 0.246 0.500 0.793
0.0 0.0 0.0 0.0 1.0 0.0 0.0 0.0 0.0 0.0 0.263 0.316 0.737 0.439 2.0 0.211 0.423 0.793
0.0 0.0 0.0 1.0 0.0 0.0 0.0 0.0 0.0 0.0 0.263 0.316 0.737 0.439 2.0 0.193 0.423 0.793
0.0 0.0 0.0 1.0 0.0 0.0 0.0 0.0 0.0 0.0 0.316 0.263 0.684 0.387 3.0 0.263 0.577 0.793
0.0 0.0 0.0 0.0 1.0 0.0 0.0 0.0 0.0 0.0 0.263 0.316 0.737 0.439 2.0 0.193 0.423 0.793
0.0 0.0 0.0 1.0 0.0 0.0 0.0 0.0 0.0 0.0 0.263 0.316 0.737 0.439 2.0 0.211 0.423 0.793
0.0 0.0 0.0 1.0 0.0 0.0 0.0 0.0 0.0 0.0 0.342 0.237 0.658 0.360 3.0 0.263 0.654 0.793
0.0 0.0 0.0 0.0 1.0 0.0 0.0 0.0 0.0 0.0 0.263 0.316 0.737 0.439 2.0 0.211 0.423 0.793
0.0 1.0 0.0 0.0 0.0 0.0 0.0 0.0 0.0 0.0 0.316 0.263 0.684 0.387 1.0 0.140 0.423 0.793
0.0 0.0 1.0 0.0 0.0 0.0 0.0 0.0 0.0 0.0 0.289 0.289 0.711 0.413 2.0 0.175 0.423 0.793
0.0 0.0 0.0 1.0 0.0 0.0 0.0 0.0 0.0 0.0 0.368 0.211 0.632 0.334 3.0 0.246 0.731 0.793
0.0 0.0 0.0 0.0 1.0 0.0 0.0 0.0 0.0 0.0 0.289 0.289 0.711 0.413 2.0 0.211 0.423 0.793
0.0 1.0 0.0 0.0 0.0 0.0 0.0 0.0 0.0 0.0 0.289 0.289 0.711 0.413 1.0 0.140 0.423 0.793
0.0 0.0 0.0 1.0 0.0 0.0 0.0 0.0 0.0 0.0 0.263 0.316 0.737 0.439 2.0 0.175 0.423 0.793
0.0 0.0 0.0 1.0 0.0 0.0 0.0 0.0 0.0 0.0 0.395 0.184 0.605 0.308 3.0 0.246 0.808 0.793
0.0 0.0 0.0 0.0 1.0 0.0 0.0 0.0 0.0 0.0 0.263 0.316 0.737 0.439 2.0 0.211 0.423 0.793
0.0 0.0 0.0 1.0 0.0 0.0 0.0 0.0 0.0 0.0 0.158 0.421 0.842 0.545 2.0 0.175 0.154 0.793
0.0 0.0 0.0 1.0 0.0 0.0 0.0 0.0 0.0 0.0 0.421 0.158 0.579 0.281 3.0 0.263 0.846 0.793
0.0 0.0 0.0 0.0 1.0 0.0 0.0 0.0 0.0 0.0 0.158 0.421 0.842 0.545 2.0 0.175 0.154 0.793
0.0 0.0 0.0 1.0 0.0 0.0 0.0 0.0 0.0 0.0 0.184 0.395 0.816 0.518 2.0 0.175 0.154 0.793
0.0 0.0 0.0 1.0 0.0 0.0 0.0 0.0 0.0 0.0 0.447 0.132 0.553 0.255 3.0 0.281 0.885 0.793
0.0 0.0 0.0 0.0 1.0 0.0 0.0 0.0 0.0 0.0 0.184 0.395 0.816 0.518 2.0 0.193 0.154 0.793
0.0 0.0 0.0 1.0 0.0 0.0 0.0 0.0 0.0 0.0 0.474 0.105 0.526 0.229 4.0 0.368 0.923 0.793
0.0 0.0 0.0 1.0 0.0 0.0 0.0 0.0 0.0 0.0 0.211 0.368 0.789 0.492 3.0 0.263 0.154 0.793
0.0 0.0 0.0 0.0 1.0 0.0 0.0 0.0 0.0 0.0 0.184 0.395 0.816 0.518 2.0 0.193 0.154 0.793
0.0 0.0 0.0 0.0 1.0 0.0 0.0 0.0 0.0 0.0 0.158 0.421 0.842 0.545 2.0 0.211 0.154 0.793
0.0 0.0 0.0 0.0 1.0 0.0 0.0 0.0 0.0 0.0 0.184 0.395 0.816 0.518 2.0 0.228 0.154 0.793
