1.0 0.0 0.0 0.0 0.0 0.0 0.0 0.0 1.0 0.0 0.007 0.333 0.889 3.0 0.278 0.021 0.581
0.0 0.0 1.0 0.0 0.0 0.0 0.0 0.0 0.0 0.0 0.015 0.326 0.881 2.0 0.444 0.021 0.581
0.0 0.0 0.0 1.0 0.0 0.0 0.0 0.0 0.0 0.0 0.022 0.319 0.874 1.0 0.389 0.021 0.581
0.0 0.0 0.0 0.0 1.0 0.0 0.0 0.0 0.0 0.0 0.030 0.311 0.867 2.0 0.333 0.021 0.581
0.0 0.0 0.0 0.0 0.0 1.0 0.0 0.0 0.0 0.0 0.037 0.304 0.859 1.0 0.278 0.021 0.581
0.0 0.0 0.0 0.0 0.0 0.0 1.0 0.0 0.0 0.0 0.044 0.296 0.852 2.0 0.222 0.021 0.581
0.0 0.0 0.0 0.0 0.0 0.0 0.0 1.0 0.0 0.0 0.052 0.289 0.844 1.0 0.167 0.021 0.581
1.0 0.0 0.0 0.0 0.0 0.0 0.0 0.0 0.0 0.0 0.059 0.281 0.837 2.0 0.111 0.021 0.581
0.0 1.0 0.0 0.0 0.0 0.0 0.0 0.0 0.0 0.0 0.067 0.274 0.830 1.0 0.056 0.021 0.581
0.0 0.0 1.0 0.0 0.0 0.0 0.0 0.0 0.0 0.0 0.074 0.267 0.822 2.0 0.000 0.021 0.581
0.0 0.0 0.0 1.0 0.0 0.0 0.0 0.0 0.0 0.0 0.081 0.259 0.815 1.0 0.056 0.021 0.581
0.0 0.0 0.0 0.0 1.0 0.0 0.0 0.0 0.0 0.0 0.089 0.252 0.807 2.0 0.111 0.021 0.581
0.0 0.0 0.0 0.0 0.0 1.0 0.0 0.0 0.0 0.0 0.096 0.244 0.800 1.0 0.167 0.021 0.581
0.0 0.0 0.0 0.0 0.0 0.0 1.0 0.0 0.0 0.0 0.104 0.237 0.793 2.0 0.222 0.021 0.581
0.0 0.0 0.0 0.0 0.0 0.0 0.0 1.0 0.0 0.0 0.111 0.230 0.785 1.0 0.278 0.021 0.581
