0.0 0.0 0.0 1.0 0.0 0.0 0.0 0.0 0.0 0.0 0.073 0.537 0.927 0.646 4.0 1.000 0.192 0.724
0.0 0.0 0.0 1.0 0.0 0.0 0.0 0.0 0.0 0.0 0.171 0.829 0.829 0.829 2.0 0.194 0.346 0.034
0.0 0.0 0.0 1.0 0.0 0.0 0.0 0.0 0.0 0.0 0.171 0.756 0.829 0.793 2.0 0.194 0.346 0.069
0.0 0.0 0.0 1.0 0.0 0.0 0.0 0.0 0.0 0.0 0.171 0.634 0.829 0.740 2.0 0.194 0.346 0.103
0.0 0.0 0.0 1.0 0.0 0.0 0.0 0.0 0.0 0.0 0.244 0.512 0.756 0.593 4.0 0.254 0.462 0.207
0.0 1.0 0.0 0.0 0.0 0.0 0.0 0.0 0.0 0.0 0.268 0.439 0.732 0.531 1.0 0.164 0.462 0.310
0.0 0.0 1.0 0.0 0.0 0.0 0.0 0.0 0.0 0.0 0.244 0.463 0.756 0.556 4.0 0.209 0.462 0.310
0.0 1.0 0.0 0.0 0.0 0.0 0.0 0.0 0.0 0.0 0.122 0.585 0.878 0.678 1.0 0.134 0.154 0.310
0.0 0.0 0.0 1.0 0.0 0.0 0.0 0.0 0.0 0.0 0.098 0.610 0.902 0.702 2.0 0.224 0.154 0.310
0.0 0.0 0.0 1.0 0.0 0.0 0.0 0.0 0.0 0.0 0.244 0.390 0.756 0.524 4.0 0.299 0.462 0.414
0.0 0.0 0.0 1.0 0.0 0.0 0.0 0.0 0.0 0.0 0.268 0.341 0.732 0.476 4.0 0.299 0.462 0.517
0.0 0.0 0.0 1.0 0.0 0.0 0.0 0.0 0.0 0.0 0.244 0.366 0.756 0.486 4.0 0.373 0.462 0.621
0.0 0.0 0.0 1.0 0.0 0.0 0.0 0.0 0.0 0.0 0.244 0.366 0.756 0.475 4.0 0.299 0.462 0.724
0.0 0.0 1.0 0.0 0.0 0.0 0.0 0.0 1.0 0.0 0.171 0.829 0.829 0.829 2.0 0.299 0.269 0.034
0.0 0.0 1.0 0.0 0.0 0.0 0.0 0.0 1.0 0.0 0.171 0.756 0.829 0.793 2.0 0.313 0.269 0.069
0.0 0.0 1.0 0.0 0.0 0.0 0.0 0.0 1.0 0.0 0.171 0.634 0.829 0.740 2.0 0.299 0.269 0.103
0.0 0.0 0.0 1.0 0.0 0.0 0.0 0.0 0.0 0.0 0.220 0.537 0.780 0.618 2.0 0.194 0.308 0.207
0.0 0.0 0.0 1.0 0.0 0.0 0.0 0.0 0.0 0.0 0.195 0.512 0.805 0.604 3.0 0.269 0.346 0.310
0.0 0.0 0.0 1.0 0.0 0.0 0.0 0.0 0.0 0.0 0.195 0.439 0.805 0.573 3.0 0.269 0.308 0.414
0.0 0.0 0.0 1.0 0.0 0.0 0.0 0.0 0.0 0.0 0.195 0.415 0.805 0.550 4.0 0.313 0.269 0.517
0.0 0.0 0.0 1.0 0.0 0.0 0.0 0.0 0.0 0.0 0.195 0.415 0.805 0.535 3.0 0.313 0.308 0.621
0.0 0.0 0.0 1.0 0.0 0.0 0.0 0.0 0.0 0.0 0.244 0.366 0.756 0.475 4.0 0.328 0.423 0.724
0.0 0.0 0.0 1.0 0.0 0.0 0.0 0.0 0.0 0.0 0.098 0.488 0.902 0.613 2.0 0.239 0.115 0.793
0.0 0.0 1.0 0.0 0.0 0.0 0.0 0.0 1.0 0.0 0.024 0.561 0.976 0.686 2.0 0.149 0.077 0.793
0.0 1.0 0.0 0.0 0.0 0.0 0.0 0.0 0.0 0.0 0.049 0.537 0.951 0.662 1.0 0.104 0.077 0.793
0.0 0.0 0.0 1.0 0.0 0.0 0.0 0.0 1.0 0.0 0.024 0.561 0.976 0.686 2.0 0.060 0.077 0.793
0.0 0.0 1.0 0.0 0.0 0.0 0.0 0.0 1.0 0.0 0.024 0.561 0.976 0.686 2.0 0.060 0.077 0.793
0.0 0.0 0.0 1.0 0.0 0.0 0.0 0.0 0.0 0.0 0.244 0.341 0.756 0.467 3.0 0.313 0.423 0.793
0.0 0.0 0.0 1.0 0.0 0.0 0.0 0.0 0.0 0.0 0.244 0.341 0.756 0.467 3.0 0.194 0.423 0.793
0.0 0.0 0.0 1.0 0.0 0.0 0.0 0.0 0.0 0.0 0.244 0.341 0.756 0.467 3.0 0.224 0.423 0.793
0.0 0.0 0.0 1.0 0.0 0.0 0.0 0.0 0.0 0.0 0.268 0.317 0.732 0.442 3.0 0.239 0.423 0.793
0.0 0.0 0.0 1.0 0.0 0.0 0.0 0.0 0.0 0.0 0.244 0.341 0.756 0.467 3.0 0.224 0.423 0.793
0.0 1.0 0.0 0.0 0.0 0.0 0.0 0.0 0.0 0.0 0.268 0.317 0.732 0.442 1.0 0.104 0.423 0.793
0.0 0.0 1.0 0.0 0.0 0.0 0.0 0.0 0.0 0.0 0.244 0.341 0.756 0.467 3.0 0.224 0.423 0.793
0.0 0.0 1.0 0.0 0.0 0.0 0.0 0.0 1.0 0.0 0.098 0.488 0.902 0.613 2.0 0.299 0.154 0.793
0.0 0.0 1.0 0.0 0.0 0.0 0.0 0.0 1.0 0.0 0.098 0.488 0.902 0.613 2.0 0.239 0.154 0.793
0.0 0.0 1.0 0.0 0.0 0.0 0.0 0.0 1.0 0.0 0.098 0.488 0.902 0.613 2.0 0.269 0.154 0.793
0.0 0.0 0.0 1.0 0.0 0.0 0.0 0.0 0.0 0.0 0.220 0.366 0.780 0.491 2.0 0.119 0.385 0.793
0.0 0.0 0.0 1.0 0.0 0.0 0.0 0.0 0.0 0.0 0.244 0.341 0.756 0.467 3.0 0.224 0.385 0.793
0.0 0.0 0.0 1.0 0.0 0.0 0.0 0.0 0.0 0.0 0.244 0.341 0.756 0.467 3.0 0.194 0.385 0.793
0.0 0.0 0.0 1.0 0.0 0.0 0.0 0.0 0.0 0.0 0.220 0.366 0.780 0.491 2.0 0.149 0.385 0.793
0.0 1.0 0.0 0.0 0.0 0.0 0.0 0.0 0.0 0.0 0.220 0.366 0.780 0.491 1.0 0.104 0.385 0.793
0.0 0.0 1.0 0.0 0.0 0.0 0.0 0.0 0.0 0.0 0.195 0.390 0.805 0.515 2.0 0.104 0.385 0.793
0.0 0.0 0.0 1.0 0.0 0.0 0.0 0.0 0.0 0.0 0.244 0.341 0.756 0.467 3.0 0.209 0.385 0.793
0.0 1.0 0.0 0.0 0.0 0.0 0.0 0.0 0.0 1.0 0.195 0.000 0.000 0.000 1.0 0.060 0.346 0.034
0.0 0.0 1.0 0.0 0.0 0.0 0.0 0.0 0.0 0.0 0.171 0.024 0.024 0.024 2.0 0.134 0.346 0.034
0.0 0.0 0.0 1.0 0.0 0.0 0.0 0.0 0.0 1.0 0.122 0.000 0.000 0.000 3.0 0.134 0.115 0.034
0.0 0.0 0.0 1.0 0.0 0.0 0.0 0.0 0.0 1.0 0.659 0.000 0.000 0.000 4.0 0.209 1.000 0.034
0.0 0.0 0.0 1.0 0.0 0.0 0.0 0.0 0.0 1.0 0.585 0.000 0.000 0.000 4.0 0.209 1.000 0.034
0.0 0.0 0.0 1.0 0.0 0.0 0.0 0.0 0.0 1.0 0.756 0.000 0.000 0.000 2.0 0.090 0.962 0.034
0.0 0.0 0.0 1.0 0.0 0.0 0.0 0.0 0.0 1.0 0.707 0.000 0.000 0.000 2.0 0.090 0.962 0.034
0.0 0.0 0.0 1.0 0.0 0.0 0.0 0.0 0.0 1.0 0.634 0.000 0.000 0.000 2.0 0.090 0.962 0.034
0.0 0.0 0.0 1.0 0.0 0.0 0.0 0.0 0.0 1.0 0.610 0.000 0.000 0.000 2.0 0.090 0.962 0.034
0.0 0.0 0.0 1.0 0.0 0.0 0.0 0.0 0.0 1.0 0.610 0.000 0.000 0.000 2.0 0.090 0.962 0.034
0.0 0.0 0.0 1.0 0.0 0.0 0.0 0.0 0.0 1.0 0.610 0.000 0.000 0.000 2.0 0.090 0.962 0.034
0.0 0.0 0.0 1.0 0.0 0.0 0.0 0.0 0.0 1.0 1.000 0.000 0.000 0.000 2.0 0.090 0.962 0.034
0.0 0.0 0.0 1.0 0.0 0.0 0.0 0.0 0.0 1.0 0.927 0.000 0.000 0.000 2.0 0.090 0.962 0.034
0.0 0.0 0.0 1.0 0.0 0.0 0.0 0.0 0.0 1.0 0.805 0.000 0.000 0.000 3.0 0.119 0.962 0.034
0.0 0.0 0.0 1.0 0.0 0.0 0.0 0.0 0.0 1.0 0.756 0.000 0.000 0.000 4.0 0.164 0.962 0.034
0.0 0.0 1.0 0.0 0.0 0.0 0.0 0.0 0.0 0.0 0.707 0.049 0.049 0.049 2.0 0.134 0.962 0.034
0.0 0.0 0.0 1.0 0.0 0.0 0.0 0.0 0.0 1.0 0.732 0.000 0.000 0.000 4.0 0.149 0.962 0.034
0.0 0.0 1.0 0.0 0.0 0.0 0.0 0.0 0.0 0.0 0.707 0.024 0.024 0.024 2.0 0.134 0.962 0.034
0.0 0.0 0.0 1.0 0.0 0.0 0.0 0.0 0.0 1.0 0.732 0.000 0.000 0.000 4.0 0.164 0.962 0.034
0.0 0.0 1.0 0.0 0.0 0.0 0.0 0.0 0.0 0.0 0.707 0.024 0.024 0.024 2.0 0.134 0.962 0.034
0.0 0.0 0.0 1.0 0.0 0.0 0.0 0.0 0.0 1.0 0.732 0.000 0.000 0.000 4.0 0.164 0.962 0.034
0.0 0.0 1.0 0.0 0.0 0.0 0.0 0.0 0.0 0.0 0.707 0.024 0.024 0.024 2.0 0.134 0.962 0.034
0.0 0.0 0.0 1.0 0.0 0.0 0.0 0.0 0.0 1.0 0.732 0.000 0.000 0.000 4.0 0.164 0.962 0.034
0.0 0.0 1.0 0.0 0.0 0.0 0.0 0.0 0.0 0.0 0.707 0.024 0.024 0.024 2.0 0.134 0.962 0.034
0.0 0.0 0.0 1.0 0.0 0.0 0.0 0.0 0.0 1.0 0.707 0.000 0.000 0.000 4.0 0.134 0.962 0.034
0.0 0.0 0.0 1.0 0.0 0.0 0.0 0.0 0.0 1.0 0.780 0.000 0.000 0.000 3.0 0.104 1.000 0.034
0.0 1.0 0.0 0.0 0.0 0.0 0.0 0.0 0.0 1.0 0.732 0.000 0.000 0.000 1.0 0.075 1.000 0.034
0.0 0.0 1.0 0.0 0.0 0.0 0.0 0.0 0.0 0.0 0.707 0.024 0.024 0.024 3.0 0.134 1.000 0.034
0.0 1.0 0.0 0.0 0.0 0.0 0.0 0.0 0.0 1.0 0.659 0.000 0.000 0.000 1.0 0.075 1.000 0.034
0.0 0.0 1.0 0.0 0.0 0.0 0.0 0.0 0.0 0.0 0.634 0.024 0.024 0.024 3.0 0.134 1.000 0.034
0.0 0.0 0.0 1.0 0.0 0.0 0.0 0.0 0.0 1.0 0.610 0.000 0.000 0.000 3.0 0.119 1.000 0.034
0.0 1.0 0.0 0.0 0.0 0.0 0.0 0.0 0.0 1.0 0.634 0.000 0.000 0.000 1.0 0.075 1.000 0.034
0.0 0.0 1.0 0.0 0.0 0.0 0.0 0.0 0.0 0.0 0.610 0.024 0.024 0.024 3.0 0.134 1.000 0.034
0.0 1.0 0.0 0.0 0.0 0.0 0.0 0.0 0.0 1.0 0.634 0.000 0.000 0.000 1.0 0.075 1.000 0.034
0.0 0.0 1.0 0.0 0.0 0.0 0.0 0.0 0.0 0.0 0.610 0.024 0.024 0.024 3.0 0.134 1.000 0.034
0.0 0.0 1.0 0.0 0.0 0.0 0.0 0.0 0.0 0.0 0.122 0.073 0.878 0.567 3.0 0.418 0.231 0.828
0.0 1.0 0.0 0.0 0.0 0.0 0.0 0.0 1.0 0.0 0.024 0.098 0.976 0.642 1.0 0.522 0.038 0.862
0.0 1.0 0.0 0.0 0.0 0.0 0.0 0.0 0.0 0.0 0.073 0.049 0.927 0.593 1.0 0.388 0.077 0.862
0.0 0.0 0.0 0.0 0.0 1.0 0.0 0.0 1.0 0.0 0.049 0.073 0.951 0.618 2.0 0.209 0.077 0.862
0.0 1.0 0.0 0.0 0.0 0.0 0.0 0.0 1.0 0.0 0.024 0.098 0.976 0.642 1.0 0.313 0.038 0.862
0.0 1.0 0.0 0.0 0.0 0.0 0.0 0.0 1.0 0.0 0.024 0.098 0.976 0.642 1.0 0.358 0.038 0.862
0.0 1.0 0.0 0.0 0.0 0.0 0.0 0.0 1.0 0.0 0.024 0.098 0.976 0.642 1.0 0.269 0.038 0.862
0.0 1.0 0.0 0.0 0.0 0.0 0.0 0.0 1.0 0.0 0.024 0.073 0.976 0.641 1.0 0.224 0.038 0.862
0.0 1.0 0.0 0.0 0.0 0.0 0.0 0.0 1.0 0.0 0.024 0.098 0.976 0.707 1.0 0.149 0.038 0.345
0.0 1.0 0.0 0.0 0.0 0.0 0.0 0.0 0.0 0.0 0.122 0.073 0.634 0.474 1.0 0.209 0.115 0.310
0.0 0.0 1.0 0.0 0.0 0.0 0.0 0.0 0.0 0.0 0.098 0.098 0.659 0.499 2.0 0.299 0.115 0.310
0.0 1.0 0.0 0.0 0.0 0.0 0.0 0.0 1.0 0.0 0.024 0.098 0.976 0.642 1.0 0.463 0.038 0.862
0.0 0.0 0.0 0.0 1.0 0.0 0.0 0.0 0.0 0.0 0.049 0.146 0.951 0.640 2.0 0.687 0.077 0.828
0.0 1.0 0.0 0.0 0.0 0.0 0.0 0.0 1.0 0.0 0.024 0.171 0.976 0.665 1.0 0.627 0.038 0.828
0.0 1.0 0.0 0.0 0.0 0.0 0.0 0.0 0.0 0.0 0.537 0.049 0.244 0.125 1.0 0.328 0.923 0.276
0.0 0.0 0.0 0.0 1.0 0.0 0.0 0.0 1.0 0.0 0.049 0.537 0.951 0.662 2.0 0.612 0.077 0.793
0.0 0.0 0.0 0.0 1.0 0.0 0.0 0.0 1.0 0.0 0.049 0.073 0.951 0.663 2.0 0.239 0.077 0.379
0.0 0.0 0.0 0.0 1.0 0.0 0.0 0.0 1.0 0.0 0.073 0.512 0.927 0.637 2.0 0.388 0.115 0.793
0.0 0.0 0.0 0.0 0.0 1.0 0.0 0.0 0.0 0.0 0.610 0.098 0.390 0.182 2.0 0.701 0.962 0.310
0.0 1.0 0.0 0.0 0.0 0.0 0.0 0.0 0.0 0.0 0.585 0.122 0.415 0.206 1.0 0.687 0.962 0.310
0.0 0.0 1.0 0.0 0.0 0.0 0.0 0.0 0.0 0.0 0.561 0.146 0.439 0.230 4.0 0.433 0.962 0.310
0.0 0.0 0.0 0.0 0.0 1.0 0.0 0.0 1.0 0.0 0.610 0.098 0.195 0.132 3.0 0.493 0.962 0.241
0.0 0.0 1.0 0.0 0.0 0.0 0.0 0.0 1.0 0.0 0.634 0.098 0.171 0.114 2.0 0.254 0.962 0.207
0.0 1.0 0.0 0.0 0.0 0.0 0.0 0.0 0.0 0.0 0.659 0.049 0.098 0.073 1.0 0.239 0.962 0.207
0.0 0.0 1.0 0.0 0.0 0.0 0.0 0.0 0.0 0.0 0.634 0.073 0.122 0.098 2.0 0.254 0.962 0.207
0.0 0.0 0.0 0.0 0.0 1.0 0.0 0.0 1.0 0.0 0.610 0.098 0.146 0.122 3.0 0.388 0.962 0.207
0.0 0.0 0.0 1.0 0.0 0.0 0.0 0.0 0.0 0.0 0.049 0.537 0.732 0.613 3.0 0.567 0.115 0.241
0.0 1.0 0.0 0.0 0.0 0.0 0.0 0.0 1.0 0.0 0.024 0.561 0.976 0.686 1.0 0.358 0.038 0.793
0.0 1.0 0.0 0.0 0.0 0.0 0.0 0.0 0.0 0.0 0.098 0.512 0.683 0.577 1.0 0.299 0.154 0.207
0.0 0.0 0.0 0.0 1.0 0.0 0.0 0.0 0.0 0.0 0.073 0.537 0.707 0.602 2.0 0.269 0.154 0.207
0.0 0.0 1.0 0.0 0.0 0.0 0.0 0.0 0.0 0.0 0.561 0.049 0.220 0.114 2.0 0.388 0.962 0.207
0.0 0.0 1.0 0.0 0.0 0.0 0.0 0.0 0.0 0.0 0.537 0.073 0.244 0.138 2.0 0.343 0.962 0.207
0.0 0.0 0.0 0.0 1.0 0.0 0.0 0.0 1.0 0.0 0.024 0.073 0.976 0.563 2.0 0.642 0.077 1.000
0.0 0.0 0.0 0.0 0.0 1.0 0.0 0.0 1.0 0.0 0.049 0.049 0.707 0.335 2.0 0.507 0.115 0.414
0.0 1.0 0.0 0.0 0.0 0.0 0.0 0.0 0.0 0.0 0.561 0.049 0.195 0.093 1.0 0.343 0.962 0.207
0.0 0.0 0.0 0.0 0.0 1.0 0.0 0.0 0.0 0.0 0.537 0.073 0.220 0.118 3.0 0.463 0.962 0.207
0.0 0.0 1.0 0.0 0.0 0.0 0.0 0.0 0.0 0.0 0.171 0.439 0.585 0.484 2.0 0.358 0.385 0.207
0.0 0.0 0.0 0.0 0.0 1.0 0.0 0.0 1.0 0.0 0.146 0.439 0.854 0.564 3.0 0.373 0.308 0.793
0.0 1.0 0.0 0.0 0.0 0.0 0.0 0.0 0.0 0.0 0.195 0.390 0.805 0.515 1.0 0.373 0.308 0.793
0.0 0.0 0.0 0.0 1.0 0.0 0.0 0.0 1.0 0.0 0.171 0.415 0.829 0.540 3.0 0.194 0.308 0.793
0.0 0.0 0.0 1.0 0.0 0.0 0.0 0.0 0.0 0.0 0.073 0.512 0.927 0.637 2.0 0.567 0.115 0.793
0.0 0.0 0.0 0.0 0.0 1.0 0.0 0.0 0.0 0.0 0.171 0.415 0.829 0.540 2.0 0.522 0.346 0.793
0.0 0.0 0.0 0.0 1.0 0.0 0.0 0.0 0.0 0.0 0.049 0.561 0.951 0.670 2.0 0.552 0.077 0.724
0.0 0.0 1.0 0.0 0.0 0.0 0.0 0.0 0.0 0.0 0.122 0.488 0.878 0.597 2.0 0.507 0.154 0.724
0.0 0.0 0.0 0.0 1.0 0.0 0.0 0.0 1.0 0.0 0.049 0.561 0.951 0.670 3.0 0.403 0.154 0.724
0.0 0.0 1.0 0.0 0.0 0.0 0.0 0.0 0.0 0.0 0.098 0.512 0.902 0.621 2.0 0.418 0.192 0.724
0.0 0.0 0.0 1.0 0.0 0.0 0.0 0.0 0.0 0.0 0.122 0.488 0.878 0.597 3.0 0.403 0.269 0.724
0.0 0.0 0.0 0.0 1.0 0.0 0.0 0.0 1.0 0.0 0.049 0.561 0.951 0.670 3.0 0.642 0.154 0.724
0.0 0.0 0.0 1.0 0.0 0.0 0.0 0.0 0.0 1.0 0.098 0.000 0.000 0.000 2.0 0.075 0.192 0.034
0.0 0.0 0.0 1.0 0.0 0.0 0.0 0.0 0.0 1.0 0.122 0.000 0.000 0.000 2.0 0.090 0.192 0.034
0.0 1.0 0.0 0.0 0.0 0.0 0.0 0.0 0.0 1.0 0.122 0.000 0.000 0.000 1.0 0.060 0.192 0.034
0.0 0.0 0.0 1.0 0.0 0.0 0.0 0.0 0.0 0.0 0.098 0.024 0.024 0.024 2.0 0.090 0.192 0.034
0.0 0.0 0.0 1.0 0.0 0.0 0.0 0.0 0.0 1.0 0.122 0.000 0.000 0.000 2.0 0.075 0.192 0.034
0.0 1.0 0.0 0.0 0.0 0.0 0.0 0.0 0.0 1.0 0.122 0.000 0.000 0.000 1.0 0.060 0.192 0.034
0.0 0.0 1.0 0.0 0.0 0.0 0.0 0.0 0.0 0.0 0.098 0.024 0.024 0.024 2.0 0.090 0.192 0.034
0.0 0.0 0.0 1.0 0.0 0.0 0.0 0.0 0.0 1.0 0.098 0.000 0.000 0.000 2.0 0.075 0.192 0.034
0.0 0.0 1.0 0.0 0.0 0.0 0.0 0.0 0.0 0.0 0.098 0.098 0.902 0.591 4.0 0.239 0.192 0.828
0.0 0.0 1.0 0.0 0.0 0.0 0.0 0.0 0.0 0.0 0.098 0.488 0.488 0.488 3.0 0.284 0.154 0.034
0.0 1.0 0.0 0.0 0.0 0.0 0.0 0.0 0.0 0.0 0.098 0.512 0.902 0.621 1.0 0.224 0.154 0.724
0.0 0.0 0.0 0.0 1.0 0.0 0.0 0.0 1.0 0.0 0.073 0.537 0.927 0.646 3.0 0.239 0.154 0.724
0.0 1.0 0.0 0.0 0.0 0.0 0.0 0.0 0.0 0.0 0.220 0.366 0.780 0.491 1.0 0.418 0.308 0.793
0.0 0.0 0.0 0.0 1.0 0.0 0.0 0.0 1.0 0.0 0.073 0.537 0.927 0.646 3.0 0.522 0.154 0.724
0.0 0.0 0.0 0.0 1.0 0.0 0.0 0.0 0.0 0.0 0.073 0.537 0.927 0.646 3.0 0.403 0.154 0.724
0.0 0.0 0.0 0.0 1.0 0.0 0.0 0.0 1.0 0.0 0.073 0.537 0.927 0.646 3.0 0.537 0.154 0.724
0.0 0.0 0.0 1.0 0.0 0.0 0.0 0.0 1.0 0.0 0.024 0.561 0.976 0.686 2.0 0.269 0.077 0.793
0.0 1.0 0.0 0.0 0.0 0.0 0.0 0.0 0.0 0.0 0.146 0.439 0.854 0.564 1.0 0.239 0.231 0.793
0.0 0.0 0.0 0.0 1.0 0.0 0.0 0.0 0.0 0.0 0.073 0.122 0.122 0.122 2.0 0.313 0.115 0.034
0.0 1.0 0.0 0.0 0.0 0.0 0.0 0.0 0.0 0.0 0.585 0.073 0.073 0.073 1.0 0.104 0.962 0.034
0.0 0.0 0.0 0.0 0.0 1.0 0.0 0.0 0.0 0.0 0.561 0.098 0.098 0.098 2.0 0.209 0.962 0.034
0.0 0.0 0.0 1.0 0.0 0.0 0.0 0.0 0.0 0.0 0.049 0.610 0.610 0.610 2.0 0.284 0.077 0.034
0.0 0.0 0.0 1.0 0.0 0.0 0.0 0.0 0.0 0.0 0.610 0.049 0.049 0.049 2.0 0.119 0.962 0.034
0.0 0.0 0.0 1.0 0.0 0.0 0.0 0.0 0.0 0.0 0.537 0.122 0.122 0.122 3.0 0.284 0.962 0.034
0.0 0.0 0.0 1.0 0.0 0.0 0.0 0.0 0.0 0.0 0.171 0.415 0.415 0.415 2.0 0.179 0.346 0.034
0.0 0.0 0.0 0.0 1.0 0.0 0.0 0.0 0.0 0.0 0.073 0.512 0.512 0.512 2.0 0.224 0.115 0.034
0.0 0.0 0.0 0.0 1.0 0.0 0.0 0.0 0.0 0.0 0.561 0.024 0.024 0.024 2.0 0.209 0.962 0.034
0.0 0.0 0.0 0.0 1.0 0.0 0.0 0.0 1.0 0.0 0.073 0.634 0.927 0.718 2.0 0.149 0.115 0.310
0.0 0.0 0.0 1.0 0.0 0.0 0.0 0.0 0.0 0.0 0.146 0.561 0.854 0.645 2.0 0.284 0.308 0.310
0.0 0.0 0.0 0.0 1.0 0.0 0.0 0.0 0.0 0.0 0.537 0.171 0.463 0.255 2.0 0.299 0.923 0.310
0.0 0.0 0.0 1.0 0.0 0.0 0.0 0.0 0.0 0.0 0.976 0.024 0.024 0.024 2.0 0.239 0.962 0.034
0.0 0.0 0.0 1.0 0.0 0.0 0.0 0.0 1.0 0.0 0.610 0.390 0.390 0.390 2.0 0.239 0.962 0.034
0.0 0.0 0.0 1.0 0.0 0.0 0.0 0.0 0.0 0.0 0.902 0.024 0.024 0.024 2.0 0.254 0.962 0.034
0.0 0.0 0.0 1.0 0.0 0.0 0.0 0.0 1.0 0.0 0.610 0.317 0.317 0.317 2.0 0.239 0.962 0.034
0.0 1.0 0.0 0.0 0.0 0.0 0.0 0.0 0.0 0.0 0.683 0.122 0.122 0.122 1.0 0.090 0.962 0.034
0.0 0.0 0.0 1.0 0.0 0.0 0.0 0.0 1.0 0.0 0.659 0.146 0.146 0.146 2.0 0.149 0.962 0.034
0.0 0.0 0.0 1.0 0.0 0.0 0.0 0.0 0.0 0.0 0.780 0.024 0.024 0.024 2.0 0.269 0.962 0.034
0.0 0.0 0.0 1.0 0.0 0.0 0.0 0.0 1.0 0.0 0.610 0.195 0.195 0.195 2.0 0.254 0.962 0.034
0.0 0.0 0.0 1.0 0.0 0.0 0.0 0.0 1.0 0.0 0.683 0.073 0.073 0.073 2.0 0.164 0.962 0.034
0.0 0.0 0.0 1.0 0.0 0.0 0.0 0.0 1.0 0.0 0.659 0.098 0.098 0.098 2.0 0.164 0.962 0.034
0.0 0.0 0.0 1.0 0.0 0.0 0.0 0.0 0.0 0.0 0.732 0.024 0.024 0.024 2.0 0.313 0.962 0.034
0.0 0.0 0.0 1.0 0.0 0.0 0.0 0.0 1.0 0.0 0.634 0.122 0.122 0.122 2.0 0.179 0.962 0.034
0.0 0.0 0.0 1.0 0.0 0.0 0.0 0.0 1.0 0.0 0.610 0.146 0.146 0.146 2.0 0.269 0.962 0.034
0.0 0.0 0.0 1.0 0.0 0.0 0.0 0.0 1.0 0.0 0.683 0.049 0.049 0.049 2.0 0.164 0.962 0.034
0.0 1.0 0.0 0.0 0.0 0.0 0.0 0.0 0.0 0.0 0.683 0.049 0.049 0.049 1.0 0.090 0.962 0.034
0.0 0.0 0.0 1.0 0.0 0.0 0.0 0.0 1.0 0.0 0.659 0.073 0.073 0.073 2.0 0.149 0.962 0.034
0.0 1.0 0.0 0.0 0.0 0.0 0.0 0.0 0.0 0.0 0.707 0.024 0.024 0.024 1.0 0.119 0.962 0.034
0.0 0.0 1.0 0.0 0.0 0.0 0.0 0.0 0.0 0.0 0.683 0.049 0.049 0.049 2.0 0.284 0.962 0.034
0.0 0.0 0.0 1.0 0.0 0.0 0.0 0.0 1.0 0.0 0.634 0.098 0.098 0.098 2.0 0.179 0.962 0.034
0.0 0.0 0.0 1.0 0.0 0.0 0.0 0.0 1.0 0.0 0.610 0.122 0.122 0.122 2.0 0.269 0.962 0.034
0.0 0.0 0.0 1.0 0.0 0.0 0.0 0.0 1.0 0.0 0.683 0.049 0.049 0.049 2.0 0.164 0.962 0.034
0.0 0.0 0.0 1.0 0.0 0.0 0.0 0.0 1.0 0.0 0.659 0.073 0.073 0.073 2.0 0.164 0.962 0.034
0.0 0.0 0.0 1.0 0.0 0.0 0.0 0.0 0.0 0.0 0.634 0.098 0.098 0.098 2.0 0.313 0.962 0.034
0.0 0.0 0.0 1.0 0.0 0.0 0.0 0.0 1.0 0.0 0.634 0.098 0.098 0.098 2.0 0.179 0.962 0.034
0.0 1.0 0.0 0.0 0.0 0.0 0.0 0.0 0.0 0.0 0.634 0.098 0.098 0.098 1.0 0.104 0.962 0.034
0.0 0.0 1.0 0.0 0.0 0.0 0.0 0.0 1.0 0.0 0.610 0.122 0.122 0.122 2.0 0.239 0.962 0.034
0.0 0.0 0.0 1.0 0.0 0.0 0.0 0.0 1.0 0.0 0.683 0.049 0.049 0.049 2.0 0.164 0.962 0.034
0.0 0.0 0.0 1.0 0.0 0.0 0.0 0.0 1.0 0.0 0.659 0.073 0.073 0.073 2.0 0.164 0.962 0.034
0.0 0.0 0.0 1.0 0.0 0.0 0.0 0.0 0.0 0.0 0.634 0.098 0.098 0.098 2.0 0.313 0.962 0.034
0.0 0.0 0.0 1.0 0.0 0.0 0.0 0.0 1.0 0.0 0.634 0.098 0.098 0.098 2.0 0.179 0.962 0.034
0.0 1.0 0.0 0.0 0.0 0.0 0.0 0.0 0.0 0.0 0.634 0.098 0.098 0.098 1.0 0.104 0.962 0.034
0.0 0.0 1.0 0.0 0.0 0.0 0.0 0.0 1.0 0.0 0.610 0.122 0.122 0.122 2.0 0.239 0.962 0.034
0.0 0.0 0.0 1.0 0.0 0.0 0.0 0.0 1.0 0.0 0.683 0.049 0.049 0.049 2.0 0.164 0.962 0.034
0.0 0.0 0.0 1.0 0.0 0.0 0.0 0.0 1.0 0.0 0.659 0.073 0.073 0.073 2.0 0.164 0.962 0.034
0.0 0.0 0.0 1.0 0.0 0.0 0.0 0.0 0.0 0.0 0.634 0.098 0.098 0.098 2.0 0.313 0.962 0.034
0.0 0.0 0.0 1.0 0.0 0.0 0.0 0.0 1.0 0.0 0.634 0.098 0.098 0.098 2.0 0.179 0.962 0.034
0.0 0.0 0.0 1.0 0.0 0.0 0.0 0.0 1.0 0.0 0.610 0.122 0.122 0.122 2.0 0.269 0.962 0.034
0.0 0.0 0.0 1.0 0.0 0.0 0.0 0.0 1.0 0.0 0.683 0.024 0.024 0.024 2.0 0.179 0.962 0.034
0.0 1.0 0.0 0.0 0.0 0.0 0.0 0.0 0.0 0.0 0.659 0.049 0.049 0.049 1.0 0.119 0.962 0.034
0.0 0.0 0.0 1.0 0.0 0.0 0.0 0.0 0.0 0.0 0.634 0.073 0.073 0.073 2.0 0.284 0.962 0.034
0.0 0.0 0.0 1.0 0.0 0.0 0.0 0.0 1.0 0.0 0.634 0.073 0.073 0.073 2.0 0.179 0.962 0.034
0.0 0.0 0.0 1.0 0.0 0.0 0.0 0.0 1.0 0.0 0.610 0.098 0.098 0.098 2.0 0.269 0.962 0.034
0.0 1.0 0.0 0.0 0.0 0.0 0.0 0.0 0.0 0.0 0.756 0.024 0.024 0.024 1.0 0.104 0.962 0.034
0.0 0.0 0.0 1.0 0.0 0.0 0.0 0.0 0.0 0.0 0.732 0.049 0.049 0.049 2.0 0.239 0.962 0.034
0.0 0.0 0.0 1.0 0.0 0.0 0.0 0.0 1.0 0.0 0.561 0.220 0.220 0.220 2.0 0.179 0.962 0.034
0.0 0.0 0.0 1.0 0.0 0.0 0.0 0.0 1.0 0.0 0.073 0.707 0.707 0.707 2.0 0.224 0.154 0.034
0.0 0.0 0.0 1.0 0.0 0.0 0.0 0.0 0.0 0.0 0.683 0.049 0.049 0.049 2.0 0.269 0.962 0.034
0.0 0.0 0.0 1.0 0.0 0.0 0.0 0.0 1.0 0.0 0.561 0.171 0.171 0.171 2.0 0.194 0.962 0.034
0.0 1.0 0.0 0.0 0.0 0.0 0.0 0.0 0.0 0.0 0.098 0.634 0.634 0.634 1.0 0.104 0.154 0.034
0.0 0.0 1.0 0.0 0.0 0.0 0.0 0.0 1.0 0.0 0.073 0.659 0.659 0.659 2.0 0.209 0.154 0.034
0.0 0.0 0.0 1.0 0.0 0.0 0.0 0.0 0.0 0.0 0.610 0.049 0.049 0.049 2.0 0.269 0.962 0.034
0.0 0.0 0.0 1.0 0.0 0.0 0.0 0.0 1.0 0.0 0.561 0.098 0.098 0.098 2.0 0.194 0.962 0.034
0.0 0.0 0.0 1.0 0.0 0.0 0.0 0.0 1.0 0.0 0.073 0.585 0.585 0.585 2.0 0.239 0.154 0.034
0.0 0.0 0.0 1.0 0.0 0.0 0.0 0.0 0.0 0.0 0.585 0.024 0.024 0.024 2.0 0.254 0.962 0.034
0.0 0.0 0.0 1.0 0.0 0.0 0.0 0.0 1.0 0.0 0.561 0.049 0.049 0.049 2.0 0.179 0.962 0.034
0.0 0.0 0.0 1.0 0.0 0.0 0.0 0.0 1.0 0.0 0.073 0.537 0.537 0.537 2.0 0.224 0.154 0.034
0.0 0.0 0.0 1.0 0.0 0.0 0.0 0.0 0.0 0.0 0.585 0.049 0.049 0.049 2.0 0.269 0.962 0.034
0.0 1.0 0.0 0.0 0.0 0.0 0.0 0.0 0.0 0.0 0.585 0.049 0.049 0.049 1.0 0.104 0.962 0.034
0.0 0.0 1.0 0.0 0.0 0.0 0.0 0.0 1.0 0.0 0.561 0.073 0.073 0.073 2.0 0.164 0.962 0.034
0.0 0.0 0.0 1.0 0.0 0.0 0.0 0.0 1.0 0.0 0.073 0.561 0.561 0.561 2.0 0.239 0.154 0.034
0.0 0.0 0.0 1.0 0.0 0.0 0.0 0.0 0.0 0.0 0.585 0.049 0.049 0.049 2.0 0.269 0.962 0.034
0.0 0.0 0.0 1.0 0.0 0.0 0.0 0.0 1.0 0.0 0.561 0.073 0.073 0.073 2.0 0.194 0.962 0.034
0.0 0.0 0.0 1.0 0.0 0.0 0.0 0.0 1.0 0.0 0.073 0.561 0.561 0.561 2.0 0.239 0.154 0.034
0.0 0.0 0.0 1.0 0.0 0.0 0.0 0.0 0.0 0.0 0.073 0.537 0.683 0.581 2.0 0.493 0.154 0.207
0.0 0.0 0.0 1.0 0.0 0.0 0.0 0.0 0.0 0.0 0.146 0.049 0.610 0.443 2.0 0.358 0.346 0.241
0.0 0.0 0.0 1.0 0.0 0.0 0.0 0.0 0.0 0.0 0.732 0.024 0.024 0.024 2.0 0.224 0.962 0.034
0.0 0.0 0.0 1.0 0.0 0.0 0.0 0.0 1.0 0.0 0.195 0.561 0.561 0.561 2.0 0.179 0.423 0.034
0.0 0.0 0.0 1.0 0.0 0.0 0.0 0.0 0.0 0.0 0.683 0.024 0.024 0.024 2.0 0.224 0.962 0.034
0.0 0.0 0.0 1.0 0.0 0.0 0.0 0.0 1.0 0.0 0.195 0.512 0.512 0.512 2.0 0.179 0.423 0.034
0.0 0.0 0.0 1.0 0.0 0.0 0.0 0.0 0.0 0.0 0.610 0.024 0.024 0.024 2.0 0.224 0.962 0.034
0.0 0.0 0.0 1.0 0.0 0.0 0.0 0.0 1.0 0.0 0.195 0.439 0.439 0.439 2.0 0.179 0.423 0.034
0.0 0.0 0.0 1.0 0.0 0.0 0.0 0.0 0.0 0.0 0.585 0.024 0.024 0.024 2.0 0.224 0.962 0.034
0.0 0.0 0.0 1.0 0.0 0.0 0.0 0.0 1.0 0.0 0.195 0.415 0.415 0.415 2.0 0.179 0.423 0.034
0.0 0.0 0.0 1.0 0.0 0.0 0.0 0.0 0.0 0.0 0.585 0.024 0.024 0.024 2.0 0.224 0.962 0.034
0.0 0.0 0.0 1.0 0.0 0.0 0.0 0.0 1.0 0.0 0.195 0.415 0.415 0.415 2.0 0.179 0.423 0.034
0.0 0.0 0.0 1.0 0.0 0.0 0.0 0.0 0.0 0.0 0.585 0.024 0.024 0.024 2.0 0.224 0.962 0.034
0.0 0.0 0.0 1.0 0.0 0.0 0.0 0.0 1.0 0.0 0.195 0.415 0.415 0.415 2.0 0.179 0.423 0.034
0.0 0.0 0.0 1.0 0.0 0.0 0.0 0.0 1.0 0.0 0.098 0.488 0.902 0.613 2.0 0.239 0.154 0.793
0.0 1.0 0.0 0.0 0.0 0.0 0.0 0.0 0.0 0.0 0.195 0.390 0.805 0.515 1.0 0.090 0.308 0.793
0.0 0.0 1.0 0.0 0.0 0.0 0.0 0.0 1.0 0.0 0.171 0.415 0.829 0.540 2.0 0.164 0.308 0.793
0.0 0.0 0.0 1.0 0.0 0.0 0.0 0.0 1.0 0.0 0.098 0.488 0.902 0.613 2.0 0.269 0.154 0.793
0.0 1.0 0.0 0.0 0.0 0.0 0.0 0.0 0.0 0.0 0.195 0.390 0.805 0.515 1.0 0.119 0.308 0.793
0.0 0.0 0.0 1.0 0.0 0.0 0.0 0.0 1.0 0.0 0.171 0.415 0.829 0.540 2.0 0.164 0.308 0.793
0.0 1.0 0.0 0.0 0.0 0.0 0.0 0.0 0.0 0.0 0.122 0.463 0.878 0.589 1.0 0.104 0.154 0.793
0.0 0.0 0.0 1.0 0.0 0.0 0.0 0.0 1.0 0.0 0.098 0.488 0.902 0.613 2.0 0.224 0.154 0.793
0.0 0.0 0.0 1.0 0.0 0.0 0.0 0.0 1.0 0.0 0.171 0.415 0.829 0.540 2.0 0.194 0.308 0.793
0.0 0.0 0.0 1.0 0.0 0.0 0.0 0.0 1.0 0.0 0.098 0.488 0.902 0.613 2.0 0.254 0.154 0.793
0.0 1.0 0.0 0.0 0.0 0.0 0.0 0.0 0.0 0.0 0.195 0.390 0.805 0.515 1.0 0.104 0.308 0.793
0.0 0.0 0.0 1.0 0.0 0.0 0.0 0.0 1.0 0.0 0.171 0.415 0.829 0.540 2.0 0.164 0.308 0.793
0.0 0.0 0.0 1.0 0.0 0.0 0.0 0.0 1.0 0.0 0.098 0.488 0.902 0.613 2.0 0.239 0.154 0.793
0.0 0.0 0.0 1.0 0.0 0.0 0.0 0.0 1.0 0.0 0.171 0.415 0.829 0.540 2.0 0.179 0.308 0.793
0.0 0.0 0.0 1.0 0.0 0.0 0.0 0.0 1.0 0.0 0.098 0.488 0.902 0.613 2.0 0.254 0.154 0.793
0.0 0.0 0.0 1.0 0.0 0.0 0.0 0.0 1.0 0.0 0.171 0.415 0.829 0.540 2.0 0.194 0.308 0.793
0.0 0.0 0.0 1.0 0.0 0.0 0.0 0.0 1.0 0.0 0.024 0.561 0.976 0.686 2.0 0.075 0.077 0.793
0.0 0.0 0.0 1.0 0.0 0.0 0.0 0.0 1.0 0.0 0.024 0.561 0.976 0.686 2.0 0.090 0.077 0.793
0.0 0.0 0.0 1.0 0.0 0.0 0.0 0.0 1.0 0.0 0.024 0.561 0.976 0.686 2.0 0.075 0.077 0.793
0.0 0.0 0.0 1.0 0.0 0.0 0.0 0.0 1.0 0.0 0.024 0.561 0.976 0.686 2.0 0.090 0.077 0.793
0.0 0.0 0.0 1.0 0.0 0.0 0.0 0.0 1.0 0.0 0.024 0.561 0.976 0.686 2.0 0.075 0.077 0.793
0.0 0.0 0.0 1.0 0.0 0.0 0.0 0.0 0.0 0.0 0.146 0.463 0.854 0.573 3.0 0.597 0.231 0.724
0.0 1.0 0.0 0.0 0.0 0.0 0.0 0.0 0.0 0.0 0.195 0.561 0.805 0.642 1.0 0.104 0.269 0.207
0.0 0.0 0.0 1.0 0.0 0.0 0.0 0.0 1.0 0.0 0.171 0.585 0.829 0.667 2.0 0.224 0.269 0.207
0.0 0.0 0.0 0.0 1.0 0.0 0.0 0.0 0.0 0.0 0.073 0.683 0.927 0.764 2.0 0.254 0.192 0.207
0.0 0.0 0.0 1.0 0.0 0.0 0.0 0.0 1.0 0.0 0.171 0.537 0.829 0.629 2.0 0.269 0.269 0.310
0.0 0.0 0.0 0.0 1.0 0.0 0.0 0.0 0.0 0.0 0.073 0.634 0.927 0.726 2.0 0.239 0.192 0.310
0.0 0.0 0.0 1.0 0.0 0.0 0.0 0.0 1.0 0.0 0.171 0.463 0.829 0.598 2.0 0.269 0.269 0.414
0.0 0.0 0.0 0.0 1.0 0.0 0.0 0.0 0.0 0.0 0.073 0.561 0.927 0.695 2.0 0.284 0.192 0.414
0.0 0.0 0.0 1.0 0.0 0.0 0.0 0.0 1.0 0.0 0.171 0.439 0.829 0.574 2.0 0.284 0.269 0.517
0.0 0.0 0.0 0.0 1.0 0.0 0.0 0.0 0.0 0.0 0.073 0.537 0.927 0.672 2.0 0.284 0.192 0.517
0.0 0.0 0.0 1.0 0.0 0.0 0.0 0.0 1.0 0.0 0.171 0.439 0.829 0.560 2.0 0.269 0.269 0.621
0.0 0.0 0.0 1.0 0.0 0.0 0.0 0.0 1.0 0.0 0.171 0.439 0.829 0.548 2.0 0.284 0.269 0.724
0.0 0.0 0.0 0.0 1.0 0.0 0.0 0.0 0.0 0.0 0.073 0.537 0.927 0.646 2.0 0.284 0.192 0.724
0.0 0.0 0.0 1.0 0.0 0.0 0.0 0.0 1.0 0.0 0.146 0.854 0.854 0.854 2.0 0.179 0.308 0.034
0.0 0.0 0.0 1.0 0.0 0.0 0.0 0.0 1.0 0.0 0.146 0.780 0.854 0.817 2.0 0.179 0.308 0.069
0.0 0.0 0.0 1.0 0.0 0.0 0.0 0.0 1.0 0.0 0.146 0.659 0.854 0.764 2.0 0.179 0.308 0.103
0.0 1.0 0.0 0.0 0.0 0.0 0.0 0.0 0.0 0.0 0.171 0.439 0.829 0.548 1.0 0.224 0.269 0.724
0.0 0.0 0.0 0.0 1.0 0.0 0.0 0.0 1.0 0.0 0.146 0.463 0.854 0.573 2.0 0.224 0.269 0.724
0.0 0.0 0.0 1.0 0.0 0.0 0.0 0.0 1.0 0.0 0.195 0.561 0.805 0.642 2.0 0.209 0.308 0.207
0.0 0.0 0.0 1.0 0.0 0.0 0.0 0.0 1.0 0.0 0.220 0.366 0.780 0.491 2.0 0.299 0.346 0.793
0.0 0.0 0.0 0.0 1.0 0.0 0.0 0.0 0.0 0.0 0.073 0.683 0.927 0.764 2.0 0.313 0.192 0.207
0.0 0.0 0.0 1.0 0.0 0.0 0.0 0.0 1.0 0.0 0.195 0.512 0.805 0.604 2.0 0.194 0.308 0.310
0.0 0.0 0.0 1.0 0.0 0.0 0.0 0.0 1.0 0.0 0.220 0.366 0.780 0.491 2.0 0.269 0.346 0.793
0.0 0.0 0.0 0.0 1.0 0.0 0.0 0.0 0.0 0.0 0.073 0.634 0.927 0.726 2.0 0.269 0.192 0.310
0.0 0.0 0.0 1.0 0.0 0.0 0.0 0.0 1.0 0.0 0.195 0.439 0.805 0.573 2.0 0.209 0.308 0.414
0.0 0.0 0.0 1.0 0.0 0.0 0.0 0.0 1.0 0.0 0.220 0.366 0.780 0.491 2.0 0.299 0.346 0.793
0.0 0.0 0.0 0.0 1.0 0.0 0.0 0.0 0.0 0.0 0.073 0.561 0.927 0.695 2.0 0.328 0.192 0.414
0.0 0.0 0.0 1.0 0.0 0.0 0.0 0.0 1.0 0.0 0.195 0.415 0.805 0.550 2.0 0.209 0.308 0.517
0.0 1.0 0.0 0.0 0.0 0.0 0.0 0.0 0.0 0.0 0.244 0.341 0.756 0.467 1.0 0.194 0.346 0.793
0.0 0.0 1.0 0.0 0.0 0.0 0.0 0.0 1.0 0.0 0.220 0.366 0.780 0.491 2.0 0.179 0.346 0.793
0.0 0.0 0.0 0.0 1.0 0.0 0.0 0.0 0.0 0.0 0.073 0.537 0.927 0.672 2.0 0.328 0.192 0.517
0.0 0.0 0.0 1.0 0.0 0.0 0.0 0.0 1.0 0.0 0.195 0.415 0.805 0.535 2.0 0.209 0.308 0.621
0.0 0.0 0.0 1.0 0.0 0.0 0.0 0.0 1.0 0.0 0.220 0.366 0.780 0.491 2.0 0.299 0.346 0.793
0.0 0.0 0.0 1.0 0.0 0.0 0.0 0.0 1.0 0.0 0.195 0.415 0.805 0.524 2.0 0.209 0.308 0.724
0.0 0.0 0.0 1.0 0.0 0.0 0.0 0.0 1.0 0.0 0.220 0.366 0.780 0.491 2.0 0.284 0.346 0.793
0.0 0.0 0.0 0.0 1.0 0.0 0.0 0.0 0.0 0.0 0.073 0.537 0.927 0.646 2.0 0.313 0.192 0.724
0.0 0.0 0.0 1.0 0.0 0.0 0.0 0.0 0.0 0.0 0.049 0.561 0.951 0.670 2.0 0.448 0.077 0.724
0.0 0.0 0.0 0.0 1.0 0.0 0.0 0.0 1.0 0.0 0.049 0.561 0.951 0.670 2.0 0.373 0.077 0.724
0.0 0.0 0.0 0.0 1.0 0.0 0.0 0.0 1.0 0.0 0.049 0.146 0.951 0.640 2.0 0.179 0.077 0.828
0.0 0.0 0.0 1.0 0.0 0.0 0.0 0.0 1.0 0.0 0.049 0.146 0.951 0.640 2.0 0.179 0.077 0.828
0.0 0.0 0.0 0.0 1.0 0.0 0.0 0.0 1.0 0.0 0.049 0.146 0.951 0.640 2.0 0.179 0.077 0.828
0.0 1.0 0.0 0.0 0.0 0.0 0.0 0.0 0.0 0.0 0.073 0.122 0.927 0.616 1.0 0.119 0.077 0.828
0.0 0.0 0.0 0.0 0.0 1.0 0.0 0.0 1.0 0.0 0.049 0.146 0.951 0.640 2.0 0.134 0.077 0.828
0.0 0.0 0.0 0.0 1.0 0.0 0.0 0.0 1.0 0.0 0.049 0.146 0.951 0.640 2.0 0.164 0.077 0.828
0.0 0.0 0.0 0.0 1.0 0.0 0.0 0.0 1.0 0.0 0.049 0.146 0.951 0.640 2.0 0.179 0.077 0.828
0.0 1.0 0.0 0.0 0.0 0.0 0.0 0.0 0.0 0.0 0.073 0.049 0.049 0.049 1.0 0.090 0.077 0.034
0.0 0.0 0.0 0.0 0.0 1.0 0.0 0.0 1.0 0.0 0.049 0.073 0.073 0.073 2.0 0.149 0.077 0.034
0.0 0.0 0.0 1.0 0.0 0.0 0.0 0.0 1.0 0.0 0.098 0.024 0.024 0.024 2.0 0.149 0.115 0.034
0.0 0.0 0.0 1.0 0.0 0.0 0.0 0.0 1.0 0.0 0.634 0.024 0.024 0.024 2.0 0.119 0.962 0.034
0.0 1.0 0.0 0.0 0.0 0.0 0.0 0.0 0.0 0.0 0.098 0.561 0.561 0.561 1.0 0.104 0.154 0.034
0.0 0.0 0.0 0.0 1.0 0.0 0.0 0.0 1.0 0.0 0.073 0.585 0.585 0.585 3.0 0.149 0.154 0.034
0.0 0.0 0.0 1.0 0.0 0.0 0.0 0.0 1.0 0.0 0.049 0.537 0.537 0.537 3.0 0.224 0.115 0.034
0.0 0.0 0.0 0.0 1.0 0.0 0.0 0.0 0.0 0.0 0.073 0.512 0.512 0.512 2.0 0.254 0.115 0.034
0.0 0.0 0.0 0.0 1.0 0.0 0.0 0.0 0.0 0.0 0.073 0.024 0.024 0.024 2.0 0.313 0.154 0.034
0.0 0.0 0.0 1.0 0.0 0.0 0.0 0.0 1.0 0.0 0.073 0.024 0.024 0.024 2.0 0.239 0.154 0.034
0.0 0.0 0.0 0.0 1.0 0.0 0.0 0.0 0.0 0.0 0.073 0.049 0.049 0.049 2.0 0.299 0.154 0.034
0.0 1.0 0.0 0.0 0.0 0.0 0.0 0.0 0.0 0.0 0.098 0.024 0.024 0.024 1.0 0.075 0.154 0.034
0.0 0.0 0.0 1.0 0.0 0.0 0.0 0.0 1.0 0.0 0.073 0.049 0.049 0.049 2.0 0.254 0.154 0.034
0.0 0.0 0.0 0.0 1.0 0.0 0.0 0.0 0.0 0.0 0.073 0.049 0.049 0.049 2.0 0.343 0.154 0.034
0.0 0.0 0.0 1.0 0.0 0.0 0.0 0.0 1.0 0.0 0.073 0.049 0.049 0.049 2.0 0.254 0.154 0.034
0.0 1.0 0.0 0.0 0.0 0.0 0.0 0.0 0.0 0.0 0.098 0.024 0.024 0.024 1.0 0.090 0.154 0.034
0.0 0.0 0.0 0.0 1.0 0.0 0.0 0.0 0.0 0.0 0.073 0.049 0.049 0.049 2.0 0.343 0.154 0.034
0.0 1.0 0.0 0.0 0.0 0.0 0.0 0.0 0.0 0.0 0.098 0.024 0.024 0.024 1.0 0.075 0.154 0.034
0.0 0.0 0.0 1.0 0.0 0.0 0.0 0.0 1.0 0.0 0.073 0.049 0.049 0.049 2.0 0.254 0.154 0.034
0.0 0.0 0.0 0.0 1.0 0.0 0.0 0.0 0.0 0.0 0.073 0.049 0.049 0.049 2.0 0.343 0.154 0.034
0.0 0.0 0.0 1.0 0.0 0.0 0.0 0.0 1.0 0.0 0.073 0.049 0.049 0.049 2.0 0.254 0.154 0.034
0.0 0.0 0.0 0.0 1.0 0.0 0.0 0.0 0.0 0.0 0.073 0.024 0.024 0.024 2.0 0.313 0.154 0.034
0.0 0.0 0.0 1.0 0.0 0.0 0.0 0.0 1.0 0.0 0.073 0.024 0.024 0.024 2.0 0.239 0.154 0.034
0.0 1.0 0.0 0.0 0.0 0.0 0.0 0.0 1.0 0.0 0.024 0.073 0.976 0.641 1.0 0.194 0.038 0.862
0.0 1.0 0.0 0.0 0.0 0.0 0.0 0.0 0.0 0.0 0.171 0.415 0.829 0.540 1.0 0.119 0.154 0.793
0.0 0.0 0.0 1.0 0.0 0.0 0.0 0.0 0.0 0.0 0.146 0.439 0.854 0.564 2.0 0.164 0.154 0.793
0.0 0.0 0.0 0.0 1.0 0.0 0.0 0.0 0.0 0.0 0.122 0.463 0.878 0.589 2.0 0.179 0.154 0.793
0.0 0.0 1.0 0.0 0.0 0.0 0.0 0.0 0.0 0.0 0.878 0.049 0.049 0.049 2.0 0.149 0.923 0.034
0.0 1.0 0.0 0.0 0.0 0.0 0.0 0.0 0.0 0.0 0.951 0.049 0.049 0.049 1.0 0.104 0.962 0.034
0.0 0.0 0.0 1.0 0.0 0.0 0.0 0.0 0.0 0.0 0.927 0.073 0.073 0.073 2.0 0.164 0.962 0.034
0.0 1.0 0.0 0.0 0.0 0.0 0.0 0.0 0.0 0.0 0.098 0.512 0.902 0.621 1.0 0.806 0.192 0.724
0.0 1.0 0.0 0.0 0.0 0.0 0.0 0.0 0.0 0.0 0.195 0.732 0.805 0.768 1.0 0.134 0.269 0.069
0.0 1.0 0.0 0.0 0.0 0.0 0.0 0.0 0.0 0.0 0.268 0.341 0.732 0.451 1.0 0.179 0.423 0.724
0.0 1.0 0.0 0.0 0.0 0.0 0.0 0.0 0.0 0.0 0.220 0.390 0.780 0.511 1.0 0.179 0.308 0.621
0.0 1.0 0.0 0.0 0.0 0.0 0.0 0.0 0.0 0.0 0.220 0.390 0.780 0.525 1.0 0.164 0.269 0.517
0.0 1.0 0.0 0.0 0.0 0.0 0.0 0.0 0.0 0.0 0.220 0.415 0.780 0.549 1.0 0.179 0.308 0.414
0.0 1.0 0.0 0.0 0.0 0.0 0.0 0.0 0.0 0.0 0.220 0.488 0.780 0.580 1.0 0.179 0.346 0.310
0.0 1.0 0.0 0.0 0.0 0.0 0.0 0.0 0.0 0.0 0.244 0.512 0.756 0.593 1.0 0.164 0.308 0.207
0.0 1.0 0.0 0.0 0.0 0.0 0.0 0.0 0.0 0.0 0.195 0.610 0.805 0.715 1.0 0.149 0.269 0.103
0.0 0.0 0.0 0.0 0.0 1.0 0.0 0.0 0.0 0.0 0.805 0.122 0.195 0.159 2.0 0.269 0.923 0.069
0.0 1.0 0.0 0.0 0.0 0.0 0.0 0.0 0.0 0.0 0.780 0.146 0.220 0.183 1.0 0.179 0.885 0.069
0.0 0.0 0.0 1.0 0.0 0.0 0.0 0.0 0.0 0.0 0.756 0.171 0.244 0.207 2.0 0.164 0.885 0.069
0.0 0.0 0.0 1.0 0.0 0.0 0.0 0.0 0.0 0.0 0.488 0.122 0.220 0.163 2.0 0.239 0.462 0.103
0.0 0.0 0.0 1.0 0.0 0.0 0.0 0.0 0.0 0.0 0.756 0.049 0.049 0.049 2.0 0.149 0.885 0.034
0.0 0.0 0.0 1.0 0.0 0.0 0.0 0.0 0.0 0.0 0.707 0.049 0.073 0.057 2.0 0.254 0.846 0.103
0.0 0.0 0.0 1.0 0.0 0.0 0.0 0.0 0.0 0.0 0.659 0.049 0.073 0.065 2.0 0.209 0.769 0.103
0.0 0.0 0.0 1.0 0.0 0.0 0.0 0.0 0.0 0.0 0.585 0.049 0.146 0.089 2.0 0.254 0.692 0.103
0.0 0.0 0.0 1.0 0.0 0.0 0.0 0.0 0.0 0.0 0.537 0.073 0.195 0.114 2.0 0.254 0.615 0.103
0.0 0.0 0.0 1.0 0.0 0.0 0.0 0.0 0.0 0.0 0.488 0.122 0.244 0.171 2.0 0.239 0.538 0.103
0.0 1.0 0.0 0.0 0.0 0.0 0.0 0.0 0.0 0.0 0.195 0.805 0.805 0.805 1.0 0.134 0.346 0.034
0.0 1.0 0.0 0.0 0.0 0.0 0.0 0.0 0.0 0.0 0.195 0.732 0.805 0.768 1.0 0.134 0.346 0.069
0.0 1.0 0.0 0.0 0.0 0.0 0.0 0.0 0.0 0.0 0.268 0.341 0.732 0.451 1.0 0.164 0.462 0.724
0.0 1.0 0.0 0.0 0.0 0.0 0.0 0.0 0.0 0.0 0.268 0.341 0.732 0.462 1.0 0.164 0.462 0.621
0.0 1.0 0.0 0.0 0.0 0.0 0.0 0.0 0.0 0.0 0.293 0.317 0.707 0.452 1.0 0.164 0.462 0.517
0.0 1.0 0.0 0.0 0.0 0.0 0.0 0.0 0.0 0.0 0.268 0.366 0.732 0.500 1.0 0.164 0.462 0.414
0.0 1.0 0.0 0.0 0.0 0.0 0.0 0.0 0.0 0.0 0.293 0.415 0.707 0.507 1.0 0.119 0.462 0.310
0.0 1.0 0.0 0.0 0.0 0.0 0.0 0.0 0.0 0.0 0.268 0.488 0.732 0.569 1.0 0.164 0.462 0.207
0.0 1.0 0.0 0.0 0.0 0.0 0.0 0.0 0.0 0.0 0.195 0.610 0.805 0.715 1.0 0.134 0.346 0.103
0.0 0.0 0.0 1.0 0.0 0.0 0.0 0.0 0.0 0.0 0.683 0.122 0.317 0.228 2.0 0.254 0.846 0.103
0.0 1.0 0.0 0.0 0.0 0.0 0.0 0.0 0.0 0.0 0.634 0.122 0.366 0.203 1.0 0.179 0.769 0.207
0.0 0.0 0.0 1.0 0.0 0.0 0.0 0.0 0.0 0.0 0.610 0.146 0.390 0.228 2.0 0.194 0.769 0.207
0.0 0.0 0.0 1.0 0.0 0.0 0.0 0.0 0.0 0.0 0.561 0.146 0.439 0.238 2.0 0.254 0.692 0.310
0.0 0.0 0.0 1.0 0.0 0.0 0.0 0.0 0.0 0.0 0.512 0.122 0.488 0.256 2.0 0.254 0.615 0.414
0.0 0.0 0.0 1.0 0.0 0.0 0.0 0.0 0.0 0.0 0.463 0.146 0.537 0.281 2.0 0.254 0.538 0.517
0.0 0.0 0.0 1.0 0.0 0.0 0.0 0.0 0.0 0.0 0.415 0.195 0.585 0.316 2.0 0.224 0.462 0.621
0.0 0.0 0.0 1.0 0.0 0.0 0.0 0.0 0.0 0.0 0.415 0.195 0.293 0.236 2.0 0.209 0.462 0.103
0.0 0.0 1.0 0.0 0.0 0.0 0.0 0.0 0.0 0.0 0.268 0.659 0.732 0.695 2.0 0.299 0.346 0.069
0.0 0.0 0.0 1.0 0.0 0.0 0.0 0.0 0.0 0.0 0.317 0.293 0.683 0.402 3.0 0.239 0.462 0.724
0.0 1.0 0.0 0.0 0.0 0.0 0.0 0.0 0.0 0.0 0.390 0.220 0.610 0.329 1.0 0.194 0.462 0.724
0.0 0.0 1.0 0.0 0.0 0.0 0.0 0.0 0.0 0.0 0.366 0.244 0.634 0.353 2.0 0.179 0.462 0.724
0.0 0.0 0.0 1.0 0.0 0.0 0.0 0.0 0.0 0.0 0.341 0.268 0.659 0.389 2.0 0.388 0.462 0.621
0.0 1.0 0.0 0.0 0.0 0.0 0.0 0.0 0.0 0.0 0.439 0.171 0.293 0.220 1.0 0.149 0.462 0.103
0.0 0.0 0.0 1.0 0.0 0.0 0.0 0.0 0.0 0.0 0.317 0.293 0.683 0.413 3.0 0.284 0.462 0.621
0.0 0.0 0.0 1.0 0.0 0.0 0.0 0.0 0.0 0.0 0.341 0.268 0.659 0.389 2.0 0.299 0.462 0.621
0.0 0.0 0.0 1.0 0.0 0.0 0.0 0.0 0.0 0.0 0.439 0.171 0.561 0.306 2.0 0.254 0.538 0.517
0.0 1.0 0.0 0.0 0.0 0.0 0.0 0.0 0.0 0.0 0.488 0.122 0.244 0.163 1.0 0.149 0.538 0.103
0.0 1.0 0.0 0.0 0.0 0.0 0.0 0.0 0.0 0.0 0.366 0.244 0.634 0.379 1.0 0.209 0.462 0.517
0.0 0.0 0.0 1.0 0.0 0.0 0.0 0.0 0.0 0.0 0.341 0.268 0.659 0.403 3.0 0.209 0.462 0.517
0.0 0.0 0.0 1.0 0.0 0.0 0.0 0.0 0.0 0.0 0.366 0.244 0.634 0.379 2.0 0.313 0.462 0.517
0.0 0.0 0.0 1.0 0.0 0.0 0.0 0.0 0.0 0.0 0.488 0.146 0.512 0.280 2.0 0.224 0.615 0.414
0.0 1.0 0.0 0.0 0.0 0.0 0.0 0.0 0.0 0.0 0.537 0.098 0.195 0.138 1.0 0.149 0.615 0.103
0.0 0.0 0.0 1.0 0.0 0.0 0.0 0.0 0.0 0.0 0.317 0.317 0.683 0.451 3.0 0.284 0.462 0.414
0.0 0.0 0.0 1.0 0.0 0.0 0.0 0.0 0.0 0.0 0.366 0.268 0.634 0.402 2.0 0.284 0.462 0.414
0.0 0.0 0.0 1.0 0.0 0.0 0.0 0.0 0.0 0.0 0.537 0.171 0.463 0.263 2.0 0.254 0.692 0.310
0.0 1.0 0.0 0.0 0.0 0.0 0.0 0.0 0.0 0.0 0.585 0.122 0.146 0.138 1.0 0.149 0.692 0.103
0.0 0.0 0.0 1.0 0.0 0.0 0.0 0.0 0.0 0.0 0.341 0.366 0.659 0.458 3.0 0.269 0.462 0.310
0.0 0.0 0.0 1.0 0.0 0.0 0.0 0.0 0.0 0.0 0.390 0.317 0.610 0.409 2.0 0.254 0.462 0.310
0.0 0.0 0.0 1.0 0.0 0.0 0.0 0.0 0.0 0.0 0.585 0.171 0.415 0.252 2.0 0.224 0.769 0.207
0.0 1.0 0.0 0.0 0.0 0.0 0.0 0.0 0.0 0.0 0.659 0.098 0.122 0.106 1.0 0.134 0.769 0.103
0.0 0.0 0.0 1.0 0.0 0.0 0.0 0.0 0.0 0.0 0.317 0.439 0.683 0.520 3.0 0.269 0.462 0.207
0.0 0.0 0.0 1.0 0.0 0.0 0.0 0.0 0.0 0.0 0.341 0.415 0.659 0.496 2.0 0.284 0.462 0.207
0.0 0.0 0.0 1.0 0.0 0.0 0.0 0.0 0.0 0.0 0.659 0.146 0.341 0.252 2.0 0.239 0.846 0.103
0.0 1.0 0.0 0.0 0.0 0.0 0.0 0.0 0.0 0.0 0.707 0.098 0.098 0.098 1.0 0.149 0.846 0.034
0.0 0.0 0.0 1.0 0.0 0.0 0.0 0.0 0.0 0.0 0.244 0.561 0.756 0.667 3.0 0.284 0.346 0.103
0.0 0.0 0.0 1.0 0.0 0.0 0.0 0.0 0.0 0.0 0.293 0.512 0.707 0.618 2.0 0.224 0.346 0.103
0.0 1.0 0.0 0.0 0.0 0.0 0.0 0.0 0.0 0.0 0.732 0.195 0.268 0.232 1.0 0.104 0.885 0.069
0.0 0.0 0.0 1.0 0.0 0.0 0.0 0.0 0.0 0.0 0.707 0.220 0.293 0.256 2.0 0.209 0.885 0.069
0.0 0.0 1.0 0.0 0.0 0.0 0.0 0.0 0.0 0.0 0.244 0.683 0.756 0.720 3.0 0.269 0.346 0.069
0.0 0.0 0.0 0.0 1.0 0.0 0.0 0.0 0.0 0.0 0.829 0.171 0.171 0.171 2.0 0.224 0.923 0.034
0.0 0.0 0.0 1.0 0.0 0.0 0.0 0.0 0.0 0.0 0.854 0.146 0.146 0.146 2.0 0.179 0.962 0.034
0.0 0.0 0.0 0.0 1.0 0.0 0.0 0.0 0.0 0.0 0.829 0.171 0.171 0.171 3.0 0.284 0.962 0.034
0.0 0.0 0.0 1.0 0.0 0.0 0.0 0.0 0.0 0.0 0.878 0.122 0.122 0.122 3.0 0.209 0.962 0.034
0.0 0.0 0.0 1.0 0.0 0.0 0.0 0.0 0.0 0.0 0.878 0.122 0.122 0.122 2.0 0.179 0.962 0.034
0.0 0.0 0.0 1.0 0.0 0.0 0.0 0.0 0.0 0.0 0.902 0.098 0.098 0.098 3.0 0.209 0.962 0.034
0.0 0.0 0.0 0.0 1.0 0.0 0.0 0.0 0.0 0.0 0.854 0.073 0.073 0.073 2.0 0.179 0.923 0.034
0.0 0.0 0.0 0.0 1.0 0.0 0.0 0.0 0.0 0.0 0.293 0.634 0.634 0.634 2.0 0.224 0.346 0.034
0.0 0.0 0.0 1.0 0.0 0.0 0.0 0.0 0.0 0.0 0.805 0.122 0.122 0.122 2.0 0.149 0.923 0.034
0.0 1.0 0.0 0.0 0.0 0.0 0.0 0.0 0.0 0.0 0.439 0.171 0.268 0.211 1.0 0.119 0.462 0.103
0.0 0.0 0.0 1.0 0.0 0.0 0.0 0.0 0.0 0.0 0.317 0.488 0.488 0.488 2.0 0.209 0.346 0.034
0.0 0.0 0.0 1.0 0.0 0.0 0.0 0.0 0.0 0.0 0.366 0.390 0.415 0.398 2.0 0.209 0.462 0.103
0.0 0.0 0.0 1.0 0.0 0.0 0.0 0.0 0.0 0.0 0.415 0.293 0.317 0.309 2.0 0.209 0.462 0.103
0.0 0.0 0.0 1.0 0.0 0.0 0.0 0.0 0.0 0.0 0.390 0.244 0.341 0.285 2.0 0.209 0.462 0.103
0.0 0.0 0.0 1.0 0.0 0.0 0.0 0.0 0.0 0.0 0.390 0.220 0.341 0.260 2.0 0.179 0.462 0.103
0.0 0.0 0.0 1.0 0.0 0.0 0.0 0.0 0.0 0.0 0.366 0.244 0.366 0.293 2.0 0.209 0.462 0.103
0.0 0.0 0.0 1.0 0.0 0.0 0.0 0.0 0.0 0.0 0.220 0.780 0.780 0.780 2.0 0.373 0.346 0.034
0.0 0.0 0.0 1.0 0.0 0.0 0.0 0.0 0.0 0.0 0.195 0.805 0.805 0.805 2.0 0.328 0.346 0.034
0.0 0.0 0.0 1.0 0.0 0.0 0.0 0.0 0.0 0.0 0.244 0.756 0.756 0.756 2.0 0.179 0.346 0.034
0.0 0.0 0.0 1.0 0.0 0.0 0.0 0.0 0.0 0.0 0.244 0.683 0.756 0.720 2.0 0.209 0.346 0.069
0.0 0.0 0.0 1.0 0.0 0.0 0.0 0.0 0.0 0.0 0.220 0.707 0.780 0.744 2.0 0.388 0.346 0.069
0.0 0.0 0.0 1.0 0.0 0.0 0.0 0.0 0.0 0.0 0.195 0.732 0.805 0.768 2.0 0.343 0.346 0.069
0.0 0.0 0.0 1.0 0.0 0.0 0.0 0.0 0.0 0.0 0.293 0.317 0.707 0.426 2.0 0.373 0.462 0.724
0.0 0.0 0.0 1.0 0.0 0.0 0.0 0.0 0.0 0.0 0.268 0.341 0.732 0.451 2.0 0.373 0.462 0.724
0.0 1.0 0.0 0.0 0.0 0.0 0.0 0.0 0.0 0.0 0.341 0.268 0.659 0.377 1.0 0.104 0.462 0.724
0.0 0.0 0.0 1.0 0.0 0.0 0.0 0.0 0.0 0.0 0.317 0.293 0.683 0.402 2.0 0.149 0.462 0.724
0.0 0.0 0.0 1.0 0.0 0.0 0.0 0.0 0.0 0.0 0.293 0.317 0.707 0.438 2.0 0.403 0.462 0.621
0.0 0.0 0.0 1.0 0.0 0.0 0.0 0.0 0.0 0.0 0.268 0.341 0.732 0.462 2.0 0.388 0.462 0.621
0.0 0.0 0.0 1.0 0.0 0.0 0.0 0.0 0.0 0.0 0.317 0.293 0.683 0.413 2.0 0.194 0.462 0.621
0.0 0.0 0.0 1.0 0.0 0.0 0.0 0.0 0.0 0.0 0.317 0.293 0.683 0.428 2.0 0.373 0.462 0.517
0.0 0.0 0.0 1.0 0.0 0.0 0.0 0.0 0.0 0.0 0.293 0.317 0.707 0.452 2.0 0.358 0.462 0.517
0.0 0.0 0.0 1.0 0.0 0.0 0.0 0.0 0.0 0.0 0.341 0.268 0.659 0.403 2.0 0.194 0.462 0.517
0.0 0.0 0.0 1.0 0.0 0.0 0.0 0.0 0.0 0.0 0.293 0.341 0.707 0.476 2.0 0.403 0.462 0.414
0.0 0.0 0.0 1.0 0.0 0.0 0.0 0.0 0.0 0.0 0.268 0.366 0.732 0.500 2.0 0.388 0.462 0.414
0.0 1.0 0.0 0.0 0.0 0.0 0.0 0.0 0.0 0.0 0.341 0.293 0.659 0.427 1.0 0.134 0.462 0.414
0.0 0.0 1.0 0.0 0.0 0.0 0.0 0.0 0.0 0.0 0.317 0.317 0.683 0.451 2.0 0.149 0.462 0.414
0.0 0.0 0.0 1.0 0.0 0.0 0.0 0.0 0.0 0.0 0.317 0.390 0.683 0.482 2.0 0.403 0.462 0.310
0.0 1.0 0.0 0.0 0.0 0.0 0.0 0.0 0.0 0.0 0.317 0.390 0.683 0.482 1.0 0.179 0.462 0.310
0.0 0.0 0.0 1.0 0.0 0.0 0.0 0.0 0.0 0.0 0.293 0.415 0.707 0.507 2.0 0.269 0.462 0.310
0.0 1.0 0.0 0.0 0.0 0.0 0.0 0.0 0.0 0.0 0.366 0.341 0.634 0.434 1.0 0.134 0.462 0.310
0.0 0.0 1.0 0.0 0.0 0.0 0.0 0.0 0.0 0.0 0.341 0.366 0.659 0.458 2.0 0.134 0.462 0.310
0.0 0.0 0.0 1.0 0.0 0.0 0.0 0.0 0.0 0.0 0.293 0.463 0.707 0.545 2.0 0.403 0.462 0.207
0.0 1.0 0.0 0.0 0.0 0.0 0.0 0.0 0.0 0.0 0.293 0.463 0.707 0.545 1.0 0.179 0.462 0.207
0.0 0.0 0.0 1.0 0.0 0.0 0.0 0.0 0.0 0.0 0.268 0.488 0.732 0.569 2.0 0.313 0.462 0.207
0.0 0.0 0.0 1.0 0.0 0.0 0.0 0.0 0.0 0.0 0.317 0.439 0.683 0.520 2.0 0.179 0.462 0.207
0.0 0.0 0.0 1.0 0.0 0.0 0.0 0.0 0.0 0.0 0.220 0.585 0.780 0.691 2.0 0.403 0.346 0.103
0.0 0.0 0.0 1.0 0.0 0.0 0.0 0.0 0.0 0.0 0.195 0.610 0.805 0.715 2.0 0.358 0.346 0.103
0.0 1.0 0.0 0.0 0.0 0.0 0.0 0.0 0.0 0.0 0.268 0.537 0.732 0.642 1.0 0.134 0.346 0.103
0.0 0.0 1.0 0.0 0.0 0.0 0.0 0.0 0.0 0.0 0.244 0.561 0.756 0.667 2.0 0.149 0.346 0.103
0.0 1.0 0.0 0.0 0.0 0.0 0.0 0.0 0.0 0.0 0.732 0.073 0.073 0.073 1.0 0.104 0.885 0.034
0.0 0.0 0.0 1.0 0.0 0.0 0.0 0.0 0.0 0.0 0.707 0.098 0.098 0.098 2.0 0.164 0.885 0.034
0.0 0.0 0.0 1.0 0.0 0.0 0.0 0.0 0.0 0.0 0.732 0.073 0.073 0.073 3.0 0.239 0.885 0.034
0.0 0.0 0.0 1.0 0.0 0.0 0.0 0.0 0.0 0.0 0.659 0.098 0.122 0.106 2.0 0.194 0.846 0.103
0.0 0.0 0.0 1.0 0.0 0.0 0.0 0.0 0.0 0.0 0.683 0.073 0.098 0.081 3.0 0.269 0.846 0.103
0.0 1.0 0.0 0.0 0.0 0.0 0.0 0.0 0.0 0.0 0.610 0.098 0.122 0.114 1.0 0.134 0.769 0.103
0.0 0.0 0.0 1.0 0.0 0.0 0.0 0.0 0.0 0.0 0.585 0.122 0.146 0.138 2.0 0.164 0.769 0.103
0.0 1.0 0.0 0.0 0.0 0.0 0.0 0.0 0.0 0.0 0.634 0.073 0.098 0.089 1.0 0.149 0.769 0.103
0.0 0.0 0.0 1.0 0.0 0.0 0.0 0.0 0.0 0.0 0.610 0.098 0.122 0.114 3.0 0.224 0.769 0.103
0.0 0.0 0.0 1.0 0.0 0.0 0.0 0.0 0.0 0.0 0.537 0.098 0.195 0.138 2.0 0.209 0.692 0.103
0.0 0.0 0.0 1.0 0.0 0.0 0.0 0.0 0.0 0.0 0.561 0.073 0.171 0.114 3.0 0.269 0.692 0.103
0.0 0.0 0.0 1.0 0.0 0.0 0.0 0.0 0.0 0.0 0.488 0.122 0.244 0.163 2.0 0.209 0.615 0.103
0.0 0.0 0.0 1.0 0.0 0.0 0.0 0.0 0.0 0.0 0.512 0.098 0.220 0.138 3.0 0.239 0.615 0.103
0.0 1.0 0.0 0.0 0.0 0.0 0.0 0.0 0.0 0.0 0.463 0.146 0.268 0.195 1.0 0.134 0.538 0.103
0.0 0.0 0.0 1.0 0.0 0.0 0.0 0.0 0.0 0.0 0.439 0.171 0.293 0.220 2.0 0.164 0.538 0.103
0.0 0.0 0.0 1.0 0.0 0.0 0.0 0.0 0.0 0.0 0.463 0.146 0.268 0.195 3.0 0.269 0.538 0.103
0.0 0.0 0.0 1.0 0.0 0.0 0.0 0.0 0.0 0.0 0.439 0.171 0.268 0.211 2.0 0.388 0.462 0.103
0.0 0.0 0.0 1.0 0.0 0.0 0.0 0.0 0.0 0.0 0.463 0.146 0.244 0.187 2.0 0.284 0.462 0.103
0.0 1.0 0.0 0.0 0.0 0.0 0.0 0.0 0.0 0.0 0.829 0.098 0.098 0.098 1.0 0.134 0.923 0.034
0.0 0.0 0.0 1.0 0.0 0.0 0.0 0.0 0.0 0.0 0.512 0.073 0.488 0.198 2.0 0.463 0.923 0.793
0.0 1.0 0.0 0.0 0.0 0.0 0.0 0.0 0.0 0.0 0.244 0.341 0.756 0.467 1.0 0.119 0.385 0.793
0.0 1.0 0.0 0.0 0.0 0.0 0.0 0.0 0.0 0.0 0.293 0.293 0.707 0.418 1.0 0.149 0.423 0.793
0.0 1.0 0.0 0.0 0.0 0.0 0.0 0.0 0.0 0.0 0.268 0.317 0.732 0.442 1.0 0.149 0.385 0.793
0.0 1.0 0.0 0.0 0.0 0.0 0.0 0.0 0.0 0.0 0.268 0.317 0.732 0.442 1.0 0.149 0.423 0.793
0.0 1.0 0.0 0.0 0.0 0.0 0.0 0.0 0.0 0.0 0.244 0.341 0.756 0.467 1.0 0.134 0.385 0.793
0.0 1.0 0.0 0.0 0.0 0.0 0.0 0.0 0.0 0.0 0.049 0.537 0.951 0.662 1.0 0.104 0.077 0.793
0.0 1.0 0.0 0.0 0.0 0.0 0.0 0.0 0.0 0.0 0.122 0.463 0.878 0.589 1.0 0.119 0.154 0.793
0.0 1.0 0.0 0.0 0.0 0.0 0.0 0.0 0.0 0.0 0.049 0.537 0.951 0.662 1.0 0.149 0.077 0.793
0.0 1.0 0.0 0.0 0.0 0.0 0.0 0.0 0.0 0.0 0.122 0.463 0.878 0.589 1.0 0.194 0.154 0.793
0.0 1.0 0.0 0.0 0.0 0.0 0.0 0.0 0.0 0.0 0.293 0.293 0.707 0.418 1.0 0.104 0.423 0.793
0.0 0.0 0.0 1.0 0.0 0.0 0.0 0.0 0.0 0.0 0.268 0.317 0.732 0.442 2.0 0.179 0.423 0.793
0.0 0.0 0.0 1.0 0.0 0.0 0.0 0.0 0.0 0.0 0.317 0.268 0.683 0.393 3.0 0.209 0.500 0.793
0.0 0.0 0.0 0.0 1.0 0.0 0.0 0.0 0.0 0.0 0.268 0.317 0.732 0.442 2.0 0.179 0.423 0.793
0.0 0.0 0.0 1.0 0.0 0.0 0.0 0.0 0.0 0.0 0.317 0.268 0.683 0.393 2.0 0.164 0.423 0.793
0.0 0.0 0.0 1.0 0.0 0.0 0.0 0.0 0.0 0.0 0.341 0.244 0.659 0.369 3.0 0.224 0.577 0.793
0.0 0.0 0.0 0.0 1.0 0.0 0.0 0.0 0.0 0.0 0.317 0.268 0.683 0.393 2.0 0.164 0.423 0.793
0.0 0.0 0.0 1.0 0.0 0.0 0.0 0.0 0.0 0.0 0.293 0.293 0.707 0.418 2.0 0.179 0.423 0.793
0.0 0.0 0.0 1.0 0.0 0.0 0.0 0.0 0.0 0.0 0.366 0.220 0.634 0.345 3.0 0.224 0.654 0.793
0.0 0.0 0.0 0.0 1.0 0.0 0.0 0.0 0.0 0.0 0.293 0.293 0.707 0.418 2.0 0.179 0.423 0.793
0.0 0.0 0.0 1.0 0.0 0.0 0.0 0.0 0.0 0.0 0.293 0.293 0.707 0.418 2.0 0.179 0.423 0.793
0.0 0.0 0.0 1.0 0.0 0.0 0.0 0.0 0.0 0.0 0.390 0.195 0.610 0.320 3.0 0.224 0.731 0.793
0.0 1.0 0.0 0.0 0.0 0.0 0.0 0.0 0.0 0.0 0.317 0.268 0.683 0.393 1.0 0.119 0.423 0.793
0.0 0.0 0.0 0.0 0.0 1.0 0.0 0.0 0.0 0.0 0.293 0.293 0.707 0.418 2.0 0.149 0.423 0.793
0.0 0.0 0.0 1.0 0.0 0.0 0.0 0.0 0.0 0.0 0.268 0.317 0.732 0.442 2.0 0.179 0.423 0.793
0.0 0.0 0.0 1.0 0.0 0.0 0.0 0.0 0.0 0.0 0.415 0.171 0.585 0.296 3.0 0.209 0.808 0.793
0.0 0.0 0.0 0.0 1.0 0.0 0.0 0.0 0.0 0.0 0.268 0.317 0.732 0.442 2.0 0.179 0.423 0.793
0.0 1.0 0.0 0.0 0.0 0.0 0.0 0.0 0.0 0.0 0.146 0.439 0.854 0.564 1.0 0.119 0.154 0.793
0.0 0.0 1.0 0.0 0.0 0.0 0.0 0.0 0.0 0.0 0.122 0.463 0.878 0.589 2.0 0.119 0.154 0.793
0.0 0.0 0.0 1.0 0.0 0.0 0.0 0.0 0.0 0.0 0.439 0.146 0.561 0.271 3.0 0.209 0.846 0.793
0.0 0.0 0.0 0.0 1.0 0.0 0.0 0.0 0.0 0.0 0.122 0.463 0.878 0.589 2.0 0.149 0.154 0.793
0.0 0.0 0.0 1.0 0.0 0.0 0.0 0.0 0.0 0.0 0.146 0.439 0.854 0.564 2.0 0.149 0.154 0.793
0.0 0.0 0.0 1.0 0.0 0.0 0.0 0.0 0.0 0.0 0.463 0.122 0.537 0.247 3.0 0.239 0.885 0.793
0.0 0.0 0.0 0.0 1.0 0.0 0.0 0.0 0.0 0.0 0.146 0.439 0.854 0.564 2.0 0.164 0.154 0.793
0.0 0.0 0.0 1.0 0.0 0.0 0.0 0.0 0.0 0.0 0.488 0.098 0.512 0.223 4.0 0.313 0.923 0.793
0.0 1.0 0.0 0.0 0.0 0.0 0.0 0.0 0.0 0.0 0.220 0.366 0.780 0.491 1.0 0.179 0.154 0.793
0.0 0.0 1.0 0.0 0.0 0.0 0.0 0.0 0.0 0.0 0.195 0.390 0.805 0.515 3.0 0.149 0.154 0.793
0.0 1.0 0.0 0.0 0.0 0.0 0.0 0.0 0.0 0.0 0.171 0.415 0.829 0.540 1.0 0.119 0.154 0.793
0.0 0.0 0.0 0.0 1.0 0.0 0.0 0.0 0.0 0.0 0.146 0.439 0.854 0.564 2.0 0.149 0.154 0.793
0.0 0.0 0.0 0.0 1.0 0.0 0.0 0.0 0.0 0.0 0.122 0.463 0.878 0.589 2.0 0.179 0.154 0.793
0.0 0.0 0.0 0.0 1.0 0.0 0.0 0.0 0.0 0.0 0.146 0.439 0.854 0.564 2.0 0.194 0.154 0.793
