0.0 0.0 1.0 0.0 0.0 0.0 0.0 0.0 0.0 0.0 0.748 0.037 0.185 1.0 0.389 0.789 0.484
1.0 0.0 0.0 0.0 0.0 0.0 0.0 0.0 1.0 0.0 0.756 0.030 0.178 2.0 0.556 0.800 0.452
0.0 0.0 0.0 1.0 0.0 0.0 0.0 0.0 0.0 0.0 0.763 0.022 0.170 2.0 0.500 0.811 0.419
0.0 0.0 0.0 0.0 1.0 0.0 0.0 0.0 0.0 0.0 0.770 0.015 0.163 2.0 0.444 0.821 0.387
0.0 0.0 0.0 0.0 0.0 1.0 0.0 0.0 0.0 0.0 0.778 0.007 0.156 2.0 0.389 0.832 0.355
0.0 0.0 0.0 0.0 0.0 0.0 1.0 0.0 0.0 0.0 0.785 0.000 0.148 2.0 0.333 0.842 0.323
0.0 0.0 0.0 0.0 0.0 0.0 0.0 1.0 0.0 0.0 0.793 0.007 0.141 2.0 0.278 0.853 0.290
1.0 0.0 0.0 0.0 0.0 0.0 0.0 0.0 0.0 0.0 0.800 0.015 0.133 2.0 0.222 0.863 0.258
0.0 1.0 0.0 0.0 0.0 0.0 0.0 0.0 0.0 0.0 0.807 0.022 0.126 2.0 0.167 0.874 0.226
0.0 0.0 1.0 0.0 0.0 0.0 0.0 0.0 0.0 1.0 0.815 0.030 0.119 2.0 0.111 0.884 0.194
