0.0 0.0 0.0 1.0 0.0 0.0 0.0 0.0 1.0 0.0 0.007 0.911 0.993 2.0 0.333 0.021 0.258
0.0 0.0 1.0 0.0 0.0 0.0 0.0 0.0 0.0 0.0 0.385 0.533 0.615 2.0 0.889 0.168 0.258
0.0 1.0 0.0 0.0 0.0 0.0 0.0 0.0 0.0 0.0 0.400 0.519 0.600 2.0 0.611 0.179 0.258
0.0 0.0 0.0 0.0 0.0 1.0 0.0 0.0 0.0 0.0 0.393 0.526 0.607 2.0 0.500 0.168 0.258
0.0 0.0 0.0 0.0 0.0 1.0 0.0 0.0 0.0 0.0 0.407 0.511 0.593 2.0 0.500 0.179 0.258
0.0 0.0 0.0 0.0 0.0 1.0 0.0 0.0 0.0 0.0 0.407 0.511 0.593 2.0 0.611 0.179 0.258
0.0 0.0 0.0 0.0 0.0 1.0 0.0 0.0 0.0 0.0 0.415 0.504 0.585 2.0 0.667 0.179 0.258
0.0 0.0 0.0 0.0 0.0 1.0 0.0 0.0 0.0 0.0 0.422 0.496 0.578 2.0 0.667 0.189 0.258
0.0 0.0 0.0 0.0 0.0 1.0 0.0 0.0 0.0 0.0 0.430 0.496 0.570 2.0 0.889 0.189 0.226
0.0 0.0 0.0 0.0 0.0 1.0 0.0 0.0 0.0 0.0 0.437 0.489 0.563 2.0 0.667 0.189 0.226
0.0 0.0 0.0 0.0 0.0 1.0 0.0 0.0 0.0 0.0 0.444 0.481 0.556 2.0 0.611 0.189 0.226
0.0 0.0 0.0 0.0 0.0 1.0 0.0 0.0 0.0 0.0 0.452 0.474 0.548 2.0 0.611 0.189 0.226
