0.0 0.0 0.0 1.0 0.0 0.0 0.0 0.0 0.0 0.0 0.514 0.314 0.457 2.0 0.873 0.227 0.886
0.0 1.0 0.0 0.0 0.0 0.0 0.0 0.0 0.0 0.0 0.429 0.457 0.543 1.0 0.345 0.173 0.086
0.0 0.0 0.0 0.0 1.0 0.0 0.0 0.0 0.0 0.0 0.686 0.143 0.286 4.0 0.855 0.733 0.429
0.0 1.0 0.0 0.0 0.0 0.0 0.0 0.0 0.0 0.0 0.771 0.114 0.200 1.0 0.327 0.907 0.086
0.0 1.0 0.0 0.0 0.0 0.0 0.0 0.0 0.0 0.0 0.743 0.143 0.229 2.0 0.182 0.907 0.086
0.0 0.0 1.0 0.0 0.0 0.0 0.0 0.0 0.0 0.0 0.714 0.171 0.257 4.0 0.509 0.893 0.086
0.0 0.0 1.0 0.0 0.0 0.0 0.0 0.0 0.0 0.0 0.629 0.257 0.343 2.0 0.382 0.440 0.086
0.0 0.0 1.0 0.0 0.0 0.0 0.0 0.0 0.0 0.0 0.800 0.086 0.086 2.0 0.418 0.907 0.000
0.0 0.0 1.0 0.0 0.0 0.0 0.0 0.0 0.0 0.0 0.800 0.086 0.086 2.0 0.418 0.907 0.000
0.0 0.0 1.0 0.0 0.0 0.0 0.0 0.0 0.0 0.0 0.800 0.086 0.086 2.0 0.418 0.907 0.000
0.0 0.0 1.0 0.0 0.0 0.0 0.0 0.0 0.0 0.0 0.800 0.171 0.171 2.0 0.418 0.907 0.000
0.0 0.0 1.0 0.0 0.0 0.0 0.0 0.0 0.0 0.0 0.800 0.171 0.171 2.0 0.418 0.907 0.000
0.0 0.0 1.0 0.0 0.0 0.0 0.0 0.0 0.0 0.0 0.800 0.171 0.171 2.0 0.418 0.907 0.000
0.0 0.0 1.0 0.0 0.0 0.0 0.0 0.0 0.0 0.0 0.800 0.171 0.171 2.0 0.418 0.907 0.000
0.0 0.0 1.0 0.0 0.0 0.0 0.0 0.0 0.0 0.0 0.800 0.171 0.171 2.0 0.418 0.907 0.000
