0.0 1.0 0.0 0.0 0.0 0.0 0.0 0.0 0.0 0.0 0.581 0.161 0.419 0.290 1.0 0.182 0.846 0.121
0.0 0.0 0.0 1.0 0.0 0.0 0.0 0.0 0.0 1.0 0.484 0.000 0.000 0.000 2.0 0.057 0.462 0.015
0.0 0.0 0.0 1.0 0.0 0.0 0.0 0.0 0.0 1.0 0.484 0.000 0.000 0.000 2.0 0.057 0.462 0.015
0.0 0.0 0.0 1.0 0.0 0.0 0.0 0.0 0.0 1.0 0.484 0.000 0.000 0.000 2.0 0.057 0.462 0.015
0.0 0.0 0.0 1.0 0.0 0.0 0.0 0.0 0.0 1.0 0.484 0.000 0.000 0.000 2.0 0.057 0.462 0.015
0.0 0.0 0.0 1.0 0.0 0.0 0.0 0.0 0.0 1.0 0.484 0.000 0.000 0.000 2.0 0.057 0.462 0.015
0.0 0.0 0.0 1.0 0.0 0.0 0.0 0.0 0.0 1.0 0.484 0.000 0.000 0.000 2.0 0.057 0.462 0.015
0.0 1.0 0.0 0.0 0.0 0.0 0.0 0.0 0.0 1.0 0.516 0.000 0.000 0.000 1.0 0.045 0.462 0.015
0.0 0.0 1.0 0.0 0.0 0.0 0.0 0.0 0.0 0.0 0.484 0.032 0.032 0.032 2.0 0.068 0.462 0.015
0.0 0.0 0.0 1.0 0.0 0.0 0.0 0.0 0.0 1.0 0.484 0.000 0.000 0.000 2.0 0.057 0.462 0.015
0.0 0.0 0.0 1.0 0.0 0.0 0.0 0.0 0.0 1.0 0.548 0.000 0.000 0.000 2.0 0.057 0.667 0.015
0.0 0.0 0.0 1.0 0.0 0.0 0.0 0.0 0.0 1.0 0.548 0.000 0.000 0.000 2.0 0.057 0.667 0.015
0.0 0.0 0.0 1.0 0.0 0.0 0.0 0.0 0.0 1.0 0.548 0.000 0.000 0.000 2.0 0.057 0.667 0.015
0.0 1.0 0.0 0.0 0.0 0.0 0.0 0.0 0.0 1.0 0.581 0.000 0.000 0.000 1.0 0.045 0.667 0.015
0.0 0.0 1.0 0.0 0.0 0.0 0.0 0.0 0.0 0.0 0.548 0.032 0.032 0.032 2.0 0.068 0.667 0.015
0.0 0.0 0.0 1.0 0.0 0.0 0.0 0.0 0.0 1.0 0.548 0.000 0.000 0.000 2.0 0.057 0.667 0.015
0.0 0.0 0.0 1.0 0.0 0.0 0.0 0.0 0.0 1.0 0.548 0.000 0.000 0.000 2.0 0.057 0.667 0.015
0.0 0.0 0.0 1.0 0.0 0.0 0.0 0.0 0.0 1.0 0.548 0.000 0.000 0.000 2.0 0.057 0.667 0.015
0.0 0.0 0.0 1.0 0.0 0.0 0.0 0.0 0.0 1.0 0.548 0.000 0.000 0.000 2.0 0.057 0.667 0.015
0.0 0.0 0.0 1.0 0.0 0.0 0.0 0.0 0.0 1.0 0.226 0.000 0.000 0.000 2.0 0.057 0.128 0.015
0.0 0.0 0.0 1.0 0.0 0.0 0.0 0.0 0.0 1.0 0.226 0.000 0.000 0.000 2.0 0.057 0.128 0.015
0.0 0.0 0.0 1.0 0.0 0.0 0.0 0.0 0.0 1.0 0.226 0.000 0.000 0.000 2.0 0.057 0.128 0.015
0.0 1.0 0.0 0.0 0.0 0.0 0.0 0.0 0.0 1.0 0.258 0.000 0.000 0.000 1.0 0.045 0.128 0.015
0.0 0.0 1.0 0.0 0.0 0.0 0.0 0.0 0.0 0.0 0.226 0.032 0.032 0.032 2.0 0.068 0.128 0.015
0.0 0.0 0.0 1.0 0.0 0.0 0.0 0.0 0.0 1.0 0.226 0.000 0.000 0.000 2.0 0.057 0.128 0.015
0.0 0.0 0.0 1.0 0.0 0.0 0.0 0.0 0.0 1.0 0.226 0.000 0.000 0.000 2.0 0.057 0.128 0.015
0.0 0.0 0.0 1.0 0.0 0.0 0.0 0.0 0.0 1.0 0.226 0.000 0.000 0.000 2.0 0.057 0.128 0.015
0.0 0.0 0.0 1.0 0.0 0.0 0.0 0.0 0.0 1.0 0.226 0.000 0.000 0.000 2.0 0.057 0.128 0.015
0.0 0.0 0.0 1.0 0.0 0.0 0.0 0.0 0.0 1.0 0.258 0.000 0.000 0.000 2.0 0.057 0.103 0.015
0.0 1.0 0.0 0.0 0.0 0.0 0.0 0.0 0.0 1.0 0.290 0.000 0.000 0.000 1.0 0.045 0.103 0.015
0.0 0.0 1.0 0.0 0.0 0.0 0.0 0.0 0.0 0.0 0.258 0.032 0.032 0.032 2.0 0.068 0.103 0.015
0.0 0.0 0.0 1.0 0.0 0.0 0.0 0.0 0.0 1.0 0.258 0.000 0.000 0.000 2.0 0.057 0.103 0.015
0.0 0.0 0.0 1.0 0.0 0.0 0.0 0.0 0.0 1.0 0.258 0.000 0.000 0.000 2.0 0.057 0.103 0.015
0.0 1.0 0.0 0.0 0.0 0.0 0.0 0.0 0.0 1.0 0.290 0.000 0.000 0.000 1.0 0.045 0.103 0.015
0.0 0.0 0.0 1.0 0.0 0.0 0.0 0.0 0.0 0.0 0.258 0.032 0.032 0.032 2.0 0.068 0.103 0.015
0.0 0.0 0.0 1.0 0.0 0.0 0.0 0.0 0.0 1.0 0.258 0.000 0.000 0.000 2.0 0.057 0.103 0.015
0.0 0.0 0.0 1.0 0.0 0.0 0.0 0.0 0.0 1.0 0.290 0.000 0.000 0.000 2.0 0.057 0.103 0.015
0.0 0.0 0.0 1.0 0.0 0.0 0.0 0.0 0.0 1.0 0.290 0.000 0.000 0.000 2.0 0.057 0.103 0.015
0.0 0.0 0.0 1.0 0.0 0.0 0.0 0.0 0.0 1.0 0.258 0.000 0.000 0.000 2.0 0.057 0.103 0.015
0.0 0.0 0.0 1.0 0.0 0.0 0.0 0.0 0.0 1.0 0.258 0.000 0.000 0.000 2.0 0.057 0.103 0.015
0.0 0.0 0.0 1.0 0.0 0.0 0.0 0.0 0.0 1.0 0.290 0.000 0.000 0.000 2.0 0.057 0.103 0.015
0.0 0.0 0.0 1.0 0.0 0.0 0.0 0.0 0.0 1.0 0.258 0.000 0.000 0.000 2.0 0.057 0.103 0.015
0.0 0.0 0.0 1.0 0.0 0.0 0.0 0.0 0.0 1.0 0.258 0.000 0.000 0.000 2.0 0.057 0.103 0.015
0.0 0.0 0.0 1.0 0.0 0.0 0.0 0.0 0.0 1.0 0.258 0.000 0.000 0.000 2.0 0.057 0.103 0.015
0.0 0.0 0.0 1.0 0.0 0.0 0.0 0.0 0.0 1.0 0.258 0.000 0.000 0.000 2.0 0.057 0.103 0.015
0.0 0.0 0.0 1.0 0.0 0.0 0.0 0.0 0.0 1.0 0.258 0.000 0.000 0.000 2.0 0.057 0.103 0.015
0.0 0.0 0.0 1.0 0.0 0.0 0.0 0.0 0.0 1.0 0.258 0.000 0.000 0.000 2.0 0.057 0.103 0.015
0.0 0.0 0.0 1.0 0.0 0.0 0.0 0.0 0.0 1.0 0.258 0.000 0.000 0.000 2.0 0.057 0.103 0.015
0.0 0.0 0.0 1.0 0.0 0.0 0.0 0.0 0.0 1.0 0.258 0.000 0.000 0.000 2.0 0.057 0.103 0.015
0.0 0.0 0.0 1.0 0.0 0.0 0.0 0.0 0.0 1.0 0.258 0.000 0.000 0.000 2.0 0.057 0.103 0.015
0.0 0.0 0.0 1.0 0.0 0.0 0.0 0.0 0.0 1.0 0.258 0.000 0.000 0.000 2.0 0.057 0.103 0.015
0.0 0.0 0.0 1.0 0.0 0.0 0.0 0.0 0.0 1.0 0.258 0.000 0.000 0.000 2.0 0.057 0.103 0.015
0.0 0.0 0.0 1.0 0.0 0.0 0.0 0.0 0.0 1.0 0.258 0.000 0.000 0.000 2.0 0.057 0.103 0.015
0.0 1.0 0.0 0.0 0.0 0.0 0.0 0.0 0.0 1.0 0.290 0.000 0.000 0.000 1.0 0.045 0.103 0.015
0.0 0.0 0.0 1.0 0.0 0.0 0.0 0.0 0.0 0.0 0.258 0.032 0.032 0.032 2.0 0.068 0.103 0.015
0.0 0.0 0.0 1.0 0.0 0.0 0.0 0.0 0.0 1.0 0.290 0.000 0.000 0.000 2.0 0.057 0.103 0.015
0.0 1.0 0.0 0.0 0.0 0.0 0.0 0.0 0.0 1.0 0.290 0.000 0.000 0.000 1.0 0.045 0.103 0.015
0.0 0.0 0.0 1.0 0.0 0.0 0.0 0.0 0.0 0.0 0.258 0.032 0.032 0.032 2.0 0.068 0.103 0.015
0.0 0.0 0.0 1.0 0.0 0.0 0.0 0.0 0.0 1.0 0.258 0.000 0.000 0.000 2.0 0.057 0.103 0.015
0.0 1.0 0.0 0.0 0.0 0.0 0.0 0.0 0.0 1.0 0.290 0.000 0.000 0.000 1.0 0.045 0.103 0.015
0.0 0.0 0.0 1.0 0.0 0.0 0.0 0.0 0.0 0.0 0.258 0.032 0.032 0.032 2.0 0.068 0.103 0.015
0.0 0.0 0.0 1.0 0.0 0.0 0.0 0.0 0.0 1.0 0.290 0.000 0.000 0.000 2.0 0.057 0.103 0.015
0.0 1.0 0.0 0.0 0.0 0.0 0.0 0.0 0.0 1.0 0.290 0.000 0.000 0.000 1.0 0.045 0.103 0.015
0.0 0.0 0.0 1.0 0.0 0.0 0.0 0.0 0.0 0.0 0.258 0.032 0.032 0.032 2.0 0.068 0.103 0.015
0.0 0.0 0.0 1.0 0.0 0.0 0.0 0.0 0.0 1.0 0.290 0.000 0.000 0.000 2.0 0.057 0.103 0.015
0.0 0.0 0.0 1.0 0.0 0.0 0.0 0.0 0.0 1.0 0.258 0.000 0.000 0.000 2.0 0.057 0.103 0.015
0.0 1.0 0.0 0.0 0.0 0.0 0.0 0.0 0.0 1.0 0.968 0.000 0.000 0.000 1.0 0.068 1.000 0.015
0.0 0.0 0.0 1.0 0.0 0.0 0.0 0.0 0.0 0.0 0.935 0.032 0.032 0.032 4.0 0.136 1.000 0.015
0.0 1.0 0.0 0.0 0.0 0.0 0.0 0.0 0.0 1.0 0.161 0.000 0.839 0.223 1.0 0.523 0.051 0.621
0.0 0.0 0.0 0.0 0.0 1.0 0.0 0.0 0.0 0.0 0.129 0.032 0.871 0.256 2.0 0.443 0.051 0.621
0.0 0.0 0.0 1.0 0.0 0.0 0.0 0.0 0.0 1.0 1.000 0.000 0.000 0.000 4.0 0.102 1.000 0.015
0.0 0.0 0.0 1.0 0.0 0.0 0.0 0.0 0.0 1.0 0.968 0.000 0.000 0.000 4.0 0.114 1.000 0.015
0.0 0.0 1.0 0.0 0.0 0.0 0.0 0.0 0.0 0.0 0.935 0.032 0.032 0.032 2.0 0.114 0.949 0.015
0.0 0.0 0.0 1.0 0.0 0.0 0.0 0.0 0.0 1.0 0.903 0.000 0.000 0.000 4.0 0.114 1.000 0.015
0.0 0.0 1.0 0.0 0.0 0.0 0.0 0.0 0.0 0.0 0.871 0.032 0.032 0.032 2.0 0.125 0.949 0.015
0.0 0.0 0.0 1.0 0.0 0.0 0.0 0.0 0.0 1.0 0.839 0.000 0.000 0.000 4.0 0.114 1.000 0.015
0.0 0.0 1.0 0.0 0.0 0.0 0.0 0.0 0.0 0.0 0.806 0.032 0.032 0.032 2.0 0.114 0.949 0.015
0.0 0.0 0.0 1.0 0.0 0.0 0.0 0.0 0.0 1.0 0.742 0.000 0.000 0.000 4.0 0.114 1.000 0.015
0.0 0.0 1.0 0.0 0.0 0.0 0.0 0.0 0.0 0.0 0.710 0.032 0.032 0.032 2.0 0.125 0.949 0.015
0.0 0.0 0.0 1.0 0.0 0.0 0.0 0.0 0.0 1.0 0.774 0.000 0.000 0.000 4.0 0.114 1.000 0.015
0.0 0.0 1.0 0.0 0.0 0.0 0.0 0.0 0.0 0.0 0.742 0.032 0.032 0.032 2.0 0.102 0.949 0.015
0.0 0.0 0.0 1.0 0.0 0.0 0.0 0.0 0.0 1.0 0.774 0.000 0.000 0.000 4.0 0.114 1.000 0.015
0.0 0.0 1.0 0.0 0.0 0.0 0.0 0.0 0.0 0.0 0.742 0.032 0.032 0.032 2.0 0.114 0.949 0.015
0.0 1.0 0.0 0.0 0.0 0.0 0.0 0.0 1.0 0.0 0.032 0.032 0.968 0.362 1.0 0.330 0.026 1.000
0.0 1.0 0.0 0.0 0.0 0.0 0.0 0.0 1.0 0.0 0.032 0.032 0.968 0.362 1.0 0.125 0.026 1.000
0.0 1.0 0.0 0.0 0.0 0.0 0.0 0.0 0.0 0.0 0.387 0.161 0.194 0.165 1.0 0.125 0.410 0.121
0.0 0.0 1.0 0.0 0.0 0.0 0.0 0.0 1.0 0.0 0.065 0.161 0.194 0.165 2.0 0.216 0.077 0.121
0.0 1.0 0.0 0.0 0.0 0.0 0.0 0.0 0.0 0.0 0.097 0.065 0.903 0.288 1.0 0.795 0.051 0.621
0.0 0.0 1.0 0.0 0.0 0.0 0.0 0.0 1.0 0.0 0.065 0.097 0.935 0.320 2.0 0.455 0.051 0.621
0.0 0.0 0.0 0.0 0.0 1.0 0.0 0.0 0.0 0.0 0.226 0.516 0.774 0.645 2.0 0.648 0.051 0.121
0.0 0.0 1.0 0.0 0.0 0.0 0.0 0.0 0.0 0.0 0.258 0.484 0.742 0.613 2.0 0.511 0.077 0.121
0.0 1.0 0.0 0.0 0.0 0.0 0.0 0.0 1.0 0.0 0.032 0.710 0.968 0.839 1.0 0.182 0.026 0.121
0.0 1.0 0.0 0.0 0.0 0.0 0.0 0.0 1.0 0.0 0.032 0.710 0.968 0.839 1.0 0.466 0.026 0.121
0.0 0.0 1.0 0.0 0.0 0.0 0.0 0.0 0.0 0.0 0.290 0.452 0.710 0.581 2.0 0.284 0.103 0.121
0.0 0.0 1.0 0.0 0.0 0.0 0.0 0.0 1.0 0.0 0.290 0.452 0.710 0.581 3.0 0.250 0.128 0.121
0.0 0.0 1.0 0.0 0.0 0.0 0.0 0.0 0.0 0.0 0.258 0.484 0.710 0.575 2.0 0.284 0.128 0.091
0.0 0.0 1.0 0.0 0.0 0.0 0.0 0.0 0.0 0.0 0.645 0.097 0.323 0.188 2.0 0.307 0.949 0.091
0.0 1.0 0.0 0.0 0.0 0.0 0.0 0.0 0.0 0.0 0.613 0.129 0.387 0.258 1.0 0.216 0.846 0.121
0.0 0.0 1.0 0.0 0.0 0.0 0.0 0.0 0.0 0.0 0.613 0.129 0.355 0.220 2.0 0.295 0.949 0.091
0.0 0.0 0.0 1.0 0.0 0.0 0.0 0.0 0.0 0.0 0.097 0.645 0.903 0.774 2.0 0.170 0.077 0.121
0.0 0.0 0.0 1.0 0.0 0.0 0.0 0.0 0.0 0.0 0.097 0.645 0.903 0.774 2.0 0.205 0.077 0.121
0.0 0.0 0.0 1.0 0.0 0.0 0.0 0.0 0.0 0.0 0.097 0.645 0.903 0.774 2.0 0.193 0.077 0.121
0.0 0.0 0.0 1.0 0.0 0.0 0.0 0.0 0.0 0.0 0.129 0.613 0.871 0.742 2.0 0.182 0.077 0.121
0.0 0.0 0.0 1.0 0.0 0.0 0.0 0.0 0.0 0.0 0.097 0.645 0.903 0.774 2.0 0.193 0.077 0.121
0.0 1.0 0.0 0.0 0.0 0.0 0.0 0.0 0.0 0.0 0.129 0.613 0.871 0.742 1.0 0.182 0.077 0.121
0.0 0.0 0.0 1.0 0.0 0.0 0.0 0.0 0.0 0.0 0.097 0.645 0.903 0.774 2.0 0.102 0.077 0.121
0.0 0.0 0.0 1.0 0.0 0.0 0.0 0.0 0.0 0.0 0.097 0.645 0.903 0.774 2.0 0.182 0.077 0.121
0.0 0.0 0.0 1.0 0.0 0.0 0.0 0.0 0.0 0.0 0.129 0.613 0.871 0.742 2.0 0.170 0.077 0.121
0.0 0.0 0.0 1.0 0.0 0.0 0.0 0.0 0.0 0.0 0.097 0.645 0.903 0.774 2.0 0.193 0.077 0.121
0.0 0.0 0.0 1.0 0.0 0.0 0.0 0.0 0.0 0.0 0.097 0.645 0.903 0.774 2.0 0.182 0.077 0.121
0.0 0.0 0.0 1.0 0.0 0.0 0.0 0.0 0.0 0.0 0.097 0.645 0.903 0.774 2.0 0.182 0.077 0.121
0.0 0.0 0.0 1.0 0.0 0.0 0.0 0.0 0.0 0.0 0.097 0.645 0.903 0.774 2.0 0.193 0.077 0.121
0.0 0.0 0.0 1.0 0.0 0.0 0.0 0.0 0.0 0.0 0.097 0.645 0.903 0.774 2.0 0.250 0.077 0.121
0.0 0.0 0.0 1.0 0.0 0.0 0.0 0.0 0.0 0.0 0.097 0.645 0.903 0.774 2.0 0.170 0.077 0.121
0.0 0.0 0.0 1.0 0.0 0.0 0.0 0.0 0.0 0.0 0.097 0.645 0.903 0.774 2.0 0.182 0.077 0.121
0.0 0.0 0.0 1.0 0.0 0.0 0.0 0.0 0.0 0.0 0.129 0.613 0.871 0.742 2.0 0.170 0.077 0.121
0.0 0.0 1.0 0.0 0.0 0.0 0.0 0.0 0.0 1.0 0.065 0.000 0.516 0.345 2.0 0.148 0.051 0.379
0.0 1.0 0.0 0.0 0.0 0.0 0.0 0.0 0.0 0.0 0.097 0.129 0.484 0.327 1.0 0.307 0.051 0.364
0.0 0.0 1.0 0.0 0.0 0.0 0.0 0.0 1.0 0.0 0.065 0.097 0.935 0.320 2.0 0.080 0.051 0.621
0.0 1.0 0.0 0.0 0.0 0.0 0.0 0.0 0.0 0.0 0.194 0.065 0.806 0.197 1.0 1.000 0.051 0.606
0.0 0.0 0.0 1.0 0.0 0.0 0.0 0.0 1.0 0.0 0.387 0.097 0.129 0.101 2.0 0.182 0.436 0.121
0.0 0.0 0.0 1.0 0.0 0.0 0.0 0.0 0.0 0.0 0.419 0.065 0.097 0.069 2.0 0.273 0.462 0.121
0.0 0.0 0.0 0.0 1.0 0.0 0.0 0.0 1.0 0.0 0.387 0.097 0.129 0.101 2.0 0.182 0.436 0.121
0.0 0.0 0.0 1.0 0.0 0.0 0.0 0.0 0.0 0.0 0.419 0.065 0.097 0.069 2.0 0.261 0.462 0.121
0.0 0.0 0.0 1.0 0.0 0.0 0.0 0.0 1.0 0.0 0.452 0.032 0.032 0.032 2.0 0.148 0.462 0.015
0.0 0.0 0.0 1.0 0.0 0.0 0.0 0.0 1.0 0.0 0.452 0.032 0.032 0.032 2.0 0.148 0.462 0.015
0.0 0.0 0.0 1.0 0.0 0.0 0.0 0.0 1.0 0.0 0.452 0.032 0.032 0.032 2.0 0.148 0.462 0.015
0.0 0.0 0.0 1.0 0.0 0.0 0.0 0.0 1.0 0.0 0.452 0.032 0.032 0.032 2.0 0.148 0.462 0.015
0.0 0.0 0.0 1.0 0.0 0.0 0.0 0.0 1.0 0.0 0.452 0.032 0.032 0.032 2.0 0.148 0.462 0.015
0.0 0.0 0.0 1.0 0.0 0.0 0.0 0.0 1.0 0.0 0.452 0.032 0.032 0.032 2.0 0.148 0.462 0.015
0.0 0.0 0.0 1.0 0.0 0.0 0.0 0.0 1.0 0.0 0.452 0.032 0.032 0.032 2.0 0.148 0.462 0.015
0.0 0.0 0.0 1.0 0.0 0.0 0.0 0.0 1.0 0.0 0.452 0.032 0.032 0.032 2.0 0.148 0.462 0.015
0.0 0.0 0.0 1.0 0.0 0.0 0.0 0.0 1.0 0.0 0.452 0.032 0.032 0.032 2.0 0.148 0.462 0.015
0.0 0.0 0.0 1.0 0.0 0.0 0.0 0.0 1.0 0.0 0.452 0.032 0.032 0.032 2.0 0.148 0.462 0.015
0.0 0.0 0.0 1.0 0.0 0.0 0.0 0.0 1.0 0.0 0.452 0.032 0.032 0.032 2.0 0.148 0.462 0.015
0.0 0.0 0.0 1.0 0.0 0.0 0.0 0.0 1.0 0.0 0.452 0.032 0.032 0.032 2.0 0.148 0.462 0.015
0.0 0.0 0.0 1.0 0.0 0.0 0.0 0.0 1.0 0.0 0.452 0.065 0.065 0.065 2.0 0.159 0.462 0.015
0.0 0.0 0.0 1.0 0.0 0.0 0.0 0.0 1.0 0.0 0.452 0.065 0.065 0.065 2.0 0.159 0.462 0.015
0.0 0.0 0.0 1.0 0.0 0.0 0.0 0.0 1.0 0.0 0.452 0.032 0.032 0.032 2.0 0.148 0.462 0.015
0.0 0.0 0.0 1.0 0.0 0.0 0.0 0.0 1.0 0.0 0.452 0.032 0.032 0.032 2.0 0.148 0.462 0.015
0.0 0.0 0.0 1.0 0.0 0.0 0.0 0.0 0.0 0.0 0.419 0.129 0.161 0.133 2.0 0.114 0.615 0.121
0.0 0.0 0.0 1.0 0.0 0.0 0.0 0.0 0.0 0.0 0.452 0.097 0.129 0.101 2.0 0.216 0.641 0.121
0.0 0.0 0.0 1.0 0.0 0.0 0.0 0.0 0.0 0.0 0.484 0.065 0.097 0.069 2.0 0.273 0.667 0.121
0.0 0.0 0.0 1.0 0.0 0.0 0.0 0.0 1.0 0.0 0.419 0.129 0.161 0.133 3.0 0.193 0.641 0.121
0.0 0.0 0.0 1.0 0.0 0.0 0.0 0.0 0.0 0.0 0.452 0.097 0.129 0.101 2.0 0.284 0.667 0.121
0.0 0.0 0.0 1.0 0.0 0.0 0.0 0.0 1.0 0.0 0.484 0.065 0.065 0.065 2.0 0.148 0.667 0.015
0.0 0.0 0.0 1.0 0.0 0.0 0.0 0.0 1.0 0.0 0.516 0.032 0.032 0.032 2.0 0.148 0.667 0.015
0.0 1.0 0.0 0.0 0.0 0.0 0.0 0.0 0.0 0.0 0.516 0.032 0.032 0.032 1.0 0.057 0.667 0.015
0.0 0.0 1.0 0.0 0.0 0.0 0.0 0.0 1.0 0.0 0.484 0.065 0.065 0.065 2.0 0.148 0.667 0.015
0.0 0.0 0.0 1.0 0.0 0.0 0.0 0.0 1.0 0.0 0.516 0.032 0.032 0.032 2.0 0.148 0.667 0.015
0.0 0.0 0.0 1.0 0.0 0.0 0.0 0.0 1.0 0.0 0.484 0.065 0.065 0.065 2.0 0.148 0.667 0.015
0.0 0.0 0.0 1.0 0.0 0.0 0.0 0.0 1.0 0.0 0.516 0.032 0.032 0.032 2.0 0.148 0.667 0.015
0.0 0.0 0.0 1.0 0.0 0.0 0.0 0.0 1.0 0.0 0.484 0.097 0.097 0.097 2.0 0.159 0.667 0.015
0.0 0.0 0.0 1.0 0.0 0.0 0.0 0.0 1.0 0.0 0.516 0.065 0.065 0.065 2.0 0.159 0.667 0.015
0.0 0.0 0.0 1.0 0.0 0.0 0.0 0.0 1.0 0.0 0.484 0.065 0.065 0.065 2.0 0.148 0.667 0.015
0.0 0.0 0.0 1.0 0.0 0.0 0.0 0.0 1.0 0.0 0.516 0.032 0.032 0.032 2.0 0.148 0.667 0.015
0.0 1.0 0.0 0.0 0.0 0.0 0.0 0.0 0.0 0.0 0.516 0.032 0.032 0.032 1.0 0.057 0.667 0.015
0.0 0.0 1.0 0.0 0.0 0.0 0.0 0.0 1.0 0.0 0.484 0.065 0.065 0.065 2.0 0.148 0.667 0.015
0.0 0.0 0.0 1.0 0.0 0.0 0.0 0.0 1.0 0.0 0.516 0.032 0.032 0.032 2.0 0.148 0.667 0.015
0.0 1.0 0.0 0.0 0.0 0.0 0.0 0.0 0.0 0.0 0.516 0.032 0.032 0.032 1.0 0.057 0.667 0.015
0.0 0.0 0.0 1.0 0.0 0.0 0.0 0.0 1.0 0.0 0.484 0.065 0.065 0.065 2.0 0.148 0.667 0.015
0.0 0.0 0.0 1.0 0.0 0.0 0.0 0.0 1.0 0.0 0.516 0.032 0.032 0.032 2.0 0.148 0.667 0.015
0.0 0.0 0.0 1.0 0.0 0.0 0.0 0.0 1.0 0.0 0.484 0.065 0.065 0.065 2.0 0.148 0.667 0.015
0.0 0.0 0.0 1.0 0.0 0.0 0.0 0.0 1.0 0.0 0.516 0.032 0.032 0.032 2.0 0.148 0.667 0.015
0.0 0.0 0.0 0.0 1.0 0.0 0.0 0.0 1.0 0.0 0.032 0.194 0.226 0.198 2.0 0.148 0.051 0.121
0.0 1.0 0.0 0.0 0.0 0.0 0.0 0.0 0.0 0.0 0.161 0.065 0.097 0.069 1.0 0.227 0.077 0.121
0.0 0.0 0.0 1.0 0.0 0.0 0.0 0.0 0.0 0.0 0.129 0.097 0.129 0.101 2.0 0.182 0.077 0.121
0.0 0.0 0.0 1.0 0.0 0.0 0.0 0.0 1.0 0.0 0.097 0.129 0.129 0.129 2.0 0.136 0.103 0.015
0.0 0.0 0.0 1.0 0.0 0.0 0.0 0.0 1.0 0.0 0.194 0.032 0.032 0.032 2.0 0.136 0.103 0.015
0.0 1.0 0.0 0.0 0.0 0.0 0.0 0.0 0.0 0.0 0.129 0.097 0.097 0.097 1.0 0.057 0.103 0.015
0.0 0.0 1.0 0.0 0.0 0.0 0.0 0.0 1.0 0.0 0.097 0.129 0.129 0.129 2.0 0.136 0.103 0.015
0.0 0.0 0.0 1.0 0.0 0.0 0.0 0.0 1.0 0.0 0.194 0.032 0.032 0.032 2.0 0.136 0.103 0.015
0.0 0.0 0.0 1.0 0.0 0.0 0.0 0.0 1.0 0.0 0.097 0.129 0.129 0.129 2.0 0.136 0.103 0.015
0.0 0.0 0.0 1.0 0.0 0.0 0.0 0.0 1.0 0.0 0.194 0.032 0.032 0.032 2.0 0.136 0.103 0.015
0.0 0.0 0.0 1.0 0.0 0.0 0.0 0.0 1.0 0.0 0.097 0.161 0.161 0.161 2.0 0.148 0.103 0.015
0.0 0.0 0.0 1.0 0.0 0.0 0.0 0.0 1.0 0.0 0.194 0.065 0.065 0.065 2.0 0.148 0.103 0.015
0.0 1.0 0.0 0.0 0.0 0.0 0.0 0.0 0.0 0.0 0.129 0.097 0.097 0.097 1.0 0.057 0.103 0.015
0.0 0.0 1.0 0.0 0.0 0.0 0.0 0.0 1.0 0.0 0.097 0.129 0.129 0.129 2.0 0.136 0.103 0.015
0.0 0.0 0.0 1.0 0.0 0.0 0.0 0.0 1.0 0.0 0.194 0.032 0.032 0.032 2.0 0.136 0.103 0.015
0.0 0.0 0.0 1.0 0.0 0.0 0.0 0.0 1.0 0.0 0.097 0.129 0.129 0.129 2.0 0.136 0.103 0.015
0.0 0.0 0.0 1.0 0.0 0.0 0.0 0.0 1.0 0.0 0.194 0.032 0.032 0.032 2.0 0.136 0.103 0.015
0.0 0.0 0.0 1.0 0.0 0.0 0.0 0.0 1.0 0.0 0.097 0.129 0.129 0.129 2.0 0.136 0.103 0.015
0.0 0.0 0.0 1.0 0.0 0.0 0.0 0.0 1.0 0.0 0.194 0.032 0.032 0.032 2.0 0.136 0.103 0.015
0.0 1.0 0.0 0.0 0.0 0.0 0.0 0.0 0.0 0.0 0.129 0.097 0.097 0.097 1.0 0.057 0.103 0.015
0.0 0.0 1.0 0.0 0.0 0.0 0.0 0.0 1.0 0.0 0.097 0.129 0.129 0.129 2.0 0.136 0.103 0.015
0.0 0.0 0.0 1.0 0.0 0.0 0.0 0.0 1.0 0.0 0.194 0.032 0.032 0.032 2.0 0.136 0.103 0.015
0.0 0.0 0.0 1.0 0.0 0.0 0.0 0.0 1.0 0.0 0.129 0.129 0.129 0.129 2.0 0.420 0.077 0.015
0.0 0.0 0.0 1.0 0.0 0.0 0.0 0.0 1.0 0.0 0.226 0.032 0.032 0.032 2.0 0.511 0.077 0.015
0.0 0.0 0.0 1.0 0.0 0.0 0.0 0.0 1.0 0.0 0.129 0.161 0.161 0.161 2.0 0.432 0.077 0.015
0.0 0.0 0.0 1.0 0.0 0.0 0.0 0.0 1.0 0.0 0.226 0.065 0.065 0.065 2.0 0.523 0.077 0.015
0.0 0.0 0.0 1.0 0.0 0.0 0.0 0.0 1.0 0.0 0.129 0.129 0.129 0.129 2.0 0.420 0.077 0.015
0.0 0.0 0.0 1.0 0.0 0.0 0.0 0.0 1.0 0.0 0.226 0.032 0.032 0.032 2.0 0.511 0.077 0.015
0.0 1.0 0.0 0.0 0.0 0.0 0.0 0.0 0.0 0.0 0.161 0.097 0.097 0.097 1.0 0.057 0.077 0.015
0.0 0.0 1.0 0.0 0.0 0.0 0.0 0.0 1.0 0.0 0.129 0.129 0.129 0.129 2.0 0.420 0.077 0.015
0.0 0.0 0.0 1.0 0.0 0.0 0.0 0.0 1.0 0.0 0.226 0.032 0.032 0.032 2.0 0.511 0.077 0.015
0.0 0.0 0.0 1.0 0.0 0.0 0.0 0.0 1.0 0.0 0.129 0.161 0.161 0.161 2.0 0.432 0.077 0.015
0.0 0.0 0.0 1.0 0.0 0.0 0.0 0.0 1.0 0.0 0.226 0.065 0.065 0.065 2.0 0.523 0.077 0.015
0.0 1.0 0.0 0.0 0.0 0.0 0.0 0.0 0.0 0.0 0.161 0.097 0.097 0.097 1.0 0.057 0.077 0.015
0.0 0.0 1.0 0.0 0.0 0.0 0.0 0.0 1.0 0.0 0.129 0.129 0.129 0.129 2.0 0.420 0.077 0.015
0.0 0.0 0.0 1.0 0.0 0.0 0.0 0.0 1.0 0.0 0.226 0.032 0.032 0.032 2.0 0.511 0.077 0.015
0.0 0.0 0.0 1.0 0.0 0.0 0.0 0.0 1.0 0.0 0.129 0.161 0.161 0.161 2.0 0.420 0.077 0.015
0.0 1.0 0.0 0.0 0.0 0.0 0.0 0.0 0.0 0.0 0.258 0.032 0.032 0.032 1.0 0.057 0.077 0.015
0.0 0.0 1.0 0.0 0.0 0.0 0.0 0.0 1.0 0.0 0.226 0.065 0.065 0.065 2.0 0.511 0.077 0.015
0.0 0.0 0.0 1.0 0.0 0.0 0.0 0.0 1.0 0.0 0.129 0.161 0.161 0.161 2.0 0.420 0.077 0.015
0.0 1.0 0.0 0.0 0.0 0.0 0.0 0.0 0.0 0.0 0.258 0.032 0.032 0.032 1.0 0.057 0.077 0.015
0.0 0.0 0.0 1.0 0.0 0.0 0.0 0.0 1.0 0.0 0.226 0.065 0.065 0.065 2.0 0.511 0.077 0.015
0.0 0.0 0.0 1.0 0.0 0.0 0.0 0.0 1.0 0.0 0.129 0.129 0.129 0.129 2.0 0.420 0.077 0.015
0.0 0.0 0.0 1.0 0.0 0.0 0.0 0.0 1.0 0.0 0.226 0.032 0.032 0.032 2.0 0.511 0.077 0.015
0.0 0.0 0.0 1.0 0.0 0.0 0.0 0.0 1.0 0.0 0.129 0.129 0.129 0.129 2.0 0.420 0.077 0.015
0.0 0.0 0.0 1.0 0.0 0.0 0.0 0.0 1.0 0.0 0.226 0.032 0.032 0.032 2.0 0.511 0.077 0.015
0.0 0.0 0.0 1.0 0.0 0.0 0.0 0.0 1.0 0.0 0.129 0.161 0.161 0.161 2.0 0.420 0.077 0.015
0.0 1.0 0.0 0.0 0.0 0.0 0.0 0.0 0.0 0.0 0.258 0.032 0.032 0.032 1.0 0.057 0.077 0.015
0.0 0.0 1.0 0.0 0.0 0.0 0.0 0.0 1.0 0.0 0.226 0.065 0.065 0.065 2.0 0.511 0.077 0.015
0.0 1.0 0.0 0.0 0.0 0.0 0.0 0.0 0.0 0.0 0.161 0.097 0.097 0.097 1.0 0.057 0.077 0.015
0.0 0.0 0.0 1.0 0.0 0.0 0.0 0.0 1.0 0.0 0.129 0.129 0.129 0.129 2.0 0.420 0.077 0.015
0.0 0.0 0.0 1.0 0.0 0.0 0.0 0.0 1.0 0.0 0.226 0.032 0.032 0.032 2.0 0.511 0.077 0.015
0.0 0.0 0.0 1.0 0.0 0.0 0.0 0.0 1.0 0.0 0.129 0.129 0.129 0.129 2.0 0.420 0.077 0.015
0.0 0.0 0.0 1.0 0.0 0.0 0.0 0.0 1.0 0.0 0.226 0.032 0.032 0.032 2.0 0.511 0.077 0.015
0.0 1.0 0.0 0.0 0.0 0.0 0.0 0.0 0.0 0.0 0.161 0.097 0.097 0.097 1.0 0.057 0.077 0.015
0.0 0.0 1.0 0.0 0.0 0.0 0.0 0.0 1.0 0.0 0.129 0.129 0.129 0.129 2.0 0.420 0.077 0.015
0.0 0.0 0.0 1.0 0.0 0.0 0.0 0.0 1.0 0.0 0.226 0.032 0.032 0.032 2.0 0.511 0.077 0.015
0.0 0.0 0.0 1.0 0.0 0.0 0.0 0.0 1.0 0.0 0.129 0.129 0.129 0.129 2.0 0.420 0.077 0.015
0.0 0.0 0.0 1.0 0.0 0.0 0.0 0.0 1.0 0.0 0.226 0.032 0.032 0.032 2.0 0.511 0.077 0.015
0.0 0.0 0.0 1.0 0.0 0.0 0.0 0.0 1.0 0.0 0.129 0.129 0.129 0.129 2.0 0.420 0.077 0.015
0.0 0.0 0.0 1.0 0.0 0.0 0.0 0.0 1.0 0.0 0.226 0.032 0.032 0.032 2.0 0.511 0.077 0.015
0.0 0.0 0.0 1.0 0.0 0.0 0.0 0.0 1.0 0.0 0.129 0.129 0.129 0.129 2.0 0.420 0.077 0.015
0.0 0.0 0.0 1.0 0.0 0.0 0.0 0.0 1.0 0.0 0.226 0.032 0.032 0.032 2.0 0.511 0.077 0.015
0.0 0.0 0.0 1.0 0.0 0.0 0.0 0.0 1.0 0.0 0.129 0.129 0.129 0.129 2.0 0.420 0.077 0.015
0.0 0.0 0.0 1.0 0.0 0.0 0.0 0.0 1.0 0.0 0.226 0.032 0.032 0.032 2.0 0.511 0.077 0.015
0.0 0.0 0.0 1.0 0.0 0.0 0.0 0.0 1.0 0.0 0.129 0.129 0.129 0.129 2.0 0.420 0.077 0.015
0.0 0.0 0.0 1.0 0.0 0.0 0.0 0.0 1.0 0.0 0.226 0.032 0.032 0.032 2.0 0.511 0.077 0.015
0.0 0.0 0.0 1.0 0.0 0.0 0.0 0.0 1.0 0.0 0.129 0.129 0.129 0.129 2.0 0.420 0.077 0.015
0.0 0.0 0.0 1.0 0.0 0.0 0.0 0.0 1.0 0.0 0.226 0.032 0.032 0.032 2.0 0.511 0.077 0.015
0.0 0.0 0.0 1.0 0.0 0.0 0.0 0.0 1.0 0.0 0.129 0.129 0.129 0.129 2.0 0.420 0.077 0.015
0.0 0.0 0.0 1.0 0.0 0.0 0.0 0.0 1.0 0.0 0.226 0.032 0.032 0.032 2.0 0.511 0.077 0.015
0.0 1.0 0.0 0.0 0.0 0.0 0.0 0.0 0.0 0.0 0.161 0.097 0.097 0.097 1.0 0.057 0.077 0.015
0.0 0.0 1.0 0.0 0.0 0.0 0.0 0.0 1.0 0.0 0.129 0.129 0.129 0.129 2.0 0.420 0.077 0.015
0.0 0.0 0.0 1.0 0.0 0.0 0.0 0.0 1.0 0.0 0.226 0.032 0.032 0.032 2.0 0.511 0.077 0.015
0.0 0.0 0.0 1.0 0.0 0.0 0.0 0.0 1.0 0.0 0.129 0.129 0.129 0.129 2.0 0.420 0.077 0.015
0.0 0.0 0.0 1.0 0.0 0.0 0.0 0.0 1.0 0.0 0.226 0.032 0.032 0.032 2.0 0.511 0.077 0.015
0.0 0.0 0.0 1.0 0.0 0.0 0.0 0.0 1.0 0.0 0.129 0.161 0.161 0.161 2.0 0.432 0.077 0.015
0.0 0.0 0.0 1.0 0.0 0.0 0.0 0.0 1.0 0.0 0.226 0.065 0.065 0.065 2.0 0.523 0.077 0.015
0.0 0.0 0.0 1.0 0.0 0.0 0.0 0.0 1.0 0.0 0.129 0.161 0.161 0.161 2.0 0.420 0.077 0.015
0.0 1.0 0.0 0.0 0.0 0.0 0.0 0.0 0.0 0.0 0.258 0.032 0.032 0.032 1.0 0.057 0.077 0.015
0.0 0.0 0.0 1.0 0.0 0.0 0.0 0.0 1.0 0.0 0.226 0.065 0.065 0.065 2.0 0.511 0.077 0.015
0.0 0.0 0.0 1.0 0.0 0.0 0.0 0.0 1.0 0.0 0.129 0.161 0.161 0.161 2.0 0.432 0.077 0.015
0.0 0.0 0.0 1.0 0.0 0.0 0.0 0.0 1.0 0.0 0.226 0.065 0.065 0.065 2.0 0.523 0.077 0.015
0.0 0.0 0.0 1.0 0.0 0.0 0.0 0.0 1.0 0.0 0.129 0.129 0.129 0.129 2.0 0.420 0.077 0.015
0.0 0.0 0.0 1.0 0.0 0.0 0.0 0.0 1.0 0.0 0.226 0.032 0.032 0.032 2.0 0.511 0.077 0.015
0.0 0.0 0.0 1.0 0.0 0.0 0.0 0.0 1.0 0.0 0.129 0.161 0.161 0.161 2.0 0.432 0.077 0.015
0.0 0.0 0.0 1.0 0.0 0.0 0.0 0.0 1.0 0.0 0.226 0.065 0.065 0.065 2.0 0.523 0.077 0.015
0.0 0.0 0.0 1.0 0.0 0.0 0.0 0.0 1.0 0.0 0.129 0.161 0.161 0.161 2.0 0.420 0.077 0.015
0.0 1.0 0.0 0.0 0.0 0.0 0.0 0.0 0.0 0.0 0.258 0.032 0.032 0.032 1.0 0.057 0.077 0.015
0.0 0.0 0.0 1.0 0.0 0.0 0.0 0.0 1.0 0.0 0.226 0.065 0.065 0.065 2.0 0.511 0.077 0.015
0.0 0.0 0.0 1.0 0.0 0.0 0.0 0.0 1.0 0.0 0.129 0.161 0.161 0.161 2.0 0.432 0.077 0.015
0.0 0.0 0.0 1.0 0.0 0.0 0.0 0.0 1.0 0.0 0.226 0.065 0.065 0.065 2.0 0.523 0.077 0.015
0.0 0.0 0.0 1.0 0.0 0.0 0.0 0.0 1.0 0.0 0.129 0.161 0.161 0.161 2.0 0.420 0.077 0.015
0.0 1.0 0.0 0.0 0.0 0.0 0.0 0.0 0.0 0.0 0.258 0.032 0.032 0.032 1.0 0.057 0.077 0.015
0.0 0.0 1.0 0.0 0.0 0.0 0.0 0.0 1.0 0.0 0.226 0.065 0.065 0.065 2.0 0.511 0.077 0.015
0.0 0.0 0.0 1.0 0.0 0.0 0.0 0.0 1.0 0.0 0.129 0.129 0.129 0.129 2.0 0.420 0.077 0.015
0.0 0.0 0.0 1.0 0.0 0.0 0.0 0.0 1.0 0.0 0.226 0.032 0.032 0.032 2.0 0.511 0.077 0.015
0.0 0.0 0.0 0.0 1.0 0.0 0.0 0.0 1.0 0.0 0.323 0.645 0.677 0.661 3.0 0.114 0.128 0.030
0.0 0.0 0.0 1.0 0.0 0.0 0.0 0.0 1.0 0.0 0.258 0.710 0.742 0.726 2.0 0.114 0.077 0.030
0.0 0.0 0.0 1.0 0.0 0.0 0.0 0.0 0.0 0.0 0.355 0.613 0.645 0.629 2.0 0.148 0.128 0.030
0.0 0.0 0.0 1.0 0.0 0.0 0.0 0.0 0.0 0.0 0.903 0.065 0.065 0.065 3.0 0.182 0.949 0.015
0.0 0.0 0.0 1.0 0.0 0.0 0.0 0.0 1.0 0.0 0.323 0.645 0.645 0.645 2.0 0.182 0.128 0.015
0.0 1.0 0.0 0.0 0.0 0.0 0.0 0.0 0.0 0.0 0.355 0.613 0.613 0.613 1.0 0.091 0.154 0.015
0.0 0.0 1.0 0.0 0.0 0.0 0.0 0.0 1.0 0.0 0.323 0.645 0.645 0.645 2.0 0.136 0.154 0.015
0.0 0.0 0.0 1.0 0.0 0.0 0.0 0.0 1.0 0.0 0.226 0.742 0.742 0.742 2.0 0.545 0.077 0.015
0.0 1.0 0.0 0.0 0.0 0.0 0.0 0.0 0.0 0.0 0.968 0.032 0.032 0.032 1.0 0.102 0.949 0.015
0.0 0.0 0.0 1.0 0.0 0.0 0.0 0.0 0.0 0.0 0.935 0.065 0.065 0.065 3.0 0.148 0.949 0.015
0.0 0.0 0.0 1.0 0.0 0.0 0.0 0.0 1.0 0.0 0.323 0.677 0.677 0.677 2.0 0.170 0.128 0.015
0.0 0.0 0.0 1.0 0.0 0.0 0.0 0.0 1.0 0.0 0.323 0.677 0.677 0.677 2.0 0.159 0.154 0.015
0.0 0.0 0.0 1.0 0.0 0.0 0.0 0.0 1.0 0.0 0.226 0.774 0.774 0.774 2.0 0.534 0.077 0.015
0.0 0.0 0.0 0.0 1.0 0.0 0.0 0.0 1.0 0.0 0.065 0.677 0.903 0.769 2.0 0.080 0.051 0.091
0.0 0.0 0.0 1.0 0.0 0.0 0.0 0.0 0.0 0.0 0.097 0.645 0.871 0.737 2.0 0.284 0.077 0.091
0.0 0.0 0.0 1.0 0.0 0.0 0.0 0.0 0.0 0.0 0.903 0.065 0.065 0.065 2.0 0.159 0.949 0.015
0.0 1.0 0.0 0.0 0.0 0.0 0.0 0.0 0.0 0.0 0.710 0.258 0.258 0.258 1.0 0.080 0.949 0.015
0.0 0.0 1.0 0.0 0.0 0.0 0.0 0.0 0.0 0.0 0.677 0.290 0.290 0.290 2.0 0.182 0.949 0.015
0.0 0.0 0.0 1.0 0.0 0.0 0.0 0.0 1.0 0.0 0.323 0.645 0.645 0.645 2.0 0.170 0.128 0.015
0.0 0.0 0.0 1.0 0.0 0.0 0.0 0.0 1.0 0.0 0.323 0.645 0.645 0.645 2.0 0.159 0.154 0.015
0.0 0.0 0.0 1.0 0.0 0.0 0.0 0.0 1.0 0.0 0.226 0.742 0.742 0.742 2.0 0.534 0.077 0.015
0.0 0.0 0.0 1.0 0.0 0.0 0.0 0.0 0.0 0.0 0.839 0.065 0.065 0.065 2.0 0.170 0.949 0.015
0.0 0.0 0.0 1.0 0.0 0.0 0.0 0.0 0.0 0.0 0.645 0.258 0.258 0.258 2.0 0.193 0.949 0.015
0.0 0.0 0.0 1.0 0.0 0.0 0.0 0.0 1.0 0.0 0.323 0.581 0.581 0.581 2.0 0.170 0.128 0.015
0.0 0.0 0.0 1.0 0.0 0.0 0.0 0.0 1.0 0.0 0.323 0.581 0.581 0.581 2.0 0.159 0.154 0.015
0.0 0.0 0.0 1.0 0.0 0.0 0.0 0.0 1.0 0.0 0.226 0.677 0.677 0.677 2.0 0.534 0.077 0.015
0.0 0.0 0.0 1.0 0.0 0.0 0.0 0.0 0.0 0.0 0.774 0.065 0.065 0.065 2.0 0.170 0.949 0.015
0.0 1.0 0.0 0.0 0.0 0.0 0.0 0.0 0.0 0.0 0.677 0.161 0.161 0.161 1.0 0.080 0.949 0.015
0.0 0.0 0.0 1.0 0.0 0.0 0.0 0.0 0.0 0.0 0.645 0.194 0.194 0.194 2.0 0.182 0.949 0.015
0.0 0.0 0.0 1.0 0.0 0.0 0.0 0.0 1.0 0.0 0.323 0.516 0.516 0.516 2.0 0.170 0.128 0.015
0.0 0.0 0.0 1.0 0.0 0.0 0.0 0.0 1.0 0.0 0.323 0.516 0.516 0.516 2.0 0.159 0.154 0.015
0.0 0.0 0.0 1.0 0.0 0.0 0.0 0.0 1.0 0.0 0.226 0.613 0.613 0.613 2.0 0.534 0.077 0.015
0.0 0.0 0.0 1.0 0.0 0.0 0.0 0.0 0.0 0.0 0.677 0.065 0.065 0.065 2.0 0.170 0.949 0.015
0.0 0.0 0.0 1.0 0.0 0.0 0.0 0.0 0.0 0.0 0.645 0.097 0.097 0.097 2.0 0.205 0.949 0.015
0.0 1.0 0.0 0.0 0.0 0.0 0.0 0.0 0.0 0.0 0.355 0.387 0.387 0.387 1.0 0.080 0.128 0.015
0.0 0.0 1.0 0.0 0.0 0.0 0.0 0.0 1.0 0.0 0.323 0.419 0.419 0.419 2.0 0.148 0.128 0.015
0.0 0.0 0.0 1.0 0.0 0.0 0.0 0.0 1.0 0.0 0.323 0.419 0.419 0.419 2.0 0.159 0.154 0.015
0.0 0.0 0.0 1.0 0.0 0.0 0.0 0.0 1.0 0.0 0.226 0.516 0.516 0.516 2.0 0.534 0.077 0.015
0.0 1.0 0.0 0.0 0.0 0.0 0.0 0.0 0.0 0.0 0.710 0.065 0.065 0.065 1.0 0.080 0.949 0.015
0.0 0.0 0.0 1.0 0.0 0.0 0.0 0.0 0.0 0.0 0.677 0.097 0.097 0.097 2.0 0.159 0.949 0.015
0.0 1.0 0.0 0.0 0.0 0.0 0.0 0.0 0.0 0.0 0.677 0.097 0.097 0.097 1.0 0.080 0.949 0.015
0.0 0.0 0.0 1.0 0.0 0.0 0.0 0.0 0.0 0.0 0.645 0.129 0.129 0.129 2.0 0.182 0.949 0.015
0.0 0.0 0.0 1.0 0.0 0.0 0.0 0.0 1.0 0.0 0.323 0.452 0.452 0.452 2.0 0.170 0.128 0.015
0.0 0.0 0.0 1.0 0.0 0.0 0.0 0.0 1.0 0.0 0.323 0.452 0.452 0.452 2.0 0.159 0.154 0.015
0.0 0.0 0.0 1.0 0.0 0.0 0.0 0.0 1.0 0.0 0.226 0.548 0.548 0.548 2.0 0.534 0.077 0.015
0.0 1.0 0.0 0.0 0.0 0.0 0.0 0.0 0.0 0.0 0.710 0.065 0.065 0.065 1.0 0.080 0.949 0.015
0.0 0.0 0.0 1.0 0.0 0.0 0.0 0.0 0.0 0.0 0.677 0.097 0.097 0.097 2.0 0.205 0.949 0.015
0.0 0.0 0.0 1.0 0.0 0.0 0.0 0.0 0.0 0.0 0.645 0.129 0.129 0.129 2.0 0.227 0.949 0.015
0.0 0.0 0.0 1.0 0.0 0.0 0.0 0.0 1.0 0.0 0.323 0.452 0.452 0.452 2.0 0.170 0.128 0.015
0.0 1.0 0.0 0.0 0.0 0.0 0.0 0.0 0.0 0.0 0.355 0.419 0.419 0.419 1.0 0.080 0.154 0.015
0.0 0.0 0.0 1.0 0.0 0.0 0.0 0.0 1.0 0.0 0.323 0.452 0.452 0.452 2.0 0.136 0.154 0.015
0.0 0.0 0.0 1.0 0.0 0.0 0.0 0.0 1.0 0.0 0.226 0.548 0.548 0.548 2.0 0.534 0.077 0.015
0.0 0.0 0.0 1.0 0.0 0.0 0.0 0.0 1.0 0.0 0.065 0.677 0.935 0.806 2.0 0.284 0.051 0.121
0.0 0.0 0.0 1.0 0.0 0.0 0.0 0.0 1.0 0.0 0.032 0.710 0.968 0.839 2.0 0.080 0.051 0.121
0.0 0.0 0.0 1.0 0.0 0.0 0.0 0.0 1.0 0.0 0.065 0.677 0.935 0.806 2.0 0.284 0.051 0.121
0.0 1.0 0.0 0.0 0.0 0.0 0.0 0.0 0.0 0.0 0.065 0.677 0.935 0.806 1.0 0.091 0.051 0.121
0.0 0.0 0.0 1.0 0.0 0.0 0.0 0.0 1.0 0.0 0.032 0.710 0.968 0.839 2.0 0.034 0.051 0.121
0.0 0.0 0.0 1.0 0.0 0.0 0.0 0.0 1.0 0.0 0.065 0.677 0.935 0.806 2.0 0.284 0.051 0.121
0.0 0.0 0.0 1.0 0.0 0.0 0.0 0.0 1.0 0.0 0.032 0.710 0.968 0.839 2.0 0.080 0.051 0.121
0.0 1.0 0.0 0.0 0.0 0.0 0.0 0.0 0.0 0.0 0.097 0.645 0.903 0.774 1.0 0.114 0.051 0.121
0.0 0.0 1.0 0.0 0.0 0.0 0.0 0.0 1.0 0.0 0.065 0.677 0.935 0.806 2.0 0.239 0.051 0.121
0.0 0.0 0.0 1.0 0.0 0.0 0.0 0.0 1.0 0.0 0.032 0.710 0.968 0.839 2.0 0.091 0.051 0.121
0.0 0.0 0.0 1.0 0.0 0.0 0.0 0.0 1.0 0.0 0.065 0.677 0.935 0.806 2.0 0.284 0.051 0.121
0.0 0.0 0.0 1.0 0.0 0.0 0.0 0.0 1.0 0.0 0.032 0.710 0.968 0.839 2.0 0.080 0.051 0.121
0.0 0.0 0.0 1.0 0.0 0.0 0.0 0.0 1.0 0.0 0.065 0.677 0.935 0.806 2.0 0.250 0.051 0.121
0.0 0.0 0.0 1.0 0.0 0.0 0.0 0.0 1.0 0.0 0.032 0.710 0.968 0.839 2.0 0.045 0.051 0.121
0.0 0.0 0.0 1.0 0.0 0.0 0.0 0.0 1.0 0.0 0.065 0.677 0.935 0.806 2.0 0.284 0.051 0.121
0.0 0.0 0.0 1.0 0.0 0.0 0.0 0.0 1.0 0.0 0.032 0.710 0.968 0.839 2.0 0.080 0.051 0.121
0.0 1.0 0.0 0.0 0.0 0.0 0.0 0.0 0.0 0.0 0.097 0.645 0.903 0.774 1.0 0.102 0.051 0.121
0.0 0.0 1.0 0.0 0.0 0.0 0.0 0.0 1.0 0.0 0.065 0.677 0.935 0.806 2.0 0.239 0.051 0.121
0.0 0.0 0.0 1.0 0.0 0.0 0.0 0.0 1.0 0.0 0.032 0.710 0.968 0.839 2.0 0.080 0.051 0.121
0.0 0.0 0.0 1.0 0.0 0.0 0.0 0.0 1.0 0.0 0.065 0.677 0.935 0.806 2.0 0.284 0.051 0.121
0.0 0.0 0.0 1.0 0.0 0.0 0.0 0.0 1.0 0.0 0.032 0.710 0.968 0.839 2.0 0.080 0.051 0.121
0.0 0.0 0.0 1.0 0.0 0.0 0.0 0.0 1.0 0.0 0.065 0.677 0.935 0.806 2.0 0.284 0.051 0.121
0.0 0.0 0.0 1.0 0.0 0.0 0.0 0.0 1.0 0.0 0.032 0.710 0.968 0.839 2.0 0.080 0.051 0.121
0.0 0.0 0.0 1.0 0.0 0.0 0.0 0.0 1.0 0.0 0.065 0.677 0.935 0.806 2.0 0.295 0.051 0.121
0.0 0.0 0.0 1.0 0.0 0.0 0.0 0.0 1.0 0.0 0.032 0.710 0.968 0.839 2.0 0.091 0.051 0.121
0.0 0.0 0.0 1.0 0.0 0.0 0.0 0.0 1.0 0.0 0.065 0.677 0.935 0.806 2.0 0.284 0.051 0.121
0.0 0.0 0.0 1.0 0.0 0.0 0.0 0.0 1.0 0.0 0.032 0.710 0.968 0.839 2.0 0.080 0.051 0.121
0.0 0.0 0.0 1.0 0.0 0.0 0.0 0.0 1.0 0.0 0.065 0.677 0.935 0.806 2.0 0.318 0.051 0.121
0.0 0.0 0.0 1.0 0.0 0.0 0.0 0.0 1.0 0.0 0.032 0.710 0.968 0.839 2.0 0.114 0.051 0.121
0.0 0.0 0.0 1.0 0.0 0.0 0.0 0.0 1.0 0.0 0.065 0.677 0.935 0.806 2.0 0.273 0.051 0.121
0.0 0.0 0.0 1.0 0.0 0.0 0.0 0.0 1.0 0.0 0.032 0.710 0.968 0.839 2.0 0.068 0.051 0.121
0.0 0.0 0.0 1.0 0.0 0.0 0.0 0.0 1.0 0.0 0.065 0.677 0.935 0.806 2.0 0.284 0.051 0.121
0.0 1.0 0.0 0.0 0.0 0.0 0.0 0.0 0.0 0.0 0.065 0.677 0.935 0.806 1.0 0.091 0.051 0.121
0.0 0.0 1.0 0.0 0.0 0.0 0.0 0.0 1.0 0.0 0.032 0.710 0.968 0.839 2.0 0.034 0.051 0.121
0.0 1.0 0.0 0.0 0.0 0.0 0.0 0.0 0.0 0.0 0.097 0.645 0.903 0.774 1.0 0.102 0.051 0.121
0.0 0.0 0.0 1.0 0.0 0.0 0.0 0.0 1.0 0.0 0.065 0.677 0.935 0.806 2.0 0.239 0.051 0.121
0.0 0.0 0.0 1.0 0.0 0.0 0.0 0.0 1.0 0.0 0.032 0.710 0.968 0.839 2.0 0.080 0.051 0.121
0.0 1.0 0.0 0.0 0.0 0.0 0.0 0.0 0.0 0.0 0.290 0.677 0.710 0.694 1.0 0.102 0.077 0.030
0.0 0.0 0.0 1.0 0.0 0.0 0.0 0.0 1.0 0.0 0.065 0.484 0.516 0.488 2.0 0.080 0.051 0.121
0.0 0.0 0.0 1.0 0.0 0.0 0.0 0.0 0.0 0.0 0.290 0.258 0.290 0.262 3.0 0.148 0.410 0.121
0.0 0.0 0.0 0.0 1.0 0.0 0.0 0.0 1.0 0.0 0.065 0.484 0.516 0.488 2.0 0.080 0.051 0.121
0.0 1.0 0.0 0.0 0.0 0.0 0.0 0.0 0.0 0.0 0.097 0.452 0.484 0.456 1.0 0.080 0.051 0.121
0.0 0.0 0.0 0.0 1.0 0.0 0.0 0.0 1.0 0.0 0.065 0.484 0.516 0.488 2.0 0.057 0.051 0.121
0.0 0.0 0.0 1.0 0.0 0.0 0.0 0.0 0.0 0.0 0.258 0.290 0.323 0.294 3.0 0.148 0.359 0.121
0.0 0.0 0.0 1.0 0.0 0.0 0.0 0.0 1.0 0.0 0.065 0.484 0.516 0.488 2.0 0.080 0.051 0.121
0.0 0.0 0.0 0.0 1.0 0.0 0.0 0.0 1.0 0.0 0.065 0.484 0.516 0.488 2.0 0.080 0.051 0.121
0.0 0.0 0.0 1.0 0.0 0.0 0.0 0.0 0.0 0.0 0.548 0.194 0.452 0.323 2.0 0.114 0.846 0.121
0.0 1.0 0.0 0.0 0.0 0.0 0.0 0.0 0.0 0.0 0.129 0.613 0.871 0.742 1.0 0.125 0.077 0.121
0.0 1.0 0.0 0.0 0.0 0.0 0.0 0.0 0.0 0.0 0.161 0.581 0.839 0.710 1.0 0.125 0.077 0.121
0.0 0.0 0.0 1.0 0.0 0.0 0.0 0.0 0.0 0.0 0.484 0.258 0.516 0.387 2.0 0.148 0.846 0.121
0.0 0.0 0.0 1.0 0.0 0.0 0.0 0.0 0.0 0.0 0.161 0.581 0.839 0.710 2.0 0.193 0.128 0.121
0.0 0.0 0.0 1.0 0.0 0.0 0.0 0.0 0.0 0.0 0.129 0.613 0.871 0.742 2.0 0.159 0.128 0.121
0.0 0.0 0.0 1.0 0.0 0.0 0.0 0.0 0.0 0.0 0.194 0.548 0.806 0.677 2.0 0.125 0.231 0.121
0.0 0.0 0.0 0.0 1.0 0.0 0.0 0.0 0.0 0.0 0.161 0.581 0.839 0.710 2.0 0.205 0.128 0.121
0.0 0.0 0.0 0.0 1.0 0.0 0.0 0.0 0.0 0.0 0.129 0.613 0.871 0.742 2.0 0.182 0.128 0.121
0.0 0.0 0.0 1.0 0.0 0.0 0.0 0.0 0.0 0.0 0.226 0.516 0.774 0.645 3.0 0.159 0.333 0.121
0.0 0.0 0.0 1.0 0.0 0.0 0.0 0.0 0.0 0.0 0.161 0.581 0.839 0.710 2.0 0.170 0.128 0.121
0.0 0.0 0.0 1.0 0.0 0.0 0.0 0.0 0.0 0.0 0.129 0.613 0.871 0.742 2.0 0.182 0.128 0.121
0.0 0.0 0.0 1.0 0.0 0.0 0.0 0.0 0.0 0.0 0.258 0.484 0.742 0.613 3.0 0.170 0.436 0.121
0.0 0.0 0.0 0.0 1.0 0.0 0.0 0.0 0.0 0.0 0.161 0.581 0.839 0.710 2.0 0.170 0.128 0.121
0.0 0.0 0.0 0.0 1.0 0.0 0.0 0.0 0.0 0.0 0.129 0.613 0.871 0.742 2.0 0.182 0.128 0.121
0.0 1.0 0.0 0.0 0.0 0.0 0.0 0.0 0.0 0.0 0.323 0.419 0.677 0.548 1.0 0.102 0.538 0.121
0.0 0.0 1.0 0.0 0.0 0.0 0.0 0.0 0.0 0.0 0.290 0.452 0.710 0.581 3.0 0.148 0.538 0.121
0.0 0.0 0.0 1.0 0.0 0.0 0.0 0.0 0.0 0.0 0.129 0.613 0.871 0.742 2.0 0.182 0.128 0.121
0.0 0.0 0.0 1.0 0.0 0.0 0.0 0.0 0.0 0.0 0.129 0.613 0.871 0.742 2.0 0.182 0.128 0.121
0.0 0.0 0.0 1.0 0.0 0.0 0.0 0.0 0.0 0.0 0.355 0.387 0.645 0.516 3.0 0.148 0.641 0.121
0.0 0.0 0.0 0.0 1.0 0.0 0.0 0.0 0.0 0.0 0.129 0.613 0.871 0.742 2.0 0.182 0.128 0.121
0.0 1.0 0.0 0.0 0.0 0.0 0.0 0.0 0.0 0.0 0.194 0.548 0.806 0.677 1.0 0.091 0.128 0.121
0.0 0.0 0.0 0.0 1.0 0.0 0.0 0.0 0.0 0.0 0.161 0.581 0.839 0.710 2.0 0.159 0.128 0.121
0.0 0.0 0.0 1.0 0.0 0.0 0.0 0.0 0.0 0.0 0.387 0.355 0.613 0.484 3.0 0.148 0.744 0.121
0.0 0.0 0.0 1.0 0.0 0.0 0.0 0.0 0.0 0.0 0.161 0.581 0.839 0.710 2.0 0.170 0.128 0.121
0.0 0.0 0.0 1.0 0.0 0.0 0.0 0.0 0.0 0.0 0.419 0.323 0.581 0.452 2.0 0.125 0.744 0.121
0.0 0.0 0.0 0.0 1.0 0.0 0.0 0.0 0.0 0.0 0.161 0.581 0.839 0.710 2.0 0.170 0.128 0.121
0.0 0.0 0.0 1.0 0.0 0.0 0.0 0.0 0.0 0.0 0.452 0.290 0.548 0.419 2.0 0.125 0.846 0.121
0.0 0.0 0.0 1.0 0.0 0.0 0.0 0.0 0.0 0.0 0.161 0.581 0.839 0.710 2.0 0.182 0.128 0.121
0.0 0.0 0.0 0.0 1.0 0.0 0.0 0.0 0.0 0.0 0.161 0.581 0.839 0.710 2.0 0.170 0.128 0.121
0.0 0.0 0.0 0.0 1.0 0.0 0.0 0.0 0.0 0.0 0.194 0.548 0.806 0.677 2.0 0.170 0.128 0.121
0.0 0.0 1.0 0.0 0.0 0.0 0.0 0.0 0.0 0.0 0.226 0.516 0.774 0.645 2.0 0.125 0.128 0.121
0.0 0.0 0.0 1.0 0.0 0.0 0.0 0.0 0.0 0.0 0.516 0.226 0.484 0.355 3.0 0.159 0.846 0.121
0.0 0.0 0.0 0.0 1.0 0.0 0.0 0.0 0.0 0.0 0.516 0.226 0.484 0.355 2.0 0.114 0.846 0.121
0.0 0.0 0.0 1.0 0.0 0.0 0.0 0.0 0.0 0.0 0.355 0.129 0.226 0.165 2.0 0.159 0.410 0.242
0.0 1.0 0.0 0.0 0.0 0.0 0.0 0.0 1.0 0.0 0.032 0.452 0.548 0.488 1.0 0.057 0.026 0.242
0.0 1.0 0.0 0.0 0.0 0.0 0.0 0.0 1.0 0.0 0.032 0.452 0.548 0.488 1.0 0.057 0.026 0.242
0.0 1.0 0.0 0.0 0.0 0.0 0.0 0.0 1.0 0.0 0.032 0.452 0.548 0.488 1.0 0.057 0.026 0.242
0.0 1.0 0.0 0.0 0.0 0.0 0.0 0.0 1.0 0.0 0.032 0.452 0.548 0.488 1.0 0.057 0.026 0.242
0.0 1.0 0.0 0.0 0.0 0.0 0.0 0.0 1.0 0.0 0.032 0.452 0.548 0.488 1.0 0.057 0.026 0.242
0.0 1.0 0.0 0.0 0.0 0.0 0.0 0.0 1.0 0.0 0.032 0.452 0.548 0.488 1.0 0.057 0.026 0.242
0.0 1.0 0.0 0.0 0.0 0.0 0.0 0.0 1.0 0.0 0.032 0.452 0.548 0.488 1.0 0.057 0.026 0.242
0.0 1.0 0.0 0.0 0.0 0.0 0.0 0.0 1.0 0.0 0.032 0.452 0.548 0.488 1.0 0.045 0.026 0.242
0.0 0.0 0.0 1.0 0.0 0.0 0.0 0.0 1.0 0.0 0.065 0.419 0.516 0.456 2.0 0.068 0.051 0.242
0.0 0.0 0.0 1.0 0.0 0.0 0.0 0.0 1.0 0.0 0.097 0.387 0.484 0.423 3.0 0.091 0.103 0.242
0.0 0.0 0.0 0.0 1.0 0.0 0.0 0.0 1.0 0.0 0.065 0.419 0.516 0.456 2.0 0.080 0.051 0.242
0.0 0.0 0.0 1.0 0.0 0.0 0.0 0.0 1.0 0.0 0.065 0.419 0.516 0.456 2.0 0.080 0.051 0.242
0.0 0.0 0.0 1.0 0.0 0.0 0.0 0.0 0.0 0.0 0.129 0.355 0.452 0.391 3.0 0.136 0.154 0.242
0.0 0.0 0.0 0.0 1.0 0.0 0.0 0.0 1.0 0.0 0.065 0.419 0.516 0.456 2.0 0.080 0.051 0.242
0.0 0.0 0.0 1.0 0.0 0.0 0.0 0.0 1.0 0.0 0.065 0.419 0.516 0.456 2.0 0.080 0.051 0.242
0.0 0.0 0.0 1.0 0.0 0.0 0.0 0.0 0.0 0.0 0.161 0.323 0.419 0.359 3.0 0.148 0.205 0.242
0.0 0.0 0.0 0.0 1.0 0.0 0.0 0.0 1.0 0.0 0.065 0.419 0.516 0.456 2.0 0.080 0.051 0.242
0.0 0.0 0.0 1.0 0.0 0.0 0.0 0.0 1.0 0.0 0.065 0.419 0.516 0.456 2.0 0.080 0.051 0.242
0.0 0.0 0.0 1.0 0.0 0.0 0.0 0.0 0.0 0.0 0.194 0.290 0.387 0.327 3.0 0.148 0.256 0.242
0.0 0.0 0.0 0.0 1.0 0.0 0.0 0.0 1.0 0.0 0.065 0.419 0.516 0.456 2.0 0.080 0.051 0.242
0.0 0.0 0.0 1.0 0.0 0.0 0.0 0.0 1.0 0.0 0.065 0.419 0.516 0.456 2.0 0.080 0.051 0.242
0.0 0.0 0.0 1.0 0.0 0.0 0.0 0.0 0.0 0.0 0.226 0.258 0.355 0.294 3.0 0.148 0.308 0.242
0.0 0.0 0.0 0.0 1.0 0.0 0.0 0.0 1.0 0.0 0.065 0.419 0.516 0.456 2.0 0.080 0.051 0.242
0.0 0.0 0.0 1.0 0.0 0.0 0.0 0.0 1.0 0.0 0.065 0.419 0.516 0.456 2.0 0.080 0.051 0.242
0.0 1.0 0.0 0.0 0.0 0.0 0.0 0.0 0.0 0.0 0.290 0.194 0.290 0.230 1.0 0.102 0.359 0.242
0.0 0.0 1.0 0.0 0.0 0.0 0.0 0.0 0.0 0.0 0.258 0.226 0.323 0.262 3.0 0.125 0.359 0.242
0.0 0.0 0.0 0.0 1.0 0.0 0.0 0.0 1.0 0.0 0.065 0.419 0.516 0.456 2.0 0.080 0.051 0.242
0.0 0.0 0.0 0.0 1.0 0.0 0.0 0.0 1.0 0.0 0.065 0.419 0.516 0.456 2.0 0.080 0.051 0.242
0.0 0.0 0.0 1.0 0.0 0.0 0.0 0.0 0.0 0.0 0.323 0.161 0.258 0.198 3.0 0.136 0.410 0.242
0.0 0.0 0.0 1.0 0.0 0.0 0.0 0.0 1.0 0.0 0.065 0.419 0.516 0.456 2.0 0.091 0.051 0.242
0.0 0.0 1.0 0.0 0.0 0.0 0.0 0.0 0.0 0.0 0.645 0.097 0.097 0.097 2.0 0.136 0.436 0.015
0.0 0.0 1.0 0.0 0.0 0.0 0.0 0.0 0.0 0.0 0.806 0.097 0.097 0.097 2.0 0.136 0.641 0.015
0.0 1.0 0.0 0.0 0.0 0.0 0.0 0.0 0.0 0.0 0.871 0.097 0.097 0.097 1.0 0.080 0.744 0.015
0.0 0.0 1.0 0.0 0.0 0.0 0.0 0.0 0.0 0.0 0.839 0.129 0.129 0.129 2.0 0.114 0.744 0.015
0.0 0.0 0.0 0.0 0.0 1.0 0.0 0.0 0.0 0.0 0.871 0.097 0.097 0.097 2.0 0.148 0.744 0.015
0.0 1.0 0.0 0.0 0.0 0.0 0.0 0.0 0.0 0.0 0.613 0.129 0.387 0.290 1.0 0.205 0.436 0.091
0.0 0.0 0.0 0.0 1.0 0.0 0.0 0.0 0.0 0.0 0.581 0.161 0.419 0.323 3.0 0.227 0.436 0.091
0.0 0.0 0.0 0.0 1.0 0.0 0.0 0.0 0.0 0.0 0.774 0.129 0.226 0.185 3.0 0.250 0.641 0.061
0.0 0.0 0.0 1.0 0.0 0.0 0.0 0.0 0.0 0.0 0.516 0.258 0.258 0.258 2.0 0.091 0.333 0.015
0.0 0.0 0.0 0.0 1.0 0.0 0.0 0.0 0.0 0.0 0.806 0.161 0.194 0.172 2.0 0.205 0.744 0.045
0.0 0.0 1.0 0.0 0.0 0.0 0.0 0.0 0.0 0.0 0.903 0.097 0.097 0.097 2.0 0.114 0.744 0.015
0.0 1.0 0.0 0.0 0.0 0.0 0.0 0.0 0.0 0.0 0.677 0.161 0.226 0.194 1.0 0.114 0.538 0.030
0.0 0.0 1.0 0.0 0.0 0.0 0.0 0.0 0.0 0.0 0.742 0.097 0.097 0.097 2.0 0.125 0.538 0.015
0.0 1.0 0.0 0.0 0.0 0.0 0.0 0.0 0.0 0.0 0.452 0.323 0.323 0.323 1.0 0.102 0.333 0.015
0.0 1.0 0.0 0.0 0.0 0.0 0.0 0.0 0.0 0.0 0.645 0.194 0.258 0.226 1.0 0.114 0.436 0.030
0.0 0.0 0.0 1.0 0.0 0.0 0.0 0.0 0.0 0.0 0.806 0.161 0.161 0.161 2.0 0.136 0.744 0.015
0.0 0.0 0.0 1.0 0.0 0.0 0.0 0.0 0.0 0.0 0.774 0.129 0.129 0.129 2.0 0.114 0.641 0.015
0.0 0.0 0.0 0.0 1.0 0.0 0.0 0.0 0.0 0.0 0.452 0.290 0.290 0.290 2.0 0.159 0.333 0.015
0.0 0.0 0.0 1.0 0.0 0.0 0.0 0.0 0.0 0.0 0.581 0.161 0.161 0.161 2.0 0.125 0.436 0.015
0.0 1.0 0.0 0.0 0.0 0.0 0.0 0.0 0.0 0.0 0.871 0.129 0.129 0.129 1.0 0.080 0.744 0.015
0.0 0.0 1.0 0.0 0.0 0.0 0.0 0.0 0.0 0.0 0.839 0.161 0.161 0.161 2.0 0.148 0.744 0.015
0.0 0.0 0.0 0.0 1.0 0.0 0.0 0.0 0.0 0.0 0.839 0.161 0.161 0.161 2.0 0.159 0.744 0.015
0.0 0.0 0.0 1.0 0.0 0.0 0.0 0.0 0.0 0.0 0.710 0.129 0.194 0.161 2.0 0.125 0.538 0.030
0.0 0.0 0.0 1.0 0.0 0.0 0.0 0.0 0.0 0.0 0.677 0.161 0.161 0.161 2.0 0.148 0.538 0.015
0.0 0.0 0.0 0.0 1.0 0.0 0.0 0.0 0.0 0.0 0.484 0.290 0.290 0.290 2.0 0.136 0.333 0.015
0.0 0.0 0.0 1.0 0.0 0.0 0.0 0.0 0.0 0.0 0.484 0.290 0.290 0.290 2.0 0.136 0.333 0.015
0.0 1.0 0.0 0.0 0.0 0.0 0.0 0.0 0.0 0.0 0.839 0.129 0.129 0.129 1.0 0.114 0.744 0.015
0.0 0.0 1.0 0.0 0.0 0.0 0.0 0.0 0.0 0.0 0.452 0.290 0.548 0.452 2.0 0.227 0.436 0.091
0.0 0.0 1.0 0.0 0.0 0.0 0.0 0.0 0.0 0.0 0.645 0.323 0.355 0.333 2.0 0.239 0.744 0.045
0.0 0.0 0.0 1.0 0.0 0.0 0.0 0.0 0.0 0.0 0.290 0.452 0.710 0.581 3.0 0.284 0.231 0.121
0.0 1.0 0.0 0.0 0.0 0.0 0.0 0.0 0.0 0.0 0.129 0.613 0.871 0.742 1.0 0.114 0.077 0.121
0.0 0.0 0.0 1.0 0.0 0.0 0.0 0.0 0.0 0.0 0.129 0.613 0.871 0.742 2.0 0.239 0.128 0.121
0.0 1.0 0.0 0.0 0.0 0.0 0.0 0.0 0.0 0.0 0.161 0.581 0.839 0.710 1.0 0.170 0.077 0.121
0.0 1.0 0.0 0.0 0.0 0.0 0.0 0.0 0.0 0.0 0.129 0.613 0.871 0.756 1.0 0.182 0.077 0.106
0.0 1.0 0.0 0.0 0.0 0.0 0.0 0.0 0.0 0.0 0.129 0.613 0.871 0.756 1.0 0.182 0.077 0.106
0.0 1.0 0.0 0.0 0.0 0.0 0.0 0.0 0.0 0.0 0.129 0.710 0.871 0.806 1.0 0.170 0.077 0.076
0.0 1.0 0.0 0.0 0.0 0.0 0.0 0.0 0.0 0.0 0.129 0.710 0.871 0.806 1.0 0.182 0.077 0.076
0.0 1.0 0.0 0.0 0.0 0.0 0.0 0.0 0.0 0.0 0.452 0.387 0.548 0.484 1.0 0.136 0.436 0.076
0.0 0.0 0.0 0.0 1.0 0.0 0.0 0.0 0.0 0.0 0.419 0.419 0.581 0.516 2.0 0.114 0.436 0.076
0.0 0.0 1.0 0.0 0.0 0.0 0.0 0.0 0.0 0.0 0.516 0.387 0.484 0.444 2.0 0.193 0.538 0.061
0.0 1.0 0.0 0.0 0.0 0.0 0.0 0.0 0.0 0.0 0.129 0.774 0.871 0.831 1.0 0.205 0.077 0.061
0.0 1.0 0.0 0.0 0.0 0.0 0.0 0.0 0.0 0.0 0.129 0.774 0.871 0.831 1.0 0.205 0.077 0.061
0.0 0.0 1.0 0.0 0.0 0.0 0.0 0.0 0.0 0.0 0.323 0.419 0.677 0.581 2.0 0.136 0.333 0.091
0.0 1.0 0.0 0.0 0.0 0.0 0.0 0.0 0.0 0.0 0.387 0.355 0.613 0.516 1.0 0.114 0.436 0.091
0.0 0.0 0.0 0.0 1.0 0.0 0.0 0.0 0.0 0.0 0.355 0.387 0.645 0.548 2.0 0.125 0.436 0.091
0.0 0.0 0.0 1.0 0.0 0.0 0.0 0.0 0.0 0.0 0.194 0.548 0.806 0.677 2.0 0.193 0.128 0.121
0.0 0.0 0.0 1.0 0.0 0.0 0.0 0.0 0.0 0.0 0.613 0.290 0.387 0.347 2.0 0.182 0.641 0.061
0.0 0.0 0.0 1.0 0.0 0.0 0.0 0.0 0.0 0.0 0.548 0.290 0.452 0.387 2.0 0.227 0.538 0.076
0.0 0.0 0.0 1.0 0.0 0.0 0.0 0.0 0.0 0.0 0.323 0.419 0.677 0.562 2.0 0.216 0.333 0.106
0.0 1.0 0.0 0.0 0.0 0.0 0.0 0.0 0.0 0.0 0.129 0.839 0.871 0.849 1.0 0.125 0.077 0.045
0.0 1.0 0.0 0.0 0.0 0.0 0.0 0.0 0.0 0.0 0.161 0.806 0.839 0.817 1.0 0.125 0.077 0.045
0.0 0.0 0.0 0.0 1.0 0.0 0.0 0.0 0.0 0.0 0.258 0.484 0.742 0.627 2.0 0.182 0.231 0.106
0.0 1.0 0.0 0.0 0.0 0.0 0.0 0.0 0.0 0.0 0.226 0.516 0.774 0.645 1.0 0.136 0.179 0.121
0.0 0.0 0.0 0.0 0.0 1.0 0.0 0.0 0.0 0.0 0.194 0.548 0.806 0.677 2.0 0.159 0.179 0.121
0.0 1.0 0.0 0.0 0.0 0.0 0.0 0.0 0.0 0.0 0.484 0.355 0.516 0.452 1.0 0.102 0.436 0.076
0.0 1.0 0.0 0.0 0.0 0.0 0.0 0.0 0.0 0.0 0.161 0.581 0.839 0.710 1.0 0.159 0.128 0.121
0.0 0.0 0.0 1.0 0.0 0.0 0.0 0.0 0.0 0.0 0.161 0.581 0.839 0.742 2.0 0.205 0.128 0.091
0.0 0.0 0.0 0.0 1.0 0.0 0.0 0.0 0.0 0.0 0.194 0.548 0.806 0.691 2.0 0.136 0.179 0.106
0.0 0.0 1.0 0.0 0.0 0.0 0.0 0.0 0.0 0.0 0.226 0.516 0.774 0.659 2.0 0.205 0.231 0.106
0.0 1.0 0.0 0.0 0.0 0.0 0.0 0.0 0.0 0.0 0.194 0.548 0.806 0.710 1.0 0.080 0.128 0.091
0.0 0.0 0.0 1.0 0.0 0.0 0.0 0.0 0.0 0.0 0.161 0.581 0.839 0.742 2.0 0.114 0.128 0.091
0.0 0.0 0.0 1.0 0.0 0.0 0.0 0.0 0.0 0.0 0.290 0.452 0.710 0.613 2.0 0.136 0.333 0.091
0.0 1.0 0.0 0.0 0.0 0.0 0.0 0.0 0.0 0.0 0.194 0.548 0.806 0.710 1.0 0.091 0.128 0.091
0.0 0.0 0.0 0.0 0.0 1.0 0.0 0.0 0.0 0.0 0.161 0.581 0.839 0.742 2.0 0.114 0.128 0.091
0.0 0.0 0.0 0.0 0.0 1.0 0.0 0.0 0.0 0.0 0.161 0.581 0.839 0.742 2.0 0.159 0.128 0.091
0.0 0.0 0.0 0.0 1.0 0.0 0.0 0.0 0.0 0.0 0.161 0.742 0.839 0.798 2.0 0.125 0.128 0.061
0.0 0.0 0.0 1.0 0.0 0.0 0.0 0.0 0.0 0.0 0.484 0.419 0.516 0.476 2.0 0.148 0.538 0.061
0.0 0.0 0.0 1.0 0.0 0.0 0.0 0.0 0.0 0.0 0.161 0.742 0.839 0.798 2.0 0.148 0.128 0.061
0.0 1.0 0.0 0.0 0.0 0.0 0.0 0.0 0.0 0.0 0.548 0.355 0.452 0.411 1.0 0.136 0.538 0.061
0.0 0.0 0.0 1.0 0.0 0.0 0.0 0.0 0.0 0.0 0.161 0.806 0.839 0.817 2.0 0.170 0.128 0.045
0.0 0.0 0.0 1.0 0.0 0.0 0.0 0.0 0.0 0.0 0.548 0.419 0.452 0.430 2.0 0.170 0.641 0.045
0.0 0.0 0.0 0.0 1.0 0.0 0.0 0.0 0.0 0.0 0.161 0.806 0.839 0.817 2.0 0.182 0.128 0.045
0.0 0.0 0.0 1.0 0.0 0.0 0.0 0.0 0.0 0.0 0.581 0.387 0.419 0.398 4.0 0.227 0.744 0.045
0.0 0.0 0.0 1.0 0.0 0.0 0.0 0.0 0.0 0.0 0.581 0.387 0.419 0.398 2.0 0.136 0.641 0.045
0.0 0.0 0.0 1.0 0.0 0.0 0.0 0.0 0.0 0.0 0.613 0.355 0.387 0.366 3.0 0.170 0.744 0.045
0.0 0.0 0.0 0.0 1.0 0.0 0.0 0.0 0.0 0.0 0.161 0.581 0.839 0.742 2.0 0.148 0.128 0.091
0.0 0.0 0.0 1.0 0.0 0.0 0.0 0.0 0.0 0.0 0.194 0.548 0.806 0.710 2.0 0.114 0.128 0.091
0.0 0.0 0.0 1.0 0.0 0.0 0.0 0.0 0.0 0.0 0.355 0.387 0.645 0.548 2.0 0.159 0.436 0.091
0.0 0.0 0.0 1.0 0.0 0.0 0.0 0.0 0.0 0.0 0.419 0.323 0.581 0.484 2.0 0.170 0.436 0.091
0.0 0.0 0.0 1.0 0.0 0.0 0.0 0.0 0.0 0.0 0.226 0.516 0.774 0.645 2.0 0.170 0.231 0.121
0.0 0.0 0.0 0.0 1.0 0.0 0.0 0.0 0.0 0.0 0.161 0.806 0.839 0.817 2.0 0.182 0.128 0.045
0.0 0.0 0.0 0.0 1.0 0.0 0.0 0.0 0.0 0.0 0.194 0.774 0.806 0.785 2.0 0.182 0.128 0.045
0.0 1.0 0.0 0.0 0.0 0.0 0.0 0.0 0.0 0.0 0.258 0.710 0.742 0.720 1.0 0.091 0.128 0.045
0.0 0.0 0.0 1.0 0.0 0.0 0.0 0.0 0.0 0.0 0.226 0.742 0.774 0.753 2.0 0.114 0.128 0.045
0.0 0.0 0.0 0.0 1.0 0.0 0.0 0.0 0.0 0.0 0.161 0.742 0.839 0.798 2.0 0.193 0.128 0.061
0.0 0.0 0.0 0.0 1.0 0.0 0.0 0.0 0.0 0.0 0.161 0.742 0.839 0.798 2.0 0.193 0.128 0.061
0.0 0.0 0.0 1.0 0.0 0.0 0.0 0.0 0.0 0.0 0.194 0.710 0.806 0.766 2.0 0.125 0.128 0.061
0.0 0.0 0.0 1.0 0.0 0.0 0.0 0.0 0.0 0.0 0.581 0.323 0.419 0.379 2.0 0.136 0.641 0.061
0.0 0.0 0.0 1.0 0.0 0.0 0.0 0.0 0.0 0.0 0.548 0.355 0.452 0.411 3.0 0.205 0.641 0.061
0.0 0.0 0.0 0.0 1.0 0.0 0.0 0.0 0.0 0.0 0.161 0.677 0.839 0.774 2.0 0.193 0.128 0.076
0.0 1.0 0.0 0.0 0.0 0.0 0.0 0.0 0.0 0.0 0.194 0.645 0.806 0.742 1.0 0.114 0.128 0.076
0.0 0.0 0.0 0.0 1.0 0.0 0.0 0.0 0.0 0.0 0.161 0.677 0.839 0.774 2.0 0.159 0.128 0.076
0.0 0.0 0.0 1.0 0.0 0.0 0.0 0.0 0.0 0.0 0.226 0.613 0.774 0.710 2.0 0.114 0.128 0.076
0.0 0.0 0.0 1.0 0.0 0.0 0.0 0.0 0.0 0.0 0.516 0.323 0.484 0.419 3.0 0.159 0.538 0.076
0.0 0.0 0.0 1.0 0.0 0.0 0.0 0.0 0.0 0.0 0.484 0.355 0.516 0.452 2.0 0.148 0.538 0.076
0.0 0.0 0.0 0.0 1.0 0.0 0.0 0.0 0.0 0.0 0.161 0.581 0.839 0.724 2.0 0.193 0.128 0.106
0.0 0.0 0.0 0.0 1.0 0.0 0.0 0.0 0.0 0.0 0.161 0.581 0.839 0.724 2.0 0.193 0.128 0.106
0.0 0.0 1.0 0.0 0.0 0.0 0.0 0.0 0.0 0.0 0.194 0.548 0.806 0.691 2.0 0.125 0.128 0.106
0.0 0.0 0.0 1.0 0.0 0.0 0.0 0.0 0.0 0.0 0.290 0.452 0.710 0.594 3.0 0.193 0.333 0.106
0.0 0.0 0.0 0.0 1.0 0.0 0.0 0.0 0.0 0.0 0.290 0.452 0.710 0.594 2.0 0.148 0.333 0.106
0.0 0.0 0.0 1.0 0.0 0.0 0.0 0.0 0.0 0.0 0.161 0.581 0.839 0.710 2.0 0.193 0.179 0.121
0.0 0.0 0.0 0.0 1.0 0.0 0.0 0.0 0.0 0.0 0.161 0.581 0.839 0.710 2.0 0.193 0.179 0.121
0.0 0.0 0.0 1.0 0.0 0.0 0.0 0.0 0.0 0.0 0.194 0.548 0.806 0.677 2.0 0.091 0.179 0.121
0.0 0.0 0.0 0.0 1.0 0.0 0.0 0.0 0.0 0.0 0.194 0.548 0.806 0.677 3.0 0.261 0.231 0.121
0.0 0.0 0.0 1.0 0.0 0.0 0.0 0.0 0.0 0.0 0.258 0.484 0.742 0.613 2.0 0.227 0.231 0.121
0.0 0.0 0.0 0.0 1.0 0.0 0.0 0.0 0.0 0.0 0.161 0.581 0.839 0.710 2.0 0.148 0.128 0.121
0.0 0.0 0.0 1.0 0.0 0.0 0.0 0.0 0.0 0.0 0.161 0.581 0.839 0.710 2.0 0.148 0.128 0.121
0.0 1.0 0.0 0.0 0.0 0.0 0.0 0.0 0.0 0.0 0.194 0.645 0.806 0.742 1.0 0.102 0.128 0.076
0.0 1.0 0.0 0.0 0.0 0.0 0.0 0.0 0.0 0.0 0.419 0.323 0.581 0.465 1.0 0.148 0.333 0.106
0.0 0.0 1.0 0.0 0.0 0.0 0.0 0.0 0.0 0.0 0.387 0.355 0.613 0.498 2.0 0.159 0.333 0.106
0.0 0.0 1.0 0.0 0.0 0.0 0.0 0.0 0.0 0.0 0.645 0.194 0.355 0.290 2.0 0.216 0.538 0.076
0.0 1.0 0.0 0.0 0.0 0.0 0.0 0.0 0.0 0.0 0.742 0.161 0.258 0.218 1.0 0.136 0.641 0.061
0.0 0.0 1.0 0.0 0.0 0.0 0.0 0.0 0.0 0.0 0.710 0.194 0.290 0.250 2.0 0.125 0.641 0.061
0.0 0.0 1.0 0.0 0.0 0.0 0.0 0.0 0.0 0.0 0.774 0.194 0.226 0.204 2.0 0.159 0.744 0.045
0.0 0.0 0.0 0.0 1.0 0.0 0.0 0.0 0.0 0.0 0.710 0.258 0.290 0.269 2.0 0.227 0.744 0.045
0.0 0.0 0.0 0.0 1.0 0.0 0.0 0.0 0.0 0.0 0.355 0.387 0.645 0.530 3.0 0.341 0.333 0.106
0.0 0.0 0.0 0.0 1.0 0.0 0.0 0.0 0.0 0.0 0.581 0.258 0.419 0.355 3.0 0.318 0.538 0.076
0.0 1.0 0.0 0.0 0.0 0.0 0.0 0.0 0.0 0.0 0.677 0.226 0.323 0.282 1.0 0.170 0.641 0.061
0.0 0.0 0.0 0.0 1.0 0.0 0.0 0.0 0.0 0.0 0.645 0.258 0.355 0.315 2.0 0.170 0.641 0.061
0.0 0.0 0.0 1.0 0.0 0.0 0.0 0.0 0.0 0.0 0.355 0.387 0.645 0.516 2.0 0.205 0.231 0.121
0.0 1.0 0.0 0.0 0.0 0.0 0.0 0.0 0.0 0.0 0.484 0.258 0.516 0.419 1.0 0.125 0.436 0.091
0.0 0.0 1.0 0.0 0.0 0.0 0.0 0.0 0.0 0.0 0.548 0.194 0.452 0.355 2.0 0.170 0.436 0.091
0.0 1.0 0.0 0.0 0.0 0.0 0.0 0.0 0.0 0.0 0.226 0.516 0.774 0.645 1.0 0.114 0.128 0.121
0.0 1.0 0.0 0.0 0.0 0.0 0.0 0.0 0.0 0.0 0.387 0.355 0.613 0.516 1.0 0.136 0.333 0.091
0.0 1.0 0.0 0.0 0.0 0.0 0.0 0.0 0.0 0.0 0.742 0.226 0.258 0.237 1.0 0.091 0.744 0.045
0.0 0.0 1.0 0.0 0.0 0.0 0.0 0.0 0.0 0.0 0.710 0.258 0.290 0.269 2.0 0.125 0.744 0.045
0.0 0.0 0.0 1.0 0.0 0.0 0.0 0.0 0.0 0.0 0.645 0.258 0.355 0.315 2.0 0.159 0.641 0.061
0.0 1.0 0.0 0.0 0.0 0.0 0.0 0.0 0.0 0.0 0.613 0.226 0.387 0.323 1.0 0.102 0.538 0.076
0.0 0.0 0.0 1.0 0.0 0.0 0.0 0.0 0.0 0.0 0.581 0.258 0.419 0.355 2.0 0.136 0.538 0.076
0.0 0.0 0.0 0.0 1.0 0.0 0.0 0.0 0.0 0.0 0.323 0.419 0.677 0.562 2.0 0.182 0.231 0.106
0.0 0.0 0.0 1.0 0.0 0.0 0.0 0.0 0.0 0.0 0.355 0.387 0.645 0.530 2.0 0.125 0.333 0.106
0.0 0.0 0.0 1.0 0.0 0.0 0.0 0.0 0.0 0.0 0.516 0.226 0.484 0.387 2.0 0.136 0.436 0.091
0.0 0.0 0.0 1.0 0.0 0.0 0.0 0.0 0.0 0.0 0.484 0.258 0.516 0.419 2.0 0.193 0.436 0.091
0.0 0.0 0.0 0.0 1.0 0.0 0.0 0.0 0.0 0.0 0.323 0.419 0.677 0.548 2.0 0.193 0.231 0.121
0.0 0.0 0.0 1.0 0.0 0.0 0.0 0.0 0.0 0.0 0.323 0.419 0.677 0.548 2.0 0.193 0.231 0.121
0.0 0.0 0.0 1.0 0.0 0.0 0.0 0.0 0.0 0.0 0.323 0.226 0.258 0.230 2.0 0.136 0.410 0.121
0.0 1.0 0.0 0.0 0.0 0.0 0.0 0.0 1.0 0.0 0.032 0.516 0.548 0.520 1.0 0.057 0.026 0.121
0.0 1.0 0.0 0.0 0.0 0.0 0.0 0.0 1.0 0.0 0.032 0.516 0.548 0.520 1.0 0.057 0.026 0.121
0.0 1.0 0.0 0.0 0.0 0.0 0.0 0.0 1.0 0.0 0.032 0.516 0.548 0.520 1.0 0.057 0.026 0.121
0.0 1.0 0.0 0.0 0.0 0.0 0.0 0.0 1.0 0.0 0.032 0.516 0.548 0.520 1.0 0.057 0.026 0.121
0.0 1.0 0.0 0.0 0.0 0.0 0.0 0.0 1.0 0.0 0.032 0.516 0.548 0.520 1.0 0.057 0.026 0.121
0.0 1.0 0.0 0.0 0.0 0.0 0.0 0.0 1.0 0.0 0.032 0.516 0.548 0.520 1.0 0.057 0.026 0.121
0.0 1.0 0.0 0.0 0.0 0.0 0.0 0.0 1.0 0.0 0.032 0.516 0.548 0.520 1.0 0.057 0.026 0.121
0.0 1.0 0.0 0.0 0.0 0.0 0.0 0.0 1.0 0.0 0.032 0.516 0.548 0.520 1.0 0.045 0.026 0.121
0.0 0.0 0.0 1.0 0.0 0.0 0.0 0.0 1.0 0.0 0.065 0.484 0.516 0.488 2.0 0.068 0.051 0.121
0.0 0.0 0.0 1.0 0.0 0.0 0.0 0.0 1.0 0.0 0.097 0.452 0.484 0.456 3.0 0.091 0.103 0.121
0.0 0.0 0.0 0.0 1.0 0.0 0.0 0.0 1.0 0.0 0.065 0.484 0.516 0.488 2.0 0.080 0.051 0.121
0.0 0.0 0.0 1.0 0.0 0.0 0.0 0.0 1.0 0.0 0.065 0.484 0.516 0.488 2.0 0.080 0.051 0.121
0.0 0.0 0.0 1.0 0.0 0.0 0.0 0.0 0.0 0.0 0.129 0.419 0.452 0.423 3.0 0.136 0.154 0.121
0.0 0.0 0.0 0.0 1.0 0.0 0.0 0.0 1.0 0.0 0.065 0.484 0.516 0.488 2.0 0.080 0.051 0.121
0.0 0.0 0.0 1.0 0.0 0.0 0.0 0.0 1.0 0.0 0.065 0.484 0.516 0.488 2.0 0.080 0.051 0.121
0.0 0.0 0.0 1.0 0.0 0.0 0.0 0.0 0.0 0.0 0.161 0.387 0.419 0.391 3.0 0.148 0.205 0.121
0.0 0.0 0.0 0.0 1.0 0.0 0.0 0.0 1.0 0.0 0.065 0.484 0.516 0.488 2.0 0.080 0.051 0.121
0.0 0.0 0.0 1.0 0.0 0.0 0.0 0.0 1.0 0.0 0.065 0.484 0.516 0.488 2.0 0.080 0.051 0.121
0.0 0.0 0.0 1.0 0.0 0.0 0.0 0.0 0.0 0.0 0.194 0.355 0.387 0.359 3.0 0.148 0.256 0.121
0.0 0.0 0.0 0.0 1.0 0.0 0.0 0.0 1.0 0.0 0.065 0.484 0.516 0.488 2.0 0.080 0.051 0.121
0.0 0.0 0.0 1.0 0.0 0.0 0.0 0.0 1.0 0.0 0.065 0.484 0.516 0.488 2.0 0.080 0.051 0.121
0.0 0.0 0.0 1.0 0.0 0.0 0.0 0.0 0.0 0.0 0.226 0.323 0.355 0.327 3.0 0.148 0.308 0.121
