0.0 0.0 1.0 0.0 0.0 0.0 0.0 0.0 0.0 0.0 0.286 0.143 0.229 2.0 0.273 0.160 0.571
0.0 0.0 0.0 1.0 0.0 0.0 0.0 0.0 0.0 0.0 0.314 0.114 0.200 2.0 0.327 0.173 0.543
0.0 1.0 0.0 0.0 0.0 0.0 0.0 0.0 0.0 0.0 0.343 0.086 0.171 1.0 0.182 0.187 0.514
0.0 0.0 0.0 0.0 1.0 0.0 0.0 0.0 0.0 0.0 0.371 0.057 0.143 2.0 0.364 0.200 0.486
0.0 0.0 0.0 0.0 0.0 1.0 0.0 0.0 0.0 0.0 0.400 0.029 0.114 2.0 0.400 0.213 0.457
0.0 0.0 0.0 0.0 0.0 0.0 1.0 0.0 0.0 0.0 0.429 0.000 0.086 1.0 0.455 0.227 0.429
0.0 0.0 0.0 0.0 0.0 0.0 0.0 1.0 0.0 0.0 0.457 0.029 0.057 2.0 0.545 0.240 0.400
1.0 0.0 0.0 0.0 0.0 0.0 0.0 0.0 0.0 0.0 0.486 0.057 0.029 2.0 0.636 0.253 0.371
0.0 1.0 0.0 0.0 0.0 0.0 0.0 0.0 0.0 0.0 0.514 0.086 0.000 2.0 0.727 0.267 0.343
0.0 0.0 1.0 0.0 0.0 0.0 0.0 0.0 0.0 0.0 0.543 0.114 0.029 2.0 0.818 0.280 0.314
0.0 0.0 0.0 1.0 0.0 0.0 0.0 0.0 0.0 0.0 0.571 0.143 0.057 2.0 0.909 0.293 0.286
0.0 0.0 0.0 0.0 1.0 0.0 0.0 0.0 1.0 0.0 0.600 0.171 0.086 1.0 1.000 0.307 0.257
