0.0 0.0 1.0 0.0 0.0 0.0 0.0 0.0 1.0 0.0 0.030 0.818 0.970 0.862 2.0 0.115 0.029 1.000
0.0 0.0 1.0 0.0 0.0 0.0 0.0 0.0 1.0 0.0 0.030 0.818 0.970 0.862 2.0 0.115 0.029 1.000
0.0 0.0 1.0 0.0 0.0 0.0 0.0 0.0 1.0 0.0 0.030 0.818 0.970 0.862 2.0 0.115 0.029 1.000
0.0 0.0 1.0 0.0 0.0 0.0 0.0 0.0 1.0 0.0 0.030 0.818 0.970 0.862 2.0 0.115 0.029 1.000
0.0 0.0 1.0 0.0 0.0 0.0 0.0 0.0 1.0 0.0 0.030 0.818 0.970 0.862 2.0 0.115 0.029 1.000
0.0 0.0 1.0 0.0 0.0 0.0 0.0 0.0 1.0 0.0 0.030 0.818 0.970 0.862 2.0 0.115 0.029 1.000
0.0 0.0 1.0 0.0 0.0 0.0 0.0 0.0 1.0 0.0 0.030 0.818 0.970 0.862 2.0 0.115 0.029 1.000
0.0 0.0 1.0 0.0 0.0 0.0 0.0 0.0 1.0 0.0 0.030 0.818 0.970 0.862 2.0 0.115 0.029 1.000
0.0 0.0 0.0 1.0 0.0 0.0 0.0 0.0 1.0 0.0 0.030 0.818 0.970 0.862 2.0 0.077 0.029 1.000
0.0 0.0 0.0 1.0 0.0 0.0 0.0 0.0 1.0 0.0 0.030 0.818 0.970 0.862 2.0 0.077 0.029 1.000
0.0 0.0 0.0 1.0 0.0 0.0 0.0 0.0 1.0 0.0 0.030 0.818 0.970 0.862 2.0 0.077 0.029 1.000
0.0 0.0 0.0 1.0 0.0 0.0 0.0 0.0 1.0 0.0 0.030 0.818 0.970 0.862 2.0 0.077 0.029 1.000
0.0 0.0 0.0 1.0 0.0 0.0 0.0 0.0 1.0 0.0 0.030 0.818 0.970 0.862 2.0 0.077 0.029 1.000
0.0 0.0 0.0 1.0 0.0 0.0 0.0 0.0 1.0 0.0 0.030 0.818 0.970 0.862 2.0 0.077 0.029 1.000
0.0 0.0 0.0 1.0 0.0 0.0 0.0 0.0 1.0 0.0 0.030 0.818 0.970 0.862 2.0 0.077 0.029 1.000
0.0 0.0 0.0 1.0 0.0 0.0 0.0 0.0 1.0 0.0 0.030 0.818 0.970 0.862 2.0 0.096 0.029 1.000
0.0 0.0 0.0 1.0 0.0 0.0 0.0 0.0 1.0 0.0 0.030 0.818 0.970 0.862 2.0 0.077 0.029 1.000
0.0 0.0 0.0 1.0 0.0 0.0 0.0 0.0 1.0 0.0 0.030 0.818 0.970 0.862 2.0 0.077 0.029 1.000
0.0 0.0 0.0 1.0 0.0 0.0 0.0 0.0 1.0 0.0 0.030 0.818 0.970 0.862 2.0 0.077 0.029 1.000
0.0 0.0 0.0 1.0 0.0 0.0 0.0 0.0 1.0 0.0 0.030 0.818 0.970 0.862 2.0 0.077 0.029 1.000
0.0 0.0 0.0 1.0 0.0 0.0 0.0 0.0 1.0 0.0 0.030 0.818 0.970 0.862 2.0 0.077 0.029 1.000
0.0 0.0 0.0 1.0 0.0 0.0 0.0 0.0 1.0 0.0 0.030 0.818 0.970 0.862 2.0 0.077 0.029 1.000
0.0 0.0 0.0 1.0 0.0 0.0 0.0 0.0 1.0 0.0 0.030 0.818 0.970 0.862 2.0 0.077 0.029 1.000
0.0 0.0 0.0 1.0 0.0 0.0 0.0 0.0 1.0 0.0 0.030 0.818 0.970 0.862 2.0 0.077 0.029 1.000
0.0 0.0 0.0 1.0 0.0 0.0 0.0 0.0 1.0 0.0 0.030 0.818 0.970 0.862 2.0 0.077 0.029 1.000
0.0 0.0 0.0 1.0 0.0 0.0 0.0 0.0 1.0 0.0 0.030 0.818 0.970 0.862 2.0 0.077 0.029 1.000
0.0 0.0 0.0 1.0 0.0 0.0 0.0 0.0 1.0 0.0 0.030 0.818 0.970 0.862 2.0 0.077 0.029 1.000
0.0 0.0 0.0 1.0 0.0 0.0 0.0 0.0 1.0 0.0 0.030 0.818 0.970 0.862 2.0 0.077 0.029 1.000
0.0 0.0 0.0 1.0 0.0 0.0 0.0 0.0 1.0 0.0 0.030 0.818 0.970 0.862 2.0 0.077 0.029 1.000
0.0 0.0 0.0 1.0 0.0 0.0 0.0 0.0 1.0 0.0 0.030 0.818 0.970 0.862 2.0 0.077 0.029 1.000
0.0 0.0 0.0 1.0 0.0 0.0 0.0 0.0 1.0 0.0 0.030 0.818 0.970 0.862 2.0 0.077 0.029 1.000
0.0 0.0 0.0 1.0 0.0 0.0 0.0 0.0 1.0 0.0 0.030 0.818 0.970 0.862 2.0 0.077 0.029 1.000
0.0 0.0 0.0 1.0 0.0 0.0 0.0 0.0 1.0 0.0 0.030 0.818 0.970 0.862 2.0 0.096 0.029 1.000
0.0 0.0 0.0 1.0 0.0 0.0 0.0 0.0 1.0 0.0 0.030 0.818 0.970 0.862 2.0 0.077 0.029 1.000
0.0 0.0 0.0 1.0 0.0 0.0 0.0 0.0 1.0 0.0 0.030 0.818 0.970 0.862 2.0 0.077 0.029 1.000
0.0 0.0 0.0 1.0 0.0 0.0 0.0 0.0 1.0 0.0 0.030 0.818 0.970 0.862 2.0 0.077 0.029 1.000
0.0 0.0 0.0 1.0 0.0 0.0 0.0 0.0 1.0 0.0 0.030 0.818 0.970 0.862 2.0 0.077 0.029 1.000
0.0 0.0 0.0 1.0 0.0 0.0 0.0 0.0 1.0 0.0 0.030 0.818 0.970 0.862 2.0 0.077 0.029 1.000
0.0 0.0 0.0 1.0 0.0 0.0 0.0 0.0 1.0 0.0 0.030 0.818 0.970 0.862 2.0 0.077 0.029 1.000
0.0 0.0 0.0 1.0 0.0 0.0 0.0 0.0 1.0 0.0 0.030 0.818 0.970 0.862 2.0 0.077 0.029 1.000
0.0 0.0 0.0 1.0 0.0 0.0 0.0 0.0 1.0 0.0 0.061 0.788 0.939 0.831 2.0 0.115 0.029 1.000
0.0 0.0 0.0 1.0 0.0 0.0 0.0 0.0 1.0 0.0 0.061 0.788 0.939 0.831 2.0 0.115 0.029 1.000
0.0 0.0 0.0 1.0 0.0 0.0 0.0 0.0 1.0 0.0 0.061 0.788 0.939 0.831 2.0 0.115 0.029 1.000
0.0 0.0 0.0 1.0 0.0 0.0 0.0 0.0 1.0 0.0 0.061 0.788 0.939 0.831 2.0 0.115 0.029 1.000
0.0 0.0 0.0 1.0 0.0 0.0 0.0 0.0 1.0 0.0 0.061 0.788 0.939 0.831 2.0 0.115 0.029 1.000
0.0 0.0 0.0 1.0 0.0 0.0 0.0 0.0 1.0 0.0 0.061 0.788 0.939 0.831 2.0 0.115 0.029 1.000
0.0 0.0 0.0 1.0 0.0 0.0 0.0 0.0 1.0 0.0 0.061 0.788 0.939 0.831 2.0 0.096 0.029 1.000
0.0 0.0 0.0 1.0 0.0 0.0 0.0 0.0 1.0 0.0 0.061 0.788 0.939 0.831 2.0 0.096 0.029 1.000
0.0 0.0 0.0 1.0 0.0 0.0 0.0 0.0 1.0 0.0 0.061 0.788 0.939 0.831 2.0 0.115 0.029 1.000
0.0 0.0 0.0 1.0 0.0 0.0 0.0 0.0 1.0 0.0 0.061 0.788 0.939 0.831 2.0 0.115 0.029 1.000
0.0 0.0 0.0 1.0 0.0 0.0 0.0 0.0 1.0 0.0 0.061 0.788 0.939 0.831 2.0 0.115 0.029 1.000
0.0 0.0 0.0 1.0 0.0 0.0 0.0 0.0 1.0 0.0 0.061 0.788 0.939 0.831 2.0 0.115 0.029 1.000
0.0 0.0 0.0 1.0 0.0 0.0 0.0 0.0 1.0 0.0 0.061 0.788 0.939 0.831 2.0 0.115 0.029 1.000
0.0 0.0 0.0 1.0 0.0 0.0 0.0 0.0 1.0 0.0 0.061 0.788 0.939 0.831 2.0 0.115 0.029 1.000
0.0 0.0 0.0 1.0 0.0 0.0 0.0 0.0 1.0 0.0 0.061 0.788 0.939 0.831 2.0 0.135 0.029 1.000
0.0 1.0 0.0 0.0 0.0 0.0 0.0 0.0 0.0 0.0 0.121 0.727 0.879 0.771 1.0 0.135 0.043 1.000
0.0 1.0 0.0 0.0 0.0 0.0 0.0 0.0 0.0 0.0 0.091 0.758 0.909 0.801 2.0 0.096 0.043 1.000
0.0 0.0 0.0 1.0 0.0 0.0 0.0 0.0 1.0 0.0 0.061 0.788 0.939 0.831 2.0 0.096 0.029 1.000
0.0 0.0 0.0 1.0 0.0 0.0 0.0 0.0 1.0 0.0 0.061 0.788 0.939 0.831 2.0 0.115 0.029 1.000
0.0 0.0 0.0 1.0 0.0 0.0 0.0 0.0 1.0 0.0 0.061 0.788 0.939 0.831 2.0 0.115 0.029 1.000
0.0 0.0 0.0 1.0 0.0 0.0 0.0 0.0 1.0 0.0 0.061 0.788 0.939 0.831 2.0 0.115 0.029 1.000
0.0 0.0 0.0 1.0 0.0 0.0 0.0 0.0 1.0 0.0 0.061 0.788 0.939 0.831 2.0 0.115 0.029 1.000
0.0 0.0 0.0 1.0 0.0 0.0 0.0 0.0 1.0 0.0 0.061 0.788 0.939 0.831 2.0 0.115 0.029 1.000
0.0 0.0 0.0 1.0 0.0 0.0 0.0 0.0 1.0 0.0 0.061 0.788 0.939 0.831 2.0 0.115 0.029 1.000
0.0 0.0 0.0 1.0 0.0 0.0 0.0 0.0 1.0 0.0 0.061 0.788 0.939 0.831 2.0 0.115 0.029 1.000
0.0 0.0 0.0 1.0 0.0 0.0 0.0 0.0 1.0 0.0 0.061 0.788 0.939 0.831 2.0 0.115 0.029 1.000
0.0 0.0 0.0 1.0 0.0 0.0 0.0 0.0 1.0 0.0 0.061 0.788 0.939 0.831 2.0 0.115 0.029 1.000
0.0 0.0 0.0 1.0 0.0 0.0 0.0 0.0 1.0 0.0 0.061 0.788 0.939 0.831 2.0 0.115 0.029 1.000
0.0 0.0 0.0 1.0 0.0 0.0 0.0 0.0 1.0 0.0 0.061 0.788 0.939 0.831 2.0 0.115 0.029 1.000
0.0 0.0 0.0 1.0 0.0 0.0 0.0 0.0 1.0 0.0 0.061 0.788 0.939 0.831 2.0 0.115 0.029 1.000
0.0 0.0 0.0 1.0 0.0 0.0 0.0 0.0 1.0 0.0 0.061 0.788 0.939 0.831 2.0 0.115 0.029 1.000
0.0 0.0 0.0 1.0 0.0 0.0 0.0 0.0 1.0 0.0 0.061 0.788 0.939 0.831 2.0 0.115 0.029 1.000
0.0 0.0 0.0 1.0 0.0 0.0 0.0 0.0 1.0 0.0 0.061 0.788 0.939 0.831 2.0 0.115 0.029 1.000
0.0 0.0 0.0 1.0 0.0 0.0 0.0 0.0 1.0 0.0 0.061 0.788 0.939 0.831 2.0 0.115 0.029 1.000
0.0 0.0 0.0 1.0 0.0 0.0 0.0 0.0 1.0 0.0 0.061 0.788 0.939 0.831 2.0 0.115 0.029 1.000
0.0 0.0 0.0 1.0 0.0 0.0 0.0 0.0 1.0 0.0 0.061 0.788 0.939 0.831 2.0 0.115 0.029 1.000
0.0 0.0 0.0 1.0 0.0 0.0 0.0 0.0 1.0 0.0 0.061 0.788 0.939 0.831 2.0 0.115 0.029 1.000
0.0 0.0 0.0 1.0 0.0 0.0 0.0 0.0 1.0 0.0 0.061 0.788 0.939 0.831 2.0 0.115 0.029 1.000
0.0 0.0 0.0 1.0 0.0 0.0 0.0 0.0 1.0 0.0 0.061 0.788 0.939 0.831 2.0 0.115 0.029 1.000
0.0 0.0 0.0 1.0 0.0 0.0 0.0 0.0 1.0 0.0 0.061 0.788 0.939 0.831 2.0 0.115 0.029 1.000
0.0 0.0 0.0 1.0 0.0 0.0 0.0 0.0 1.0 0.0 0.061 0.788 0.939 0.831 2.0 0.115 0.029 1.000
0.0 0.0 0.0 1.0 0.0 0.0 0.0 0.0 1.0 0.0 0.061 0.788 0.939 0.831 2.0 0.115 0.029 1.000
0.0 0.0 0.0 1.0 0.0 0.0 0.0 0.0 1.0 0.0 0.061 0.788 0.939 0.831 2.0 0.115 0.029 1.000
0.0 0.0 0.0 1.0 0.0 0.0 0.0 0.0 1.0 0.0 0.061 0.788 0.939 0.831 2.0 0.115 0.029 1.000
0.0 0.0 0.0 1.0 0.0 0.0 0.0 0.0 1.0 0.0 0.061 0.788 0.939 0.831 2.0 0.115 0.029 1.000
0.0 0.0 0.0 1.0 0.0 0.0 0.0 0.0 1.0 0.0 0.061 0.788 0.939 0.831 2.0 0.115 0.029 1.000
0.0 0.0 0.0 1.0 0.0 0.0 0.0 0.0 1.0 0.0 0.061 0.788 0.939 0.831 2.0 0.115 0.029 1.000
0.0 0.0 0.0 1.0 0.0 0.0 0.0 0.0 1.0 0.0 0.061 0.788 0.939 0.831 2.0 0.115 0.029 1.000
0.0 0.0 0.0 1.0 0.0 0.0 0.0 0.0 1.0 0.0 0.061 0.788 0.939 0.831 2.0 0.115 0.029 1.000
0.0 0.0 0.0 1.0 0.0 0.0 0.0 0.0 1.0 0.0 0.061 0.788 0.939 0.831 2.0 0.115 0.029 1.000
0.0 0.0 0.0 1.0 0.0 0.0 0.0 0.0 1.0 0.0 0.061 0.788 0.939 0.831 2.0 0.135 0.029 1.000
0.0 1.0 0.0 0.0 0.0 0.0 0.0 0.0 0.0 0.0 0.091 0.758 0.909 0.801 2.0 0.135 0.043 1.000
0.0 0.0 0.0 1.0 0.0 0.0 0.0 0.0 1.0 0.0 0.061 0.788 0.939 0.831 2.0 0.096 0.029 1.000
0.0 0.0 0.0 1.0 0.0 0.0 0.0 0.0 1.0 0.0 0.061 0.788 0.939 0.831 2.0 0.115 0.029 1.000
0.0 0.0 0.0 1.0 0.0 0.0 0.0 0.0 1.0 0.0 0.061 0.788 0.939 0.831 2.0 0.115 0.029 1.000
0.0 0.0 0.0 1.0 0.0 0.0 0.0 0.0 1.0 0.0 0.061 0.788 0.939 0.831 2.0 0.115 0.029 1.000
0.0 0.0 0.0 1.0 0.0 0.0 0.0 0.0 1.0 0.0 0.061 0.788 0.939 0.831 2.0 0.115 0.029 1.000
0.0 0.0 0.0 1.0 0.0 0.0 0.0 0.0 1.0 0.0 0.061 0.788 0.939 0.831 2.0 0.115 0.029 1.000
0.0 0.0 0.0 1.0 0.0 0.0 0.0 0.0 1.0 0.0 0.061 0.788 0.939 0.831 2.0 0.115 0.029 1.000
0.0 0.0 0.0 1.0 0.0 0.0 0.0 0.0 1.0 0.0 0.061 0.788 0.939 0.831 2.0 0.115 0.029 1.000
0.0 0.0 0.0 1.0 0.0 0.0 0.0 0.0 1.0 0.0 0.061 0.788 0.939 0.831 2.0 0.115 0.029 1.000
0.0 0.0 0.0 1.0 0.0 0.0 0.0 0.0 1.0 0.0 0.061 0.788 0.939 0.831 2.0 0.115 0.029 1.000
0.0 0.0 0.0 1.0 0.0 0.0 0.0 0.0 1.0 0.0 0.061 0.788 0.939 0.831 2.0 0.115 0.029 1.000
0.0 0.0 0.0 1.0 0.0 0.0 0.0 0.0 1.0 0.0 0.061 0.788 0.939 0.831 2.0 0.115 0.029 1.000
0.0 0.0 0.0 1.0 0.0 0.0 0.0 0.0 1.0 0.0 0.061 0.788 0.939 0.831 2.0 0.115 0.029 1.000
0.0 0.0 0.0 1.0 0.0 0.0 0.0 0.0 1.0 0.0 0.061 0.788 0.939 0.831 2.0 0.115 0.029 1.000
0.0 0.0 0.0 1.0 0.0 0.0 0.0 0.0 1.0 0.0 0.061 0.788 0.939 0.831 2.0 0.115 0.029 1.000
0.0 0.0 0.0 1.0 0.0 0.0 0.0 0.0 0.0 0.0 0.091 0.758 0.909 0.801 2.0 0.173 0.029 1.000
0.0 0.0 0.0 1.0 0.0 0.0 0.0 0.0 0.0 0.0 0.091 0.758 0.909 0.801 2.0 0.173 0.029 1.000
0.0 0.0 0.0 1.0 0.0 0.0 0.0 0.0 0.0 0.0 0.091 0.758 0.909 0.801 2.0 0.173 0.029 1.000
0.0 1.0 0.0 0.0 0.0 0.0 0.0 0.0 0.0 0.0 0.152 0.697 0.848 0.741 1.0 0.154 0.043 1.000
0.0 1.0 0.0 0.0 0.0 0.0 0.0 0.0 0.0 0.0 0.121 0.727 0.879 0.771 2.0 0.135 0.043 1.000
0.0 0.0 0.0 1.0 0.0 0.0 0.0 0.0 0.0 0.0 0.091 0.758 0.909 0.801 2.0 0.115 0.029 1.000
0.0 0.0 0.0 1.0 0.0 0.0 0.0 0.0 0.0 0.0 0.091 0.758 0.909 0.801 2.0 0.173 0.029 1.000
0.0 0.0 0.0 1.0 0.0 0.0 0.0 0.0 0.0 0.0 0.091 0.758 0.909 0.801 2.0 0.173 0.029 1.000
0.0 0.0 0.0 1.0 0.0 0.0 0.0 0.0 0.0 0.0 0.091 0.758 0.909 0.801 2.0 0.173 0.029 1.000
0.0 0.0 0.0 1.0 0.0 0.0 0.0 0.0 0.0 0.0 0.152 0.697 0.848 0.741 2.0 0.192 0.043 1.000
0.0 0.0 0.0 1.0 0.0 0.0 0.0 0.0 0.0 0.0 0.091 0.758 0.909 0.801 2.0 0.173 0.029 1.000
0.0 0.0 0.0 1.0 0.0 0.0 0.0 0.0 0.0 0.0 0.091 0.758 0.909 0.801 2.0 0.173 0.029 1.000
0.0 0.0 0.0 1.0 0.0 0.0 0.0 0.0 0.0 0.0 0.091 0.758 0.909 0.801 2.0 0.173 0.029 1.000
0.0 0.0 0.0 1.0 0.0 0.0 0.0 0.0 0.0 0.0 0.091 0.758 0.909 0.801 2.0 0.173 0.029 1.000
0.0 0.0 0.0 1.0 0.0 0.0 0.0 0.0 0.0 0.0 0.091 0.758 0.909 0.801 2.0 0.173 0.029 1.000
0.0 0.0 0.0 1.0 0.0 0.0 0.0 0.0 0.0 0.0 0.091 0.758 0.909 0.801 2.0 0.173 0.029 1.000
0.0 0.0 0.0 1.0 0.0 0.0 0.0 0.0 0.0 0.0 0.091 0.758 0.909 0.801 2.0 0.173 0.029 1.000
0.0 0.0 0.0 1.0 0.0 0.0 0.0 0.0 0.0 0.0 0.091 0.758 0.909 0.801 2.0 0.173 0.029 1.000
0.0 0.0 0.0 1.0 0.0 0.0 0.0 0.0 0.0 0.0 0.091 0.758 0.909 0.801 2.0 0.173 0.029 1.000
0.0 0.0 0.0 1.0 0.0 0.0 0.0 0.0 0.0 0.0 0.091 0.758 0.909 0.801 2.0 0.173 0.029 1.000
0.0 0.0 0.0 1.0 0.0 0.0 0.0 0.0 0.0 0.0 0.091 0.758 0.909 0.801 2.0 0.173 0.029 1.000
0.0 0.0 0.0 1.0 0.0 0.0 0.0 0.0 0.0 0.0 0.091 0.758 0.909 0.801 2.0 0.173 0.029 1.000
0.0 0.0 0.0 1.0 0.0 0.0 0.0 0.0 0.0 0.0 0.091 0.758 0.909 0.801 2.0 0.173 0.029 1.000
0.0 0.0 0.0 1.0 0.0 0.0 0.0 0.0 0.0 0.0 0.091 0.758 0.909 0.801 2.0 0.173 0.029 1.000
0.0 0.0 0.0 1.0 0.0 0.0 0.0 0.0 0.0 0.0 0.091 0.758 0.909 0.801 2.0 0.173 0.029 1.000
0.0 0.0 0.0 1.0 0.0 0.0 0.0 0.0 0.0 0.0 0.091 0.758 0.909 0.801 2.0 0.173 0.029 1.000
0.0 0.0 0.0 1.0 0.0 0.0 0.0 0.0 0.0 0.0 0.121 0.727 0.879 0.771 2.0 0.192 0.043 1.000
0.0 0.0 0.0 1.0 0.0 0.0 0.0 0.0 0.0 0.0 0.091 0.758 0.909 0.801 2.0 0.173 0.029 1.000
0.0 0.0 0.0 1.0 0.0 0.0 0.0 0.0 0.0 0.0 0.091 0.758 0.909 0.801 2.0 0.173 0.029 1.000
0.0 0.0 0.0 1.0 0.0 0.0 0.0 0.0 0.0 0.0 0.091 0.758 0.909 0.801 2.0 0.173 0.029 1.000
0.0 0.0 0.0 1.0 0.0 0.0 0.0 0.0 0.0 0.0 0.091 0.758 0.909 0.801 2.0 0.173 0.029 1.000
0.0 0.0 0.0 1.0 0.0 0.0 0.0 0.0 0.0 0.0 0.091 0.758 0.909 0.801 2.0 0.173 0.029 1.000
0.0 0.0 0.0 1.0 0.0 0.0 0.0 0.0 0.0 0.0 0.091 0.758 0.909 0.801 2.0 0.173 0.029 1.000
0.0 0.0 0.0 1.0 0.0 0.0 0.0 0.0 0.0 0.0 0.091 0.758 0.909 0.801 2.0 0.173 0.029 1.000
0.0 0.0 0.0 1.0 0.0 0.0 0.0 0.0 0.0 0.0 0.121 0.727 0.879 0.771 2.0 0.192 0.057 1.000
0.0 0.0 0.0 1.0 0.0 0.0 0.0 0.0 0.0 0.0 0.182 0.667 0.818 0.710 2.0 0.173 0.071 1.000
0.0 0.0 0.0 1.0 0.0 0.0 0.0 0.0 0.0 0.0 0.121 0.727 0.879 0.771 2.0 0.192 0.057 1.000
0.0 0.0 0.0 1.0 0.0 0.0 0.0 0.0 0.0 0.0 0.182 0.667 0.818 0.710 2.0 0.192 0.071 1.000
0.0 0.0 0.0 1.0 0.0 0.0 0.0 0.0 0.0 0.0 0.121 0.727 0.879 0.771 2.0 0.192 0.057 1.000
0.0 0.0 0.0 1.0 0.0 0.0 0.0 0.0 0.0 0.0 0.121 0.727 0.879 0.771 2.0 0.212 0.057 1.000
0.0 0.0 0.0 1.0 0.0 0.0 0.0 0.0 0.0 0.0 0.121 0.727 0.879 0.771 2.0 0.192 0.057 1.000
0.0 0.0 0.0 1.0 0.0 0.0 0.0 0.0 0.0 0.0 0.121 0.727 0.879 0.771 2.0 0.192 0.057 1.000
0.0 0.0 0.0 1.0 0.0 0.0 0.0 0.0 0.0 0.0 0.121 0.727 0.879 0.771 2.0 0.212 0.057 1.000
0.0 0.0 0.0 1.0 0.0 0.0 0.0 0.0 0.0 0.0 0.121 0.727 0.879 0.771 2.0 0.192 0.057 1.000
0.0 0.0 0.0 1.0 0.0 0.0 0.0 0.0 0.0 0.0 0.121 0.727 0.879 0.771 2.0 0.192 0.057 1.000
0.0 0.0 0.0 1.0 0.0 0.0 0.0 0.0 0.0 0.0 0.121 0.727 0.879 0.771 2.0 0.192 0.057 1.000
0.0 1.0 0.0 0.0 0.0 0.0 0.0 0.0 0.0 0.0 0.182 0.667 0.818 0.710 2.0 0.154 0.086 1.000
0.0 0.0 0.0 1.0 0.0 0.0 0.0 0.0 0.0 0.0 0.152 0.697 0.848 0.741 2.0 0.192 0.071 1.000
0.0 0.0 0.0 1.0 0.0 0.0 0.0 0.0 0.0 0.0 0.121 0.727 0.879 0.771 2.0 0.192 0.057 1.000
0.0 0.0 0.0 1.0 0.0 0.0 0.0 0.0 0.0 0.0 0.121 0.727 0.879 0.771 2.0 0.192 0.057 1.000
0.0 0.0 0.0 1.0 0.0 0.0 0.0 0.0 0.0 0.0 0.121 0.727 0.879 0.771 2.0 0.192 0.057 1.000
0.0 0.0 0.0 1.0 0.0 0.0 0.0 0.0 0.0 0.0 0.152 0.697 0.848 0.741 2.0 0.231 0.057 1.000
0.0 0.0 0.0 1.0 0.0 0.0 0.0 0.0 0.0 0.0 0.152 0.697 0.848 0.741 2.0 0.231 0.057 1.000
0.0 0.0 0.0 1.0 0.0 0.0 0.0 0.0 0.0 0.0 0.212 0.636 0.788 0.680 2.0 0.231 0.071 1.000
0.0 0.0 0.0 1.0 0.0 0.0 0.0 0.0 0.0 0.0 0.212 0.636 0.788 0.680 2.0 0.212 0.071 1.000
0.0 0.0 0.0 1.0 0.0 0.0 0.0 0.0 0.0 0.0 0.152 0.697 0.848 0.741 2.0 0.231 0.057 1.000
0.0 0.0 0.0 1.0 0.0 0.0 0.0 0.0 0.0 0.0 0.152 0.697 0.848 0.741 2.0 0.231 0.057 1.000
0.0 0.0 0.0 1.0 0.0 0.0 0.0 0.0 0.0 0.0 0.212 0.636 0.788 0.680 2.0 0.231 0.071 1.000
0.0 0.0 0.0 1.0 0.0 0.0 0.0 0.0 0.0 0.0 0.212 0.636 0.788 0.680 2.0 0.231 0.071 1.000
0.0 0.0 0.0 1.0 0.0 0.0 0.0 0.0 0.0 0.0 0.152 0.697 0.848 0.741 2.0 0.231 0.057 1.000
0.0 0.0 0.0 1.0 0.0 0.0 0.0 0.0 0.0 0.0 0.152 0.697 0.848 0.741 2.0 0.231 0.057 1.000
0.0 1.0 0.0 0.0 0.0 0.0 0.0 0.0 0.0 0.0 0.182 0.667 0.818 0.710 2.0 0.192 0.071 1.000
0.0 0.0 0.0 1.0 0.0 0.0 0.0 0.0 0.0 0.0 0.152 0.697 0.848 0.741 2.0 0.173 0.057 1.000
0.0 0.0 0.0 1.0 0.0 0.0 0.0 0.0 0.0 0.0 0.152 0.697 0.848 0.741 2.0 0.250 0.057 1.000
0.0 0.0 0.0 1.0 0.0 0.0 0.0 0.0 0.0 0.0 0.152 0.697 0.848 0.741 2.0 0.231 0.057 1.000
0.0 0.0 0.0 1.0 0.0 0.0 0.0 0.0 0.0 0.0 0.152 0.697 0.848 0.741 2.0 0.231 0.057 1.000
0.0 0.0 0.0 1.0 0.0 0.0 0.0 0.0 0.0 0.0 0.152 0.697 0.848 0.741 2.0 0.173 0.057 1.000
0.0 0.0 0.0 1.0 0.0 0.0 0.0 0.0 0.0 0.0 0.152 0.697 0.848 0.741 2.0 0.173 0.057 1.000
0.0 0.0 0.0 1.0 0.0 0.0 0.0 0.0 0.0 0.0 0.152 0.697 0.848 0.741 2.0 0.212 0.057 1.000
0.0 1.0 0.0 0.0 0.0 0.0 0.0 0.0 0.0 0.0 0.182 0.667 0.818 0.710 2.0 0.154 0.071 1.000
0.0 0.0 0.0 1.0 0.0 0.0 0.0 0.0 0.0 0.0 0.152 0.697 0.848 0.741 2.0 0.173 0.057 1.000
0.0 0.0 0.0 1.0 0.0 0.0 0.0 0.0 0.0 0.0 0.152 0.697 0.848 0.741 2.0 0.192 0.057 1.000
0.0 0.0 0.0 1.0 0.0 0.0 0.0 0.0 0.0 0.0 0.152 0.697 0.848 0.741 2.0 0.192 0.057 1.000
0.0 0.0 0.0 1.0 0.0 0.0 0.0 0.0 0.0 0.0 0.152 0.697 0.848 0.741 2.0 0.192 0.057 1.000
0.0 0.0 0.0 1.0 0.0 0.0 0.0 0.0 0.0 0.0 0.152 0.697 0.848 0.741 2.0 0.192 0.057 1.000
0.0 0.0 0.0 1.0 0.0 0.0 0.0 0.0 0.0 0.0 0.152 0.697 0.848 0.741 2.0 0.192 0.057 1.000
0.0 0.0 0.0 1.0 0.0 0.0 0.0 0.0 0.0 0.0 0.152 0.697 0.848 0.741 2.0 0.192 0.057 1.000
0.0 1.0 0.0 0.0 0.0 0.0 0.0 0.0 0.0 0.0 0.242 0.606 0.758 0.650 2.0 0.154 0.100 1.000
0.0 0.0 0.0 1.0 0.0 0.0 0.0 0.0 0.0 0.0 0.212 0.636 0.788 0.680 2.0 0.173 0.086 1.000
0.0 0.0 0.0 1.0 0.0 0.0 0.0 0.0 0.0 0.0 0.212 0.636 0.788 0.680 2.0 0.212 0.086 1.000
0.0 0.0 0.0 1.0 0.0 0.0 0.0 0.0 0.0 0.0 0.152 0.697 0.848 0.741 2.0 0.192 0.057 1.000
0.0 0.0 0.0 1.0 0.0 0.0 0.0 0.0 0.0 0.0 0.152 0.697 0.848 0.741 2.0 0.192 0.057 1.000
0.0 0.0 0.0 1.0 0.0 0.0 0.0 0.0 0.0 0.0 0.152 0.697 0.848 0.741 2.0 0.192 0.057 1.000
0.0 0.0 0.0 1.0 0.0 0.0 0.0 0.0 0.0 0.0 0.152 0.697 0.848 0.741 2.0 0.192 0.057 1.000
0.0 0.0 0.0 1.0 0.0 0.0 0.0 0.0 0.0 0.0 0.152 0.697 0.848 0.741 2.0 0.173 0.057 1.000
0.0 0.0 0.0 1.0 0.0 0.0 0.0 0.0 0.0 0.0 0.152 0.697 0.848 0.741 2.0 0.173 0.057 1.000
0.0 0.0 0.0 1.0 0.0 0.0 0.0 0.0 0.0 0.0 0.182 0.667 0.818 0.710 2.0 0.308 0.057 1.000
0.0 0.0 0.0 1.0 0.0 0.0 0.0 0.0 0.0 0.0 0.242 0.606 0.758 0.650 2.0 0.308 0.071 1.000
0.0 0.0 0.0 1.0 0.0 0.0 0.0 0.0 0.0 0.0 0.182 0.667 0.818 0.710 2.0 0.308 0.057 1.000
0.0 0.0 0.0 1.0 0.0 0.0 0.0 0.0 0.0 0.0 0.242 0.606 0.758 0.650 2.0 0.308 0.071 1.000
0.0 0.0 0.0 1.0 0.0 0.0 0.0 0.0 0.0 0.0 0.182 0.667 0.818 0.710 2.0 0.308 0.057 1.000
0.0 0.0 0.0 1.0 0.0 0.0 0.0 0.0 0.0 0.0 0.212 0.636 0.788 0.680 2.0 0.308 0.071 1.000
0.0 0.0 0.0 1.0 0.0 0.0 0.0 0.0 0.0 0.0 0.182 0.667 0.818 0.710 2.0 0.308 0.057 1.000
0.0 1.0 0.0 0.0 0.0 0.0 0.0 0.0 0.0 0.0 0.212 0.636 0.788 0.680 2.0 0.269 0.071 1.000
0.0 0.0 0.0 1.0 0.0 0.0 0.0 0.0 0.0 0.0 0.182 0.667 0.818 0.710 2.0 0.212 0.057 1.000
0.0 0.0 0.0 1.0 0.0 0.0 0.0 0.0 0.0 0.0 0.212 0.636 0.788 0.680 2.0 0.212 0.071 1.000
0.0 0.0 0.0 1.0 0.0 0.0 0.0 0.0 0.0 0.0 0.182 0.667 0.818 0.710 2.0 0.212 0.057 1.000
0.0 0.0 0.0 1.0 0.0 0.0 0.0 0.0 0.0 0.0 0.182 0.667 0.818 0.710 2.0 0.212 0.057 1.000
0.0 0.0 0.0 1.0 0.0 0.0 0.0 0.0 0.0 0.0 0.182 0.667 0.818 0.710 2.0 0.212 0.057 1.000
0.0 0.0 0.0 1.0 0.0 0.0 0.0 0.0 0.0 0.0 0.273 0.576 0.727 0.619 2.0 0.212 0.100 1.000
0.0 0.0 0.0 1.0 0.0 0.0 0.0 0.0 0.0 0.0 0.182 0.667 0.818 0.710 2.0 0.212 0.057 1.000
0.0 0.0 0.0 1.0 0.0 0.0 0.0 0.0 0.0 0.0 0.182 0.667 0.818 0.710 2.0 0.212 0.057 1.000
0.0 1.0 0.0 0.0 0.0 0.0 0.0 0.0 0.0 0.0 0.212 0.636 0.788 0.680 2.0 0.173 0.071 1.000
0.0 0.0 0.0 1.0 0.0 0.0 0.0 0.0 0.0 0.0 0.182 0.667 0.818 0.710 2.0 0.173 0.057 1.000
0.0 0.0 0.0 1.0 0.0 0.0 0.0 0.0 0.0 0.0 0.273 0.576 0.727 0.619 2.0 0.269 0.129 1.000
0.0 0.0 0.0 1.0 0.0 0.0 0.0 0.0 0.0 0.0 0.273 0.576 0.727 0.619 2.0 0.269 0.129 1.000
0.0 0.0 0.0 1.0 0.0 0.0 0.0 0.0 0.0 0.0 0.212 0.636 0.788 0.680 2.0 0.269 0.114 1.000
0.0 0.0 0.0 1.0 0.0 0.0 0.0 0.0 0.0 0.0 0.273 0.576 0.727 0.619 2.0 0.269 0.143 1.000
0.0 0.0 0.0 1.0 0.0 0.0 0.0 0.0 0.0 0.0 0.242 0.606 0.758 0.650 2.0 0.288 0.129 1.000
0.0 0.0 0.0 1.0 0.0 0.0 0.0 0.0 0.0 0.0 0.242 0.606 0.758 0.650 2.0 0.250 0.129 1.000
0.0 0.0 0.0 1.0 0.0 0.0 0.0 0.0 0.0 0.0 0.212 0.636 0.788 0.680 2.0 0.269 0.114 1.000
0.0 0.0 0.0 1.0 0.0 0.0 0.0 0.0 0.0 0.0 0.242 0.606 0.758 0.650 2.0 0.250 0.143 1.000
0.0 0.0 0.0 1.0 0.0 0.0 0.0 0.0 0.0 0.0 0.303 0.545 0.697 0.589 2.0 0.231 0.129 1.000
0.0 0.0 0.0 1.0 0.0 0.0 0.0 0.0 0.0 0.0 0.303 0.545 0.697 0.589 2.0 0.231 0.129 1.000
0.0 0.0 0.0 1.0 0.0 0.0 0.0 0.0 0.0 0.0 0.303 0.545 0.697 0.589 2.0 0.231 0.129 1.000
0.0 0.0 0.0 1.0 0.0 0.0 0.0 0.0 0.0 0.0 0.303 0.545 0.697 0.589 2.0 0.231 0.129 1.000
0.0 0.0 0.0 1.0 0.0 0.0 0.0 0.0 0.0 0.0 0.242 0.606 0.758 0.650 2.0 0.231 0.114 1.000
0.0 0.0 0.0 1.0 0.0 0.0 0.0 0.0 0.0 0.0 0.242 0.606 0.758 0.650 2.0 0.231 0.114 1.000
0.0 0.0 0.0 1.0 0.0 0.0 0.0 0.0 0.0 0.0 0.303 0.545 0.697 0.589 2.0 0.231 0.143 1.000
0.0 0.0 0.0 1.0 0.0 0.0 0.0 0.0 0.0 0.0 0.303 0.545 0.697 0.589 2.0 0.231 0.143 1.000
0.0 0.0 0.0 1.0 0.0 0.0 0.0 0.0 0.0 0.0 0.273 0.576 0.727 0.619 2.0 0.250 0.129 1.000
0.0 1.0 0.0 0.0 0.0 0.0 0.0 0.0 0.0 0.0 0.333 0.515 0.667 0.559 1.0 0.135 0.143 1.000
0.0 1.0 0.0 0.0 0.0 0.0 0.0 0.0 0.0 0.0 0.303 0.545 0.697 0.589 2.0 0.115 0.143 1.000
0.0 0.0 0.0 1.0 0.0 0.0 0.0 0.0 0.0 0.0 0.273 0.576 0.727 0.619 2.0 0.212 0.129 1.000
0.0 0.0 0.0 1.0 0.0 0.0 0.0 0.0 0.0 0.0 0.273 0.576 0.727 0.619 2.0 0.231 0.129 1.000
0.0 0.0 0.0 1.0 0.0 0.0 0.0 0.0 0.0 0.0 0.273 0.576 0.727 0.619 2.0 0.212 0.129 1.000
0.0 0.0 0.0 1.0 0.0 0.0 0.0 0.0 0.0 0.0 0.242 0.606 0.758 0.650 2.0 0.231 0.114 1.000
0.0 0.0 0.0 1.0 0.0 0.0 0.0 0.0 0.0 0.0 0.242 0.606 0.758 0.650 2.0 0.231 0.114 1.000
0.0 0.0 0.0 1.0 0.0 0.0 0.0 0.0 0.0 0.0 0.273 0.576 0.727 0.619 2.0 0.231 0.143 1.000
0.0 0.0 0.0 1.0 0.0 0.0 0.0 0.0 0.0 0.0 0.273 0.576 0.727 0.619 2.0 0.212 0.143 1.000
0.0 0.0 0.0 1.0 0.0 0.0 0.0 0.0 0.0 0.0 0.333 0.515 0.667 0.559 2.0 0.212 0.129 1.000
0.0 0.0 0.0 1.0 0.0 0.0 0.0 0.0 0.0 0.0 0.333 0.515 0.667 0.559 2.0 0.212 0.129 1.000
0.0 0.0 0.0 1.0 0.0 0.0 0.0 0.0 0.0 0.0 0.273 0.576 0.727 0.619 2.0 0.212 0.114 1.000
0.0 0.0 0.0 1.0 0.0 0.0 0.0 0.0 0.0 0.0 0.333 0.515 0.667 0.559 2.0 0.212 0.143 1.000
0.0 0.0 0.0 1.0 0.0 0.0 0.0 0.0 0.0 0.0 0.364 0.485 0.636 0.528 2.0 0.212 0.143 1.000
0.0 0.0 0.0 1.0 0.0 0.0 0.0 0.0 0.0 0.0 0.303 0.545 0.697 0.589 2.0 0.212 0.129 1.000
0.0 0.0 0.0 1.0 0.0 0.0 0.0 0.0 0.0 0.0 0.273 0.576 0.727 0.619 2.0 0.212 0.114 1.000
0.0 0.0 0.0 1.0 0.0 0.0 0.0 0.0 0.0 0.0 0.303 0.545 0.697 0.589 2.0 0.212 0.143 1.000
0.0 0.0 0.0 1.0 0.0 0.0 0.0 0.0 0.0 0.0 0.394 0.455 0.606 0.498 2.0 0.154 0.171 1.000
0.0 0.0 0.0 1.0 0.0 0.0 0.0 0.0 0.0 0.0 0.333 0.515 0.667 0.559 2.0 0.154 0.157 1.000
0.0 0.0 0.0 1.0 0.0 0.0 0.0 0.0 0.0 0.0 0.303 0.545 0.697 0.589 2.0 0.154 0.143 1.000
0.0 0.0 0.0 1.0 0.0 0.0 0.0 0.0 0.0 0.0 0.333 0.515 0.667 0.559 2.0 0.154 0.171 1.000
0.0 0.0 0.0 1.0 0.0 0.0 0.0 0.0 0.0 0.0 0.364 0.485 0.636 0.528 2.0 0.173 0.157 1.000
0.0 0.0 0.0 1.0 0.0 0.0 0.0 0.0 0.0 0.0 0.364 0.485 0.636 0.528 2.0 0.154 0.157 1.000
0.0 0.0 0.0 1.0 0.0 0.0 0.0 0.0 0.0 0.0 0.303 0.545 0.697 0.589 2.0 0.154 0.143 1.000
0.0 0.0 0.0 1.0 0.0 0.0 0.0 0.0 0.0 0.0 0.364 0.485 0.636 0.528 2.0 0.154 0.171 1.000
0.0 0.0 0.0 1.0 0.0 0.0 0.0 0.0 0.0 0.0 0.424 0.424 0.576 0.468 2.0 0.154 0.171 1.000
0.0 0.0 0.0 1.0 0.0 0.0 0.0 0.0 0.0 0.0 0.424 0.424 0.576 0.468 2.0 0.192 0.171 1.000
0.0 0.0 0.0 1.0 0.0 0.0 0.0 0.0 0.0 0.0 0.364 0.485 0.636 0.528 2.0 0.154 0.157 1.000
0.0 0.0 0.0 1.0 0.0 0.0 0.0 0.0 0.0 0.0 0.364 0.485 0.636 0.528 2.0 0.192 0.157 1.000
0.0 0.0 0.0 1.0 0.0 0.0 0.0 0.0 0.0 0.0 0.333 0.515 0.667 0.559 2.0 0.154 0.143 1.000
0.0 0.0 0.0 1.0 0.0 0.0 0.0 0.0 0.0 0.0 0.333 0.515 0.667 0.559 2.0 0.192 0.143 1.000
0.0 0.0 0.0 1.0 0.0 0.0 0.0 0.0 0.0 0.0 0.364 0.485 0.636 0.528 2.0 0.154 0.171 1.000
0.0 0.0 0.0 1.0 0.0 0.0 0.0 0.0 0.0 0.0 0.364 0.485 0.636 0.528 2.0 0.192 0.171 1.000
0.0 0.0 0.0 1.0 0.0 0.0 0.0 0.0 0.0 0.0 0.394 0.455 0.606 0.498 2.0 0.173 0.157 1.000
0.0 1.0 0.0 0.0 0.0 0.0 0.0 0.0 0.0 0.0 0.455 0.394 0.545 0.438 1.0 0.135 0.171 1.000
0.0 1.0 0.0 0.0 0.0 0.0 0.0 0.0 0.0 0.0 0.424 0.424 0.576 0.468 2.0 0.115 0.171 1.000
0.0 0.0 0.0 1.0 0.0 0.0 0.0 0.0 0.0 0.0 0.394 0.455 0.606 0.498 2.0 0.173 0.157 1.000
0.0 0.0 0.0 1.0 0.0 0.0 0.0 0.0 0.0 0.0 0.394 0.455 0.606 0.498 2.0 0.154 0.157 1.000
0.0 0.0 0.0 1.0 0.0 0.0 0.0 0.0 0.0 0.0 0.394 0.455 0.606 0.498 2.0 0.192 0.157 1.000
0.0 0.0 0.0 1.0 0.0 0.0 0.0 0.0 0.0 0.0 0.333 0.515 0.667 0.559 2.0 0.154 0.143 1.000
0.0 0.0 0.0 1.0 0.0 0.0 0.0 0.0 0.0 0.0 0.333 0.515 0.667 0.559 2.0 0.192 0.143 1.000
0.0 0.0 0.0 1.0 0.0 0.0 0.0 0.0 0.0 0.0 0.394 0.455 0.606 0.498 2.0 0.154 0.171 1.000
0.0 0.0 0.0 1.0 0.0 0.0 0.0 0.0 0.0 0.0 0.394 0.455 0.606 0.498 2.0 0.192 0.171 1.000
0.0 0.0 0.0 1.0 0.0 0.0 0.0 0.0 0.0 0.0 0.455 0.394 0.545 0.438 2.0 0.212 0.171 1.000
0.0 0.0 0.0 1.0 0.0 0.0 0.0 0.0 0.0 0.0 0.394 0.455 0.606 0.498 2.0 0.212 0.157 1.000
0.0 0.0 0.0 1.0 0.0 0.0 0.0 0.0 0.0 0.0 0.364 0.485 0.636 0.528 2.0 0.212 0.143 1.000
0.0 0.0 0.0 1.0 0.0 0.0 0.0 0.0 0.0 0.0 0.394 0.455 0.606 0.498 2.0 0.212 0.171 1.000
0.0 0.0 0.0 1.0 0.0 0.0 0.0 0.0 0.0 0.0 0.485 0.364 0.515 0.407 2.0 0.212 0.171 1.000
0.0 0.0 0.0 1.0 0.0 0.0 0.0 0.0 0.0 0.0 0.424 0.424 0.576 0.468 2.0 0.212 0.157 1.000
0.0 0.0 0.0 1.0 0.0 0.0 0.0 0.0 0.0 0.0 0.364 0.485 0.636 0.528 2.0 0.212 0.143 1.000
0.0 0.0 0.0 1.0 0.0 0.0 0.0 0.0 0.0 0.0 0.424 0.424 0.576 0.468 2.0 0.212 0.171 1.000
0.0 0.0 0.0 1.0 0.0 0.0 0.0 0.0 0.0 0.0 0.485 0.364 0.515 0.407 2.0 0.192 0.243 1.000
0.0 0.0 0.0 1.0 0.0 0.0 0.0 0.0 0.0 0.0 0.424 0.424 0.576 0.468 2.0 0.192 0.214 1.000
0.0 0.0 0.0 1.0 0.0 0.0 0.0 0.0 0.0 0.0 0.394 0.455 0.606 0.498 2.0 0.212 0.200 1.000
0.0 0.0 0.0 1.0 0.0 0.0 0.0 0.0 0.0 0.0 0.424 0.424 0.576 0.468 2.0 0.192 0.229 1.000
0.0 0.0 0.0 1.0 0.0 0.0 0.0 0.0 0.0 0.0 0.515 0.333 0.485 0.377 2.0 0.192 0.271 1.000
0.0 0.0 0.0 1.0 0.0 0.0 0.0 0.0 0.0 0.0 0.455 0.394 0.545 0.438 2.0 0.192 0.214 1.000
0.0 0.0 0.0 1.0 0.0 0.0 0.0 0.0 0.0 0.0 0.394 0.455 0.606 0.498 2.0 0.192 0.200 1.000
0.0 0.0 0.0 1.0 0.0 0.0 0.0 0.0 0.0 0.0 0.455 0.394 0.545 0.438 2.0 0.173 0.243 1.000
0.0 0.0 0.0 1.0 0.0 0.0 0.0 0.0 0.0 0.0 0.515 0.333 0.485 0.377 2.0 0.385 0.243 1.000
0.0 0.0 0.0 1.0 0.0 0.0 0.0 0.0 0.0 0.0 0.515 0.333 0.485 0.377 2.0 0.385 0.243 1.000
0.0 0.0 0.0 1.0 0.0 0.0 0.0 0.0 0.0 0.0 0.455 0.394 0.545 0.438 2.0 0.385 0.214 1.000
0.0 0.0 0.0 1.0 0.0 0.0 0.0 0.0 0.0 0.0 0.455 0.394 0.545 0.438 2.0 0.385 0.214 1.000
0.0 1.0 0.0 0.0 0.0 0.0 0.0 0.0 0.0 0.0 0.455 0.394 0.545 0.438 2.0 0.346 0.214 1.000
0.0 0.0 0.0 1.0 0.0 0.0 0.0 0.0 0.0 0.0 0.424 0.424 0.576 0.468 2.0 0.173 0.200 1.000
0.0 0.0 0.0 1.0 0.0 0.0 0.0 0.0 0.0 0.0 0.424 0.424 0.576 0.468 2.0 0.404 0.200 1.000
0.0 0.0 0.0 1.0 0.0 0.0 0.0 0.0 0.0 0.0 0.455 0.394 0.545 0.438 2.0 0.385 0.229 1.000
0.0 0.0 0.0 1.0 0.0 0.0 0.0 0.0 0.0 0.0 0.455 0.394 0.545 0.438 2.0 0.385 0.229 1.000
0.0 0.0 0.0 1.0 0.0 0.0 0.0 0.0 0.0 0.0 0.545 0.303 0.455 0.347 2.0 0.385 0.271 1.000
0.0 0.0 0.0 1.0 0.0 0.0 0.0 0.0 0.0 0.0 0.545 0.303 0.455 0.347 2.0 0.385 0.271 1.000
0.0 0.0 0.0 1.0 0.0 0.0 0.0 0.0 0.0 0.0 0.485 0.364 0.515 0.407 2.0 0.385 0.214 1.000
0.0 0.0 0.0 1.0 0.0 0.0 0.0 0.0 0.0 0.0 0.485 0.364 0.515 0.407 2.0 0.385 0.214 1.000
0.0 0.0 0.0 1.0 0.0 0.0 0.0 0.0 0.0 0.0 0.424 0.424 0.576 0.468 2.0 0.385 0.200 1.000
0.0 0.0 0.0 1.0 0.0 0.0 0.0 0.0 0.0 0.0 0.424 0.424 0.576 0.468 2.0 0.385 0.200 1.000
0.0 0.0 0.0 1.0 0.0 0.0 0.0 0.0 0.0 0.0 0.485 0.364 0.515 0.407 2.0 0.365 0.243 1.000
0.0 0.0 0.0 1.0 0.0 0.0 0.0 0.0 0.0 0.0 0.485 0.364 0.515 0.407 2.0 0.385 0.243 1.000
0.0 0.0 0.0 1.0 0.0 0.0 0.0 0.0 0.0 0.0 0.545 0.303 0.455 0.347 2.0 0.827 0.243 1.000
0.0 0.0 0.0 1.0 0.0 0.0 0.0 0.0 0.0 0.0 0.485 0.364 0.515 0.407 2.0 0.827 0.214 1.000
0.0 0.0 0.0 1.0 0.0 0.0 0.0 0.0 0.0 0.0 0.485 0.364 0.515 0.407 2.0 1.000 0.214 1.000
0.0 0.0 0.0 1.0 0.0 0.0 0.0 0.0 0.0 0.0 0.485 0.364 0.515 0.407 2.0 0.923 0.229 1.000
0.0 0.0 0.0 1.0 0.0 0.0 0.0 0.0 0.0 0.0 0.515 0.333 0.485 0.377 2.0 0.827 0.214 1.000
0.0 0.0 0.0 1.0 0.0 0.0 0.0 0.0 0.0 0.0 0.515 0.333 0.485 0.377 2.0 1.000 0.243 1.000
0.0 0.0 0.0 1.0 0.0 0.0 0.0 0.0 0.0 0.0 0.455 0.394 0.545 0.438 2.0 1.000 0.200 1.000
0.0 0.0 0.0 1.0 0.0 0.0 0.0 0.0 0.0 0.0 0.576 0.273 0.424 0.316 2.0 0.827 0.271 1.000
0.0 1.0 0.0 0.0 0.0 0.0 0.0 0.0 0.0 0.0 0.576 0.273 0.394 0.303 2.0 0.385 0.257 0.500
0.0 1.0 0.0 0.0 0.0 0.0 0.0 0.0 0.0 0.0 0.515 0.333 0.455 0.364 2.0 0.385 0.229 0.500
0.0 1.0 0.0 0.0 0.0 0.0 0.0 0.0 0.0 0.0 0.515 0.333 0.455 0.364 2.0 0.385 0.229 0.500
0.0 1.0 0.0 0.0 0.0 0.0 0.0 0.0 0.0 0.0 0.576 0.273 0.394 0.303 2.0 0.385 0.257 0.500
0.0 1.0 0.0 0.0 0.0 0.0 0.0 0.0 0.0 0.0 0.515 0.333 0.455 0.364 1.0 0.385 0.214 0.500
0.0 1.0 0.0 0.0 0.0 0.0 0.0 0.0 0.0 0.0 0.515 0.333 0.455 0.364 2.0 0.385 0.243 0.500
0.0 1.0 0.0 0.0 0.0 0.0 0.0 0.0 0.0 0.0 0.576 0.273 0.394 0.303 1.0 0.385 0.243 0.500
0.0 1.0 0.0 0.0 0.0 0.0 0.0 0.0 0.0 0.0 0.515 0.333 0.455 0.364 2.0 0.327 0.229 0.500
0.0 1.0 0.0 0.0 0.0 0.0 0.0 0.0 0.0 0.0 0.545 0.303 0.424 0.333 1.0 0.154 0.229 0.500
0.0 1.0 0.0 0.0 0.0 0.0 0.0 0.0 0.0 0.0 0.515 0.333 0.455 0.364 2.0 0.385 0.243 0.500
0.0 1.0 0.0 0.0 0.0 0.0 0.0 0.0 0.0 0.0 0.515 0.333 0.455 0.364 1.0 0.385 0.214 0.500
0.0 1.0 0.0 0.0 0.0 0.0 0.0 0.0 0.0 0.0 0.515 0.333 0.455 0.364 2.0 0.385 0.229 0.500
0.0 1.0 0.0 0.0 0.0 0.0 0.0 0.0 0.0 0.0 0.515 0.333 0.455 0.364 2.0 0.385 0.243 0.500
0.0 1.0 0.0 0.0 0.0 0.0 0.0 0.0 0.0 0.0 0.545 0.303 0.364 0.333 2.0 0.346 0.229 0.125
0.0 1.0 0.0 0.0 0.0 0.0 0.0 0.0 0.0 0.0 0.545 0.303 0.364 0.333 2.0 0.442 0.257 0.125
0.0 1.0 0.0 0.0 0.0 0.0 0.0 0.0 0.0 0.0 0.545 0.303 0.424 0.341 1.0 0.346 0.214 0.125
0.0 1.0 0.0 0.0 0.0 0.0 0.0 0.0 0.0 0.0 0.485 0.364 0.485 0.402 2.0 0.327 0.214 0.125
0.0 1.0 0.0 0.0 0.0 0.0 0.0 0.0 0.0 0.0 0.515 0.333 0.455 0.371 1.0 0.212 0.214 0.125
0.0 1.0 0.0 0.0 0.0 0.0 0.0 0.0 0.0 0.0 0.606 0.242 0.242 0.242 2.0 0.346 0.286 0.125
0.0 1.0 0.0 0.0 0.0 0.0 0.0 0.0 0.0 0.0 0.545 0.303 0.303 0.303 2.0 0.442 0.257 0.125
0.0 1.0 0.0 0.0 0.0 0.0 0.0 0.0 0.0 0.0 0.606 0.242 0.333 0.295 1.0 0.346 0.271 0.125
0.0 1.0 0.0 0.0 0.0 0.0 0.0 0.0 0.0 0.0 0.485 0.364 0.455 0.417 2.0 0.442 0.214 0.125
0.0 1.0 0.0 0.0 0.0 0.0 0.0 0.0 0.0 0.0 0.606 0.273 0.394 0.299 2.0 0.385 0.286 0.500
0.0 1.0 0.0 0.0 0.0 0.0 0.0 0.0 0.0 0.0 0.545 0.333 0.455 0.360 2.0 0.385 0.229 0.500
0.0 1.0 0.0 0.0 0.0 0.0 0.0 0.0 0.0 0.0 0.485 0.394 0.515 0.420 2.0 0.327 0.214 0.500
0.0 1.0 0.0 0.0 0.0 0.0 0.0 0.0 0.0 0.0 0.515 0.364 0.485 0.390 1.0 0.154 0.214 0.500
0.0 1.0 0.0 0.0 0.0 0.0 0.0 0.0 0.0 0.0 0.606 0.273 0.394 0.299 1.0 0.385 0.271 0.500
0.0 1.0 0.0 0.0 0.0 0.0 0.0 0.0 0.0 0.0 0.545 0.333 0.455 0.360 2.0 0.385 0.229 0.500
0.0 1.0 0.0 0.0 0.0 0.0 0.0 0.0 0.0 0.0 0.545 0.333 0.455 0.360 2.0 0.385 0.257 0.500
0.0 1.0 0.0 0.0 0.0 0.0 0.0 0.0 0.0 0.0 0.606 0.273 0.394 0.299 2.0 0.385 0.286 0.500
0.0 1.0 0.0 0.0 0.0 0.0 0.0 0.0 0.0 0.0 0.485 0.394 0.515 0.420 2.0 0.385 0.214 0.500
0.0 1.0 0.0 0.0 0.0 0.0 0.0 0.0 0.0 0.0 0.545 0.333 0.455 0.360 2.0 0.385 0.257 0.500
0.0 1.0 0.0 0.0 0.0 0.0 0.0 0.0 0.0 0.0 0.545 0.333 0.455 0.360 2.0 0.327 0.229 0.500
0.0 1.0 0.0 0.0 0.0 0.0 0.0 0.0 0.0 0.0 0.576 0.303 0.424 0.330 1.0 0.154 0.229 0.500
0.0 1.0 0.0 0.0 0.0 0.0 0.0 0.0 0.0 0.0 0.485 0.394 0.515 0.420 2.0 0.385 0.214 0.500
0.0 1.0 0.0 0.0 0.0 0.0 0.0 0.0 0.0 0.0 0.545 0.333 0.455 0.360 2.0 0.385 0.257 0.500
0.0 1.0 0.0 0.0 0.0 0.0 0.0 0.0 0.0 0.0 0.515 0.364 0.364 0.364 1.0 0.346 0.214 0.125
0.0 1.0 0.0 0.0 0.0 0.0 0.0 0.0 0.0 0.0 0.515 0.364 0.364 0.364 2.0 0.442 0.243 0.125
0.0 1.0 0.0 0.0 0.0 0.0 0.0 0.0 0.0 0.0 0.515 0.394 0.455 0.409 1.0 0.346 0.214 0.125
0.0 1.0 0.0 0.0 0.0 0.0 0.0 0.0 0.0 0.0 0.515 0.394 0.455 0.409 2.0 0.385 0.229 0.125
0.0 1.0 0.0 0.0 0.0 0.0 0.0 0.0 0.0 0.0 0.576 0.303 0.333 0.311 2.0 0.346 0.257 0.125
0.0 1.0 0.0 0.0 0.0 0.0 0.0 0.0 0.0 0.0 0.515 0.364 0.394 0.371 2.0 0.327 0.243 0.125
0.0 1.0 0.0 0.0 0.0 0.0 0.0 0.0 0.0 0.0 0.545 0.333 0.364 0.341 1.0 0.212 0.243 0.125
0.0 1.0 0.0 0.0 0.0 0.0 0.0 0.0 0.0 0.0 0.576 0.303 0.424 0.356 2.0 0.327 0.257 0.125
0.0 1.0 0.0 0.0 0.0 0.0 0.0 0.0 0.0 0.0 0.606 0.273 0.394 0.326 1.0 0.115 0.257 0.125
0.0 1.0 0.0 0.0 0.0 0.0 0.0 0.0 0.0 0.0 0.515 0.364 0.485 0.417 2.0 0.442 0.229 0.125
0.0 0.0 1.0 0.0 0.0 0.0 0.0 0.0 0.0 0.0 0.606 0.242 0.364 0.273 4.0 0.558 0.643 0.500
0.0 0.0 1.0 0.0 0.0 0.0 0.0 0.0 0.0 0.0 0.606 0.242 0.364 0.273 4.0 0.558 0.629 0.500
0.0 1.0 0.0 0.0 0.0 0.0 0.0 0.0 0.0 0.0 0.636 0.212 0.333 0.242 2.0 0.269 0.643 0.500
0.0 0.0 1.0 0.0 0.0 0.0 0.0 0.0 0.0 0.0 0.606 0.242 0.364 0.273 4.0 0.442 0.629 0.500
0.0 0.0 1.0 0.0 0.0 0.0 0.0 0.0 0.0 0.0 0.576 0.273 0.394 0.303 4.0 0.558 0.629 0.500
0.0 0.0 1.0 0.0 0.0 0.0 0.0 0.0 0.0 0.0 0.636 0.242 0.364 0.269 4.0 0.558 0.671 0.500
0.0 0.0 1.0 0.0 0.0 0.0 0.0 0.0 0.0 0.0 0.636 0.242 0.364 0.269 4.0 0.558 0.657 0.500
0.0 1.0 0.0 0.0 0.0 0.0 0.0 0.0 0.0 0.0 0.667 0.212 0.333 0.239 2.0 0.269 0.686 0.500
0.0 0.0 1.0 0.0 0.0 0.0 0.0 0.0 0.0 0.0 0.636 0.242 0.364 0.269 4.0 0.442 0.671 0.500
0.0 0.0 1.0 0.0 0.0 0.0 0.0 0.0 0.0 0.0 0.606 0.273 0.394 0.299 4.0 0.558 0.671 0.500
0.0 0.0 0.0 0.0 1.0 0.0 0.0 0.0 0.0 0.0 0.667 0.182 0.303 0.212 4.0 0.923 0.743 0.500
0.0 0.0 0.0 0.0 1.0 0.0 0.0 0.0 0.0 0.0 0.697 0.182 0.303 0.208 4.0 0.865 0.800 0.500
0.0 0.0 1.0 0.0 0.0 0.0 0.0 0.0 0.0 0.0 0.697 0.152 0.212 0.182 4.0 0.827 0.929 0.125
0.0 0.0 1.0 0.0 0.0 0.0 0.0 0.0 0.0 0.0 0.606 0.242 0.303 0.273 2.0 0.481 0.486 0.125
0.0 0.0 1.0 0.0 0.0 0.0 0.0 0.0 0.0 0.0 0.697 0.152 0.273 0.189 4.0 0.827 0.914 0.125
0.0 0.0 1.0 0.0 0.0 0.0 0.0 0.0 0.0 0.0 0.606 0.242 0.364 0.280 2.0 0.481 0.471 0.125
0.0 0.0 1.0 0.0 0.0 0.0 0.0 0.0 0.0 0.0 0.697 0.152 0.152 0.152 4.0 0.827 0.929 0.125
0.0 0.0 1.0 0.0 0.0 0.0 0.0 0.0 0.0 0.0 0.636 0.212 0.212 0.212 2.0 0.481 0.486 0.125
0.0 0.0 1.0 0.0 0.0 0.0 0.0 0.0 0.0 0.0 0.697 0.152 0.242 0.205 4.0 0.808 0.914 0.125
0.0 0.0 1.0 0.0 0.0 0.0 0.0 0.0 0.0 0.0 0.636 0.212 0.303 0.265 2.0 0.481 0.471 0.125
0.0 0.0 1.0 0.0 0.0 0.0 0.0 0.0 0.0 0.0 0.727 0.152 0.152 0.152 4.0 0.827 0.943 0.125
0.0 0.0 1.0 0.0 0.0 0.0 0.0 0.0 0.0 0.0 0.576 0.303 0.303 0.303 2.0 0.481 0.443 0.125
0.0 1.0 0.0 0.0 0.0 0.0 0.0 0.0 0.0 0.0 0.758 0.152 0.212 0.167 2.0 0.423 0.957 0.125
0.0 0.0 1.0 0.0 0.0 0.0 0.0 0.0 0.0 0.0 0.727 0.182 0.242 0.197 4.0 0.615 0.943 0.125
0.0 0.0 1.0 0.0 0.0 0.0 0.0 0.0 0.0 0.0 0.576 0.333 0.394 0.348 2.0 0.423 0.443 0.125
0.0 0.0 1.0 0.0 0.0 0.0 0.0 0.0 0.0 0.0 0.727 0.152 0.182 0.159 4.0 0.827 0.957 0.125
0.0 0.0 1.0 0.0 0.0 0.0 0.0 0.0 0.0 0.0 0.606 0.273 0.303 0.280 2.0 0.481 0.457 0.125
0.0 0.0 1.0 0.0 0.0 0.0 0.0 0.0 0.0 0.0 0.727 0.152 0.273 0.205 4.0 0.808 0.971 0.125
0.0 1.0 0.0 0.0 0.0 0.0 0.0 0.0 0.0 0.0 0.697 0.182 0.303 0.235 1.0 0.212 0.471 0.125
0.0 1.0 0.0 0.0 0.0 0.0 0.0 0.0 0.0 0.0 0.667 0.212 0.333 0.265 2.0 0.115 0.471 0.125
0.0 0.0 1.0 0.0 0.0 0.0 0.0 0.0 0.0 0.0 0.636 0.242 0.364 0.295 2.0 0.365 0.457 0.125
0.0 0.0 1.0 0.0 0.0 0.0 0.0 0.0 0.0 0.0 0.727 0.121 0.121 0.121 2.0 0.519 0.929 0.031
0.0 0.0 1.0 0.0 0.0 0.0 0.0 0.0 0.0 0.0 0.727 0.182 0.182 0.182 2.0 0.538 0.929 0.031
0.0 0.0 1.0 0.0 0.0 0.0 0.0 0.0 0.0 0.0 0.727 0.182 0.182 0.182 2.0 0.519 0.929 0.031
0.0 0.0 1.0 0.0 0.0 0.0 0.0 0.0 0.0 0.0 0.727 0.121 0.121 0.121 2.0 0.519 0.929 0.031
0.0 0.0 1.0 0.0 0.0 0.0 0.0 0.0 0.0 0.0 0.727 0.242 0.242 0.242 2.0 0.519 0.914 0.031
0.0 0.0 1.0 0.0 0.0 0.0 0.0 0.0 0.0 0.0 0.727 0.121 0.121 0.121 2.0 0.519 0.914 0.031
0.0 0.0 1.0 0.0 0.0 0.0 0.0 0.0 0.0 0.0 0.727 0.121 0.121 0.121 2.0 0.519 0.914 0.031
0.0 0.0 1.0 0.0 0.0 0.0 0.0 0.0 0.0 0.0 0.727 0.152 0.152 0.152 2.0 0.519 0.914 0.031
0.0 0.0 1.0 0.0 0.0 0.0 0.0 0.0 0.0 0.0 0.727 0.121 0.121 0.121 2.0 0.519 0.929 0.031
0.0 0.0 1.0 0.0 0.0 0.0 0.0 0.0 0.0 0.0 0.727 0.121 0.121 0.121 2.0 0.519 0.929 0.031
0.0 0.0 1.0 0.0 0.0 0.0 0.0 0.0 0.0 0.0 0.727 0.121 0.121 0.121 2.0 0.519 0.929 0.031
0.0 0.0 1.0 0.0 0.0 0.0 0.0 0.0 0.0 0.0 0.727 0.121 0.121 0.121 2.0 0.519 0.929 0.031
0.0 0.0 1.0 0.0 0.0 0.0 0.0 0.0 0.0 0.0 0.727 0.182 0.182 0.182 2.0 0.538 0.914 0.031
0.0 0.0 1.0 0.0 0.0 0.0 0.0 0.0 0.0 0.0 0.727 0.121 0.121 0.121 2.0 0.519 0.914 0.031
0.0 0.0 1.0 0.0 0.0 0.0 0.0 0.0 0.0 0.0 0.727 0.182 0.182 0.182 2.0 0.538 0.914 0.031
0.0 1.0 0.0 0.0 0.0 0.0 0.0 0.0 0.0 0.0 0.758 0.182 0.182 0.182 2.0 0.154 0.929 0.031
0.0 0.0 1.0 0.0 0.0 0.0 0.0 0.0 0.0 0.0 0.727 0.212 0.212 0.212 2.0 0.500 0.914 0.031
0.0 0.0 1.0 0.0 0.0 0.0 0.0 0.0 0.0 0.0 0.758 0.121 0.121 0.121 2.0 0.519 0.943 0.031
0.0 0.0 1.0 0.0 0.0 0.0 0.0 0.0 0.0 0.0 0.758 0.121 0.121 0.121 2.0 0.519 0.943 0.031
0.0 0.0 1.0 0.0 0.0 0.0 0.0 0.0 0.0 0.0 0.758 0.121 0.121 0.121 2.0 0.519 0.943 0.031
0.0 0.0 1.0 0.0 0.0 0.0 0.0 0.0 0.0 0.0 0.758 0.121 0.121 0.121 2.0 0.519 0.943 0.031
0.0 0.0 1.0 0.0 0.0 0.0 0.0 0.0 0.0 0.0 0.788 0.121 0.121 0.121 2.0 0.462 0.957 0.031
0.0 0.0 1.0 0.0 0.0 0.0 0.0 0.0 0.0 0.0 0.788 0.182 0.182 0.182 2.0 0.462 0.957 0.031
0.0 0.0 1.0 0.0 0.0 0.0 0.0 0.0 0.0 0.0 0.788 0.121 0.121 0.121 2.0 0.462 0.957 0.031
0.0 0.0 1.0 0.0 0.0 0.0 0.0 0.0 0.0 0.0 0.788 0.121 0.121 0.121 2.0 0.462 0.957 0.031
0.0 0.0 1.0 0.0 0.0 0.0 0.0 0.0 0.0 0.0 0.758 0.121 0.121 0.121 2.0 0.519 0.957 0.031
0.0 0.0 1.0 0.0 0.0 0.0 0.0 0.0 0.0 0.0 0.758 0.121 0.121 0.121 2.0 0.519 0.957 0.031
0.0 0.0 1.0 0.0 0.0 0.0 0.0 0.0 0.0 0.0 0.758 0.121 0.121 0.121 2.0 0.519 0.957 0.031
0.0 0.0 1.0 0.0 0.0 0.0 0.0 0.0 0.0 0.0 0.758 0.152 0.152 0.152 2.0 0.519 0.957 0.031
0.0 0.0 1.0 0.0 0.0 0.0 0.0 0.0 0.0 0.0 0.758 0.242 0.242 0.242 2.0 0.538 0.971 0.031
0.0 0.0 1.0 0.0 0.0 0.0 0.0 0.0 0.0 0.0 0.758 0.121 0.121 0.121 2.0 0.519 0.971 0.031
0.0 0.0 1.0 0.0 0.0 0.0 0.0 0.0 0.0 0.0 0.758 0.152 0.152 0.152 2.0 0.519 0.971 0.031
0.0 0.0 1.0 0.0 0.0 0.0 0.0 0.0 0.0 0.0 0.758 0.182 0.182 0.182 2.0 0.519 0.971 0.031
0.0 0.0 0.0 1.0 0.0 0.0 0.0 0.0 1.0 0.0 0.758 0.091 0.091 0.091 2.0 0.135 0.929 0.031
0.0 1.0 0.0 0.0 0.0 0.0 0.0 0.0 0.0 0.0 0.818 0.091 0.091 0.091 1.0 0.135 0.943 0.031
0.0 1.0 0.0 0.0 0.0 0.0 0.0 0.0 0.0 0.0 0.788 0.121 0.121 0.121 2.0 0.115 0.943 0.031
0.0 0.0 0.0 1.0 0.0 0.0 0.0 0.0 1.0 0.0 0.758 0.152 0.152 0.152 2.0 0.135 0.929 0.031
0.0 0.0 0.0 1.0 0.0 0.0 0.0 0.0 1.0 0.0 0.758 0.152 0.152 0.152 2.0 0.154 0.929 0.031
0.0 0.0 0.0 1.0 0.0 0.0 0.0 0.0 1.0 0.0 0.758 0.091 0.091 0.091 2.0 0.135 0.929 0.031
0.0 1.0 0.0 0.0 0.0 0.0 0.0 0.0 0.0 0.0 0.788 0.182 0.182 0.182 2.0 0.135 0.929 0.031
0.0 0.0 0.0 1.0 0.0 0.0 0.0 0.0 1.0 0.0 0.758 0.212 0.212 0.212 2.0 0.135 0.914 0.031
0.0 0.0 0.0 1.0 0.0 0.0 0.0 0.0 1.0 0.0 0.758 0.091 0.091 0.091 2.0 0.135 0.914 0.031
0.0 0.0 0.0 1.0 0.0 0.0 0.0 0.0 1.0 0.0 0.758 0.091 0.091 0.091 2.0 0.135 0.914 0.031
0.0 0.0 0.0 1.0 0.0 0.0 0.0 0.0 1.0 0.0 0.758 0.121 0.121 0.121 2.0 0.135 0.914 0.031
0.0 0.0 0.0 1.0 0.0 0.0 0.0 0.0 1.0 0.0 0.758 0.091 0.091 0.091 2.0 0.135 0.929 0.031
0.0 0.0 0.0 1.0 0.0 0.0 0.0 0.0 1.0 0.0 0.758 0.091 0.091 0.091 2.0 0.135 0.929 0.031
0.0 0.0 0.0 1.0 0.0 0.0 0.0 0.0 1.0 0.0 0.758 0.091 0.091 0.091 2.0 0.135 0.929 0.031
0.0 0.0 0.0 1.0 0.0 0.0 0.0 0.0 1.0 0.0 0.758 0.091 0.091 0.091 2.0 0.135 0.929 0.031
0.0 1.0 0.0 0.0 0.0 0.0 0.0 0.0 0.0 0.0 0.818 0.091 0.091 0.091 1.0 0.135 0.929 0.031
0.0 1.0 0.0 0.0 0.0 0.0 0.0 0.0 0.0 0.0 0.788 0.121 0.121 0.121 2.0 0.115 0.929 0.031
0.0 0.0 0.0 1.0 0.0 0.0 0.0 0.0 1.0 0.0 0.758 0.152 0.152 0.152 2.0 0.135 0.914 0.031
0.0 0.0 0.0 1.0 0.0 0.0 0.0 0.0 1.0 0.0 0.758 0.091 0.091 0.091 2.0 0.135 0.914 0.031
0.0 1.0 0.0 0.0 0.0 0.0 0.0 0.0 0.0 0.0 0.818 0.091 0.091 0.091 1.0 0.135 0.929 0.031
0.0 1.0 0.0 0.0 0.0 0.0 0.0 0.0 0.0 0.0 0.788 0.121 0.121 0.121 2.0 0.115 0.929 0.031
0.0 0.0 0.0 1.0 0.0 0.0 0.0 0.0 1.0 0.0 0.758 0.152 0.152 0.152 2.0 0.135 0.914 0.031
0.0 0.0 0.0 1.0 0.0 0.0 0.0 0.0 1.0 0.0 0.788 0.152 0.152 0.152 2.0 0.115 0.929 0.031
0.0 0.0 0.0 1.0 0.0 0.0 0.0 0.0 1.0 0.0 0.788 0.091 0.091 0.091 2.0 0.135 0.943 0.031
0.0 0.0 0.0 1.0 0.0 0.0 0.0 0.0 1.0 0.0 0.788 0.091 0.091 0.091 2.0 0.135 0.943 0.031
0.0 0.0 0.0 1.0 0.0 0.0 0.0 0.0 1.0 0.0 0.788 0.091 0.091 0.091 2.0 0.135 0.943 0.031
0.0 0.0 0.0 1.0 0.0 0.0 0.0 0.0 1.0 0.0 0.788 0.091 0.091 0.091 2.0 0.135 0.943 0.031
0.0 0.0 0.0 1.0 0.0 0.0 0.0 0.0 1.0 0.0 0.818 0.091 0.091 0.091 2.0 0.135 0.957 0.031
0.0 0.0 0.0 1.0 0.0 0.0 0.0 0.0 1.0 0.0 0.818 0.152 0.152 0.152 2.0 0.135 0.957 0.031
0.0 0.0 0.0 1.0 0.0 0.0 0.0 0.0 1.0 0.0 0.818 0.091 0.091 0.091 2.0 0.135 0.957 0.031
0.0 0.0 0.0 1.0 0.0 0.0 0.0 0.0 1.0 0.0 0.818 0.091 0.091 0.091 2.0 0.135 0.957 0.031
0.0 0.0 0.0 1.0 0.0 0.0 0.0 0.0 1.0 0.0 0.788 0.091 0.091 0.091 2.0 0.135 0.957 0.031
0.0 0.0 0.0 1.0 0.0 0.0 0.0 0.0 1.0 0.0 0.788 0.091 0.091 0.091 2.0 0.135 0.957 0.031
0.0 0.0 0.0 1.0 0.0 0.0 0.0 0.0 1.0 0.0 0.788 0.091 0.091 0.091 2.0 0.135 0.957 0.031
0.0 0.0 0.0 1.0 0.0 0.0 0.0 0.0 1.0 0.0 0.788 0.121 0.121 0.121 2.0 0.135 0.957 0.031
0.0 1.0 0.0 0.0 0.0 0.0 0.0 0.0 0.0 0.0 0.848 0.152 0.152 0.152 1.0 0.154 0.986 0.031
0.0 1.0 0.0 0.0 0.0 0.0 0.0 0.0 0.0 0.0 0.818 0.182 0.182 0.182 2.0 0.115 0.986 0.031
0.0 0.0 0.0 1.0 0.0 0.0 0.0 0.0 1.0 0.0 0.788 0.212 0.212 0.212 2.0 0.135 0.971 0.031
0.0 0.0 0.0 1.0 0.0 0.0 0.0 0.0 1.0 0.0 0.788 0.091 0.091 0.091 2.0 0.135 0.971 0.031
0.0 0.0 0.0 1.0 0.0 0.0 0.0 0.0 1.0 0.0 0.788 0.121 0.121 0.121 2.0 0.135 0.971 0.031
0.0 0.0 0.0 1.0 0.0 0.0 0.0 0.0 1.0 0.0 0.788 0.152 0.152 0.152 2.0 0.154 0.971 0.031
0.0 0.0 0.0 1.0 0.0 0.0 0.0 0.0 1.0 0.0 0.788 0.061 0.061 0.061 2.0 0.115 0.929 0.031
0.0 0.0 0.0 1.0 0.0 0.0 0.0 0.0 0.0 0.0 0.788 0.061 0.061 0.061 2.0 0.154 0.929 0.031
0.0 0.0 0.0 1.0 0.0 0.0 0.0 0.0 1.0 0.0 0.848 0.061 0.061 0.061 2.0 0.115 0.943 0.031
0.0 0.0 0.0 1.0 0.0 0.0 0.0 0.0 0.0 0.0 0.848 0.061 0.061 0.061 2.0 0.192 0.943 0.031
0.0 0.0 0.0 1.0 0.0 0.0 0.0 0.0 1.0 0.0 0.788 0.121 0.121 0.121 2.0 0.135 0.929 0.031
0.0 1.0 0.0 0.0 0.0 0.0 0.0 0.0 0.0 0.0 0.848 0.061 0.061 0.061 1.0 0.115 0.943 0.031
0.0 1.0 0.0 0.0 0.0 0.0 0.0 0.0 0.0 0.0 0.818 0.091 0.091 0.091 2.0 0.115 0.943 0.031
0.0 0.0 0.0 1.0 0.0 0.0 0.0 0.0 0.0 0.0 0.788 0.121 0.121 0.121 2.0 0.154 0.929 0.031
0.0 0.0 0.0 1.0 0.0 0.0 0.0 0.0 1.0 0.0 0.788 0.061 0.061 0.061 2.0 0.115 0.929 0.031
0.0 0.0 0.0 1.0 0.0 0.0 0.0 0.0 0.0 0.0 0.788 0.061 0.061 0.061 2.0 0.154 0.929 0.031
0.0 0.0 0.0 1.0 0.0 0.0 0.0 0.0 1.0 0.0 0.818 0.152 0.152 0.152 2.0 0.135 0.929 0.031
0.0 1.0 0.0 0.0 0.0 0.0 0.0 0.0 0.0 0.0 0.848 0.121 0.121 0.121 2.0 0.135 0.943 0.031
0.0 0.0 0.0 1.0 0.0 0.0 0.0 0.0 0.0 0.0 0.818 0.152 0.152 0.152 2.0 0.173 0.929 0.031
0.0 0.0 0.0 1.0 0.0 0.0 0.0 0.0 1.0 0.0 0.788 0.061 0.061 0.061 2.0 0.115 0.914 0.031
0.0 0.0 0.0 1.0 0.0 0.0 0.0 0.0 0.0 0.0 0.788 0.061 0.061 0.061 2.0 0.154 0.914 0.031
0.0 0.0 0.0 1.0 0.0 0.0 0.0 0.0 1.0 0.0 0.788 0.061 0.061 0.061 2.0 0.115 0.914 0.031
0.0 0.0 0.0 1.0 0.0 0.0 0.0 0.0 0.0 0.0 0.788 0.061 0.061 0.061 2.0 0.154 0.914 0.031
0.0 0.0 0.0 1.0 0.0 0.0 0.0 0.0 1.0 0.0 0.788 0.091 0.091 0.091 2.0 0.115 0.914 0.031
0.0 0.0 0.0 1.0 0.0 0.0 0.0 0.0 0.0 0.0 0.788 0.091 0.091 0.091 2.0 0.154 0.914 0.031
0.0 0.0 0.0 1.0 0.0 0.0 0.0 0.0 1.0 0.0 0.788 0.061 0.061 0.061 2.0 0.115 0.929 0.031
0.0 0.0 0.0 1.0 0.0 0.0 0.0 0.0 0.0 0.0 0.788 0.061 0.061 0.061 2.0 0.154 0.929 0.031
0.0 0.0 0.0 1.0 0.0 0.0 0.0 0.0 1.0 0.0 0.788 0.061 0.061 0.061 2.0 0.115 0.929 0.031
0.0 0.0 0.0 1.0 0.0 0.0 0.0 0.0 0.0 0.0 0.788 0.061 0.061 0.061 2.0 0.154 0.929 0.031
0.0 0.0 0.0 1.0 0.0 0.0 0.0 0.0 1.0 0.0 0.788 0.061 0.061 0.061 2.0 0.115 0.929 0.031
0.0 0.0 0.0 1.0 0.0 0.0 0.0 0.0 0.0 0.0 0.788 0.061 0.061 0.061 2.0 0.154 0.929 0.031
0.0 0.0 0.0 1.0 0.0 0.0 0.0 0.0 1.0 0.0 0.788 0.061 0.061 0.061 2.0 0.115 0.929 0.031
0.0 0.0 0.0 1.0 0.0 0.0 0.0 0.0 0.0 0.0 0.788 0.061 0.061 0.061 2.0 0.154 0.929 0.031
0.0 0.0 0.0 1.0 0.0 0.0 0.0 0.0 1.0 0.0 0.848 0.061 0.061 0.061 2.0 0.115 0.929 0.031
0.0 0.0 0.0 1.0 0.0 0.0 0.0 0.0 0.0 0.0 0.848 0.061 0.061 0.061 2.0 0.192 0.929 0.031
0.0 0.0 0.0 1.0 0.0 0.0 0.0 0.0 1.0 0.0 0.788 0.061 0.061 0.061 2.0 0.115 0.914 0.031
0.0 0.0 0.0 1.0 0.0 0.0 0.0 0.0 0.0 0.0 0.788 0.061 0.061 0.061 2.0 0.154 0.914 0.031
0.0 0.0 0.0 1.0 0.0 0.0 0.0 0.0 1.0 0.0 0.848 0.061 0.061 0.061 2.0 0.115 0.929 0.031
0.0 0.0 0.0 1.0 0.0 0.0 0.0 0.0 0.0 0.0 0.848 0.061 0.061 0.061 2.0 0.192 0.929 0.031
0.0 0.0 0.0 1.0 0.0 0.0 0.0 0.0 1.0 0.0 0.818 0.121 0.121 0.121 2.0 0.115 0.929 0.031
0.0 0.0 0.0 1.0 0.0 0.0 0.0 0.0 0.0 0.0 0.818 0.121 0.121 0.121 2.0 0.135 0.929 0.031
0.0 0.0 0.0 1.0 0.0 0.0 0.0 0.0 1.0 0.0 0.818 0.061 0.061 0.061 2.0 0.115 0.943 0.031
0.0 0.0 0.0 1.0 0.0 0.0 0.0 0.0 0.0 0.0 0.818 0.061 0.061 0.061 2.0 0.154 0.943 0.031
0.0 0.0 0.0 1.0 0.0 0.0 0.0 0.0 1.0 0.0 0.818 0.061 0.061 0.061 2.0 0.115 0.943 0.031
0.0 0.0 0.0 1.0 0.0 0.0 0.0 0.0 0.0 0.0 0.818 0.061 0.061 0.061 2.0 0.154 0.943 0.031
0.0 0.0 0.0 1.0 0.0 0.0 0.0 0.0 1.0 0.0 0.818 0.061 0.061 0.061 2.0 0.115 0.943 0.031
0.0 0.0 0.0 1.0 0.0 0.0 0.0 0.0 0.0 0.0 0.818 0.061 0.061 0.061 2.0 0.154 0.943 0.031
0.0 0.0 0.0 1.0 0.0 0.0 0.0 0.0 1.0 0.0 0.818 0.061 0.061 0.061 2.0 0.115 0.943 0.031
0.0 0.0 0.0 1.0 0.0 0.0 0.0 0.0 0.0 0.0 0.818 0.061 0.061 0.061 2.0 0.154 0.943 0.031
0.0 0.0 0.0 1.0 0.0 0.0 0.0 0.0 1.0 0.0 0.848 0.061 0.061 0.061 2.0 0.115 0.957 0.031
0.0 0.0 0.0 1.0 0.0 0.0 0.0 0.0 0.0 0.0 0.848 0.061 0.061 0.061 2.0 0.154 0.957 0.031
0.0 0.0 0.0 1.0 0.0 0.0 0.0 0.0 1.0 0.0 0.848 0.121 0.121 0.121 2.0 0.115 0.957 0.031
0.0 0.0 0.0 1.0 0.0 0.0 0.0 0.0 0.0 0.0 0.848 0.121 0.121 0.121 2.0 0.154 0.957 0.031
0.0 0.0 0.0 1.0 0.0 0.0 0.0 0.0 1.0 0.0 0.848 0.061 0.061 0.061 2.0 0.115 0.957 0.031
0.0 0.0 0.0 1.0 0.0 0.0 0.0 0.0 0.0 0.0 0.848 0.061 0.061 0.061 2.0 0.154 0.957 0.031
0.0 0.0 0.0 1.0 0.0 0.0 0.0 0.0 1.0 0.0 0.848 0.061 0.061 0.061 2.0 0.115 0.957 0.031
0.0 0.0 0.0 1.0 0.0 0.0 0.0 0.0 0.0 0.0 0.848 0.061 0.061 0.061 2.0 0.154 0.957 0.031
0.0 0.0 0.0 1.0 0.0 0.0 0.0 0.0 1.0 0.0 0.818 0.061 0.061 0.061 2.0 0.115 0.957 0.031
0.0 0.0 0.0 1.0 0.0 0.0 0.0 0.0 0.0 0.0 0.818 0.061 0.061 0.061 2.0 0.154 0.957 0.031
0.0 0.0 0.0 1.0 0.0 0.0 0.0 0.0 1.0 0.0 0.818 0.061 0.061 0.061 2.0 0.115 0.957 0.031
0.0 0.0 0.0 1.0 0.0 0.0 0.0 0.0 0.0 0.0 0.818 0.061 0.061 0.061 2.0 0.154 0.957 0.031
0.0 0.0 0.0 1.0 0.0 0.0 0.0 0.0 1.0 0.0 0.818 0.061 0.061 0.061 2.0 0.115 0.957 0.031
0.0 0.0 0.0 1.0 0.0 0.0 0.0 0.0 0.0 0.0 0.818 0.061 0.061 0.061 2.0 0.154 0.957 0.031
0.0 0.0 0.0 1.0 0.0 0.0 0.0 0.0 1.0 0.0 0.818 0.091 0.091 0.091 2.0 0.115 0.957 0.031
0.0 0.0 0.0 1.0 0.0 0.0 0.0 0.0 0.0 0.0 0.818 0.091 0.091 0.091 2.0 0.154 0.957 0.031
0.0 0.0 0.0 1.0 0.0 0.0 0.0 0.0 1.0 0.0 0.879 0.121 0.121 0.121 2.0 0.135 0.986 0.031
0.0 1.0 0.0 0.0 0.0 0.0 0.0 0.0 0.0 0.0 0.939 0.061 0.061 0.061 1.0 0.115 1.000 0.031
0.0 1.0 0.0 0.0 0.0 0.0 0.0 0.0 0.0 0.0 0.909 0.091 0.091 0.091 2.0 0.115 1.000 0.031
0.0 0.0 0.0 1.0 0.0 0.0 0.0 0.0 0.0 0.0 0.879 0.121 0.121 0.121 2.0 0.192 0.986 0.031
0.0 0.0 0.0 1.0 0.0 0.0 0.0 0.0 1.0 0.0 0.818 0.061 0.061 0.061 2.0 0.115 0.971 0.031
0.0 0.0 0.0 1.0 0.0 0.0 0.0 0.0 0.0 0.0 0.818 0.061 0.061 0.061 2.0 0.154 0.971 0.031
0.0 0.0 0.0 1.0 0.0 0.0 0.0 0.0 1.0 0.0 0.818 0.091 0.091 0.091 2.0 0.115 0.971 0.031
0.0 0.0 0.0 1.0 0.0 0.0 0.0 0.0 0.0 0.0 0.818 0.091 0.091 0.091 2.0 0.154 0.971 0.031
0.0 1.0 0.0 0.0 0.0 0.0 0.0 0.0 0.0 0.0 0.879 0.061 0.061 0.061 1.0 0.115 0.986 0.031
0.0 1.0 0.0 0.0 0.0 0.0 0.0 0.0 0.0 0.0 0.848 0.091 0.091 0.091 2.0 0.096 0.986 0.031
0.0 0.0 0.0 1.0 0.0 0.0 0.0 0.0 1.0 0.0 0.818 0.121 0.121 0.121 2.0 0.115 0.971 0.031
0.0 0.0 0.0 1.0 0.0 0.0 0.0 0.0 0.0 0.0 0.818 0.121 0.121 0.121 2.0 0.173 0.971 0.031
0.0 0.0 0.0 1.0 0.0 0.0 0.0 0.0 0.0 0.0 0.818 0.030 0.030 0.030 2.0 0.115 0.929 0.031
0.0 0.0 0.0 1.0 0.0 0.0 0.0 0.0 0.0 0.0 0.879 0.030 0.030 0.030 2.0 0.115 0.943 0.031
0.0 0.0 0.0 1.0 0.0 0.0 0.0 0.0 0.0 0.0 0.879 0.030 0.030 0.030 2.0 0.115 0.943 0.031
0.0 0.0 0.0 1.0 0.0 0.0 0.0 0.0 0.0 0.0 0.818 0.030 0.030 0.030 2.0 0.115 0.929 0.031
0.0 1.0 0.0 0.0 0.0 0.0 0.0 0.0 0.0 0.0 0.939 0.030 0.030 0.030 1.0 0.077 0.957 0.031
0.0 1.0 0.0 0.0 0.0 0.0 0.0 0.0 0.0 0.0 0.909 0.061 0.061 0.061 2.0 0.115 0.957 0.031
0.0 0.0 0.0 1.0 0.0 0.0 0.0 0.0 0.0 0.0 0.879 0.091 0.091 0.091 2.0 0.135 0.943 0.031
0.0 0.0 0.0 1.0 0.0 0.0 0.0 0.0 0.0 0.0 0.818 0.030 0.030 0.030 2.0 0.115 0.914 0.031
0.0 0.0 0.0 1.0 0.0 0.0 0.0 0.0 0.0 0.0 0.818 0.030 0.030 0.030 2.0 0.115 0.914 0.031
0.0 1.0 0.0 0.0 0.0 0.0 0.0 0.0 0.0 0.0 0.848 0.030 0.030 0.030 2.0 0.096 0.929 0.031
0.0 0.0 0.0 1.0 0.0 0.0 0.0 0.0 0.0 0.0 0.818 0.061 0.061 0.061 2.0 0.135 0.914 0.031
0.0 0.0 0.0 1.0 0.0 0.0 0.0 0.0 0.0 0.0 0.818 0.030 0.030 0.030 2.0 0.115 0.929 0.031
0.0 0.0 0.0 1.0 0.0 0.0 0.0 0.0 0.0 0.0 0.818 0.030 0.030 0.030 2.0 0.115 0.929 0.031
0.0 0.0 0.0 1.0 0.0 0.0 0.0 0.0 0.0 0.0 0.818 0.030 0.030 0.030 2.0 0.115 0.929 0.031
0.0 0.0 0.0 1.0 0.0 0.0 0.0 0.0 0.0 0.0 0.818 0.030 0.030 0.030 2.0 0.115 0.929 0.031
0.0 0.0 0.0 1.0 0.0 0.0 0.0 0.0 0.0 0.0 0.879 0.030 0.030 0.030 2.0 0.115 0.929 0.031
0.0 0.0 0.0 1.0 0.0 0.0 0.0 0.0 0.0 0.0 0.818 0.030 0.030 0.030 2.0 0.115 0.914 0.031
0.0 0.0 0.0 1.0 0.0 0.0 0.0 0.0 0.0 0.0 0.879 0.030 0.030 0.030 2.0 0.115 0.929 0.031
0.0 0.0 0.0 1.0 0.0 0.0 0.0 0.0 0.0 0.0 0.848 0.091 0.091 0.091 2.0 0.135 0.929 0.031
0.0 0.0 0.0 1.0 0.0 0.0 0.0 0.0 0.0 0.0 0.848 0.030 0.030 0.030 2.0 0.115 0.943 0.031
0.0 0.0 0.0 1.0 0.0 0.0 0.0 0.0 0.0 0.0 0.848 0.030 0.030 0.030 2.0 0.115 0.943 0.031
0.0 0.0 0.0 1.0 0.0 0.0 0.0 0.0 0.0 0.0 0.848 0.030 0.030 0.030 2.0 0.115 0.943 0.031
0.0 0.0 0.0 1.0 0.0 0.0 0.0 0.0 0.0 0.0 0.848 0.030 0.030 0.030 2.0 0.115 0.943 0.031
0.0 0.0 0.0 1.0 0.0 0.0 0.0 0.0 0.0 0.0 0.879 0.030 0.030 0.030 2.0 0.115 0.957 0.031
0.0 1.0 0.0 0.0 0.0 0.0 0.0 0.0 0.0 0.0 0.939 0.030 0.030 0.030 1.0 0.077 0.971 0.031
0.0 1.0 0.0 0.0 0.0 0.0 0.0 0.0 0.0 0.0 0.909 0.061 0.061 0.061 2.0 0.115 0.971 0.031
0.0 0.0 0.0 1.0 0.0 0.0 0.0 0.0 0.0 0.0 0.879 0.091 0.091 0.091 2.0 0.135 0.957 0.031
0.0 0.0 0.0 1.0 0.0 0.0 0.0 0.0 0.0 0.0 0.879 0.030 0.030 0.030 2.0 0.115 0.957 0.031
0.0 0.0 0.0 1.0 0.0 0.0 0.0 0.0 0.0 0.0 0.879 0.030 0.030 0.030 2.0 0.115 0.957 0.031
0.0 0.0 0.0 1.0 0.0 0.0 0.0 0.0 0.0 0.0 0.848 0.030 0.030 0.030 2.0 0.115 0.957 0.031
0.0 0.0 0.0 1.0 0.0 0.0 0.0 0.0 0.0 0.0 0.848 0.030 0.030 0.030 2.0 0.115 0.957 0.031
0.0 0.0 0.0 1.0 0.0 0.0 0.0 0.0 0.0 0.0 0.848 0.030 0.030 0.030 2.0 0.115 0.957 0.031
0.0 1.0 0.0 0.0 0.0 0.0 0.0 0.0 0.0 0.0 0.879 0.030 0.030 0.030 2.0 0.096 0.971 0.031
0.0 0.0 0.0 1.0 0.0 0.0 0.0 0.0 0.0 0.0 0.848 0.061 0.061 0.061 2.0 0.135 0.957 0.031
0.0 0.0 0.0 1.0 0.0 0.0 0.0 0.0 0.0 0.0 0.970 0.030 0.030 0.030 2.0 0.115 1.000 0.031
0.0 0.0 0.0 1.0 0.0 0.0 0.0 0.0 0.0 0.0 0.848 0.030 0.030 0.030 2.0 0.115 0.971 0.031
0.0 0.0 0.0 1.0 0.0 0.0 0.0 0.0 0.0 0.0 0.848 0.061 0.061 0.061 2.0 0.135 0.971 0.031
0.0 0.0 0.0 1.0 0.0 0.0 0.0 0.0 0.0 0.0 0.909 0.030 0.030 0.030 2.0 0.135 0.986 0.031
1.0 0.0 0.0 0.0 0.0 0.0 0.0 0.0 0.0 1.0 0.848 0.000 0.000 0.000 1.0 0.077 0.929 0.031
1.0 0.0 0.0 0.0 0.0 0.0 0.0 0.0 0.0 1.0 0.909 0.000 0.000 0.000 1.0 0.077 0.943 0.031
1.0 0.0 0.0 0.0 0.0 0.0 0.0 0.0 0.0 1.0 0.909 0.000 0.000 0.000 1.0 0.077 0.943 0.031
1.0 0.0 0.0 0.0 0.0 0.0 0.0 0.0 0.0 1.0 0.848 0.000 0.000 0.000 1.0 0.077 0.929 0.031
1.0 0.0 0.0 0.0 0.0 0.0 0.0 0.0 0.0 1.0 0.970 0.000 0.000 0.000 1.0 0.058 0.957 0.031
1.0 0.0 0.0 0.0 0.0 0.0 0.0 0.0 0.0 1.0 0.848 0.000 0.000 0.000 1.0 0.077 0.914 0.031
1.0 0.0 0.0 0.0 0.0 0.0 0.0 0.0 0.0 1.0 0.848 0.000 0.000 0.000 1.0 0.077 0.914 0.031
1.0 0.0 0.0 0.0 0.0 0.0 0.0 0.0 0.0 1.0 0.879 0.000 0.000 0.000 1.0 0.058 0.929 0.031
1.0 0.0 0.0 0.0 0.0 0.0 0.0 0.0 0.0 1.0 0.848 0.000 0.000 0.000 1.0 0.077 0.929 0.031
1.0 0.0 0.0 0.0 0.0 0.0 0.0 0.0 0.0 1.0 0.848 0.000 0.000 0.000 1.0 0.077 0.929 0.031
1.0 0.0 0.0 0.0 0.0 0.0 0.0 0.0 0.0 1.0 0.848 0.000 0.000 0.000 1.0 0.077 0.929 0.031
1.0 0.0 0.0 0.0 0.0 0.0 0.0 0.0 0.0 1.0 0.848 0.000 0.000 0.000 1.0 0.077 0.929 0.031
1.0 0.0 0.0 0.0 0.0 0.0 0.0 0.0 0.0 1.0 0.909 0.000 0.000 0.000 1.0 0.077 0.929 0.031
1.0 0.0 0.0 0.0 0.0 0.0 0.0 0.0 0.0 1.0 0.848 0.000 0.000 0.000 1.0 0.077 0.914 0.031
1.0 0.0 0.0 0.0 0.0 0.0 0.0 0.0 0.0 1.0 0.909 0.000 0.000 0.000 1.0 0.077 0.929 0.031
0.0 1.0 0.0 0.0 0.0 0.0 0.0 0.0 0.0 1.0 0.939 0.000 0.000 0.000 1.0 0.058 0.943 0.031
0.0 1.0 0.0 0.0 0.0 0.0 0.0 0.0 0.0 0.0 0.909 0.030 0.030 0.030 2.0 0.077 0.943 0.031
1.0 0.0 0.0 0.0 0.0 0.0 0.0 0.0 0.0 0.0 0.879 0.061 0.061 0.061 1.0 0.115 0.929 0.031
1.0 0.0 0.0 0.0 0.0 0.0 0.0 0.0 0.0 1.0 0.879 0.000 0.000 0.000 1.0 0.077 0.943 0.031
1.0 0.0 0.0 0.0 0.0 0.0 0.0 0.0 0.0 1.0 0.879 0.000 0.000 0.000 1.0 0.077 0.943 0.031
1.0 0.0 0.0 0.0 0.0 0.0 0.0 0.0 0.0 1.0 0.879 0.000 0.000 0.000 1.0 0.077 0.943 0.031
1.0 0.0 0.0 0.0 0.0 0.0 0.0 0.0 0.0 1.0 0.879 0.000 0.000 0.000 1.0 0.077 0.943 0.031
1.0 0.0 0.0 0.0 0.0 0.0 0.0 0.0 0.0 1.0 0.909 0.000 0.000 0.000 1.0 0.077 0.957 0.031
1.0 0.0 0.0 0.0 0.0 0.0 0.0 0.0 0.0 1.0 0.970 0.000 0.000 0.000 1.0 0.058 0.971 0.031
1.0 0.0 0.0 0.0 0.0 0.0 0.0 0.0 0.0 1.0 0.909 0.000 0.000 0.000 1.0 0.077 0.957 0.031
1.0 0.0 0.0 0.0 0.0 0.0 0.0 0.0 0.0 1.0 0.909 0.000 0.000 0.000 1.0 0.077 0.957 0.031
1.0 0.0 0.0 0.0 0.0 0.0 0.0 0.0 0.0 1.0 0.879 0.000 0.000 0.000 1.0 0.077 0.957 0.031
1.0 0.0 0.0 0.0 0.0 0.0 0.0 0.0 0.0 1.0 0.879 0.000 0.000 0.000 1.0 0.077 0.957 0.031
1.0 0.0 0.0 0.0 0.0 0.0 0.0 0.0 0.0 1.0 0.879 0.000 0.000 0.000 1.0 0.077 0.957 0.031
1.0 0.0 0.0 0.0 0.0 0.0 0.0 0.0 0.0 1.0 0.909 0.000 0.000 0.000 1.0 0.058 0.971 0.031
1.0 0.0 0.0 0.0 0.0 0.0 0.0 0.0 0.0 1.0 1.000 0.000 0.000 0.000 1.0 0.077 1.000 0.031
1.0 0.0 0.0 0.0 0.0 0.0 0.0 0.0 0.0 1.0 0.879 0.000 0.000 0.000 1.0 0.077 0.971 0.031
0.0 1.0 0.0 0.0 0.0 0.0 0.0 0.0 0.0 1.0 0.909 0.000 0.000 0.000 2.0 0.058 0.986 0.031
1.0 0.0 0.0 0.0 0.0 0.0 0.0 0.0 0.0 0.0 0.879 0.030 0.030 0.030 1.0 0.096 0.971 0.031
1.0 0.0 0.0 0.0 0.0 0.0 0.0 0.0 0.0 1.0 0.939 0.000 0.000 0.000 1.0 0.077 0.986 0.031
