0.0 0.0 1.0 0.0 0.0 0.0 0.0 0.0 0.0 0.0 0.514 0.200 0.400 1.0 0.400 0.240 0.857
0.0 0.0 1.0 0.0 0.0 0.0 0.0 0.0 0.0 0.0 0.514 0.200 0.400 1.0 0.400 0.240 0.857
0.0 0.0 1.0 0.0 0.0 0.0 0.0 0.0 0.0 0.0 0.543 0.171 0.371 1.0 0.764 0.240 0.857
1.0 0.0 0.0 0.0 0.0 0.0 0.0 0.0 0.0 0.0 0.571 0.229 0.343 1.0 0.382 0.253 0.429
1.0 0.0 0.0 0.0 0.0 0.0 0.0 0.0 0.0 0.0 0.571 0.229 0.343 1.0 0.382 0.253 0.429
1.0 0.0 0.0 0.0 0.0 0.0 0.0 0.0 0.0 0.0 0.571 0.229 0.343 1.0 0.291 0.253 0.429
1.0 0.0 0.0 0.0 0.0 0.0 0.0 0.0 0.0 0.0 0.600 0.200 0.314 1.0 0.127 0.253 0.429
1.0 0.0 0.0 0.0 0.0 0.0 0.0 0.0 0.0 0.0 0.571 0.171 0.171 1.0 0.309 0.253 0.086
1.0 0.0 0.0 0.0 0.0 0.0 0.0 0.0 0.0 0.0 0.571 0.171 0.229 1.0 0.309 0.253 0.086
0.0 1.0 0.0 0.0 0.0 0.0 0.0 0.0 0.0 0.0 0.629 0.171 0.286 3.0 0.509 0.627 0.429
0.0 1.0 0.0 0.0 0.0 0.0 0.0 0.0 0.0 0.0 0.600 0.200 0.314 3.0 0.509 0.613 0.429
0.0 1.0 0.0 0.0 0.0 0.0 0.0 0.0 0.0 0.0 0.571 0.143 0.171 1.0 0.436 0.467 0.086
0.0 1.0 0.0 0.0 0.0 0.0 0.0 0.0 0.0 0.0 0.571 0.143 0.171 1.0 0.436 0.453 0.086
0.0 1.0 0.0 0.0 0.0 0.0 0.0 0.0 0.0 0.0 0.714 0.200 0.200 1.0 0.473 0.933 0.000
0.0 1.0 0.0 0.0 0.0 0.0 0.0 0.0 0.0 0.0 0.714 0.086 0.086 1.0 0.473 0.933 0.000
0.0 1.0 0.0 0.0 0.0 0.0 0.0 0.0 0.0 0.0 0.714 0.114 0.114 1.0 0.473 0.907 0.000
0.0 1.0 0.0 0.0 0.0 0.0 0.0 0.0 0.0 0.0 0.743 0.086 0.086 1.0 0.418 0.933 0.000
