0.0 0.0 0.0 0.0 0.0 0.0 0.0 1.0 1.0 0.0 0.607 0.000 0.000 0.000 2.0 0.133 0.821 0.000
0.0 0.0 0.0 0.0 0.0 1.0 0.0 0.0 0.0 0.0 0.857 0.000 0.000 0.000 2.0 0.133 1.000 0.000
0.0 0.0 0.0 0.0 0.0 1.0 0.0 0.0 1.0 0.0 0.821 0.000 0.000 0.000 4.0 0.378 1.000 0.000
0.0 0.0 0.0 0.0 0.0 1.0 0.0 0.0 0.0 0.0 0.750 0.000 0.000 0.000 4.0 0.378 0.872 0.000
0.0 1.0 0.0 0.0 0.0 0.0 0.0 0.0 0.0 0.0 0.107 0.000 0.000 0.000 2.0 0.244 0.064 0.000
0.0 0.0 0.0 0.0 0.0 1.0 0.0 0.0 0.0 0.0 0.643 0.000 0.000 0.000 2.0 0.378 0.654 0.000
0.0 0.0 0.0 0.0 0.0 1.0 0.0 0.0 0.0 0.0 0.607 0.000 0.000 0.000 2.0 0.222 0.654 0.000
0.0 0.0 0.0 0.0 0.0 1.0 0.0 0.0 0.0 0.0 0.464 0.000 0.000 0.000 2.0 0.400 0.397 0.000
0.0 0.0 0.0 0.0 0.0 1.0 0.0 0.0 0.0 0.0 0.679 0.000 0.000 0.000 2.0 0.289 0.833 0.000
0.0 0.0 0.0 0.0 0.0 1.0 0.0 0.0 0.0 0.0 0.607 0.000 0.000 0.000 2.0 0.267 0.513 0.000
0.0 0.0 1.0 0.0 0.0 0.0 0.0 0.0 0.0 0.0 0.643 0.000 0.000 0.000 3.0 0.533 0.833 0.000
0.0 0.0 0.0 0.0 0.0 1.0 0.0 0.0 0.0 0.0 0.714 0.000 0.000 0.000 3.0 0.556 0.846 0.000
0.0 0.0 0.0 0.0 0.0 1.0 0.0 0.0 0.0 0.0 0.679 0.000 0.000 0.000 2.0 0.267 0.833 0.000
0.0 1.0 0.0 0.0 0.0 0.0 0.0 0.0 0.0 0.0 0.571 0.000 0.000 0.000 1.0 0.311 0.474 0.000
0.0 0.0 0.0 0.0 0.0 1.0 0.0 0.0 0.0 0.0 0.643 0.000 0.000 0.000 3.0 0.511 0.679 0.000
0.0 0.0 0.0 1.0 0.0 0.0 0.0 0.0 0.0 0.0 0.607 0.000 0.000 0.000 3.0 0.444 0.538 0.000
0.0 0.0 0.0 1.0 0.0 0.0 0.0 0.0 0.0 0.0 0.571 0.000 0.000 0.000 2.0 0.267 0.526 0.000
0.0 0.0 0.0 0.0 0.0 0.0 1.0 0.0 0.0 0.0 0.500 0.000 0.000 0.000 2.0 0.200 0.346 0.000
0.0 1.0 0.0 0.0 0.0 0.0 0.0 0.0 0.0 0.0 0.464 0.000 0.000 0.000 2.0 0.200 0.321 0.000
0.0 0.0 0.0 1.0 0.0 0.0 0.0 0.0 0.0 0.0 0.536 0.000 0.000 0.000 3.0 0.378 0.500 0.000
0.0 0.0 0.0 0.0 0.0 1.0 0.0 0.0 1.0 0.0 0.571 0.000 0.000 0.000 3.0 0.178 0.833 0.000
0.0 0.0 1.0 0.0 0.0 0.0 0.0 0.0 0.0 0.0 0.536 0.000 0.000 0.000 4.0 0.444 0.821 0.000
0.0 0.0 0.0 0.0 0.0 1.0 0.0 0.0 0.0 0.0 0.500 0.000 0.000 0.000 3.0 0.333 0.577 0.000
0.0 0.0 0.0 0.0 0.0 0.0 0.0 1.0 1.0 0.0 0.429 0.000 0.000 0.000 2.0 0.156 0.256 0.000
0.0 1.0 0.0 0.0 0.0 0.0 0.0 0.0 0.0 0.0 0.393 0.000 0.000 0.000 2.0 0.111 0.244 0.000
0.0 1.0 0.0 0.0 0.0 0.0 0.0 0.0 0.0 0.0 0.357 0.000 0.000 0.000 2.0 0.156 0.231 0.000
0.0 0.0 0.0 0.0 0.0 0.0 0.0 1.0 1.0 0.0 0.464 0.000 0.000 0.000 2.0 0.156 0.333 0.000
0.0 1.0 0.0 0.0 0.0 0.0 0.0 0.0 0.0 0.0 0.429 0.000 0.000 0.000 2.0 0.156 0.321 0.000
0.0 1.0 0.0 0.0 0.0 0.0 0.0 0.0 0.0 0.0 0.321 0.000 0.000 0.000 2.0 0.333 0.244 0.000
0.0 0.0 0.0 0.0 0.0 0.0 1.0 0.0 0.0 0.0 0.893 0.000 0.000 0.000 2.0 0.133 0.923 0.000
0.0 0.0 0.0 1.0 0.0 0.0 0.0 0.0 1.0 0.0 0.071 0.000 0.000 0.000 2.0 0.089 0.038 0.000
0.0 0.0 0.0 1.0 0.0 0.0 0.0 0.0 1.0 0.0 0.036 0.000 0.000 0.000 2.0 0.067 0.026 0.000
0.0 1.0 0.0 0.0 0.0 0.0 0.0 0.0 0.0 0.0 0.857 0.000 0.000 0.000 3.0 0.178 0.923 0.000
0.0 1.0 0.0 0.0 0.0 0.0 0.0 0.0 0.0 0.0 0.821 0.000 0.000 0.000 2.0 0.178 0.910 0.000
0.0 0.0 0.0 1.0 0.0 0.0 0.0 0.0 0.0 0.0 0.786 0.000 0.000 0.000 3.0 0.222 0.897 0.000
0.0 0.0 0.0 0.0 1.0 0.0 0.0 0.0 0.0 0.0 0.750 0.000 0.000 0.000 2.0 0.356 0.897 0.000
0.0 0.0 0.0 1.0 0.0 0.0 0.0 0.0 0.0 0.0 0.750 0.000 0.000 0.000 3.0 0.511 0.897 0.000
0.0 0.0 0.0 1.0 0.0 0.0 0.0 0.0 1.0 0.0 0.250 0.000 0.000 0.000 2.0 0.156 0.179 0.000
0.0 0.0 0.0 1.0 0.0 0.0 0.0 0.0 1.0 0.0 0.214 0.000 0.000 0.000 2.0 0.200 0.167 0.000
1.0 0.0 0.0 0.0 0.0 0.0 0.0 0.0 1.0 0.0 0.786 0.000 0.000 0.000 4.0 0.289 0.910 0.000
0.0 0.0 0.0 0.0 0.0 0.0 0.0 1.0 0.0 0.0 0.179 0.000 0.000 0.000 2.0 0.378 0.154 0.000
0.0 0.0 0.0 0.0 0.0 0.0 1.0 0.0 0.0 0.0 0.143 0.000 0.000 0.000 2.0 0.267 0.064 0.000
0.0 0.0 0.0 0.0 0.0 0.0 1.0 0.0 1.0 0.0 0.071 0.000 0.000 0.000 2.0 0.156 0.026 0.000
0.0 0.0 0.0 0.0 0.0 0.0 1.0 0.0 0.0 0.0 0.143 0.000 0.000 0.000 2.0 0.289 0.090 0.000
0.0 0.0 0.0 1.0 0.0 0.0 0.0 0.0 0.0 0.0 0.893 0.000 0.000 0.000 3.0 0.178 0.885 0.000
0.0 0.0 0.0 0.0 1.0 0.0 0.0 0.0 0.0 0.0 0.821 0.000 0.000 0.000 2.0 0.178 0.885 0.000
0.0 0.0 0.0 1.0 0.0 0.0 0.0 0.0 1.0 0.0 0.821 0.000 0.000 0.000 3.0 0.178 0.885 0.000
0.0 0.0 0.0 1.0 0.0 0.0 0.0 0.0 1.0 0.0 0.036 0.000 0.000 0.000 2.0 0.111 0.026 0.000
0.0 0.0 0.0 1.0 0.0 0.0 0.0 0.0 0.0 0.0 0.857 0.000 0.000 0.000 2.0 0.311 0.885 0.000
0.0 0.0 0.0 1.0 0.0 0.0 0.0 0.0 0.0 0.0 0.821 0.000 0.000 0.000 2.0 0.244 0.885 0.000
0.0 0.0 0.0 0.0 1.0 0.0 0.0 0.0 0.0 0.0 0.750 0.000 0.000 0.000 2.0 0.311 0.872 0.000
0.0 1.0 0.0 0.0 0.0 0.0 0.0 0.0 0.0 0.0 0.786 0.000 0.000 0.000 2.0 0.267 0.885 0.000
0.0 0.0 0.0 1.0 0.0 0.0 0.0 0.0 0.0 0.0 0.750 0.000 0.000 0.000 3.0 0.378 0.872 0.000
0.0 0.0 0.0 1.0 0.0 0.0 0.0 0.0 1.0 0.0 0.071 0.000 0.000 0.000 2.0 0.156 0.026 0.000
0.0 0.0 0.0 0.0 0.0 0.0 0.0 1.0 0.0 0.0 0.179 0.000 0.000 0.000 2.0 0.267 0.128 0.000
0.0 1.0 0.0 0.0 0.0 0.0 0.0 0.0 0.0 0.0 0.143 0.000 0.000 0.000 2.0 0.178 0.051 0.000
0.0 0.0 0.0 0.0 0.0 0.0 1.0 0.0 0.0 0.0 0.107 0.000 0.000 0.000 2.0 0.244 0.077 0.000
0.0 0.0 0.0 0.0 0.0 1.0 0.0 0.0 0.0 0.0 0.929 0.000 0.000 0.000 2.0 0.244 0.936 0.000
0.0 0.0 0.0 0.0 0.0 0.0 1.0 0.0 0.0 0.0 0.893 0.000 0.000 0.000 2.0 0.200 0.936 0.000
0.0 1.0 0.0 0.0 0.0 0.0 0.0 0.0 1.0 0.0 0.857 0.000 0.000 0.000 3.0 0.244 0.936 0.000
0.0 0.0 0.0 0.0 0.0 1.0 0.0 0.0 0.0 0.0 0.929 0.000 0.000 0.000 2.0 0.133 0.936 0.000
0.0 1.0 0.0 0.0 0.0 0.0 0.0 0.0 0.0 0.0 0.107 0.000 0.000 0.000 2.0 0.222 0.038 0.000
0.0 0.0 0.0 0.0 0.0 0.0 1.0 0.0 0.0 0.0 0.893 0.000 0.000 0.000 2.0 0.200 0.923 0.000
0.0 0.0 0.0 1.0 0.0 0.0 0.0 0.0 1.0 0.0 0.857 0.000 0.000 0.000 2.0 0.244 0.923 0.000
0.0 0.0 0.0 0.0 0.0 1.0 0.0 0.0 0.0 0.0 0.929 0.000 0.000 0.000 2.0 0.244 0.923 0.000
0.0 0.0 0.0 0.0 0.0 0.0 1.0 0.0 0.0 0.0 0.893 0.000 0.000 0.000 2.0 0.200 0.923 0.000
0.0 0.0 0.0 1.0 0.0 0.0 0.0 0.0 1.0 0.0 0.857 0.000 0.000 0.000 2.0 0.244 0.923 0.000
0.0 0.0 0.0 0.0 0.0 0.0 1.0 0.0 1.0 0.0 0.643 0.000 0.000 0.000 2.0 0.067 0.833 0.000
0.0 1.0 0.0 0.0 0.0 0.0 0.0 0.0 0.0 0.0 0.607 0.000 0.000 0.000 2.0 0.156 0.833 0.000
0.0 0.0 0.0 0.0 0.0 1.0 0.0 0.0 0.0 0.0 0.964 0.000 0.000 0.000 2.0 0.244 0.923 0.000
0.0 0.0 0.0 0.0 0.0 0.0 1.0 0.0 0.0 0.0 0.929 0.000 0.000 0.000 2.0 0.178 0.923 0.000
0.0 0.0 0.0 0.0 0.0 0.0 0.0 1.0 0.0 0.0 0.321 0.000 0.000 0.000 2.0 0.267 0.244 0.000
0.0 0.0 0.0 0.0 0.0 0.0 1.0 0.0 1.0 0.0 0.893 0.000 0.000 0.000 2.0 0.133 0.923 0.000
0.0 0.0 0.0 1.0 0.0 0.0 0.0 0.0 1.0 0.0 0.857 0.000 0.000 0.000 2.0 0.222 0.923 0.000
0.0 0.0 0.0 0.0 0.0 1.0 0.0 0.0 0.0 0.0 0.964 0.000 0.000 0.000 2.0 0.244 0.923 0.000
0.0 0.0 0.0 0.0 0.0 0.0 1.0 0.0 0.0 0.0 0.929 0.000 0.000 0.000 2.0 0.200 0.923 0.000
0.0 0.0 0.0 0.0 0.0 0.0 1.0 0.0 0.0 0.0 0.321 0.000 0.000 0.000 2.0 0.244 0.205 0.000
0.0 0.0 0.0 0.0 0.0 0.0 0.0 1.0 1.0 0.0 0.071 0.000 0.000 0.000 2.0 0.222 0.038 0.000
0.0 0.0 0.0 0.0 0.0 0.0 1.0 0.0 0.0 0.0 0.893 0.000 0.000 0.000 2.0 0.200 0.923 0.000
0.0 0.0 0.0 0.0 0.0 0.0 1.0 0.0 0.0 0.0 0.107 0.000 0.000 0.000 2.0 0.222 0.038 0.000
0.0 0.0 0.0 1.0 0.0 0.0 0.0 0.0 1.0 0.0 0.857 0.000 0.000 0.000 2.0 0.244 0.923 0.000
0.0 0.0 0.0 0.0 0.0 1.0 0.0 0.0 0.0 0.0 1.000 0.000 0.000 0.000 2.0 0.244 0.987 0.000
0.0 0.0 0.0 0.0 0.0 1.0 0.0 0.0 0.0 0.0 0.964 0.000 0.000 0.000 2.0 0.178 0.987 0.000
0.0 1.0 0.0 0.0 0.0 0.0 0.0 0.0 0.0 0.0 0.929 0.000 0.000 0.000 2.0 0.156 0.974 0.000
0.0 0.0 0.0 1.0 0.0 0.0 0.0 0.0 0.0 0.0 0.893 0.000 0.000 0.000 2.0 0.178 0.962 0.000
0.0 1.0 0.0 0.0 0.0 0.0 0.0 0.0 0.0 0.0 0.393 0.000 0.000 0.000 2.0 0.178 0.295 0.000
0.0 0.0 0.0 0.0 0.0 1.0 0.0 0.0 0.0 0.0 0.929 0.000 0.000 0.000 2.0 0.222 0.962 0.000
0.0 1.0 0.0 0.0 0.0 0.0 0.0 0.0 0.0 0.0 0.893 0.000 0.000 0.000 2.0 0.156 0.936 0.000
0.0 0.0 1.0 0.0 0.0 0.0 0.0 0.0 1.0 0.0 0.857 0.000 0.000 0.000 2.0 0.289 0.923 0.000
0.0 0.0 1.0 0.0 0.0 0.0 0.0 0.0 1.0 0.0 0.821 0.000 0.000 0.000 2.0 0.400 0.923 0.000
0.0 0.0 0.0 1.0 0.0 0.0 0.0 0.0 0.0 0.0 0.786 0.000 0.000 0.000 2.0 0.489 0.923 0.000
0.0 1.0 0.0 0.0 0.0 0.0 0.0 0.0 0.0 0.0 0.750 0.000 0.000 0.000 1.0 0.333 0.897 0.000
0.0 0.0 0.0 1.0 0.0 0.0 0.0 0.0 0.0 0.0 0.714 0.000 0.000 0.000 4.0 0.467 0.897 0.000
0.0 0.0 0.0 0.0 0.0 1.0 0.0 0.0 0.0 0.0 0.679 0.000 0.000 0.000 4.0 0.533 0.859 0.000
0.0 1.0 0.0 0.0 0.0 0.0 0.0 0.0 0.0 0.0 0.643 0.000 0.000 0.000 1.0 0.289 0.821 0.000
0.0 0.0 0.0 0.0 0.0 1.0 0.0 0.0 0.0 0.0 0.679 0.000 0.000 0.000 2.0 0.378 0.846 0.000
0.0 0.0 0.0 0.0 0.0 1.0 0.0 0.0 0.0 0.0 0.643 0.000 0.000 0.000 3.0 0.311 0.833 0.000
0.0 1.0 0.0 0.0 0.0 0.0 0.0 0.0 0.0 0.0 0.607 0.000 0.000 0.000 2.0 0.178 0.526 0.000
0.0 1.0 0.0 0.0 0.0 0.0 0.0 0.0 0.0 0.0 0.643 0.000 0.000 0.000 2.0 0.311 0.859 0.000
0.0 1.0 0.0 0.0 0.0 0.0 0.0 0.0 0.0 0.0 0.679 0.000 0.000 0.000 2.0 0.289 0.833 0.000
0.0 0.0 1.0 0.0 0.0 0.0 0.0 0.0 0.0 0.0 0.714 0.000 0.000 0.000 4.0 0.689 0.859 0.000
0.0 0.0 1.0 0.0 0.0 0.0 0.0 0.0 0.0 0.0 0.643 0.000 0.000 0.000 4.0 0.578 0.846 0.000
0.0 0.0 0.0 1.0 0.0 0.0 0.0 0.0 0.0 0.0 0.571 0.000 0.000 0.000 3.0 0.556 0.821 0.000
0.0 0.0 0.0 0.0 0.0 1.0 0.0 0.0 0.0 0.0 0.679 0.000 0.000 0.000 3.0 0.356 0.846 0.000
1.0 0.0 0.0 0.0 0.0 0.0 0.0 0.0 0.0 0.0 0.643 0.000 0.000 0.000 2.0 0.222 0.846 0.000
0.0 1.0 0.0 0.0 0.0 0.0 0.0 0.0 0.0 0.0 0.607 0.000 0.000 0.000 4.0 0.467 0.846 0.000
0.0 1.0 0.0 0.0 0.0 0.0 0.0 0.0 0.0 0.0 0.607 0.000 0.000 0.000 1.0 0.222 0.821 0.000
0.0 0.0 0.0 1.0 0.0 0.0 0.0 0.0 0.0 0.0 0.571 0.000 0.000 0.000 3.0 0.622 0.821 0.000
0.0 0.0 0.0 0.0 0.0 0.0 0.0 1.0 0.0 0.0 0.357 0.000 0.000 0.000 2.0 0.267 0.282 0.000
0.0 1.0 0.0 0.0 0.0 0.0 0.0 0.0 0.0 0.0 0.214 0.000 0.000 0.000 2.0 0.156 0.115 0.000
0.0 1.0 0.0 0.0 0.0 0.0 0.0 0.0 0.0 0.0 0.179 0.000 0.000 0.000 2.0 0.156 0.103 0.000
0.0 0.0 0.0 0.0 0.0 1.0 0.0 0.0 1.0 0.0 0.071 0.000 0.000 0.000 2.0 0.444 0.026 0.000
0.0 0.0 0.0 0.0 0.0 0.0 1.0 0.0 1.0 0.0 0.607 0.000 0.000 0.000 2.0 0.111 0.833 0.000
0.0 1.0 0.0 0.0 0.0 0.0 0.0 0.0 0.0 0.0 0.571 0.000 0.000 0.000 4.0 0.333 0.833 0.000
0.0 0.0 0.0 0.0 0.0 0.0 1.0 0.0 0.0 0.0 0.643 0.000 0.000 0.000 2.0 0.178 0.859 0.000
0.0 1.0 0.0 0.0 0.0 0.0 0.0 0.0 1.0 0.0 0.036 0.000 0.000 0.000 2.0 0.067 0.026 0.000
0.0 0.0 0.0 1.0 0.0 0.0 0.0 0.0 0.0 0.0 0.607 0.000 0.000 0.000 4.0 0.622 0.846 0.000
0.0 0.0 0.0 0.0 0.0 1.0 0.0 0.0 0.0 0.0 0.393 0.000 0.000 0.000 2.0 0.378 0.269 0.000
0.0 1.0 0.0 0.0 0.0 0.0 0.0 0.0 0.0 0.0 0.571 0.000 0.000 0.000 1.0 0.333 0.513 0.000
0.0 0.0 0.0 0.0 0.0 0.0 1.0 0.0 1.0 0.0 0.679 0.000 0.000 0.000 2.0 0.133 0.821 0.000
0.0 0.0 1.0 0.0 0.0 0.0 0.0 0.0 0.0 0.0 0.643 0.000 0.000 0.000 3.0 0.578 0.821 0.000
0.0 0.0 0.0 0.0 0.0 0.0 1.0 0.0 1.0 1.0 0.679 0.000 0.000 0.000 2.0 0.133 0.821 0.500
0.0 0.0 1.0 0.0 0.0 0.0 0.0 0.0 0.0 0.0 0.643 0.036 0.036 0.036 3.0 0.578 0.821 0.500
0.0 0.0 0.0 0.0 0.0 0.0 1.0 0.0 1.0 0.0 0.679 0.000 0.000 0.000 2.0 0.133 0.846 0.000
0.0 0.0 1.0 0.0 0.0 0.0 0.0 0.0 0.0 0.0 0.643 0.000 0.000 0.000 3.0 0.600 0.846 0.000
0.0 0.0 0.0 0.0 0.0 0.0 1.0 0.0 1.0 0.0 0.679 0.000 0.000 0.000 2.0 0.133 0.846 0.000
0.0 0.0 1.0 0.0 0.0 0.0 0.0 0.0 0.0 0.0 0.643 0.000 0.000 0.000 3.0 0.667 0.846 0.000
0.0 0.0 0.0 0.0 0.0 1.0 0.0 0.0 0.0 0.0 0.607 0.071 0.071 0.071 4.0 0.711 0.538 0.500
0.0 1.0 0.0 0.0 0.0 0.0 0.0 0.0 0.0 0.0 0.143 0.536 0.536 0.536 1.0 0.378 0.038 0.500
0.0 1.0 0.0 0.0 0.0 0.0 0.0 0.0 0.0 0.0 0.143 0.536 0.536 0.536 1.0 0.378 0.077 0.500
0.0 1.0 0.0 0.0 0.0 0.0 0.0 0.0 0.0 0.0 0.571 0.107 0.107 0.107 1.0 0.333 0.321 0.500
0.0 1.0 0.0 0.0 0.0 0.0 0.0 0.0 0.0 0.0 0.536 0.143 0.143 0.143 2.0 0.244 0.321 0.500
0.0 0.0 0.0 0.0 0.0 1.0 0.0 0.0 0.0 0.0 0.500 0.179 0.179 0.179 2.0 0.356 0.308 0.500
0.0 1.0 0.0 0.0 0.0 0.0 0.0 0.0 0.0 0.0 0.464 0.214 0.214 0.214 1.0 0.222 0.295 0.500
0.0 0.0 0.0 1.0 0.0 0.0 0.0 0.0 0.0 0.0 0.679 0.000 0.000 0.000 2.0 0.133 0.833 0.000
0.0 0.0 0.0 1.0 0.0 0.0 0.0 0.0 0.0 0.0 0.607 0.000 0.000 0.000 2.0 0.244 0.821 0.000
0.0 1.0 0.0 0.0 0.0 0.0 0.0 0.0 0.0 0.0 0.643 0.000 0.000 0.000 2.0 0.133 0.833 0.000
0.0 0.0 0.0 0.0 0.0 1.0 0.0 0.0 0.0 0.0 0.607 0.000 0.000 0.000 2.0 0.244 0.821 0.000
0.0 0.0 0.0 0.0 0.0 1.0 0.0 0.0 0.0 0.0 0.571 0.000 0.000 0.000 3.0 0.556 0.821 0.000
0.0 0.0 0.0 1.0 0.0 0.0 0.0 0.0 0.0 0.0 0.500 0.000 0.000 0.000 2.0 0.533 0.487 0.000
0.0 0.0 0.0 1.0 0.0 0.0 0.0 0.0 0.0 0.0 0.536 0.000 0.000 0.000 3.0 0.511 0.513 0.000
0.0 0.0 0.0 0.0 0.0 0.0 0.0 1.0 0.0 1.0 0.607 0.000 0.000 0.000 2.0 0.178 0.846 0.500
0.0 1.0 0.0 0.0 0.0 0.0 0.0 0.0 0.0 0.0 0.071 0.536 0.536 0.536 2.0 0.089 0.026 0.500
0.0 1.0 0.0 0.0 0.0 0.0 0.0 0.0 1.0 0.0 0.036 0.571 0.571 0.571 1.0 0.067 0.013 0.500
0.0 0.0 0.0 1.0 0.0 0.0 0.0 0.0 0.0 0.0 0.571 0.036 0.036 0.036 3.0 0.733 0.833 0.500
0.0 0.0 0.0 1.0 0.0 0.0 0.0 0.0 0.0 0.0 0.714 0.000 0.000 0.000 2.0 0.111 0.833 0.000
0.0 0.0 0.0 1.0 0.0 0.0 0.0 0.0 1.0 0.0 0.643 0.000 0.000 0.000 2.0 0.222 0.821 0.000
0.0 1.0 0.0 0.0 0.0 0.0 0.0 0.0 0.0 0.0 0.679 0.000 0.000 0.000 2.0 0.111 0.833 0.000
0.0 0.0 0.0 0.0 0.0 1.0 0.0 0.0 1.0 0.0 0.643 0.000 0.000 0.000 2.0 0.222 0.821 0.000
0.0 0.0 0.0 1.0 0.0 0.0 0.0 0.0 0.0 0.0 0.607 0.000 0.000 0.000 4.0 0.711 0.821 0.000
0.0 0.0 0.0 1.0 0.0 0.0 0.0 0.0 0.0 0.0 0.107 0.571 0.571 0.571 2.0 0.511 0.077 0.500
0.0 0.0 0.0 1.0 0.0 0.0 0.0 0.0 1.0 0.0 0.071 0.607 0.607 0.607 4.0 0.200 0.064 0.500
0.0 1.0 0.0 0.0 0.0 0.0 0.0 0.0 1.0 0.0 0.036 0.643 0.643 0.643 1.0 0.089 0.013 0.500
0.0 0.0 0.0 0.0 0.0 0.0 1.0 0.0 1.0 0.0 0.643 0.000 0.000 0.000 2.0 0.133 0.833 0.000
0.0 0.0 0.0 0.0 0.0 1.0 0.0 0.0 0.0 0.0 0.607 0.000 0.000 0.000 3.0 0.444 0.833 0.000
0.0 0.0 0.0 1.0 0.0 0.0 0.0 0.0 0.0 0.0 0.571 0.000 0.000 0.000 3.0 0.689 0.603 0.000
0.0 0.0 0.0 1.0 0.0 0.0 0.0 0.0 0.0 0.0 0.536 0.000 0.000 0.000 2.0 0.600 0.474 0.000
1.0 0.0 0.0 0.0 0.0 0.0 0.0 0.0 0.0 0.0 0.464 0.000 0.000 0.000 3.0 0.356 0.474 0.000
0.0 1.0 0.0 0.0 0.0 0.0 0.0 0.0 0.0 0.0 0.500 0.000 0.000 0.000 2.0 0.333 0.474 0.000
0.0 0.0 0.0 1.0 0.0 0.0 0.0 0.0 0.0 0.0 0.714 0.000 0.000 0.000 2.0 0.111 0.833 0.000
0.0 0.0 0.0 1.0 0.0 0.0 0.0 0.0 1.0 0.0 0.643 0.000 0.000 0.000 2.0 0.222 0.821 0.000
0.0 1.0 0.0 0.0 0.0 0.0 0.0 0.0 0.0 0.0 0.679 0.000 0.000 0.000 2.0 0.111 0.833 0.000
0.0 0.0 0.0 0.0 0.0 1.0 0.0 0.0 1.0 0.0 0.643 0.000 0.000 0.000 2.0 0.222 0.821 0.000
0.0 0.0 0.0 1.0 0.0 0.0 0.0 0.0 0.0 0.0 0.607 0.000 0.000 0.000 4.0 0.778 0.821 0.000
0.0 0.0 0.0 0.0 0.0 0.0 0.0 1.0 1.0 0.0 0.643 0.000 0.000 0.000 2.0 0.156 0.846 0.000
0.0 0.0 0.0 1.0 0.0 0.0 0.0 0.0 0.0 0.0 0.607 0.000 0.000 0.000 4.0 0.644 0.846 0.000
0.0 1.0 0.0 0.0 0.0 0.0 0.0 0.0 0.0 0.0 0.429 0.000 0.000 0.000 1.0 0.556 0.397 0.000
0.0 0.0 0.0 1.0 0.0 0.0 0.0 0.0 0.0 0.0 0.393 0.000 0.000 0.000 2.0 0.600 0.397 0.000
0.0 1.0 0.0 0.0 0.0 0.0 0.0 0.0 0.0 0.0 0.571 0.000 0.000 0.000 1.0 0.644 0.513 0.000
0.0 0.0 0.0 1.0 0.0 0.0 0.0 0.0 0.0 0.0 0.536 0.000 0.000 0.000 2.0 0.489 0.513 0.000
0.0 1.0 0.0 0.0 0.0 0.0 0.0 0.0 0.0 0.0 0.500 0.000 0.000 0.000 2.0 0.378 0.321 0.000
0.0 1.0 0.0 0.0 0.0 0.0 0.0 0.0 0.0 0.0 0.500 0.000 0.000 0.000 1.0 0.444 0.333 0.000
0.0 0.0 0.0 0.0 0.0 0.0 0.0 1.0 1.0 0.0 0.607 0.000 0.000 0.000 2.0 0.156 0.833 0.000
0.0 0.0 0.0 1.0 0.0 0.0 0.0 0.0 0.0 0.0 0.571 0.000 0.000 0.000 4.0 0.622 0.833 0.000
0.0 0.0 0.0 0.0 0.0 1.0 0.0 0.0 0.0 0.0 0.500 0.000 0.000 0.000 2.0 0.356 0.564 0.000
0.0 1.0 0.0 0.0 0.0 0.0 0.0 0.0 0.0 0.0 0.429 0.000 0.000 0.000 1.0 0.444 0.397 0.000
0.0 0.0 0.0 0.0 0.0 1.0 0.0 0.0 0.0 0.0 0.393 0.000 0.000 0.000 2.0 1.000 0.397 0.000
0.0 0.0 0.0 1.0 0.0 0.0 0.0 0.0 0.0 0.0 0.464 0.000 0.000 0.000 2.0 0.467 0.333 0.000
0.0 0.0 0.0 1.0 0.0 0.0 0.0 0.0 0.0 0.0 0.536 0.071 0.071 0.071 2.0 0.844 0.487 0.500
0.0 1.0 0.0 0.0 0.0 0.0 0.0 0.0 0.0 0.0 0.464 0.143 0.143 0.143 3.0 0.378 0.474 0.500
0.0 1.0 0.0 0.0 0.0 0.0 0.0 0.0 0.0 0.0 0.500 0.107 0.107 0.107 2.0 0.356 0.474 0.500
0.0 0.0 1.0 0.0 0.0 0.0 0.0 0.0 0.0 0.0 0.464 0.143 0.214 0.179 2.0 0.600 0.462 1.000
0.0 0.0 0.0 0.0 0.0 0.0 1.0 0.0 0.0 0.0 0.571 0.000 0.000 0.000 2.0 0.156 0.821 0.000
0.0 1.0 0.0 0.0 0.0 0.0 0.0 0.0 1.0 0.0 0.036 0.000 0.000 0.000 2.0 0.067 0.026 0.000
0.0 0.0 0.0 1.0 0.0 0.0 0.0 0.0 0.0 0.0 0.536 0.000 0.000 0.000 3.0 0.644 0.808 0.000
0.0 0.0 0.0 0.0 0.0 1.0 0.0 0.0 0.0 0.0 0.429 0.179 0.250 0.214 2.0 0.822 0.397 1.000
0.0 0.0 0.0 0.0 0.0 0.0 1.0 0.0 0.0 0.0 0.286 0.321 0.393 0.357 2.0 0.844 0.231 1.000
0.0 1.0 0.0 0.0 0.0 0.0 0.0 0.0 1.0 0.0 0.036 0.571 0.643 0.607 2.0 0.200 0.026 1.000
0.0 0.0 0.0 1.0 0.0 0.0 0.0 0.0 0.0 0.0 0.250 0.357 0.429 0.393 2.0 0.444 0.205 1.000
0.0 0.0 0.0 0.0 0.0 0.0 0.0 1.0 0.0 0.0 0.214 0.393 0.464 0.429 2.0 0.289 0.192 1.000
0.0 0.0 0.0 0.0 0.0 0.0 1.0 0.0 0.0 0.0 0.179 0.429 0.500 0.464 2.0 0.311 0.090 1.000
0.0 0.0 0.0 0.0 0.0 0.0 1.0 0.0 0.0 0.0 0.143 0.464 0.536 0.500 2.0 0.156 0.064 1.000
0.0 1.0 0.0 0.0 0.0 0.0 0.0 0.0 1.0 0.0 0.036 0.571 0.643 0.607 2.0 0.089 0.026 1.000
0.0 0.0 0.0 1.0 0.0 0.0 0.0 0.0 1.0 0.0 0.107 0.500 0.571 0.536 2.0 0.156 0.038 1.000
0.0 0.0 0.0 0.0 0.0 0.0 1.0 0.0 0.0 0.0 0.179 0.429 0.500 0.464 2.0 0.200 0.103 1.000
0.0 1.0 0.0 0.0 0.0 0.0 0.0 0.0 0.0 0.0 0.071 0.536 0.607 0.571 2.0 0.156 0.038 1.000
0.0 1.0 0.0 0.0 0.0 0.0 0.0 0.0 0.0 0.0 0.143 0.464 0.536 0.500 2.0 0.133 0.064 1.000
0.0 1.0 0.0 0.0 0.0 0.0 0.0 0.0 0.0 0.0 0.107 0.500 0.571 0.536 2.0 0.111 0.051 1.000
0.0 0.0 0.0 0.0 0.0 0.0 1.0 0.0 1.0 0.0 0.071 0.536 0.607 0.571 2.0 0.089 0.038 1.000
0.0 0.0 0.0 0.0 0.0 0.0 1.0 0.0 1.0 0.0 0.036 0.571 0.643 0.607 2.0 0.067 0.026 1.000
0.0 1.0 0.0 0.0 0.0 0.0 0.0 0.0 0.0 0.0 0.393 0.214 0.286 0.250 1.0 0.356 0.231 1.000
0.0 0.0 0.0 0.0 0.0 0.0 1.0 0.0 1.0 0.0 0.357 0.250 0.321 0.286 2.0 0.667 0.231 1.000
0.0 0.0 0.0 1.0 0.0 0.0 0.0 0.0 0.0 0.0 0.321 0.286 0.357 0.321 2.0 0.467 0.218 1.000
0.0 0.0 0.0 0.0 0.0 0.0 1.0 0.0 0.0 0.0 0.286 0.321 0.393 0.357 2.0 0.289 0.205 1.000
0.0 0.0 0.0 0.0 0.0 0.0 0.0 1.0 0.0 0.0 0.250 0.357 0.429 0.393 2.0 0.244 0.115 1.000
0.0 0.0 0.0 0.0 0.0 0.0 1.0 0.0 1.0 0.0 0.071 0.536 0.607 0.571 2.0 0.200 0.038 1.000
0.0 0.0 0.0 1.0 0.0 0.0 0.0 0.0 0.0 0.0 0.214 0.393 0.464 0.429 2.0 0.200 0.077 1.000
0.0 0.0 0.0 1.0 0.0 0.0 0.0 0.0 0.0 0.0 0.143 0.464 0.536 0.500 2.0 0.200 0.064 1.000
0.0 1.0 0.0 0.0 0.0 0.0 0.0 0.0 0.0 0.0 0.179 0.429 0.500 0.464 2.0 0.156 0.077 1.000
0.0 0.0 0.0 0.0 0.0 1.0 0.0 0.0 0.0 0.0 0.143 0.464 0.536 0.500 2.0 0.178 0.064 1.000
0.0 0.0 0.0 0.0 0.0 0.0 1.0 0.0 1.0 0.0 0.107 0.500 0.571 0.536 2.0 0.178 0.051 1.000
0.0 1.0 0.0 0.0 0.0 0.0 0.0 0.0 0.0 0.0 0.071 0.536 0.607 0.571 2.0 0.156 0.038 1.000
0.0 0.0 0.0 0.0 0.0 0.0 1.0 0.0 1.0 0.0 0.179 0.429 0.500 0.464 2.0 0.156 0.090 1.000
0.0 1.0 0.0 0.0 0.0 0.0 0.0 0.0 0.0 0.0 0.143 0.464 0.536 0.500 2.0 0.133 0.077 1.000
0.0 0.0 0.0 0.0 0.0 0.0 1.0 0.0 0.0 0.0 0.107 0.500 0.571 0.536 2.0 0.178 0.064 1.000
0.0 0.0 0.0 1.0 0.0 0.0 0.0 0.0 1.0 0.0 0.071 0.536 0.607 0.571 2.0 0.133 0.038 1.000
0.0 0.0 0.0 0.0 0.0 1.0 0.0 0.0 0.0 0.0 0.464 0.000 0.000 0.000 2.0 0.667 0.462 0.000
0.0 1.0 0.0 0.0 0.0 0.0 0.0 0.0 0.0 0.0 0.393 0.214 0.214 0.214 1.0 0.311 0.231 0.500
0.0 1.0 0.0 0.0 0.0 0.0 0.0 0.0 0.0 0.0 0.357 0.250 0.321 0.286 2.0 0.356 0.231 1.000
0.0 0.0 0.0 0.0 0.0 0.0 0.0 1.0 0.0 0.0 0.321 0.286 0.357 0.321 2.0 0.311 0.218 1.000
0.0 0.0 1.0 0.0 0.0 0.0 0.0 0.0 1.0 0.0 0.107 0.500 0.571 0.536 2.0 0.178 0.038 1.000
0.0 0.0 0.0 1.0 0.0 0.0 0.0 0.0 0.0 0.0 0.286 0.321 0.393 0.357 2.0 0.356 0.205 1.000
0.0 0.0 0.0 0.0 0.0 0.0 1.0 0.0 0.0 0.0 0.250 0.357 0.429 0.393 2.0 0.289 0.192 1.000
0.0 0.0 0.0 0.0 0.0 0.0 1.0 0.0 0.0 0.0 0.071 0.536 0.607 0.571 2.0 0.156 0.051 1.000
0.0 0.0 0.0 0.0 0.0 0.0 1.0 0.0 1.0 0.0 0.036 0.571 0.643 0.607 2.0 0.089 0.026 1.000
0.0 1.0 0.0 0.0 0.0 0.0 0.0 0.0 1.0 0.0 0.036 0.571 0.643 0.607 2.0 0.089 0.026 1.000
0.0 0.0 0.0 0.0 0.0 0.0 1.0 0.0 0.0 0.0 0.214 0.393 0.464 0.429 2.0 0.222 0.141 1.000
0.0 0.0 0.0 0.0 0.0 0.0 1.0 0.0 1.0 0.0 0.179 0.429 0.500 0.464 2.0 0.133 0.077 1.000
0.0 1.0 0.0 0.0 0.0 0.0 0.0 0.0 0.0 0.0 0.143 0.464 0.536 0.500 2.0 0.111 0.064 1.000
0.0 1.0 0.0 0.0 0.0 0.0 0.0 0.0 0.0 0.0 0.107 0.500 0.571 0.536 2.0 0.133 0.051 1.000
0.0 0.0 0.0 0.0 0.0 0.0 1.0 0.0 1.0 0.0 0.071 0.536 0.607 0.571 2.0 0.200 0.038 1.000
0.0 0.0 0.0 0.0 0.0 0.0 0.0 1.0 0.0 0.0 0.143 0.464 0.536 0.500 2.0 0.267 0.064 1.000
0.0 0.0 0.0 1.0 0.0 0.0 0.0 0.0 1.0 0.0 0.107 0.500 0.571 0.536 2.0 0.156 0.038 1.000
0.0 0.0 1.0 0.0 0.0 0.0 0.0 0.0 1.0 0.0 0.071 0.536 0.607 0.571 2.0 0.267 0.026 1.000
0.0 0.0 0.0 0.0 0.0 0.0 1.0 0.0 1.0 0.0 0.429 0.179 0.250 0.214 2.0 0.489 0.321 1.000
0.0 0.0 1.0 0.0 0.0 0.0 0.0 0.0 0.0 0.0 0.393 0.214 0.286 0.250 2.0 0.400 0.308 1.000
0.0 0.0 0.0 0.0 0.0 0.0 1.0 0.0 0.0 0.0 0.357 0.250 0.321 0.286 2.0 0.222 0.295 1.000
0.0 0.0 0.0 0.0 0.0 0.0 1.0 0.0 0.0 0.0 0.321 0.286 0.357 0.321 2.0 0.200 0.205 1.000
0.0 1.0 0.0 0.0 0.0 0.0 0.0 0.0 1.0 0.0 0.036 0.571 0.643 0.607 2.0 0.089 0.026 1.000
0.0 0.0 0.0 0.0 0.0 0.0 1.0 0.0 0.0 0.0 0.286 0.321 0.393 0.357 2.0 0.267 0.179 1.000
0.0 1.0 0.0 0.0 0.0 0.0 0.0 0.0 0.0 0.0 0.107 0.500 0.571 0.536 2.0 0.156 0.051 1.000
0.0 0.0 1.0 0.0 0.0 0.0 0.0 0.0 1.0 0.0 0.071 0.536 0.607 0.571 2.0 0.111 0.038 1.000
0.0 0.0 0.0 0.0 0.0 1.0 0.0 0.0 1.0 0.0 0.036 0.571 0.643 0.607 2.0 0.111 0.026 1.000
0.0 0.0 0.0 0.0 0.0 0.0 0.0 1.0 0.0 0.0 0.250 0.357 0.429 0.393 2.0 0.333 0.128 1.000
0.0 1.0 0.0 0.0 0.0 0.0 0.0 0.0 0.0 0.0 0.250 0.357 0.429 0.393 2.0 0.133 0.090 1.000
0.0 1.0 0.0 0.0 0.0 0.0 0.0 0.0 0.0 0.0 0.214 0.393 0.464 0.429 2.0 0.156 0.077 1.000
0.0 0.0 0.0 0.0 0.0 0.0 1.0 0.0 0.0 0.0 0.179 0.429 0.500 0.464 2.0 0.222 0.064 1.000
0.0 1.0 0.0 0.0 0.0 0.0 0.0 0.0 1.0 0.0 0.036 0.571 0.643 0.607 2.0 0.111 0.026 1.000
0.0 0.0 0.0 1.0 0.0 0.0 0.0 0.0 0.0 0.0 0.143 0.464 0.536 0.500 2.0 0.200 0.038 1.000
0.0 0.0 0.0 1.0 0.0 0.0 0.0 0.0 1.0 0.0 0.071 0.536 0.607 0.571 2.0 0.156 0.026 1.000
0.0 1.0 0.0 0.0 0.0 0.0 0.0 0.0 0.0 0.0 0.107 0.500 0.571 0.536 2.0 0.133 0.038 1.000
0.0 0.0 0.0 0.0 0.0 1.0 0.0 0.0 1.0 0.0 0.071 0.536 0.607 0.571 2.0 0.133 0.026 1.000
0.0 0.0 1.0 0.0 0.0 0.0 0.0 0.0 0.0 0.0 0.500 0.107 0.107 0.107 4.0 0.800 0.526 0.500
0.0 0.0 0.0 1.0 0.0 0.0 0.0 0.0 1.0 0.0 0.107 0.500 0.571 0.536 2.0 0.556 0.038 1.000
0.0 0.0 0.0 1.0 0.0 0.0 0.0 0.0 1.0 0.0 0.071 0.536 0.607 0.571 2.0 0.333 0.026 1.000
0.0 0.0 0.0 1.0 0.0 0.0 0.0 0.0 0.0 0.0 0.107 0.500 0.500 0.500 2.0 0.800 0.077 0.500
0.0 0.0 0.0 1.0 0.0 0.0 0.0 0.0 1.0 0.0 0.071 0.536 0.536 0.536 4.0 0.267 0.064 0.500
0.0 1.0 0.0 0.0 0.0 0.0 0.0 0.0 1.0 0.0 0.036 0.571 0.571 0.571 1.0 0.133 0.013 0.500
0.0 0.0 0.0 1.0 0.0 0.0 0.0 0.0 1.0 0.0 0.071 0.536 0.607 0.571 3.0 0.511 0.051 1.000
0.0 0.0 0.0 1.0 0.0 0.0 0.0 0.0 1.0 0.0 0.036 0.571 0.643 0.607 2.0 0.222 0.026 1.000
0.0 1.0 0.0 0.0 0.0 0.0 0.0 0.0 0.0 0.0 0.464 0.143 0.143 0.143 1.0 0.422 0.308 0.500
0.0 0.0 0.0 0.0 0.0 0.0 1.0 0.0 1.0 0.0 0.429 0.179 0.250 0.214 2.0 0.489 0.308 1.000
0.0 0.0 0.0 1.0 0.0 0.0 0.0 0.0 0.0 0.0 0.393 0.214 0.286 0.250 2.0 0.356 0.295 1.000
0.0 0.0 0.0 0.0 0.0 0.0 1.0 0.0 0.0 0.0 0.357 0.250 0.321 0.286 2.0 0.222 0.282 1.000
0.0 0.0 0.0 0.0 0.0 0.0 1.0 0.0 0.0 0.0 0.321 0.286 0.357 0.321 2.0 0.244 0.192 1.000
0.0 0.0 0.0 0.0 0.0 0.0 1.0 0.0 0.0 0.0 0.286 0.321 0.393 0.357 2.0 0.244 0.167 1.000
0.0 1.0 0.0 0.0 0.0 0.0 0.0 0.0 1.0 0.0 0.036 0.571 0.643 0.607 2.0 0.111 0.026 1.000
0.0 0.0 0.0 0.0 0.0 0.0 0.0 1.0 0.0 0.0 0.250 0.357 0.429 0.393 2.0 0.267 0.141 1.000
0.0 1.0 0.0 0.0 0.0 0.0 0.0 0.0 0.0 0.0 0.107 0.500 0.571 0.536 2.0 0.289 0.038 1.000
0.0 0.0 0.0 0.0 0.0 0.0 1.0 0.0 0.0 0.0 0.214 0.393 0.464 0.429 2.0 0.267 0.103 1.000
0.0 1.0 0.0 0.0 0.0 0.0 0.0 0.0 0.0 0.0 0.179 0.429 0.500 0.464 2.0 0.178 0.051 1.000
0.0 0.0 0.0 0.0 0.0 1.0 0.0 0.0 0.0 0.0 0.143 0.464 0.536 0.500 2.0 0.156 0.038 1.000
0.0 1.0 0.0 0.0 0.0 0.0 0.0 0.0 0.0 0.0 0.107 0.500 0.571 0.536 2.0 0.133 0.038 1.000
0.0 0.0 0.0 1.0 0.0 0.0 0.0 0.0 1.0 0.0 0.071 0.536 0.607 0.571 2.0 0.133 0.026 1.000
0.0 0.0 0.0 0.0 0.0 1.0 0.0 0.0 1.0 0.0 0.071 0.536 0.607 0.571 2.0 0.156 0.026 1.000
0.0 1.0 0.0 0.0 0.0 0.0 0.0 0.0 1.0 0.0 0.036 0.571 0.643 0.607 1.0 0.156 0.013 1.000
0.0 0.0 0.0 0.0 0.0 0.0 1.0 0.0 1.0 0.0 0.107 0.500 0.571 0.536 2.0 0.267 0.051 1.000
0.0 0.0 0.0 0.0 0.0 0.0 1.0 0.0 0.0 0.0 0.214 0.393 0.464 0.429 2.0 0.178 0.090 1.000
0.0 1.0 0.0 0.0 0.0 0.0 0.0 0.0 0.0 0.0 0.107 0.500 0.571 0.536 2.0 0.156 0.038 1.000
0.0 0.0 0.0 1.0 0.0 0.0 0.0 0.0 1.0 0.0 0.071 0.536 0.607 0.571 2.0 0.289 0.026 1.000
0.0 1.0 0.0 0.0 0.0 0.0 0.0 0.0 0.0 0.0 0.179 0.429 0.500 0.464 2.0 0.156 0.051 1.000
0.0 0.0 0.0 1.0 0.0 0.0 0.0 0.0 0.0 0.0 0.143 0.464 0.536 0.500 2.0 0.156 0.038 1.000
0.0 0.0 0.0 1.0 0.0 0.0 0.0 0.0 1.0 0.0 0.071 0.536 0.607 0.571 2.0 0.156 0.026 1.000
0.0 1.0 0.0 0.0 0.0 0.0 0.0 0.0 0.0 0.0 0.107 0.500 0.571 0.536 2.0 0.133 0.038 1.000
0.0 0.0 0.0 0.0 0.0 1.0 0.0 0.0 1.0 0.0 0.071 0.536 0.607 0.571 2.0 0.133 0.026 1.000
0.0 1.0 0.0 0.0 0.0 0.0 0.0 0.0 1.0 0.0 0.036 0.571 0.643 0.607 1.0 0.178 0.013 1.000
0.0 0.0 0.0 0.0 0.0 1.0 0.0 0.0 0.0 0.0 0.464 0.143 0.143 0.143 2.0 0.556 0.308 0.500
0.0 0.0 1.0 0.0 0.0 0.0 0.0 0.0 1.0 0.0 0.071 0.536 0.607 0.571 2.0 0.333 0.038 1.000
0.0 0.0 0.0 0.0 0.0 0.0 1.0 0.0 0.0 0.0 0.429 0.179 0.250 0.214 2.0 0.356 0.295 1.000
0.0 0.0 1.0 0.0 0.0 0.0 0.0 0.0 1.0 0.0 0.071 0.536 0.607 0.571 2.0 0.178 0.038 1.000
0.0 0.0 0.0 0.0 1.0 0.0 0.0 0.0 1.0 0.0 0.036 0.571 0.643 0.607 2.0 0.156 0.026 1.000
0.0 0.0 0.0 1.0 0.0 0.0 0.0 0.0 0.0 0.0 0.393 0.214 0.286 0.250 2.0 0.356 0.269 1.000
0.0 1.0 0.0 0.0 0.0 0.0 0.0 0.0 1.0 0.0 0.036 0.571 0.643 0.607 1.0 0.533 0.013 1.000
0.0 0.0 0.0 0.0 0.0 0.0 1.0 0.0 0.0 0.0 0.357 0.250 0.321 0.286 2.0 0.267 0.256 1.000
0.0 0.0 0.0 0.0 0.0 0.0 0.0 1.0 0.0 0.0 0.321 0.286 0.357 0.321 2.0 0.289 0.167 1.000
0.0 0.0 1.0 0.0 0.0 0.0 0.0 0.0 1.0 0.0 0.071 0.536 0.607 0.571 2.0 0.267 0.026 1.000
0.0 1.0 0.0 0.0 0.0 0.0 0.0 0.0 1.0 0.0 0.036 0.571 0.643 0.607 1.0 0.622 0.013 1.000
0.0 0.0 0.0 1.0 0.0 0.0 0.0 0.0 0.0 0.0 0.286 0.321 0.393 0.357 2.0 0.222 0.141 1.000
0.0 0.0 0.0 0.0 1.0 0.0 0.0 0.0 0.0 0.0 0.214 0.393 0.464 0.429 2.0 0.222 0.128 1.000
0.0 1.0 0.0 0.0 0.0 0.0 0.0 0.0 0.0 0.0 0.250 0.357 0.429 0.393 2.0 0.156 0.141 1.000
0.0 0.0 0.0 1.0 0.0 0.0 0.0 0.0 0.0 0.0 0.214 0.393 0.464 0.429 2.0 0.200 0.128 1.000
0.0 0.0 0.0 0.0 0.0 0.0 0.0 1.0 0.0 0.0 0.179 0.429 0.500 0.464 2.0 0.267 0.090 1.000
0.0 0.0 0.0 0.0 0.0 0.0 1.0 0.0 1.0 0.0 0.036 0.571 0.643 0.607 2.0 0.244 0.026 1.000
0.0 0.0 0.0 0.0 0.0 0.0 0.0 1.0 0.0 0.0 0.143 0.464 0.536 0.500 2.0 0.222 0.064 1.000
0.0 1.0 0.0 0.0 0.0 0.0 0.0 0.0 0.0 0.0 0.107 0.500 0.571 0.536 2.0 0.178 0.038 1.000
0.0 0.0 0.0 0.0 0.0 0.0 1.0 0.0 1.0 0.0 0.071 0.536 0.607 0.571 2.0 0.156 0.026 1.000
0.0 1.0 0.0 0.0 0.0 0.0 0.0 0.0 1.0 0.0 0.036 0.571 0.643 0.607 1.0 0.156 0.013 1.000
0.0 0.0 0.0 0.0 0.0 0.0 1.0 0.0 1.0 0.0 0.036 0.571 0.643 0.607 2.0 0.156 0.026 1.000
0.0 0.0 0.0 0.0 0.0 0.0 1.0 0.0 1.0 0.0 0.071 0.536 0.607 0.571 2.0 0.156 0.038 1.000
0.0 1.0 0.0 0.0 0.0 0.0 0.0 0.0 1.0 0.0 0.036 0.571 0.643 0.607 2.0 0.089 0.026 1.000
0.0 0.0 0.0 0.0 0.0 0.0 1.0 0.0 0.0 0.0 0.143 0.464 0.536 0.500 2.0 0.289 0.090 1.000
0.0 0.0 0.0 0.0 0.0 0.0 0.0 1.0 0.0 0.0 0.107 0.500 0.571 0.536 2.0 0.311 0.051 1.000
0.0 1.0 0.0 0.0 0.0 0.0 0.0 0.0 0.0 0.0 0.071 0.536 0.607 0.571 2.0 0.422 0.026 1.000
0.0 1.0 0.0 0.0 0.0 0.0 0.0 0.0 1.0 0.0 0.036 0.571 0.643 0.607 1.0 0.267 0.013 1.000
0.0 1.0 0.0 0.0 0.0 0.0 0.0 0.0 1.0 0.0 0.036 0.571 0.643 0.607 2.0 0.200 0.026 1.000
0.0 0.0 0.0 0.0 0.0 0.0 1.0 0.0 0.0 0.0 0.071 0.536 0.607 0.571 2.0 0.311 0.038 1.000
0.0 1.0 0.0 0.0 0.0 0.0 0.0 0.0 1.0 0.0 0.036 0.571 0.643 0.607 2.0 0.222 0.026 1.000
0.0 1.0 0.0 0.0 0.0 0.0 0.0 0.0 1.0 0.0 0.036 0.571 0.643 0.607 1.0 0.222 0.013 1.000
