1.0 0.0 0.0 0.0 0.0 0.0 0.0 0.0 1.0 0.0 0.000 0.143 0.171 7.0 0.036 0.133 0.343
0.0 0.0 1.0 0.0 0.0 0.0 0.0 0.0 0.0 0.0 0.000 0.114 0.143 6.0 0.036 0.107 0.286
0.0 0.0 0.0 1.0 0.0 0.0 0.0 0.0 0.0 0.0 0.000 0.086 0.114 5.0 0.018 0.080 0.229
0.0 0.0 0.0 0.0 1.0 0.0 0.0 0.0 0.0 0.0 0.000 0.057 0.086 4.0 0.018 0.053 0.171
0.0 0.0 0.0 0.0 0.0 1.0 0.0 0.0 0.0 0.0 0.000 0.029 0.057 3.0 0.018 0.027 0.114
0.0 0.0 0.0 0.0 0.0 0.0 1.0 0.0 0.0 0.0 0.000 0.000 0.029 2.0 0.018 0.000 0.057
0.0 0.0 0.0 0.0 0.0 0.0 0.0 1.0 0.0 0.0 0.000 0.029 0.000 1.0 0.018 0.013 0.000
1.0 0.0 0.0 0.0 0.0 0.0 0.0 0.0 0.0 0.0 0.000 0.057 0.029 0.0 0.018 0.027 0.029
0.0 1.0 0.0 0.0 0.0 0.0 0.0 0.0 0.0 0.0 0.000 0.086 0.057 1.0 0.018 0.040 0.057
0.0 0.0 1.0 0.0 0.0 0.0 0.0 0.0 0.0 0.0 0.000 0.114 0.086 2.0 0.018 0.053 0.086
0.0 0.0 0.0 1.0 0.0 0.0 0.0 0.0 0.0 0.0 0.000 0.143 0.114 3.0 0.018 0.067 0.114
0.0 0.0 0.0 0.0 1.0 0.0 0.0 0.0 0.0 0.0 0.000 0.171 0.143 4.0 0.018 0.080 0.143
0.0 0.0 0.0 0.0 0.0 1.0 0.0 0.0 0.0 0.0 0.000 0.200 0.171 5.0 0.018 0.093 0.171
