31
121
197
376
380
387
422
520
557
589
617
638
644
668
674
688
693
698
780
825
836
860
876
894
1008
1017
1267
1324
1339
1571
1576
1671
1751
1826
1879
1902
1949
1958
1989
2059
2090
2242
2247
2259
2332
2433
2664
2702
2835
2953
3040
3045
3089
3098
3107
3109
3114
3117
3141
3159
3163
3169
3175
3178
3179
3235
3274
3276
3304
3312
3324
3381
3389
3428
3490
3524
3526
3541
3543
3545
3551
3552
3558
3561
3562
3573
3594
3612
3678
3744
3749
3756
3764
3770
3772
3780
3781
3882
3887
3896
3898
3906
3957
4030
4049
4111
4117
4129
4139
4144
4169
4247
4253
4256
4280
4282
4285
4286
4290
4294
4297
4302
4348
4444
4527
4530
4543
4575
