0.0 0.0 1.0 0.0 0.0 0.0 0.0 0.0 1.0 0.0 0.007 0.822 0.970 2.0 0.389 0.021 0.387
0.0 0.0 0.0 0.0 0.0 1.0 0.0 0.0 0.0 0.0 0.178 0.637 0.800 2.0 0.611 0.095 0.419
0.0 0.0 0.0 0.0 0.0 1.0 0.0 0.0 0.0 0.0 0.200 0.615 0.778 2.0 0.611 0.105 0.419
0.0 1.0 0.0 0.0 0.0 0.0 0.0 0.0 0.0 0.0 0.215 0.615 0.763 2.0 0.556 0.116 0.387
0.0 0.0 0.0 0.0 0.0 1.0 0.0 0.0 0.0 0.0 0.207 0.622 0.770 2.0 0.778 0.105 0.387
0.0 0.0 0.0 0.0 0.0 1.0 0.0 0.0 0.0 0.0 0.222 0.607 0.756 2.0 0.611 0.116 0.387
0.0 0.0 0.0 0.0 0.0 1.0 0.0 0.0 0.0 0.0 0.230 0.600 0.748 2.0 0.500 0.116 0.387
0.0 0.0 0.0 0.0 0.0 1.0 0.0 0.0 0.0 0.0 0.230 0.600 0.748 2.0 0.556 0.116 0.387
0.0 0.0 0.0 0.0 0.0 1.0 0.0 0.0 0.0 0.0 0.237 0.593 0.741 2.0 0.667 0.116 0.387
0.0 0.0 0.0 0.0 0.0 1.0 0.0 0.0 0.0 0.0 0.252 0.593 0.726 2.0 0.944 0.126 0.355
0.0 0.0 0.0 0.0 0.0 1.0 0.0 0.0 0.0 0.0 0.259 0.585 0.719 2.0 1.000 0.137 0.323
0.0 0.0 0.0 0.0 0.0 1.0 0.0 0.0 0.0 0.0 0.267 0.578 0.711 2.0 1.056 0.147 0.290
