0.0 1.0 0.0 0.0 0.0 0.0 0.0 0.0 1.0 0.0 0.021 0.729 0.979 0.799 1.0 0.152 0.030 1.000
0.0 1.0 0.0 0.0 0.0 0.0 0.0 0.0 1.0 0.0 0.021 0.729 0.979 0.799 1.0 0.106 0.030 1.000
0.0 1.0 0.0 0.0 0.0 0.0 0.0 0.0 1.0 0.0 0.021 0.729 0.979 0.799 1.0 0.152 0.030 1.000
0.0 1.0 0.0 0.0 0.0 0.0 0.0 0.0 1.0 0.0 0.021 0.729 0.979 0.799 1.0 0.197 0.030 1.000
0.0 1.0 0.0 0.0 0.0 0.0 0.0 0.0 1.0 0.0 0.021 0.729 0.979 0.799 1.0 0.106 0.030 1.000
0.0 1.0 0.0 0.0 0.0 0.0 0.0 0.0 1.0 0.0 0.021 0.729 0.979 0.799 1.0 0.106 0.030 1.000
0.0 1.0 0.0 0.0 0.0 0.0 0.0 0.0 1.0 0.0 0.021 0.729 0.979 0.799 1.0 0.152 0.030 1.000
0.0 1.0 0.0 0.0 0.0 0.0 0.0 0.0 1.0 0.0 0.021 0.729 0.979 0.799 1.0 0.152 0.030 1.000
0.0 1.0 0.0 0.0 0.0 0.0 0.0 0.0 1.0 0.0 0.021 0.729 0.979 0.799 1.0 0.197 0.030 1.000
0.0 1.0 0.0 0.0 0.0 0.0 0.0 0.0 1.0 0.0 0.021 0.729 0.979 0.799 1.0 0.152 0.030 1.000
0.0 1.0 0.0 0.0 0.0 0.0 0.0 0.0 1.0 0.0 0.021 0.729 0.979 0.799 1.0 0.106 0.030 1.000
0.0 1.0 0.0 0.0 0.0 0.0 0.0 0.0 1.0 0.0 0.021 0.729 0.979 0.799 1.0 0.106 0.030 1.000
0.0 1.0 0.0 0.0 0.0 0.0 0.0 0.0 1.0 0.0 0.021 0.729 0.979 0.799 1.0 0.152 0.030 1.000
0.0 1.0 0.0 0.0 0.0 0.0 0.0 0.0 1.0 0.0 0.021 0.729 0.979 0.799 1.0 0.152 0.030 1.000
0.0 1.0 0.0 0.0 0.0 0.0 0.0 0.0 1.0 0.0 0.021 0.729 0.979 0.799 1.0 0.152 0.030 1.000
0.0 1.0 0.0 0.0 0.0 0.0 0.0 0.0 1.0 0.0 0.021 0.729 0.979 0.799 1.0 0.152 0.030 1.000
0.0 0.0 0.0 1.0 0.0 0.0 0.0 0.0 1.0 0.0 0.021 0.896 0.896 0.896 2.0 0.076 0.061 0.040
0.0 1.0 0.0 0.0 0.0 0.0 0.0 0.0 0.0 0.0 0.042 0.875 0.875 0.875 1.0 0.091 0.061 0.040
0.0 0.0 0.0 1.0 0.0 0.0 0.0 0.0 1.0 0.0 0.021 0.896 0.896 0.896 2.0 0.045 0.061 0.040
0.0 1.0 0.0 0.0 0.0 0.0 0.0 0.0 1.0 0.0 0.021 0.729 0.979 0.799 1.0 0.121 0.030 1.000
0.0 1.0 0.0 0.0 0.0 0.0 0.0 0.0 1.0 0.0 0.021 0.729 0.979 0.799 1.0 0.061 0.030 1.000
1.0 0.0 0.0 0.0 0.0 0.0 0.0 0.0 1.0 0.0 0.021 0.729 0.979 0.799 1.0 0.121 0.030 1.000
1.0 0.0 0.0 0.0 0.0 0.0 0.0 0.0 1.0 0.0 0.021 0.729 0.979 0.799 1.0 0.167 0.030 1.000
0.0 1.0 0.0 0.0 0.0 0.0 0.0 0.0 1.0 0.0 0.021 0.729 0.979 0.799 1.0 0.106 0.030 1.000
0.0 1.0 0.0 0.0 0.0 0.0 0.0 0.0 1.0 0.0 0.021 0.729 0.979 0.799 1.0 0.106 0.030 1.000
0.0 1.0 0.0 0.0 0.0 0.0 0.0 0.0 1.0 0.0 0.021 0.729 0.979 0.799 1.0 0.106 0.030 1.000
0.0 1.0 0.0 0.0 0.0 0.0 0.0 0.0 1.0 0.0 0.021 0.729 0.979 0.799 1.0 0.106 0.030 1.000
0.0 1.0 0.0 0.0 0.0 0.0 0.0 0.0 1.0 0.0 0.021 0.896 0.896 0.896 1.0 0.061 0.030 0.040
0.0 1.0 0.0 0.0 0.0 0.0 0.0 0.0 1.0 0.0 0.021 0.896 0.896 0.896 1.0 0.076 0.030 0.040
0.0 1.0 0.0 0.0 0.0 0.0 0.0 0.0 1.0 0.0 0.021 0.729 0.979 0.820 1.0 0.121 0.030 0.640
0.0 1.0 0.0 0.0 0.0 0.0 0.0 0.0 1.0 0.0 0.021 0.729 0.979 0.824 1.0 0.121 0.030 0.640
1.0 0.0 0.0 0.0 0.0 0.0 0.0 0.0 1.0 0.0 0.021 0.896 0.979 0.917 1.0 0.333 0.030 0.240
0.0 1.0 0.0 0.0 0.0 0.0 0.0 0.0 1.0 0.0 0.021 0.729 0.979 0.799 1.0 0.379 0.030 1.000
1.0 0.0 0.0 0.0 0.0 0.0 0.0 0.0 1.0 0.0 0.021 0.729 0.979 0.799 1.0 0.136 0.030 1.000
0.0 1.0 0.0 0.0 0.0 0.0 0.0 0.0 1.0 0.0 0.021 0.729 0.979 0.799 1.0 0.136 0.030 1.000
1.0 0.0 0.0 0.0 0.0 0.0 0.0 0.0 1.0 0.0 0.021 0.729 0.979 0.799 1.0 0.227 0.030 1.000
0.0 1.0 0.0 0.0 0.0 0.0 0.0 0.0 1.0 0.0 0.021 0.896 0.979 0.917 1.0 0.212 0.030 0.240
0.0 1.0 0.0 0.0 0.0 0.0 0.0 0.0 1.0 0.0 0.021 0.833 0.833 0.833 1.0 0.076 0.030 0.040
1.0 0.0 0.0 0.0 0.0 0.0 0.0 0.0 1.0 0.0 0.021 0.896 0.896 0.896 1.0 0.136 0.030 0.080
0.0 1.0 0.0 0.0 0.0 0.0 0.0 0.0 1.0 0.0 0.021 0.729 0.979 0.799 1.0 0.318 0.030 1.000
1.0 0.0 0.0 0.0 0.0 0.0 0.0 0.0 1.0 0.0 0.021 0.729 0.979 0.799 1.0 0.197 0.030 1.000
1.0 0.0 0.0 0.0 0.0 0.0 0.0 0.0 1.0 0.0 0.021 0.896 0.979 0.917 1.0 0.212 0.030 0.240
0.0 1.0 0.0 0.0 0.0 0.0 0.0 0.0 1.0 0.0 0.021 0.729 0.979 0.799 1.0 0.333 0.030 1.000
1.0 0.0 0.0 0.0 0.0 0.0 0.0 0.0 1.0 0.0 0.021 0.729 0.729 0.729 1.0 0.091 0.030 0.040
1.0 0.0 0.0 0.0 0.0 0.0 0.0 0.0 1.0 0.0 0.021 0.729 0.729 0.729 1.0 0.091 0.030 0.040
1.0 0.0 0.0 0.0 0.0 0.0 0.0 0.0 1.0 0.0 0.021 0.750 0.750 0.750 1.0 0.091 0.030 0.040
1.0 0.0 0.0 0.0 0.0 0.0 0.0 0.0 1.0 0.0 0.021 0.729 0.729 0.729 1.0 0.091 0.030 0.040
1.0 0.0 0.0 0.0 0.0 0.0 0.0 0.0 1.0 0.0 0.021 0.729 0.729 0.729 1.0 0.091 0.030 0.040
1.0 0.0 0.0 0.0 0.0 0.0 0.0 0.0 1.0 0.0 0.021 0.750 0.750 0.750 1.0 0.091 0.030 0.040
1.0 0.0 0.0 0.0 0.0 0.0 0.0 0.0 1.0 0.0 0.021 0.729 0.729 0.729 1.0 0.091 0.030 0.040
1.0 0.0 0.0 0.0 0.0 0.0 0.0 0.0 1.0 0.0 0.021 0.750 0.750 0.750 1.0 0.091 0.030 0.040
1.0 0.0 0.0 0.0 0.0 0.0 0.0 0.0 1.0 0.0 0.021 0.792 0.792 0.792 1.0 0.091 0.030 0.040
1.0 0.0 0.0 0.0 0.0 0.0 0.0 0.0 1.0 0.0 0.021 0.729 0.729 0.729 1.0 0.091 0.030 0.040
1.0 0.0 0.0 0.0 0.0 0.0 0.0 0.0 1.0 0.0 0.021 0.750 0.750 0.750 1.0 0.091 0.030 0.040
1.0 0.0 0.0 0.0 0.0 0.0 0.0 0.0 1.0 0.0 0.021 0.750 0.750 0.750 1.0 0.091 0.030 0.040
1.0 0.0 0.0 0.0 0.0 0.0 0.0 0.0 1.0 0.0 0.021 0.729 0.729 0.729 1.0 0.091 0.030 0.040
1.0 0.0 0.0 0.0 0.0 0.0 0.0 0.0 1.0 0.0 0.021 0.750 0.750 0.750 1.0 0.091 0.030 0.040
1.0 0.0 0.0 0.0 0.0 0.0 0.0 0.0 1.0 0.0 0.021 0.729 0.729 0.729 1.0 0.091 0.030 0.040
1.0 0.0 0.0 0.0 0.0 0.0 0.0 0.0 1.0 0.0 0.021 0.729 0.729 0.729 1.0 0.091 0.030 0.040
0.0 1.0 0.0 0.0 0.0 0.0 0.0 0.0 0.0 0.0 0.042 0.708 0.708 0.708 1.0 0.091 0.030 0.040
0.0 1.0 0.0 0.0 0.0 0.0 0.0 0.0 0.0 0.0 0.042 0.708 0.708 0.708 1.0 0.091 0.030 0.040
0.0 1.0 0.0 0.0 0.0 0.0 0.0 0.0 0.0 0.0 0.042 0.729 0.729 0.729 1.0 0.091 0.030 0.040
0.0 1.0 0.0 0.0 0.0 0.0 0.0 0.0 0.0 0.0 0.042 0.708 0.708 0.708 1.0 0.091 0.030 0.040
0.0 1.0 0.0 0.0 0.0 0.0 0.0 0.0 0.0 0.0 0.042 0.708 0.708 0.708 1.0 0.091 0.030 0.040
0.0 1.0 0.0 0.0 0.0 0.0 0.0 0.0 0.0 0.0 0.042 0.729 0.729 0.729 1.0 0.091 0.030 0.040
0.0 1.0 0.0 0.0 0.0 0.0 0.0 0.0 0.0 0.0 0.042 0.708 0.708 0.708 1.0 0.091 0.030 0.040
0.0 1.0 0.0 0.0 0.0 0.0 0.0 0.0 0.0 0.0 0.042 0.729 0.729 0.729 1.0 0.091 0.030 0.040
0.0 1.0 0.0 0.0 0.0 0.0 0.0 0.0 0.0 0.0 0.042 0.771 0.771 0.771 1.0 0.091 0.030 0.040
0.0 1.0 0.0 0.0 0.0 0.0 0.0 0.0 0.0 0.0 0.042 0.708 0.708 0.708 1.0 0.091 0.030 0.040
0.0 1.0 0.0 0.0 0.0 0.0 0.0 0.0 0.0 0.0 0.042 0.729 0.729 0.729 1.0 0.091 0.030 0.040
0.0 1.0 0.0 0.0 0.0 0.0 0.0 0.0 0.0 0.0 0.042 0.729 0.729 0.729 1.0 0.091 0.030 0.040
0.0 1.0 0.0 0.0 0.0 0.0 0.0 0.0 0.0 0.0 0.042 0.708 0.708 0.708 1.0 0.091 0.030 0.040
0.0 1.0 0.0 0.0 0.0 0.0 0.0 0.0 0.0 0.0 0.042 0.729 0.729 0.729 1.0 0.091 0.030 0.040
0.0 1.0 0.0 0.0 0.0 0.0 0.0 0.0 0.0 0.0 0.042 0.708 0.708 0.708 1.0 0.091 0.030 0.040
0.0 1.0 0.0 0.0 0.0 0.0 0.0 0.0 0.0 0.0 0.042 0.708 0.708 0.708 1.0 0.091 0.030 0.040
0.0 1.0 0.0 0.0 0.0 0.0 0.0 0.0 0.0 0.0 0.062 0.854 0.854 0.854 1.0 0.091 0.061 0.040
0.0 0.0 0.0 1.0 0.0 0.0 0.0 0.0 0.0 0.0 0.042 0.875 0.875 0.875 2.0 0.152 0.061 0.040
0.0 0.0 0.0 1.0 0.0 0.0 0.0 0.0 0.0 0.0 0.042 0.896 0.896 0.896 2.0 0.167 0.061 0.040
0.0 0.0 0.0 1.0 0.0 0.0 0.0 0.0 0.0 0.0 0.042 0.958 0.958 0.958 2.0 0.152 0.061 0.040
0.0 0.0 0.0 1.0 0.0 0.0 0.0 0.0 0.0 0.0 0.042 0.896 0.896 0.896 2.0 0.152 0.061 0.040
0.0 1.0 0.0 0.0 0.0 0.0 0.0 0.0 0.0 0.0 0.062 0.854 0.854 0.854 1.0 0.091 0.061 0.040
0.0 0.0 1.0 0.0 0.0 0.0 0.0 0.0 0.0 0.0 0.042 0.875 0.875 0.875 2.0 0.152 0.061 0.040
0.0 0.0 0.0 1.0 0.0 0.0 0.0 0.0 0.0 0.0 0.042 0.875 0.875 0.875 2.0 0.152 0.061 0.040
1.0 0.0 0.0 0.0 0.0 0.0 0.0 0.0 0.0 0.0 0.042 0.708 0.958 0.778 1.0 0.152 0.030 1.000
1.0 0.0 0.0 0.0 0.0 0.0 0.0 0.0 0.0 0.0 0.042 0.708 0.958 0.778 1.0 0.136 0.030 1.000
1.0 0.0 0.0 0.0 0.0 0.0 0.0 0.0 0.0 0.0 0.042 0.708 0.958 0.778 1.0 0.136 0.030 1.000
1.0 0.0 0.0 0.0 0.0 0.0 0.0 0.0 0.0 0.0 0.042 0.708 0.958 0.778 1.0 0.136 0.030 1.000
1.0 0.0 0.0 0.0 0.0 0.0 0.0 0.0 0.0 0.0 0.042 0.708 0.958 0.778 1.0 0.152 0.030 1.000
1.0 0.0 0.0 0.0 0.0 0.0 0.0 0.0 0.0 0.0 0.042 0.708 0.958 0.778 1.0 0.152 0.030 1.000
0.0 0.0 1.0 0.0 0.0 0.0 0.0 0.0 1.0 0.0 0.042 0.708 0.958 0.778 2.0 0.197 0.061 1.000
1.0 0.0 0.0 0.0 0.0 0.0 0.0 0.0 0.0 0.0 0.042 0.708 0.958 0.778 1.0 0.167 0.030 1.000
1.0 0.0 0.0 0.0 0.0 0.0 0.0 0.0 0.0 0.0 0.042 0.708 0.958 0.778 1.0 0.136 0.030 1.000
1.0 0.0 0.0 0.0 0.0 0.0 0.0 0.0 0.0 0.0 0.042 0.708 0.958 0.778 1.0 0.136 0.030 1.000
0.0 0.0 1.0 0.0 0.0 0.0 0.0 0.0 1.0 0.0 0.042 0.708 0.958 0.778 2.0 0.197 0.061 1.000
1.0 0.0 0.0 0.0 0.0 0.0 0.0 0.0 0.0 0.0 0.042 0.708 0.958 0.778 1.0 0.152 0.030 1.000
0.0 0.0 1.0 0.0 0.0 0.0 0.0 0.0 1.0 0.0 0.042 0.708 0.958 0.778 3.0 0.212 0.091 1.000
1.0 0.0 0.0 0.0 0.0 0.0 0.0 0.0 0.0 0.0 0.042 0.708 0.958 0.778 1.0 0.152 0.030 1.000
1.0 0.0 0.0 0.0 0.0 0.0 0.0 0.0 0.0 0.0 0.042 0.708 0.958 0.778 1.0 0.152 0.030 1.000
0.0 0.0 0.0 1.0 0.0 0.0 0.0 0.0 0.0 0.0 0.042 0.875 0.875 0.875 2.0 0.152 0.061 0.040
0.0 0.0 0.0 1.0 0.0 0.0 0.0 0.0 0.0 0.0 0.042 0.875 0.875 0.875 2.0 0.152 0.061 0.040
0.0 0.0 0.0 1.0 0.0 0.0 0.0 0.0 1.0 0.0 0.042 0.708 0.958 0.778 2.0 0.348 0.061 1.000
0.0 0.0 0.0 1.0 0.0 0.0 0.0 0.0 0.0 0.0 0.042 0.708 0.958 0.778 2.0 0.212 0.061 1.000
0.0 1.0 0.0 0.0 0.0 0.0 0.0 0.0 0.0 0.0 0.062 0.688 0.938 0.757 1.0 0.197 0.061 1.000
0.0 0.0 0.0 1.0 0.0 0.0 0.0 0.0 0.0 0.0 0.042 0.708 0.958 0.778 2.0 0.121 0.061 1.000
1.0 0.0 0.0 0.0 0.0 0.0 0.0 0.0 0.0 0.0 0.042 0.708 0.958 0.778 1.0 0.152 0.030 1.000
1.0 0.0 0.0 0.0 0.0 0.0 0.0 0.0 0.0 0.0 0.042 0.708 0.958 0.778 1.0 0.136 0.030 1.000
1.0 0.0 0.0 0.0 0.0 0.0 0.0 0.0 0.0 0.0 0.042 0.875 0.875 0.875 1.0 0.152 0.030 0.040
1.0 0.0 0.0 0.0 0.0 0.0 0.0 0.0 0.0 0.0 0.042 0.875 0.875 0.875 1.0 0.136 0.030 0.040
1.0 0.0 0.0 0.0 0.0 0.0 0.0 0.0 0.0 0.0 0.042 0.958 0.958 0.958 1.0 0.136 0.030 0.040
1.0 0.0 0.0 0.0 0.0 0.0 0.0 0.0 0.0 0.0 0.042 0.708 0.958 0.778 1.0 0.136 0.030 1.000
1.0 0.0 0.0 0.0 0.0 0.0 0.0 0.0 0.0 0.0 0.042 0.708 0.958 0.778 1.0 0.121 0.030 1.000
1.0 0.0 0.0 0.0 0.0 0.0 0.0 0.0 0.0 0.0 0.042 0.708 0.958 0.778 1.0 0.121 0.030 1.000
1.0 0.0 0.0 0.0 0.0 0.0 0.0 0.0 0.0 0.0 0.042 0.708 0.958 0.778 1.0 0.136 0.030 1.000
0.0 0.0 1.0 0.0 0.0 0.0 0.0 0.0 1.0 0.0 0.042 0.708 0.958 0.778 3.0 0.197 0.091 1.000
1.0 0.0 0.0 0.0 0.0 0.0 0.0 0.0 0.0 0.0 0.042 0.708 0.958 0.778 1.0 0.121 0.030 1.000
1.0 0.0 0.0 0.0 0.0 0.0 0.0 0.0 0.0 0.0 0.042 0.708 0.958 0.778 1.0 0.152 0.030 1.000
1.0 0.0 0.0 0.0 0.0 0.0 0.0 0.0 0.0 0.0 0.042 0.708 0.958 0.778 1.0 0.136 0.030 1.000
0.0 0.0 1.0 0.0 0.0 0.0 0.0 0.0 1.0 0.0 0.042 0.708 0.958 0.778 3.0 0.197 0.091 1.000
1.0 0.0 0.0 0.0 0.0 0.0 0.0 0.0 0.0 0.0 0.042 0.708 0.958 0.778 1.0 0.121 0.030 1.000
1.0 0.0 0.0 0.0 0.0 0.0 0.0 0.0 0.0 0.0 0.042 0.812 0.812 0.812 1.0 0.121 0.030 0.040
1.0 0.0 0.0 0.0 0.0 0.0 0.0 0.0 0.0 0.0 0.042 0.708 0.958 0.778 1.0 0.121 0.030 1.000
1.0 0.0 0.0 0.0 0.0 0.0 0.0 0.0 0.0 0.0 0.042 0.812 0.812 0.812 1.0 0.121 0.030 0.040
1.0 0.0 0.0 0.0 0.0 0.0 0.0 0.0 0.0 0.0 0.042 0.708 0.958 0.778 1.0 0.121 0.030 1.000
1.0 0.0 0.0 0.0 0.0 0.0 0.0 0.0 0.0 0.0 0.042 0.812 0.812 0.812 1.0 0.121 0.030 0.040
1.0 0.0 0.0 0.0 0.0 0.0 0.0 0.0 0.0 0.0 0.042 0.708 0.958 0.778 1.0 0.121 0.030 1.000
1.0 0.0 0.0 0.0 0.0 0.0 0.0 0.0 0.0 0.0 0.042 0.812 0.812 0.812 1.0 0.121 0.030 0.040
0.0 0.0 1.0 0.0 0.0 0.0 0.0 0.0 0.0 0.0 0.042 0.875 0.875 0.875 2.0 0.136 0.091 0.040
0.0 0.0 1.0 0.0 0.0 0.0 0.0 0.0 0.0 0.0 0.062 0.854 0.854 0.854 2.0 0.152 0.091 0.040
1.0 0.0 0.0 0.0 0.0 0.0 0.0 0.0 0.0 0.0 0.042 0.708 0.958 0.778 1.0 0.136 0.030 1.000
1.0 0.0 0.0 0.0 0.0 0.0 0.0 0.0 0.0 0.0 0.042 0.708 0.958 0.778 1.0 0.136 0.030 1.000
1.0 0.0 0.0 0.0 0.0 0.0 0.0 0.0 0.0 0.0 0.042 0.708 0.958 0.778 1.0 0.136 0.030 1.000
1.0 0.0 0.0 0.0 0.0 0.0 0.0 0.0 0.0 0.0 0.042 0.708 0.958 0.778 1.0 0.136 0.030 1.000
1.0 0.0 0.0 0.0 0.0 0.0 0.0 0.0 0.0 0.0 0.042 0.708 0.958 0.778 1.0 0.136 0.030 1.000
1.0 0.0 0.0 0.0 0.0 0.0 0.0 0.0 0.0 0.0 0.042 0.708 0.958 0.778 1.0 0.136 0.030 1.000
1.0 0.0 0.0 0.0 0.0 0.0 0.0 0.0 0.0 0.0 0.042 0.875 0.875 0.875 1.0 0.136 0.030 0.040
1.0 0.0 0.0 0.0 0.0 0.0 0.0 0.0 0.0 0.0 0.042 0.708 0.958 0.778 1.0 0.136 0.030 1.000
1.0 0.0 0.0 0.0 0.0 0.0 0.0 0.0 0.0 0.0 0.042 0.708 0.958 0.778 1.0 0.152 0.030 1.000
1.0 0.0 0.0 0.0 0.0 0.0 0.0 0.0 0.0 0.0 0.042 0.896 0.896 0.896 1.0 0.152 0.030 0.040
1.0 0.0 0.0 0.0 0.0 0.0 0.0 0.0 0.0 0.0 0.042 0.708 0.958 0.778 1.0 0.121 0.030 1.000
1.0 0.0 0.0 0.0 0.0 0.0 0.0 0.0 0.0 0.0 0.042 0.708 0.958 0.778 1.0 0.136 0.030 1.000
0.0 0.0 1.0 0.0 0.0 0.0 0.0 0.0 1.0 0.0 0.042 0.708 0.958 0.778 3.0 0.197 0.091 1.000
1.0 0.0 0.0 0.0 0.0 0.0 0.0 0.0 0.0 0.0 0.042 0.708 0.958 0.778 1.0 0.136 0.030 1.000
1.0 0.0 0.0 0.0 0.0 0.0 0.0 0.0 0.0 0.0 0.042 0.708 0.958 0.778 1.0 0.152 0.030 1.000
1.0 0.0 0.0 0.0 0.0 0.0 0.0 0.0 0.0 0.0 0.042 0.708 0.958 0.778 1.0 0.152 0.030 1.000
1.0 0.0 0.0 0.0 0.0 0.0 0.0 0.0 0.0 0.0 0.042 0.708 0.958 0.778 1.0 0.121 0.030 1.000
1.0 0.0 0.0 0.0 0.0 0.0 0.0 0.0 0.0 0.0 0.042 0.708 0.958 0.778 1.0 0.136 0.030 1.000
1.0 0.0 0.0 0.0 0.0 0.0 0.0 0.0 0.0 0.0 0.042 0.708 0.958 0.778 1.0 0.136 0.030 1.000
1.0 0.0 0.0 0.0 0.0 0.0 0.0 0.0 0.0 0.0 0.042 0.708 0.958 0.778 1.0 0.136 0.030 1.000
1.0 0.0 0.0 0.0 0.0 0.0 0.0 0.0 0.0 0.0 0.042 0.708 0.958 0.778 1.0 0.136 0.030 1.000
1.0 0.0 0.0 0.0 0.0 0.0 0.0 0.0 0.0 0.0 0.042 0.708 0.958 0.778 1.0 0.136 0.030 1.000
0.0 1.0 0.0 0.0 0.0 0.0 0.0 0.0 0.0 0.0 0.062 0.854 0.854 0.854 1.0 0.121 0.091 0.040
0.0 1.0 0.0 0.0 0.0 0.0 0.0 0.0 0.0 0.0 0.083 0.833 0.833 0.833 1.0 0.121 0.091 0.040
0.0 1.0 0.0 0.0 0.0 0.0 0.0 0.0 0.0 0.0 0.062 0.688 0.938 0.757 1.0 0.106 0.030 1.000
0.0 1.0 0.0 0.0 0.0 0.0 0.0 0.0 0.0 0.0 0.062 0.688 0.938 0.757 1.0 0.106 0.030 1.000
0.0 1.0 0.0 0.0 0.0 0.0 0.0 0.0 0.0 0.0 0.062 0.854 0.854 0.854 1.0 0.106 0.030 0.040
0.0 1.0 0.0 0.0 0.0 0.0 0.0 0.0 0.0 0.0 0.062 0.854 0.854 0.854 1.0 0.106 0.030 0.040
0.0 1.0 0.0 0.0 0.0 0.0 0.0 0.0 0.0 0.0 0.062 0.688 0.938 0.757 1.0 0.106 0.030 1.000
0.0 1.0 0.0 0.0 0.0 0.0 0.0 0.0 0.0 0.0 0.062 0.688 0.938 0.757 1.0 0.121 0.091 1.000
0.0 1.0 0.0 0.0 0.0 0.0 0.0 0.0 0.0 0.0 0.062 0.688 0.938 0.757 1.0 0.106 0.030 1.000
0.0 1.0 0.0 0.0 0.0 0.0 0.0 0.0 0.0 0.0 0.062 0.688 0.938 0.757 1.0 0.106 0.030 1.000
0.0 1.0 0.0 0.0 0.0 0.0 0.0 0.0 0.0 0.0 0.062 0.688 0.938 0.757 1.0 0.121 0.091 1.000
0.0 0.0 1.0 0.0 0.0 0.0 0.0 0.0 1.0 0.0 0.083 0.833 0.833 0.833 2.0 0.152 0.091 0.040
0.0 0.0 1.0 0.0 0.0 0.0 0.0 0.0 1.0 0.0 0.062 0.854 0.854 0.854 2.0 0.167 0.091 0.040
0.0 0.0 0.0 1.0 0.0 0.0 0.0 0.0 1.0 0.0 0.083 0.667 0.917 0.737 2.0 0.227 0.091 1.000
0.0 0.0 0.0 1.0 0.0 0.0 0.0 0.0 1.0 0.0 0.062 0.688 0.938 0.757 2.0 0.258 0.091 1.000
0.0 0.0 0.0 1.0 0.0 0.0 0.0 0.0 1.0 0.0 0.083 0.667 0.917 0.737 2.0 0.167 0.091 1.000
0.0 0.0 0.0 1.0 0.0 0.0 0.0 0.0 1.0 0.0 0.062 0.688 0.938 0.757 2.0 0.182 0.091 1.000
0.0 1.0 0.0 0.0 0.0 0.0 0.0 0.0 0.0 0.0 0.062 0.792 0.792 0.792 1.0 0.106 0.030 0.040
0.0 1.0 0.0 0.0 0.0 0.0 0.0 0.0 0.0 0.0 0.062 0.688 0.938 0.757 1.0 0.106 0.030 1.000
0.0 1.0 0.0 0.0 0.0 0.0 0.0 0.0 0.0 0.0 0.062 0.792 0.792 0.792 1.0 0.106 0.030 0.040
0.0 1.0 0.0 0.0 0.0 0.0 0.0 0.0 0.0 0.0 0.062 0.688 0.938 0.757 1.0 0.106 0.030 1.000
0.0 1.0 0.0 0.0 0.0 0.0 0.0 0.0 0.0 0.0 0.062 0.792 0.792 0.792 1.0 0.106 0.030 0.040
0.0 1.0 0.0 0.0 0.0 0.0 0.0 0.0 0.0 0.0 0.062 0.688 0.938 0.757 1.0 0.106 0.030 1.000
0.0 1.0 0.0 0.0 0.0 0.0 0.0 0.0 0.0 0.0 0.062 0.792 0.792 0.792 1.0 0.106 0.030 0.040
0.0 1.0 0.0 0.0 0.0 0.0 0.0 0.0 0.0 0.0 0.062 0.688 0.938 0.757 1.0 0.106 0.030 1.000
0.0 0.0 0.0 1.0 0.0 0.0 0.0 0.0 0.0 0.0 0.062 0.688 0.938 0.779 4.0 0.197 0.152 0.640
0.0 0.0 0.0 1.0 0.0 0.0 0.0 0.0 0.0 0.0 0.062 0.688 0.938 0.783 4.0 0.197 0.152 0.640
0.0 0.0 0.0 1.0 0.0 0.0 0.0 0.0 0.0 0.0 0.062 0.688 0.938 0.757 3.0 0.212 0.121 1.000
0.0 0.0 1.0 0.0 0.0 0.0 0.0 0.0 0.0 0.0 0.062 0.792 0.792 0.792 3.0 0.530 0.121 0.040
1.0 0.0 0.0 0.0 0.0 0.0 0.0 0.0 0.0 0.0 0.062 0.688 0.938 0.757 1.0 0.136 0.030 1.000
0.0 1.0 0.0 0.0 0.0 0.0 0.0 0.0 0.0 0.0 0.062 0.688 0.938 0.757 1.0 0.106 0.030 1.000
1.0 0.0 0.0 0.0 0.0 0.0 0.0 0.0 0.0 0.0 0.062 0.688 0.938 0.757 1.0 0.136 0.030 1.000
0.0 1.0 0.0 0.0 0.0 0.0 0.0 0.0 0.0 0.0 0.062 0.688 0.938 0.757 1.0 0.106 0.030 1.000
1.0 0.0 0.0 0.0 0.0 0.0 0.0 0.0 0.0 0.0 0.062 0.688 0.938 0.757 1.0 0.136 0.030 1.000
0.0 1.0 0.0 0.0 0.0 0.0 0.0 0.0 0.0 0.0 0.062 0.688 0.938 0.757 1.0 0.106 0.030 1.000
1.0 0.0 0.0 0.0 0.0 0.0 0.0 0.0 0.0 0.0 0.062 0.688 0.938 0.757 1.0 0.136 0.030 1.000
0.0 1.0 0.0 0.0 0.0 0.0 0.0 0.0 0.0 0.0 0.062 0.688 0.938 0.757 1.0 0.106 0.030 1.000
1.0 0.0 0.0 0.0 0.0 0.0 0.0 0.0 0.0 0.0 0.062 0.688 0.938 0.757 1.0 0.136 0.030 1.000
0.0 1.0 0.0 0.0 0.0 0.0 0.0 0.0 0.0 0.0 0.062 0.688 0.938 0.757 1.0 0.106 0.030 1.000
1.0 0.0 0.0 0.0 0.0 0.0 0.0 0.0 0.0 0.0 0.062 0.688 0.938 0.757 1.0 0.136 0.030 1.000
0.0 1.0 0.0 0.0 0.0 0.0 0.0 0.0 0.0 0.0 0.062 0.688 0.938 0.757 1.0 0.106 0.030 1.000
1.0 0.0 0.0 0.0 0.0 0.0 0.0 0.0 0.0 0.0 0.062 0.854 0.854 0.854 1.0 0.136 0.061 0.040
1.0 0.0 0.0 0.0 0.0 0.0 0.0 0.0 0.0 0.0 0.062 0.688 0.938 0.757 1.0 0.136 0.061 1.000
1.0 0.0 0.0 0.0 0.0 0.0 0.0 0.0 0.0 0.0 0.062 0.854 0.854 0.854 1.0 0.136 0.030 0.040
0.0 1.0 0.0 0.0 0.0 0.0 0.0 0.0 0.0 0.0 0.062 0.854 0.854 0.854 1.0 0.106 0.030 0.040
1.0 0.0 0.0 0.0 0.0 0.0 0.0 0.0 0.0 0.0 0.062 0.688 0.938 0.757 1.0 0.136 0.030 1.000
0.0 1.0 0.0 0.0 0.0 0.0 0.0 0.0 0.0 0.0 0.062 0.688 0.938 0.757 1.0 0.106 0.030 1.000
1.0 0.0 0.0 0.0 0.0 0.0 0.0 0.0 0.0 0.0 0.062 0.688 0.938 0.757 1.0 0.136 0.061 1.000
0.0 1.0 0.0 0.0 0.0 0.0 0.0 0.0 0.0 0.0 0.062 0.688 0.938 0.757 1.0 0.106 0.030 1.000
1.0 0.0 0.0 0.0 0.0 0.0 0.0 0.0 0.0 0.0 0.062 0.875 0.875 0.875 1.0 0.136 0.061 0.040
0.0 1.0 0.0 0.0 0.0 0.0 0.0 0.0 0.0 0.0 0.062 0.875 0.875 0.875 1.0 0.106 0.030 0.040
1.0 0.0 0.0 0.0 0.0 0.0 0.0 0.0 0.0 0.0 0.062 0.938 0.938 0.938 1.0 0.152 0.091 0.040
0.0 1.0 0.0 0.0 0.0 0.0 0.0 0.0 0.0 0.0 0.062 0.938 0.938 0.938 1.0 0.106 0.030 0.040
1.0 0.0 0.0 0.0 0.0 0.0 0.0 0.0 0.0 0.0 0.062 0.688 0.938 0.757 1.0 0.152 0.091 1.000
0.0 1.0 0.0 0.0 0.0 0.0 0.0 0.0 0.0 0.0 0.062 0.688 0.938 0.757 1.0 0.106 0.030 1.000
0.0 1.0 0.0 0.0 0.0 0.0 0.0 0.0 0.0 0.0 0.062 0.688 0.938 0.757 1.0 0.106 0.030 1.000
0.0 1.0 0.0 0.0 0.0 0.0 0.0 0.0 0.0 0.0 0.062 0.688 0.938 0.757 1.0 0.106 0.030 1.000
0.0 1.0 0.0 0.0 0.0 0.0 0.0 0.0 0.0 0.0 0.062 0.688 0.938 0.757 1.0 0.121 0.091 1.000
0.0 1.0 0.0 0.0 0.0 0.0 0.0 0.0 0.0 0.0 0.062 0.688 0.938 0.757 1.0 0.106 0.030 1.000
0.0 1.0 0.0 0.0 0.0 0.0 0.0 0.0 0.0 0.0 0.062 0.688 0.938 0.757 1.0 0.106 0.030 1.000
1.0 0.0 0.0 0.0 0.0 0.0 0.0 0.0 0.0 0.0 0.062 0.688 0.938 0.757 1.0 0.136 0.030 1.000
0.0 1.0 0.0 0.0 0.0 0.0 0.0 0.0 0.0 0.0 0.062 0.688 0.938 0.757 1.0 0.106 0.030 1.000
1.0 0.0 0.0 0.0 0.0 0.0 0.0 0.0 0.0 0.0 0.062 0.688 0.938 0.757 1.0 0.136 0.030 1.000
0.0 1.0 0.0 0.0 0.0 0.0 0.0 0.0 0.0 0.0 0.062 0.688 0.938 0.757 1.0 0.106 0.030 1.000
0.0 1.0 0.0 0.0 0.0 0.0 0.0 0.0 0.0 0.0 0.062 0.688 0.938 0.757 1.0 0.106 0.030 1.000
0.0 1.0 0.0 0.0 0.0 0.0 0.0 0.0 0.0 0.0 0.062 0.688 0.938 0.757 1.0 0.106 0.030 1.000
0.0 1.0 0.0 0.0 0.0 0.0 0.0 0.0 0.0 0.0 0.062 0.688 0.938 0.757 1.0 0.106 0.030 1.000
0.0 1.0 0.0 0.0 0.0 0.0 0.0 0.0 0.0 0.0 0.062 0.688 0.938 0.757 1.0 0.106 0.030 1.000
0.0 1.0 0.0 0.0 0.0 0.0 0.0 0.0 0.0 0.0 0.062 0.688 0.938 0.757 1.0 0.106 0.030 1.000
0.0 1.0 0.0 0.0 0.0 0.0 0.0 0.0 0.0 0.0 0.062 0.688 0.938 0.757 1.0 0.106 0.030 1.000
0.0 1.0 0.0 0.0 0.0 0.0 0.0 0.0 0.0 0.0 0.062 0.688 0.938 0.757 1.0 0.106 0.030 1.000
0.0 1.0 0.0 0.0 0.0 0.0 0.0 0.0 0.0 0.0 0.062 0.688 0.938 0.757 1.0 0.106 0.030 1.000
1.0 0.0 0.0 0.0 0.0 0.0 0.0 0.0 0.0 0.0 0.062 0.688 0.938 0.757 1.0 0.136 0.030 1.000
1.0 0.0 0.0 0.0 0.0 0.0 0.0 0.0 0.0 0.0 0.062 0.688 0.938 0.757 1.0 0.136 0.030 1.000
1.0 0.0 0.0 0.0 0.0 0.0 0.0 0.0 0.0 0.0 0.062 0.688 0.938 0.757 1.0 0.136 0.030 1.000
1.0 0.0 0.0 0.0 0.0 0.0 0.0 0.0 0.0 0.0 0.062 0.688 0.938 0.757 1.0 0.136 0.030 1.000
1.0 0.0 0.0 0.0 0.0 0.0 0.0 0.0 0.0 0.0 0.062 0.688 0.938 0.757 1.0 0.136 0.030 1.000
1.0 0.0 0.0 0.0 0.0 0.0 0.0 0.0 0.0 0.0 0.062 0.688 0.938 0.757 1.0 0.136 0.030 1.000
1.0 0.0 0.0 0.0 0.0 0.0 0.0 0.0 0.0 0.0 0.062 0.854 0.854 0.854 1.0 0.136 0.030 0.040
1.0 0.0 0.0 0.0 0.0 0.0 0.0 0.0 0.0 0.0 0.062 0.688 0.938 0.757 1.0 0.136 0.030 1.000
1.0 0.0 0.0 0.0 0.0 0.0 0.0 0.0 0.0 0.0 0.062 0.854 0.854 0.854 1.0 0.136 0.030 0.040
1.0 0.0 0.0 0.0 0.0 0.0 0.0 0.0 0.0 0.0 0.062 0.688 0.938 0.757 1.0 0.136 0.030 1.000
1.0 0.0 0.0 0.0 0.0 0.0 0.0 0.0 0.0 0.0 0.062 0.688 0.938 0.757 1.0 0.136 0.030 1.000
1.0 0.0 0.0 0.0 0.0 0.0 0.0 0.0 0.0 0.0 0.062 0.875 0.875 0.875 1.0 0.136 0.030 0.040
1.0 0.0 0.0 0.0 0.0 0.0 0.0 0.0 0.0 0.0 0.062 0.688 0.938 0.757 1.0 0.136 0.030 1.000
1.0 0.0 0.0 0.0 0.0 0.0 0.0 0.0 0.0 0.0 0.062 0.688 0.938 0.757 1.0 0.136 0.030 1.000
0.0 0.0 0.0 1.0 0.0 0.0 0.0 0.0 0.0 0.0 0.083 0.667 0.917 0.737 2.0 0.136 0.061 1.000
0.0 0.0 0.0 1.0 0.0 0.0 0.0 0.0 0.0 0.0 0.083 0.667 0.917 0.737 2.0 0.136 0.061 1.000
0.0 0.0 0.0 1.0 0.0 0.0 0.0 0.0 0.0 0.0 0.083 0.833 0.833 0.833 2.0 0.136 0.061 0.040
0.0 0.0 0.0 1.0 0.0 0.0 0.0 0.0 0.0 0.0 0.083 0.833 0.833 0.833 2.0 0.136 0.061 0.040
0.0 0.0 0.0 1.0 0.0 0.0 0.0 0.0 0.0 0.0 0.083 0.667 0.917 0.737 2.0 0.152 0.121 1.000
0.0 0.0 0.0 1.0 0.0 0.0 0.0 0.0 0.0 0.0 0.083 0.667 0.917 0.737 2.0 0.136 0.121 1.000
0.0 0.0 0.0 1.0 0.0 0.0 0.0 0.0 0.0 0.0 0.083 0.667 0.917 0.737 2.0 0.152 0.061 1.000
0.0 0.0 0.0 1.0 0.0 0.0 0.0 0.0 0.0 0.0 0.083 0.667 0.917 0.737 2.0 0.152 0.061 1.000
0.0 0.0 0.0 1.0 0.0 0.0 0.0 0.0 0.0 0.0 0.083 0.667 0.917 0.737 2.0 0.136 0.121 1.000
0.0 0.0 0.0 1.0 0.0 0.0 0.0 0.0 0.0 0.0 0.083 0.667 0.917 0.737 2.0 0.152 0.121 1.000
0.0 0.0 0.0 1.0 0.0 0.0 0.0 0.0 0.0 0.0 0.083 0.667 0.917 0.737 2.0 0.136 0.061 1.000
0.0 0.0 0.0 1.0 0.0 0.0 0.0 0.0 0.0 0.0 0.083 0.667 0.917 0.737 2.0 0.136 0.061 1.000
0.0 0.0 0.0 1.0 0.0 0.0 0.0 0.0 0.0 0.0 0.083 0.667 0.917 0.737 2.0 0.152 0.061 1.000
0.0 0.0 0.0 1.0 0.0 0.0 0.0 0.0 0.0 0.0 0.083 0.667 0.917 0.737 2.0 0.152 0.061 1.000
0.0 0.0 0.0 1.0 0.0 0.0 0.0 0.0 0.0 0.0 0.083 0.667 0.917 0.737 2.0 0.152 0.061 1.000
0.0 0.0 0.0 1.0 0.0 0.0 0.0 0.0 0.0 0.0 0.083 0.667 0.917 0.737 2.0 0.152 0.061 1.000
0.0 1.0 0.0 0.0 0.0 0.0 0.0 0.0 0.0 0.0 0.083 0.667 0.917 0.737 1.0 0.106 0.030 1.000
0.0 1.0 0.0 0.0 0.0 0.0 0.0 0.0 0.0 0.0 0.083 0.667 0.917 0.737 1.0 0.106 0.030 1.000
0.0 0.0 0.0 1.0 0.0 0.0 0.0 0.0 0.0 0.0 0.104 0.646 0.896 0.716 2.0 0.152 0.061 1.000
0.0 1.0 0.0 0.0 0.0 0.0 0.0 0.0 0.0 0.0 0.083 0.667 0.917 0.737 1.0 0.106 0.030 1.000
0.0 1.0 0.0 0.0 0.0 0.0 0.0 0.0 0.0 0.0 0.083 0.667 0.917 0.737 1.0 0.106 0.030 1.000
0.0 1.0 0.0 0.0 0.0 0.0 0.0 0.0 0.0 0.0 0.083 0.667 0.917 0.737 1.0 0.106 0.030 1.000
0.0 1.0 0.0 0.0 0.0 0.0 0.0 0.0 0.0 0.0 0.083 0.667 0.917 0.737 1.0 0.106 0.030 1.000
0.0 1.0 0.0 0.0 0.0 0.0 0.0 0.0 0.0 0.0 0.083 0.667 0.917 0.737 1.0 0.106 0.061 1.000
0.0 1.0 0.0 0.0 0.0 0.0 0.0 0.0 0.0 0.0 0.083 0.667 0.917 0.737 1.0 0.106 0.030 1.000
0.0 1.0 0.0 0.0 0.0 0.0 0.0 0.0 0.0 0.0 0.083 0.854 0.854 0.854 1.0 0.106 0.061 0.040
0.0 0.0 0.0 1.0 0.0 0.0 0.0 0.0 0.0 0.0 0.104 0.812 0.812 0.812 2.0 0.152 0.061 0.040
0.0 1.0 0.0 0.0 0.0 0.0 0.0 0.0 0.0 0.0 0.083 0.667 0.917 0.737 1.0 0.106 0.091 1.000
0.0 0.0 0.0 1.0 0.0 0.0 0.0 0.0 0.0 0.0 0.083 0.667 0.917 0.737 2.0 0.136 0.121 1.000
0.0 1.0 0.0 0.0 0.0 0.0 0.0 0.0 0.0 0.0 0.083 0.667 0.917 0.737 1.0 0.106 0.030 1.000
0.0 0.0 0.0 1.0 0.0 0.0 0.0 0.0 0.0 0.0 0.104 0.646 0.896 0.716 2.0 0.152 0.121 1.000
0.0 1.0 0.0 0.0 0.0 0.0 0.0 0.0 0.0 0.0 0.104 0.750 0.750 0.750 1.0 0.121 0.091 0.040
1.0 0.0 0.0 0.0 0.0 0.0 0.0 0.0 0.0 0.0 0.104 0.646 0.896 0.716 1.0 0.379 0.091 1.000
0.0 1.0 0.0 0.0 0.0 0.0 0.0 0.0 0.0 0.0 0.083 0.771 0.771 0.771 1.0 0.121 0.091 0.040
1.0 0.0 0.0 0.0 0.0 0.0 0.0 0.0 0.0 0.0 0.083 0.667 0.917 0.737 1.0 0.409 0.091 1.000
0.0 1.0 0.0 0.0 0.0 0.0 0.0 0.0 0.0 0.0 0.104 0.646 0.896 0.737 1.0 1.000 0.182 0.640
0.0 0.0 0.0 1.0 0.0 0.0 0.0 0.0 0.0 0.0 0.083 0.667 0.917 0.758 2.0 0.409 0.182 0.640
0.0 1.0 0.0 0.0 0.0 0.0 0.0 0.0 0.0 0.0 0.104 0.646 0.896 0.741 1.0 0.985 0.182 0.640
0.0 0.0 1.0 0.0 0.0 0.0 0.0 0.0 0.0 0.0 0.083 0.667 0.917 0.762 2.0 0.409 0.182 0.640
0.0 1.0 0.0 0.0 0.0 0.0 0.0 0.0 0.0 0.0 0.083 0.667 0.917 0.737 1.0 0.106 0.030 1.000
0.0 0.0 0.0 1.0 0.0 0.0 0.0 0.0 0.0 0.0 0.083 0.667 0.917 0.737 2.0 0.152 0.061 1.000
0.0 1.0 0.0 0.0 0.0 0.0 0.0 0.0 0.0 0.0 0.083 0.667 0.917 0.737 1.0 0.106 0.030 1.000
0.0 0.0 0.0 1.0 0.0 0.0 0.0 0.0 0.0 0.0 0.083 0.667 0.917 0.737 2.0 0.152 0.061 1.000
0.0 1.0 0.0 0.0 0.0 0.0 0.0 0.0 0.0 0.0 0.083 0.667 0.917 0.737 1.0 0.106 0.030 1.000
0.0 0.0 0.0 1.0 0.0 0.0 0.0 0.0 0.0 0.0 0.083 0.667 0.917 0.737 2.0 0.152 0.061 1.000
0.0 1.0 0.0 0.0 0.0 0.0 0.0 0.0 0.0 0.0 0.083 0.667 0.917 0.737 1.0 0.106 0.030 1.000
0.0 0.0 0.0 1.0 0.0 0.0 0.0 0.0 0.0 0.0 0.083 0.667 0.917 0.737 2.0 0.152 0.061 1.000
0.0 1.0 0.0 0.0 0.0 0.0 0.0 0.0 0.0 0.0 0.083 0.667 0.917 0.737 1.0 0.106 0.030 1.000
0.0 0.0 0.0 1.0 0.0 0.0 0.0 0.0 0.0 0.0 0.083 0.667 0.917 0.737 2.0 0.152 0.061 1.000
0.0 1.0 0.0 0.0 0.0 0.0 0.0 0.0 0.0 0.0 0.083 0.667 0.917 0.737 1.0 0.106 0.030 1.000
0.0 0.0 0.0 1.0 0.0 0.0 0.0 0.0 0.0 0.0 0.083 0.667 0.917 0.737 2.0 0.152 0.061 1.000
0.0 1.0 0.0 0.0 0.0 0.0 0.0 0.0 0.0 0.0 0.083 0.833 0.833 0.833 1.0 0.106 0.030 0.040
0.0 1.0 0.0 0.0 0.0 0.0 0.0 0.0 0.0 0.0 0.083 0.833 0.833 0.833 1.0 0.106 0.061 0.040
0.0 1.0 0.0 0.0 0.0 0.0 0.0 0.0 0.0 0.0 0.083 0.667 0.917 0.737 1.0 0.106 0.030 1.000
0.0 1.0 0.0 0.0 0.0 0.0 0.0 0.0 0.0 0.0 0.083 0.833 0.833 0.833 1.0 0.106 0.030 0.040
0.0 0.0 0.0 1.0 0.0 0.0 0.0 0.0 0.0 0.0 0.083 0.833 0.833 0.833 2.0 0.152 0.061 0.040
0.0 1.0 0.0 0.0 0.0 0.0 0.0 0.0 0.0 0.0 0.083 0.833 0.833 0.833 1.0 0.106 0.030 0.040
0.0 1.0 0.0 0.0 0.0 0.0 0.0 0.0 0.0 0.0 0.083 0.667 0.917 0.737 1.0 0.106 0.030 1.000
0.0 0.0 0.0 1.0 0.0 0.0 0.0 0.0 0.0 0.0 0.083 0.667 0.917 0.737 2.0 0.152 0.061 1.000
0.0 1.0 0.0 0.0 0.0 0.0 0.0 0.0 0.0 0.0 0.083 0.667 0.917 0.737 1.0 0.106 0.030 1.000
0.0 0.0 0.0 1.0 0.0 0.0 0.0 0.0 0.0 0.0 0.083 0.667 0.917 0.737 2.0 0.152 0.061 1.000
0.0 1.0 0.0 0.0 0.0 0.0 0.0 0.0 0.0 0.0 0.083 0.667 0.917 0.737 1.0 0.106 0.061 1.000
0.0 1.0 0.0 0.0 0.0 0.0 0.0 0.0 0.0 0.0 0.083 0.854 0.854 0.854 1.0 0.106 0.030 0.040
0.0 0.0 0.0 1.0 0.0 0.0 0.0 0.0 0.0 0.0 0.083 0.854 0.854 0.854 2.0 0.152 0.061 0.040
0.0 1.0 0.0 0.0 0.0 0.0 0.0 0.0 0.0 0.0 0.083 0.917 0.917 0.917 1.0 0.106 0.091 0.040
0.0 0.0 0.0 1.0 0.0 0.0 0.0 0.0 0.0 0.0 0.083 0.917 0.917 0.917 2.0 0.152 0.121 0.040
0.0 0.0 0.0 1.0 0.0 0.0 0.0 0.0 0.0 0.0 0.104 0.646 0.896 0.716 2.0 0.182 0.061 1.000
0.0 1.0 0.0 0.0 0.0 0.0 0.0 0.0 0.0 0.0 0.125 0.625 0.875 0.695 1.0 0.136 0.121 1.000
0.0 0.0 0.0 1.0 0.0 0.0 0.0 0.0 0.0 0.0 0.104 0.646 0.896 0.716 2.0 0.152 0.121 1.000
0.0 1.0 0.0 0.0 0.0 0.0 0.0 0.0 0.0 0.0 0.083 0.667 0.917 0.737 1.0 0.106 0.030 1.000
0.0 0.0 0.0 1.0 0.0 0.0 0.0 0.0 0.0 0.0 0.083 0.667 0.917 0.737 2.0 0.152 0.061 1.000
0.0 1.0 0.0 0.0 0.0 0.0 0.0 0.0 0.0 0.0 0.083 0.667 0.917 0.737 1.0 0.106 0.030 1.000
0.0 1.0 0.0 0.0 0.0 0.0 0.0 0.0 0.0 0.0 0.083 0.667 0.917 0.737 1.0 0.106 0.030 1.000
0.0 0.0 0.0 1.0 0.0 0.0 0.0 0.0 0.0 0.0 0.083 0.667 0.917 0.737 2.0 0.152 0.061 1.000
0.0 1.0 0.0 0.0 0.0 0.0 0.0 0.0 0.0 0.0 0.125 0.625 0.875 0.695 1.0 0.136 0.061 1.000
0.0 0.0 0.0 1.0 0.0 0.0 0.0 0.0 0.0 0.0 0.104 0.646 0.896 0.716 2.0 0.152 0.061 1.000
0.0 0.0 0.0 1.0 0.0 0.0 0.0 0.0 0.0 0.0 0.104 0.646 0.896 0.716 2.0 0.182 0.061 1.000
0.0 0.0 0.0 1.0 0.0 0.0 0.0 0.0 0.0 0.0 0.104 0.646 0.896 0.716 2.0 0.182 0.061 1.000
1.0 0.0 0.0 0.0 0.0 0.0 0.0 0.0 0.0 0.0 0.104 0.646 0.896 0.716 1.0 0.136 0.091 1.000
1.0 0.0 0.0 0.0 0.0 0.0 0.0 0.0 0.0 0.0 0.104 0.750 0.750 0.750 1.0 0.136 0.091 0.040
1.0 0.0 0.0 0.0 0.0 0.0 0.0 0.0 0.0 0.0 0.083 0.667 0.917 0.737 1.0 0.136 0.091 1.000
1.0 0.0 0.0 0.0 0.0 0.0 0.0 0.0 0.0 0.0 0.083 0.771 0.771 0.771 1.0 0.136 0.091 0.040
0.0 1.0 0.0 0.0 0.0 0.0 0.0 0.0 0.0 0.0 0.125 0.625 0.875 0.695 1.0 0.152 0.061 1.000
0.0 0.0 0.0 1.0 0.0 0.0 0.0 0.0 0.0 0.0 0.104 0.646 0.896 0.716 2.0 0.136 0.121 1.000
0.0 0.0 0.0 1.0 0.0 0.0 0.0 0.0 0.0 0.0 0.104 0.646 0.896 0.716 2.0 0.152 0.061 1.000
0.0 0.0 0.0 1.0 0.0 0.0 0.0 0.0 0.0 0.0 0.104 0.646 0.896 0.716 2.0 0.152 0.061 1.000
0.0 0.0 0.0 1.0 0.0 0.0 0.0 0.0 0.0 0.0 0.104 0.646 0.896 0.716 2.0 0.152 0.061 1.000
0.0 0.0 0.0 1.0 0.0 0.0 0.0 0.0 0.0 0.0 0.104 0.646 0.896 0.716 2.0 0.152 0.061 1.000
0.0 0.0 0.0 1.0 0.0 0.0 0.0 0.0 0.0 0.0 0.104 0.646 0.896 0.716 2.0 0.152 0.061 1.000
0.0 0.0 0.0 1.0 0.0 0.0 0.0 0.0 0.0 0.0 0.104 0.646 0.896 0.716 2.0 0.152 0.061 1.000
0.0 0.0 0.0 1.0 0.0 0.0 0.0 0.0 0.0 0.0 0.104 0.812 0.812 0.812 2.0 0.152 0.061 0.040
0.0 1.0 0.0 0.0 0.0 0.0 0.0 0.0 0.0 0.0 0.125 0.625 0.875 0.695 1.0 0.121 0.061 1.000
0.0 0.0 0.0 1.0 0.0 0.0 0.0 0.0 0.0 0.0 0.104 0.646 0.896 0.716 2.0 0.121 0.061 1.000
0.0 0.0 0.0 1.0 0.0 0.0 0.0 0.0 0.0 0.0 0.104 0.646 0.896 0.716 2.0 0.152 0.061 1.000
0.0 0.0 0.0 1.0 0.0 0.0 0.0 0.0 0.0 0.0 0.104 0.833 0.833 0.833 2.0 0.152 0.061 0.040
0.0 1.0 0.0 0.0 0.0 0.0 0.0 0.0 0.0 0.0 0.125 0.792 0.792 0.792 1.0 0.136 0.061 0.040
0.0 0.0 0.0 1.0 0.0 0.0 0.0 0.0 0.0 0.0 0.104 0.896 0.896 0.896 2.0 0.152 0.121 0.040
0.0 0.0 0.0 1.0 0.0 0.0 0.0 0.0 0.0 0.0 0.104 0.646 0.896 0.716 2.0 0.152 0.061 1.000
0.0 0.0 0.0 1.0 0.0 0.0 0.0 0.0 0.0 0.0 0.104 0.646 0.896 0.716 2.0 0.152 0.061 1.000
0.0 1.0 0.0 0.0 0.0 0.0 0.0 0.0 0.0 0.0 0.125 0.625 0.875 0.695 1.0 0.136 0.121 1.000
0.0 1.0 0.0 0.0 0.0 0.0 0.0 0.0 0.0 0.0 0.146 0.604 0.854 0.674 1.0 0.106 0.121 1.000
0.0 0.0 1.0 0.0 0.0 0.0 0.0 0.0 0.0 0.0 0.125 0.625 0.875 0.695 2.0 0.136 0.121 1.000
0.0 0.0 0.0 1.0 0.0 0.0 0.0 0.0 0.0 0.0 0.125 0.625 0.875 0.695 2.0 0.152 0.091 1.000
0.0 1.0 0.0 0.0 0.0 0.0 0.0 0.0 0.0 0.0 0.125 0.625 0.875 0.695 1.0 0.121 0.061 1.000
0.0 1.0 0.0 0.0 0.0 0.0 0.0 0.0 0.0 0.0 0.125 0.729 0.729 0.729 1.0 0.106 0.091 0.040
0.0 1.0 0.0 0.0 0.0 0.0 0.0 0.0 0.0 0.0 0.125 0.625 0.875 0.695 1.0 0.106 0.091 1.000
0.0 1.0 0.0 0.0 0.0 0.0 0.0 0.0 0.0 0.0 0.104 0.750 0.750 0.750 1.0 0.106 0.091 0.040
0.0 1.0 0.0 0.0 0.0 0.0 0.0 0.0 0.0 0.0 0.104 0.646 0.896 0.716 1.0 0.106 0.091 1.000
0.0 0.0 0.0 1.0 0.0 0.0 0.0 0.0 0.0 0.0 0.125 0.625 0.875 0.695 2.0 0.182 0.061 1.000
0.0 0.0 0.0 1.0 0.0 0.0 0.0 0.0 0.0 0.0 0.125 0.625 0.875 0.695 2.0 0.182 0.061 1.000
0.0 0.0 0.0 1.0 0.0 0.0 0.0 0.0 0.0 0.0 0.125 0.625 0.875 0.695 2.0 0.182 0.061 1.000
0.0 0.0 0.0 1.0 0.0 0.0 0.0 0.0 0.0 0.0 0.125 0.625 0.875 0.695 2.0 0.182 0.061 1.000
0.0 0.0 0.0 1.0 0.0 0.0 0.0 0.0 0.0 0.0 0.125 0.625 0.875 0.695 2.0 0.182 0.061 1.000
0.0 0.0 0.0 1.0 0.0 0.0 0.0 0.0 0.0 0.0 0.125 0.625 0.875 0.695 2.0 0.182 0.061 1.000
0.0 0.0 0.0 1.0 0.0 0.0 0.0 0.0 0.0 0.0 0.125 0.792 0.792 0.792 2.0 0.182 0.061 0.040
0.0 0.0 0.0 1.0 0.0 0.0 0.0 0.0 0.0 0.0 0.146 0.604 0.854 0.674 2.0 0.167 0.061 1.000
0.0 0.0 0.0 1.0 0.0 0.0 0.0 0.0 0.0 0.0 0.125 0.625 0.875 0.695 2.0 0.182 0.061 1.000
0.0 0.0 0.0 1.0 0.0 0.0 0.0 0.0 0.0 0.0 0.125 0.812 0.812 0.812 2.0 0.182 0.061 0.040
0.0 0.0 0.0 1.0 0.0 0.0 0.0 0.0 0.0 0.0 0.125 0.875 0.875 0.875 2.0 0.182 0.121 0.040
0.0 1.0 0.0 0.0 0.0 0.0 0.0 0.0 0.0 0.0 0.125 0.625 0.875 0.695 1.0 0.121 0.061 1.000
0.0 0.0 0.0 1.0 0.0 0.0 0.0 0.0 0.0 0.0 0.125 0.625 0.875 0.695 2.0 0.167 0.091 1.000
0.0 1.0 0.0 0.0 0.0 0.0 0.0 0.0 0.0 0.0 0.146 0.604 0.854 0.674 1.0 0.106 0.121 1.000
0.0 0.0 0.0 1.0 0.0 0.0 0.0 0.0 0.0 0.0 0.146 0.604 0.854 0.674 2.0 0.152 0.152 1.000
0.0 0.0 0.0 1.0 0.0 0.0 0.0 0.0 0.0 0.0 0.125 0.625 0.875 0.695 2.0 0.182 0.061 1.000
0.0 0.0 0.0 1.0 0.0 0.0 0.0 0.0 0.0 0.0 0.125 0.625 0.875 0.695 2.0 0.182 0.061 1.000
0.0 1.0 0.0 0.0 0.0 0.0 0.0 0.0 0.0 0.0 0.146 0.604 0.854 0.674 1.0 0.106 0.061 1.000
0.0 0.0 0.0 1.0 0.0 0.0 0.0 0.0 0.0 0.0 0.146 0.604 0.854 0.674 2.0 0.136 0.091 1.000
0.0 1.0 0.0 0.0 0.0 0.0 0.0 0.0 0.0 0.0 0.125 0.625 0.875 0.695 1.0 0.121 0.061 1.000
0.0 0.0 0.0 1.0 0.0 0.0 0.0 0.0 0.0 0.0 0.125 0.625 0.875 0.695 2.0 0.167 0.091 1.000
0.0 1.0 0.0 0.0 0.0 0.0 0.0 0.0 0.0 0.0 0.146 0.771 0.771 0.771 1.0 0.106 0.061 0.040
0.0 0.0 0.0 1.0 0.0 0.0 0.0 0.0 0.0 0.0 0.146 0.604 0.854 0.674 2.0 0.136 0.091 1.000
0.0 1.0 0.0 0.0 0.0 0.0 0.0 0.0 0.0 0.0 0.146 0.604 0.854 0.674 1.0 0.106 0.121 1.000
1.0 0.0 0.0 0.0 0.0 0.0 0.0 0.0 0.0 0.0 0.146 0.604 0.854 0.674 1.0 0.136 0.061 1.000
1.0 0.0 0.0 0.0 0.0 0.0 0.0 0.0 0.0 0.0 0.146 0.771 0.771 0.771 1.0 0.136 0.061 0.040
0.0 1.0 0.0 0.0 0.0 0.0 0.0 0.0 0.0 0.0 0.167 0.583 0.833 0.653 1.0 0.121 0.091 1.000
0.0 0.0 0.0 1.0 0.0 0.0 0.0 0.0 0.0 0.0 0.146 0.604 0.854 0.674 2.0 0.121 0.091 1.000
0.0 0.0 0.0 1.0 0.0 0.0 0.0 0.0 0.0 0.0 0.167 0.583 0.833 0.653 2.0 0.152 0.152 1.000
0.0 0.0 0.0 1.0 0.0 0.0 0.0 0.0 0.0 0.0 0.167 0.583 0.833 0.653 2.0 0.136 0.091 1.000
0.0 0.0 0.0 1.0 0.0 0.0 0.0 0.0 0.0 0.0 0.146 0.604 0.854 0.674 2.0 0.152 0.091 1.000
0.0 1.0 0.0 0.0 0.0 0.0 0.0 0.0 0.0 0.0 0.167 0.583 0.833 0.653 1.0 0.121 0.121 1.000
0.0 0.0 0.0 1.0 0.0 0.0 0.0 0.0 0.0 0.0 0.146 0.604 0.854 0.674 2.0 0.152 0.091 1.000
0.0 1.0 0.0 0.0 0.0 0.0 0.0 0.0 0.0 0.0 0.146 0.604 0.854 0.674 1.0 0.121 0.061 1.000
0.0 1.0 0.0 0.0 0.0 0.0 0.0 0.0 0.0 0.0 0.167 0.583 0.833 0.653 1.0 0.121 0.091 1.000
0.0 0.0 0.0 1.0 0.0 0.0 0.0 0.0 0.0 0.0 0.146 0.604 0.854 0.674 2.0 0.136 0.091 1.000
0.0 1.0 0.0 0.0 0.0 0.0 0.0 0.0 0.0 0.0 0.146 0.604 0.854 0.674 1.0 0.121 0.061 1.000
0.0 0.0 0.0 1.0 0.0 0.0 0.0 0.0 0.0 0.0 0.146 0.604 0.854 0.674 2.0 0.167 0.091 1.000
0.0 1.0 0.0 0.0 0.0 0.0 0.0 0.0 0.0 0.0 0.146 0.604 0.854 0.674 1.0 0.121 0.061 1.000
0.0 1.0 0.0 0.0 0.0 0.0 0.0 0.0 0.0 0.0 0.167 0.583 0.833 0.653 1.0 0.106 0.091 1.000
0.0 0.0 1.0 0.0 0.0 0.0 0.0 0.0 0.0 0.0 0.146 0.604 0.854 0.674 2.0 0.136 0.091 1.000
0.0 1.0 0.0 0.0 0.0 0.0 0.0 0.0 0.0 0.0 0.146 0.604 0.854 0.674 1.0 0.121 0.061 1.000
0.0 0.0 0.0 1.0 0.0 0.0 0.0 0.0 0.0 0.0 0.146 0.604 0.854 0.674 2.0 0.152 0.091 1.000
0.0 1.0 0.0 0.0 0.0 0.0 0.0 0.0 0.0 0.0 0.146 0.604 0.854 0.674 1.0 0.121 0.061 1.000
0.0 0.0 0.0 1.0 0.0 0.0 0.0 0.0 0.0 0.0 0.146 0.604 0.854 0.674 2.0 0.182 0.091 1.000
0.0 1.0 0.0 0.0 0.0 0.0 0.0 0.0 0.0 0.0 0.146 0.604 0.854 0.674 1.0 0.121 0.061 1.000
0.0 0.0 0.0 1.0 0.0 0.0 0.0 0.0 0.0 0.0 0.167 0.583 0.833 0.653 2.0 0.152 0.091 1.000
0.0 1.0 0.0 0.0 0.0 0.0 0.0 0.0 0.0 0.0 0.167 0.583 0.833 0.653 1.0 0.121 0.061 1.000
0.0 0.0 0.0 1.0 0.0 0.0 0.0 0.0 0.0 0.0 0.146 0.792 0.792 0.792 2.0 0.152 0.121 0.040
0.0 1.0 0.0 0.0 0.0 0.0 0.0 0.0 0.0 0.0 0.146 0.792 0.792 0.792 1.0 0.121 0.061 0.040
0.0 1.0 0.0 0.0 0.0 0.0 0.0 0.0 0.0 0.0 0.146 0.854 0.854 0.854 1.0 0.121 0.121 0.040
0.0 0.0 0.0 1.0 0.0 0.0 0.0 0.0 0.0 0.0 0.146 0.604 0.854 0.674 2.0 0.152 0.091 1.000
0.0 1.0 0.0 0.0 0.0 0.0 0.0 0.0 0.0 0.0 0.146 0.604 0.854 0.674 1.0 0.121 0.061 1.000
0.0 0.0 0.0 1.0 0.0 0.0 0.0 0.0 0.0 0.0 0.167 0.583 0.833 0.653 2.0 0.152 0.091 1.000
0.0 1.0 0.0 0.0 0.0 0.0 0.0 0.0 0.0 0.0 0.146 0.771 0.771 0.771 1.0 0.121 0.061 0.040
0.0 0.0 0.0 1.0 0.0 0.0 0.0 0.0 0.0 0.0 0.146 0.771 0.771 0.771 2.0 0.167 0.091 0.040
0.0 1.0 0.0 0.0 0.0 0.0 0.0 0.0 0.0 0.0 0.146 0.604 0.854 0.674 1.0 0.121 0.061 1.000
0.0 0.0 0.0 1.0 0.0 0.0 0.0 0.0 0.0 0.0 0.146 0.604 0.854 0.674 2.0 0.167 0.121 1.000
0.0 0.0 0.0 1.0 0.0 0.0 0.0 0.0 0.0 0.0 0.188 0.562 0.812 0.632 2.0 0.167 0.091 1.000
0.0 1.0 0.0 0.0 0.0 0.0 0.0 0.0 0.0 0.0 0.146 0.604 0.854 0.674 1.0 0.121 0.061 1.000
0.0 0.0 0.0 1.0 0.0 0.0 0.0 0.0 0.0 0.0 0.146 0.604 0.854 0.674 2.0 0.167 0.091 1.000
0.0 0.0 0.0 1.0 0.0 0.0 0.0 0.0 0.0 0.0 0.188 0.562 0.812 0.632 2.0 0.182 0.152 1.000
0.0 0.0 0.0 1.0 0.0 0.0 0.0 0.0 0.0 0.0 0.167 0.583 0.833 0.653 2.0 0.182 0.091 1.000
0.0 1.0 0.0 0.0 0.0 0.0 0.0 0.0 0.0 0.0 0.208 0.542 0.792 0.612 1.0 0.136 0.091 1.000
0.0 0.0 1.0 0.0 0.0 0.0 0.0 0.0 0.0 0.0 0.188 0.562 0.812 0.632 2.0 0.152 0.091 1.000
0.0 0.0 0.0 1.0 0.0 0.0 0.0 0.0 0.0 0.0 0.167 0.583 0.833 0.653 2.0 0.136 0.091 1.000
0.0 0.0 0.0 1.0 0.0 0.0 0.0 0.0 0.0 0.0 0.167 0.583 0.833 0.653 2.0 0.152 0.091 1.000
0.0 0.0 0.0 1.0 0.0 0.0 0.0 0.0 0.0 0.0 0.167 0.583 0.833 0.653 2.0 0.152 0.091 1.000
0.0 1.0 0.0 0.0 0.0 0.0 0.0 0.0 0.0 0.0 0.167 0.750 0.750 0.750 1.0 0.106 0.061 0.040
0.0 1.0 0.0 0.0 0.0 0.0 0.0 0.0 0.0 0.0 0.167 0.583 0.833 0.653 1.0 0.106 0.061 1.000
0.0 0.0 0.0 1.0 0.0 0.0 0.0 0.0 0.0 0.0 0.167 0.583 0.833 0.653 2.0 0.136 0.091 1.000
0.0 0.0 0.0 1.0 0.0 0.0 0.0 0.0 0.0 0.0 0.167 0.583 0.833 0.653 2.0 0.136 0.091 1.000
0.0 0.0 0.0 1.0 0.0 0.0 0.0 0.0 0.0 0.0 0.167 0.583 0.833 0.653 2.0 0.167 0.091 1.000
0.0 0.0 0.0 1.0 0.0 0.0 0.0 0.0 0.0 0.0 0.188 0.562 0.812 0.632 2.0 0.136 0.091 1.000
0.0 0.0 0.0 1.0 0.0 0.0 0.0 0.0 0.0 0.0 0.167 0.771 0.771 0.771 2.0 0.136 0.121 0.040
0.0 0.0 0.0 1.0 0.0 0.0 0.0 0.0 0.0 0.0 0.167 0.583 0.833 0.653 2.0 0.136 0.091 1.000
0.0 1.0 0.0 0.0 0.0 0.0 0.0 0.0 0.0 0.0 0.188 0.562 0.812 0.632 1.0 0.106 0.121 1.000
0.0 0.0 0.0 1.0 0.0 0.0 0.0 0.0 0.0 0.0 0.167 0.750 0.750 0.750 2.0 0.152 0.091 0.040
0.0 0.0 0.0 1.0 0.0 0.0 0.0 0.0 0.0 0.0 0.167 0.583 0.833 0.653 2.0 0.152 0.121 1.000
0.0 0.0 0.0 1.0 0.0 0.0 0.0 0.0 0.0 0.0 0.167 0.583 0.833 0.653 2.0 0.152 0.091 1.000
0.0 1.0 0.0 0.0 0.0 0.0 0.0 0.0 0.0 0.0 0.188 0.562 0.812 0.632 1.0 0.136 0.091 1.000
0.0 0.0 0.0 1.0 0.0 0.0 0.0 0.0 0.0 0.0 0.188 0.562 0.812 0.632 2.0 0.152 0.091 1.000
0.0 0.0 0.0 1.0 0.0 0.0 0.0 0.0 0.0 0.0 0.188 0.562 0.812 0.632 2.0 0.182 0.091 1.000
0.0 0.0 0.0 1.0 0.0 0.0 0.0 0.0 0.0 0.0 0.188 0.562 0.812 0.632 2.0 0.197 0.091 1.000
0.0 0.0 0.0 1.0 0.0 0.0 0.0 0.0 0.0 0.0 0.188 0.562 0.812 0.632 2.0 0.136 0.091 1.000
0.0 0.0 0.0 1.0 0.0 0.0 0.0 0.0 0.0 0.0 0.188 0.562 0.812 0.632 2.0 0.152 0.091 1.000
0.0 0.0 0.0 1.0 0.0 0.0 0.0 0.0 0.0 0.0 0.188 0.562 0.812 0.632 2.0 0.242 0.091 1.000
0.0 0.0 0.0 1.0 0.0 0.0 0.0 0.0 0.0 0.0 0.208 0.542 0.792 0.612 2.0 0.167 0.091 1.000
0.0 0.0 0.0 1.0 0.0 0.0 0.0 0.0 0.0 0.0 0.188 0.750 0.750 0.750 2.0 0.152 0.121 0.040
0.0 1.0 0.0 0.0 0.0 0.0 0.0 0.0 0.0 0.0 0.208 0.542 0.792 0.612 1.0 0.121 0.091 1.000
0.0 0.0 0.0 1.0 0.0 0.0 0.0 0.0 0.0 0.0 0.188 0.562 0.812 0.632 2.0 0.152 0.091 1.000
0.0 1.0 0.0 0.0 0.0 0.0 0.0 0.0 0.0 0.0 0.208 0.542 0.792 0.612 1.0 0.121 0.152 1.000
0.0 1.0 0.0 0.0 0.0 0.0 0.0 0.0 0.0 0.0 0.188 0.562 0.812 0.632 1.0 0.121 0.091 1.000
0.0 1.0 0.0 0.0 0.0 0.0 0.0 0.0 0.0 0.0 0.229 0.521 0.771 0.591 1.0 0.106 0.091 1.000
0.0 0.0 0.0 1.0 0.0 0.0 0.0 0.0 0.0 0.0 0.188 0.562 0.812 0.632 2.0 0.182 0.121 1.000
0.0 0.0 0.0 1.0 0.0 0.0 0.0 0.0 0.0 0.0 0.188 0.729 0.729 0.729 2.0 0.182 0.091 0.040
0.0 0.0 0.0 1.0 0.0 0.0 0.0 0.0 0.0 0.0 0.188 0.562 0.812 0.632 2.0 0.182 0.091 1.000
0.0 1.0 0.0 0.0 0.0 0.0 0.0 0.0 0.0 0.0 0.208 0.542 0.792 0.612 1.0 0.152 0.091 1.000
0.0 1.0 0.0 0.0 0.0 0.0 0.0 0.0 0.0 0.0 0.208 0.542 0.792 0.612 1.0 0.152 0.091 1.000
0.0 1.0 0.0 0.0 0.0 0.0 0.0 0.0 0.0 0.0 0.229 0.521 0.771 0.591 1.0 0.197 0.091 1.000
0.0 1.0 0.0 0.0 0.0 0.0 0.0 0.0 0.0 0.0 0.208 0.542 0.792 0.612 1.0 0.152 0.091 1.000
0.0 0.0 0.0 1.0 0.0 0.0 0.0 0.0 0.0 0.0 0.229 0.521 0.771 0.591 2.0 0.152 0.182 1.000
0.0 0.0 0.0 1.0 0.0 0.0 0.0 0.0 0.0 0.0 0.250 0.500 0.750 0.570 2.0 0.167 0.182 1.000
0.0 1.0 0.0 0.0 0.0 0.0 0.0 0.0 0.0 0.0 0.208 0.542 0.792 0.612 1.0 0.106 0.091 1.000
0.0 1.0 0.0 0.0 0.0 0.0 0.0 0.0 0.0 0.0 0.208 0.729 0.729 0.729 1.0 0.136 0.121 0.040
0.0 1.0 0.0 0.0 0.0 0.0 0.0 0.0 0.0 0.0 0.208 0.542 0.792 0.612 1.0 0.136 0.091 1.000
1.0 0.0 0.0 0.0 0.0 0.0 0.0 0.0 0.0 0.0 0.208 0.542 0.792 0.612 1.0 0.182 0.091 1.000
0.0 1.0 0.0 0.0 0.0 0.0 0.0 0.0 0.0 0.0 0.208 0.542 0.792 0.612 1.0 0.121 0.121 1.000
0.0 1.0 0.0 0.0 0.0 0.0 0.0 0.0 0.0 0.0 0.208 0.708 0.708 0.708 1.0 0.121 0.091 0.040
0.0 0.0 0.0 1.0 0.0 0.0 0.0 0.0 0.0 0.0 0.229 0.521 0.771 0.591 2.0 0.167 0.242 1.000
0.0 1.0 0.0 0.0 0.0 0.0 0.0 0.0 0.0 0.0 0.208 0.542 0.792 0.612 1.0 0.121 0.091 1.000
0.0 0.0 0.0 1.0 0.0 0.0 0.0 0.0 0.0 0.0 0.271 0.479 0.729 0.549 2.0 0.182 0.182 1.000
1.0 0.0 0.0 0.0 0.0 0.0 0.0 0.0 0.0 0.0 0.208 0.542 0.792 0.612 1.0 0.152 0.091 1.000
1.0 0.0 0.0 0.0 0.0 0.0 0.0 0.0 0.0 0.0 0.208 0.708 0.708 0.708 1.0 0.152 0.091 0.040
1.0 0.0 0.0 0.0 0.0 0.0 0.0 0.0 0.0 0.0 0.208 0.708 0.708 0.708 1.0 0.167 0.091 0.040
1.0 0.0 0.0 0.0 0.0 0.0 0.0 0.0 0.0 0.0 0.208 0.542 0.792 0.612 1.0 0.167 0.091 1.000
1.0 0.0 0.0 0.0 0.0 0.0 0.0 0.0 0.0 0.0 0.208 0.729 0.729 0.729 1.0 0.152 0.091 0.040
1.0 0.0 0.0 0.0 0.0 0.0 0.0 0.0 0.0 0.0 0.208 0.542 0.792 0.612 1.0 0.152 0.091 1.000
1.0 0.0 0.0 0.0 0.0 0.0 0.0 0.0 0.0 0.0 0.250 0.500 0.750 0.570 1.0 0.167 0.091 1.000
1.0 0.0 0.0 0.0 0.0 0.0 0.0 0.0 0.0 0.0 0.229 0.521 0.771 0.591 1.0 0.152 0.091 1.000
0.0 1.0 0.0 0.0 0.0 0.0 0.0 0.0 0.0 0.0 0.229 0.708 0.708 0.708 1.0 0.106 0.121 0.040
0.0 0.0 0.0 1.0 0.0 0.0 0.0 0.0 0.0 0.0 0.229 0.521 0.771 0.591 2.0 0.167 0.242 1.000
0.0 0.0 0.0 1.0 0.0 0.0 0.0 0.0 0.0 0.0 0.229 0.521 0.771 0.591 2.0 0.152 0.182 1.000
0.0 1.0 0.0 0.0 0.0 0.0 0.0 0.0 0.0 0.0 0.229 0.521 0.771 0.591 1.0 0.106 0.091 1.000
1.0 0.0 0.0 0.0 0.0 0.0 0.0 0.0 0.0 0.0 0.229 0.771 0.771 0.771 1.0 0.136 0.091 0.040
1.0 0.0 0.0 0.0 0.0 0.0 0.0 0.0 0.0 0.0 0.229 0.521 0.771 0.591 1.0 0.136 0.091 1.000
1.0 0.0 0.0 0.0 0.0 0.0 0.0 0.0 0.0 0.0 0.229 0.521 0.771 0.591 1.0 0.136 0.091 1.000
1.0 0.0 0.0 0.0 0.0 0.0 0.0 0.0 0.0 0.0 0.229 0.688 0.688 0.688 1.0 0.136 0.091 0.040
1.0 0.0 0.0 0.0 0.0 0.0 0.0 0.0 0.0 0.0 0.229 0.688 0.688 0.688 1.0 0.136 0.091 0.040
1.0 0.0 0.0 0.0 0.0 0.0 0.0 0.0 0.0 0.0 0.250 0.750 0.750 0.750 1.0 0.152 0.091 0.040
1.0 0.0 0.0 0.0 0.0 0.0 0.0 0.0 0.0 0.0 0.250 0.500 0.750 0.570 1.0 0.152 0.091 1.000
0.0 0.0 0.0 1.0 0.0 0.0 0.0 0.0 0.0 0.0 0.292 0.458 0.708 0.528 2.0 0.167 0.273 1.000
0.0 1.0 0.0 0.0 0.0 0.0 0.0 0.0 0.0 0.0 0.292 0.458 0.708 0.528 1.0 0.121 0.182 1.000
0.0 1.0 0.0 0.0 0.0 0.0 0.0 0.0 0.0 0.0 0.229 0.521 0.771 0.591 1.0 0.106 0.091 1.000
0.0 1.0 0.0 0.0 0.0 0.0 0.0 0.0 0.0 0.0 0.229 0.688 0.688 0.688 1.0 0.106 0.091 0.040
0.0 0.0 0.0 1.0 0.0 0.0 0.0 0.0 0.0 0.0 0.229 0.688 0.688 0.688 2.0 0.152 0.121 0.040
0.0 1.0 0.0 0.0 0.0 0.0 0.0 0.0 0.0 0.0 0.229 0.688 0.688 0.688 1.0 0.106 0.091 0.040
0.0 0.0 0.0 1.0 0.0 0.0 0.0 0.0 0.0 0.0 0.229 0.521 0.771 0.591 2.0 0.152 0.121 1.000
0.0 1.0 0.0 0.0 0.0 0.0 0.0 0.0 0.0 0.0 0.229 0.521 0.771 0.591 1.0 0.106 0.091 1.000
0.0 1.0 0.0 0.0 0.0 0.0 0.0 0.0 0.0 0.0 0.229 0.708 0.708 0.708 1.0 0.106 0.091 0.040
0.0 1.0 0.0 0.0 0.0 0.0 0.0 0.0 0.0 0.0 0.229 0.521 0.771 0.591 1.0 0.106 0.091 1.000
0.0 0.0 0.0 1.0 0.0 0.0 0.0 0.0 0.0 0.0 0.250 0.500 0.750 0.570 2.0 0.182 0.242 1.000
0.0 0.0 0.0 1.0 0.0 0.0 0.0 0.0 0.0 0.0 0.250 0.500 0.750 0.570 2.0 0.152 0.182 1.000
1.0 0.0 0.0 0.0 0.0 0.0 0.0 0.0 0.0 0.0 0.229 0.771 0.771 0.771 1.0 0.136 0.091 0.040
1.0 0.0 0.0 0.0 0.0 0.0 0.0 0.0 0.0 0.0 0.229 0.521 0.771 0.591 1.0 0.136 0.091 1.000
0.0 0.0 0.0 1.0 0.0 0.0 0.0 0.0 0.0 0.0 0.312 0.438 0.688 0.507 2.0 0.167 0.273 1.000
0.0 1.0 0.0 0.0 0.0 0.0 0.0 0.0 0.0 0.0 0.250 0.500 0.750 0.570 1.0 0.106 0.091 1.000
0.0 0.0 0.0 1.0 0.0 0.0 0.0 0.0 0.0 0.0 0.250 0.500 0.750 0.570 2.0 0.152 0.182 1.000
0.0 1.0 0.0 0.0 0.0 0.0 0.0 0.0 0.0 0.0 0.250 0.500 0.750 0.570 1.0 0.106 0.091 1.000
0.0 0.0 0.0 1.0 0.0 0.0 0.0 0.0 0.0 0.0 0.250 0.667 0.667 0.667 2.0 0.152 0.182 0.040
0.0 1.0 0.0 0.0 0.0 0.0 0.0 0.0 0.0 0.0 0.250 0.667 0.667 0.667 1.0 0.106 0.091 0.040
0.0 0.0 0.0 1.0 0.0 0.0 0.0 0.0 0.0 0.0 0.250 0.667 0.667 0.667 2.0 0.152 0.121 0.040
0.0 0.0 0.0 1.0 0.0 0.0 0.0 0.0 0.0 0.0 0.250 0.500 0.750 0.570 2.0 0.152 0.121 1.000
1.0 0.0 0.0 0.0 0.0 0.0 0.0 0.0 0.0 0.0 0.271 0.667 0.667 0.667 1.0 0.136 0.091 0.040
1.0 0.0 0.0 0.0 0.0 0.0 0.0 0.0 0.0 0.0 0.271 0.479 0.729 0.549 1.0 0.136 0.091 1.000
0.0 0.0 0.0 1.0 0.0 0.0 0.0 0.0 0.0 0.0 0.250 0.667 0.667 0.667 2.0 0.152 0.182 0.040
0.0 1.0 0.0 0.0 0.0 0.0 0.0 0.0 0.0 0.0 0.250 0.667 0.667 0.667 1.0 0.106 0.091 0.040
0.0 0.0 0.0 1.0 0.0 0.0 0.0 0.0 0.0 0.0 0.271 0.479 0.729 0.549 2.0 0.182 0.182 1.000
0.0 1.0 0.0 0.0 0.0 0.0 0.0 0.0 0.0 0.0 0.271 0.729 0.729 0.729 1.0 0.106 0.091 0.040
0.0 1.0 0.0 0.0 0.0 0.0 0.0 0.0 0.0 0.0 0.250 0.750 0.750 0.750 1.0 0.106 0.091 0.040
0.0 1.0 0.0 0.0 0.0 0.0 0.0 0.0 0.0 0.0 0.271 0.479 0.729 0.549 1.0 0.106 0.091 1.000
1.0 0.0 0.0 0.0 0.0 0.0 0.0 0.0 0.0 0.0 0.250 0.688 0.688 0.688 1.0 0.136 0.091 0.040
1.0 0.0 0.0 0.0 0.0 0.0 0.0 0.0 0.0 0.0 0.250 0.500 0.750 0.570 1.0 0.136 0.091 1.000
0.0 0.0 0.0 1.0 0.0 0.0 0.0 0.0 0.0 0.0 0.271 0.479 0.729 0.549 2.0 0.167 0.333 1.000
0.0 1.0 0.0 0.0 0.0 0.0 0.0 0.0 0.0 0.0 0.271 0.479 0.729 0.549 1.0 0.121 0.242 1.000
0.0 0.0 0.0 1.0 0.0 0.0 0.0 0.0 0.0 0.0 0.333 0.417 0.667 0.487 2.0 0.212 0.273 1.000
0.0 0.0 0.0 1.0 0.0 0.0 0.0 0.0 0.0 0.0 0.271 0.479 0.729 0.549 2.0 0.152 0.182 1.000
0.0 0.0 0.0 1.0 0.0 0.0 0.0 0.0 0.0 0.0 0.271 0.646 0.646 0.646 2.0 0.152 0.182 0.040
0.0 0.0 0.0 1.0 0.0 0.0 0.0 0.0 0.0 0.0 0.271 0.646 0.646 0.646 2.0 0.182 0.121 0.040
0.0 0.0 0.0 1.0 0.0 0.0 0.0 0.0 0.0 0.0 0.271 0.479 0.729 0.549 2.0 0.182 0.121 1.000
0.0 1.0 0.0 0.0 0.0 0.0 0.0 0.0 0.0 0.0 0.292 0.625 0.625 0.625 1.0 0.121 0.182 0.040
0.0 0.0 0.0 1.0 0.0 0.0 0.0 0.0 0.0 0.0 0.271 0.646 0.646 0.646 2.0 0.136 0.182 0.040
0.0 1.0 0.0 0.0 0.0 0.0 0.0 0.0 0.0 0.0 0.250 0.750 0.750 0.750 1.0 0.106 0.091 0.040
0.0 0.0 0.0 1.0 0.0 0.0 0.0 0.0 0.0 0.0 0.292 0.708 0.708 0.708 2.0 0.152 0.182 0.040
0.0 1.0 0.0 0.0 0.0 0.0 0.0 0.0 0.0 0.0 0.250 0.500 0.750 0.570 1.0 0.106 0.091 1.000
0.0 0.0 0.0 1.0 0.0 0.0 0.0 0.0 0.0 0.0 0.292 0.458 0.708 0.528 2.0 0.152 0.182 1.000
0.0 1.0 0.0 0.0 0.0 0.0 0.0 0.0 0.0 0.0 0.292 0.458 0.708 0.528 1.0 0.106 0.091 1.000
0.0 1.0 0.0 0.0 0.0 0.0 0.0 0.0 0.0 0.0 0.312 0.438 0.688 0.507 1.0 0.121 0.333 1.000
0.0 0.0 1.0 0.0 0.0 0.0 0.0 0.0 0.0 0.0 0.292 0.458 0.708 0.528 2.0 0.136 0.333 1.000
0.0 0.0 0.0 1.0 0.0 0.0 0.0 0.0 0.0 0.0 0.292 0.458 0.708 0.528 2.0 0.167 0.303 1.000
0.0 1.0 0.0 0.0 0.0 0.0 0.0 0.0 0.0 0.0 0.292 0.458 0.708 0.528 1.0 0.121 0.182 1.000
0.0 0.0 0.0 1.0 0.0 0.0 0.0 0.0 0.0 0.0 0.292 0.458 0.708 0.528 2.0 0.182 0.182 1.000
0.0 0.0 0.0 1.0 0.0 0.0 0.0 0.0 0.0 0.0 0.292 0.625 0.625 0.625 2.0 0.182 0.182 0.040
0.0 1.0 0.0 0.0 0.0 0.0 0.0 0.0 0.0 0.0 0.271 0.667 0.667 0.667 1.0 0.106 0.091 0.040
0.0 1.0 0.0 0.0 0.0 0.0 0.0 0.0 0.0 0.0 0.292 0.646 0.646 0.646 1.0 0.121 0.182 0.040
0.0 0.0 0.0 1.0 0.0 0.0 0.0 0.0 0.0 0.0 0.271 0.667 0.667 0.667 2.0 0.121 0.182 0.040
0.0 1.0 0.0 0.0 0.0 0.0 0.0 0.0 0.0 0.0 0.292 0.646 0.646 0.646 1.0 0.106 0.091 0.040
0.0 1.0 0.0 0.0 0.0 0.0 0.0 0.0 0.0 0.0 0.271 0.479 0.729 0.549 1.0 0.106 0.091 1.000
0.0 0.0 0.0 1.0 0.0 0.0 0.0 0.0 0.0 0.0 0.271 0.479 0.729 0.549 2.0 0.152 0.182 1.000
0.0 0.0 0.0 1.0 0.0 0.0 0.0 0.0 0.0 0.0 0.312 0.604 0.604 0.604 2.0 0.167 0.182 0.040
0.0 1.0 0.0 0.0 0.0 0.0 0.0 0.0 0.0 0.0 0.292 0.708 0.708 0.708 1.0 0.121 0.182 0.040
0.0 0.0 0.0 1.0 0.0 0.0 0.0 0.0 0.0 0.0 0.271 0.729 0.729 0.729 2.0 0.121 0.182 0.040
0.0 0.0 0.0 1.0 0.0 0.0 0.0 0.0 0.0 0.0 0.271 0.479 0.729 0.549 2.0 0.152 0.182 1.000
0.0 0.0 0.0 1.0 0.0 0.0 0.0 0.0 0.0 0.0 0.292 0.458 0.708 0.528 2.0 0.152 0.182 1.000
0.0 1.0 0.0 0.0 0.0 0.0 0.0 0.0 0.0 0.0 0.292 0.458 0.708 0.528 1.0 0.121 0.121 1.000
0.0 0.0 0.0 1.0 0.0 0.0 0.0 0.0 0.0 0.0 0.333 0.417 0.667 0.487 2.0 0.197 0.333 1.000
0.0 0.0 0.0 1.0 0.0 0.0 0.0 0.0 0.0 0.0 0.312 0.438 0.688 0.507 2.0 0.152 0.303 1.000
0.0 0.0 0.0 1.0 0.0 0.0 0.0 0.0 0.0 0.0 0.354 0.396 0.646 0.466 2.0 0.258 0.303 1.000
0.0 1.0 0.0 0.0 0.0 0.0 0.0 0.0 0.0 0.0 0.292 0.625 0.625 0.625 1.0 0.121 0.121 0.040
0.0 1.0 0.0 0.0 0.0 0.0 0.0 0.0 0.0 0.0 0.312 0.604 0.604 0.604 1.0 0.121 0.182 0.040
0.0 0.0 1.0 0.0 0.0 0.0 0.0 0.0 0.0 0.0 0.292 0.625 0.625 0.625 2.0 0.136 0.182 0.040
0.0 0.0 0.0 1.0 0.0 0.0 0.0 0.0 0.0 0.0 0.292 0.646 0.646 0.646 2.0 0.152 0.182 0.040
0.0 0.0 0.0 1.0 0.0 0.0 0.0 0.0 0.0 0.0 0.292 0.458 0.708 0.528 2.0 0.152 0.182 1.000
0.0 0.0 0.0 1.0 0.0 0.0 0.0 0.0 0.0 0.0 0.312 0.688 0.688 0.688 2.0 0.167 0.182 0.040
0.0 0.0 0.0 1.0 0.0 0.0 0.0 0.0 0.0 0.0 0.312 0.438 0.688 0.507 2.0 0.182 0.182 1.000
1.0 0.0 0.0 0.0 0.0 0.0 0.0 0.0 0.0 0.0 0.354 0.562 0.562 0.562 1.0 0.152 0.273 0.040
0.0 0.0 0.0 1.0 0.0 0.0 0.0 0.0 0.0 0.0 0.312 0.604 0.604 0.604 2.0 0.152 0.242 0.040
0.0 1.0 0.0 0.0 0.0 0.0 0.0 0.0 0.0 0.0 0.312 0.604 0.604 0.604 1.0 0.121 0.182 0.040
0.0 0.0 0.0 1.0 0.0 0.0 0.0 0.0 0.0 0.0 0.312 0.438 0.688 0.507 2.0 0.167 0.242 1.000
0.0 1.0 0.0 0.0 0.0 0.0 0.0 0.0 0.0 0.0 0.312 0.438 0.688 0.507 1.0 0.121 0.182 1.000
0.0 0.0 0.0 1.0 0.0 0.0 0.0 0.0 0.0 0.0 0.312 0.438 0.688 0.507 2.0 0.136 0.182 1.000
0.0 0.0 0.0 1.0 0.0 0.0 0.0 0.0 0.0 0.0 0.333 0.583 0.583 0.583 2.0 0.152 0.242 0.040
0.0 1.0 0.0 0.0 0.0 0.0 0.0 0.0 0.0 0.0 0.333 0.583 0.583 0.583 1.0 0.121 0.182 0.040
0.0 0.0 0.0 1.0 0.0 0.0 0.0 0.0 0.0 0.0 0.333 0.417 0.667 0.487 2.0 0.212 0.303 1.000
0.0 0.0 0.0 1.0 0.0 0.0 0.0 0.0 0.0 0.0 0.312 0.604 0.604 0.604 2.0 0.152 0.182 0.040
0.0 0.0 0.0 1.0 0.0 0.0 0.0 0.0 0.0 0.0 0.312 0.625 0.625 0.625 2.0 0.167 0.182 0.040
0.0 0.0 0.0 1.0 0.0 0.0 0.0 0.0 0.0 0.0 0.312 0.438 0.688 0.507 2.0 0.182 0.182 1.000
0.0 0.0 0.0 1.0 0.0 0.0 0.0 0.0 0.0 0.0 0.333 0.583 0.583 0.583 2.0 0.136 0.242 0.040
0.0 0.0 0.0 1.0 0.0 0.0 0.0 0.0 0.0 0.0 0.333 0.417 0.667 0.487 2.0 0.152 0.242 1.000
0.0 0.0 0.0 1.0 0.0 0.0 0.0 0.0 0.0 0.0 0.333 0.417 0.667 0.487 2.0 0.152 0.182 1.000
0.0 0.0 0.0 1.0 0.0 0.0 0.0 0.0 0.0 0.0 0.354 0.562 0.562 0.562 2.0 0.136 0.242 0.040
0.0 0.0 0.0 1.0 0.0 0.0 0.0 0.0 0.0 0.0 0.333 0.417 0.667 0.487 2.0 0.152 0.273 1.000
0.0 1.0 0.0 0.0 0.0 0.0 0.0 0.0 0.0 0.0 0.333 0.417 0.667 0.487 1.0 0.121 0.182 1.000
0.0 1.0 0.0 0.0 0.0 0.0 0.0 0.0 0.0 0.0 0.375 0.542 0.542 0.542 1.0 0.106 0.273 0.040
0.0 0.0 0.0 1.0 0.0 0.0 0.0 0.0 0.0 0.0 0.354 0.396 0.646 0.466 2.0 0.258 0.364 1.000
0.0 1.0 0.0 0.0 0.0 0.0 0.0 0.0 0.0 0.0 0.333 0.667 0.667 0.667 1.0 0.121 0.182 0.040
0.0 0.0 0.0 1.0 0.0 0.0 0.0 0.0 0.0 0.0 0.333 0.667 0.667 0.667 2.0 0.167 0.273 0.040
1.0 0.0 0.0 0.0 0.0 0.0 0.0 0.0 0.0 0.0 0.354 0.583 0.583 0.583 1.0 0.152 0.333 0.040
1.0 0.0 0.0 0.0 0.0 0.0 0.0 0.0 0.0 0.0 0.375 0.375 0.625 0.445 1.0 0.152 0.303 1.000
1.0 0.0 0.0 0.0 0.0 0.0 0.0 0.0 0.0 0.0 0.375 0.479 0.479 0.479 1.0 0.152 0.303 0.040
0.0 0.0 0.0 1.0 0.0 0.0 0.0 0.0 0.0 0.0 0.333 0.583 0.583 0.583 2.0 0.167 0.182 0.040
0.0 0.0 0.0 1.0 0.0 0.0 0.0 0.0 0.0 0.0 0.354 0.562 0.562 0.562 2.0 0.136 0.242 0.040
0.0 0.0 0.0 1.0 0.0 0.0 0.0 0.0 0.0 0.0 0.354 0.396 0.646 0.466 2.0 0.197 0.242 1.000
0.0 0.0 0.0 1.0 0.0 0.0 0.0 0.0 0.0 0.0 0.333 0.417 0.667 0.487 2.0 0.152 0.273 1.000
0.0 1.0 0.0 0.0 0.0 0.0 0.0 0.0 0.0 0.0 0.333 0.417 0.667 0.487 1.0 0.121 0.182 1.000
0.0 0.0 0.0 1.0 0.0 0.0 0.0 0.0 0.0 0.0 0.375 0.542 0.542 0.542 2.0 0.136 0.242 0.040
0.0 0.0 0.0 1.0 0.0 0.0 0.0 0.0 0.0 0.0 0.354 0.396 0.646 0.466 2.0 0.136 0.273 1.000
0.0 0.0 0.0 1.0 0.0 0.0 0.0 0.0 0.0 0.0 0.354 0.396 0.646 0.466 2.0 0.258 0.333 1.000
0.0 1.0 0.0 0.0 0.0 0.0 0.0 0.0 0.0 0.0 0.333 0.604 0.604 0.604 1.0 0.121 0.182 0.040
0.0 1.0 0.0 0.0 0.0 0.0 0.0 0.0 0.0 0.0 0.354 0.583 0.583 0.583 1.0 0.106 0.273 0.040
0.0 0.0 0.0 1.0 0.0 0.0 0.0 0.0 0.0 0.0 0.333 0.604 0.604 0.604 2.0 0.136 0.273 0.040
0.0 1.0 0.0 0.0 0.0 0.0 0.0 0.0 0.0 0.0 0.375 0.625 0.625 0.625 1.0 0.121 0.273 0.040
0.0 0.0 0.0 1.0 0.0 0.0 0.0 0.0 0.0 0.0 0.354 0.646 0.646 0.646 2.0 0.121 0.273 0.040
0.0 1.0 0.0 0.0 0.0 0.0 0.0 0.0 0.0 0.0 0.354 0.396 0.646 0.466 1.0 0.136 0.182 1.000
1.0 0.0 0.0 0.0 0.0 0.0 0.0 0.0 0.0 0.0 0.354 0.562 0.562 0.562 1.0 0.152 0.303 0.040
0.0 1.0 0.0 0.0 0.0 0.0 0.0 0.0 0.0 0.0 0.375 0.542 0.542 0.542 1.0 0.121 0.242 0.040
0.0 0.0 0.0 1.0 0.0 0.0 0.0 0.0 0.0 0.0 0.354 0.396 0.646 0.466 2.0 0.136 0.273 1.000
0.0 1.0 0.0 0.0 0.0 0.0 0.0 0.0 0.0 0.0 0.396 0.521 0.521 0.521 1.0 0.121 0.242 0.040
0.0 0.0 0.0 1.0 0.0 0.0 0.0 0.0 0.0 0.0 0.375 0.375 0.625 0.445 2.0 0.152 0.273 1.000
0.0 1.0 0.0 0.0 0.0 0.0 0.0 0.0 0.0 0.0 0.375 0.562 0.562 0.562 1.0 0.106 0.333 0.040
0.0 0.0 0.0 1.0 0.0 0.0 0.0 0.0 0.0 0.0 0.396 0.458 0.458 0.458 2.0 0.136 0.333 0.040
0.0 1.0 0.0 0.0 0.0 0.0 0.0 0.0 0.0 0.0 0.396 0.458 0.458 0.458 1.0 0.106 0.303 0.040
0.0 0.0 0.0 1.0 0.0 0.0 0.0 0.0 0.0 0.0 0.396 0.354 0.604 0.424 2.0 0.152 0.333 1.000
0.0 1.0 0.0 0.0 0.0 0.0 0.0 0.0 0.0 0.0 0.396 0.354 0.604 0.424 1.0 0.106 0.303 1.000
0.0 1.0 0.0 0.0 0.0 0.0 0.0 0.0 0.0 0.0 0.354 0.562 0.562 0.562 1.0 0.121 0.182 0.040
0.0 0.0 0.0 1.0 0.0 0.0 0.0 0.0 0.0 0.0 0.354 0.583 0.583 0.583 2.0 0.136 0.273 0.040
1.0 0.0 0.0 0.0 0.0 0.0 0.0 0.0 0.0 0.0 0.375 0.375 0.625 0.445 1.0 0.152 0.364 1.000
1.0 0.0 0.0 0.0 0.0 0.0 0.0 0.0 0.0 0.0 0.375 0.479 0.479 0.479 1.0 0.152 0.364 0.040
0.0 0.0 0.0 1.0 0.0 0.0 0.0 0.0 0.0 0.0 0.396 0.604 0.604 0.604 2.0 0.167 0.273 0.040
0.0 0.0 0.0 1.0 0.0 0.0 0.0 0.0 0.0 0.0 0.375 0.375 0.625 0.445 2.0 0.152 0.273 1.000
0.0 1.0 0.0 0.0 0.0 0.0 0.0 0.0 0.0 0.0 0.375 0.375 0.625 0.445 1.0 0.106 0.182 1.000
0.0 1.0 0.0 0.0 0.0 0.0 0.0 0.0 0.0 0.0 0.375 0.542 0.542 0.542 1.0 0.106 0.303 0.040
0.0 0.0 0.0 1.0 0.0 0.0 0.0 0.0 0.0 0.0 0.417 0.438 0.438 0.438 2.0 0.136 0.333 0.040
0.0 0.0 0.0 1.0 0.0 0.0 0.0 0.0 0.0 0.0 0.417 0.333 0.583 0.403 2.0 0.152 0.333 1.000
1.0 0.0 0.0 0.0 0.0 0.0 0.0 0.0 0.0 0.0 0.375 0.375 0.625 0.445 1.0 0.152 0.242 1.000
0.0 1.0 0.0 0.0 0.0 0.0 0.0 0.0 0.0 0.0 0.396 0.354 0.604 0.424 1.0 0.136 0.273 1.000
1.0 0.0 0.0 0.0 0.0 0.0 0.0 0.0 0.0 0.0 0.375 0.375 0.625 0.445 1.0 0.152 0.333 1.000
1.0 0.0 0.0 0.0 0.0 0.0 0.0 0.0 0.0 0.0 0.375 0.479 0.479 0.479 1.0 0.152 0.333 0.040
1.0 0.0 0.0 0.0 0.0 0.0 0.0 0.0 0.0 0.0 0.375 0.542 0.542 0.542 1.0 0.152 0.242 0.040
0.0 1.0 0.0 0.0 0.0 0.0 0.0 0.0 0.0 0.0 0.396 0.542 0.542 0.542 1.0 0.136 0.273 0.040
0.0 0.0 0.0 1.0 0.0 0.0 0.0 0.0 0.0 0.0 0.375 0.562 0.562 0.562 2.0 0.136 0.273 0.040
0.0 0.0 1.0 0.0 0.0 0.0 0.0 0.0 0.0 0.0 0.396 0.521 0.521 0.521 2.0 0.167 0.303 0.040
0.0 0.0 1.0 0.0 0.0 0.0 0.0 0.0 0.0 0.0 0.417 0.500 0.500 0.500 2.0 0.167 0.303 0.040
0.0 1.0 0.0 0.0 0.0 0.0 0.0 0.0 0.0 0.0 0.417 0.438 0.438 0.438 1.0 0.106 0.394 0.040
0.0 0.0 1.0 0.0 0.0 0.0 0.0 0.0 0.0 0.0 0.396 0.458 0.458 0.458 2.0 0.121 0.394 0.040
0.0 1.0 0.0 0.0 0.0 0.0 0.0 0.0 0.0 0.0 0.396 0.458 0.458 0.458 1.0 0.106 0.364 0.040
0.0 0.0 0.0 1.0 0.0 0.0 0.0 0.0 0.0 0.0 0.396 0.354 0.604 0.424 2.0 0.152 0.394 1.000
0.0 1.0 0.0 0.0 0.0 0.0 0.0 0.0 0.0 0.0 0.396 0.354 0.604 0.424 1.0 0.106 0.364 1.000
0.0 0.0 0.0 1.0 0.0 0.0 0.0 0.0 0.0 0.0 0.438 0.417 0.417 0.417 2.0 0.136 0.333 0.040
0.0 0.0 0.0 1.0 0.0 0.0 0.0 0.0 0.0 0.0 0.438 0.312 0.562 0.383 2.0 0.197 0.333 1.000
0.0 1.0 0.0 0.0 0.0 0.0 0.0 0.0 0.0 0.0 0.417 0.583 0.583 0.583 1.0 0.121 0.273 0.040
0.0 1.0 0.0 0.0 0.0 0.0 0.0 0.0 0.0 0.0 0.396 0.354 0.604 0.424 1.0 0.136 0.273 1.000
0.0 1.0 0.0 0.0 0.0 0.0 0.0 0.0 0.0 0.0 0.396 0.354 0.604 0.424 1.0 0.106 0.242 1.000
0.0 0.0 0.0 1.0 0.0 0.0 0.0 0.0 0.0 0.0 0.396 0.354 0.604 0.424 2.0 0.136 0.424 1.000
0.0 1.0 0.0 0.0 0.0 0.0 0.0 0.0 0.0 0.0 0.417 0.333 0.583 0.403 1.0 0.106 0.273 1.000
0.0 0.0 0.0 1.0 0.0 0.0 0.0 0.0 0.0 0.0 0.417 0.333 0.583 0.403 2.0 0.136 0.394 1.000
0.0 1.0 0.0 0.0 0.0 0.0 0.0 0.0 0.0 0.0 0.417 0.438 0.438 0.438 1.0 0.106 0.364 0.040
0.0 0.0 1.0 0.0 0.0 0.0 0.0 0.0 0.0 0.0 0.396 0.458 0.458 0.458 2.0 0.121 0.364 0.040
0.0 1.0 0.0 0.0 0.0 0.0 0.0 0.0 0.0 0.0 0.396 0.458 0.458 0.458 1.0 0.106 0.333 0.040
0.0 0.0 0.0 1.0 0.0 0.0 0.0 0.0 0.0 0.0 0.396 0.354 0.604 0.424 2.0 0.136 0.364 1.000
0.0 1.0 0.0 0.0 0.0 0.0 0.0 0.0 0.0 0.0 0.396 0.354 0.604 0.424 1.0 0.106 0.333 1.000
0.0 0.0 0.0 1.0 0.0 0.0 0.0 0.0 0.0 0.0 0.417 0.438 0.438 0.438 2.0 0.136 0.394 0.040
0.0 0.0 0.0 1.0 0.0 0.0 0.0 0.0 0.0 0.0 0.417 0.333 0.583 0.403 2.0 0.152 0.394 1.000
0.0 1.0 0.0 0.0 0.0 0.0 0.0 0.0 0.0 0.0 0.458 0.396 0.396 0.396 1.0 0.106 0.333 0.040
0.0 1.0 0.0 0.0 0.0 0.0 0.0 0.0 0.0 0.0 0.396 0.521 0.521 0.521 1.0 0.106 0.242 0.040
0.0 0.0 0.0 1.0 0.0 0.0 0.0 0.0 0.0 0.0 0.396 0.521 0.521 0.521 2.0 0.152 0.424 0.040
0.0 1.0 0.0 0.0 0.0 0.0 0.0 0.0 0.0 0.0 0.417 0.521 0.521 0.521 1.0 0.106 0.273 0.040
0.0 0.0 0.0 1.0 0.0 0.0 0.0 0.0 0.0 0.0 0.417 0.521 0.521 0.521 2.0 0.152 0.394 0.040
0.0 1.0 0.0 0.0 0.0 0.0 0.0 0.0 0.0 0.0 0.417 0.500 0.500 0.500 1.0 0.121 0.303 0.040
0.0 1.0 0.0 0.0 0.0 0.0 0.0 0.0 0.0 0.0 0.438 0.479 0.479 0.479 1.0 0.121 0.303 0.040
0.0 0.0 0.0 1.0 0.0 0.0 0.0 0.0 0.0 0.0 0.417 0.333 0.583 0.403 2.0 0.136 0.424 1.000
0.0 1.0 0.0 0.0 0.0 0.0 0.0 0.0 0.0 0.0 0.417 0.333 0.583 0.403 1.0 0.106 0.273 1.000
0.0 0.0 0.0 1.0 0.0 0.0 0.0 0.0 0.0 0.0 0.417 0.333 0.583 0.403 2.0 0.136 0.394 1.000
0.0 0.0 0.0 1.0 0.0 0.0 0.0 0.0 0.0 0.0 0.438 0.312 0.562 0.383 2.0 0.136 0.394 1.000
0.0 0.0 0.0 1.0 0.0 0.0 0.0 0.0 0.0 0.0 0.417 0.438 0.438 0.438 2.0 0.136 0.364 0.040
0.0 1.0 0.0 0.0 0.0 0.0 0.0 0.0 0.0 0.0 0.438 0.312 0.562 0.383 1.0 0.106 0.364 1.000
0.0 0.0 1.0 0.0 0.0 0.0 0.0 0.0 0.0 0.0 0.417 0.333 0.583 0.403 2.0 0.121 0.364 1.000
0.0 0.0 0.0 1.0 0.0 0.0 0.0 0.0 0.0 0.0 0.438 0.417 0.417 0.417 2.0 0.121 0.394 0.040
0.0 0.0 0.0 1.0 0.0 0.0 0.0 0.0 0.0 0.0 0.438 0.312 0.562 0.383 2.0 0.197 0.394 1.000
0.0 1.0 0.0 0.0 0.0 0.0 0.0 0.0 0.0 0.0 0.458 0.292 0.542 0.379 1.0 0.545 0.333 0.760
1.0 0.0 0.0 0.0 0.0 0.0 0.0 0.0 0.0 0.0 0.458 0.292 0.542 0.401 1.0 0.212 0.333 0.600
0.0 0.0 0.0 1.0 0.0 0.0 0.0 0.0 0.0 0.0 0.417 0.500 0.500 0.500 2.0 0.167 0.424 0.040
0.0 0.0 0.0 1.0 0.0 0.0 0.0 0.0 0.0 0.0 0.438 0.500 0.500 0.500 2.0 0.152 0.394 0.040
0.0 0.0 0.0 1.0 0.0 0.0 0.0 0.0 0.0 0.0 0.438 0.312 0.562 0.383 2.0 0.136 0.424 1.000
0.0 1.0 0.0 0.0 0.0 0.0 0.0 0.0 0.0 0.0 0.458 0.292 0.542 0.362 1.0 0.106 0.394 1.000
0.0 0.0 1.0 0.0 0.0 0.0 0.0 0.0 0.0 0.0 0.438 0.312 0.562 0.383 2.0 0.136 0.394 1.000
0.0 0.0 0.0 1.0 0.0 0.0 0.0 0.0 0.0 0.0 0.458 0.292 0.542 0.362 2.0 0.167 0.394 1.000
0.0 0.0 0.0 1.0 0.0 0.0 0.0 0.0 0.0 0.0 0.438 0.417 0.417 0.417 2.0 0.121 0.364 0.040
0.0 1.0 0.0 0.0 0.0 0.0 0.0 0.0 0.0 0.0 0.479 0.271 0.521 0.341 1.0 0.152 0.364 1.000
0.0 0.0 0.0 1.0 0.0 0.0 0.0 0.0 0.0 0.0 0.458 0.292 0.542 0.362 2.0 0.136 0.364 1.000
0.0 1.0 0.0 0.0 0.0 0.0 0.0 0.0 0.0 0.0 0.458 0.396 0.396 0.396 1.0 0.136 0.394 0.040
0.0 0.0 0.0 1.0 0.0 0.0 0.0 0.0 0.0 0.0 0.438 0.479 0.479 0.479 2.0 0.182 0.424 0.040
0.0 0.0 0.0 1.0 0.0 0.0 0.0 0.0 0.0 0.0 0.458 0.479 0.479 0.479 2.0 0.182 0.394 0.040
0.0 1.0 0.0 0.0 0.0 0.0 0.0 0.0 0.0 0.0 0.458 0.292 0.542 0.362 1.0 0.121 0.424 1.000
0.0 0.0 0.0 1.0 0.0 0.0 0.0 0.0 0.0 0.0 0.479 0.271 0.521 0.341 2.0 0.152 0.394 1.000
0.0 0.0 0.0 1.0 0.0 0.0 0.0 0.0 0.0 0.0 0.479 0.271 0.521 0.341 2.0 0.242 0.424 1.000
0.0 1.0 0.0 0.0 0.0 0.0 0.0 0.0 0.0 0.0 0.458 0.396 0.396 0.396 1.0 0.106 0.364 0.040
0.0 1.0 0.0 0.0 0.0 0.0 0.0 0.0 0.0 0.0 0.458 0.292 0.542 0.387 1.0 0.364 0.394 0.680
1.0 0.0 0.0 0.0 0.0 0.0 0.0 0.0 0.0 0.0 0.458 0.292 0.542 0.391 1.0 0.394 0.394 0.680
0.0 1.0 0.0 0.0 0.0 0.0 0.0 0.0 0.0 0.0 0.458 0.458 0.458 0.458 1.0 0.121 0.424 0.040
0.0 1.0 0.0 0.0 0.0 0.0 0.0 0.0 0.0 0.0 0.479 0.458 0.458 0.458 1.0 0.121 0.394 0.040
0.0 0.0 0.0 1.0 0.0 0.0 0.0 0.0 0.0 0.0 0.479 0.271 0.521 0.341 2.0 0.227 0.455 1.000
0.0 0.0 0.0 1.0 0.0 0.0 0.0 0.0 0.0 0.0 0.500 0.250 0.500 0.320 2.0 0.242 0.424 1.000
0.0 1.0 0.0 0.0 0.0 0.0 0.0 0.0 0.0 0.0 0.500 0.250 0.500 0.343 1.0 0.500 0.364 0.720
1.0 0.0 0.0 0.0 0.0 0.0 0.0 0.0 0.0 0.0 0.500 0.250 0.500 0.353 1.0 0.348 0.364 0.640
0.0 0.0 1.0 0.0 0.0 0.0 0.0 0.0 0.0 0.0 0.479 0.271 0.521 0.391 2.0 0.924 0.606 0.520
0.0 1.0 0.0 0.0 0.0 0.0 0.0 0.0 0.0 0.0 0.500 0.250 0.500 0.375 1.0 0.621 0.606 0.520
0.0 0.0 0.0 1.0 0.0 0.0 0.0 0.0 0.0 0.0 0.479 0.271 0.521 0.396 2.0 0.258 0.606 0.520
0.0 0.0 1.0 0.0 0.0 0.0 0.0 0.0 0.0 0.0 0.479 0.271 0.521 0.382 2.0 0.924 0.606 0.600
0.0 0.0 1.0 0.0 0.0 0.0 0.0 0.0 0.0 0.0 0.479 0.271 0.521 0.415 2.0 0.409 0.606 0.440
1.0 0.0 0.0 0.0 0.0 0.0 0.0 0.0 0.0 0.0 0.500 0.250 0.500 0.320 1.0 0.152 0.424 1.000
1.0 0.0 0.0 0.0 0.0 0.0 0.0 0.0 0.0 0.0 0.500 0.354 0.354 0.354 1.0 0.152 0.424 0.040
1.0 0.0 0.0 0.0 0.0 0.0 0.0 0.0 0.0 0.0 0.500 0.250 0.500 0.320 1.0 0.152 0.455 1.000
1.0 0.0 0.0 0.0 0.0 0.0 0.0 0.0 0.0 0.0 0.500 0.354 0.354 0.354 1.0 0.152 0.455 0.040
1.0 0.0 0.0 0.0 0.0 0.0 0.0 0.0 0.0 0.0 0.521 0.229 0.479 0.299 1.0 0.152 0.424 1.000
1.0 0.0 0.0 0.0 0.0 0.0 0.0 0.0 0.0 0.0 0.521 0.333 0.333 0.333 1.0 0.152 0.424 0.040
0.0 1.0 0.0 0.0 0.0 0.0 0.0 0.0 0.0 0.0 0.542 0.312 0.312 0.312 1.0 0.106 0.455 0.040
0.0 0.0 1.0 0.0 0.0 0.0 0.0 0.0 0.0 0.0 0.521 0.333 0.333 0.333 2.0 0.121 0.455 0.040
0.0 1.0 0.0 0.0 0.0 0.0 0.0 0.0 0.0 0.0 0.521 0.333 0.333 0.333 1.0 0.106 0.424 0.040
0.0 0.0 0.0 1.0 0.0 0.0 0.0 0.0 0.0 0.0 0.521 0.229 0.479 0.299 2.0 0.136 0.455 1.000
0.0 1.0 0.0 0.0 0.0 0.0 0.0 0.0 0.0 0.0 0.521 0.229 0.479 0.299 1.0 0.106 0.424 1.000
0.0 0.0 0.0 1.0 0.0 0.0 0.0 0.0 0.0 0.0 0.521 0.333 0.333 0.333 2.0 0.136 0.515 0.040
0.0 1.0 0.0 0.0 0.0 0.0 0.0 0.0 0.0 0.0 0.521 0.333 0.333 0.333 1.0 0.106 0.455 0.040
0.0 0.0 0.0 1.0 0.0 0.0 0.0 0.0 0.0 0.0 0.521 0.229 0.479 0.299 2.0 0.152 0.515 1.000
0.0 1.0 0.0 0.0 0.0 0.0 0.0 0.0 0.0 0.0 0.521 0.229 0.479 0.299 1.0 0.106 0.455 1.000
0.0 0.0 0.0 1.0 0.0 0.0 0.0 0.0 0.0 0.0 0.542 0.312 0.312 0.312 2.0 0.136 0.455 0.040
0.0 1.0 0.0 0.0 0.0 0.0 0.0 0.0 0.0 0.0 0.542 0.312 0.312 0.312 1.0 0.106 0.424 0.040
0.0 0.0 0.0 1.0 0.0 0.0 0.0 0.0 0.0 0.0 0.542 0.208 0.458 0.278 2.0 0.136 0.455 1.000
0.0 1.0 0.0 0.0 0.0 0.0 0.0 0.0 0.0 0.0 0.542 0.208 0.458 0.278 1.0 0.106 0.424 1.000
0.0 0.0 0.0 1.0 0.0 0.0 0.0 0.0 0.0 0.0 0.542 0.312 0.312 0.312 2.0 0.136 0.455 0.040
0.0 0.0 0.0 1.0 0.0 0.0 0.0 0.0 0.0 0.0 0.542 0.208 0.458 0.278 2.0 0.136 0.455 1.000
0.0 0.0 0.0 1.0 0.0 0.0 0.0 0.0 0.0 0.0 0.542 0.312 0.312 0.312 2.0 0.136 0.515 0.040
0.0 0.0 0.0 1.0 0.0 0.0 0.0 0.0 0.0 0.0 0.542 0.208 0.458 0.278 2.0 0.152 0.515 1.000
0.0 1.0 0.0 0.0 0.0 0.0 0.0 0.0 0.0 0.0 0.583 0.271 0.271 0.271 1.0 0.106 0.455 0.040
0.0 0.0 0.0 1.0 0.0 0.0 0.0 0.0 0.0 0.0 0.562 0.292 0.292 0.292 2.0 0.121 0.455 0.040
0.0 0.0 0.0 1.0 0.0 0.0 0.0 0.0 0.0 0.0 0.562 0.188 0.438 0.258 2.0 0.136 0.455 1.000
0.0 1.0 0.0 0.0 0.0 0.0 0.0 0.0 0.0 0.0 0.583 0.271 0.271 0.271 1.0 0.091 0.455 0.040
0.0 0.0 0.0 1.0 0.0 0.0 0.0 0.0 0.0 0.0 0.562 0.292 0.292 0.292 2.0 0.121 0.455 0.040
0.0 1.0 0.0 0.0 0.0 0.0 0.0 0.0 0.0 0.0 0.583 0.167 0.417 0.237 1.0 0.152 0.455 1.000
0.0 0.0 0.0 1.0 0.0 0.0 0.0 0.0 0.0 0.0 0.562 0.188 0.438 0.258 2.0 0.152 0.455 1.000
0.0 0.0 0.0 1.0 0.0 0.0 0.0 0.0 0.0 0.0 0.562 0.292 0.292 0.292 2.0 0.136 0.515 0.040
0.0 0.0 0.0 1.0 0.0 0.0 0.0 0.0 0.0 0.0 0.562 0.188 0.438 0.258 2.0 0.212 0.515 1.000
0.0 0.0 0.0 1.0 0.0 0.0 0.0 0.0 0.0 0.0 0.604 0.250 0.250 0.250 2.0 0.121 0.455 0.040
0.0 1.0 0.0 0.0 0.0 0.0 0.0 0.0 0.0 0.0 0.604 0.146 0.396 0.216 1.0 0.167 0.455 1.000
0.0 0.0 0.0 1.0 0.0 0.0 0.0 0.0 0.0 0.0 0.583 0.167 0.417 0.237 2.0 0.152 0.455 1.000
0.0 1.0 0.0 0.0 0.0 0.0 0.0 0.0 0.0 0.0 0.604 0.250 0.250 0.250 1.0 0.121 0.455 0.040
0.0 1.0 0.0 0.0 0.0 0.0 0.0 0.0 0.0 0.0 0.583 0.271 0.271 0.271 1.0 0.152 0.515 0.040
0.0 1.0 0.0 0.0 0.0 0.0 0.0 0.0 0.0 0.0 0.625 0.229 0.229 0.229 1.0 0.136 0.455 0.040
0.0 1.0 0.0 0.0 0.0 0.0 0.0 0.0 0.0 0.0 0.604 0.146 0.396 0.258 1.0 0.409 0.455 0.600
1.0 0.0 0.0 0.0 0.0 0.0 0.0 0.0 0.0 0.0 0.604 0.146 0.396 0.231 1.0 0.439 0.455 0.760
0.0 1.0 0.0 0.0 0.0 0.0 0.0 0.0 0.0 0.0 0.583 0.167 0.417 0.288 1.0 0.364 0.515 0.480
0.0 0.0 1.0 0.0 0.0 0.0 0.0 0.0 0.0 0.0 0.583 0.167 0.417 0.247 2.0 0.530 0.545 0.840
0.0 1.0 0.0 0.0 0.0 0.0 0.0 0.0 0.0 0.0 0.625 0.125 0.375 0.244 1.0 0.379 0.455 0.560
0.0 0.0 1.0 0.0 0.0 0.0 0.0 0.0 0.0 0.0 0.625 0.125 0.375 0.207 2.0 0.485 0.515 0.800
0.0 0.0 0.0 1.0 0.0 0.0 0.0 0.0 0.0 0.0 0.667 0.188 0.188 0.188 4.0 0.333 0.909 0.040
0.0 0.0 1.0 0.0 0.0 0.0 0.0 0.0 0.0 0.0 0.646 0.208 0.208 0.208 4.0 0.258 0.758 0.040
0.0 0.0 1.0 0.0 0.0 0.0 0.0 0.0 0.0 0.0 0.479 0.375 0.375 0.375 2.0 0.167 0.545 0.040
1.0 0.0 0.0 0.0 0.0 0.0 0.0 0.0 0.0 0.0 0.604 0.146 0.396 0.255 1.0 0.409 0.545 0.520
1.0 0.0 0.0 0.0 0.0 0.0 0.0 0.0 0.0 0.0 0.604 0.146 0.396 0.250 1.0 0.576 0.545 0.640
1.0 0.0 0.0 0.0 0.0 0.0 0.0 0.0 0.0 0.0 0.646 0.104 0.354 0.217 1.0 0.409 0.515 0.560
1.0 0.0 0.0 0.0 0.0 0.0 0.0 0.0 0.0 0.0 0.646 0.104 0.354 0.208 1.0 0.500 0.515 0.560
0.0 0.0 1.0 0.0 0.0 0.0 0.0 0.0 0.0 0.0 0.625 0.125 0.375 0.256 2.0 0.788 0.636 0.440
0.0 0.0 1.0 0.0 0.0 0.0 0.0 0.0 0.0 0.0 0.625 0.125 0.375 0.262 2.0 0.576 0.636 0.480
0.0 0.0 1.0 0.0 0.0 0.0 0.0 0.0 0.0 0.0 0.625 0.125 0.375 0.233 2.0 0.909 0.636 0.600
0.0 0.0 1.0 0.0 0.0 0.0 0.0 0.0 0.0 0.0 0.625 0.125 0.375 0.245 2.0 0.636 0.636 0.520
0.0 1.0 0.0 0.0 0.0 0.0 0.0 0.0 0.0 0.0 0.708 0.146 0.146 0.146 1.0 0.106 0.939 0.040
0.0 0.0 0.0 1.0 0.0 0.0 0.0 0.0 0.0 0.0 0.688 0.167 0.167 0.167 4.0 0.197 0.939 0.040
0.0 0.0 1.0 0.0 0.0 0.0 0.0 0.0 0.0 0.0 0.604 0.250 0.250 0.250 2.0 0.136 0.545 0.040
0.0 0.0 1.0 0.0 0.0 0.0 0.0 0.0 0.0 0.0 0.604 0.146 0.396 0.267 2.0 0.576 0.545 0.480
0.0 0.0 1.0 0.0 0.0 0.0 0.0 0.0 0.0 0.0 0.646 0.208 0.208 0.208 2.0 0.136 0.515 0.040
0.0 0.0 1.0 0.0 0.0 0.0 0.0 0.0 0.0 0.0 0.646 0.104 0.354 0.223 2.0 0.652 0.515 0.560
0.0 0.0 0.0 1.0 0.0 0.0 0.0 0.0 0.0 0.0 0.708 0.146 0.292 0.216 4.0 0.667 0.970 0.320
0.0 1.0 0.0 0.0 0.0 0.0 0.0 0.0 0.0 0.0 0.688 0.167 0.312 0.237 1.0 0.152 0.788 0.320
0.0 0.0 1.0 0.0 0.0 0.0 0.0 0.0 0.0 0.0 0.667 0.188 0.333 0.258 2.0 0.273 0.788 0.320
0.0 0.0 0.0 1.0 0.0 0.0 0.0 0.0 0.0 0.0 0.688 0.167 0.312 0.237 4.0 0.682 0.970 0.320
0.0 0.0 1.0 0.0 0.0 0.0 0.0 0.0 0.0 0.0 0.667 0.188 0.333 0.258 2.0 0.333 0.788 0.320
0.0 0.0 0.0 1.0 0.0 0.0 0.0 0.0 0.0 0.0 0.688 0.167 0.312 0.237 4.0 0.606 0.970 0.320
0.0 0.0 1.0 0.0 0.0 0.0 0.0 0.0 0.0 0.0 0.667 0.188 0.333 0.258 2.0 0.333 0.788 0.320
0.0 0.0 0.0 1.0 0.0 0.0 0.0 0.0 0.0 0.0 0.688 0.167 0.312 0.237 4.0 0.652 0.970 0.320
0.0 0.0 1.0 0.0 0.0 0.0 0.0 0.0 0.0 0.0 0.667 0.188 0.333 0.258 2.0 0.333 0.788 0.320
0.0 1.0 0.0 0.0 0.0 0.0 0.0 0.0 0.0 0.0 0.708 0.146 0.292 0.216 1.0 0.167 0.970 0.320
0.0 0.0 0.0 1.0 0.0 0.0 0.0 0.0 0.0 0.0 0.688 0.167 0.312 0.237 4.0 0.545 0.970 0.320
0.0 0.0 1.0 0.0 0.0 0.0 0.0 0.0 0.0 0.0 0.667 0.188 0.333 0.258 2.0 0.485 0.788 0.320
0.0 0.0 0.0 1.0 0.0 0.0 0.0 0.0 0.0 0.0 0.688 0.167 0.312 0.237 4.0 0.697 0.970 0.320
0.0 0.0 1.0 0.0 0.0 0.0 0.0 0.0 0.0 0.0 0.667 0.188 0.333 0.258 2.0 0.515 0.788 0.320
0.0 1.0 0.0 0.0 0.0 0.0 0.0 0.0 0.0 0.0 0.708 0.146 0.292 0.216 1.0 0.242 0.970 0.320
0.0 0.0 1.0 0.0 0.0 0.0 0.0 0.0 0.0 0.0 0.688 0.167 0.312 0.237 4.0 0.561 0.970 0.320
0.0 0.0 1.0 0.0 0.0 0.0 0.0 0.0 0.0 0.0 0.667 0.188 0.333 0.258 2.0 0.500 0.788 0.320
0.0 0.0 1.0 0.0 0.0 0.0 0.0 0.0 0.0 0.0 0.688 0.062 0.062 0.062 4.0 0.697 0.970 0.040
0.0 0.0 1.0 0.0 0.0 0.0 0.0 0.0 0.0 0.0 0.667 0.083 0.083 0.083 2.0 0.333 0.788 0.040
0.0 0.0 1.0 0.0 0.0 0.0 0.0 0.0 0.0 0.0 0.688 0.062 0.062 0.062 4.0 0.697 0.970 0.040
0.0 0.0 1.0 0.0 0.0 0.0 0.0 0.0 0.0 0.0 0.667 0.083 0.083 0.083 2.0 0.333 0.788 0.040
0.0 0.0 1.0 0.0 0.0 0.0 0.0 0.0 0.0 0.0 0.688 0.083 0.083 0.083 4.0 0.621 0.970 0.040
0.0 0.0 1.0 0.0 0.0 0.0 0.0 0.0 0.0 0.0 0.667 0.104 0.104 0.104 2.0 0.333 0.788 0.040
0.0 0.0 1.0 0.0 0.0 0.0 0.0 0.0 0.0 0.0 0.688 0.062 0.062 0.062 4.0 0.667 0.970 0.040
0.0 0.0 1.0 0.0 0.0 0.0 0.0 0.0 0.0 0.0 0.667 0.083 0.083 0.083 2.0 0.333 0.788 0.040
0.0 0.0 1.0 0.0 0.0 0.0 0.0 0.0 0.0 0.0 0.688 0.062 0.062 0.062 4.0 0.576 0.970 0.040
0.0 0.0 1.0 0.0 0.0 0.0 0.0 0.0 0.0 0.0 0.667 0.083 0.083 0.083 2.0 0.500 0.788 0.040
0.0 0.0 1.0 0.0 0.0 0.0 0.0 0.0 0.0 0.0 0.688 0.062 0.062 0.062 4.0 0.621 0.970 0.040
0.0 0.0 1.0 0.0 0.0 0.0 0.0 0.0 0.0 0.0 0.667 0.083 0.083 0.083 2.0 0.515 0.788 0.040
0.0 0.0 1.0 0.0 0.0 0.0 0.0 0.0 0.0 0.0 0.688 0.062 0.062 0.062 4.0 0.591 0.970 0.040
0.0 0.0 1.0 0.0 0.0 0.0 0.0 0.0 0.0 0.0 0.667 0.083 0.083 0.083 2.0 0.515 0.788 0.040
0.0 0.0 0.0 1.0 0.0 0.0 0.0 0.0 0.0 0.0 0.688 0.167 0.312 0.237 4.0 0.682 0.970 0.320
0.0 0.0 1.0 0.0 0.0 0.0 0.0 0.0 0.0 0.0 0.667 0.188 0.333 0.258 2.0 0.530 0.788 0.320
0.0 0.0 0.0 1.0 0.0 0.0 0.0 0.0 0.0 0.0 0.688 0.167 0.312 0.237 4.0 0.606 0.970 0.320
0.0 0.0 1.0 0.0 0.0 0.0 0.0 0.0 0.0 0.0 0.667 0.188 0.333 0.258 2.0 0.500 0.788 0.320
0.0 0.0 0.0 1.0 0.0 0.0 0.0 0.0 0.0 0.0 0.688 0.167 0.312 0.237 4.0 0.727 0.970 0.320
0.0 0.0 1.0 0.0 0.0 0.0 0.0 0.0 0.0 0.0 0.667 0.188 0.333 0.258 2.0 0.500 0.788 0.320
0.0 0.0 0.0 1.0 0.0 0.0 0.0 0.0 0.0 0.0 0.688 0.167 0.312 0.237 4.0 0.667 0.970 0.320
0.0 0.0 1.0 0.0 0.0 0.0 0.0 0.0 0.0 0.0 0.667 0.188 0.333 0.258 2.0 0.500 0.788 0.320
0.0 0.0 0.0 1.0 0.0 0.0 0.0 0.0 0.0 0.0 0.708 0.146 0.292 0.216 4.0 0.591 0.970 0.320
0.0 1.0 0.0 0.0 0.0 0.0 0.0 0.0 0.0 0.0 0.688 0.167 0.312 0.237 1.0 0.152 0.788 0.320
0.0 0.0 0.0 1.0 0.0 0.0 0.0 0.0 0.0 0.0 0.667 0.188 0.333 0.258 2.0 0.439 0.788 0.320
0.0 0.0 0.0 1.0 0.0 0.0 0.0 0.0 0.0 0.0 0.688 0.167 0.312 0.237 4.0 0.621 0.970 0.320
0.0 0.0 1.0 0.0 0.0 0.0 0.0 0.0 0.0 0.0 0.667 0.188 0.333 0.258 2.0 0.439 0.788 0.320
0.0 0.0 0.0 1.0 0.0 0.0 0.0 0.0 0.0 0.0 0.688 0.167 0.312 0.237 4.0 0.606 0.970 0.320
0.0 0.0 1.0 0.0 0.0 0.0 0.0 0.0 0.0 0.0 0.667 0.188 0.333 0.258 2.0 0.439 0.788 0.320
0.0 0.0 0.0 1.0 0.0 0.0 0.0 0.0 0.0 0.0 0.688 0.167 0.312 0.237 4.0 0.652 0.970 0.320
0.0 0.0 1.0 0.0 0.0 0.0 0.0 0.0 0.0 0.0 0.667 0.188 0.333 0.258 2.0 0.439 0.788 0.320
0.0 0.0 0.0 1.0 0.0 0.0 0.0 0.0 0.0 0.0 0.688 0.167 0.312 0.237 4.0 0.591 0.970 0.320
0.0 0.0 1.0 0.0 0.0 0.0 0.0 0.0 0.0 0.0 0.667 0.188 0.333 0.258 2.0 0.439 0.788 0.320
0.0 0.0 0.0 1.0 0.0 0.0 0.0 0.0 0.0 0.0 0.688 0.167 0.167 0.167 4.0 0.561 0.939 0.040
0.0 0.0 1.0 0.0 0.0 0.0 0.0 0.0 0.0 0.0 0.667 0.188 0.188 0.188 2.0 0.485 0.788 0.040
0.0 0.0 0.0 1.0 0.0 0.0 0.0 0.0 0.0 0.0 0.688 0.167 0.167 0.167 4.0 0.561 0.939 0.040
0.0 0.0 1.0 0.0 0.0 0.0 0.0 0.0 0.0 0.0 0.667 0.188 0.188 0.188 2.0 0.424 0.788 0.040
0.0 0.0 0.0 1.0 0.0 0.0 0.0 0.0 0.0 0.0 0.688 0.167 0.167 0.167 4.0 0.621 0.939 0.040
0.0 0.0 1.0 0.0 0.0 0.0 0.0 0.0 0.0 0.0 0.667 0.188 0.188 0.188 2.0 0.561 0.788 0.040
0.0 0.0 0.0 1.0 0.0 0.0 0.0 0.0 0.0 0.0 0.688 0.167 0.167 0.167 4.0 0.591 0.939 0.040
0.0 0.0 1.0 0.0 0.0 0.0 0.0 0.0 0.0 0.0 0.667 0.188 0.188 0.188 2.0 0.561 0.788 0.040
0.0 0.0 0.0 1.0 0.0 0.0 0.0 0.0 0.0 0.0 0.688 0.167 0.167 0.167 4.0 0.515 0.939 0.040
0.0 0.0 1.0 0.0 0.0 0.0 0.0 0.0 0.0 0.0 0.667 0.188 0.188 0.188 2.0 0.561 0.788 0.040
0.0 0.0 0.0 1.0 0.0 0.0 0.0 0.0 0.0 0.0 0.708 0.146 0.146 0.146 4.0 0.515 0.939 0.040
0.0 1.0 0.0 0.0 0.0 0.0 0.0 0.0 0.0 0.0 0.688 0.167 0.167 0.167 1.0 0.136 0.788 0.040
0.0 0.0 0.0 1.0 0.0 0.0 0.0 0.0 0.0 0.0 0.667 0.188 0.188 0.188 2.0 0.515 0.788 0.040
0.0 0.0 0.0 1.0 0.0 0.0 0.0 0.0 0.0 0.0 0.708 0.146 0.146 0.146 4.0 0.576 0.939 0.040
0.0 1.0 0.0 0.0 0.0 0.0 0.0 0.0 0.0 0.0 0.688 0.167 0.167 0.167 1.0 0.136 0.788 0.040
0.0 0.0 0.0 1.0 0.0 0.0 0.0 0.0 0.0 0.0 0.667 0.188 0.188 0.188 2.0 0.333 0.788 0.040
0.0 0.0 0.0 1.0 0.0 0.0 0.0 0.0 0.0 0.0 0.688 0.167 0.167 0.167 4.0 0.591 0.939 0.040
0.0 0.0 1.0 0.0 0.0 0.0 0.0 0.0 0.0 0.0 0.667 0.188 0.188 0.188 2.0 0.409 0.788 0.040
0.0 0.0 1.0 0.0 0.0 0.0 0.0 0.0 0.0 0.0 0.688 0.062 0.062 0.062 4.0 0.697 0.970 0.040
0.0 0.0 1.0 0.0 0.0 0.0 0.0 0.0 0.0 0.0 0.667 0.083 0.083 0.083 2.0 0.530 0.788 0.040
0.0 0.0 1.0 0.0 0.0 0.0 0.0 0.0 0.0 0.0 0.688 0.083 0.083 0.083 4.0 0.621 0.970 0.040
0.0 0.0 1.0 0.0 0.0 0.0 0.0 0.0 0.0 0.0 0.667 0.104 0.104 0.104 2.0 0.500 0.788 0.040
0.0 0.0 1.0 0.0 0.0 0.0 0.0 0.0 0.0 0.0 0.688 0.062 0.062 0.062 4.0 0.667 0.970 0.040
0.0 0.0 1.0 0.0 0.0 0.0 0.0 0.0 0.0 0.0 0.667 0.083 0.083 0.083 2.0 0.500 0.788 0.040
0.0 0.0 1.0 0.0 0.0 0.0 0.0 0.0 0.0 0.0 0.688 0.083 0.083 0.083 4.0 0.606 0.970 0.040
0.0 0.0 1.0 0.0 0.0 0.0 0.0 0.0 0.0 0.0 0.667 0.104 0.104 0.104 2.0 0.500 0.788 0.040
0.0 1.0 0.0 0.0 0.0 0.0 0.0 0.0 0.0 0.0 0.708 0.104 0.104 0.104 1.0 0.167 0.970 0.040
0.0 0.0 1.0 0.0 0.0 0.0 0.0 0.0 0.0 0.0 0.688 0.125 0.125 0.125 4.0 0.576 0.970 0.040
0.0 0.0 1.0 0.0 0.0 0.0 0.0 0.0 0.0 0.0 0.667 0.146 0.146 0.146 2.0 0.485 0.788 0.040
0.0 0.0 1.0 0.0 0.0 0.0 0.0 0.0 0.0 0.0 0.708 0.062 0.062 0.062 4.0 0.621 0.970 0.040
0.0 1.0 0.0 0.0 0.0 0.0 0.0 0.0 0.0 0.0 0.688 0.083 0.083 0.083 1.0 0.152 0.788 0.040
0.0 0.0 1.0 0.0 0.0 0.0 0.0 0.0 0.0 0.0 0.667 0.104 0.104 0.104 2.0 0.379 0.788 0.040
0.0 1.0 0.0 0.0 0.0 0.0 0.0 0.0 0.0 0.0 0.708 0.062 0.062 0.062 1.0 0.167 0.970 0.040
0.0 0.0 0.0 1.0 0.0 0.0 0.0 0.0 0.0 0.0 0.688 0.083 0.083 0.083 4.0 0.591 0.970 0.040
0.0 0.0 1.0 0.0 0.0 0.0 0.0 0.0 0.0 0.0 0.667 0.104 0.104 0.104 2.0 0.424 0.788 0.040
0.0 0.0 1.0 0.0 0.0 0.0 0.0 0.0 0.0 0.0 0.688 0.062 0.062 0.062 4.0 0.667 0.970 0.040
0.0 0.0 1.0 0.0 0.0 0.0 0.0 0.0 0.0 0.0 0.667 0.083 0.083 0.083 2.0 0.439 0.788 0.040
0.0 0.0 1.0 0.0 0.0 0.0 0.0 0.0 0.0 0.0 0.708 0.062 0.062 0.062 4.0 0.591 0.970 0.040
0.0 1.0 0.0 0.0 0.0 0.0 0.0 0.0 0.0 0.0 0.688 0.083 0.083 0.083 1.0 0.152 0.788 0.040
0.0 0.0 0.0 1.0 0.0 0.0 0.0 0.0 0.0 0.0 0.667 0.104 0.104 0.104 2.0 0.379 0.788 0.040
0.0 1.0 0.0 0.0 0.0 0.0 0.0 0.0 0.0 0.0 0.729 0.021 0.021 0.021 1.0 0.091 0.970 0.040
0.0 0.0 1.0 0.0 0.0 0.0 0.0 0.0 0.0 0.0 0.708 0.042 0.042 0.042 2.0 0.167 0.970 0.040
0.0 1.0 0.0 0.0 0.0 0.0 0.0 0.0 0.0 0.0 0.708 0.042 0.042 0.042 1.0 0.152 0.970 0.040
0.0 1.0 0.0 0.0 0.0 0.0 0.0 0.0 0.0 0.0 0.729 0.021 0.021 0.021 1.0 0.091 0.970 0.040
0.0 0.0 1.0 0.0 0.0 0.0 0.0 0.0 0.0 0.0 0.708 0.042 0.042 0.042 2.0 0.167 0.970 0.040
0.0 1.0 0.0 0.0 0.0 0.0 0.0 0.0 0.0 0.0 0.708 0.042 0.042 0.042 1.0 0.152 0.970 0.040
0.0 1.0 0.0 0.0 0.0 0.0 0.0 0.0 0.0 0.0 0.729 0.042 0.042 0.042 1.0 0.106 0.970 0.040
0.0 0.0 1.0 0.0 0.0 0.0 0.0 0.0 0.0 0.0 0.708 0.062 0.062 0.062 2.0 0.167 0.970 0.040
0.0 1.0 0.0 0.0 0.0 0.0 0.0 0.0 0.0 0.0 0.708 0.062 0.062 0.062 1.0 0.152 0.970 0.040
0.0 0.0 0.0 1.0 0.0 0.0 0.0 0.0 0.0 0.0 0.708 0.042 0.042 0.042 2.0 0.167 0.970 0.040
0.0 1.0 0.0 0.0 0.0 0.0 0.0 0.0 0.0 0.0 0.708 0.042 0.042 0.042 1.0 0.152 0.970 0.040
0.0 0.0 0.0 1.0 0.0 0.0 0.0 0.0 0.0 0.0 0.708 0.042 0.042 0.042 2.0 0.167 0.970 0.040
0.0 1.0 0.0 0.0 0.0 0.0 0.0 0.0 0.0 0.0 0.708 0.042 0.042 0.042 1.0 0.152 0.970 0.040
0.0 0.0 0.0 1.0 0.0 0.0 0.0 0.0 0.0 0.0 0.708 0.042 0.042 0.042 2.0 0.167 0.970 0.040
0.0 1.0 0.0 0.0 0.0 0.0 0.0 0.0 0.0 0.0 0.708 0.042 0.042 0.042 1.0 0.152 0.970 0.040
0.0 0.0 0.0 1.0 0.0 0.0 0.0 0.0 0.0 0.0 0.708 0.042 0.042 0.042 2.0 0.167 0.970 0.040
0.0 1.0 0.0 0.0 0.0 0.0 0.0 0.0 0.0 0.0 0.708 0.042 0.042 0.042 1.0 0.152 0.970 0.040
0.0 0.0 1.0 0.0 0.0 0.0 0.0 0.0 0.0 0.0 0.750 0.104 0.104 0.104 4.0 0.303 0.939 0.040
0.0 0.0 1.0 0.0 0.0 0.0 0.0 0.0 0.0 0.0 0.729 0.125 0.125 0.125 4.0 0.318 0.939 0.040
0.0 0.0 1.0 0.0 0.0 0.0 0.0 0.0 0.0 0.0 0.708 0.146 0.146 0.146 2.0 0.197 0.939 0.040
0.0 0.0 0.0 1.0 0.0 0.0 0.0 0.0 0.0 0.0 0.729 0.021 0.021 0.021 2.0 0.106 0.970 0.040
0.0 0.0 0.0 1.0 0.0 0.0 0.0 0.0 0.0 0.0 0.729 0.021 0.021 0.021 2.0 0.106 0.970 0.040
0.0 0.0 0.0 1.0 0.0 0.0 0.0 0.0 0.0 0.0 0.729 0.042 0.042 0.042 2.0 0.121 0.970 0.040
0.0 0.0 0.0 1.0 0.0 0.0 0.0 0.0 0.0 0.0 0.729 0.021 0.021 0.021 2.0 0.106 0.970 0.040
0.0 0.0 0.0 1.0 0.0 0.0 0.0 0.0 0.0 0.0 0.708 0.042 0.042 0.042 2.0 0.167 0.970 0.040
0.0 1.0 0.0 0.0 0.0 0.0 0.0 0.0 0.0 0.0 0.708 0.042 0.042 0.042 1.0 0.152 0.970 0.040
0.0 0.0 0.0 1.0 0.0 0.0 0.0 0.0 0.0 0.0 0.708 0.062 0.062 0.062 2.0 0.167 0.970 0.040
0.0 1.0 0.0 0.0 0.0 0.0 0.0 0.0 0.0 0.0 0.708 0.062 0.062 0.062 1.0 0.152 0.970 0.040
0.0 1.0 0.0 0.0 0.0 0.0 0.0 0.0 0.0 0.0 0.729 0.021 0.021 0.021 1.0 0.091 0.970 0.040
0.0 0.0 0.0 1.0 0.0 0.0 0.0 0.0 0.0 0.0 0.708 0.042 0.042 0.042 2.0 0.167 0.970 0.040
0.0 1.0 0.0 0.0 0.0 0.0 0.0 0.0 0.0 0.0 0.708 0.042 0.042 0.042 1.0 0.152 0.970 0.040
0.0 0.0 0.0 1.0 0.0 0.0 0.0 0.0 0.0 0.0 0.708 0.062 0.062 0.062 2.0 0.167 0.970 0.040
0.0 1.0 0.0 0.0 0.0 0.0 0.0 0.0 0.0 0.0 0.708 0.062 0.062 0.062 1.0 0.152 0.970 0.040
0.0 1.0 0.0 0.0 0.0 0.0 0.0 0.0 0.0 0.0 0.750 0.062 0.062 0.062 1.0 0.106 0.970 0.040
0.0 0.0 0.0 1.0 0.0 0.0 0.0 0.0 0.0 0.0 0.729 0.083 0.083 0.083 2.0 0.121 0.970 0.040
0.0 1.0 0.0 0.0 0.0 0.0 0.0 0.0 0.0 0.0 0.729 0.083 0.083 0.083 1.0 0.106 0.970 0.040
0.0 0.0 0.0 1.0 0.0 0.0 0.0 0.0 0.0 0.0 0.729 0.021 0.021 0.021 2.0 0.106 0.970 0.040
0.0 0.0 0.0 1.0 0.0 0.0 0.0 0.0 0.0 0.0 0.729 0.042 0.042 0.042 2.0 0.167 0.970 0.040
0.0 1.0 0.0 0.0 0.0 0.0 0.0 0.0 0.0 0.0 0.729 0.042 0.042 0.042 1.0 0.152 0.970 0.040
0.0 0.0 0.0 1.0 0.0 0.0 0.0 0.0 0.0 0.0 0.729 0.042 0.042 0.042 2.0 0.121 0.970 0.040
0.0 1.0 0.0 0.0 0.0 0.0 0.0 0.0 0.0 0.0 0.729 0.042 0.042 0.042 1.0 0.106 0.970 0.040
0.0 0.0 0.0 1.0 0.0 0.0 0.0 0.0 0.0 0.0 0.708 0.042 0.042 0.042 2.0 0.167 0.970 0.040
0.0 1.0 0.0 0.0 0.0 0.0 0.0 0.0 0.0 0.0 0.708 0.042 0.042 0.042 1.0 0.152 0.970 0.040
0.0 1.0 0.0 0.0 0.0 0.0 0.0 0.0 0.0 0.0 0.750 0.021 0.021 0.021 1.0 0.091 0.970 0.040
0.0 0.0 0.0 1.0 0.0 0.0 0.0 0.0 0.0 0.0 0.729 0.042 0.042 0.042 2.0 0.167 0.970 0.040
0.0 1.0 0.0 0.0 0.0 0.0 0.0 0.0 0.0 0.0 0.729 0.042 0.042 0.042 1.0 0.152 0.970 0.040
0.0 0.0 0.0 1.0 0.0 0.0 0.0 0.0 0.0 0.0 0.729 0.021 0.021 0.021 2.0 0.106 0.970 0.040
0.0 0.0 0.0 1.0 0.0 0.0 0.0 0.0 0.0 0.0 0.729 0.021 0.021 0.021 2.0 0.106 0.970 0.040
0.0 0.0 0.0 1.0 0.0 0.0 0.0 0.0 0.0 0.0 0.750 0.167 0.167 0.167 4.0 0.333 0.970 0.040
0.0 0.0 1.0 0.0 0.0 0.0 0.0 0.0 0.0 0.0 0.708 0.208 0.208 0.208 4.0 0.333 0.970 0.040
0.0 0.0 1.0 0.0 0.0 0.0 0.0 0.0 0.0 0.0 0.729 0.188 0.188 0.188 2.0 0.242 0.970 0.040
0.0 0.0 0.0 1.0 0.0 0.0 0.0 0.0 0.0 0.0 0.750 0.167 0.167 0.167 4.0 0.318 0.970 0.040
0.0 0.0 1.0 0.0 0.0 0.0 0.0 0.0 0.0 0.0 0.708 0.208 0.208 0.208 4.0 0.333 0.970 0.040
0.0 0.0 1.0 0.0 0.0 0.0 0.0 0.0 0.0 0.0 0.729 0.188 0.188 0.188 2.0 0.212 0.970 0.040
0.0 0.0 1.0 0.0 0.0 0.0 0.0 0.0 0.0 0.0 0.750 0.104 0.250 0.176 4.0 0.379 0.970 0.280
0.0 0.0 1.0 0.0 0.0 0.0 0.0 0.0 0.0 0.0 0.708 0.146 0.292 0.217 4.0 0.348 0.970 0.280
0.0 0.0 1.0 0.0 0.0 0.0 0.0 0.0 0.0 0.0 0.729 0.125 0.271 0.196 2.0 0.258 0.970 0.280
0.0 0.0 1.0 0.0 0.0 0.0 0.0 0.0 0.0 0.0 0.771 0.083 0.229 0.155 4.0 0.333 0.970 0.280
0.0 0.0 1.0 0.0 0.0 0.0 0.0 0.0 0.0 0.0 0.708 0.146 0.292 0.217 4.0 0.348 0.970 0.280
0.0 1.0 0.0 0.0 0.0 0.0 0.0 0.0 0.0 0.0 0.750 0.104 0.250 0.176 1.0 0.152 0.970 0.280
0.0 0.0 0.0 1.0 0.0 0.0 0.0 0.0 0.0 0.0 0.729 0.125 0.271 0.196 2.0 0.167 0.970 0.280
0.0 0.0 0.0 1.0 0.0 0.0 0.0 0.0 0.0 1.0 0.750 0.000 0.000 0.000 2.0 0.091 0.970 0.040
0.0 0.0 0.0 1.0 0.0 0.0 0.0 0.0 0.0 1.0 0.750 0.000 0.000 0.000 2.0 0.091 0.970 0.040
0.0 1.0 0.0 0.0 0.0 0.0 0.0 0.0 0.0 1.0 0.771 0.000 0.000 0.000 1.0 0.061 0.970 0.040
0.0 0.0 1.0 0.0 0.0 0.0 0.0 0.0 0.0 0.0 0.750 0.021 0.021 0.021 2.0 0.106 0.970 0.040
0.0 0.0 0.0 1.0 0.0 0.0 0.0 0.0 0.0 1.0 0.750 0.000 0.000 0.000 2.0 0.106 0.970 0.040
0.0 0.0 0.0 1.0 0.0 0.0 0.0 0.0 0.0 0.0 0.729 0.021 0.021 0.021 2.0 0.106 0.970 0.040
0.0 1.0 0.0 0.0 0.0 0.0 0.0 0.0 0.0 0.0 0.750 0.021 0.021 0.021 1.0 0.091 0.970 0.040
0.0 0.0 1.0 0.0 0.0 0.0 0.0 0.0 0.0 0.0 0.729 0.042 0.042 0.042 2.0 0.106 0.970 0.040
0.0 0.0 0.0 1.0 0.0 0.0 0.0 0.0 0.0 0.0 0.729 0.021 0.021 0.021 2.0 0.106 0.970 0.040
0.0 1.0 0.0 0.0 0.0 0.0 0.0 0.0 0.0 0.0 0.750 0.021 0.021 0.021 1.0 0.091 0.970 0.040
0.0 0.0 1.0 0.0 0.0 0.0 0.0 0.0 0.0 0.0 0.729 0.042 0.042 0.042 2.0 0.106 0.970 0.040
0.0 1.0 0.0 0.0 0.0 0.0 0.0 0.0 0.0 0.0 0.771 0.042 0.042 0.042 1.0 0.106 0.970 0.040
0.0 0.0 0.0 1.0 0.0 0.0 0.0 0.0 0.0 0.0 0.750 0.062 0.062 0.062 2.0 0.106 0.970 0.040
0.0 0.0 0.0 1.0 0.0 0.0 0.0 0.0 0.0 1.0 0.750 0.000 0.000 0.000 2.0 0.106 0.970 0.040
0.0 0.0 0.0 1.0 0.0 0.0 0.0 0.0 0.0 0.0 0.750 0.021 0.021 0.021 2.0 0.106 0.970 0.040
0.0 0.0 0.0 1.0 0.0 0.0 0.0 0.0 0.0 0.0 0.750 0.021 0.021 0.021 2.0 0.106 0.970 0.040
0.0 0.0 0.0 1.0 0.0 0.0 0.0 0.0 0.0 0.0 0.729 0.021 0.021 0.021 2.0 0.106 0.970 0.040
0.0 0.0 0.0 1.0 0.0 0.0 0.0 0.0 0.0 0.0 0.750 0.021 0.021 0.021 2.0 0.106 0.970 0.040
0.0 0.0 0.0 1.0 0.0 0.0 0.0 0.0 0.0 1.0 0.750 0.000 0.000 0.000 2.0 0.106 0.970 0.040
0.0 0.0 0.0 1.0 0.0 0.0 0.0 0.0 0.0 1.0 0.750 0.000 0.000 0.000 2.0 0.106 0.970 0.040
0.0 1.0 0.0 0.0 0.0 0.0 0.0 0.0 0.0 0.0 0.792 0.125 0.125 0.125 1.0 0.136 0.970 0.040
0.0 0.0 0.0 1.0 0.0 0.0 0.0 0.0 0.0 0.0 0.771 0.146 0.146 0.146 2.0 0.152 0.970 0.040
0.0 0.0 1.0 0.0 0.0 0.0 0.0 0.0 0.0 0.0 0.771 0.146 0.146 0.146 2.0 0.182 0.970 0.040
0.0 0.0 0.0 1.0 0.0 0.0 0.0 0.0 0.0 1.0 0.750 0.000 0.000 0.000 2.0 0.106 0.970 0.040
0.0 0.0 0.0 1.0 0.0 0.0 0.0 0.0 0.0 1.0 0.771 0.000 0.000 0.000 2.0 0.091 0.970 0.040
0.0 0.0 0.0 1.0 0.0 0.0 0.0 0.0 0.0 1.0 0.750 0.000 0.000 0.000 2.0 0.091 0.970 0.040
0.0 0.0 0.0 1.0 0.0 0.0 0.0 0.0 0.0 1.0 0.771 0.000 0.000 0.000 2.0 0.091 0.970 0.040
0.0 1.0 0.0 0.0 0.0 0.0 0.0 0.0 0.0 1.0 0.812 0.000 0.000 0.000 1.0 0.061 0.970 0.040
0.0 0.0 1.0 0.0 0.0 0.0 0.0 0.0 0.0 0.0 0.792 0.021 0.021 0.021 2.0 0.091 0.970 0.040
0.0 0.0 0.0 1.0 0.0 0.0 0.0 0.0 0.0 1.0 0.771 0.000 0.000 0.000 2.0 0.106 0.970 0.040
0.0 0.0 0.0 1.0 0.0 0.0 0.0 0.0 0.0 1.0 0.771 0.000 0.000 0.000 2.0 0.106 0.970 0.040
0.0 0.0 0.0 1.0 0.0 0.0 0.0 0.0 0.0 1.0 0.750 0.000 0.000 0.000 2.0 0.106 0.970 0.040
0.0 0.0 0.0 1.0 0.0 0.0 0.0 0.0 0.0 1.0 0.771 0.000 0.000 0.000 2.0 0.091 0.970 0.040
0.0 0.0 1.0 0.0 0.0 0.0 0.0 0.0 0.0 0.0 0.792 0.062 0.062 0.062 3.0 0.318 1.000 0.040
0.0 1.0 0.0 0.0 0.0 0.0 0.0 0.0 0.0 0.0 0.812 0.104 0.188 0.125 1.0 0.379 1.000 0.240
0.0 0.0 1.0 0.0 0.0 0.0 0.0 0.0 0.0 0.0 0.792 0.125 0.208 0.146 2.0 0.288 1.000 0.240
0.0 1.0 0.0 0.0 0.0 0.0 0.0 0.0 0.0 0.0 0.833 0.021 0.021 0.021 1.0 0.106 1.000 0.040
0.0 0.0 0.0 1.0 0.0 0.0 0.0 0.0 1.0 0.0 0.812 0.042 0.042 0.042 4.0 0.242 1.000 0.040
0.0 0.0 0.0 1.0 0.0 0.0 0.0 0.0 0.0 0.0 0.812 0.104 0.104 0.104 2.0 0.152 0.970 0.040
0.0 1.0 0.0 0.0 0.0 0.0 0.0 0.0 0.0 0.0 0.812 0.104 0.104 0.104 1.0 0.106 0.970 0.040
0.0 0.0 0.0 1.0 0.0 0.0 0.0 0.0 0.0 0.0 0.792 0.125 0.125 0.125 2.0 0.167 0.970 0.040
0.0 1.0 0.0 0.0 0.0 0.0 0.0 0.0 0.0 0.0 0.792 0.125 0.125 0.125 1.0 0.121 0.970 0.040
0.0 0.0 0.0 0.0 0.0 1.0 0.0 0.0 0.0 1.0 0.854 0.000 0.000 0.000 2.0 0.076 1.000 0.040
0.0 0.0 1.0 0.0 0.0 0.0 0.0 0.0 0.0 0.0 0.833 0.083 0.083 0.083 3.0 0.242 1.000 0.040
0.0 0.0 1.0 0.0 0.0 0.0 0.0 0.0 1.0 0.0 0.833 0.104 0.104 0.104 3.0 0.212 1.000 0.040
0.0 0.0 1.0 0.0 0.0 0.0 0.0 0.0 1.0 0.0 0.833 0.104 0.104 0.104 3.0 0.212 1.000 0.040
0.0 0.0 1.0 0.0 0.0 0.0 0.0 0.0 1.0 0.0 0.833 0.083 0.083 0.083 3.0 0.212 1.000 0.040
0.0 0.0 1.0 0.0 0.0 0.0 0.0 0.0 0.0 0.0 0.833 0.083 0.083 0.083 3.0 0.242 1.000 0.040
0.0 0.0 0.0 1.0 0.0 0.0 0.0 0.0 0.0 0.0 0.833 0.083 0.083 0.083 2.0 0.167 0.970 0.040
0.0 0.0 0.0 1.0 0.0 0.0 0.0 0.0 0.0 0.0 0.812 0.104 0.104 0.104 2.0 0.167 0.970 0.040
0.0 0.0 1.0 0.0 0.0 0.0 0.0 0.0 1.0 0.0 0.833 0.167 0.167 0.167 3.0 0.212 1.000 0.040
0.0 0.0 0.0 1.0 0.0 0.0 0.0 0.0 0.0 0.0 0.854 0.062 0.062 0.062 2.0 0.182 0.970 0.040
0.0 0.0 0.0 1.0 0.0 0.0 0.0 0.0 0.0 0.0 0.833 0.083 0.083 0.083 2.0 0.182 0.970 0.040
0.0 0.0 0.0 1.0 0.0 0.0 0.0 0.0 0.0 0.0 0.854 0.062 0.062 0.062 2.0 0.167 1.000 0.040
0.0 0.0 0.0 1.0 0.0 0.0 0.0 0.0 0.0 0.0 0.854 0.083 0.083 0.083 2.0 0.152 1.000 0.040
0.0 0.0 0.0 1.0 0.0 0.0 0.0 0.0 0.0 0.0 0.854 0.083 0.083 0.083 2.0 0.152 1.000 0.040
0.0 0.0 0.0 1.0 0.0 0.0 0.0 0.0 0.0 0.0 0.854 0.062 0.062 0.062 2.0 0.152 1.000 0.040
0.0 0.0 0.0 1.0 0.0 0.0 0.0 0.0 0.0 0.0 0.854 0.062 0.062 0.062 2.0 0.167 1.000 0.040
0.0 1.0 0.0 0.0 0.0 0.0 0.0 0.0 0.0 0.0 0.854 0.062 0.062 0.062 1.0 0.136 1.000 0.040
0.0 1.0 0.0 0.0 0.0 0.0 0.0 0.0 0.0 0.0 0.854 0.083 0.083 0.083 1.0 0.121 1.000 0.040
0.0 1.0 0.0 0.0 0.0 0.0 0.0 0.0 0.0 0.0 0.854 0.083 0.083 0.083 1.0 0.121 1.000 0.040
0.0 1.0 0.0 0.0 0.0 0.0 0.0 0.0 0.0 0.0 0.854 0.062 0.062 0.062 1.0 0.121 1.000 0.040
0.0 1.0 0.0 0.0 0.0 0.0 0.0 0.0 0.0 0.0 0.854 0.062 0.062 0.062 1.0 0.136 1.000 0.040
0.0 1.0 0.0 0.0 0.0 0.0 0.0 0.0 0.0 0.0 0.854 0.146 0.146 0.146 1.0 0.121 1.000 0.040
0.0 1.0 0.0 0.0 0.0 0.0 0.0 0.0 0.0 0.0 0.875 0.125 0.125 0.125 1.0 0.106 1.000 0.040
0.0 0.0 0.0 1.0 0.0 0.0 0.0 0.0 0.0 0.0 0.854 0.146 0.146 0.146 2.0 0.136 1.000 0.040
0.0 0.0 0.0 1.0 0.0 0.0 0.0 0.0 0.0 0.0 0.875 0.042 0.042 0.042 2.0 0.152 1.000 0.040
0.0 0.0 0.0 1.0 0.0 0.0 0.0 0.0 0.0 0.0 0.875 0.062 0.062 0.062 2.0 0.152 1.000 0.040
0.0 0.0 0.0 1.0 0.0 0.0 0.0 0.0 0.0 0.0 0.875 0.062 0.062 0.062 2.0 0.136 1.000 0.040
0.0 0.0 0.0 1.0 0.0 0.0 0.0 0.0 0.0 0.0 0.875 0.042 0.042 0.042 2.0 0.136 1.000 0.040
0.0 0.0 0.0 1.0 0.0 0.0 0.0 0.0 0.0 0.0 0.875 0.042 0.042 0.042 2.0 0.136 1.000 0.040
0.0 0.0 0.0 1.0 0.0 0.0 0.0 0.0 0.0 0.0 0.875 0.042 0.042 0.042 2.0 0.136 0.970 0.040
0.0 1.0 0.0 0.0 0.0 0.0 0.0 0.0 0.0 0.0 0.875 0.042 0.042 0.042 1.0 0.121 0.970 0.040
0.0 0.0 0.0 1.0 0.0 0.0 0.0 0.0 0.0 0.0 0.854 0.062 0.062 0.062 2.0 0.136 0.970 0.040
0.0 1.0 0.0 0.0 0.0 0.0 0.0 0.0 0.0 0.0 0.854 0.062 0.062 0.062 1.0 0.121 0.970 0.040
0.0 0.0 0.0 1.0 0.0 0.0 0.0 0.0 0.0 0.0 0.875 0.125 0.125 0.125 2.0 0.152 1.000 0.040
0.0 0.0 0.0 1.0 0.0 0.0 0.0 0.0 0.0 0.0 0.896 0.021 0.021 0.021 2.0 0.136 1.000 0.040
0.0 0.0 0.0 1.0 0.0 0.0 0.0 0.0 0.0 0.0 0.896 0.042 0.042 0.042 2.0 0.152 1.000 0.040
0.0 1.0 0.0 0.0 0.0 0.0 0.0 0.0 0.0 0.0 0.917 0.021 0.021 0.021 1.0 0.091 1.000 0.040
0.0 0.0 1.0 0.0 0.0 0.0 0.0 0.0 0.0 0.0 0.896 0.042 0.042 0.042 2.0 0.136 1.000 0.040
0.0 0.0 0.0 1.0 0.0 0.0 0.0 0.0 0.0 0.0 0.896 0.021 0.021 0.021 2.0 0.136 1.000 0.040
0.0 0.0 0.0 1.0 0.0 0.0 0.0 0.0 0.0 0.0 0.896 0.021 0.021 0.021 2.0 0.136 1.000 0.040
0.0 0.0 0.0 1.0 0.0 0.0 0.0 0.0 0.0 0.0 0.896 0.021 0.021 0.021 2.0 0.136 0.970 0.040
0.0 1.0 0.0 0.0 0.0 0.0 0.0 0.0 0.0 0.0 0.896 0.021 0.021 0.021 1.0 0.091 0.970 0.040
0.0 0.0 0.0 1.0 0.0 0.0 0.0 0.0 0.0 0.0 0.875 0.042 0.042 0.042 2.0 0.136 0.970 0.040
0.0 1.0 0.0 0.0 0.0 0.0 0.0 0.0 0.0 0.0 0.917 0.083 0.083 0.083 1.0 0.136 1.000 0.040
0.0 0.0 0.0 1.0 0.0 0.0 0.0 0.0 0.0 0.0 0.896 0.104 0.104 0.104 2.0 0.136 1.000 0.040
0.0 0.0 1.0 0.0 0.0 0.0 0.0 0.0 0.0 1.0 0.917 0.000 0.000 0.000 2.0 0.091 1.000 0.040
0.0 1.0 0.0 0.0 0.0 0.0 0.0 0.0 0.0 1.0 0.938 0.000 0.000 0.000 1.0 0.061 1.000 0.040
0.0 0.0 0.0 1.0 0.0 0.0 0.0 0.0 0.0 0.0 0.917 0.021 0.021 0.021 2.0 0.121 1.000 0.040
0.0 0.0 1.0 0.0 0.0 0.0 0.0 0.0 0.0 1.0 0.938 0.000 0.000 0.000 2.0 0.091 1.000 0.040
0.0 0.0 1.0 0.0 0.0 0.0 0.0 0.0 0.0 1.0 0.917 0.000 0.000 0.000 2.0 0.091 1.000 0.040
0.0 0.0 1.0 0.0 0.0 0.0 0.0 0.0 0.0 1.0 0.917 0.000 0.000 0.000 2.0 0.106 1.000 0.040
0.0 0.0 0.0 1.0 0.0 0.0 0.0 0.0 0.0 1.0 0.917 0.000 0.000 0.000 2.0 0.106 0.970 0.040
0.0 0.0 0.0 1.0 0.0 0.0 0.0 0.0 0.0 1.0 0.917 0.000 0.000 0.000 2.0 0.091 0.970 0.040
0.0 0.0 0.0 1.0 0.0 0.0 0.0 0.0 0.0 0.0 0.938 0.062 0.062 0.062 2.0 0.136 1.000 0.040
0.0 1.0 0.0 0.0 0.0 0.0 0.0 0.0 0.0 0.0 0.938 0.062 0.062 0.062 1.0 0.106 1.000 0.040
0.0 0.0 0.0 1.0 0.0 0.0 0.0 0.0 0.0 0.0 0.958 0.042 0.042 0.042 2.0 0.152 1.000 0.040
0.0 0.0 0.0 1.0 0.0 0.0 0.0 0.0 0.0 0.0 0.979 0.021 0.021 0.021 2.0 0.136 1.000 0.040
0.0 0.0 1.0 0.0 0.0 0.0 0.0 0.0 0.0 1.0 1.000 0.000 0.000 0.000 2.0 0.106 1.000 0.040
