0.0 0.0 0.0 0.0 0.0 1.0 0.0 0.0 0.0 0.0 0.438 0.125 0.125 0.125 4.0 0.976 0.549 0.500
0.0 0.0 0.0 0.0 0.0 0.0 0.0 1.0 1.0 0.0 0.625 0.000 0.000 0.000 2.0 0.119 0.829 0.000
0.0 1.0 0.0 0.0 0.0 0.0 0.0 0.0 0.0 0.0 0.594 0.000 0.000 0.000 4.0 0.476 0.829 0.000
0.0 0.0 0.0 0.0 0.0 1.0 0.0 0.0 0.0 0.0 0.781 0.000 0.000 0.000 2.0 0.190 1.000 0.000
0.0 1.0 0.0 0.0 0.0 0.0 0.0 0.0 0.0 0.0 0.656 0.000 0.000 0.000 2.0 0.167 0.841 0.000
0.0 0.0 0.0 1.0 0.0 0.0 0.0 0.0 0.0 0.0 0.625 0.000 0.000 0.000 3.0 0.429 0.829 0.000
0.0 1.0 0.0 0.0 0.0 0.0 0.0 0.0 1.0 0.0 0.031 0.000 0.000 0.000 1.0 0.119 0.012 0.000
0.0 0.0 0.0 0.0 0.0 1.0 0.0 0.0 0.0 0.0 0.750 0.000 0.000 0.000 4.0 0.524 0.988 0.000
0.0 1.0 0.0 0.0 0.0 0.0 0.0 0.0 0.0 0.0 0.531 0.000 0.000 0.000 2.0 0.238 0.817 0.000
0.0 0.0 1.0 0.0 0.0 0.0 0.0 0.0 0.0 0.0 0.500 0.000 0.000 0.000 3.0 0.429 0.805 0.000
0.0 0.0 0.0 1.0 0.0 0.0 0.0 0.0 1.0 0.0 0.719 0.000 0.000 0.000 4.0 0.548 0.902 0.000
0.0 0.0 0.0 1.0 0.0 0.0 0.0 0.0 0.0 0.0 0.594 0.000 0.000 0.000 4.0 0.524 0.817 0.000
0.0 0.0 0.0 0.0 0.0 1.0 0.0 0.0 0.0 0.0 0.562 0.000 0.000 0.000 3.0 0.357 0.561 0.000
0.0 1.0 0.0 0.0 0.0 0.0 0.0 0.0 0.0 0.0 0.531 0.000 0.000 0.000 2.0 0.190 0.317 0.000
0.0 0.0 0.0 0.0 0.0 1.0 0.0 0.0 0.0 0.0 0.500 0.000 0.000 0.000 2.0 0.214 0.305 0.000
0.0 1.0 0.0 0.0 0.0 0.0 0.0 0.0 0.0 0.0 0.438 0.000 0.000 0.000 3.0 0.214 0.293 0.000
0.0 0.0 0.0 0.0 0.0 1.0 0.0 0.0 0.0 0.0 0.375 0.000 0.000 0.000 2.0 0.286 0.280 0.000
0.0 1.0 0.0 0.0 0.0 0.0 0.0 0.0 1.0 0.0 0.031 0.000 0.000 0.000 2.0 0.095 0.024 0.000
0.0 1.0 0.0 0.0 0.0 0.0 0.0 0.0 0.0 0.0 0.406 0.000 0.000 0.000 2.0 0.143 0.268 0.000
0.0 1.0 0.0 0.0 0.0 0.0 0.0 0.0 0.0 0.0 0.375 0.000 0.000 0.000 1.0 0.238 0.256 0.000
0.0 0.0 0.0 0.0 0.0 1.0 0.0 0.0 0.0 0.0 0.469 0.000 0.000 0.000 2.0 0.190 0.305 0.000
0.0 0.0 0.0 0.0 0.0 1.0 0.0 0.0 1.0 0.0 0.438 0.000 0.000 0.000 2.0 0.143 0.293 0.000
0.0 1.0 0.0 0.0 0.0 0.0 0.0 0.0 0.0 0.0 0.406 0.000 0.000 0.000 2.0 0.119 0.280 0.000
0.0 1.0 0.0 0.0 0.0 0.0 0.0 0.0 0.0 0.0 0.375 0.000 0.000 0.000 2.0 0.238 0.268 0.000
0.0 1.0 0.0 0.0 0.0 0.0 0.0 0.0 0.0 0.0 0.375 0.000 0.000 0.000 2.0 0.262 0.268 0.000
0.0 1.0 0.0 0.0 0.0 0.0 0.0 0.0 0.0 0.0 0.281 0.000 0.000 0.000 2.0 0.190 0.171 0.000
0.0 0.0 0.0 0.0 0.0 1.0 0.0 0.0 0.0 0.0 0.250 0.000 0.000 0.000 2.0 0.167 0.159 0.000
0.0 0.0 1.0 0.0 0.0 0.0 0.0 0.0 1.0 0.0 0.219 0.000 0.000 0.000 2.0 0.190 0.159 0.000
0.0 1.0 0.0 0.0 0.0 0.0 0.0 0.0 0.0 0.0 0.438 0.000 0.000 0.000 2.0 0.310 0.341 0.000
0.0 0.0 0.0 1.0 0.0 0.0 0.0 0.0 0.0 0.0 0.688 0.000 0.000 0.000 2.0 0.262 0.829 0.000
0.0 0.0 0.0 1.0 0.0 0.0 0.0 0.0 0.0 0.0 0.656 0.000 0.000 0.000 2.0 0.238 0.805 0.000
0.0 0.0 0.0 1.0 0.0 0.0 0.0 0.0 0.0 0.0 0.625 0.000 0.000 0.000 2.0 0.262 0.805 0.000
0.0 0.0 0.0 1.0 0.0 0.0 0.0 0.0 0.0 0.0 0.594 0.000 0.000 0.000 2.0 0.238 0.707 0.000
0.0 0.0 0.0 1.0 0.0 0.0 0.0 0.0 0.0 0.0 0.562 0.000 0.000 0.000 2.0 0.310 0.707 0.000
0.0 0.0 0.0 1.0 0.0 0.0 0.0 0.0 0.0 0.0 0.531 0.000 0.000 0.000 2.0 0.262 0.561 0.000
0.0 0.0 0.0 1.0 0.0 0.0 0.0 0.0 0.0 0.0 0.469 0.000 0.000 0.000 2.0 0.286 0.549 0.000
0.0 0.0 0.0 0.0 1.0 0.0 0.0 0.0 0.0 0.0 0.438 0.000 0.000 0.000 2.0 0.452 0.378 0.000
0.0 0.0 0.0 1.0 0.0 0.0 0.0 0.0 0.0 0.0 0.500 0.000 0.000 0.000 3.0 0.476 0.549 0.000
0.0 0.0 0.0 1.0 0.0 0.0 0.0 0.0 0.0 0.0 0.469 0.000 0.000 0.000 2.0 0.286 0.341 0.000
0.0 0.0 0.0 1.0 0.0 0.0 0.0 0.0 0.0 0.0 0.438 0.000 0.000 0.000 2.0 0.286 0.305 0.000
0.0 0.0 0.0 1.0 0.0 0.0 0.0 0.0 0.0 0.0 0.469 0.000 0.000 0.000 3.0 0.381 0.354 0.000
0.0 0.0 0.0 1.0 0.0 0.0 0.0 0.0 0.0 0.0 0.438 0.000 0.000 0.000 2.0 0.286 0.305 0.000
0.0 0.0 0.0 1.0 0.0 0.0 0.0 0.0 0.0 0.0 0.500 0.000 0.000 0.000 2.0 0.476 0.683 0.000
0.0 0.0 0.0 1.0 0.0 0.0 0.0 0.0 0.0 0.0 0.531 0.000 0.000 0.000 2.0 0.357 0.780 0.000
0.0 0.0 0.0 0.0 0.0 1.0 0.0 0.0 0.0 0.0 0.469 0.000 0.000 0.000 3.0 0.476 0.683 0.000
0.0 1.0 0.0 0.0 0.0 0.0 0.0 0.0 0.0 0.0 0.094 0.000 0.000 0.000 2.0 0.310 0.061 0.000
0.0 0.0 0.0 1.0 0.0 0.0 0.0 0.0 0.0 0.0 0.844 0.000 0.000 0.000 2.0 0.143 0.890 0.000
0.0 0.0 0.0 1.0 0.0 0.0 0.0 0.0 1.0 0.0 0.281 0.000 0.000 0.000 3.0 0.214 0.207 0.000
0.0 1.0 0.0 0.0 0.0 0.0 0.0 0.0 0.0 0.0 0.812 0.000 0.000 0.000 2.0 0.143 0.890 0.000
0.0 0.0 0.0 0.0 0.0 1.0 0.0 0.0 0.0 0.0 0.781 0.000 0.000 0.000 2.0 0.214 0.878 0.000
0.0 0.0 0.0 0.0 0.0 1.0 0.0 0.0 0.0 0.0 0.750 0.000 0.000 0.000 2.0 0.214 0.878 0.000
0.0 0.0 0.0 0.0 0.0 1.0 0.0 0.0 1.0 0.0 0.719 0.000 0.000 0.000 2.0 0.167 0.878 0.000
0.0 0.0 1.0 0.0 0.0 0.0 0.0 0.0 0.0 0.0 0.688 0.000 0.000 0.000 2.0 0.238 0.878 0.000
0.0 0.0 0.0 0.0 0.0 1.0 0.0 0.0 0.0 0.0 0.281 0.000 0.000 0.000 2.0 0.238 0.207 0.000
0.0 0.0 0.0 1.0 0.0 0.0 0.0 0.0 1.0 0.0 0.031 0.000 0.000 0.000 2.0 0.143 0.024 0.000
0.0 0.0 0.0 0.0 0.0 1.0 0.0 0.0 1.0 0.0 0.688 0.000 0.000 0.000 3.0 0.262 0.878 0.000
0.0 1.0 0.0 0.0 0.0 0.0 0.0 0.0 0.0 0.0 0.656 0.000 0.000 0.000 1.0 0.310 0.841 0.000
0.0 1.0 0.0 0.0 0.0 0.0 0.0 0.0 0.0 0.0 0.250 0.000 0.000 0.000 2.0 0.333 0.195 0.000
0.0 0.0 0.0 1.0 0.0 0.0 0.0 0.0 0.0 0.0 0.219 0.000 0.000 0.000 2.0 0.262 0.183 0.000
0.0 0.0 0.0 1.0 0.0 0.0 0.0 0.0 1.0 0.0 0.062 0.000 0.000 0.000 2.0 0.143 0.024 0.000
0.0 0.0 0.0 0.0 0.0 0.0 1.0 0.0 0.0 0.0 0.188 0.000 0.000 0.000 2.0 0.214 0.159 0.000
0.0 0.0 0.0 0.0 0.0 0.0 1.0 0.0 1.0 0.0 0.094 0.000 0.000 0.000 2.0 0.143 0.037 0.000
0.0 1.0 0.0 0.0 0.0 0.0 0.0 0.0 0.0 0.0 0.062 0.000 0.000 0.000 2.0 0.190 0.024 0.000
0.0 0.0 0.0 0.0 0.0 0.0 0.0 1.0 0.0 0.0 0.156 0.000 0.000 0.000 2.0 0.310 0.122 0.000
0.0 0.0 0.0 0.0 0.0 0.0 1.0 0.0 0.0 0.0 0.094 0.000 0.000 0.000 2.0 0.190 0.061 0.000
0.0 1.0 0.0 0.0 0.0 0.0 0.0 0.0 1.0 0.0 0.031 0.000 0.000 0.000 2.0 0.095 0.024 0.000
0.0 0.0 0.0 0.0 0.0 0.0 1.0 0.0 0.0 0.0 0.781 0.000 0.000 0.000 2.0 0.167 0.866 0.000
0.0 0.0 0.0 0.0 0.0 1.0 0.0 0.0 0.0 0.0 0.094 0.000 0.000 0.000 2.0 0.357 0.037 0.000
0.0 0.0 0.0 0.0 0.0 1.0 0.0 0.0 0.0 0.0 0.062 0.000 0.000 0.000 2.0 0.190 0.024 0.000
0.0 0.0 0.0 1.0 0.0 0.0 0.0 0.0 0.0 0.0 0.750 0.000 0.000 0.000 2.0 0.190 0.866 0.000
0.0 0.0 0.0 1.0 0.0 0.0 0.0 0.0 0.0 0.0 0.719 0.000 0.000 0.000 2.0 0.381 0.866 0.000
0.0 0.0 0.0 0.0 0.0 0.0 1.0 0.0 0.0 0.0 0.688 0.000 0.000 0.000 2.0 0.357 0.866 0.000
0.0 0.0 0.0 1.0 0.0 0.0 0.0 0.0 1.0 0.0 0.281 0.000 0.000 0.000 3.0 0.190 0.220 0.000
0.0 0.0 0.0 0.0 0.0 0.0 1.0 0.0 0.0 0.0 0.250 0.000 0.000 0.000 2.0 0.262 0.195 0.000
0.0 0.0 0.0 0.0 0.0 0.0 1.0 0.0 0.0 0.0 0.125 0.000 0.000 0.000 2.0 0.286 0.085 0.000
0.0 1.0 0.0 0.0 0.0 0.0 0.0 0.0 0.0 0.0 0.219 0.000 0.000 0.000 2.0 0.190 0.110 0.000
0.0 0.0 0.0 0.0 0.0 1.0 0.0 0.0 0.0 0.0 0.844 0.000 0.000 0.000 2.0 0.262 0.890 0.000
0.0 0.0 0.0 0.0 0.0 0.0 1.0 0.0 0.0 0.0 0.812 0.000 0.000 0.000 2.0 0.214 0.890 0.000
0.0 0.0 0.0 1.0 0.0 0.0 0.0 0.0 1.0 0.0 0.781 0.000 0.000 0.000 2.0 0.238 0.890 0.000
0.0 0.0 0.0 0.0 0.0 1.0 0.0 0.0 0.0 0.0 0.844 0.000 0.000 0.000 2.0 0.262 0.902 0.000
0.0 0.0 0.0 0.0 0.0 0.0 1.0 0.0 0.0 0.0 0.812 0.000 0.000 0.000 2.0 0.214 0.902 0.000
0.0 1.0 0.0 0.0 0.0 0.0 0.0 0.0 1.0 0.0 0.781 0.000 0.000 0.000 3.0 0.238 0.902 0.000
0.0 0.0 0.0 0.0 0.0 1.0 0.0 0.0 0.0 0.0 0.812 0.000 0.000 0.000 2.0 0.262 0.902 0.000
0.0 0.0 0.0 0.0 0.0 0.0 1.0 0.0 0.0 0.0 0.781 0.000 0.000 0.000 2.0 0.238 0.902 0.000
0.0 1.0 0.0 0.0 0.0 0.0 0.0 0.0 0.0 0.0 0.750 0.000 0.000 0.000 3.0 0.214 0.902 0.000
0.0 0.0 0.0 0.0 0.0 0.0 1.0 0.0 1.0 0.0 0.625 0.000 0.000 0.000 2.0 0.143 0.805 0.000
0.0 0.0 0.0 0.0 0.0 1.0 0.0 0.0 0.0 0.0 1.000 0.000 0.000 0.000 2.0 0.262 0.915 0.000
0.0 0.0 0.0 0.0 0.0 1.0 0.0 0.0 0.0 0.0 0.969 0.000 0.000 0.000 2.0 0.190 0.915 0.000
0.0 1.0 0.0 0.0 0.0 0.0 0.0 0.0 0.0 0.0 0.938 0.000 0.000 0.000 2.0 0.167 0.915 0.000
0.0 0.0 0.0 1.0 0.0 0.0 0.0 0.0 0.0 0.0 0.906 0.000 0.000 0.000 2.0 0.214 0.902 0.000
0.0 1.0 0.0 0.0 0.0 0.0 0.0 0.0 0.0 0.0 0.875 0.000 0.000 0.000 2.0 0.190 0.902 0.000
0.0 0.0 0.0 0.0 0.0 1.0 0.0 0.0 0.0 0.0 0.875 0.000 0.000 0.000 2.0 0.286 0.890 0.000
0.0 0.0 0.0 0.0 0.0 0.0 0.0 1.0 0.0 0.0 0.844 0.000 0.000 0.000 2.0 0.286 0.890 0.000
0.0 0.0 0.0 0.0 0.0 0.0 1.0 0.0 0.0 0.0 0.281 0.000 0.000 0.000 2.0 0.286 0.146 0.000
0.0 0.0 0.0 0.0 0.0 0.0 0.0 1.0 0.0 0.0 0.812 0.000 0.000 0.000 2.0 0.238 0.890 0.000
0.0 0.0 0.0 1.0 0.0 0.0 0.0 0.0 1.0 0.0 0.781 0.000 0.000 0.000 2.0 0.238 0.890 0.000
0.0 0.0 0.0 0.0 0.0 1.0 0.0 0.0 0.0 0.0 0.875 0.000 0.000 0.000 2.0 0.262 0.915 0.000
0.0 0.0 0.0 0.0 0.0 0.0 0.0 1.0 0.0 0.0 0.844 0.000 0.000 0.000 2.0 0.238 0.915 0.000
0.0 0.0 0.0 0.0 0.0 0.0 1.0 0.0 0.0 0.0 0.812 0.000 0.000 0.000 2.0 0.214 0.915 0.000
0.0 0.0 0.0 0.0 0.0 1.0 0.0 0.0 0.0 0.0 0.219 0.000 0.000 0.000 2.0 0.214 0.122 0.000
0.0 1.0 0.0 0.0 0.0 0.0 0.0 0.0 0.0 0.0 0.188 0.000 0.000 0.000 2.0 0.167 0.122 0.000
0.0 0.0 0.0 1.0 0.0 0.0 0.0 0.0 0.0 0.0 0.156 0.000 0.000 0.000 2.0 0.262 0.110 0.000
0.0 0.0 0.0 0.0 0.0 1.0 0.0 0.0 0.0 0.0 0.156 0.000 0.000 0.000 2.0 0.286 0.110 0.000
0.0 1.0 0.0 0.0 0.0 0.0 0.0 0.0 0.0 0.0 0.094 0.000 0.000 0.000 2.0 0.214 0.049 0.000
0.0 0.0 0.0 1.0 0.0 0.0 0.0 0.0 1.0 0.0 0.781 0.000 0.000 0.000 2.0 0.238 0.890 0.000
0.0 0.0 0.0 0.0 0.0 1.0 0.0 0.0 0.0 0.0 0.844 0.000 0.000 0.000 2.0 0.262 0.890 0.000
0.0 0.0 0.0 0.0 0.0 0.0 1.0 0.0 0.0 0.0 0.812 0.000 0.000 0.000 2.0 0.214 0.890 0.000
0.0 0.0 0.0 1.0 0.0 0.0 0.0 0.0 1.0 0.0 0.781 0.000 0.000 0.000 2.0 0.238 0.890 0.000
0.0 1.0 0.0 0.0 0.0 0.0 0.0 0.0 0.0 0.0 0.750 0.000 0.000 0.000 1.0 0.333 0.890 0.000
0.0 0.0 0.0 1.0 0.0 0.0 0.0 0.0 1.0 0.0 0.719 0.000 0.000 0.000 2.0 0.310 0.890 0.000
0.0 0.0 0.0 0.0 1.0 0.0 0.0 0.0 0.0 0.0 0.688 0.000 0.000 0.000 2.0 0.405 0.890 0.000
0.0 0.0 0.0 1.0 0.0 0.0 0.0 0.0 0.0 0.0 0.656 0.000 0.000 0.000 4.0 0.595 0.854 0.000
0.0 0.0 0.0 0.0 0.0 1.0 0.0 0.0 0.0 0.0 0.625 0.000 0.000 0.000 4.0 0.524 0.817 0.000
0.0 1.0 0.0 0.0 0.0 0.0 0.0 0.0 0.0 0.0 0.531 0.000 0.000 0.000 1.0 0.286 0.805 0.000
0.0 0.0 1.0 0.0 0.0 0.0 0.0 0.0 0.0 0.0 0.594 0.000 0.000 0.000 3.0 0.690 0.805 0.000
0.0 1.0 0.0 0.0 0.0 0.0 0.0 0.0 0.0 0.0 0.594 0.000 0.000 0.000 1.0 0.262 0.805 0.000
0.0 0.0 0.0 0.0 0.0 1.0 0.0 0.0 0.0 0.0 0.625 0.000 0.000 0.000 2.0 0.429 0.829 0.000
0.0 0.0 0.0 0.0 0.0 1.0 0.0 0.0 0.0 0.0 0.562 0.000 0.000 0.000 3.0 0.333 0.829 0.000
0.0 1.0 0.0 0.0 0.0 0.0 0.0 0.0 0.0 0.0 0.500 0.000 0.000 0.000 2.0 0.190 0.561 0.000
0.0 0.0 0.0 1.0 0.0 0.0 0.0 0.0 0.0 0.0 0.562 0.000 0.000 0.000 3.0 0.548 0.817 0.000
0.0 1.0 0.0 0.0 0.0 0.0 0.0 0.0 0.0 0.0 0.469 0.000 0.000 0.000 2.0 0.357 0.561 0.000
0.0 1.0 0.0 0.0 0.0 0.0 0.0 0.0 0.0 0.0 0.562 0.000 0.000 0.000 2.0 0.333 0.817 0.000
0.0 0.0 0.0 1.0 0.0 0.0 0.0 0.0 0.0 0.0 0.625 0.000 0.000 0.000 4.0 0.619 0.841 0.000
0.0 0.0 0.0 0.0 0.0 1.0 0.0 0.0 0.0 0.0 0.594 0.000 0.000 0.000 4.0 0.500 0.829 0.000
0.0 1.0 0.0 0.0 0.0 0.0 0.0 0.0 0.0 0.0 0.562 0.000 0.000 0.000 1.0 0.310 0.805 0.000
0.0 0.0 0.0 0.0 0.0 1.0 0.0 0.0 0.0 0.0 0.562 0.000 0.000 0.000 2.0 0.476 0.829 0.000
0.0 1.0 0.0 0.0 0.0 0.0 0.0 0.0 0.0 0.0 0.562 0.000 0.000 0.000 2.0 0.310 0.829 0.000
0.0 0.0 0.0 0.0 0.0 1.0 0.0 0.0 1.0 0.0 0.062 0.000 0.000 0.000 2.0 0.524 0.024 0.000
0.0 0.0 0.0 1.0 0.0 0.0 0.0 0.0 0.0 0.0 0.656 0.000 0.000 0.000 2.0 0.143 0.829 0.000
0.0 0.0 0.0 1.0 0.0 0.0 0.0 0.0 0.0 0.0 0.594 0.000 0.000 0.000 2.0 0.214 0.817 0.000
0.0 1.0 0.0 0.0 0.0 0.0 0.0 0.0 0.0 0.0 0.625 0.000 0.000 0.000 2.0 0.143 0.829 0.000
0.0 0.0 0.0 0.0 0.0 1.0 0.0 0.0 0.0 0.0 0.594 0.000 0.000 0.000 2.0 0.214 0.817 0.000
0.0 1.0 0.0 0.0 0.0 0.0 0.0 0.0 0.0 0.0 0.562 0.000 0.000 0.000 1.0 0.262 0.817 0.000
0.0 0.0 0.0 1.0 0.0 0.0 0.0 0.0 0.0 0.0 0.531 0.000 0.000 0.000 3.0 0.762 0.817 0.000
0.0 0.0 0.0 0.0 0.0 0.0 1.0 0.0 1.0 0.0 0.562 0.000 0.000 0.000 2.0 0.167 0.829 0.000
0.0 0.0 1.0 0.0 0.0 0.0 0.0 0.0 0.0 0.0 0.531 0.000 0.000 0.000 4.0 0.643 0.829 0.000
0.0 0.0 1.0 0.0 0.0 0.0 0.0 0.0 0.0 0.0 0.500 0.000 0.000 0.000 4.0 0.690 0.585 0.000
0.0 0.0 0.0 0.0 0.0 0.0 1.0 0.0 1.0 0.0 0.562 0.000 0.000 0.000 2.0 0.143 0.817 0.000
0.0 0.0 1.0 0.0 0.0 0.0 0.0 0.0 0.0 0.0 0.531 0.000 0.000 0.000 3.0 0.619 0.817 0.000
0.0 0.0 0.0 0.0 0.0 0.0 0.0 1.0 0.0 1.0 0.562 0.000 0.000 0.000 2.0 0.262 0.817 0.500
0.0 0.0 1.0 0.0 0.0 0.0 0.0 0.0 0.0 0.0 0.531 0.031 0.031 0.031 3.0 0.643 0.817 0.500
0.0 0.0 0.0 0.0 0.0 0.0 1.0 0.0 1.0 0.0 0.562 0.000 0.000 0.000 2.0 0.143 0.829 0.000
0.0 0.0 1.0 0.0 0.0 0.0 0.0 0.0 0.0 0.0 0.531 0.000 0.000 0.000 3.0 0.595 0.829 0.000
0.0 0.0 0.0 0.0 0.0 0.0 1.0 0.0 1.0 0.0 0.562 0.000 0.000 0.000 2.0 0.143 0.817 0.000
0.0 0.0 1.0 0.0 0.0 0.0 0.0 0.0 0.0 0.0 0.531 0.000 0.000 0.000 3.0 0.643 0.817 0.000
0.0 0.0 1.0 0.0 0.0 0.0 0.0 0.0 0.0 0.0 0.500 0.062 0.062 0.062 4.0 0.833 0.585 0.500
0.0 1.0 0.0 0.0 0.0 0.0 0.0 0.0 0.0 0.0 0.469 0.094 0.094 0.094 1.0 0.381 0.317 0.500
0.0 1.0 0.0 0.0 0.0 0.0 0.0 0.0 0.0 0.0 0.438 0.125 0.125 0.125 2.0 0.262 0.317 0.500
0.0 0.0 0.0 1.0 0.0 0.0 0.0 0.0 0.0 0.0 0.406 0.156 0.156 0.156 2.0 0.286 0.305 0.500
0.0 0.0 0.0 0.0 0.0 0.0 0.0 1.0 0.0 0.0 0.531 0.000 0.000 0.000 2.0 0.214 0.817 0.000
0.0 0.0 1.0 0.0 0.0 0.0 0.0 0.0 0.0 0.0 0.500 0.000 0.000 0.000 4.0 0.786 0.817 0.000
0.0 0.0 0.0 0.0 0.0 0.0 1.0 0.0 1.0 1.0 0.562 0.000 0.000 0.000 2.0 0.119 0.805 0.500
0.0 0.0 0.0 0.0 0.0 1.0 0.0 0.0 0.0 0.0 0.531 0.031 0.031 0.031 3.0 0.286 0.805 0.500
0.0 1.0 0.0 0.0 0.0 0.0 0.0 0.0 0.0 0.0 0.375 0.188 0.188 0.188 1.0 0.452 0.366 0.500
0.0 1.0 0.0 0.0 0.0 0.0 0.0 0.0 0.0 0.0 0.469 0.094 0.094 0.094 1.0 0.405 0.549 0.500
0.0 0.0 0.0 1.0 0.0 0.0 0.0 0.0 0.0 0.0 0.625 0.000 0.000 0.000 2.0 0.119 0.817 0.000
0.0 0.0 0.0 1.0 0.0 0.0 0.0 0.0 1.0 0.0 0.562 0.000 0.000 0.000 2.0 0.238 0.805 0.000
0.0 1.0 0.0 0.0 0.0 0.0 0.0 0.0 0.0 0.0 0.594 0.000 0.000 0.000 2.0 0.119 0.817 0.000
0.0 0.0 0.0 0.0 0.0 1.0 0.0 0.0 1.0 0.0 0.562 0.000 0.000 0.000 2.0 0.238 0.805 0.000
0.0 0.0 0.0 1.0 0.0 0.0 0.0 0.0 0.0 0.0 0.531 0.000 0.000 0.000 4.0 0.810 0.805 0.000
0.0 0.0 0.0 1.0 0.0 0.0 0.0 0.0 0.0 0.0 0.094 0.469 0.469 0.469 2.0 0.786 0.073 0.500
0.0 0.0 0.0 1.0 0.0 0.0 0.0 0.0 1.0 0.0 0.062 0.500 0.500 0.500 4.0 0.262 0.061 0.500
0.0 1.0 0.0 0.0 0.0 0.0 0.0 0.0 1.0 0.0 0.031 0.531 0.531 0.531 1.0 0.143 0.012 0.500
0.0 0.0 0.0 0.0 0.0 0.0 1.0 0.0 0.0 0.0 0.625 0.000 0.000 0.000 2.0 0.214 0.829 0.000
0.0 1.0 0.0 0.0 0.0 0.0 0.0 0.0 0.0 0.0 0.062 0.000 0.000 0.000 2.0 0.167 0.024 0.000
0.0 0.0 1.0 0.0 0.0 0.0 0.0 0.0 0.0 0.0 0.594 0.000 0.000 0.000 4.0 0.643 0.817 0.000
0.0 1.0 0.0 0.0 0.0 0.0 0.0 0.0 0.0 0.0 0.562 0.000 0.000 0.000 1.0 0.452 0.439 0.000
0.0 0.0 0.0 1.0 0.0 0.0 0.0 0.0 0.0 0.0 0.531 0.000 0.000 0.000 2.0 0.452 0.439 0.000
0.0 0.0 0.0 0.0 0.0 1.0 0.0 0.0 0.0 0.0 0.500 0.000 0.000 0.000 2.0 0.381 0.415 0.000
0.0 0.0 0.0 0.0 0.0 0.0 0.0 1.0 1.0 0.0 0.531 0.000 0.000 0.000 2.0 0.167 0.805 0.000
0.0 0.0 0.0 1.0 0.0 0.0 0.0 0.0 0.0 0.0 0.500 0.000 0.000 0.000 4.0 0.714 0.805 0.000
0.0 0.0 0.0 0.0 0.0 1.0 0.0 0.0 0.0 0.0 0.469 0.094 0.094 0.094 2.0 0.714 0.415 0.500
0.0 0.0 0.0 0.0 0.0 0.0 0.0 1.0 1.0 0.0 0.625 0.000 0.000 0.000 2.0 0.071 0.829 0.000
0.0 1.0 0.0 0.0 0.0 0.0 0.0 0.0 0.0 0.0 0.594 0.000 0.000 0.000 2.0 0.167 0.829 0.000
0.0 0.0 1.0 0.0 0.0 0.0 0.0 0.0 0.0 0.0 0.562 0.000 0.000 0.000 3.0 0.595 0.817 0.000
0.0 1.0 0.0 0.0 0.0 0.0 0.0 0.0 0.0 0.0 0.406 0.000 0.000 0.000 1.0 0.643 0.378 0.000
0.0 0.0 0.0 1.0 0.0 0.0 0.0 0.0 0.0 0.0 0.375 0.000 0.000 0.000 2.0 0.452 0.378 0.000
0.0 1.0 0.0 0.0 0.0 0.0 0.0 0.0 0.0 0.0 0.312 0.000 0.000 0.000 2.0 0.524 0.183 0.000
0.0 0.0 0.0 0.0 0.0 0.0 0.0 1.0 1.0 0.0 0.594 0.000 0.000 0.000 2.0 0.143 0.805 0.000
0.0 0.0 0.0 1.0 0.0 0.0 0.0 0.0 0.0 0.0 0.562 0.000 0.000 0.000 3.0 0.548 0.805 0.000
0.0 1.0 0.0 0.0 0.0 0.0 0.0 0.0 0.0 0.0 0.531 0.000 0.000 0.000 1.0 0.429 0.439 0.000
0.0 0.0 0.0 1.0 0.0 0.0 0.0 0.0 0.0 0.0 0.500 0.062 0.062 0.062 2.0 0.524 0.439 0.500
0.0 0.0 0.0 0.0 0.0 1.0 0.0 0.0 0.0 0.0 0.469 0.094 0.094 0.094 2.0 0.762 0.415 0.500
0.0 0.0 0.0 0.0 0.0 1.0 0.0 0.0 0.0 0.0 0.375 0.000 0.000 0.000 2.0 1.000 0.366 0.000
0.0 1.0 0.0 0.0 0.0 0.0 0.0 0.0 0.0 0.0 0.344 0.000 0.000 0.000 1.0 0.619 0.244 0.000
0.0 0.0 0.0 0.0 0.0 1.0 0.0 0.0 0.0 0.0 0.469 0.000 0.000 0.000 2.0 0.952 0.549 0.000
0.0 1.0 0.0 0.0 0.0 0.0 0.0 0.0 0.0 0.0 0.438 0.000 0.000 0.000 1.0 0.548 0.341 0.000
0.0 0.0 0.0 0.0 0.0 1.0 0.0 0.0 0.0 0.0 0.406 0.000 0.000 0.000 3.0 0.452 0.341 0.000
0.0 0.0 0.0 0.0 0.0 0.0 1.0 0.0 1.0 0.0 0.562 0.000 0.000 0.000 2.0 0.167 0.805 0.000
0.0 0.0 1.0 0.0 0.0 0.0 0.0 0.0 0.0 0.0 0.531 0.000 0.000 0.000 4.0 0.810 0.805 0.000
0.0 0.0 0.0 1.0 0.0 0.0 0.0 0.0 0.0 0.0 0.094 0.469 0.469 0.469 2.0 0.643 0.073 0.500
0.0 0.0 0.0 1.0 0.0 0.0 0.0 0.0 1.0 0.0 0.062 0.500 0.500 0.500 4.0 0.262 0.061 0.500
0.0 1.0 0.0 0.0 0.0 0.0 0.0 0.0 1.0 0.0 0.031 0.531 0.531 0.531 1.0 0.167 0.012 0.500
0.0 0.0 0.0 1.0 0.0 0.0 0.0 0.0 1.0 0.0 0.062 0.500 0.500 0.500 3.0 0.619 0.049 1.000
0.0 0.0 0.0 1.0 0.0 0.0 0.0 0.0 1.0 0.0 0.031 0.531 0.531 0.531 2.0 0.238 0.024 1.000
0.0 1.0 0.0 0.0 0.0 0.0 0.0 0.0 0.0 0.0 0.156 0.406 0.406 0.406 1.0 0.500 0.049 0.500
0.0 1.0 0.0 0.0 0.0 0.0 0.0 0.0 0.0 0.0 0.125 0.438 0.438 0.438 2.0 0.310 0.049 1.000
0.0 0.0 0.0 1.0 0.0 0.0 0.0 0.0 1.0 0.0 0.094 0.469 0.469 0.469 2.0 0.190 0.037 1.000
0.0 1.0 0.0 0.0 0.0 0.0 0.0 0.0 0.0 0.0 0.125 0.438 0.438 0.438 1.0 0.548 0.049 0.500
0.0 1.0 0.0 0.0 0.0 0.0 0.0 0.0 0.0 0.0 0.094 0.469 0.469 0.469 2.0 0.548 0.049 1.000
0.0 0.0 0.0 1.0 0.0 0.0 0.0 0.0 1.0 0.0 0.062 0.500 0.500 0.500 2.0 0.190 0.037 1.000
0.0 1.0 0.0 0.0 0.0 0.0 0.0 0.0 0.0 0.0 0.406 0.156 0.156 0.156 1.0 0.881 0.329 1.000
0.0 0.0 0.0 0.0 0.0 0.0 0.0 1.0 0.0 0.0 0.375 0.188 0.188 0.188 2.0 0.548 0.329 1.000
0.0 0.0 1.0 0.0 0.0 0.0 0.0 0.0 1.0 0.0 0.062 0.500 0.500 0.500 2.0 0.190 0.037 1.000
0.0 0.0 0.0 0.0 1.0 0.0 0.0 0.0 1.0 0.0 0.031 0.531 0.531 0.531 2.0 0.119 0.024 1.000
0.0 0.0 0.0 1.0 0.0 0.0 0.0 0.0 0.0 0.0 0.344 0.219 0.219 0.219 2.0 0.381 0.305 1.000
0.0 0.0 0.0 0.0 0.0 0.0 1.0 0.0 0.0 0.0 0.312 0.250 0.250 0.250 2.0 0.310 0.293 1.000
0.0 0.0 0.0 0.0 0.0 0.0 0.0 1.0 0.0 0.0 0.188 0.375 0.375 0.375 2.0 0.286 0.146 1.000
0.0 0.0 0.0 0.0 0.0 0.0 0.0 1.0 0.0 0.0 0.156 0.406 0.406 0.406 2.0 0.214 0.098 1.000
0.0 1.0 0.0 0.0 0.0 0.0 0.0 0.0 0.0 0.0 0.125 0.438 0.438 0.438 2.0 0.167 0.049 1.000
0.0 1.0 0.0 0.0 0.0 0.0 0.0 0.0 0.0 0.0 0.094 0.469 0.469 0.469 2.0 0.190 0.037 1.000
0.0 0.0 0.0 0.0 0.0 0.0 0.0 1.0 1.0 0.0 0.062 0.500 0.500 0.500 2.0 0.190 0.024 1.000
0.0 0.0 0.0 0.0 0.0 0.0 1.0 0.0 0.0 0.0 0.062 0.500 0.500 0.500 2.0 0.238 0.049 1.000
0.0 1.0 0.0 0.0 0.0 0.0 0.0 0.0 1.0 0.0 0.031 0.531 0.531 0.531 2.0 0.119 0.024 1.000
0.0 0.0 0.0 0.0 0.0 0.0 1.0 0.0 0.0 0.0 0.281 0.281 0.281 0.281 2.0 0.214 0.146 1.000
0.0 0.0 0.0 0.0 0.0 1.0 0.0 0.0 1.0 0.0 0.062 0.500 0.500 0.500 2.0 0.143 0.024 1.000
0.0 1.0 0.0 0.0 0.0 0.0 0.0 0.0 1.0 0.0 0.031 0.531 0.531 0.531 1.0 0.143 0.012 1.000
0.0 0.0 0.0 0.0 0.0 0.0 0.0 1.0 1.0 0.0 0.250 0.312 0.312 0.312 2.0 0.143 0.122 1.000
0.0 1.0 0.0 0.0 0.0 0.0 0.0 0.0 0.0 0.0 0.219 0.344 0.344 0.344 2.0 0.143 0.110 1.000
0.0 1.0 0.0 0.0 0.0 0.0 0.0 0.0 0.0 0.0 0.188 0.375 0.375 0.375 2.0 0.190 0.098 1.000
0.0 0.0 0.0 1.0 0.0 0.0 0.0 0.0 0.0 0.0 0.156 0.406 0.406 0.406 2.0 0.214 0.085 1.000
0.0 0.0 0.0 1.0 0.0 0.0 0.0 0.0 0.0 0.0 0.094 0.469 0.469 0.469 2.0 0.214 0.073 1.000
0.0 1.0 0.0 0.0 0.0 0.0 0.0 0.0 0.0 0.0 0.125 0.438 0.438 0.438 2.0 0.167 0.085 1.000
0.0 0.0 0.0 0.0 0.0 1.0 0.0 0.0 0.0 0.0 0.094 0.469 0.469 0.469 2.0 0.190 0.073 1.000
0.0 0.0 0.0 0.0 0.0 0.0 1.0 0.0 0.0 0.0 0.062 0.500 0.500 0.500 2.0 0.238 0.049 1.000
0.0 1.0 0.0 0.0 0.0 0.0 0.0 0.0 1.0 0.0 0.031 0.531 0.531 0.531 2.0 0.119 0.024 1.000
0.0 1.0 0.0 0.0 0.0 0.0 0.0 0.0 1.0 0.0 0.031 0.531 0.531 0.531 2.0 0.143 0.024 1.000
0.0 1.0 0.0 0.0 0.0 0.0 0.0 0.0 0.0 0.0 0.406 0.156 0.156 0.156 1.0 0.476 0.268 0.500
0.0 0.0 0.0 0.0 0.0 0.0 0.0 1.0 1.0 0.0 0.375 0.188 0.188 0.188 2.0 0.381 0.268 1.000
0.0 0.0 0.0 1.0 0.0 0.0 0.0 0.0 0.0 0.0 0.344 0.219 0.219 0.219 2.0 0.333 0.256 1.000
0.0 0.0 0.0 0.0 0.0 0.0 0.0 1.0 0.0 0.0 0.312 0.250 0.250 0.250 2.0 0.190 0.244 1.000
0.0 1.0 0.0 0.0 0.0 0.0 0.0 0.0 0.0 0.0 0.281 0.281 0.281 0.281 1.0 0.190 0.134 1.000
0.0 0.0 0.0 0.0 0.0 0.0 0.0 1.0 0.0 0.0 0.250 0.312 0.312 0.312 2.0 0.262 0.134 1.000
0.0 0.0 0.0 0.0 0.0 0.0 1.0 0.0 0.0 0.0 0.094 0.469 0.469 0.469 2.0 0.214 0.049 1.000
0.0 0.0 1.0 0.0 0.0 0.0 0.0 0.0 1.0 0.0 0.062 0.500 0.500 0.500 2.0 0.310 0.024 1.000
0.0 0.0 0.0 0.0 0.0 0.0 1.0 0.0 1.0 0.0 0.219 0.344 0.344 0.344 2.0 0.238 0.085 1.000
0.0 1.0 0.0 0.0 0.0 0.0 0.0 0.0 0.0 0.0 0.188 0.375 0.375 0.375 2.0 0.167 0.110 1.000
0.0 0.0 0.0 0.0 0.0 0.0 1.0 0.0 0.0 0.0 0.156 0.406 0.406 0.406 2.0 0.286 0.098 1.000
0.0 0.0 0.0 0.0 0.0 0.0 1.0 0.0 0.0 0.0 0.125 0.438 0.438 0.438 2.0 0.381 0.061 1.000
0.0 1.0 0.0 0.0 0.0 0.0 0.0 0.0 0.0 0.0 0.062 0.500 0.500 0.500 2.0 0.214 0.024 1.000
0.0 1.0 0.0 0.0 0.0 0.0 0.0 0.0 1.0 0.0 0.031 0.531 0.531 0.531 1.0 0.119 0.012 1.000
0.0 1.0 0.0 0.0 0.0 0.0 0.0 0.0 0.0 0.0 0.094 0.469 0.469 0.469 2.0 0.238 0.037 1.000
0.0 0.0 0.0 0.0 0.0 0.0 1.0 0.0 1.0 0.0 0.062 0.500 0.500 0.500 2.0 0.214 0.037 1.000
0.0 0.0 0.0 0.0 0.0 0.0 1.0 0.0 1.0 0.0 0.031 0.531 0.531 0.531 2.0 0.190 0.024 1.000
0.0 0.0 0.0 0.0 0.0 1.0 0.0 0.0 0.0 0.0 0.500 0.000 0.000 0.000 2.0 0.667 0.415 0.000
0.0 1.0 0.0 0.0 0.0 0.0 0.0 0.0 0.0 0.0 0.344 0.219 0.219 0.219 1.0 0.571 0.195 0.500
0.0 0.0 0.0 0.0 0.0 0.0 0.0 1.0 0.0 0.0 0.312 0.250 0.250 0.250 2.0 0.476 0.195 1.000
0.0 0.0 1.0 0.0 0.0 0.0 0.0 0.0 1.0 0.0 0.094 0.469 0.469 0.469 2.0 0.214 0.037 1.000
0.0 0.0 0.0 1.0 0.0 0.0 0.0 0.0 1.0 0.0 0.062 0.500 0.500 0.500 2.0 0.262 0.024 1.000
0.0 1.0 0.0 0.0 0.0 0.0 0.0 0.0 0.0 0.0 0.281 0.281 0.281 0.281 2.0 0.214 0.183 1.000
0.0 0.0 0.0 1.0 0.0 0.0 0.0 0.0 0.0 0.0 0.250 0.312 0.312 0.312 2.0 0.310 0.171 1.000
0.0 0.0 0.0 0.0 0.0 0.0 0.0 1.0 0.0 0.0 0.219 0.344 0.344 0.344 2.0 0.286 0.159 1.000
0.0 1.0 0.0 0.0 0.0 0.0 0.0 0.0 0.0 0.0 0.188 0.375 0.375 0.375 2.0 0.190 0.098 1.000
0.0 0.0 0.0 0.0 0.0 0.0 1.0 0.0 0.0 0.0 0.156 0.406 0.406 0.406 2.0 0.143 0.085 1.000
0.0 0.0 0.0 0.0 0.0 0.0 0.0 1.0 1.0 0.0 0.125 0.438 0.438 0.438 2.0 0.214 0.061 1.000
0.0 0.0 0.0 0.0 0.0 0.0 0.0 1.0 1.0 0.0 0.031 0.531 0.531 0.531 2.0 0.095 0.024 1.000
0.0 0.0 0.0 1.0 0.0 0.0 0.0 0.0 0.0 0.0 0.156 0.406 0.406 0.406 2.0 0.238 0.061 1.000
0.0 0.0 0.0 1.0 0.0 0.0 0.0 0.0 0.0 0.0 0.094 0.469 0.469 0.469 2.0 0.262 0.049 1.000
0.0 1.0 0.0 0.0 0.0 0.0 0.0 0.0 0.0 0.0 0.125 0.438 0.438 0.438 2.0 0.167 0.061 1.000
0.0 0.0 0.0 0.0 0.0 1.0 0.0 0.0 0.0 0.0 0.094 0.469 0.469 0.469 2.0 0.238 0.049 1.000
0.0 0.0 0.0 1.0 0.0 0.0 0.0 0.0 1.0 0.0 0.062 0.500 0.500 0.500 3.0 0.357 0.037 1.000
0.0 1.0 0.0 0.0 0.0 0.0 0.0 0.0 0.0 0.0 0.469 0.000 0.000 0.000 1.0 0.357 0.293 0.000
0.0 0.0 0.0 0.0 0.0 0.0 1.0 0.0 1.0 0.0 0.438 0.125 0.125 0.125 2.0 0.452 0.293 1.000
0.0 1.0 0.0 0.0 0.0 0.0 0.0 0.0 0.0 0.0 0.406 0.156 0.156 0.156 2.0 0.167 0.280 1.000
0.0 1.0 0.0 0.0 0.0 0.0 0.0 0.0 0.0 0.0 0.375 0.188 0.188 0.188 2.0 0.238 0.268 1.000
0.0 0.0 0.0 1.0 0.0 0.0 0.0 0.0 0.0 0.0 0.344 0.219 0.219 0.219 2.0 0.500 0.256 1.000
0.0 0.0 0.0 0.0 0.0 0.0 1.0 0.0 0.0 0.0 0.312 0.250 0.250 0.250 2.0 0.333 0.244 1.000
0.0 0.0 0.0 0.0 0.0 0.0 1.0 0.0 0.0 0.0 0.188 0.375 0.375 0.375 2.0 0.214 0.085 1.000
0.0 1.0 0.0 0.0 0.0 0.0 0.0 0.0 0.0 0.0 0.156 0.406 0.406 0.406 2.0 0.167 0.061 1.000
0.0 0.0 0.0 0.0 0.0 0.0 0.0 1.0 1.0 0.0 0.125 0.438 0.438 0.438 2.0 0.214 0.049 1.000
0.0 1.0 0.0 0.0 0.0 0.0 0.0 0.0 0.0 0.0 0.094 0.469 0.469 0.469 2.0 0.238 0.037 1.000
0.0 0.0 0.0 0.0 0.0 0.0 0.0 1.0 1.0 0.0 0.062 0.500 0.500 0.500 2.0 0.238 0.024 1.000
0.0 0.0 0.0 0.0 0.0 0.0 0.0 1.0 0.0 0.0 0.281 0.281 0.281 0.281 2.0 0.286 0.159 1.000
0.0 0.0 0.0 0.0 0.0 0.0 1.0 0.0 1.0 0.0 0.094 0.469 0.469 0.469 2.0 0.286 0.049 1.000
0.0 0.0 0.0 1.0 0.0 0.0 0.0 0.0 1.0 0.0 0.062 0.500 0.500 0.500 2.0 0.167 0.037 1.000
0.0 0.0 0.0 0.0 0.0 0.0 1.0 0.0 0.0 0.0 0.250 0.312 0.312 0.312 2.0 0.286 0.110 1.000
0.0 1.0 0.0 0.0 0.0 0.0 0.0 0.0 0.0 0.0 0.062 0.500 0.500 0.500 2.0 0.143 0.024 1.000
0.0 1.0 0.0 0.0 0.0 0.0 0.0 0.0 1.0 0.0 0.031 0.531 0.531 0.531 1.0 0.071 0.012 1.000
0.0 0.0 0.0 0.0 0.0 0.0 0.0 1.0 0.0 0.0 0.219 0.344 0.344 0.344 2.0 0.286 0.085 1.000
0.0 0.0 0.0 1.0 0.0 0.0 0.0 0.0 0.0 0.0 0.188 0.375 0.375 0.375 3.0 0.286 0.073 1.000
0.0 0.0 0.0 0.0 1.0 0.0 0.0 0.0 1.0 0.0 0.094 0.469 0.469 0.469 2.0 0.238 0.037 1.000
0.0 1.0 0.0 0.0 0.0 0.0 0.0 0.0 0.0 0.0 0.125 0.438 0.438 0.438 2.0 0.214 0.061 1.000
0.0 0.0 0.0 1.0 0.0 0.0 0.0 0.0 0.0 0.0 0.094 0.469 0.469 0.469 2.0 0.190 0.049 1.000
0.0 1.0 0.0 0.0 0.0 0.0 0.0 0.0 1.0 0.0 0.031 0.531 0.531 0.531 2.0 0.095 0.024 1.000
0.0 1.0 0.0 0.0 0.0 0.0 0.0 0.0 0.0 0.0 0.156 0.406 0.406 0.406 2.0 0.214 0.061 1.000
0.0 0.0 0.0 1.0 0.0 0.0 0.0 0.0 0.0 0.0 0.125 0.438 0.438 0.438 2.0 0.143 0.049 1.000
1.0 0.0 0.0 0.0 0.0 0.0 0.0 0.0 1.0 0.0 0.031 0.531 0.531 0.531 2.0 0.095 0.024 1.000
0.0 1.0 0.0 0.0 0.0 0.0 0.0 0.0 1.0 0.0 0.094 0.469 0.469 0.469 3.0 0.190 0.049 1.000
0.0 0.0 0.0 0.0 0.0 0.0 0.0 1.0 1.0 0.0 0.062 0.500 0.500 0.500 2.0 0.310 0.024 1.000
0.0 1.0 0.0 0.0 0.0 0.0 0.0 0.0 1.0 0.0 0.031 0.531 0.531 0.531 1.0 0.333 0.012 1.000
0.0 0.0 0.0 0.0 0.0 1.0 0.0 0.0 0.0 0.0 0.344 0.219 0.219 0.219 2.0 0.976 0.366 1.000
0.0 0.0 0.0 1.0 0.0 0.0 0.0 0.0 0.0 0.0 0.281 0.281 0.281 0.281 3.0 0.667 0.171 1.000
0.0 1.0 0.0 0.0 0.0 0.0 0.0 0.0 0.0 0.0 0.250 0.312 0.312 0.312 1.0 0.238 0.159 1.000
0.0 0.0 0.0 0.0 0.0 1.0 0.0 0.0 1.0 0.0 0.219 0.344 0.344 0.344 2.0 0.238 0.159 1.000
1.0 0.0 0.0 0.0 0.0 0.0 0.0 0.0 1.0 0.0 0.031 0.531 0.531 0.531 2.0 0.167 0.024 1.000
0.0 1.0 0.0 0.0 0.0 0.0 0.0 0.0 1.0 0.0 0.219 0.344 0.344 0.344 3.0 0.286 0.171 1.000
0.0 0.0 0.0 1.0 0.0 0.0 0.0 0.0 0.0 0.0 0.188 0.375 0.375 0.375 2.0 0.405 0.146 1.000
0.0 1.0 0.0 0.0 0.0 0.0 0.0 0.0 1.0 0.0 0.031 0.531 0.531 0.531 1.0 0.595 0.012 1.000
0.0 0.0 0.0 0.0 0.0 0.0 0.0 1.0 0.0 0.0 0.156 0.406 0.406 0.406 2.0 0.357 0.134 1.000
0.0 0.0 0.0 0.0 0.0 0.0 0.0 1.0 0.0 0.0 0.062 0.500 0.500 0.500 2.0 0.238 0.037 1.000
0.0 0.0 0.0 0.0 0.0 0.0 1.0 0.0 1.0 0.0 0.031 0.531 0.531 0.531 2.0 0.095 0.024 1.000
0.0 0.0 0.0 0.0 0.0 0.0 1.0 0.0 0.0 0.0 0.125 0.438 0.438 0.438 2.0 0.262 0.098 1.000
0.0 0.0 0.0 0.0 0.0 0.0 1.0 0.0 0.0 0.0 0.094 0.469 0.469 0.469 2.0 0.167 0.061 1.000
0.0 0.0 1.0 0.0 0.0 0.0 0.0 0.0 1.0 0.0 0.062 0.500 0.500 0.500 3.0 0.310 0.037 1.000
0.0 1.0 0.0 0.0 0.0 0.0 0.0 0.0 1.0 0.0 0.031 0.531 0.531 0.531 1.0 0.786 0.012 1.000
0.0 1.0 0.0 0.0 0.0 0.0 0.0 0.0 1.0 0.0 0.031 0.531 0.531 0.531 2.0 0.095 0.024 1.000
0.0 0.0 0.0 0.0 0.0 0.0 0.0 1.0 1.0 0.0 0.062 0.500 0.500 0.500 2.0 0.238 0.037 1.000
0.0 1.0 0.0 0.0 0.0 0.0 0.0 0.0 1.0 0.0 0.031 0.531 0.531 0.531 2.0 0.262 0.024 1.000
0.0 0.0 0.0 0.0 0.0 0.0 1.0 0.0 0.0 0.0 0.312 0.250 0.250 0.250 2.0 0.690 0.244 1.000
0.0 1.0 0.0 0.0 0.0 0.0 0.0 0.0 1.0 0.0 0.031 0.531 0.531 0.531 1.0 0.238 0.012 1.000
0.0 0.0 0.0 0.0 1.0 0.0 0.0 0.0 1.0 0.0 0.281 0.281 0.281 0.281 2.0 0.262 0.232 1.000
0.0 0.0 0.0 0.0 0.0 0.0 0.0 1.0 0.0 0.0 0.250 0.312 0.312 0.312 2.0 0.286 0.220 1.000
0.0 1.0 0.0 0.0 0.0 0.0 0.0 0.0 0.0 0.0 0.188 0.375 0.375 0.375 2.0 0.190 0.073 1.000
0.0 0.0 0.0 0.0 0.0 0.0 1.0 0.0 0.0 0.0 0.156 0.406 0.406 0.406 2.0 0.167 0.061 1.000
0.0 0.0 0.0 0.0 0.0 1.0 0.0 0.0 0.0 0.0 0.125 0.438 0.438 0.438 2.0 0.190 0.037 1.000
0.0 1.0 0.0 0.0 0.0 0.0 0.0 0.0 0.0 0.0 0.094 0.469 0.469 0.469 2.0 0.143 0.037 1.000
0.0 0.0 0.0 0.0 0.0 1.0 0.0 0.0 1.0 0.0 0.062 0.500 0.500 0.500 2.0 0.167 0.024 1.000
0.0 1.0 0.0 0.0 0.0 0.0 0.0 0.0 1.0 0.0 0.031 0.531 0.531 0.531 1.0 0.238 0.012 1.000
0.0 0.0 0.0 0.0 0.0 1.0 0.0 0.0 1.0 0.0 0.062 0.500 0.500 0.500 2.0 0.143 0.024 1.000
0.0 1.0 0.0 0.0 0.0 0.0 0.0 0.0 1.0 0.0 0.031 0.531 0.531 0.531 1.0 0.143 0.012 1.000
0.0 1.0 0.0 0.0 0.0 0.0 0.0 0.0 1.0 0.0 0.031 0.531 0.531 0.531 2.0 0.095 0.024 1.000
0.0 0.0 0.0 1.0 0.0 0.0 0.0 0.0 0.0 0.0 0.219 0.344 0.344 0.344 3.0 0.286 0.146 1.000
0.0 0.0 0.0 1.0 0.0 0.0 0.0 0.0 0.0 0.0 0.188 0.375 0.375 0.375 2.0 0.286 0.146 1.000
0.0 1.0 0.0 0.0 0.0 0.0 0.0 0.0 0.0 0.0 0.156 0.406 0.406 0.406 2.0 0.143 0.098 1.000
0.0 1.0 0.0 0.0 0.0 0.0 0.0 0.0 0.0 0.0 0.125 0.438 0.438 0.438 2.0 0.190 0.085 1.000
0.0 1.0 0.0 0.0 0.0 0.0 0.0 0.0 0.0 0.0 0.156 0.406 0.406 0.406 3.0 0.262 0.134 1.000
0.0 1.0 0.0 0.0 0.0 0.0 0.0 0.0 0.0 0.0 0.125 0.438 0.438 0.438 1.0 0.214 0.049 1.000
0.0 0.0 0.0 0.0 0.0 0.0 1.0 0.0 0.0 0.0 0.094 0.469 0.469 0.469 2.0 0.357 0.049 1.000
0.0 1.0 0.0 0.0 0.0 0.0 0.0 0.0 1.0 0.0 0.031 0.531 0.531 0.531 1.0 0.333 0.012 1.000
0.0 0.0 0.0 0.0 0.0 0.0 0.0 1.0 1.0 0.0 0.062 0.500 0.500 0.500 2.0 0.262 0.037 1.000
0.0 1.0 0.0 0.0 0.0 0.0 0.0 0.0 1.0 0.0 0.031 0.531 0.531 0.531 2.0 0.167 0.024 1.000
1.0 0.0 0.0 0.0 0.0 0.0 0.0 0.0 0.0 0.0 0.125 0.438 0.438 0.438 2.0 0.214 0.085 1.000
0.0 0.0 0.0 0.0 0.0 0.0 0.0 1.0 0.0 0.0 0.094 0.469 0.469 0.469 2.0 0.238 0.073 1.000
0.0 0.0 0.0 0.0 0.0 0.0 1.0 0.0 1.0 0.0 0.031 0.531 0.531 0.531 2.0 0.143 0.024 1.000
0.0 1.0 0.0 0.0 0.0 0.0 0.0 0.0 1.0 0.0 0.062 0.500 0.500 0.500 3.0 0.190 0.049 1.000
0.0 0.0 0.0 0.0 0.0 1.0 0.0 0.0 1.0 0.0 0.031 0.531 0.531 0.531 2.0 0.119 0.024 1.000
