0.0 1.0 0.0 0.0 0.0 0.0 0.0 0.0 1.0 0.0 0.026 0.026 0.026 0.026 1.0 0.076 0.006 0.500
0.0 1.0 0.0 0.0 0.0 0.0 0.0 0.0 0.0 0.0 0.053 0.000 0.000 0.000 1.0 0.076 0.006 0.000
0.0 1.0 0.0 0.0 0.0 0.0 0.0 0.0 0.0 1.0 0.053 0.000 0.000 0.000 1.0 0.076 0.006 0.500
0.0 1.0 0.0 0.0 0.0 0.0 0.0 0.0 0.0 0.0 0.053 0.000 0.000 0.000 1.0 0.076 0.006 0.000
0.0 1.0 0.0 0.0 0.0 0.0 0.0 0.0 0.0 0.0 0.053 0.000 0.000 0.000 1.0 0.076 0.006 0.000
1.0 0.0 0.0 0.0 0.0 0.0 0.0 0.0 1.0 0.0 0.026 0.000 0.000 0.000 1.0 0.015 0.006 0.000
1.0 0.0 0.0 0.0 0.0 0.0 0.0 0.0 1.0 0.0 0.026 0.000 0.000 0.000 1.0 0.015 0.006 0.000
0.0 1.0 0.0 0.0 0.0 0.0 0.0 0.0 1.0 0.0 0.026 0.000 0.000 0.000 1.0 0.061 0.006 0.000
0.0 1.0 0.0 0.0 0.0 0.0 0.0 0.0 0.0 0.0 0.053 0.000 0.000 0.000 1.0 0.061 0.006 0.000
0.0 1.0 0.0 0.0 0.0 0.0 0.0 0.0 0.0 0.0 0.053 0.000 0.000 0.000 1.0 0.061 0.006 0.000
0.0 1.0 0.0 0.0 0.0 0.0 0.0 0.0 0.0 0.0 0.053 0.000 0.000 0.000 1.0 0.061 0.006 0.000
1.0 0.0 0.0 0.0 0.0 0.0 0.0 0.0 0.0 0.0 0.474 0.000 0.000 0.000 1.0 0.061 0.251 0.000
1.0 0.0 0.0 0.0 0.0 0.0 0.0 0.0 0.0 0.0 0.316 0.000 0.000 0.000 1.0 0.061 0.088 0.000
1.0 0.0 0.0 0.0 0.0 0.0 0.0 0.0 0.0 0.0 0.211 0.000 0.000 0.000 1.0 0.061 0.076 0.000
1.0 0.0 0.0 0.0 0.0 0.0 0.0 0.0 0.0 0.0 0.211 0.000 0.000 0.000 1.0 0.061 0.064 0.000
0.0 0.0 0.0 1.0 0.0 0.0 0.0 0.0 0.0 0.0 0.447 0.000 0.000 0.000 2.0 0.106 0.251 0.000
0.0 0.0 0.0 1.0 0.0 0.0 0.0 0.0 0.0 0.0 0.184 0.000 0.000 0.000 2.0 0.167 0.047 0.000
0.0 1.0 0.0 0.0 0.0 0.0 0.0 0.0 0.0 0.0 0.158 0.000 0.000 0.000 2.0 0.167 0.041 0.000
0.0 0.0 0.0 1.0 0.0 0.0 0.0 0.0 1.0 0.0 0.421 0.000 0.000 0.000 2.0 0.106 0.246 0.000
0.0 0.0 0.0 0.0 0.0 0.0 1.0 0.0 0.0 0.0 0.395 0.000 0.000 0.000 2.0 0.136 0.240 0.000
0.0 0.0 0.0 0.0 0.0 0.0 0.0 1.0 0.0 0.0 0.368 0.000 0.000 0.000 2.0 0.167 0.135 0.000
0.0 0.0 0.0 0.0 0.0 0.0 0.0 1.0 0.0 0.0 0.342 0.000 0.000 0.000 2.0 0.152 0.111 0.000
0.0 1.0 0.0 0.0 0.0 0.0 0.0 0.0 0.0 0.0 0.316 0.000 0.000 0.000 2.0 0.106 0.088 0.000
0.0 0.0 0.0 0.0 0.0 0.0 1.0 0.0 0.0 0.0 0.289 0.000 0.000 0.000 2.0 0.121 0.082 0.000
0.0 1.0 0.0 0.0 0.0 0.0 0.0 0.0 0.0 0.0 0.263 0.000 0.000 0.000 2.0 0.121 0.053 0.000
0.0 0.0 0.0 0.0 0.0 0.0 0.0 1.0 0.0 0.0 0.184 0.000 0.000 0.000 2.0 0.303 0.064 0.000
0.0 0.0 0.0 0.0 0.0 0.0 1.0 0.0 0.0 0.0 0.263 0.000 0.000 0.000 2.0 0.212 0.117 0.000
0.0 0.0 0.0 1.0 0.0 0.0 0.0 0.0 0.0 0.0 0.237 0.000 0.000 0.000 3.0 0.167 0.064 0.000
0.0 0.0 0.0 1.0 0.0 0.0 0.0 0.0 0.0 0.0 0.211 0.000 0.000 0.000 2.0 0.167 0.064 0.000
0.0 1.0 0.0 0.0 0.0 0.0 0.0 0.0 0.0 0.0 0.184 0.000 0.000 0.000 2.0 0.091 0.041 0.000
0.0 1.0 0.0 0.0 0.0 0.0 0.0 0.0 0.0 0.0 0.158 0.000 0.000 0.000 2.0 0.106 0.035 0.000
0.0 1.0 0.0 0.0 0.0 0.0 0.0 0.0 0.0 0.0 0.158 0.000 0.000 0.000 3.0 0.258 0.058 0.000
1.0 0.0 0.0 0.0 0.0 0.0 0.0 0.0 0.0 0.0 0.158 0.000 0.000 0.000 2.0 0.121 0.035 0.000
0.0 1.0 0.0 0.0 0.0 0.0 0.0 0.0 0.0 0.0 0.132 0.000 0.000 0.000 1.0 0.242 0.029 0.000
0.0 0.0 0.0 1.0 0.0 0.0 0.0 0.0 0.0 0.0 0.289 0.000 0.000 0.000 2.0 0.106 0.088 0.000
0.0 0.0 0.0 1.0 0.0 0.0 0.0 0.0 0.0 0.0 0.158 0.000 0.000 0.000 2.0 0.242 0.047 0.000
0.0 1.0 0.0 0.0 0.0 0.0 0.0 0.0 0.0 0.0 0.263 0.000 0.000 0.000 2.0 0.106 0.058 0.000
0.0 0.0 0.0 0.0 0.0 1.0 0.0 0.0 0.0 0.0 0.237 0.000 0.000 0.000 2.0 0.167 0.053 0.000
0.0 0.0 0.0 1.0 0.0 0.0 0.0 0.0 0.0 0.0 0.184 0.000 0.000 0.000 2.0 0.106 0.064 0.000
0.0 0.0 0.0 1.0 0.0 0.0 0.0 0.0 1.0 0.0 0.158 0.000 0.000 0.000 2.0 0.182 0.041 0.000
0.0 0.0 0.0 1.0 0.0 0.0 0.0 0.0 0.0 0.0 0.158 0.000 0.000 0.000 2.0 0.258 0.041 0.000
0.0 1.0 0.0 0.0 0.0 0.0 0.0 0.0 0.0 0.0 0.421 0.000 0.000 0.000 1.0 0.076 0.719 0.000
0.0 1.0 0.0 0.0 0.0 0.0 0.0 0.0 0.0 0.0 1.000 0.000 0.000 0.000 1.0 0.091 1.000 0.000
0.0 0.0 0.0 1.0 0.0 0.0 0.0 0.0 0.0 1.0 0.184 0.000 0.000 0.000 2.0 0.106 0.076 0.500
0.0 0.0 0.0 1.0 0.0 0.0 0.0 0.0 1.0 0.0 0.158 0.026 0.026 0.026 2.0 0.167 0.047 0.500
0.0 0.0 0.0 1.0 0.0 0.0 0.0 0.0 0.0 0.0 0.158 0.026 0.026 0.026 2.0 0.273 0.047 0.500
0.0 1.0 0.0 0.0 0.0 0.0 0.0 0.0 1.0 0.0 0.026 0.158 0.158 0.158 1.0 0.242 0.006 0.500
0.0 1.0 0.0 0.0 0.0 0.0 0.0 0.0 0.0 0.0 0.079 0.000 0.000 0.000 1.0 0.061 0.047 0.000
0.0 0.0 0.0 0.0 0.0 1.0 0.0 0.0 0.0 0.0 0.053 0.000 0.000 0.000 2.0 0.091 0.047 0.000
0.0 0.0 0.0 1.0 0.0 0.0 0.0 0.0 1.0 0.0 0.026 0.000 0.000 0.000 3.0 0.015 0.018 0.000
0.0 1.0 0.0 0.0 0.0 0.0 0.0 0.0 1.0 0.0 0.026 0.000 0.000 0.000 1.0 0.015 0.006 0.000
0.0 1.0 0.0 0.0 0.0 0.0 0.0 0.0 1.0 0.0 0.026 0.000 0.000 0.000 1.0 0.015 0.006 0.000
0.0 1.0 0.0 0.0 0.0 0.0 0.0 0.0 1.0 0.0 0.026 0.000 0.000 0.000 1.0 0.015 0.006 0.000
0.0 1.0 0.0 0.0 0.0 0.0 0.0 0.0 1.0 0.0 0.026 0.000 0.000 0.000 1.0 0.015 0.006 0.000
0.0 0.0 0.0 1.0 0.0 0.0 0.0 0.0 1.0 0.0 0.079 0.000 0.000 0.000 2.0 0.061 0.018 0.000
0.0 1.0 0.0 0.0 0.0 0.0 0.0 0.0 0.0 0.0 0.211 0.000 0.000 0.000 1.0 0.076 0.058 0.000
0.0 0.0 0.0 1.0 0.0 0.0 0.0 0.0 0.0 0.0 0.974 0.000 0.000 0.000 4.0 0.258 1.000 0.000
0.0 0.0 0.0 0.0 0.0 1.0 0.0 0.0 0.0 0.0 0.947 0.000 0.000 0.000 4.0 0.258 0.836 0.000
0.0 0.0 0.0 0.0 0.0 0.0 0.0 1.0 0.0 0.0 0.921 0.000 0.000 0.000 2.0 0.212 0.632 0.000
0.0 0.0 0.0 0.0 0.0 1.0 0.0 0.0 0.0 0.0 0.895 0.000 0.000 0.000 2.0 0.182 0.561 0.000
0.0 0.0 0.0 0.0 0.0 1.0 0.0 0.0 0.0 0.0 0.868 0.000 0.000 0.000 3.0 0.197 0.561 0.000
0.0 0.0 1.0 0.0 0.0 0.0 0.0 0.0 1.0 0.0 0.237 0.000 0.000 0.000 2.0 0.136 0.111 0.000
0.0 0.0 0.0 0.0 0.0 1.0 0.0 0.0 0.0 0.0 0.842 0.000 0.000 0.000 3.0 0.182 0.532 0.000
0.0 1.0 0.0 0.0 0.0 0.0 0.0 0.0 0.0 0.0 0.158 0.000 0.000 0.000 2.0 0.136 0.041 0.000
0.0 1.0 0.0 0.0 0.0 0.0 0.0 0.0 0.0 0.0 0.237 0.000 0.000 0.000 2.0 0.167 0.105 0.000
0.0 0.0 0.0 0.0 0.0 1.0 0.0 0.0 0.0 0.0 0.816 0.000 0.000 0.000 2.0 0.152 0.497 0.000
0.0 1.0 0.0 0.0 0.0 0.0 0.0 0.0 0.0 0.0 0.789 0.000 0.000 0.000 1.0 0.121 0.497 0.000
0.0 0.0 0.0 0.0 0.0 1.0 0.0 0.0 0.0 0.0 0.237 0.000 0.000 0.000 2.0 0.197 0.082 0.000
0.0 0.0 0.0 0.0 0.0 1.0 0.0 0.0 0.0 0.0 0.789 0.000 0.000 0.000 2.0 0.197 0.497 0.000
0.0 0.0 0.0 1.0 0.0 0.0 0.0 0.0 0.0 0.0 0.763 0.000 0.000 0.000 2.0 0.212 0.497 0.000
0.0 0.0 0.0 1.0 0.0 0.0 0.0 0.0 0.0 0.0 0.737 0.000 0.000 0.000 2.0 0.167 0.497 0.000
0.0 0.0 0.0 1.0 0.0 0.0 0.0 0.0 0.0 0.0 0.711 0.000 0.000 0.000 2.0 0.152 0.462 0.000
0.0 1.0 0.0 0.0 0.0 0.0 0.0 0.0 0.0 0.0 0.579 0.000 0.000 0.000 3.0 0.167 0.450 0.000
0.0 1.0 0.0 0.0 0.0 0.0 0.0 0.0 0.0 0.0 0.211 0.000 0.000 0.000 2.0 0.152 0.117 0.000
0.0 0.0 0.0 1.0 0.0 0.0 0.0 0.0 0.0 0.0 0.684 0.000 0.000 0.000 2.0 0.152 0.456 0.000
0.0 0.0 0.0 1.0 0.0 0.0 0.0 0.0 0.0 0.0 0.658 0.000 0.000 0.000 2.0 0.136 0.450 0.000
0.0 0.0 0.0 1.0 0.0 0.0 0.0 0.0 0.0 0.0 0.632 0.000 0.000 0.000 2.0 0.227 0.450 0.000
0.0 0.0 0.0 1.0 0.0 0.0 0.0 0.0 0.0 0.0 0.605 0.000 0.000 0.000 2.0 0.121 0.450 0.000
0.0 1.0 0.0 0.0 0.0 0.0 0.0 0.0 0.0 0.0 0.579 0.000 0.000 0.000 2.0 0.136 0.421 0.000
0.0 0.0 0.0 1.0 0.0 0.0 0.0 0.0 0.0 0.0 0.553 0.000 0.000 0.000 3.0 0.212 0.415 0.000
0.0 1.0 0.0 0.0 0.0 0.0 0.0 0.0 0.0 0.0 0.316 0.000 0.000 0.000 2.0 0.121 0.094 0.000
0.0 0.0 0.0 1.0 0.0 0.0 0.0 0.0 0.0 0.0 0.526 0.000 0.000 0.000 2.0 0.212 0.415 0.000
0.0 0.0 0.0 1.0 0.0 0.0 0.0 0.0 0.0 0.0 0.500 0.000 0.000 0.000 4.0 0.273 0.386 0.000
0.0 0.0 0.0 1.0 0.0 0.0 0.0 0.0 1.0 0.0 0.342 0.000 0.000 0.000 4.0 0.212 0.175 0.000
0.0 1.0 0.0 0.0 0.0 0.0 0.0 0.0 0.0 0.0 0.158 0.000 0.000 0.000 2.0 0.212 0.041 0.000
0.0 0.0 0.0 0.0 0.0 1.0 0.0 0.0 0.0 0.0 0.263 0.000 0.000 0.000 2.0 0.167 0.088 0.000
0.0 0.0 0.0 0.0 0.0 1.0 0.0 0.0 0.0 0.0 0.211 0.000 0.000 0.000 2.0 0.379 0.082 0.000
0.0 0.0 0.0 0.0 0.0 1.0 0.0 0.0 0.0 0.0 0.237 0.000 0.000 0.000 2.0 0.333 0.082 0.000
0.0 0.0 0.0 1.0 0.0 0.0 0.0 0.0 0.0 0.0 0.474 0.000 0.000 0.000 4.0 0.288 0.386 0.000
0.0 0.0 0.0 1.0 0.0 0.0 0.0 0.0 0.0 0.0 0.447 0.000 0.000 0.000 2.0 0.197 0.251 0.000
0.0 0.0 0.0 1.0 0.0 0.0 0.0 0.0 0.0 0.0 0.421 0.000 0.000 0.000 3.0 0.197 0.251 0.000
0.0 0.0 0.0 0.0 1.0 0.0 0.0 0.0 0.0 0.0 0.368 0.000 0.000 0.000 2.0 0.182 0.181 0.000
0.0 0.0 0.0 1.0 0.0 0.0 0.0 0.0 0.0 0.0 0.395 0.000 0.000 0.000 2.0 0.258 0.211 0.000
0.0 0.0 0.0 1.0 0.0 0.0 0.0 0.0 0.0 0.0 0.368 0.000 0.000 0.000 2.0 0.167 0.181 0.000
0.0 0.0 0.0 1.0 0.0 0.0 0.0 0.0 0.0 0.0 0.342 0.000 0.000 0.000 2.0 0.197 0.170 0.000
0.0 0.0 0.0 1.0 0.0 0.0 0.0 0.0 0.0 0.0 0.316 0.000 0.000 0.000 3.0 0.242 0.170 0.000
0.0 0.0 0.0 0.0 1.0 0.0 0.0 0.0 0.0 0.0 0.289 0.000 0.000 0.000 2.0 0.288 0.129 0.000
0.0 0.0 0.0 1.0 0.0 0.0 0.0 0.0 0.0 0.0 0.263 0.000 0.000 0.000 2.0 0.167 0.094 0.000
0.0 0.0 0.0 1.0 0.0 0.0 0.0 0.0 0.0 0.0 0.237 0.000 0.000 0.000 2.0 0.182 0.088 0.000
0.0 0.0 0.0 1.0 0.0 0.0 0.0 0.0 0.0 0.0 0.211 0.000 0.000 0.000 2.0 0.364 0.082 0.000
0.0 0.0 0.0 1.0 0.0 0.0 0.0 0.0 0.0 0.0 0.289 0.000 0.000 0.000 2.0 0.288 0.129 0.000
0.0 0.0 0.0 1.0 0.0 0.0 0.0 0.0 0.0 0.0 0.263 0.000 0.000 0.000 2.0 0.182 0.094 0.000
0.0 0.0 0.0 1.0 0.0 0.0 0.0 0.0 0.0 0.0 0.237 0.000 0.000 0.000 2.0 0.197 0.088 0.000
0.0 0.0 0.0 1.0 0.0 0.0 0.0 0.0 0.0 0.0 0.211 0.000 0.000 0.000 2.0 0.394 0.082 0.000
0.0 0.0 0.0 1.0 0.0 0.0 0.0 0.0 0.0 0.0 0.263 0.000 0.000 0.000 2.0 0.197 0.094 0.000
0.0 0.0 0.0 1.0 0.0 0.0 0.0 0.0 0.0 0.0 0.237 0.000 0.000 0.000 2.0 0.197 0.088 0.000
0.0 0.0 0.0 1.0 0.0 0.0 0.0 0.0 0.0 0.0 0.316 0.000 0.000 0.000 2.0 0.227 0.135 0.000
0.0 1.0 0.0 0.0 0.0 0.0 0.0 0.0 0.0 0.0 0.289 0.000 0.000 0.000 2.0 0.121 0.099 0.000
0.0 0.0 0.0 1.0 0.0 0.0 0.0 0.0 0.0 0.0 0.289 0.000 0.000 0.000 2.0 0.197 0.129 0.000
0.0 0.0 0.0 1.0 0.0 0.0 0.0 0.0 0.0 0.0 0.263 0.000 0.000 0.000 2.0 0.197 0.094 0.000
0.0 0.0 0.0 1.0 0.0 0.0 0.0 0.0 0.0 0.0 0.237 0.000 0.000 0.000 2.0 0.227 0.088 0.000
0.0 1.0 0.0 0.0 0.0 0.0 0.0 0.0 0.0 0.0 0.211 0.000 0.000 0.000 2.0 0.455 0.082 0.000
0.0 0.0 0.0 1.0 0.0 0.0 0.0 0.0 0.0 0.0 0.263 0.000 0.000 0.000 2.0 0.227 0.140 0.000
0.0 0.0 0.0 1.0 0.0 0.0 0.0 0.0 0.0 0.0 0.342 0.000 0.000 0.000 4.0 0.303 0.222 0.000
0.0 0.0 0.0 0.0 0.0 1.0 0.0 0.0 0.0 0.0 0.263 0.000 0.000 0.000 2.0 0.197 0.099 0.000
0.0 0.0 0.0 1.0 0.0 0.0 0.0 0.0 0.0 0.0 0.237 0.000 0.000 0.000 2.0 0.167 0.094 0.000
0.0 0.0 0.0 1.0 0.0 0.0 0.0 0.0 1.0 0.0 0.211 0.000 0.000 0.000 2.0 0.318 0.082 0.000
0.0 0.0 0.0 0.0 1.0 0.0 0.0 0.0 0.0 0.0 0.211 0.000 0.000 0.000 2.0 0.394 0.088 0.000
0.0 0.0 0.0 1.0 0.0 0.0 0.0 0.0 1.0 0.0 0.263 0.000 0.000 0.000 4.0 0.273 0.135 0.000
0.0 0.0 0.0 1.0 0.0 0.0 0.0 0.0 0.0 0.0 0.237 0.000 0.000 0.000 2.0 0.364 0.082 0.000
0.0 1.0 0.0 0.0 0.0 0.0 0.0 0.0 0.0 0.0 0.184 0.000 0.000 0.000 2.0 0.152 0.041 0.000
0.0 0.0 0.0 1.0 0.0 0.0 0.0 0.0 0.0 0.0 0.316 0.000 0.000 0.000 2.0 0.303 0.135 0.000
0.0 0.0 0.0 0.0 1.0 0.0 0.0 0.0 0.0 0.0 0.316 0.000 0.000 0.000 2.0 0.212 0.135 0.000
0.0 1.0 0.0 0.0 0.0 0.0 0.0 0.0 0.0 0.0 0.289 0.000 0.000 0.000 2.0 0.167 0.123 0.000
0.0 0.0 0.0 1.0 0.0 0.0 0.0 0.0 1.0 0.0 0.263 0.000 0.000 0.000 3.0 0.242 0.117 0.000
0.0 0.0 0.0 1.0 0.0 0.0 0.0 0.0 0.0 0.0 0.289 0.000 0.000 0.000 2.0 0.197 0.129 0.000
0.0 1.0 0.0 0.0 0.0 0.0 0.0 0.0 0.0 0.0 0.237 0.000 0.000 0.000 2.0 0.318 0.082 0.000
0.0 1.0 0.0 0.0 0.0 0.0 0.0 0.0 0.0 0.0 0.184 0.000 0.000 0.000 2.0 0.121 0.041 0.000
1.0 0.0 0.0 0.0 0.0 0.0 0.0 0.0 0.0 0.0 0.211 0.000 0.000 0.000 2.0 0.152 0.117 0.000
0.0 0.0 0.0 1.0 0.0 0.0 0.0 0.0 0.0 0.0 0.763 0.000 0.000 0.000 4.0 0.242 0.573 0.000
0.0 1.0 0.0 0.0 0.0 0.0 0.0 0.0 0.0 0.0 0.237 0.000 0.000 0.000 3.0 0.258 0.117 0.000
0.0 1.0 0.0 0.0 0.0 0.0 0.0 0.0 0.0 0.0 0.263 0.000 0.000 0.000 2.0 0.152 0.117 0.000
0.0 0.0 1.0 0.0 0.0 0.0 0.0 0.0 0.0 0.0 0.237 0.000 0.000 0.000 2.0 0.212 0.111 0.000
0.0 0.0 0.0 1.0 0.0 0.0 0.0 0.0 0.0 0.0 0.737 0.000 0.000 0.000 2.0 0.197 0.561 0.000
0.0 0.0 0.0 1.0 0.0 0.0 0.0 0.0 0.0 0.0 0.711 0.000 0.000 0.000 4.0 0.242 0.421 0.000
0.0 0.0 0.0 1.0 0.0 0.0 0.0 0.0 0.0 0.0 0.316 0.000 0.000 0.000 2.0 0.258 0.123 0.000
0.0 1.0 0.0 0.0 0.0 0.0 0.0 0.0 0.0 0.0 0.289 0.000 0.000 0.000 1.0 0.136 0.088 0.000
0.0 0.0 0.0 1.0 0.0 0.0 0.0 0.0 0.0 0.0 0.684 0.000 0.000 0.000 2.0 0.197 0.392 0.000
0.0 0.0 0.0 1.0 0.0 0.0 0.0 0.0 0.0 0.0 0.658 0.000 0.000 0.000 2.0 0.167 0.392 0.000
0.0 0.0 0.0 1.0 0.0 0.0 0.0 0.0 1.0 0.0 0.263 0.000 0.000 0.000 2.0 0.152 0.088 0.000
0.0 1.0 0.0 0.0 0.0 0.0 0.0 0.0 0.0 0.0 0.368 0.000 0.000 0.000 2.0 0.167 0.211 0.000
0.0 0.0 0.0 1.0 0.0 0.0 0.0 0.0 0.0 0.0 0.342 0.000 0.000 0.000 4.0 0.258 0.205 0.000
0.0 0.0 0.0 1.0 0.0 0.0 0.0 0.0 0.0 0.0 0.289 0.000 0.000 0.000 2.0 0.227 0.129 0.000
0.0 0.0 0.0 0.0 1.0 0.0 0.0 0.0 0.0 0.0 0.658 0.000 0.000 0.000 2.0 0.242 0.415 0.000
0.0 0.0 0.0 0.0 0.0 1.0 0.0 0.0 0.0 0.0 0.263 0.000 0.000 0.000 3.0 0.303 0.123 0.000
0.0 1.0 0.0 0.0 0.0 0.0 0.0 0.0 0.0 0.0 0.158 0.000 0.000 0.000 1.0 0.318 0.035 0.000
0.0 0.0 0.0 0.0 0.0 1.0 0.0 0.0 1.0 0.0 0.237 0.000 0.000 0.000 2.0 0.364 0.082 0.000
0.0 0.0 1.0 0.0 0.0 0.0 0.0 0.0 0.0 0.0 0.632 0.000 0.000 0.000 2.0 0.197 0.386 0.000
0.0 0.0 0.0 1.0 0.0 0.0 0.0 0.0 0.0 0.0 0.605 0.000 0.000 0.000 2.0 0.182 0.386 0.000
0.0 0.0 0.0 1.0 0.0 0.0 0.0 0.0 0.0 0.0 0.579 0.000 0.000 0.000 2.0 0.152 0.351 0.000
0.0 1.0 0.0 0.0 0.0 0.0 0.0 0.0 0.0 0.0 0.342 0.000 0.000 0.000 3.0 0.167 0.146 0.000
0.0 0.0 0.0 1.0 0.0 0.0 0.0 0.0 0.0 0.0 0.553 0.000 0.000 0.000 2.0 0.152 0.345 0.000
0.0 0.0 0.0 1.0 0.0 0.0 0.0 0.0 0.0 0.0 0.526 0.000 0.000 0.000 2.0 0.167 0.310 0.000
0.0 0.0 0.0 1.0 0.0 0.0 0.0 0.0 0.0 0.0 0.500 0.000 0.000 0.000 3.0 0.227 0.310 0.000
0.0 0.0 0.0 0.0 1.0 0.0 0.0 0.0 0.0 0.0 0.447 0.000 0.000 0.000 2.0 0.197 0.234 0.000
0.0 0.0 0.0 1.0 0.0 0.0 0.0 0.0 0.0 0.0 0.316 0.000 0.000 0.000 3.0 0.273 0.152 0.000
0.0 0.0 0.0 1.0 0.0 0.0 0.0 0.0 0.0 0.0 0.474 0.000 0.000 0.000 3.0 0.227 0.246 0.000
0.0 0.0 0.0 1.0 0.0 0.0 0.0 0.0 0.0 0.0 0.447 0.000 0.000 0.000 2.0 0.197 0.234 0.000
0.0 0.0 0.0 1.0 0.0 0.0 0.0 0.0 0.0 0.0 0.421 0.000 0.000 0.000 2.0 0.197 0.211 0.000
0.0 0.0 0.0 1.0 0.0 0.0 0.0 0.0 0.0 0.0 0.263 0.000 0.000 0.000 3.0 0.212 0.129 0.000
0.0 0.0 0.0 1.0 0.0 0.0 0.0 0.0 1.0 0.0 0.211 0.000 0.000 0.000 2.0 0.333 0.082 0.000
0.0 0.0 0.0 1.0 0.0 0.0 0.0 0.0 1.0 0.0 0.237 0.000 0.000 0.000 2.0 0.288 0.082 0.000
0.0 0.0 0.0 1.0 0.0 0.0 0.0 0.0 0.0 0.0 0.395 0.000 0.000 0.000 2.0 0.182 0.211 0.000
0.0 0.0 0.0 1.0 0.0 0.0 0.0 0.0 0.0 0.0 0.368 0.000 0.000 0.000 2.0 0.182 0.170 0.000
0.0 0.0 0.0 1.0 0.0 0.0 0.0 0.0 0.0 0.0 0.342 0.000 0.000 0.000 4.0 0.242 0.170 0.000
0.0 0.0 0.0 1.0 0.0 0.0 0.0 0.0 1.0 0.0 0.211 0.000 0.000 0.000 2.0 0.348 0.082 0.000
0.0 0.0 0.0 1.0 0.0 0.0 0.0 0.0 1.0 0.0 0.237 0.000 0.000 0.000 2.0 0.303 0.082 0.000
0.0 0.0 0.0 0.0 1.0 0.0 0.0 0.0 0.0 0.0 0.316 0.000 0.000 0.000 2.0 0.303 0.129 0.000
0.0 0.0 0.0 1.0 0.0 0.0 0.0 0.0 0.0 0.0 0.316 0.000 0.000 0.000 2.0 0.273 0.129 0.000
0.0 0.0 0.0 1.0 0.0 0.0 0.0 0.0 0.0 0.0 0.289 0.000 0.000 0.000 2.0 0.167 0.094 0.000
0.0 0.0 0.0 1.0 0.0 0.0 0.0 0.0 0.0 0.0 0.237 0.000 0.000 0.000 2.0 0.333 0.082 0.000
0.0 1.0 0.0 0.0 0.0 0.0 0.0 0.0 0.0 0.0 0.263 0.000 0.000 0.000 2.0 0.106 0.088 0.000
0.0 0.0 0.0 0.0 0.0 1.0 0.0 0.0 1.0 0.0 0.237 0.000 0.000 0.000 2.0 0.258 0.082 0.000
0.0 0.0 0.0 1.0 0.0 0.0 0.0 0.0 0.0 0.0 0.263 0.000 0.000 0.000 3.0 0.303 0.129 0.000
0.0 0.0 0.0 1.0 0.0 0.0 0.0 0.0 0.0 0.0 0.237 0.000 0.000 0.000 2.0 0.333 0.082 0.000
0.0 0.0 0.0 1.0 0.0 0.0 0.0 0.0 0.0 0.0 0.211 0.000 0.000 0.000 2.0 0.424 0.082 0.000
0.0 0.0 0.0 1.0 0.0 0.0 0.0 0.0 0.0 0.0 0.237 0.000 0.000 0.000 2.0 0.364 0.082 0.000
0.0 0.0 0.0 1.0 0.0 0.0 0.0 0.0 0.0 0.0 0.211 0.000 0.000 0.000 2.0 0.439 0.082 0.000
0.0 0.0 0.0 1.0 0.0 0.0 0.0 0.0 0.0 0.0 0.342 0.000 0.000 0.000 2.0 0.136 0.152 0.000
0.0 0.0 0.0 1.0 0.0 0.0 0.0 0.0 0.0 0.0 0.289 0.000 0.000 0.000 2.0 0.197 0.129 0.000
0.0 0.0 0.0 0.0 0.0 1.0 0.0 0.0 0.0 0.0 0.184 0.000 0.000 0.000 2.0 0.258 0.047 0.000
0.0 1.0 0.0 0.0 0.0 0.0 0.0 0.0 1.0 0.0 0.026 0.000 0.000 0.000 1.0 0.227 0.006 0.000
0.0 1.0 0.0 0.0 0.0 0.0 0.0 0.0 0.0 0.0 0.316 0.000 0.000 0.000 1.0 0.121 0.105 0.000
0.0 0.0 0.0 1.0 0.0 0.0 0.0 0.0 1.0 0.0 0.289 0.000 0.000 0.000 3.0 0.182 0.105 0.000
0.0 0.0 0.0 1.0 0.0 0.0 0.0 0.0 0.0 0.0 0.237 0.000 0.000 0.000 2.0 0.318 0.094 0.000
0.0 1.0 0.0 0.0 0.0 0.0 0.0 0.0 0.0 0.0 0.053 0.000 0.000 0.000 2.0 0.136 0.018 0.000
0.0 0.0 0.0 1.0 0.0 0.0 0.0 0.0 1.0 0.0 0.263 0.000 0.000 0.000 2.0 0.121 0.099 0.000
0.0 0.0 0.0 1.0 0.0 0.0 0.0 0.0 0.0 0.0 0.237 0.000 0.000 0.000 2.0 0.152 0.094 0.000
0.0 1.0 0.0 0.0 0.0 0.0 0.0 0.0 0.0 0.0 0.211 0.000 0.000 0.000 2.0 0.318 0.082 0.000
0.0 0.0 0.0 0.0 0.0 0.0 1.0 0.0 0.0 0.0 0.342 0.000 0.000 0.000 2.0 0.167 0.140 0.000
0.0 0.0 0.0 1.0 0.0 0.0 0.0 0.0 1.0 0.0 0.289 0.000 0.000 0.000 3.0 0.364 0.123 0.000
0.0 0.0 0.0 1.0 0.0 0.0 0.0 0.0 0.0 0.0 0.263 0.000 0.000 0.000 2.0 0.485 0.082 0.000
0.0 0.0 1.0 0.0 0.0 0.0 0.0 0.0 1.0 0.0 0.316 0.000 0.000 0.000 2.0 0.197 0.099 0.000
0.0 0.0 0.0 1.0 0.0 0.0 0.0 0.0 0.0 0.0 0.289 0.000 0.000 0.000 2.0 0.182 0.094 0.000
0.0 0.0 0.0 1.0 0.0 0.0 0.0 0.0 0.0 0.0 0.263 0.000 0.000 0.000 2.0 0.152 0.088 0.000
0.0 1.0 0.0 0.0 0.0 0.0 0.0 0.0 0.0 0.0 0.237 0.000 0.000 0.000 2.0 0.273 0.082 0.000
0.0 0.0 0.0 1.0 0.0 0.0 0.0 0.0 0.0 0.0 0.211 0.000 0.000 0.000 2.0 0.455 0.082 0.000
0.0 0.0 0.0 0.0 0.0 0.0 0.0 1.0 0.0 0.0 0.316 0.000 0.000 0.000 2.0 0.227 0.135 0.000
0.0 1.0 0.0 0.0 0.0 0.0 0.0 0.0 0.0 0.0 0.237 0.000 0.000 0.000 2.0 0.167 0.099 0.000
0.0 0.0 0.0 1.0 0.0 0.0 0.0 0.0 0.0 0.0 0.316 0.000 0.000 0.000 2.0 0.167 0.129 0.000
0.0 0.0 0.0 1.0 0.0 0.0 0.0 0.0 1.0 0.0 0.289 0.000 0.000 0.000 3.0 0.303 0.117 0.000
0.0 1.0 0.0 0.0 0.0 0.0 0.0 0.0 0.0 0.0 0.263 0.000 0.000 0.000 1.0 0.182 0.082 0.000
0.0 1.0 0.0 0.0 0.0 0.0 0.0 0.0 0.0 0.0 0.237 0.000 0.000 0.000 2.0 0.379 0.082 0.000
0.0 1.0 0.0 0.0 0.0 0.0 0.0 0.0 0.0 0.0 0.211 0.000 0.000 0.000 1.0 0.803 0.076 0.000
0.0 1.0 0.0 0.0 0.0 0.0 0.0 0.0 0.0 0.0 0.237 0.000 0.000 0.000 1.0 0.152 0.094 0.000
0.0 0.0 0.0 1.0 0.0 0.0 0.0 0.0 1.0 0.0 0.211 0.000 0.000 0.000 3.0 0.470 0.094 0.000
0.0 0.0 0.0 1.0 0.0 0.0 0.0 0.0 1.0 0.0 0.184 0.000 0.000 0.000 3.0 1.000 0.076 0.000
0.0 1.0 0.0 0.0 0.0 0.0 0.0 0.0 0.0 0.0 0.342 0.000 0.000 0.000 2.0 0.136 0.240 0.000
0.0 0.0 0.0 0.0 0.0 1.0 0.0 0.0 0.0 0.0 0.316 0.000 0.000 0.000 4.0 0.273 0.234 0.000
0.0 0.0 0.0 0.0 0.0 0.0 0.0 1.0 0.0 0.0 0.263 0.000 0.000 0.000 2.0 0.212 0.105 0.000
0.0 0.0 0.0 0.0 0.0 1.0 0.0 0.0 0.0 0.0 0.289 0.000 0.000 0.000 2.0 0.212 0.129 0.000
0.0 1.0 0.0 0.0 0.0 0.0 0.0 0.0 0.0 0.0 0.263 0.000 0.000 0.000 2.0 0.091 0.094 0.000
0.0 1.0 0.0 0.0 0.0 0.0 0.0 0.0 0.0 0.0 0.237 0.000 0.000 0.000 1.0 0.091 0.088 0.000
0.0 0.0 0.0 1.0 0.0 0.0 0.0 0.0 0.0 0.0 0.368 0.000 0.000 0.000 3.0 0.182 0.234 0.000
0.0 1.0 0.0 0.0 0.0 0.0 0.0 0.0 0.0 0.0 0.289 0.000 0.000 0.000 1.0 0.136 0.117 0.000
0.0 0.0 0.0 0.0 0.0 1.0 0.0 0.0 0.0 0.0 0.263 0.000 0.000 0.000 2.0 0.212 0.117 0.000
0.0 0.0 0.0 0.0 0.0 1.0 0.0 0.0 1.0 0.0 0.211 0.000 0.000 0.000 2.0 0.288 0.082 0.000
0.0 1.0 0.0 0.0 0.0 0.0 0.0 0.0 0.0 0.0 0.237 0.000 0.000 0.000 2.0 0.136 0.111 0.000
0.0 0.0 0.0 0.0 0.0 1.0 0.0 0.0 0.0 0.0 0.211 0.000 0.000 0.000 2.0 0.242 0.105 0.000
0.0 1.0 0.0 0.0 0.0 0.0 0.0 0.0 0.0 0.0 0.342 0.000 0.000 0.000 3.0 0.167 0.193 0.000
0.0 0.0 0.0 1.0 0.0 0.0 0.0 0.0 0.0 0.0 0.316 0.000 0.000 0.000 2.0 0.152 0.187 0.000
0.0 0.0 0.0 1.0 0.0 0.0 0.0 0.0 0.0 0.0 0.289 0.000 0.000 0.000 2.0 0.197 0.158 0.000
0.0 0.0 0.0 1.0 0.0 0.0 0.0 0.0 0.0 0.0 0.263 0.000 0.000 0.000 3.0 0.242 0.158 0.000
0.0 1.0 0.0 0.0 0.0 0.0 0.0 0.0 0.0 0.0 0.211 0.000 0.000 0.000 2.0 0.152 0.088 0.000
0.0 0.0 0.0 1.0 0.0 0.0 0.0 0.0 0.0 0.0 0.184 0.000 0.000 0.000 2.0 0.227 0.082 0.000
0.0 1.0 0.0 0.0 0.0 0.0 0.0 0.0 0.0 0.0 0.237 0.000 0.000 0.000 1.0 0.197 0.111 0.000
0.0 0.0 0.0 0.0 0.0 1.0 0.0 0.0 0.0 0.0 0.211 0.000 0.000 0.000 3.0 0.348 0.111 0.000
0.0 0.0 0.0 1.0 0.0 0.0 0.0 0.0 0.0 0.0 0.184 0.000 0.000 0.000 2.0 0.409 0.111 0.000
0.0 0.0 0.0 1.0 0.0 0.0 0.0 0.0 0.0 0.0 0.184 0.000 0.000 0.000 3.0 0.348 0.111 0.000
0.0 0.0 0.0 1.0 0.0 0.0 0.0 0.0 0.0 0.0 0.263 0.000 0.000 0.000 2.0 0.182 0.105 0.000
1.0 0.0 0.0 0.0 0.0 0.0 0.0 0.0 0.0 0.0 0.289 0.000 0.000 0.000 2.0 0.121 0.111 0.000
0.0 0.0 0.0 0.0 1.0 0.0 0.0 0.0 0.0 0.0 0.263 0.000 0.000 0.000 2.0 0.197 0.105 0.000
0.0 0.0 0.0 0.0 0.0 1.0 0.0 0.0 0.0 0.0 0.211 0.000 0.000 0.000 2.0 0.333 0.099 0.000
0.0 1.0 0.0 0.0 0.0 0.0 0.0 0.0 0.0 0.0 0.237 0.000 0.000 0.000 1.0 0.197 0.082 0.000
0.0 0.0 0.0 0.0 0.0 1.0 0.0 0.0 1.0 0.0 0.211 0.000 0.000 0.000 2.0 0.242 0.082 0.000
0.0 1.0 0.0 0.0 0.0 0.0 0.0 0.0 0.0 0.0 0.184 0.000 0.000 0.000 1.0 0.500 0.076 0.000
0.0 0.0 0.0 0.0 0.0 1.0 0.0 0.0 0.0 0.0 0.158 0.000 0.000 0.000 3.0 0.561 0.076 0.000
0.0 1.0 0.0 0.0 0.0 0.0 0.0 0.0 1.0 0.0 0.026 0.000 0.000 0.000 1.0 0.136 0.006 0.000
0.0 0.0 0.0 0.0 0.0 1.0 0.0 0.0 1.0 0.0 0.132 0.000 0.000 0.000 2.0 0.515 0.041 0.000
0.0 0.0 0.0 0.0 0.0 0.0 0.0 1.0 0.0 0.0 0.184 0.000 0.000 0.000 2.0 0.182 0.076 0.000
0.0 0.0 0.0 0.0 0.0 0.0 0.0 1.0 0.0 0.0 0.053 0.000 0.000 0.000 2.0 0.136 0.018 0.000
0.0 0.0 0.0 0.0 0.0 0.0 1.0 0.0 1.0 0.0 0.026 0.000 0.000 0.000 2.0 0.061 0.012 0.000
0.0 0.0 0.0 0.0 0.0 0.0 0.0 1.0 0.0 0.0 0.158 0.000 0.000 0.000 2.0 0.152 0.058 0.000
0.0 0.0 0.0 0.0 0.0 0.0 1.0 0.0 0.0 0.0 0.132 0.000 0.000 0.000 2.0 0.136 0.053 0.000
0.0 1.0 0.0 0.0 0.0 0.0 0.0 0.0 0.0 0.0 0.053 0.000 0.000 0.000 2.0 0.076 0.018 0.000
0.0 0.0 0.0 0.0 0.0 0.0 1.0 0.0 1.0 0.0 0.026 0.000 0.000 0.000 2.0 0.045 0.012 0.000
0.0 0.0 0.0 0.0 0.0 0.0 1.0 0.0 0.0 0.0 0.105 0.000 0.000 0.000 2.0 0.136 0.035 0.000
0.0 0.0 0.0 0.0 0.0 0.0 0.0 1.0 1.0 0.0 0.053 0.000 0.000 0.000 2.0 0.106 0.012 0.000
0.0 0.0 0.0 0.0 0.0 0.0 0.0 1.0 0.0 0.0 0.079 0.000 0.000 0.000 2.0 0.121 0.023 0.000
0.0 1.0 0.0 0.0 0.0 0.0 0.0 0.0 0.0 0.0 0.053 0.000 0.000 0.000 2.0 0.106 0.012 0.000
0.0 1.0 0.0 0.0 0.0 0.0 0.0 0.0 0.0 0.0 0.053 0.000 0.000 0.000 2.0 0.106 0.012 0.000
0.0 1.0 0.0 0.0 0.0 0.0 0.0 0.0 1.0 0.0 0.026 0.000 0.000 0.000 1.0 0.136 0.006 0.000
0.0 0.0 1.0 0.0 0.0 0.0 0.0 0.0 0.0 0.0 0.395 0.000 0.000 0.000 2.0 0.152 0.269 0.000
0.0 0.0 0.0 0.0 0.0 0.0 1.0 0.0 0.0 0.0 0.368 0.000 0.000 0.000 2.0 0.152 0.257 0.000
0.0 0.0 0.0 0.0 0.0 0.0 1.0 0.0 0.0 0.0 0.342 0.000 0.000 0.000 2.0 0.152 0.181 0.000
0.0 0.0 0.0 0.0 0.0 0.0 0.0 1.0 0.0 0.0 0.158 0.000 0.000 0.000 2.0 0.212 0.058 0.000
0.0 1.0 0.0 0.0 0.0 0.0 0.0 0.0 0.0 0.0 0.132 0.000 0.000 0.000 1.0 0.273 0.035 0.000
0.0 0.0 0.0 0.0 0.0 0.0 0.0 1.0 0.0 0.0 0.316 0.000 0.000 0.000 2.0 0.212 0.135 0.000
0.0 0.0 0.0 1.0 0.0 0.0 0.0 0.0 0.0 0.0 0.289 0.000 0.000 0.000 2.0 0.152 0.105 0.000
0.0 0.0 0.0 1.0 0.0 0.0 0.0 0.0 0.0 0.0 0.211 0.000 0.000 0.000 2.0 0.227 0.099 0.000
0.0 0.0 0.0 1.0 0.0 0.0 0.0 0.0 0.0 0.0 0.263 0.000 0.000 0.000 2.0 0.136 0.105 0.000
0.0 0.0 0.0 1.0 0.0 0.0 0.0 0.0 0.0 0.0 0.237 0.000 0.000 0.000 2.0 0.121 0.076 0.000
1.0 0.0 0.0 0.0 0.0 0.0 0.0 0.0 0.0 0.0 0.211 0.000 0.000 0.000 2.0 0.106 0.076 0.000
1.0 0.0 0.0 0.0 0.0 0.0 0.0 0.0 0.0 0.0 0.184 0.000 0.000 0.000 2.0 0.152 0.070 0.000
0.0 1.0 0.0 0.0 0.0 0.0 0.0 0.0 0.0 0.0 0.184 0.000 0.000 0.000 2.0 0.121 0.070 0.000
0.0 0.0 0.0 0.0 0.0 0.0 0.0 1.0 0.0 0.0 0.158 0.000 0.000 0.000 2.0 0.303 0.064 0.000
0.0 1.0 0.0 0.0 0.0 0.0 0.0 0.0 0.0 0.0 0.158 0.000 0.000 0.000 1.0 0.182 0.041 0.000
0.0 0.0 0.0 0.0 0.0 0.0 1.0 0.0 0.0 0.0 0.184 0.000 0.000 0.000 2.0 0.136 0.088 0.000
0.0 0.0 0.0 0.0 0.0 0.0 0.0 1.0 0.0 0.0 0.158 0.000 0.000 0.000 2.0 0.212 0.058 0.000
0.0 0.0 0.0 1.0 0.0 0.0 0.0 0.0 0.0 0.0 0.105 0.000 0.000 0.000 4.0 0.182 0.035 0.000
0.0 0.0 0.0 1.0 0.0 0.0 0.0 0.0 1.0 0.0 0.053 0.000 0.000 0.000 2.0 0.227 0.018 0.000
0.0 0.0 0.0 1.0 0.0 0.0 0.0 0.0 1.0 0.0 0.079 0.000 0.000 0.000 2.0 0.258 0.018 0.000
0.0 0.0 0.0 1.0 0.0 0.0 0.0 0.0 1.0 0.0 0.079 0.000 0.000 0.000 2.0 0.242 0.018 0.000
0.0 0.0 0.0 1.0 0.0 0.0 0.0 0.0 1.0 0.0 0.079 0.000 0.000 0.000 2.0 0.242 0.018 0.000
0.0 1.0 0.0 0.0 0.0 0.0 0.0 0.0 0.0 0.0 0.132 0.000 0.000 0.000 2.0 0.182 0.041 0.000
0.0 0.0 1.0 0.0 0.0 0.0 0.0 0.0 0.0 0.0 0.421 0.000 0.000 0.000 2.0 0.152 0.298 0.000
0.0 0.0 0.0 0.0 0.0 0.0 1.0 0.0 0.0 0.0 0.395 0.000 0.000 0.000 2.0 0.152 0.287 0.000
0.0 0.0 0.0 0.0 0.0 0.0 0.0 1.0 0.0 0.0 0.184 0.000 0.000 0.000 2.0 0.227 0.058 0.000
0.0 1.0 0.0 0.0 0.0 0.0 0.0 0.0 0.0 0.0 0.158 0.000 0.000 0.000 2.0 0.167 0.041 0.000
0.0 0.0 0.0 0.0 0.0 0.0 1.0 0.0 0.0 0.0 0.368 0.000 0.000 0.000 2.0 0.152 0.240 0.000
0.0 0.0 0.0 0.0 0.0 0.0 0.0 1.0 0.0 0.0 0.184 0.000 0.000 0.000 2.0 0.182 0.058 0.000
0.0 1.0 0.0 0.0 0.0 0.0 0.0 0.0 0.0 0.0 0.158 0.000 0.000 0.000 1.0 0.242 0.035 0.000
0.0 0.0 0.0 1.0 0.0 0.0 0.0 0.0 0.0 0.0 0.342 0.000 0.000 0.000 2.0 0.167 0.193 0.000
0.0 0.0 0.0 1.0 0.0 0.0 0.0 0.0 0.0 0.0 0.263 0.000 0.000 0.000 4.0 0.227 0.187 0.000
0.0 0.0 0.0 0.0 0.0 0.0 1.0 0.0 0.0 0.0 0.211 0.000 0.000 0.000 2.0 0.227 0.123 0.000
0.0 1.0 0.0 0.0 0.0 0.0 0.0 0.0 0.0 0.0 0.316 0.000 0.000 0.000 2.0 0.106 0.193 0.000
0.0 0.0 0.0 1.0 0.0 0.0 0.0 0.0 0.0 0.0 0.289 0.000 0.000 0.000 2.0 0.152 0.187 0.000
0.0 0.0 0.0 1.0 0.0 0.0 0.0 0.0 0.0 0.0 0.263 0.000 0.000 0.000 3.0 0.182 0.076 0.000
1.0 0.0 0.0 0.0 0.0 0.0 0.0 0.0 0.0 0.0 0.184 0.000 0.000 0.000 2.0 0.273 0.041 0.000
0.0 1.0 0.0 0.0 0.0 0.0 0.0 0.0 0.0 0.0 0.184 0.000 0.000 0.000 3.0 0.409 0.070 0.000
0.0 0.0 0.0 1.0 0.0 0.0 0.0 0.0 0.0 0.0 0.237 0.000 0.000 0.000 2.0 0.227 0.076 0.000
0.0 1.0 0.0 0.0 0.0 0.0 0.0 0.0 0.0 0.0 0.211 0.000 0.000 0.000 2.0 0.106 0.047 0.000
0.0 1.0 0.0 0.0 0.0 0.0 0.0 0.0 0.0 0.0 0.184 0.000 0.000 0.000 2.0 0.212 0.041 0.000
0.0 0.0 0.0 0.0 0.0 0.0 0.0 1.0 0.0 0.0 0.211 0.000 0.000 0.000 2.0 0.197 0.123 0.000
0.0 0.0 0.0 0.0 0.0 0.0 1.0 0.0 0.0 0.0 0.184 0.000 0.000 0.000 2.0 0.182 0.070 0.000
0.0 1.0 0.0 0.0 0.0 0.0 0.0 0.0 0.0 0.0 0.158 0.000 0.000 0.000 2.0 0.197 0.041 0.000
0.0 1.0 0.0 0.0 0.0 0.0 0.0 0.0 1.0 0.0 0.026 0.000 0.000 0.000 2.0 0.091 0.012 0.000
0.0 1.0 0.0 0.0 0.0 0.0 0.0 0.0 0.0 0.0 0.237 0.000 0.000 0.000 2.0 0.121 0.088 0.000
0.0 0.0 1.0 0.0 0.0 0.0 0.0 0.0 1.0 0.0 0.211 0.000 0.000 0.000 2.0 0.091 0.082 0.000
0.0 0.0 0.0 0.0 0.0 0.0 1.0 0.0 0.0 0.0 0.184 0.000 0.000 0.000 2.0 0.121 0.076 0.000
0.0 0.0 0.0 0.0 0.0 0.0 1.0 0.0 0.0 0.0 0.158 0.000 0.000 0.000 2.0 0.136 0.058 0.000
0.0 1.0 0.0 0.0 0.0 0.0 0.0 0.0 0.0 0.0 0.079 0.000 0.000 0.000 2.0 0.106 0.029 0.000
0.0 0.0 0.0 0.0 0.0 0.0 1.0 0.0 0.0 0.0 0.053 0.000 0.000 0.000 2.0 0.076 0.023 0.000
0.0 0.0 0.0 0.0 0.0 0.0 1.0 0.0 1.0 0.0 0.026 0.000 0.000 0.000 2.0 0.061 0.012 0.000
0.0 0.0 0.0 0.0 0.0 0.0 0.0 1.0 1.0 0.0 0.026 0.000 0.000 0.000 2.0 0.061 0.012 0.000
0.0 0.0 0.0 0.0 0.0 0.0 1.0 0.0 0.0 0.0 0.132 0.000 0.000 0.000 2.0 0.136 0.029 0.000
0.0 1.0 0.0 0.0 0.0 0.0 0.0 0.0 0.0 0.0 0.053 0.000 0.000 0.000 2.0 0.076 0.012 0.000
0.0 1.0 0.0 0.0 0.0 0.0 0.0 0.0 1.0 0.0 0.026 0.000 0.000 0.000 1.0 0.045 0.006 0.000
0.0 0.0 0.0 1.0 0.0 0.0 0.0 0.0 0.0 0.0 0.105 0.000 0.000 0.000 2.0 0.121 0.018 0.000
0.0 0.0 0.0 1.0 0.0 0.0 0.0 0.0 1.0 0.0 0.053 0.000 0.000 0.000 2.0 0.106 0.012 0.000
0.0 1.0 0.0 0.0 0.0 0.0 0.0 0.0 0.0 0.0 0.079 0.000 0.000 0.000 2.0 0.091 0.018 0.000
0.0 0.0 0.0 1.0 0.0 0.0 0.0 0.0 1.0 0.0 0.053 0.000 0.000 0.000 2.0 0.106 0.012 0.000
0.0 0.0 0.0 0.0 0.0 0.0 1.0 0.0 1.0 0.0 0.053 0.000 0.000 0.000 2.0 0.076 0.018 0.000
0.0 0.0 0.0 0.0 0.0 0.0 0.0 1.0 1.0 0.0 0.026 0.000 0.000 0.000 2.0 0.045 0.012 0.000
0.0 0.0 0.0 0.0 0.0 0.0 0.0 1.0 0.0 0.0 0.184 0.000 0.000 0.000 2.0 0.197 0.058 0.000
0.0 0.0 0.0 0.0 0.0 1.0 0.0 0.0 0.0 0.0 0.105 0.000 0.000 0.000 2.0 0.136 0.018 0.000
0.0 1.0 0.0 0.0 0.0 0.0 0.0 0.0 0.0 0.0 0.079 0.000 0.000 0.000 2.0 0.091 0.018 0.000
0.0 0.0 0.0 1.0 0.0 0.0 0.0 0.0 1.0 0.0 0.053 0.000 0.000 0.000 2.0 0.076 0.012 0.000
0.0 0.0 0.0 0.0 0.0 1.0 0.0 0.0 1.0 0.0 0.053 0.000 0.000 0.000 2.0 0.091 0.012 0.000
0.0 1.0 0.0 0.0 0.0 0.0 0.0 0.0 1.0 0.0 0.026 0.000 0.000 0.000 1.0 0.076 0.006 0.000
0.0 0.0 0.0 1.0 0.0 0.0 0.0 0.0 0.0 0.0 0.158 0.000 0.000 0.000 2.0 0.167 0.041 0.000
0.0 0.0 0.0 1.0 0.0 0.0 0.0 0.0 0.0 0.0 0.105 0.000 0.000 0.000 2.0 0.121 0.035 0.000
0.0 0.0 0.0 0.0 0.0 0.0 1.0 0.0 0.0 0.0 0.079 0.000 0.000 0.000 2.0 0.136 0.023 0.000
0.0 0.0 0.0 0.0 0.0 0.0 0.0 1.0 1.0 0.0 0.026 0.000 0.000 0.000 2.0 0.061 0.012 0.000
0.0 0.0 0.0 1.0 0.0 0.0 0.0 0.0 0.0 0.0 0.132 0.000 0.000 0.000 2.0 0.136 0.041 0.000
0.0 0.0 0.0 0.0 0.0 0.0 1.0 0.0 0.0 0.0 0.105 0.000 0.000 0.000 2.0 0.121 0.029 0.000
0.0 0.0 0.0 0.0 0.0 0.0 1.0 0.0 1.0 0.0 0.026 0.000 0.000 0.000 2.0 0.106 0.012 0.000
0.0 1.0 0.0 0.0 0.0 0.0 0.0 0.0 0.0 0.0 0.079 0.000 0.000 0.000 2.0 0.106 0.018 0.000
0.0 0.0 0.0 0.0 0.0 0.0 0.0 1.0 1.0 0.0 0.053 0.000 0.000 0.000 2.0 0.136 0.012 0.000
0.0 1.0 0.0 0.0 0.0 0.0 0.0 0.0 1.0 0.0 0.026 0.000 0.000 0.000 1.0 0.152 0.006 0.000
0.0 0.0 0.0 0.0 0.0 0.0 0.0 1.0 1.0 0.0 0.053 0.000 0.000 0.000 2.0 0.136 0.012 0.000
0.0 1.0 0.0 0.0 0.0 0.0 0.0 0.0 1.0 1.0 0.026 0.000 0.000 0.000 1.0 0.015 0.006 0.500
0.0 1.0 0.0 0.0 0.0 0.0 0.0 0.0 1.0 0.0 0.026 0.000 0.000 0.000 1.0 0.015 0.006 0.000
0.0 1.0 0.0 0.0 0.0 0.0 0.0 0.0 1.0 0.0 0.026 0.000 0.000 0.000 2.0 0.015 0.012 0.000
0.0 1.0 0.0 0.0 0.0 0.0 0.0 0.0 1.0 0.0 0.026 0.000 0.000 0.000 1.0 0.015 0.006 0.000
0.0 0.0 0.0 1.0 0.0 0.0 0.0 0.0 1.0 1.0 0.079 0.000 0.000 0.000 2.0 0.061 0.018 0.500
0.0 1.0 0.0 0.0 0.0 0.0 0.0 0.0 0.0 0.0 0.053 0.026 0.026 0.026 1.0 0.061 0.012 0.500
0.0 0.0 0.0 1.0 0.0 0.0 0.0 0.0 1.0 0.0 0.026 0.053 0.053 0.053 2.0 0.061 0.012 0.500
0.0 0.0 0.0 1.0 0.0 0.0 0.0 0.0 0.0 0.0 0.132 0.000 0.000 0.000 2.0 0.076 0.082 0.000
0.0 0.0 0.0 1.0 0.0 0.0 0.0 0.0 1.0 0.0 0.026 0.000 0.000 0.000 2.0 0.045 0.012 0.000
0.0 0.0 0.0 1.0 0.0 0.0 0.0 0.0 1.0 1.0 0.132 0.000 0.000 0.000 2.0 0.061 0.076 0.500
0.0 0.0 1.0 0.0 0.0 0.0 0.0 0.0 1.0 0.0 0.105 0.026 0.026 0.026 3.0 0.121 0.070 0.500
0.0 0.0 1.0 0.0 0.0 0.0 0.0 0.0 0.0 0.0 0.079 0.053 0.053 0.053 2.0 0.197 0.058 0.500
0.0 0.0 0.0 1.0 0.0 0.0 0.0 0.0 1.0 0.0 0.053 0.079 0.079 0.079 2.0 0.106 0.029 0.500
0.0 0.0 0.0 1.0 0.0 0.0 0.0 0.0 1.0 0.0 0.026 0.105 0.105 0.105 4.0 0.091 0.023 0.500
0.0 0.0 0.0 1.0 0.0 0.0 0.0 0.0 1.0 0.0 0.053 0.079 0.079 0.079 2.0 0.106 0.029 0.500
0.0 0.0 0.0 1.0 0.0 0.0 0.0 0.0 1.0 0.0 0.026 0.105 0.105 0.105 4.0 0.091 0.023 0.500
0.0 0.0 1.0 0.0 0.0 0.0 0.0 0.0 1.0 0.0 0.026 0.000 0.000 0.000 2.0 0.015 0.012 0.000
0.0 1.0 0.0 0.0 0.0 0.0 0.0 0.0 0.0 0.0 0.158 0.000 0.000 0.000 1.0 0.333 0.041 0.000
0.0 1.0 0.0 0.0 0.0 0.0 0.0 0.0 0.0 0.0 0.158 0.000 0.000 0.000 1.0 0.273 0.035 0.000
0.0 1.0 0.0 0.0 0.0 0.0 0.0 0.0 0.0 0.0 0.158 0.000 0.000 0.000 1.0 0.394 0.041 0.000
0.0 0.0 0.0 1.0 0.0 0.0 0.0 0.0 1.0 0.0 0.026 0.000 0.000 0.000 4.0 0.015 0.023 0.000
0.0 1.0 0.0 0.0 0.0 0.0 0.0 0.0 0.0 0.0 0.211 0.000 0.000 0.000 2.0 0.061 0.064 0.000
0.0 0.0 0.0 0.0 0.0 1.0 0.0 0.0 0.0 0.0 0.184 0.000 0.000 0.000 2.0 0.076 0.058 0.000
0.0 0.0 0.0 0.0 0.0 0.0 0.0 1.0 1.0 0.0 0.158 0.000 0.000 0.000 2.0 0.182 0.047 0.000
0.0 1.0 0.0 0.0 0.0 0.0 0.0 0.0 1.0 0.0 0.026 0.000 0.000 0.000 2.0 0.061 0.012 0.000
0.0 0.0 0.0 1.0 0.0 0.0 0.0 0.0 1.0 0.0 0.184 0.000 0.000 0.000 2.0 0.091 0.047 0.000
0.0 0.0 0.0 1.0 0.0 0.0 0.0 0.0 1.0 0.0 0.395 0.000 0.000 0.000 4.0 0.227 0.719 0.000
0.0 0.0 0.0 0.0 0.0 1.0 0.0 0.0 0.0 0.0 0.368 0.000 0.000 0.000 4.0 0.242 0.620 0.000
0.0 0.0 0.0 0.0 0.0 0.0 0.0 1.0 1.0 0.0 0.211 0.000 0.000 0.000 2.0 0.136 0.058 0.000
0.0 0.0 0.0 1.0 0.0 0.0 0.0 0.0 0.0 0.0 0.184 0.000 0.000 0.000 2.0 0.106 0.053 0.000
0.0 0.0 0.0 1.0 0.0 0.0 0.0 0.0 1.0 0.0 0.079 0.000 0.000 0.000 2.0 0.152 0.018 0.000
0.0 0.0 0.0 1.0 0.0 0.0 0.0 0.0 1.0 0.0 0.158 0.000 0.000 0.000 2.0 0.167 0.041 0.000
0.0 0.0 0.0 1.0 0.0 0.0 0.0 0.0 0.0 0.0 0.132 0.000 0.000 0.000 4.0 0.318 0.035 0.000
0.0 0.0 0.0 1.0 0.0 0.0 0.0 0.0 1.0 0.0 0.053 0.000 0.000 0.000 2.0 0.258 0.018 0.000
0.0 0.0 0.0 1.0 0.0 0.0 0.0 0.0 1.0 0.0 0.053 0.000 0.000 0.000 2.0 0.258 0.018 0.000
0.0 0.0 0.0 1.0 0.0 0.0 0.0 0.0 1.0 0.0 0.105 0.000 0.000 0.000 2.0 0.273 0.018 0.000
0.0 0.0 0.0 1.0 0.0 0.0 0.0 0.0 1.0 0.0 0.079 0.000 0.000 0.000 2.0 0.288 0.018 0.000
0.0 0.0 0.0 0.0 0.0 0.0 0.0 1.0 1.0 0.0 0.211 0.000 0.000 0.000 2.0 0.136 0.058 0.000
0.0 0.0 0.0 1.0 0.0 0.0 0.0 0.0 0.0 0.0 0.184 0.000 0.000 0.000 2.0 0.106 0.053 0.000
0.0 0.0 0.0 1.0 0.0 0.0 0.0 0.0 1.0 0.0 0.079 0.000 0.000 0.000 2.0 0.152 0.018 0.000
0.0 0.0 0.0 1.0 0.0 0.0 0.0 0.0 1.0 0.0 0.158 0.000 0.000 0.000 2.0 0.167 0.041 0.000
0.0 0.0 0.0 1.0 0.0 0.0 0.0 0.0 0.0 0.0 0.132 0.000 0.000 0.000 4.0 0.258 0.035 0.000
0.0 0.0 0.0 1.0 0.0 0.0 0.0 0.0 1.0 0.0 0.053 0.000 0.000 0.000 2.0 0.258 0.018 0.000
0.0 0.0 0.0 1.0 0.0 0.0 0.0 0.0 1.0 0.0 0.053 0.000 0.000 0.000 2.0 0.258 0.018 0.000
0.0 0.0 0.0 1.0 0.0 0.0 0.0 0.0 1.0 0.0 0.105 0.000 0.000 0.000 2.0 0.273 0.018 0.000
0.0 0.0 0.0 1.0 0.0 0.0 0.0 0.0 1.0 0.0 0.079 0.000 0.000 0.000 2.0 0.288 0.018 0.000
0.0 1.0 0.0 0.0 0.0 0.0 0.0 0.0 0.0 0.0 0.211 0.000 0.000 0.000 2.0 0.152 0.058 0.000
0.0 0.0 0.0 0.0 0.0 1.0 0.0 0.0 0.0 0.0 0.184 0.000 0.000 0.000 3.0 0.167 0.053 0.000
0.0 0.0 0.0 0.0 0.0 1.0 0.0 0.0 0.0 0.0 0.158 0.000 0.000 0.000 2.0 0.242 0.041 0.000
0.0 0.0 0.0 0.0 0.0 1.0 0.0 0.0 1.0 0.0 0.026 0.000 0.000 0.000 2.0 0.076 0.012 0.000
0.0 0.0 0.0 1.0 0.0 0.0 0.0 0.0 0.0 0.0 0.342 0.000 0.000 0.000 4.0 0.258 0.544 0.000
0.0 0.0 0.0 1.0 0.0 0.0 0.0 0.0 1.0 0.0 0.237 0.000 0.000 0.000 2.0 0.167 0.146 0.000
0.0 0.0 0.0 1.0 0.0 0.0 0.0 0.0 0.0 0.0 0.211 0.000 0.000 0.000 4.0 0.182 0.140 0.000
0.0 0.0 0.0 1.0 0.0 0.0 0.0 0.0 0.0 0.0 0.184 0.000 0.000 0.000 2.0 0.318 0.041 0.000
0.0 1.0 0.0 0.0 0.0 0.0 0.0 0.0 1.0 0.0 0.026 0.000 0.000 0.000 1.0 0.197 0.006 0.000
0.0 0.0 0.0 0.0 0.0 0.0 0.0 1.0 1.0 0.0 0.184 0.000 0.000 0.000 2.0 0.167 0.047 0.000
0.0 1.0 0.0 0.0 0.0 0.0 0.0 0.0 0.0 0.0 0.158 0.000 0.000 0.000 1.0 0.303 0.041 0.000
0.0 0.0 0.0 0.0 0.0 0.0 0.0 1.0 1.0 0.0 0.184 0.000 0.000 0.000 2.0 0.167 0.047 0.000
0.0 1.0 0.0 0.0 0.0 0.0 0.0 0.0 0.0 0.0 0.158 0.000 0.000 0.000 1.0 0.348 0.041 0.000
0.0 0.0 0.0 1.0 0.0 0.0 0.0 0.0 0.0 0.0 0.132 0.053 0.053 0.053 4.0 0.424 0.041 0.500
0.0 0.0 0.0 1.0 0.0 0.0 0.0 0.0 1.0 0.0 0.053 0.132 0.132 0.132 2.0 0.288 0.018 0.500
0.0 0.0 0.0 1.0 0.0 0.0 0.0 0.0 1.0 0.0 0.053 0.132 0.132 0.132 2.0 0.288 0.018 0.500
0.0 0.0 0.0 1.0 0.0 0.0 0.0 0.0 1.0 0.0 0.105 0.079 0.079 0.079 2.0 0.303 0.018 0.500
0.0 1.0 0.0 0.0 0.0 0.0 0.0 0.0 0.0 0.0 0.105 0.079 0.079 0.079 2.0 0.182 0.023 0.500
0.0 0.0 0.0 1.0 0.0 0.0 0.0 0.0 1.0 0.0 0.079 0.105 0.105 0.105 2.0 0.212 0.018 0.500
0.0 0.0 0.0 0.0 0.0 0.0 0.0 1.0 1.0 0.0 0.184 0.000 0.000 0.000 2.0 0.167 0.041 0.000
0.0 1.0 0.0 0.0 0.0 0.0 0.0 0.0 0.0 0.0 0.158 0.000 0.000 0.000 1.0 0.288 0.035 0.000
0.0 0.0 0.0 1.0 0.0 0.0 0.0 0.0 0.0 0.0 0.132 0.000 0.000 0.000 4.0 0.318 0.035 0.000
0.0 0.0 0.0 1.0 0.0 0.0 0.0 0.0 1.0 0.0 0.053 0.000 0.000 0.000 2.0 0.273 0.018 0.000
0.0 0.0 0.0 1.0 0.0 0.0 0.0 0.0 1.0 0.0 0.053 0.000 0.000 0.000 2.0 0.273 0.018 0.000
0.0 0.0 0.0 1.0 0.0 0.0 0.0 0.0 1.0 0.0 0.105 0.000 0.000 0.000 2.0 0.288 0.018 0.000
0.0 0.0 0.0 1.0 0.0 0.0 0.0 0.0 1.0 0.0 0.079 0.000 0.000 0.000 2.0 0.303 0.018 0.000
0.0 0.0 0.0 1.0 0.0 0.0 0.0 0.0 0.0 0.0 0.105 0.000 0.000 0.000 2.0 0.212 0.053 0.000
0.0 0.0 0.0 1.0 0.0 0.0 0.0 0.0 0.0 0.0 0.079 0.000 0.000 0.000 4.0 0.167 0.047 0.000
0.0 0.0 0.0 0.0 1.0 0.0 0.0 0.0 1.0 0.0 0.026 0.000 0.000 0.000 2.0 0.091 0.012 0.000
0.0 0.0 0.0 0.0 0.0 0.0 0.0 1.0 1.0 0.0 0.053 0.000 0.000 0.000 2.0 0.136 0.012 0.000
0.0 1.0 0.0 0.0 0.0 0.0 0.0 0.0 1.0 0.0 0.026 0.000 0.000 0.000 1.0 0.121 0.006 0.000
0.0 0.0 0.0 0.0 0.0 0.0 0.0 1.0 1.0 0.0 0.053 0.000 0.000 0.000 2.0 0.121 0.012 0.000
0.0 1.0 0.0 0.0 0.0 0.0 0.0 0.0 1.0 0.0 0.026 0.000 0.000 0.000 1.0 0.106 0.006 0.000
0.0 0.0 0.0 0.0 0.0 0.0 0.0 1.0 1.0 0.0 0.053 0.000 0.000 0.000 2.0 0.136 0.012 0.000
0.0 1.0 0.0 0.0 0.0 0.0 0.0 0.0 1.0 0.0 0.026 0.000 0.000 0.000 1.0 0.136 0.006 0.000
0.0 0.0 0.0 0.0 0.0 0.0 0.0 1.0 0.0 0.0 0.211 0.000 0.000 0.000 2.0 0.197 0.058 0.000
0.0 1.0 0.0 0.0 0.0 0.0 0.0 0.0 1.0 0.0 0.026 0.000 0.000 0.000 1.0 0.212 0.006 0.000
0.0 0.0 0.0 1.0 0.0 0.0 0.0 0.0 0.0 0.0 0.184 0.000 0.000 0.000 2.0 0.121 0.053 0.000
0.0 0.0 0.0 1.0 0.0 0.0 0.0 0.0 1.0 0.0 0.079 0.000 0.000 0.000 2.0 0.152 0.018 0.000
0.0 0.0 0.0 1.0 0.0 0.0 0.0 0.0 1.0 0.0 0.158 0.000 0.000 0.000 2.0 0.197 0.041 0.000
0.0 0.0 0.0 1.0 0.0 0.0 0.0 0.0 0.0 0.0 0.132 0.000 0.000 0.000 4.0 0.379 0.035 0.000
0.0 0.0 0.0 1.0 0.0 0.0 0.0 0.0 1.0 0.0 0.053 0.000 0.000 0.000 2.0 0.288 0.018 0.000
0.0 0.0 0.0 1.0 0.0 0.0 0.0 0.0 1.0 0.0 0.053 0.000 0.000 0.000 2.0 0.288 0.018 0.000
0.0 0.0 0.0 1.0 0.0 0.0 0.0 0.0 1.0 0.0 0.105 0.000 0.000 0.000 2.0 0.303 0.018 0.000
0.0 0.0 0.0 1.0 0.0 0.0 0.0 0.0 1.0 0.0 0.079 0.000 0.000 0.000 2.0 0.318 0.018 0.000
0.0 0.0 0.0 0.0 0.0 1.0 0.0 0.0 0.0 0.0 0.316 0.000 0.000 0.000 2.0 0.167 0.333 0.000
0.0 0.0 0.0 0.0 0.0 1.0 0.0 0.0 1.0 0.0 0.132 0.000 0.000 0.000 2.0 0.106 0.099 0.000
0.0 0.0 0.0 0.0 0.0 1.0 0.0 0.0 0.0 0.0 0.105 0.000 0.000 0.000 2.0 0.182 0.094 0.000
0.0 0.0 0.0 1.0 0.0 0.0 0.0 0.0 1.0 0.0 0.079 0.000 0.000 0.000 4.0 0.136 0.047 0.000
0.0 0.0 0.0 0.0 1.0 0.0 0.0 0.0 1.0 0.0 0.053 0.000 0.000 0.000 2.0 0.136 0.018 0.000
0.0 1.0 0.0 0.0 0.0 0.0 0.0 0.0 1.0 0.0 0.053 0.000 0.000 0.000 3.0 0.136 0.023 0.000
0.0 0.0 0.0 0.0 0.0 0.0 1.0 0.0 1.0 0.0 0.053 0.000 0.000 0.000 2.0 0.106 0.018 0.000
0.0 0.0 0.0 1.0 0.0 0.0 0.0 0.0 0.0 0.0 0.079 0.000 0.000 0.000 4.0 0.197 0.047 0.000
0.0 0.0 0.0 1.0 0.0 0.0 0.0 0.0 0.0 0.0 0.053 0.000 0.000 0.000 2.0 0.197 0.012 0.000
0.0 0.0 0.0 0.0 0.0 0.0 0.0 1.0 1.0 0.0 0.053 0.000 0.000 0.000 2.0 0.136 0.012 0.000
0.0 1.0 0.0 0.0 0.0 0.0 0.0 0.0 1.0 0.0 0.026 0.000 0.000 0.000 1.0 0.121 0.006 0.000
0.0 0.0 0.0 0.0 0.0 0.0 0.0 1.0 1.0 0.0 0.053 0.000 0.000 0.000 2.0 0.136 0.012 0.000
0.0 1.0 0.0 0.0 0.0 0.0 0.0 0.0 1.0 0.0 0.026 0.000 0.000 0.000 1.0 0.136 0.006 0.000
0.0 0.0 0.0 0.0 0.0 0.0 0.0 1.0 1.0 0.0 0.053 0.000 0.000 0.000 2.0 0.152 0.012 0.000
0.0 1.0 0.0 0.0 0.0 0.0 0.0 0.0 1.0 0.0 0.026 0.000 0.000 0.000 1.0 0.182 0.006 0.000
0.0 0.0 0.0 0.0 0.0 1.0 0.0 0.0 0.0 0.0 0.289 0.000 0.000 0.000 2.0 0.167 0.292 0.000
0.0 0.0 0.0 0.0 0.0 1.0 0.0 0.0 0.0 0.0 0.263 0.000 0.000 0.000 4.0 0.258 0.292 0.000
0.0 0.0 0.0 0.0 0.0 0.0 0.0 1.0 1.0 0.0 0.132 0.000 0.000 0.000 2.0 0.182 0.041 0.000
0.0 0.0 0.0 1.0 0.0 0.0 0.0 0.0 0.0 0.0 0.105 0.000 0.000 0.000 4.0 0.227 0.035 0.000
0.0 0.0 0.0 1.0 0.0 0.0 0.0 0.0 1.0 0.0 0.053 0.000 0.000 0.000 2.0 0.242 0.018 0.000
0.0 0.0 0.0 1.0 0.0 0.0 0.0 0.0 1.0 0.0 0.079 0.000 0.000 0.000 2.0 0.273 0.018 0.000
0.0 0.0 0.0 1.0 0.0 0.0 0.0 0.0 1.0 0.0 0.079 0.000 0.000 0.000 2.0 0.258 0.018 0.000
0.0 0.0 0.0 1.0 0.0 0.0 0.0 0.0 1.0 0.0 0.079 0.000 0.000 0.000 2.0 0.258 0.018 0.000
0.0 0.0 0.0 0.0 0.0 0.0 0.0 1.0 1.0 0.0 0.132 0.000 0.000 0.000 2.0 0.182 0.041 0.000
0.0 0.0 0.0 1.0 0.0 0.0 0.0 0.0 0.0 0.0 0.105 0.000 0.000 0.000 4.0 0.212 0.035 0.000
0.0 0.0 0.0 1.0 0.0 0.0 0.0 0.0 1.0 0.0 0.053 0.000 0.000 0.000 2.0 0.242 0.018 0.000
0.0 0.0 0.0 1.0 0.0 0.0 0.0 0.0 1.0 0.0 0.079 0.000 0.000 0.000 2.0 0.273 0.018 0.000
0.0 0.0 0.0 1.0 0.0 0.0 0.0 0.0 1.0 0.0 0.079 0.000 0.000 0.000 2.0 0.258 0.018 0.000
0.0 0.0 0.0 1.0 0.0 0.0 0.0 0.0 1.0 0.0 0.079 0.000 0.000 0.000 2.0 0.258 0.018 0.000
0.0 0.0 0.0 1.0 0.0 0.0 0.0 0.0 0.0 0.0 0.184 0.000 0.000 0.000 3.0 0.212 0.082 0.000
0.0 0.0 0.0 0.0 0.0 0.0 0.0 1.0 1.0 0.0 0.132 0.000 0.000 0.000 2.0 0.167 0.041 0.000
0.0 0.0 1.0 0.0 0.0 0.0 0.0 0.0 0.0 0.0 0.105 0.000 0.000 0.000 4.0 0.227 0.035 0.000
0.0 0.0 0.0 1.0 0.0 0.0 0.0 0.0 1.0 0.0 0.053 0.000 0.000 0.000 2.0 0.242 0.018 0.000
0.0 0.0 0.0 1.0 0.0 0.0 0.0 0.0 1.0 0.0 0.079 0.000 0.000 0.000 2.0 0.273 0.018 0.000
0.0 0.0 0.0 1.0 0.0 0.0 0.0 0.0 1.0 0.0 0.079 0.000 0.000 0.000 2.0 0.258 0.018 0.000
0.0 0.0 0.0 1.0 0.0 0.0 0.0 0.0 1.0 0.0 0.079 0.000 0.000 0.000 2.0 0.258 0.018 0.000
0.0 0.0 0.0 1.0 0.0 0.0 0.0 0.0 0.0 0.0 0.158 0.000 0.000 0.000 2.0 0.182 0.047 0.000
0.0 1.0 0.0 0.0 0.0 0.0 0.0 0.0 0.0 0.0 0.132 0.000 0.000 0.000 1.0 0.318 0.035 0.000
0.0 1.0 0.0 0.0 0.0 0.0 0.0 0.0 0.0 0.0 0.053 0.000 0.000 0.000 1.0 0.258 0.012 0.000
0.0 1.0 0.0 0.0 0.0 0.0 0.0 0.0 0.0 0.0 0.132 0.000 0.000 0.000 3.0 0.242 0.053 0.000
0.0 0.0 0.0 1.0 0.0 0.0 0.0 0.0 0.0 0.0 0.105 0.000 0.000 0.000 4.0 0.258 0.035 0.000
0.0 0.0 0.0 1.0 0.0 0.0 0.0 0.0 1.0 0.0 0.053 0.000 0.000 0.000 2.0 0.242 0.018 0.000
0.0 0.0 0.0 1.0 0.0 0.0 0.0 0.0 1.0 0.0 0.079 0.000 0.000 0.000 2.0 0.273 0.018 0.000
0.0 0.0 0.0 1.0 0.0 0.0 0.0 0.0 1.0 0.0 0.079 0.000 0.000 0.000 2.0 0.258 0.018 0.000
0.0 0.0 0.0 1.0 0.0 0.0 0.0 0.0 1.0 0.0 0.079 0.000 0.000 0.000 2.0 0.258 0.018 0.000
0.0 0.0 0.0 1.0 0.0 0.0 0.0 0.0 0.0 0.0 0.237 0.000 0.000 0.000 4.0 0.348 0.164 0.000
0.0 0.0 0.0 1.0 0.0 0.0 0.0 0.0 0.0 0.0 0.132 0.000 0.000 0.000 4.0 0.318 0.041 0.000
0.0 0.0 0.0 1.0 0.0 0.0 0.0 0.0 1.0 0.0 0.053 0.000 0.000 0.000 2.0 0.273 0.018 0.000
0.0 0.0 0.0 1.0 0.0 0.0 0.0 0.0 1.0 0.0 0.079 0.000 0.000 0.000 2.0 0.303 0.018 0.000
0.0 0.0 0.0 1.0 0.0 0.0 0.0 0.0 1.0 0.0 0.079 0.000 0.000 0.000 2.0 0.288 0.018 0.000
0.0 1.0 0.0 0.0 0.0 0.0 0.0 0.0 0.0 0.0 0.105 0.000 0.000 0.000 2.0 0.167 0.023 0.000
0.0 0.0 0.0 1.0 0.0 0.0 0.0 0.0 1.0 0.0 0.079 0.000 0.000 0.000 2.0 0.197 0.018 0.000
0.0 0.0 0.0 1.0 0.0 0.0 0.0 0.0 0.0 0.0 0.132 0.000 0.000 0.000 2.0 0.288 0.041 0.000
0.0 1.0 0.0 0.0 0.0 0.0 0.0 0.0 1.0 0.0 0.026 0.000 0.000 0.000 1.0 0.227 0.006 0.000
0.0 0.0 0.0 0.0 0.0 0.0 0.0 1.0 0.0 0.0 0.184 0.000 0.000 0.000 2.0 0.182 0.053 0.000
0.0 1.0 0.0 0.0 0.0 0.0 0.0 0.0 1.0 0.0 0.026 0.000 0.000 0.000 2.0 0.091 0.012 0.000
0.0 1.0 0.0 0.0 0.0 0.0 0.0 0.0 0.0 0.0 0.158 0.000 0.000 0.000 1.0 0.288 0.041 0.000
0.0 0.0 0.0 1.0 0.0 0.0 0.0 0.0 0.0 0.0 0.132 0.000 0.000 0.000 4.0 0.288 0.041 0.000
0.0 0.0 0.0 1.0 0.0 0.0 0.0 0.0 1.0 0.0 0.053 0.000 0.000 0.000 2.0 0.258 0.018 0.000
0.0 0.0 0.0 1.0 0.0 0.0 0.0 0.0 1.0 0.0 0.079 0.000 0.000 0.000 2.0 0.288 0.018 0.000
0.0 0.0 0.0 1.0 0.0 0.0 0.0 0.0 1.0 0.0 0.079 0.000 0.000 0.000 2.0 0.273 0.018 0.000
0.0 1.0 0.0 0.0 0.0 0.0 0.0 0.0 0.0 0.0 0.105 0.000 0.000 0.000 2.0 0.152 0.023 0.000
0.0 0.0 0.0 1.0 0.0 0.0 0.0 0.0 1.0 0.0 0.079 0.000 0.000 0.000 2.0 0.197 0.018 0.000
0.0 0.0 0.0 0.0 0.0 1.0 0.0 0.0 0.0 0.0 0.263 0.000 0.000 0.000 4.0 0.242 0.187 0.000
0.0 0.0 0.0 0.0 0.0 0.0 1.0 0.0 0.0 0.0 0.184 0.000 0.000 0.000 2.0 0.167 0.058 0.000
0.0 1.0 0.0 0.0 0.0 0.0 0.0 0.0 1.0 0.0 0.026 0.000 0.000 0.000 2.0 0.152 0.012 0.000
0.0 0.0 0.0 1.0 0.0 0.0 0.0 0.0 0.0 0.0 0.158 0.000 0.000 0.000 2.0 0.121 0.047 0.000
0.0 0.0 0.0 1.0 0.0 0.0 0.0 0.0 1.0 0.0 0.079 0.000 0.000 0.000 2.0 0.152 0.018 0.000
0.0 0.0 0.0 1.0 0.0 0.0 0.0 0.0 1.0 0.0 0.132 0.000 0.000 0.000 2.0 0.197 0.035 0.000
0.0 0.0 0.0 1.0 0.0 0.0 0.0 0.0 0.0 0.0 0.105 0.000 0.000 0.000 4.0 0.364 0.029 0.000
0.0 0.0 0.0 1.0 0.0 0.0 0.0 0.0 1.0 0.0 0.079 0.000 0.000 0.000 2.0 0.318 0.018 0.000
0.0 0.0 0.0 1.0 0.0 0.0 0.0 0.0 1.0 0.0 0.053 0.000 0.000 0.000 2.0 0.182 0.012 0.000
0.0 0.0 0.0 1.0 0.0 0.0 0.0 0.0 1.0 0.0 0.026 0.000 0.000 0.000 2.0 0.152 0.012 0.000
0.0 0.0 0.0 0.0 0.0 1.0 0.0 0.0 0.0 0.0 0.211 0.000 0.000 0.000 2.0 0.182 0.064 0.000
0.0 1.0 0.0 0.0 0.0 0.0 0.0 0.0 0.0 0.0 0.053 0.000 0.000 0.000 2.0 0.167 0.018 0.000
0.0 1.0 0.0 0.0 0.0 0.0 0.0 0.0 1.0 0.0 0.026 0.000 0.000 0.000 2.0 0.197 0.012 0.000
0.0 0.0 0.0 0.0 0.0 1.0 0.0 0.0 0.0 0.0 0.237 0.000 0.000 0.000 2.0 0.182 0.070 0.000
0.0 0.0 0.0 0.0 0.0 0.0 1.0 0.0 0.0 0.0 0.053 0.000 0.000 0.000 2.0 0.152 0.023 0.000
0.0 1.0 0.0 0.0 0.0 0.0 0.0 0.0 1.0 0.0 0.026 0.000 0.000 0.000 2.0 0.061 0.012 0.000
0.0 0.0 1.0 0.0 0.0 0.0 0.0 0.0 1.0 0.0 0.211 0.000 0.000 0.000 2.0 0.182 0.064 0.000
0.0 0.0 0.0 0.0 0.0 0.0 1.0 0.0 0.0 0.0 0.184 0.000 0.000 0.000 2.0 0.167 0.058 0.000
0.0 1.0 0.0 0.0 0.0 0.0 0.0 0.0 1.0 0.0 0.026 0.000 0.000 0.000 2.0 0.227 0.012 0.000
0.0 1.0 0.0 0.0 0.0 0.0 0.0 0.0 0.0 0.0 0.158 0.000 0.000 0.000 2.0 0.182 0.047 0.000
0.0 0.0 0.0 1.0 0.0 0.0 0.0 0.0 0.0 0.0 0.132 0.000 0.000 0.000 4.0 0.379 0.041 0.000
0.0 0.0 0.0 1.0 0.0 0.0 0.0 0.0 1.0 0.0 0.053 0.000 0.000 0.000 2.0 0.273 0.018 0.000
0.0 0.0 0.0 1.0 0.0 0.0 0.0 0.0 1.0 0.0 0.079 0.000 0.000 0.000 2.0 0.303 0.018 0.000
0.0 0.0 0.0 1.0 0.0 0.0 0.0 0.0 1.0 0.0 0.079 0.000 0.000 0.000 2.0 0.288 0.018 0.000
0.0 1.0 0.0 0.0 0.0 0.0 0.0 0.0 0.0 0.0 0.105 0.000 0.000 0.000 2.0 0.167 0.023 0.000
0.0 0.0 0.0 1.0 0.0 0.0 0.0 0.0 1.0 0.0 0.079 0.000 0.000 0.000 2.0 0.197 0.018 0.000
0.0 0.0 0.0 0.0 0.0 1.0 0.0 0.0 0.0 0.0 0.263 0.000 0.000 0.000 2.0 0.136 0.129 0.000
0.0 1.0 0.0 0.0 0.0 0.0 0.0 0.0 0.0 0.0 0.184 0.000 0.000 0.000 2.0 0.106 0.058 0.000
0.0 0.0 0.0 1.0 0.0 0.0 0.0 0.0 1.0 0.0 0.158 0.000 0.000 0.000 3.0 0.121 0.053 0.000
0.0 0.0 0.0 1.0 0.0 0.0 0.0 0.0 0.0 0.0 0.053 0.000 0.000 0.000 2.0 0.121 0.012 0.000
0.0 1.0 0.0 0.0 0.0 0.0 0.0 0.0 1.0 0.0 0.026 0.000 0.000 0.000 1.0 0.106 0.006 0.000
0.0 1.0 0.0 0.0 0.0 0.0 0.0 0.0 1.0 0.0 0.026 0.000 0.000 0.000 1.0 0.106 0.006 0.000
0.0 0.0 0.0 1.0 0.0 0.0 0.0 0.0 1.0 0.0 0.132 0.000 0.000 0.000 2.0 0.182 0.041 0.000
0.0 0.0 1.0 0.0 0.0 0.0 0.0 0.0 0.0 0.0 0.105 0.000 0.000 0.000 4.0 0.288 0.035 0.000
0.0 0.0 0.0 1.0 0.0 0.0 0.0 0.0 1.0 0.0 0.053 0.000 0.000 0.000 2.0 0.273 0.018 0.000
0.0 0.0 0.0 0.0 0.0 1.0 0.0 0.0 1.0 0.0 0.026 0.000 0.000 0.000 2.0 0.288 0.012 0.000
0.0 0.0 0.0 1.0 0.0 0.0 0.0 0.0 1.0 0.0 0.079 0.000 0.000 0.000 2.0 0.303 0.018 0.000
0.0 0.0 0.0 0.0 0.0 1.0 0.0 0.0 0.0 0.0 0.053 0.000 0.000 0.000 2.0 0.348 0.012 0.000
0.0 0.0 0.0 1.0 0.0 0.0 0.0 0.0 1.0 0.0 0.079 0.000 0.000 0.000 2.0 0.288 0.018 0.000
0.0 0.0 0.0 0.0 0.0 1.0 0.0 0.0 1.0 0.0 0.053 0.000 0.000 0.000 2.0 0.318 0.012 0.000
0.0 1.0 0.0 0.0 0.0 0.0 0.0 0.0 1.0 0.0 0.026 0.000 0.000 0.000 1.0 0.333 0.006 0.000
0.0 0.0 0.0 1.0 0.0 0.0 0.0 0.0 1.0 0.0 0.079 0.000 0.000 0.000 2.0 0.288 0.018 0.000
0.0 0.0 0.0 0.0 0.0 1.0 0.0 0.0 1.0 0.0 0.053 0.000 0.000 0.000 2.0 0.318 0.012 0.000
0.0 1.0 0.0 0.0 0.0 0.0 0.0 0.0 1.0 0.0 0.026 0.000 0.000 0.000 1.0 0.333 0.006 0.000
0.0 1.0 0.0 0.0 0.0 0.0 0.0 0.0 0.0 0.0 0.237 0.000 0.000 0.000 2.0 0.106 0.070 0.000
0.0 0.0 0.0 1.0 0.0 0.0 0.0 0.0 0.0 0.0 0.211 0.000 0.000 0.000 2.0 0.136 0.064 0.000
0.0 1.0 0.0 0.0 0.0 0.0 0.0 0.0 1.0 0.0 0.026 0.000 0.000 0.000 1.0 0.136 0.006 0.000
0.0 0.0 1.0 0.0 0.0 0.0 0.0 0.0 0.0 0.0 0.184 0.000 0.000 0.000 2.0 0.152 0.058 0.000
0.0 0.0 0.0 1.0 0.0 0.0 0.0 0.0 1.0 0.0 0.079 0.000 0.000 0.000 2.0 0.167 0.018 0.000
0.0 1.0 0.0 0.0 0.0 0.0 0.0 0.0 0.0 0.0 0.053 0.000 0.000 0.000 2.0 0.212 0.012 0.000
0.0 1.0 0.0 0.0 0.0 0.0 0.0 0.0 1.0 0.0 0.026 0.000 0.000 0.000 1.0 0.197 0.006 0.000
0.0 0.0 0.0 1.0 0.0 0.0 0.0 0.0 1.0 0.0 0.158 0.000 0.000 0.000 2.0 0.182 0.047 0.000
0.0 0.0 0.0 1.0 0.0 0.0 0.0 0.0 0.0 0.0 0.132 0.053 0.053 0.053 4.0 0.258 0.041 0.500
0.0 0.0 0.0 1.0 0.0 0.0 0.0 0.0 1.0 0.0 0.053 0.132 0.132 0.132 2.0 0.258 0.018 0.500
0.0 0.0 0.0 1.0 0.0 0.0 0.0 0.0 1.0 0.0 0.105 0.079 0.079 0.079 2.0 0.273 0.018 0.500
0.0 0.0 0.0 1.0 0.0 0.0 0.0 0.0 1.0 0.0 0.079 0.105 0.105 0.105 2.0 0.288 0.018 0.500
0.0 1.0 0.0 0.0 0.0 0.0 0.0 0.0 0.0 0.0 0.079 0.105 0.105 0.105 2.0 0.152 0.023 0.500
0.0 0.0 0.0 1.0 0.0 0.0 0.0 0.0 1.0 0.0 0.053 0.132 0.132 0.132 2.0 0.182 0.018 0.500
0.0 0.0 0.0 1.0 0.0 0.0 0.0 0.0 0.0 0.0 0.289 0.000 0.000 0.000 2.0 0.091 0.053 0.000
0.0 0.0 0.0 1.0 0.0 0.0 0.0 0.0 0.0 0.0 0.263 0.000 0.000 0.000 2.0 0.136 0.053 0.000
0.0 0.0 0.0 1.0 0.0 0.0 0.0 0.0 1.0 0.0 0.158 0.000 0.000 0.000 2.0 0.167 0.041 0.000
0.0 0.0 0.0 1.0 0.0 0.0 0.0 0.0 0.0 1.0 0.342 0.000 0.000 0.000 2.0 0.091 0.111 0.500
0.0 0.0 0.0 1.0 0.0 0.0 0.0 0.0 1.0 0.0 0.158 0.184 0.184 0.184 2.0 0.152 0.041 0.500
0.0 0.0 0.0 1.0 0.0 0.0 0.0 0.0 0.0 0.0 0.316 0.026 0.026 0.026 2.0 0.121 0.111 0.500
0.0 1.0 0.0 0.0 0.0 0.0 0.0 0.0 1.0 0.0 0.026 0.316 0.316 0.316 1.0 0.106 0.006 0.500
0.0 0.0 0.0 0.0 0.0 0.0 1.0 0.0 0.0 0.0 0.289 0.053 0.053 0.053 2.0 0.136 0.105 0.500
0.0 1.0 0.0 0.0 0.0 0.0 0.0 0.0 0.0 0.0 0.263 0.079 0.079 0.079 2.0 0.121 0.053 0.500
0.0 1.0 0.0 0.0 0.0 0.0 0.0 0.0 0.0 0.0 0.237 0.105 0.105 0.105 1.0 0.167 0.047 0.500
0.0 0.0 0.0 0.0 0.0 1.0 0.0 0.0 1.0 0.0 0.211 0.132 0.132 0.132 2.0 0.167 0.047 0.500
0.0 0.0 0.0 0.0 0.0 0.0 1.0 0.0 0.0 0.0 0.211 0.132 0.132 0.132 2.0 0.197 0.094 0.500
0.0 0.0 0.0 0.0 0.0 0.0 1.0 0.0 0.0 0.0 0.158 0.184 0.184 0.184 2.0 0.394 0.064 0.500
0.0 0.0 0.0 1.0 0.0 0.0 0.0 0.0 0.0 0.0 0.132 0.211 0.211 0.211 4.0 0.288 0.035 0.500
0.0 0.0 0.0 1.0 0.0 0.0 0.0 0.0 1.0 0.0 0.053 0.289 0.289 0.289 2.0 0.258 0.018 0.500
0.0 0.0 0.0 1.0 0.0 0.0 0.0 0.0 1.0 0.0 0.053 0.289 0.289 0.289 2.0 0.258 0.018 0.500
0.0 0.0 0.0 1.0 0.0 0.0 0.0 0.0 1.0 0.0 0.105 0.237 0.237 0.237 2.0 0.273 0.018 0.500
0.0 0.0 0.0 1.0 0.0 0.0 0.0 0.0 1.0 0.0 0.079 0.263 0.263 0.263 2.0 0.288 0.018 0.500
0.0 0.0 0.0 1.0 0.0 0.0 0.0 0.0 0.0 0.0 0.132 0.211 0.211 0.211 4.0 0.348 0.041 0.500
0.0 0.0 0.0 1.0 0.0 0.0 0.0 0.0 1.0 0.0 0.053 0.289 0.289 0.289 2.0 0.258 0.018 0.500
0.0 0.0 0.0 1.0 0.0 0.0 0.0 0.0 1.0 0.0 0.053 0.289 0.289 0.289 2.0 0.258 0.018 0.500
0.0 0.0 0.0 1.0 0.0 0.0 0.0 0.0 1.0 0.0 0.105 0.237 0.237 0.237 2.0 0.273 0.018 0.500
0.0 1.0 0.0 0.0 0.0 0.0 0.0 0.0 0.0 0.0 0.105 0.237 0.237 0.237 2.0 0.152 0.023 0.500
0.0 0.0 0.0 1.0 0.0 0.0 0.0 0.0 1.0 0.0 0.079 0.263 0.263 0.263 2.0 0.212 0.018 0.500
0.0 1.0 0.0 0.0 0.0 0.0 0.0 0.0 0.0 0.0 0.184 0.158 0.158 0.158 2.0 0.273 0.041 0.500
0.0 1.0 0.0 0.0 0.0 0.0 0.0 0.0 0.0 0.0 0.158 0.184 0.184 0.184 1.0 0.530 0.035 0.500
0.0 0.0 0.0 1.0 0.0 0.0 0.0 0.0 0.0 0.0 0.132 0.211 0.211 0.211 4.0 0.424 0.035 0.500
0.0 0.0 0.0 1.0 0.0 0.0 0.0 0.0 1.0 0.0 0.053 0.289 0.289 0.289 2.0 0.273 0.018 0.500
0.0 0.0 1.0 0.0 0.0 0.0 0.0 0.0 1.0 0.0 0.026 0.158 0.316 0.237 2.0 0.288 0.012 1.000
0.0 0.0 0.0 1.0 0.0 0.0 0.0 0.0 1.0 0.0 0.053 0.289 0.289 0.289 2.0 0.273 0.018 0.500
0.0 0.0 0.0 0.0 0.0 1.0 0.0 0.0 1.0 0.0 0.026 0.158 0.316 0.237 2.0 0.288 0.012 1.000
0.0 0.0 0.0 1.0 0.0 0.0 0.0 0.0 1.0 0.0 0.105 0.237 0.237 0.237 2.0 0.288 0.018 0.500
0.0 1.0 0.0 0.0 0.0 0.0 0.0 0.0 0.0 0.0 0.079 0.105 0.263 0.184 1.0 0.333 0.012 1.000
0.0 0.0 0.0 1.0 0.0 0.0 0.0 0.0 1.0 0.0 0.053 0.132 0.289 0.211 2.0 0.333 0.012 1.000
0.0 0.0 0.0 1.0 0.0 0.0 0.0 0.0 1.0 0.0 0.079 0.263 0.263 0.263 2.0 0.303 0.018 0.500
0.0 0.0 0.0 0.0 0.0 1.0 0.0 0.0 1.0 0.0 0.053 0.132 0.289 0.211 2.0 0.364 0.012 1.000
0.0 1.0 0.0 0.0 0.0 0.0 0.0 0.0 1.0 0.0 0.026 0.158 0.316 0.237 1.0 0.242 0.006 1.000
