0.0 1.0 0.0 0.0 0.0 0.0 0.0 0.0 1.0 0.0 0.023 0.795 0.977 0.847 1.0 0.137 0.014 1.000
0.0 1.0 0.0 0.0 0.0 0.0 0.0 0.0 1.0 0.0 0.023 0.795 0.977 0.847 1.0 0.096 0.014 1.000
0.0 1.0 0.0 0.0 0.0 0.0 0.0 0.0 1.0 0.0 0.023 0.795 0.977 0.847 2.0 0.137 0.028 1.000
0.0 1.0 0.0 0.0 0.0 0.0 0.0 0.0 1.0 0.0 0.023 0.795 0.977 0.847 1.0 0.178 0.014 1.000
0.0 1.0 0.0 0.0 0.0 0.0 0.0 0.0 1.0 0.0 0.023 0.795 0.977 0.847 1.0 0.096 0.014 1.000
0.0 1.0 0.0 0.0 0.0 0.0 0.0 0.0 1.0 0.0 0.023 0.795 0.977 0.847 2.0 0.096 0.028 1.000
0.0 1.0 0.0 0.0 0.0 0.0 0.0 0.0 1.0 0.0 0.023 0.795 0.977 0.847 1.0 0.137 0.014 1.000
0.0 1.0 0.0 0.0 0.0 0.0 0.0 0.0 1.0 0.0 0.023 0.795 0.977 0.847 1.0 0.137 0.014 1.000
0.0 1.0 0.0 0.0 0.0 0.0 0.0 0.0 1.0 0.0 0.023 0.795 0.977 0.847 1.0 0.178 0.014 1.000
0.0 1.0 0.0 0.0 0.0 0.0 0.0 0.0 1.0 0.0 0.023 0.795 0.977 0.847 1.0 0.137 0.014 1.000
0.0 1.0 0.0 0.0 0.0 0.0 0.0 0.0 1.0 0.0 0.023 0.795 0.977 0.847 1.0 0.096 0.014 1.000
0.0 1.0 0.0 0.0 0.0 0.0 0.0 0.0 1.0 0.0 0.023 0.795 0.977 0.847 1.0 0.096 0.014 1.000
0.0 1.0 0.0 0.0 0.0 0.0 0.0 0.0 1.0 0.0 0.023 0.795 0.977 0.847 1.0 0.137 0.014 1.000
0.0 1.0 0.0 0.0 0.0 0.0 0.0 0.0 1.0 0.0 0.023 0.795 0.977 0.847 1.0 0.137 0.014 1.000
0.0 1.0 0.0 0.0 0.0 0.0 0.0 0.0 1.0 0.0 0.023 0.795 0.977 0.847 1.0 0.137 0.014 1.000
0.0 1.0 0.0 0.0 0.0 0.0 0.0 0.0 1.0 0.0 0.023 0.795 0.977 0.847 1.0 0.137 0.014 1.000
0.0 0.0 0.0 1.0 0.0 0.0 0.0 0.0 1.0 0.0 0.023 0.955 0.955 0.955 2.0 0.068 0.028 0.040
0.0 0.0 0.0 1.0 0.0 0.0 0.0 0.0 1.0 0.0 0.023 0.932 0.932 0.932 2.0 0.068 0.028 0.040
0.0 1.0 0.0 0.0 0.0 0.0 0.0 0.0 1.0 0.0 0.023 0.795 0.977 0.847 1.0 0.110 0.014 1.000
0.0 1.0 0.0 0.0 0.0 0.0 0.0 0.0 1.0 0.0 0.023 0.795 0.977 0.847 1.0 0.082 0.014 1.000
1.0 0.0 0.0 0.0 0.0 0.0 0.0 0.0 1.0 0.0 0.023 0.795 0.977 0.847 1.0 0.110 0.014 1.000
1.0 0.0 0.0 0.0 0.0 0.0 0.0 0.0 1.0 0.0 0.023 0.795 0.977 0.847 1.0 0.151 0.014 1.000
0.0 1.0 0.0 0.0 0.0 0.0 0.0 0.0 1.0 0.0 0.023 0.795 0.977 0.847 1.0 0.096 0.014 1.000
0.0 1.0 0.0 0.0 0.0 0.0 0.0 0.0 1.0 0.0 0.023 0.795 0.977 0.847 1.0 0.096 0.014 1.000
0.0 1.0 0.0 0.0 0.0 0.0 0.0 0.0 1.0 0.0 0.023 0.795 0.977 0.847 1.0 0.096 0.014 1.000
0.0 1.0 0.0 0.0 0.0 0.0 0.0 0.0 1.0 0.0 0.023 0.795 0.977 0.847 1.0 0.096 0.014 1.000
0.0 1.0 0.0 0.0 0.0 0.0 0.0 0.0 1.0 0.0 0.023 0.955 0.955 0.955 1.0 0.068 0.014 0.040
0.0 1.0 0.0 0.0 0.0 0.0 0.0 0.0 1.0 0.0 0.023 0.932 0.932 0.932 1.0 0.068 0.014 0.040
0.0 1.0 0.0 0.0 0.0 0.0 0.0 0.0 1.0 0.0 0.023 0.795 0.977 0.862 1.0 0.110 0.014 0.640
0.0 1.0 0.0 0.0 0.0 0.0 0.0 0.0 1.0 0.0 0.023 0.795 0.977 0.862 1.0 0.110 0.014 0.640
1.0 0.0 0.0 0.0 0.0 0.0 0.0 0.0 1.0 0.0 0.023 0.909 0.977 0.928 1.0 0.288 0.014 0.240
0.0 1.0 0.0 0.0 0.0 0.0 0.0 0.0 1.0 0.0 0.023 0.795 0.977 0.847 1.0 0.342 0.014 1.000
1.0 0.0 0.0 0.0 0.0 0.0 0.0 0.0 1.0 0.0 0.023 0.795 0.977 0.847 1.0 0.123 0.014 1.000
0.0 1.0 0.0 0.0 0.0 0.0 0.0 0.0 1.0 0.0 0.023 0.795 0.977 0.847 2.0 0.151 0.028 1.000
1.0 0.0 0.0 0.0 0.0 0.0 0.0 0.0 1.0 0.0 0.023 0.795 0.977 0.847 1.0 0.205 0.014 1.000
0.0 1.0 0.0 0.0 0.0 0.0 0.0 0.0 1.0 0.0 0.023 0.909 0.977 0.928 1.0 0.192 0.014 0.240
0.0 1.0 0.0 0.0 0.0 0.0 0.0 0.0 1.0 0.0 0.023 0.841 0.841 0.841 1.0 0.068 0.014 0.040
1.0 0.0 0.0 0.0 0.0 0.0 0.0 0.0 1.0 0.0 0.023 0.932 0.955 0.943 1.0 0.123 0.014 0.080
0.0 1.0 0.0 0.0 0.0 0.0 0.0 0.0 1.0 0.0 0.023 0.795 0.977 0.847 1.0 0.288 0.014 1.000
1.0 0.0 0.0 0.0 0.0 0.0 0.0 0.0 1.0 0.0 0.023 0.795 0.977 0.847 1.0 0.178 0.014 1.000
1.0 0.0 0.0 0.0 0.0 0.0 0.0 0.0 1.0 0.0 0.023 0.909 0.977 0.928 1.0 0.192 0.014 0.240
0.0 1.0 0.0 0.0 0.0 0.0 0.0 0.0 1.0 0.0 0.023 0.795 0.977 0.847 1.0 0.288 0.014 1.000
1.0 0.0 0.0 0.0 0.0 0.0 0.0 0.0 1.0 0.0 0.023 0.795 0.795 0.795 1.0 0.082 0.014 0.040
1.0 0.0 0.0 0.0 0.0 0.0 0.0 0.0 1.0 0.0 0.023 0.795 0.795 0.795 1.0 0.082 0.014 0.040
1.0 0.0 0.0 0.0 0.0 0.0 0.0 0.0 1.0 0.0 0.023 0.841 0.841 0.841 1.0 0.082 0.014 0.040
1.0 0.0 0.0 0.0 0.0 0.0 0.0 0.0 1.0 0.0 0.023 0.795 0.795 0.795 1.0 0.082 0.014 0.040
1.0 0.0 0.0 0.0 0.0 0.0 0.0 0.0 1.0 0.0 0.023 0.795 0.795 0.795 1.0 0.082 0.014 0.040
1.0 0.0 0.0 0.0 0.0 0.0 0.0 0.0 1.0 0.0 0.023 0.795 0.795 0.795 1.0 0.082 0.014 0.040
1.0 0.0 0.0 0.0 0.0 0.0 0.0 0.0 1.0 0.0 0.023 0.818 0.818 0.818 1.0 0.082 0.014 0.040
1.0 0.0 0.0 0.0 0.0 0.0 0.0 0.0 1.0 0.0 0.023 0.795 0.795 0.795 1.0 0.082 0.014 0.040
1.0 0.0 0.0 0.0 0.0 0.0 0.0 0.0 1.0 0.0 0.023 0.795 0.795 0.795 1.0 0.082 0.014 0.040
1.0 0.0 0.0 0.0 0.0 0.0 0.0 0.0 1.0 0.0 0.023 0.818 0.818 0.818 1.0 0.082 0.014 0.040
1.0 0.0 0.0 0.0 0.0 0.0 0.0 0.0 1.0 0.0 0.023 0.818 0.818 0.818 1.0 0.082 0.014 0.040
1.0 0.0 0.0 0.0 0.0 0.0 0.0 0.0 1.0 0.0 0.023 0.818 0.818 0.818 1.0 0.082 0.014 0.040
1.0 0.0 0.0 0.0 0.0 0.0 0.0 0.0 1.0 0.0 0.023 0.818 0.818 0.818 1.0 0.082 0.014 0.040
1.0 0.0 0.0 0.0 0.0 0.0 0.0 0.0 1.0 0.0 0.023 0.795 0.795 0.795 1.0 0.082 0.014 0.040
1.0 0.0 0.0 0.0 0.0 0.0 0.0 0.0 1.0 0.0 0.023 0.795 0.795 0.795 1.0 0.082 0.014 0.040
1.0 0.0 0.0 0.0 0.0 0.0 0.0 0.0 1.0 0.0 0.023 0.795 0.795 0.795 1.0 0.082 0.014 0.040
0.0 1.0 0.0 0.0 0.0 0.0 0.0 0.0 0.0 0.0 0.045 0.773 0.773 0.773 1.0 0.082 0.014 0.040
0.0 1.0 0.0 0.0 0.0 0.0 0.0 0.0 0.0 0.0 0.045 0.773 0.773 0.773 1.0 0.082 0.014 0.040
0.0 1.0 0.0 0.0 0.0 0.0 0.0 0.0 0.0 0.0 0.045 0.818 0.818 0.818 1.0 0.082 0.014 0.040
0.0 1.0 0.0 0.0 0.0 0.0 0.0 0.0 0.0 0.0 0.045 0.773 0.773 0.773 1.0 0.082 0.014 0.040
0.0 1.0 0.0 0.0 0.0 0.0 0.0 0.0 0.0 0.0 0.045 0.773 0.773 0.773 1.0 0.082 0.014 0.040
0.0 1.0 0.0 0.0 0.0 0.0 0.0 0.0 0.0 0.0 0.045 0.773 0.773 0.773 1.0 0.082 0.014 0.040
0.0 1.0 0.0 0.0 0.0 0.0 0.0 0.0 0.0 0.0 0.045 0.795 0.795 0.795 1.0 0.082 0.014 0.040
0.0 1.0 0.0 0.0 0.0 0.0 0.0 0.0 0.0 0.0 0.045 0.773 0.773 0.773 1.0 0.082 0.014 0.040
0.0 1.0 0.0 0.0 0.0 0.0 0.0 0.0 0.0 0.0 0.045 0.773 0.773 0.773 1.0 0.082 0.014 0.040
0.0 1.0 0.0 0.0 0.0 0.0 0.0 0.0 0.0 0.0 0.045 0.795 0.795 0.795 1.0 0.082 0.014 0.040
0.0 1.0 0.0 0.0 0.0 0.0 0.0 0.0 0.0 0.0 0.045 0.795 0.795 0.795 1.0 0.082 0.014 0.040
0.0 1.0 0.0 0.0 0.0 0.0 0.0 0.0 0.0 0.0 0.045 0.795 0.795 0.795 1.0 0.082 0.014 0.040
0.0 1.0 0.0 0.0 0.0 0.0 0.0 0.0 0.0 0.0 0.045 0.795 0.795 0.795 1.0 0.082 0.014 0.040
0.0 1.0 0.0 0.0 0.0 0.0 0.0 0.0 0.0 0.0 0.045 0.773 0.773 0.773 1.0 0.082 0.014 0.040
0.0 1.0 0.0 0.0 0.0 0.0 0.0 0.0 0.0 0.0 0.045 0.773 0.773 0.773 1.0 0.082 0.014 0.040
0.0 1.0 0.0 0.0 0.0 0.0 0.0 0.0 0.0 0.0 0.045 0.773 0.773 0.773 1.0 0.082 0.014 0.040
0.0 0.0 0.0 1.0 0.0 0.0 0.0 0.0 0.0 0.0 0.045 0.886 0.886 0.886 2.0 0.137 0.028 0.040
0.0 0.0 0.0 1.0 0.0 0.0 0.0 0.0 0.0 0.0 0.045 0.909 0.909 0.909 2.0 0.137 0.028 0.040
0.0 0.0 0.0 1.0 0.0 0.0 0.0 0.0 0.0 0.0 0.045 0.955 0.955 0.955 2.0 0.137 0.028 0.040
0.0 0.0 0.0 1.0 0.0 0.0 0.0 0.0 0.0 0.0 0.045 0.886 0.886 0.886 2.0 0.137 0.028 0.040
0.0 0.0 0.0 1.0 0.0 0.0 0.0 0.0 0.0 0.0 0.045 0.909 0.909 0.909 2.0 0.137 0.028 0.040
0.0 0.0 0.0 1.0 0.0 0.0 0.0 0.0 0.0 0.0 0.045 0.886 0.886 0.886 2.0 0.137 0.028 0.040
1.0 0.0 0.0 0.0 0.0 0.0 0.0 0.0 0.0 0.0 0.045 0.773 0.955 0.825 1.0 0.137 0.014 1.000
1.0 0.0 0.0 0.0 0.0 0.0 0.0 0.0 0.0 0.0 0.045 0.773 0.955 0.825 1.0 0.123 0.014 1.000
1.0 0.0 0.0 0.0 0.0 0.0 0.0 0.0 0.0 0.0 0.045 0.773 0.955 0.825 1.0 0.123 0.014 1.000
1.0 0.0 0.0 0.0 0.0 0.0 0.0 0.0 0.0 0.0 0.045 0.773 0.955 0.825 1.0 0.123 0.028 1.000
1.0 0.0 0.0 0.0 0.0 0.0 0.0 0.0 0.0 0.0 0.045 0.773 0.955 0.825 1.0 0.137 0.014 1.000
1.0 0.0 0.0 0.0 0.0 0.0 0.0 0.0 0.0 0.0 0.045 0.773 0.955 0.825 1.0 0.137 0.014 1.000
0.0 0.0 1.0 0.0 0.0 0.0 0.0 0.0 1.0 0.0 0.045 0.773 0.955 0.825 2.0 0.178 0.028 1.000
1.0 0.0 0.0 0.0 0.0 0.0 0.0 0.0 0.0 0.0 0.045 0.773 0.955 0.825 1.0 0.151 0.014 1.000
1.0 0.0 0.0 0.0 0.0 0.0 0.0 0.0 0.0 0.0 0.045 0.773 0.955 0.825 1.0 0.123 0.014 1.000
1.0 0.0 0.0 0.0 0.0 0.0 0.0 0.0 0.0 0.0 0.045 0.773 0.955 0.825 1.0 0.110 0.014 1.000
0.0 0.0 1.0 0.0 0.0 0.0 0.0 0.0 1.0 0.0 0.045 0.773 0.955 0.825 2.0 0.178 0.028 1.000
1.0 0.0 0.0 0.0 0.0 0.0 0.0 0.0 0.0 0.0 0.045 0.773 0.955 0.825 1.0 0.137 0.014 1.000
0.0 0.0 1.0 0.0 0.0 0.0 0.0 0.0 1.0 0.0 0.045 0.773 0.955 0.825 3.0 0.192 0.042 1.000
1.0 0.0 0.0 0.0 0.0 0.0 0.0 0.0 0.0 0.0 0.045 0.773 0.955 0.825 1.0 0.137 0.014 1.000
1.0 0.0 0.0 0.0 0.0 0.0 0.0 0.0 0.0 0.0 0.045 0.773 0.955 0.825 1.0 0.137 0.014 1.000
0.0 0.0 0.0 1.0 0.0 0.0 0.0 0.0 0.0 0.0 0.045 0.932 0.932 0.932 2.0 0.137 0.028 0.040
0.0 1.0 0.0 0.0 0.0 0.0 0.0 0.0 0.0 0.0 0.068 0.886 0.886 0.886 2.0 0.110 0.042 0.040
0.0 0.0 0.0 1.0 0.0 0.0 0.0 0.0 0.0 0.0 0.045 0.909 0.909 0.909 2.0 0.110 0.028 0.040
0.0 0.0 0.0 1.0 0.0 0.0 0.0 0.0 1.0 0.0 0.045 0.773 0.955 0.825 2.0 0.315 0.028 1.000
0.0 0.0 0.0 1.0 0.0 0.0 0.0 0.0 0.0 0.0 0.045 0.773 0.955 0.825 2.0 0.192 0.042 1.000
0.0 0.0 0.0 1.0 0.0 0.0 0.0 0.0 0.0 0.0 0.045 0.773 0.955 0.825 2.0 0.178 0.042 1.000
1.0 0.0 0.0 0.0 0.0 0.0 0.0 0.0 0.0 0.0 0.045 0.773 0.955 0.825 1.0 0.137 0.014 1.000
1.0 0.0 0.0 0.0 0.0 0.0 0.0 0.0 0.0 0.0 0.045 0.773 0.955 0.825 1.0 0.123 0.014 1.000
1.0 0.0 0.0 0.0 0.0 0.0 0.0 0.0 0.0 0.0 0.045 0.909 0.909 0.909 1.0 0.137 0.014 0.040
1.0 0.0 0.0 0.0 0.0 0.0 0.0 0.0 0.0 0.0 0.045 0.909 0.909 0.909 1.0 0.123 0.014 0.040
1.0 0.0 0.0 0.0 0.0 0.0 0.0 0.0 0.0 0.0 0.045 0.955 0.955 0.955 1.0 0.123 0.014 0.040
1.0 0.0 0.0 0.0 0.0 0.0 0.0 0.0 0.0 0.0 0.045 0.773 0.955 0.825 1.0 0.123 0.014 1.000
1.0 0.0 0.0 0.0 0.0 0.0 0.0 0.0 0.0 0.0 0.045 0.773 0.955 0.825 1.0 0.110 0.014 1.000
1.0 0.0 0.0 0.0 0.0 0.0 0.0 0.0 0.0 0.0 0.045 0.773 0.955 0.825 1.0 0.110 0.014 1.000
1.0 0.0 0.0 0.0 0.0 0.0 0.0 0.0 0.0 0.0 0.045 0.773 0.955 0.825 1.0 0.123 0.028 1.000
0.0 0.0 1.0 0.0 0.0 0.0 0.0 0.0 1.0 0.0 0.045 0.773 0.955 0.825 3.0 0.178 0.042 1.000
1.0 0.0 0.0 0.0 0.0 0.0 0.0 0.0 0.0 0.0 0.045 0.773 0.955 0.825 1.0 0.110 0.014 1.000
1.0 0.0 0.0 0.0 0.0 0.0 0.0 0.0 0.0 0.0 0.045 0.773 0.955 0.825 1.0 0.137 0.014 1.000
1.0 0.0 0.0 0.0 0.0 0.0 0.0 0.0 0.0 0.0 0.045 0.773 0.955 0.825 1.0 0.123 0.014 1.000
0.0 0.0 1.0 0.0 0.0 0.0 0.0 0.0 1.0 0.0 0.045 0.773 0.955 0.825 3.0 0.178 0.042 1.000
1.0 0.0 0.0 0.0 0.0 0.0 0.0 0.0 0.0 0.0 0.045 0.773 0.955 0.825 1.0 0.110 0.014 1.000
1.0 0.0 0.0 0.0 0.0 0.0 0.0 0.0 0.0 0.0 0.045 0.818 0.818 0.818 1.0 0.110 0.014 0.040
1.0 0.0 0.0 0.0 0.0 0.0 0.0 0.0 0.0 0.0 0.045 0.773 0.955 0.825 1.0 0.110 0.014 1.000
1.0 0.0 0.0 0.0 0.0 0.0 0.0 0.0 0.0 0.0 0.045 0.818 0.818 0.818 1.0 0.110 0.014 0.040
1.0 0.0 0.0 0.0 0.0 0.0 0.0 0.0 0.0 0.0 0.045 0.773 0.955 0.825 1.0 0.110 0.014 1.000
1.0 0.0 0.0 0.0 0.0 0.0 0.0 0.0 0.0 0.0 0.045 0.818 0.818 0.818 1.0 0.110 0.014 0.040
1.0 0.0 0.0 0.0 0.0 0.0 0.0 0.0 0.0 0.0 0.045 0.773 0.955 0.825 1.0 0.110 0.014 1.000
1.0 0.0 0.0 0.0 0.0 0.0 0.0 0.0 0.0 0.0 0.045 0.818 0.818 0.818 1.0 0.110 0.014 0.040
0.0 0.0 1.0 0.0 0.0 0.0 0.0 0.0 0.0 0.0 0.045 0.932 0.932 0.932 2.0 0.123 0.042 0.040
0.0 0.0 1.0 0.0 0.0 0.0 0.0 0.0 0.0 0.0 0.045 0.909 0.909 0.909 2.0 0.123 0.042 0.040
1.0 0.0 0.0 0.0 0.0 0.0 0.0 0.0 0.0 0.0 0.045 0.773 0.955 0.825 1.0 0.123 0.028 1.000
1.0 0.0 0.0 0.0 0.0 0.0 0.0 0.0 0.0 0.0 0.045 0.773 0.955 0.825 1.0 0.123 0.028 1.000
1.0 0.0 0.0 0.0 0.0 0.0 0.0 0.0 0.0 0.0 0.045 0.773 0.955 0.825 1.0 0.123 0.014 1.000
1.0 0.0 0.0 0.0 0.0 0.0 0.0 0.0 0.0 0.0 0.045 0.773 0.955 0.825 1.0 0.123 0.014 1.000
1.0 0.0 0.0 0.0 0.0 0.0 0.0 0.0 0.0 0.0 0.045 0.773 0.955 0.825 1.0 0.123 0.014 1.000
1.0 0.0 0.0 0.0 0.0 0.0 0.0 0.0 0.0 0.0 0.045 0.773 0.955 0.825 1.0 0.123 0.014 1.000
1.0 0.0 0.0 0.0 0.0 0.0 0.0 0.0 0.0 0.0 0.045 0.909 0.909 0.909 1.0 0.123 0.014 0.040
1.0 0.0 0.0 0.0 0.0 0.0 0.0 0.0 0.0 0.0 0.045 0.773 0.955 0.825 1.0 0.123 0.014 1.000
1.0 0.0 0.0 0.0 0.0 0.0 0.0 0.0 0.0 0.0 0.045 0.773 0.955 0.825 1.0 0.137 0.014 1.000
1.0 0.0 0.0 0.0 0.0 0.0 0.0 0.0 0.0 0.0 0.045 0.909 0.909 0.909 1.0 0.137 0.014 0.040
1.0 0.0 0.0 0.0 0.0 0.0 0.0 0.0 0.0 0.0 0.045 0.773 0.955 0.825 1.0 0.110 0.014 1.000
1.0 0.0 0.0 0.0 0.0 0.0 0.0 0.0 0.0 0.0 0.045 0.773 0.955 0.825 1.0 0.123 0.014 1.000
0.0 0.0 1.0 0.0 0.0 0.0 0.0 0.0 1.0 0.0 0.045 0.773 0.955 0.825 3.0 0.178 0.042 1.000
1.0 0.0 0.0 0.0 0.0 0.0 0.0 0.0 0.0 0.0 0.045 0.773 0.955 0.825 1.0 0.123 0.014 1.000
1.0 0.0 0.0 0.0 0.0 0.0 0.0 0.0 0.0 0.0 0.045 0.773 0.955 0.825 1.0 0.137 0.014 1.000
1.0 0.0 0.0 0.0 0.0 0.0 0.0 0.0 0.0 0.0 0.045 0.773 0.955 0.825 1.0 0.137 0.014 1.000
1.0 0.0 0.0 0.0 0.0 0.0 0.0 0.0 0.0 0.0 0.045 0.773 0.955 0.825 1.0 0.110 0.028 1.000
1.0 0.0 0.0 0.0 0.0 0.0 0.0 0.0 0.0 0.0 0.045 0.773 0.955 0.825 1.0 0.123 0.014 1.000
1.0 0.0 0.0 0.0 0.0 0.0 0.0 0.0 0.0 0.0 0.045 0.773 0.955 0.825 1.0 0.123 0.014 1.000
1.0 0.0 0.0 0.0 0.0 0.0 0.0 0.0 0.0 0.0 0.045 0.773 0.955 0.825 1.0 0.123 0.014 1.000
1.0 0.0 0.0 0.0 0.0 0.0 0.0 0.0 0.0 0.0 0.045 0.773 0.955 0.825 1.0 0.123 0.014 1.000
1.0 0.0 0.0 0.0 0.0 0.0 0.0 0.0 0.0 0.0 0.045 0.773 0.955 0.825 1.0 0.123 0.014 1.000
0.0 1.0 0.0 0.0 0.0 0.0 0.0 0.0 0.0 0.0 0.068 0.909 0.909 0.909 1.0 0.110 0.042 0.040
0.0 1.0 0.0 0.0 0.0 0.0 0.0 0.0 0.0 0.0 0.068 0.886 0.886 0.886 1.0 0.110 0.042 0.040
0.0 1.0 0.0 0.0 0.0 0.0 0.0 0.0 0.0 0.0 0.068 0.750 0.932 0.802 1.0 0.096 0.014 1.000
0.0 1.0 0.0 0.0 0.0 0.0 0.0 0.0 0.0 0.0 0.068 0.750 0.932 0.802 1.0 0.096 0.014 1.000
0.0 1.0 0.0 0.0 0.0 0.0 0.0 0.0 0.0 0.0 0.068 0.886 0.886 0.886 1.0 0.096 0.014 0.040
0.0 1.0 0.0 0.0 0.0 0.0 0.0 0.0 0.0 0.0 0.068 0.886 0.886 0.886 1.0 0.096 0.014 0.040
0.0 1.0 0.0 0.0 0.0 0.0 0.0 0.0 0.0 0.0 0.068 0.750 0.932 0.802 1.0 0.096 0.014 1.000
0.0 1.0 0.0 0.0 0.0 0.0 0.0 0.0 0.0 0.0 0.068 0.750 0.932 0.802 1.0 0.110 0.042 1.000
0.0 1.0 0.0 0.0 0.0 0.0 0.0 0.0 0.0 0.0 0.068 0.750 0.932 0.802 2.0 0.096 0.028 1.000
0.0 1.0 0.0 0.0 0.0 0.0 0.0 0.0 0.0 0.0 0.068 0.750 0.932 0.802 1.0 0.096 0.014 1.000
0.0 1.0 0.0 0.0 0.0 0.0 0.0 0.0 0.0 0.0 0.068 0.750 0.932 0.802 1.0 0.110 0.042 1.000
0.0 1.0 0.0 0.0 0.0 0.0 0.0 0.0 0.0 0.0 0.091 0.841 0.841 0.841 2.0 0.110 0.069 0.040
0.0 0.0 1.0 0.0 0.0 0.0 0.0 0.0 1.0 0.0 0.068 0.864 0.864 0.864 2.0 0.110 0.056 0.040
0.0 0.0 1.0 0.0 0.0 0.0 0.0 0.0 1.0 0.0 0.068 0.864 0.864 0.864 2.0 0.151 0.056 0.040
0.0 0.0 0.0 1.0 0.0 0.0 0.0 0.0 1.0 0.0 0.068 0.750 0.932 0.802 2.0 0.219 0.056 1.000
0.0 0.0 0.0 1.0 0.0 0.0 0.0 0.0 1.0 0.0 0.068 0.750 0.932 0.802 2.0 0.233 0.056 1.000
0.0 0.0 0.0 1.0 0.0 0.0 0.0 0.0 1.0 0.0 0.068 0.750 0.932 0.802 2.0 0.164 0.056 1.000
0.0 0.0 0.0 1.0 0.0 0.0 0.0 0.0 1.0 0.0 0.068 0.750 0.932 0.802 2.0 0.151 0.056 1.000
0.0 1.0 0.0 0.0 0.0 0.0 0.0 0.0 0.0 0.0 0.068 0.795 0.795 0.795 1.0 0.096 0.014 0.040
0.0 1.0 0.0 0.0 0.0 0.0 0.0 0.0 0.0 0.0 0.068 0.750 0.932 0.802 1.0 0.096 0.014 1.000
0.0 1.0 0.0 0.0 0.0 0.0 0.0 0.0 0.0 0.0 0.068 0.795 0.795 0.795 1.0 0.096 0.014 0.040
0.0 1.0 0.0 0.0 0.0 0.0 0.0 0.0 0.0 0.0 0.068 0.750 0.932 0.802 1.0 0.096 0.014 1.000
0.0 1.0 0.0 0.0 0.0 0.0 0.0 0.0 0.0 0.0 0.068 0.795 0.795 0.795 1.0 0.096 0.014 0.040
0.0 1.0 0.0 0.0 0.0 0.0 0.0 0.0 0.0 0.0 0.068 0.750 0.932 0.802 1.0 0.096 0.014 1.000
0.0 1.0 0.0 0.0 0.0 0.0 0.0 0.0 0.0 0.0 0.068 0.795 0.795 0.795 1.0 0.096 0.014 0.040
0.0 1.0 0.0 0.0 0.0 0.0 0.0 0.0 0.0 0.0 0.068 0.750 0.932 0.802 1.0 0.096 0.014 1.000
0.0 0.0 0.0 1.0 0.0 0.0 0.0 0.0 0.0 0.0 0.068 0.750 0.932 0.817 4.0 0.384 0.069 0.640
0.0 0.0 0.0 1.0 0.0 0.0 0.0 0.0 0.0 0.0 0.068 0.750 0.932 0.817 4.0 0.384 0.069 0.640
0.0 0.0 0.0 1.0 0.0 0.0 0.0 0.0 0.0 0.0 0.068 0.750 0.932 0.802 3.0 0.603 0.056 1.000
0.0 0.0 1.0 0.0 0.0 0.0 0.0 0.0 0.0 0.0 0.068 0.795 0.795 0.795 3.0 0.479 0.056 0.040
1.0 0.0 0.0 0.0 0.0 0.0 0.0 0.0 0.0 0.0 0.068 0.750 0.932 0.802 1.0 0.123 0.014 1.000
0.0 1.0 0.0 0.0 0.0 0.0 0.0 0.0 0.0 0.0 0.068 0.750 0.932 0.802 1.0 0.096 0.028 1.000
1.0 0.0 0.0 0.0 0.0 0.0 0.0 0.0 0.0 0.0 0.068 0.750 0.932 0.802 1.0 0.123 0.014 1.000
0.0 1.0 0.0 0.0 0.0 0.0 0.0 0.0 0.0 0.0 0.068 0.750 0.932 0.802 1.0 0.096 0.028 1.000
1.0 0.0 0.0 0.0 0.0 0.0 0.0 0.0 0.0 0.0 0.068 0.750 0.932 0.802 1.0 0.123 0.014 1.000
0.0 1.0 0.0 0.0 0.0 0.0 0.0 0.0 0.0 0.0 0.068 0.750 0.932 0.802 1.0 0.096 0.014 1.000
1.0 0.0 0.0 0.0 0.0 0.0 0.0 0.0 0.0 0.0 0.068 0.750 0.932 0.802 1.0 0.123 0.014 1.000
0.0 1.0 0.0 0.0 0.0 0.0 0.0 0.0 0.0 0.0 0.068 0.750 0.932 0.802 1.0 0.096 0.014 1.000
1.0 0.0 0.0 0.0 0.0 0.0 0.0 0.0 0.0 0.0 0.068 0.750 0.932 0.802 1.0 0.123 0.014 1.000
0.0 1.0 0.0 0.0 0.0 0.0 0.0 0.0 0.0 0.0 0.068 0.750 0.932 0.802 2.0 0.096 0.028 1.000
1.0 0.0 0.0 0.0 0.0 0.0 0.0 0.0 0.0 0.0 0.068 0.750 0.932 0.802 1.0 0.123 0.014 1.000
0.0 1.0 0.0 0.0 0.0 0.0 0.0 0.0 0.0 0.0 0.068 0.750 0.932 0.802 1.0 0.096 0.014 1.000
1.0 0.0 0.0 0.0 0.0 0.0 0.0 0.0 0.0 0.0 0.068 0.864 0.864 0.864 1.0 0.123 0.028 0.040
1.0 0.0 0.0 0.0 0.0 0.0 0.0 0.0 0.0 0.0 0.068 0.750 0.932 0.802 1.0 0.123 0.028 1.000
1.0 0.0 0.0 0.0 0.0 0.0 0.0 0.0 0.0 0.0 0.068 0.886 0.886 0.886 1.0 0.123 0.014 0.040
0.0 1.0 0.0 0.0 0.0 0.0 0.0 0.0 0.0 0.0 0.068 0.886 0.886 0.886 1.0 0.096 0.014 0.040
1.0 0.0 0.0 0.0 0.0 0.0 0.0 0.0 0.0 0.0 0.068 0.750 0.932 0.802 1.0 0.123 0.014 1.000
0.0 1.0 0.0 0.0 0.0 0.0 0.0 0.0 0.0 0.0 0.068 0.750 0.932 0.802 1.0 0.096 0.014 1.000
1.0 0.0 0.0 0.0 0.0 0.0 0.0 0.0 0.0 0.0 0.068 0.750 0.932 0.802 1.0 0.123 0.028 1.000
0.0 1.0 0.0 0.0 0.0 0.0 0.0 0.0 0.0 0.0 0.068 0.750 0.932 0.802 1.0 0.096 0.014 1.000
1.0 0.0 0.0 0.0 0.0 0.0 0.0 0.0 0.0 0.0 0.068 0.886 0.886 0.886 1.0 0.123 0.028 0.040
0.0 1.0 0.0 0.0 0.0 0.0 0.0 0.0 0.0 0.0 0.068 0.886 0.886 0.886 1.0 0.096 0.014 0.040
1.0 0.0 0.0 0.0 0.0 0.0 0.0 0.0 0.0 0.0 0.068 0.932 0.932 0.932 1.0 0.137 0.042 0.040
0.0 1.0 0.0 0.0 0.0 0.0 0.0 0.0 0.0 0.0 0.068 0.932 0.932 0.932 1.0 0.096 0.014 0.040
1.0 0.0 0.0 0.0 0.0 0.0 0.0 0.0 0.0 0.0 0.068 0.750 0.932 0.802 1.0 0.137 0.042 1.000
0.0 1.0 0.0 0.0 0.0 0.0 0.0 0.0 0.0 0.0 0.068 0.750 0.932 0.802 1.0 0.096 0.014 1.000
0.0 1.0 0.0 0.0 0.0 0.0 0.0 0.0 0.0 0.0 0.068 0.750 0.932 0.802 1.0 0.096 0.014 1.000
0.0 1.0 0.0 0.0 0.0 0.0 0.0 0.0 0.0 0.0 0.068 0.750 0.932 0.802 1.0 0.096 0.014 1.000
0.0 1.0 0.0 0.0 0.0 0.0 0.0 0.0 0.0 0.0 0.068 0.750 0.932 0.802 1.0 0.110 0.042 1.000
0.0 1.0 0.0 0.0 0.0 0.0 0.0 0.0 0.0 0.0 0.068 0.750 0.932 0.802 2.0 0.096 0.028 1.000
0.0 1.0 0.0 0.0 0.0 0.0 0.0 0.0 0.0 0.0 0.068 0.750 0.932 0.802 1.0 0.096 0.014 1.000
1.0 0.0 0.0 0.0 0.0 0.0 0.0 0.0 0.0 0.0 0.068 0.750 0.932 0.802 1.0 0.123 0.014 1.000
0.0 1.0 0.0 0.0 0.0 0.0 0.0 0.0 0.0 0.0 0.068 0.750 0.932 0.802 1.0 0.096 0.014 1.000
1.0 0.0 0.0 0.0 0.0 0.0 0.0 0.0 0.0 0.0 0.068 0.750 0.932 0.802 1.0 0.123 0.014 1.000
0.0 1.0 0.0 0.0 0.0 0.0 0.0 0.0 0.0 0.0 0.068 0.750 0.932 0.802 1.0 0.096 0.014 1.000
0.0 1.0 0.0 0.0 0.0 0.0 0.0 0.0 0.0 0.0 0.068 0.750 0.932 0.802 1.0 0.096 0.028 1.000
0.0 1.0 0.0 0.0 0.0 0.0 0.0 0.0 0.0 0.0 0.068 0.750 0.932 0.802 1.0 0.096 0.014 1.000
0.0 1.0 0.0 0.0 0.0 0.0 0.0 0.0 0.0 0.0 0.068 0.750 0.932 0.802 1.0 0.096 0.028 1.000
0.0 1.0 0.0 0.0 0.0 0.0 0.0 0.0 0.0 0.0 0.068 0.750 0.932 0.802 2.0 0.096 0.028 1.000
0.0 1.0 0.0 0.0 0.0 0.0 0.0 0.0 0.0 0.0 0.068 0.750 0.932 0.802 1.0 0.096 0.014 1.000
0.0 1.0 0.0 0.0 0.0 0.0 0.0 0.0 0.0 0.0 0.068 0.750 0.932 0.802 1.0 0.096 0.014 1.000
0.0 1.0 0.0 0.0 0.0 0.0 0.0 0.0 0.0 0.0 0.068 0.750 0.932 0.802 1.0 0.096 0.014 1.000
0.0 1.0 0.0 0.0 0.0 0.0 0.0 0.0 0.0 0.0 0.068 0.750 0.932 0.802 2.0 0.096 0.028 1.000
1.0 0.0 0.0 0.0 0.0 0.0 0.0 0.0 0.0 0.0 0.068 0.750 0.932 0.802 1.0 0.123 0.014 1.000
1.0 0.0 0.0 0.0 0.0 0.0 0.0 0.0 0.0 0.0 0.068 0.750 0.932 0.802 1.0 0.123 0.014 1.000
1.0 0.0 0.0 0.0 0.0 0.0 0.0 0.0 0.0 0.0 0.068 0.750 0.932 0.802 1.0 0.123 0.028 1.000
1.0 0.0 0.0 0.0 0.0 0.0 0.0 0.0 0.0 0.0 0.068 0.750 0.932 0.802 1.0 0.123 0.028 1.000
1.0 0.0 0.0 0.0 0.0 0.0 0.0 0.0 0.0 0.0 0.068 0.750 0.932 0.802 1.0 0.123 0.014 1.000
1.0 0.0 0.0 0.0 0.0 0.0 0.0 0.0 0.0 0.0 0.068 0.750 0.932 0.802 1.0 0.123 0.014 1.000
1.0 0.0 0.0 0.0 0.0 0.0 0.0 0.0 0.0 0.0 0.068 0.864 0.864 0.864 1.0 0.123 0.014 0.040
1.0 0.0 0.0 0.0 0.0 0.0 0.0 0.0 0.0 0.0 0.068 0.750 0.932 0.802 1.0 0.123 0.014 1.000
1.0 0.0 0.0 0.0 0.0 0.0 0.0 0.0 0.0 0.0 0.068 0.886 0.886 0.886 1.0 0.123 0.014 0.040
0.0 1.0 0.0 0.0 0.0 0.0 0.0 0.0 0.0 0.0 0.091 0.727 0.909 0.779 2.0 0.110 0.028 1.000
1.0 0.0 0.0 0.0 0.0 0.0 0.0 0.0 0.0 0.0 0.068 0.750 0.932 0.802 1.0 0.096 0.014 1.000
1.0 0.0 0.0 0.0 0.0 0.0 0.0 0.0 0.0 0.0 0.068 0.750 0.932 0.802 1.0 0.123 0.014 1.000
1.0 0.0 0.0 0.0 0.0 0.0 0.0 0.0 0.0 0.0 0.068 0.886 0.886 0.886 1.0 0.123 0.014 0.040
1.0 0.0 0.0 0.0 0.0 0.0 0.0 0.0 0.0 0.0 0.068 0.750 0.932 0.802 1.0 0.123 0.014 1.000
1.0 0.0 0.0 0.0 0.0 0.0 0.0 0.0 0.0 0.0 0.068 0.750 0.932 0.802 1.0 0.123 0.014 1.000
0.0 0.0 0.0 1.0 0.0 0.0 0.0 0.0 0.0 0.0 0.091 0.727 0.909 0.779 2.0 0.123 0.028 1.000
0.0 0.0 0.0 1.0 0.0 0.0 0.0 0.0 0.0 0.0 0.091 0.727 0.909 0.779 2.0 0.123 0.028 1.000
0.0 0.0 0.0 1.0 0.0 0.0 0.0 0.0 0.0 0.0 0.091 0.864 0.864 0.864 2.0 0.123 0.028 0.040
0.0 1.0 0.0 0.0 0.0 0.0 0.0 0.0 0.0 0.0 0.114 0.841 0.841 0.841 2.0 0.096 0.042 0.040
0.0 0.0 0.0 1.0 0.0 0.0 0.0 0.0 0.0 0.0 0.091 0.864 0.864 0.864 2.0 0.110 0.028 0.040
0.0 0.0 0.0 1.0 0.0 0.0 0.0 0.0 0.0 0.0 0.091 0.727 0.909 0.779 2.0 0.137 0.056 1.000
0.0 0.0 0.0 1.0 0.0 0.0 0.0 0.0 0.0 0.0 0.091 0.727 0.909 0.779 2.0 0.123 0.056 1.000
0.0 0.0 0.0 1.0 0.0 0.0 0.0 0.0 0.0 0.0 0.091 0.727 0.909 0.779 2.0 0.137 0.028 1.000
0.0 0.0 0.0 1.0 0.0 0.0 0.0 0.0 0.0 0.0 0.091 0.727 0.909 0.779 2.0 0.137 0.028 1.000
0.0 0.0 0.0 1.0 0.0 0.0 0.0 0.0 0.0 0.0 0.091 0.727 0.909 0.779 2.0 0.137 0.056 1.000
0.0 0.0 0.0 1.0 0.0 0.0 0.0 0.0 0.0 0.0 0.091 0.727 0.909 0.779 2.0 0.151 0.069 1.000
0.0 0.0 0.0 1.0 0.0 0.0 0.0 0.0 0.0 0.0 0.091 0.727 0.909 0.779 2.0 0.137 0.042 1.000
0.0 0.0 0.0 1.0 0.0 0.0 0.0 0.0 0.0 0.0 0.091 0.727 0.909 0.779 2.0 0.137 0.042 1.000
0.0 0.0 0.0 1.0 0.0 0.0 0.0 0.0 0.0 0.0 0.091 0.727 0.909 0.779 2.0 0.137 0.042 1.000
0.0 0.0 0.0 1.0 0.0 0.0 0.0 0.0 0.0 0.0 0.091 0.727 0.909 0.779 2.0 0.137 0.028 1.000
0.0 0.0 0.0 1.0 0.0 0.0 0.0 0.0 0.0 0.0 0.091 0.727 0.909 0.779 2.0 0.137 0.028 1.000
0.0 0.0 0.0 1.0 0.0 0.0 0.0 0.0 0.0 0.0 0.091 0.727 0.909 0.779 2.0 0.137 0.042 1.000
0.0 1.0 0.0 0.0 0.0 0.0 0.0 0.0 0.0 0.0 0.091 0.727 0.909 0.779 2.0 0.096 0.028 1.000
0.0 1.0 0.0 0.0 0.0 0.0 0.0 0.0 0.0 0.0 0.091 0.727 0.909 0.779 1.0 0.096 0.014 1.000
0.0 0.0 0.0 1.0 0.0 0.0 0.0 0.0 0.0 0.0 0.114 0.705 0.886 0.756 2.0 0.137 0.028 1.000
0.0 1.0 0.0 0.0 0.0 0.0 0.0 0.0 0.0 0.0 0.091 0.727 0.909 0.779 1.0 0.096 0.014 1.000
0.0 1.0 0.0 0.0 0.0 0.0 0.0 0.0 0.0 0.0 0.091 0.727 0.909 0.779 1.0 0.096 0.014 1.000
0.0 1.0 0.0 0.0 0.0 0.0 0.0 0.0 0.0 0.0 0.091 0.727 0.909 0.779 1.0 0.096 0.014 1.000
0.0 1.0 0.0 0.0 0.0 0.0 0.0 0.0 0.0 0.0 0.091 0.727 0.909 0.779 1.0 0.096 0.014 1.000
0.0 1.0 0.0 0.0 0.0 0.0 0.0 0.0 0.0 0.0 0.091 0.727 0.909 0.779 1.0 0.096 0.028 1.000
0.0 1.0 0.0 0.0 0.0 0.0 0.0 0.0 0.0 0.0 0.091 0.727 0.909 0.779 1.0 0.096 0.014 1.000
0.0 1.0 0.0 0.0 0.0 0.0 0.0 0.0 0.0 0.0 0.091 0.864 0.864 0.864 2.0 0.096 0.042 0.040
0.0 0.0 0.0 1.0 0.0 0.0 0.0 0.0 0.0 0.0 0.136 0.818 0.818 0.818 2.0 0.123 0.042 0.040
0.0 1.0 0.0 0.0 0.0 0.0 0.0 0.0 0.0 0.0 0.091 0.727 0.909 0.779 1.0 0.096 0.042 1.000
0.0 0.0 0.0 1.0 0.0 0.0 0.0 0.0 0.0 0.0 0.091 0.727 0.909 0.779 2.0 0.123 0.056 1.000
0.0 1.0 0.0 0.0 0.0 0.0 0.0 0.0 0.0 0.0 0.091 0.727 0.909 0.779 1.0 0.096 0.014 1.000
0.0 0.0 0.0 1.0 0.0 0.0 0.0 0.0 0.0 0.0 0.114 0.705 0.886 0.756 2.0 0.137 0.056 1.000
0.0 1.0 0.0 0.0 0.0 0.0 0.0 0.0 0.0 0.0 0.091 0.773 0.773 0.773 1.0 0.110 0.056 0.040
1.0 0.0 0.0 0.0 0.0 0.0 0.0 0.0 0.0 0.0 0.091 0.727 0.909 0.779 1.0 0.342 0.056 1.000
0.0 1.0 0.0 0.0 0.0 0.0 0.0 0.0 0.0 0.0 0.091 0.773 0.773 0.773 1.0 0.110 0.056 0.040
1.0 0.0 0.0 0.0 0.0 0.0 0.0 0.0 0.0 0.0 0.091 0.727 0.909 0.779 1.0 0.370 0.056 1.000
0.0 0.0 0.0 1.0 0.0 0.0 0.0 0.0 0.0 0.0 0.091 0.727 0.909 0.794 2.0 1.000 0.083 0.640
0.0 0.0 0.0 1.0 0.0 0.0 0.0 0.0 0.0 0.0 0.091 0.727 0.909 0.794 2.0 0.973 0.083 0.640
0.0 1.0 0.0 0.0 0.0 0.0 0.0 0.0 0.0 0.0 0.091 0.727 0.909 0.779 2.0 0.096 0.028 1.000
0.0 0.0 0.0 1.0 0.0 0.0 0.0 0.0 0.0 0.0 0.091 0.727 0.909 0.779 2.0 0.137 0.042 1.000
0.0 1.0 0.0 0.0 0.0 0.0 0.0 0.0 0.0 0.0 0.091 0.727 0.909 0.779 1.0 0.096 0.014 1.000
0.0 0.0 0.0 1.0 0.0 0.0 0.0 0.0 0.0 0.0 0.091 0.727 0.909 0.779 2.0 0.137 0.042 1.000
0.0 1.0 0.0 0.0 0.0 0.0 0.0 0.0 0.0 0.0 0.091 0.727 0.909 0.779 1.0 0.096 0.028 1.000
0.0 0.0 0.0 1.0 0.0 0.0 0.0 0.0 0.0 0.0 0.091 0.727 0.909 0.779 2.0 0.137 0.042 1.000
0.0 1.0 0.0 0.0 0.0 0.0 0.0 0.0 0.0 0.0 0.091 0.727 0.909 0.779 1.0 0.096 0.028 1.000
0.0 0.0 0.0 1.0 0.0 0.0 0.0 0.0 0.0 0.0 0.091 0.727 0.909 0.779 2.0 0.137 0.042 1.000
0.0 1.0 0.0 0.0 0.0 0.0 0.0 0.0 0.0 0.0 0.091 0.727 0.909 0.779 1.0 0.096 0.014 1.000
0.0 0.0 0.0 1.0 0.0 0.0 0.0 0.0 0.0 0.0 0.091 0.727 0.909 0.779 2.0 0.137 0.042 1.000
0.0 1.0 0.0 0.0 0.0 0.0 0.0 0.0 0.0 0.0 0.091 0.727 0.909 0.779 1.0 0.096 0.014 1.000
0.0 0.0 0.0 1.0 0.0 0.0 0.0 0.0 0.0 0.0 0.091 0.727 0.909 0.779 2.0 0.123 0.028 1.000
0.0 1.0 0.0 0.0 0.0 0.0 0.0 0.0 0.0 0.0 0.091 0.841 0.841 0.841 1.0 0.096 0.014 0.040
0.0 1.0 0.0 0.0 0.0 0.0 0.0 0.0 0.0 0.0 0.091 0.841 0.841 0.841 1.0 0.096 0.028 0.040
0.0 1.0 0.0 0.0 0.0 0.0 0.0 0.0 0.0 0.0 0.091 0.727 0.909 0.779 1.0 0.096 0.014 1.000
0.0 1.0 0.0 0.0 0.0 0.0 0.0 0.0 0.0 0.0 0.091 0.864 0.864 0.864 1.0 0.096 0.014 0.040
0.0 0.0 0.0 1.0 0.0 0.0 0.0 0.0 0.0 0.0 0.091 0.864 0.864 0.864 2.0 0.137 0.028 0.040
0.0 1.0 0.0 0.0 0.0 0.0 0.0 0.0 0.0 0.0 0.091 0.864 0.864 0.864 1.0 0.096 0.014 0.040
0.0 1.0 0.0 0.0 0.0 0.0 0.0 0.0 0.0 0.0 0.114 0.705 0.886 0.756 1.0 0.096 0.028 1.000
0.0 0.0 0.0 1.0 0.0 0.0 0.0 0.0 0.0 0.0 0.114 0.705 0.886 0.756 2.0 0.137 0.042 1.000
0.0 1.0 0.0 0.0 0.0 0.0 0.0 0.0 0.0 0.0 0.091 0.727 0.909 0.779 1.0 0.096 0.014 1.000
0.0 0.0 0.0 1.0 0.0 0.0 0.0 0.0 0.0 0.0 0.091 0.727 0.909 0.779 2.0 0.137 0.028 1.000
0.0 1.0 0.0 0.0 0.0 0.0 0.0 0.0 0.0 0.0 0.091 0.727 0.909 0.779 1.0 0.096 0.028 1.000
0.0 1.0 0.0 0.0 0.0 0.0 0.0 0.0 0.0 0.0 0.091 0.864 0.864 0.864 1.0 0.096 0.014 0.040
0.0 0.0 0.0 1.0 0.0 0.0 0.0 0.0 0.0 0.0 0.091 0.864 0.864 0.864 2.0 0.137 0.028 0.040
0.0 1.0 0.0 0.0 0.0 0.0 0.0 0.0 0.0 0.0 0.091 0.909 0.909 0.909 1.0 0.096 0.042 0.040
0.0 0.0 0.0 1.0 0.0 0.0 0.0 0.0 0.0 0.0 0.091 0.909 0.909 0.909 2.0 0.137 0.056 0.040
0.0 0.0 0.0 1.0 0.0 0.0 0.0 0.0 0.0 0.0 0.114 0.705 0.886 0.756 2.0 0.164 0.028 1.000
0.0 0.0 0.0 1.0 0.0 0.0 0.0 0.0 0.0 0.0 0.114 0.705 0.886 0.756 2.0 0.164 0.069 1.000
0.0 1.0 0.0 0.0 0.0 0.0 0.0 0.0 0.0 0.0 0.091 0.727 0.909 0.779 1.0 0.096 0.014 1.000
0.0 0.0 0.0 1.0 0.0 0.0 0.0 0.0 0.0 0.0 0.091 0.727 0.909 0.779 2.0 0.137 0.028 1.000
0.0 1.0 0.0 0.0 0.0 0.0 0.0 0.0 0.0 0.0 0.091 0.727 0.909 0.779 1.0 0.096 0.014 1.000
0.0 1.0 0.0 0.0 0.0 0.0 0.0 0.0 0.0 0.0 0.091 0.727 0.909 0.779 1.0 0.096 0.014 1.000
0.0 0.0 0.0 1.0 0.0 0.0 0.0 0.0 0.0 0.0 0.091 0.727 0.909 0.779 2.0 0.137 0.028 1.000
0.0 0.0 0.0 1.0 0.0 0.0 0.0 0.0 0.0 0.0 0.114 0.705 0.886 0.756 2.0 0.164 0.042 1.000
0.0 0.0 0.0 1.0 0.0 0.0 0.0 0.0 0.0 0.0 0.114 0.705 0.886 0.756 2.0 0.164 0.042 1.000
0.0 0.0 0.0 1.0 0.0 0.0 0.0 0.0 0.0 0.0 0.114 0.705 0.886 0.756 2.0 0.164 0.042 1.000
1.0 0.0 0.0 0.0 0.0 0.0 0.0 0.0 0.0 0.0 0.091 0.727 0.909 0.779 1.0 0.123 0.056 1.000
1.0 0.0 0.0 0.0 0.0 0.0 0.0 0.0 0.0 0.0 0.091 0.773 0.773 0.773 1.0 0.123 0.056 0.040
1.0 0.0 0.0 0.0 0.0 0.0 0.0 0.0 0.0 0.0 0.091 0.727 0.909 0.779 1.0 0.123 0.056 1.000
0.0 1.0 0.0 0.0 0.0 0.0 0.0 0.0 0.0 0.0 0.114 0.750 0.750 0.750 2.0 0.110 0.069 0.040
1.0 0.0 0.0 0.0 0.0 0.0 0.0 0.0 0.0 0.0 0.091 0.773 0.773 0.773 1.0 0.096 0.056 0.040
0.0 1.0 0.0 0.0 0.0 0.0 0.0 0.0 0.0 0.0 0.136 0.682 0.864 0.734 1.0 0.137 0.028 1.000
0.0 0.0 0.0 1.0 0.0 0.0 0.0 0.0 0.0 0.0 0.114 0.705 0.886 0.756 2.0 0.123 0.056 1.000
0.0 0.0 0.0 1.0 0.0 0.0 0.0 0.0 0.0 0.0 0.114 0.705 0.886 0.756 2.0 0.137 0.056 1.000
0.0 0.0 0.0 1.0 0.0 0.0 0.0 0.0 0.0 0.0 0.114 0.705 0.886 0.756 2.0 0.137 0.042 1.000
0.0 0.0 0.0 1.0 0.0 0.0 0.0 0.0 0.0 0.0 0.114 0.705 0.886 0.756 2.0 0.137 0.042 1.000
0.0 0.0 0.0 1.0 0.0 0.0 0.0 0.0 0.0 0.0 0.114 0.705 0.886 0.756 2.0 0.137 0.042 1.000
0.0 0.0 0.0 1.0 0.0 0.0 0.0 0.0 0.0 0.0 0.114 0.705 0.886 0.756 2.0 0.137 0.028 1.000
0.0 0.0 0.0 1.0 0.0 0.0 0.0 0.0 0.0 0.0 0.114 0.705 0.886 0.756 2.0 0.123 0.028 1.000
0.0 0.0 0.0 1.0 0.0 0.0 0.0 0.0 0.0 0.0 0.114 0.841 0.841 0.841 2.0 0.137 0.028 0.040
0.0 0.0 0.0 1.0 0.0 0.0 0.0 0.0 0.0 0.0 0.136 0.682 0.864 0.734 2.0 0.137 0.042 1.000
0.0 0.0 0.0 1.0 0.0 0.0 0.0 0.0 0.0 0.0 0.114 0.705 0.886 0.756 2.0 0.137 0.028 1.000
0.0 0.0 0.0 1.0 0.0 0.0 0.0 0.0 0.0 0.0 0.114 0.841 0.841 0.841 2.0 0.137 0.028 0.040
0.0 1.0 0.0 0.0 0.0 0.0 0.0 0.0 0.0 0.0 0.159 0.795 0.795 0.795 1.0 0.123 0.042 0.040
0.0 0.0 0.0 1.0 0.0 0.0 0.0 0.0 0.0 0.0 0.114 0.886 0.886 0.886 2.0 0.137 0.056 0.040
0.0 0.0 0.0 1.0 0.0 0.0 0.0 0.0 0.0 0.0 0.114 0.705 0.886 0.756 2.0 0.137 0.028 1.000
0.0 0.0 0.0 1.0 0.0 0.0 0.0 0.0 0.0 0.0 0.114 0.705 0.886 0.756 2.0 0.137 0.028 1.000
0.0 1.0 0.0 0.0 0.0 0.0 0.0 0.0 0.0 0.0 0.136 0.682 0.864 0.734 1.0 0.123 0.056 1.000
0.0 0.0 0.0 1.0 0.0 0.0 0.0 0.0 0.0 0.0 0.136 0.682 0.864 0.734 2.0 0.137 0.056 1.000
0.0 0.0 0.0 1.0 0.0 0.0 0.0 0.0 0.0 0.0 0.136 0.682 0.864 0.734 2.0 0.137 0.069 1.000
0.0 1.0 0.0 0.0 0.0 0.0 0.0 0.0 0.0 0.0 0.136 0.682 0.864 0.734 2.0 0.110 0.056 1.000
0.0 1.0 0.0 0.0 0.0 0.0 0.0 0.0 0.0 0.0 0.114 0.750 0.750 0.750 1.0 0.096 0.056 0.040
0.0 1.0 0.0 0.0 0.0 0.0 0.0 0.0 0.0 0.0 0.114 0.705 0.886 0.756 1.0 0.096 0.056 1.000
0.0 1.0 0.0 0.0 0.0 0.0 0.0 0.0 0.0 0.0 0.136 0.727 0.727 0.727 1.0 0.096 0.069 0.040
0.0 1.0 0.0 0.0 0.0 0.0 0.0 0.0 0.0 0.0 0.114 0.705 0.886 0.756 1.0 0.096 0.056 1.000
0.0 0.0 0.0 1.0 0.0 0.0 0.0 0.0 0.0 0.0 0.136 0.682 0.864 0.734 2.0 0.164 0.056 1.000
0.0 0.0 0.0 1.0 0.0 0.0 0.0 0.0 0.0 0.0 0.136 0.682 0.864 0.734 2.0 0.164 0.042 1.000
0.0 0.0 0.0 1.0 0.0 0.0 0.0 0.0 0.0 0.0 0.136 0.682 0.864 0.734 2.0 0.164 0.042 1.000
0.0 0.0 0.0 1.0 0.0 0.0 0.0 0.0 0.0 0.0 0.136 0.682 0.864 0.734 2.0 0.164 0.042 1.000
0.0 0.0 0.0 1.0 0.0 0.0 0.0 0.0 0.0 0.0 0.136 0.682 0.864 0.734 2.0 0.164 0.042 1.000
0.0 1.0 0.0 0.0 0.0 0.0 0.0 0.0 0.0 0.0 0.159 0.659 0.841 0.711 2.0 0.123 0.042 1.000
0.0 0.0 0.0 1.0 0.0 0.0 0.0 0.0 0.0 0.0 0.136 0.682 0.864 0.734 2.0 0.137 0.028 1.000
0.0 0.0 0.0 1.0 0.0 0.0 0.0 0.0 0.0 0.0 0.136 0.818 0.818 0.818 2.0 0.164 0.028 0.040
0.0 0.0 0.0 1.0 0.0 0.0 0.0 0.0 0.0 0.0 0.159 0.659 0.841 0.711 2.0 0.164 0.042 1.000
0.0 0.0 0.0 1.0 0.0 0.0 0.0 0.0 0.0 0.0 0.136 0.682 0.864 0.734 2.0 0.164 0.028 1.000
0.0 0.0 0.0 1.0 0.0 0.0 0.0 0.0 0.0 0.0 0.136 0.818 0.818 0.818 2.0 0.164 0.028 0.040
0.0 0.0 0.0 1.0 0.0 0.0 0.0 0.0 0.0 0.0 0.136 0.864 0.864 0.864 2.0 0.164 0.056 0.040
0.0 1.0 0.0 0.0 0.0 0.0 0.0 0.0 0.0 0.0 0.136 0.682 0.864 0.734 1.0 0.110 0.028 1.000
0.0 0.0 0.0 1.0 0.0 0.0 0.0 0.0 0.0 0.0 0.136 0.682 0.864 0.734 2.0 0.151 0.042 1.000
0.0 1.0 0.0 0.0 0.0 0.0 0.0 0.0 0.0 0.0 0.136 0.682 0.864 0.734 1.0 0.110 0.069 1.000
0.0 0.0 0.0 1.0 0.0 0.0 0.0 0.0 0.0 0.0 0.136 0.682 0.864 0.734 2.0 0.137 0.083 1.000
0.0 0.0 0.0 1.0 0.0 0.0 0.0 0.0 0.0 0.0 0.136 0.682 0.864 0.734 2.0 0.164 0.028 1.000
0.0 0.0 0.0 1.0 0.0 0.0 0.0 0.0 0.0 0.0 0.136 0.682 0.864 0.734 2.0 0.164 0.028 1.000
0.0 1.0 0.0 0.0 0.0 0.0 0.0 0.0 0.0 0.0 0.136 0.682 0.864 0.734 1.0 0.110 0.042 1.000
0.0 0.0 0.0 1.0 0.0 0.0 0.0 0.0 0.0 0.0 0.136 0.682 0.864 0.734 2.0 0.151 0.069 1.000
0.0 1.0 0.0 0.0 0.0 0.0 0.0 0.0 0.0 0.0 0.136 0.682 0.864 0.734 1.0 0.110 0.042 1.000
0.0 0.0 0.0 1.0 0.0 0.0 0.0 0.0 0.0 0.0 0.136 0.682 0.864 0.734 2.0 0.151 0.056 1.000
0.0 1.0 0.0 0.0 0.0 0.0 0.0 0.0 0.0 0.0 0.182 0.773 0.773 0.773 1.0 0.096 0.042 0.040
0.0 0.0 0.0 1.0 0.0 0.0 0.0 0.0 0.0 0.0 0.159 0.659 0.841 0.711 2.0 0.123 0.069 1.000
0.0 1.0 0.0 0.0 0.0 0.0 0.0 0.0 0.0 0.0 0.159 0.659 0.841 0.711 1.0 0.096 0.056 1.000
1.0 0.0 0.0 0.0 0.0 0.0 0.0 0.0 0.0 0.0 0.159 0.659 0.841 0.711 1.0 0.123 0.028 1.000
1.0 0.0 0.0 0.0 0.0 0.0 0.0 0.0 0.0 0.0 0.159 0.818 0.818 0.818 1.0 0.123 0.028 0.040
0.0 0.0 0.0 1.0 0.0 0.0 0.0 0.0 0.0 0.0 0.159 0.659 0.841 0.711 2.0 0.137 0.042 1.000
0.0 0.0 0.0 1.0 0.0 0.0 0.0 0.0 0.0 0.0 0.159 0.659 0.841 0.711 2.0 0.123 0.083 1.000
0.0 0.0 0.0 1.0 0.0 0.0 0.0 0.0 0.0 0.0 0.159 0.659 0.841 0.711 2.0 0.137 0.069 1.000
0.0 0.0 0.0 1.0 0.0 0.0 0.0 0.0 0.0 0.0 0.159 0.659 0.841 0.711 2.0 0.137 0.056 1.000
0.0 1.0 0.0 0.0 0.0 0.0 0.0 0.0 0.0 0.0 0.159 0.659 0.841 0.711 1.0 0.123 0.056 1.000
0.0 0.0 0.0 1.0 0.0 0.0 0.0 0.0 0.0 0.0 0.159 0.659 0.841 0.711 2.0 0.137 0.069 1.000
0.0 1.0 0.0 0.0 0.0 0.0 0.0 0.0 0.0 0.0 0.159 0.659 0.841 0.711 1.0 0.110 0.042 1.000
0.0 0.0 0.0 1.0 0.0 0.0 0.0 0.0 0.0 0.0 0.159 0.659 0.841 0.711 2.0 0.151 0.069 1.000
0.0 1.0 0.0 0.0 0.0 0.0 0.0 0.0 0.0 0.0 0.159 0.659 0.841 0.711 1.0 0.110 0.056 1.000
0.0 0.0 0.0 1.0 0.0 0.0 0.0 0.0 0.0 0.0 0.159 0.659 0.841 0.711 2.0 0.151 0.056 1.000
0.0 1.0 0.0 0.0 0.0 0.0 0.0 0.0 0.0 0.0 0.159 0.659 0.841 0.711 1.0 0.110 0.042 1.000
0.0 0.0 0.0 1.0 0.0 0.0 0.0 0.0 0.0 0.0 0.159 0.659 0.841 0.711 2.0 0.137 0.056 1.000
0.0 1.0 0.0 0.0 0.0 0.0 0.0 0.0 0.0 0.0 0.159 0.659 0.841 0.711 1.0 0.110 0.042 1.000
0.0 0.0 0.0 1.0 0.0 0.0 0.0 0.0 0.0 0.0 0.182 0.636 0.818 0.688 2.0 0.123 0.056 1.000
0.0 1.0 0.0 0.0 0.0 0.0 0.0 0.0 0.0 0.0 0.182 0.636 0.818 0.688 1.0 0.096 0.042 1.000
0.0 0.0 0.0 1.0 0.0 0.0 0.0 0.0 0.0 0.0 0.159 0.659 0.841 0.711 2.0 0.164 0.056 1.000
0.0 1.0 0.0 0.0 0.0 0.0 0.0 0.0 0.0 0.0 0.159 0.659 0.841 0.711 1.0 0.110 0.042 1.000
0.0 0.0 0.0 1.0 0.0 0.0 0.0 0.0 0.0 0.0 0.182 0.636 0.818 0.688 2.0 0.137 0.056 1.000
0.0 1.0 0.0 0.0 0.0 0.0 0.0 0.0 0.0 0.0 0.182 0.636 0.818 0.688 1.0 0.110 0.042 1.000
0.0 0.0 0.0 1.0 0.0 0.0 0.0 0.0 0.0 0.0 0.159 0.795 0.795 0.795 2.0 0.137 0.069 0.040
0.0 1.0 0.0 0.0 0.0 0.0 0.0 0.0 0.0 0.0 0.159 0.795 0.795 0.795 1.0 0.110 0.028 0.040
0.0 1.0 0.0 0.0 0.0 0.0 0.0 0.0 0.0 0.0 0.159 0.841 0.841 0.841 1.0 0.110 0.056 0.040
0.0 0.0 0.0 1.0 0.0 0.0 0.0 0.0 0.0 0.0 0.159 0.659 0.841 0.711 2.0 0.137 0.042 1.000
0.0 1.0 0.0 0.0 0.0 0.0 0.0 0.0 0.0 0.0 0.159 0.659 0.841 0.711 1.0 0.110 0.028 1.000
0.0 0.0 0.0 1.0 0.0 0.0 0.0 0.0 0.0 0.0 0.182 0.636 0.818 0.688 2.0 0.137 0.083 1.000
0.0 1.0 0.0 0.0 0.0 0.0 0.0 0.0 0.0 0.0 0.159 0.795 0.795 0.795 1.0 0.110 0.028 0.040
0.0 0.0 0.0 1.0 0.0 0.0 0.0 0.0 0.0 0.0 0.159 0.795 0.795 0.795 2.0 0.151 0.042 0.040
0.0 1.0 0.0 0.0 0.0 0.0 0.0 0.0 0.0 0.0 0.159 0.659 0.841 0.711 1.0 0.110 0.028 1.000
0.0 0.0 0.0 1.0 0.0 0.0 0.0 0.0 0.0 0.0 0.159 0.659 0.841 0.711 2.0 0.151 0.056 1.000
0.0 0.0 0.0 1.0 0.0 0.0 0.0 0.0 0.0 0.0 0.182 0.636 0.818 0.688 2.0 0.164 0.042 1.000
0.0 1.0 0.0 0.0 0.0 0.0 0.0 0.0 0.0 0.0 0.159 0.659 0.841 0.711 2.0 0.110 0.042 1.000
0.0 0.0 0.0 1.0 0.0 0.0 0.0 0.0 0.0 0.0 0.159 0.659 0.841 0.711 2.0 0.151 0.042 1.000
0.0 1.0 0.0 0.0 0.0 0.0 0.0 0.0 0.0 0.0 0.205 0.614 0.795 0.665 2.0 0.123 0.097 1.000
0.0 0.0 0.0 1.0 0.0 0.0 0.0 0.0 0.0 0.0 0.182 0.636 0.818 0.688 2.0 0.137 0.083 1.000
0.0 0.0 0.0 1.0 0.0 0.0 0.0 0.0 0.0 0.0 0.182 0.636 0.818 0.688 2.0 0.164 0.056 1.000
0.0 0.0 0.0 1.0 0.0 0.0 0.0 0.0 0.0 0.0 0.182 0.636 0.818 0.688 2.0 0.164 0.069 1.000
0.0 0.0 0.0 1.0 0.0 0.0 0.0 0.0 0.0 0.0 0.182 0.636 0.818 0.688 2.0 0.123 0.056 1.000
0.0 0.0 0.0 1.0 0.0 0.0 0.0 0.0 0.0 0.0 0.182 0.636 0.818 0.688 2.0 0.137 0.069 1.000
0.0 0.0 0.0 1.0 0.0 0.0 0.0 0.0 0.0 0.0 0.182 0.636 0.818 0.688 2.0 0.137 0.056 1.000
0.0 1.0 0.0 0.0 0.0 0.0 0.0 0.0 0.0 0.0 0.182 0.795 0.795 0.795 1.0 0.096 0.028 0.040
0.0 1.0 0.0 0.0 0.0 0.0 0.0 0.0 0.0 0.0 0.182 0.636 0.818 0.688 1.0 0.096 0.028 1.000
0.0 0.0 0.0 1.0 0.0 0.0 0.0 0.0 0.0 0.0 0.182 0.636 0.818 0.688 2.0 0.123 0.056 1.000
0.0 0.0 0.0 1.0 0.0 0.0 0.0 0.0 0.0 0.0 0.205 0.614 0.795 0.665 2.0 0.123 0.056 1.000
0.0 0.0 0.0 1.0 0.0 0.0 0.0 0.0 0.0 0.0 0.182 0.636 0.818 0.688 2.0 0.151 0.056 1.000
0.0 0.0 0.0 1.0 0.0 0.0 0.0 0.0 0.0 0.0 0.205 0.614 0.795 0.665 2.0 0.123 0.056 1.000
0.0 1.0 0.0 0.0 0.0 0.0 0.0 0.0 0.0 0.0 0.205 0.750 0.750 0.750 2.0 0.096 0.069 0.040
0.0 0.0 0.0 1.0 0.0 0.0 0.0 0.0 0.0 0.0 0.182 0.773 0.773 0.773 2.0 0.110 0.056 0.040
0.0 0.0 0.0 1.0 0.0 0.0 0.0 0.0 0.0 0.0 0.182 0.636 0.818 0.688 2.0 0.123 0.042 1.000
0.0 1.0 0.0 0.0 0.0 0.0 0.0 0.0 0.0 0.0 0.182 0.636 0.818 0.688 2.0 0.096 0.069 1.000
0.0 0.0 0.0 1.0 0.0 0.0 0.0 0.0 0.0 0.0 0.182 0.773 0.773 0.773 2.0 0.137 0.042 0.040
0.0 0.0 0.0 1.0 0.0 0.0 0.0 0.0 0.0 0.0 0.182 0.636 0.818 0.688 2.0 0.137 0.056 1.000
0.0 0.0 0.0 1.0 0.0 0.0 0.0 0.0 0.0 0.0 0.182 0.636 0.818 0.688 2.0 0.137 0.056 1.000
0.0 1.0 0.0 0.0 0.0 0.0 0.0 0.0 0.0 0.0 0.205 0.614 0.795 0.665 1.0 0.123 0.083 1.000
0.0 0.0 0.0 1.0 0.0 0.0 0.0 0.0 0.0 0.0 0.205 0.614 0.795 0.665 2.0 0.137 0.069 1.000
0.0 0.0 0.0 1.0 0.0 0.0 0.0 0.0 0.0 0.0 0.205 0.614 0.795 0.665 2.0 0.164 0.069 1.000
0.0 0.0 0.0 1.0 0.0 0.0 0.0 0.0 0.0 0.0 0.205 0.614 0.795 0.665 2.0 0.178 0.056 1.000
0.0 0.0 0.0 1.0 0.0 0.0 0.0 0.0 0.0 0.0 0.205 0.614 0.795 0.665 2.0 0.137 0.056 1.000
0.0 0.0 0.0 1.0 0.0 0.0 0.0 0.0 0.0 0.0 0.227 0.591 0.773 0.643 2.0 0.137 0.056 1.000
0.0 0.0 0.0 1.0 0.0 0.0 0.0 0.0 0.0 0.0 0.205 0.614 0.795 0.665 2.0 0.219 0.056 1.000
0.0 0.0 0.0 1.0 0.0 0.0 0.0 0.0 0.0 0.0 0.227 0.591 0.773 0.643 2.0 0.151 0.056 1.000
0.0 0.0 0.0 1.0 0.0 0.0 0.0 0.0 0.0 0.0 0.227 0.727 0.727 0.727 2.0 0.123 0.083 0.040
0.0 1.0 0.0 0.0 0.0 0.0 0.0 0.0 0.0 0.0 0.205 0.614 0.795 0.665 2.0 0.110 0.056 1.000
0.0 0.0 0.0 1.0 0.0 0.0 0.0 0.0 0.0 0.0 0.205 0.614 0.795 0.665 2.0 0.137 0.042 1.000
0.0 1.0 0.0 0.0 0.0 0.0 0.0 0.0 0.0 0.0 0.227 0.591 0.773 0.643 2.0 0.096 0.111 1.000
0.0 1.0 0.0 0.0 0.0 0.0 0.0 0.0 0.0 0.0 0.205 0.614 0.795 0.665 1.0 0.110 0.056 1.000
0.0 1.0 0.0 0.0 0.0 0.0 0.0 0.0 0.0 0.0 0.205 0.614 0.795 0.665 1.0 0.110 0.069 1.000
0.0 0.0 0.0 1.0 0.0 0.0 0.0 0.0 0.0 0.0 0.205 0.614 0.795 0.665 2.0 0.164 0.056 1.000
0.0 0.0 0.0 1.0 0.0 0.0 0.0 0.0 0.0 0.0 0.205 0.750 0.750 0.750 2.0 0.164 0.042 0.040
0.0 0.0 0.0 1.0 0.0 0.0 0.0 0.0 0.0 0.0 0.205 0.614 0.795 0.665 2.0 0.164 0.056 1.000
0.0 1.0 0.0 0.0 0.0 0.0 0.0 0.0 0.0 0.0 0.227 0.591 0.773 0.643 2.0 0.137 0.083 1.000
0.0 1.0 0.0 0.0 0.0 0.0 0.0 0.0 0.0 0.0 0.250 0.568 0.750 0.620 1.0 0.137 0.056 1.000
0.0 1.0 0.0 0.0 0.0 0.0 0.0 0.0 0.0 0.0 0.250 0.568 0.750 0.620 1.0 0.178 0.056 1.000
0.0 1.0 0.0 0.0 0.0 0.0 0.0 0.0 0.0 0.0 0.227 0.591 0.773 0.643 1.0 0.137 0.056 1.000
0.0 0.0 0.0 1.0 0.0 0.0 0.0 0.0 0.0 0.0 0.227 0.591 0.773 0.643 2.0 0.151 0.125 1.000
0.0 0.0 0.0 1.0 0.0 0.0 0.0 0.0 0.0 0.0 0.227 0.591 0.773 0.643 2.0 0.151 0.125 1.000
0.0 1.0 0.0 0.0 0.0 0.0 0.0 0.0 0.0 0.0 0.227 0.591 0.773 0.643 1.0 0.096 0.083 1.000
0.0 1.0 0.0 0.0 0.0 0.0 0.0 0.0 0.0 0.0 0.250 0.705 0.705 0.705 1.0 0.123 0.083 0.040
0.0 1.0 0.0 0.0 0.0 0.0 0.0 0.0 0.0 0.0 0.227 0.591 0.773 0.643 1.0 0.123 0.042 1.000
1.0 0.0 0.0 0.0 0.0 0.0 0.0 0.0 0.0 0.0 0.227 0.591 0.773 0.643 1.0 0.164 0.056 1.000
0.0 1.0 0.0 0.0 0.0 0.0 0.0 0.0 0.0 0.0 0.227 0.591 0.773 0.643 1.0 0.110 0.056 1.000
0.0 1.0 0.0 0.0 0.0 0.0 0.0 0.0 0.0 0.0 0.227 0.727 0.727 0.727 1.0 0.110 0.042 0.040
0.0 0.0 0.0 1.0 0.0 0.0 0.0 0.0 0.0 0.0 0.250 0.568 0.750 0.620 2.0 0.151 0.167 1.000
0.0 1.0 0.0 0.0 0.0 0.0 0.0 0.0 0.0 0.0 0.227 0.591 0.773 0.643 1.0 0.110 0.056 1.000
0.0 0.0 0.0 1.0 0.0 0.0 0.0 0.0 0.0 0.0 0.250 0.568 0.750 0.620 2.0 0.164 0.125 1.000
1.0 0.0 0.0 0.0 0.0 0.0 0.0 0.0 0.0 0.0 0.227 0.591 0.773 0.643 1.0 0.137 0.056 1.000
1.0 0.0 0.0 0.0 0.0 0.0 0.0 0.0 0.0 0.0 0.227 0.750 0.750 0.750 1.0 0.137 0.056 0.040
1.0 0.0 0.0 0.0 0.0 0.0 0.0 0.0 0.0 0.0 0.227 0.705 0.705 0.705 1.0 0.151 0.056 0.040
1.0 0.0 0.0 0.0 0.0 0.0 0.0 0.0 0.0 0.0 0.227 0.591 0.773 0.643 1.0 0.151 0.056 1.000
0.0 1.0 0.0 0.0 0.0 0.0 0.0 0.0 0.0 0.0 0.250 0.705 0.705 0.705 2.0 0.110 0.083 0.040
1.0 0.0 0.0 0.0 0.0 0.0 0.0 0.0 0.0 0.0 0.227 0.727 0.727 0.727 1.0 0.110 0.069 0.040
1.0 0.0 0.0 0.0 0.0 0.0 0.0 0.0 0.0 0.0 0.227 0.591 0.773 0.643 1.0 0.137 0.069 1.000
1.0 0.0 0.0 0.0 0.0 0.0 0.0 0.0 0.0 0.0 0.273 0.545 0.727 0.597 1.0 0.151 0.056 1.000
1.0 0.0 0.0 0.0 0.0 0.0 0.0 0.0 0.0 0.0 0.273 0.545 0.727 0.597 1.0 0.137 0.056 1.000
0.0 1.0 0.0 0.0 0.0 0.0 0.0 0.0 0.0 0.0 0.273 0.682 0.682 0.682 1.0 0.096 0.083 0.040
0.0 0.0 0.0 1.0 0.0 0.0 0.0 0.0 0.0 0.0 0.250 0.568 0.750 0.620 2.0 0.137 0.153 1.000
0.0 0.0 0.0 1.0 0.0 0.0 0.0 0.0 0.0 0.0 0.250 0.568 0.750 0.620 2.0 0.137 0.125 1.000
0.0 1.0 0.0 0.0 0.0 0.0 0.0 0.0 0.0 0.0 0.250 0.568 0.750 0.620 1.0 0.096 0.042 1.000
1.0 0.0 0.0 0.0 0.0 0.0 0.0 0.0 0.0 0.0 0.250 0.750 0.750 0.750 1.0 0.123 0.056 0.040
1.0 0.0 0.0 0.0 0.0 0.0 0.0 0.0 0.0 0.0 0.250 0.568 0.750 0.620 1.0 0.123 0.056 1.000
1.0 0.0 0.0 0.0 0.0 0.0 0.0 0.0 0.0 0.0 0.250 0.568 0.750 0.620 1.0 0.123 0.083 1.000
1.0 0.0 0.0 0.0 0.0 0.0 0.0 0.0 0.0 0.0 0.250 0.727 0.727 0.727 1.0 0.123 0.083 0.040
1.0 0.0 0.0 0.0 0.0 0.0 0.0 0.0 0.0 0.0 0.273 0.682 0.682 0.682 1.0 0.123 0.056 0.040
1.0 0.0 0.0 0.0 0.0 0.0 0.0 0.0 0.0 0.0 0.273 0.727 0.727 0.727 1.0 0.137 0.056 0.040
1.0 0.0 0.0 0.0 0.0 0.0 0.0 0.0 0.0 0.0 0.273 0.545 0.727 0.597 1.0 0.137 0.056 1.000
0.0 0.0 0.0 1.0 0.0 0.0 0.0 0.0 0.0 0.0 0.273 0.545 0.727 0.597 2.0 0.151 0.167 1.000
0.0 1.0 0.0 0.0 0.0 0.0 0.0 0.0 0.0 0.0 0.273 0.545 0.727 0.597 1.0 0.110 0.125 1.000
0.0 1.0 0.0 0.0 0.0 0.0 0.0 0.0 0.0 0.0 0.250 0.568 0.750 0.620 1.0 0.096 0.056 1.000
0.0 1.0 0.0 0.0 0.0 0.0 0.0 0.0 0.0 0.0 0.250 0.727 0.727 0.727 1.0 0.096 0.056 0.040
0.0 0.0 0.0 1.0 0.0 0.0 0.0 0.0 0.0 0.0 0.250 0.682 0.682 0.682 2.0 0.137 0.069 0.040
0.0 1.0 0.0 0.0 0.0 0.0 0.0 0.0 0.0 0.0 0.250 0.682 0.682 0.682 1.0 0.096 0.056 0.040
0.0 0.0 0.0 1.0 0.0 0.0 0.0 0.0 0.0 0.0 0.250 0.568 0.750 0.620 2.0 0.137 0.069 1.000
0.0 1.0 0.0 0.0 0.0 0.0 0.0 0.0 0.0 0.0 0.250 0.568 0.750 0.620 1.0 0.096 0.056 1.000
0.0 1.0 0.0 0.0 0.0 0.0 0.0 0.0 0.0 0.0 0.273 0.682 0.682 0.682 1.0 0.096 0.083 0.040
0.0 1.0 0.0 0.0 0.0 0.0 0.0 0.0 0.0 0.0 0.250 0.568 0.750 0.620 1.0 0.096 0.069 1.000
0.0 0.0 0.0 1.0 0.0 0.0 0.0 0.0 0.0 0.0 0.273 0.545 0.727 0.597 2.0 0.164 0.167 1.000
0.0 0.0 0.0 1.0 0.0 0.0 0.0 0.0 0.0 0.0 0.273 0.545 0.727 0.597 2.0 0.137 0.125 1.000
1.0 0.0 0.0 0.0 0.0 0.0 0.0 0.0 0.0 0.0 0.250 0.750 0.750 0.750 1.0 0.123 0.056 0.040
1.0 0.0 0.0 0.0 0.0 0.0 0.0 0.0 0.0 0.0 0.250 0.568 0.750 0.620 1.0 0.123 0.056 1.000
0.0 0.0 0.0 1.0 0.0 0.0 0.0 0.0 0.0 0.0 0.295 0.523 0.705 0.575 2.0 0.151 0.167 1.000
0.0 1.0 0.0 0.0 0.0 0.0 0.0 0.0 0.0 0.0 0.273 0.545 0.727 0.597 2.0 0.096 0.069 1.000
0.0 0.0 0.0 1.0 0.0 0.0 0.0 0.0 0.0 0.0 0.273 0.545 0.727 0.597 2.0 0.137 0.139 1.000
0.0 1.0 0.0 0.0 0.0 0.0 0.0 0.0 0.0 0.0 0.273 0.545 0.727 0.597 1.0 0.096 0.083 1.000
0.0 0.0 0.0 1.0 0.0 0.0 0.0 0.0 0.0 0.0 0.273 0.705 0.705 0.705 2.0 0.137 0.139 0.040
0.0 1.0 0.0 0.0 0.0 0.0 0.0 0.0 0.0 0.0 0.273 0.705 0.705 0.705 1.0 0.096 0.083 0.040
0.0 0.0 0.0 1.0 0.0 0.0 0.0 0.0 0.0 0.0 0.273 0.659 0.659 0.659 2.0 0.137 0.069 0.040
0.0 0.0 0.0 1.0 0.0 0.0 0.0 0.0 0.0 0.0 0.273 0.545 0.727 0.597 2.0 0.137 0.069 1.000
1.0 0.0 0.0 0.0 0.0 0.0 0.0 0.0 0.0 0.0 0.295 0.659 0.659 0.659 1.0 0.123 0.056 0.040
1.0 0.0 0.0 0.0 0.0 0.0 0.0 0.0 0.0 0.0 0.295 0.523 0.705 0.575 1.0 0.123 0.056 1.000
0.0 0.0 0.0 1.0 0.0 0.0 0.0 0.0 0.0 0.0 0.295 0.659 0.659 0.659 2.0 0.137 0.097 0.040
0.0 1.0 0.0 0.0 0.0 0.0 0.0 0.0 0.0 0.0 0.295 0.659 0.659 0.659 1.0 0.096 0.056 0.040
0.0 0.0 0.0 1.0 0.0 0.0 0.0 0.0 0.0 0.0 0.295 0.523 0.705 0.575 2.0 0.164 0.125 1.000
0.0 1.0 0.0 0.0 0.0 0.0 0.0 0.0 0.0 0.0 0.295 0.705 0.705 0.705 1.0 0.096 0.056 0.040
0.0 1.0 0.0 0.0 0.0 0.0 0.0 0.0 0.0 0.0 0.273 0.727 0.727 0.727 1.0 0.096 0.056 0.040
0.0 1.0 0.0 0.0 0.0 0.0 0.0 0.0 0.0 0.0 0.295 0.523 0.705 0.575 1.0 0.096 0.056 1.000
1.0 0.0 0.0 0.0 0.0 0.0 0.0 0.0 0.0 0.0 0.295 0.659 0.659 0.659 1.0 0.123 0.056 0.040
1.0 0.0 0.0 0.0 0.0 0.0 0.0 0.0 0.0 0.0 0.295 0.523 0.705 0.575 1.0 0.123 0.056 1.000
0.0 0.0 0.0 1.0 0.0 0.0 0.0 0.0 0.0 0.0 0.295 0.523 0.705 0.575 2.0 0.137 0.222 1.000
0.0 1.0 0.0 0.0 0.0 0.0 0.0 0.0 0.0 0.0 0.295 0.523 0.705 0.575 2.0 0.110 0.181 1.000
0.0 0.0 0.0 1.0 0.0 0.0 0.0 0.0 0.0 0.0 0.318 0.500 0.682 0.552 2.0 0.192 0.167 1.000
0.0 0.0 0.0 1.0 0.0 0.0 0.0 0.0 0.0 0.0 0.295 0.523 0.705 0.575 2.0 0.137 0.139 1.000
0.0 0.0 0.0 1.0 0.0 0.0 0.0 0.0 0.0 0.0 0.295 0.682 0.682 0.682 2.0 0.137 0.139 0.040
0.0 0.0 0.0 1.0 0.0 0.0 0.0 0.0 0.0 0.0 0.295 0.636 0.636 0.636 2.0 0.164 0.069 0.040
0.0 0.0 0.0 1.0 0.0 0.0 0.0 0.0 0.0 0.0 0.295 0.523 0.705 0.575 2.0 0.164 0.069 1.000
0.0 0.0 0.0 1.0 0.0 0.0 0.0 0.0 0.0 0.0 0.318 0.636 0.636 0.636 2.0 0.151 0.097 0.040
0.0 1.0 0.0 0.0 0.0 0.0 0.0 0.0 0.0 0.0 0.273 0.727 0.727 0.727 1.0 0.096 0.056 0.040
0.0 0.0 0.0 1.0 0.0 0.0 0.0 0.0 0.0 0.0 0.318 0.682 0.682 0.682 2.0 0.137 0.111 0.040
0.0 1.0 0.0 0.0 0.0 0.0 0.0 0.0 0.0 0.0 0.273 0.545 0.727 0.597 2.0 0.096 0.069 1.000
0.0 0.0 0.0 1.0 0.0 0.0 0.0 0.0 0.0 0.0 0.318 0.500 0.682 0.552 2.0 0.137 0.111 1.000
0.0 1.0 0.0 0.0 0.0 0.0 0.0 0.0 0.0 0.0 0.318 0.500 0.682 0.552 1.0 0.096 0.056 1.000
0.0 0.0 0.0 1.0 0.0 0.0 0.0 0.0 0.0 0.0 0.318 0.500 0.682 0.552 2.0 0.137 0.222 1.000
0.0 0.0 0.0 1.0 0.0 0.0 0.0 0.0 0.0 0.0 0.318 0.500 0.682 0.552 2.0 0.151 0.181 1.000
0.0 1.0 0.0 0.0 0.0 0.0 0.0 0.0 0.0 0.0 0.318 0.500 0.682 0.552 2.0 0.110 0.139 1.000
0.0 0.0 0.0 1.0 0.0 0.0 0.0 0.0 0.0 0.0 0.318 0.500 0.682 0.552 2.0 0.164 0.139 1.000
0.0 0.0 0.0 1.0 0.0 0.0 0.0 0.0 0.0 0.0 0.318 0.659 0.659 0.659 2.0 0.164 0.139 0.040
0.0 1.0 0.0 0.0 0.0 0.0 0.0 0.0 0.0 0.0 0.318 0.636 0.636 0.636 1.0 0.096 0.056 0.040
0.0 0.0 0.0 1.0 0.0 0.0 0.0 0.0 0.0 0.0 0.318 0.636 0.636 0.636 2.0 0.137 0.139 0.040
0.0 1.0 0.0 0.0 0.0 0.0 0.0 0.0 0.0 0.0 0.318 0.636 0.636 0.636 1.0 0.096 0.056 0.040
0.0 1.0 0.0 0.0 0.0 0.0 0.0 0.0 0.0 0.0 0.318 0.500 0.682 0.552 1.0 0.096 0.056 1.000
0.0 0.0 0.0 1.0 0.0 0.0 0.0 0.0 0.0 0.0 0.318 0.500 0.682 0.552 2.0 0.137 0.125 1.000
0.0 0.0 0.0 1.0 0.0 0.0 0.0 0.0 0.0 0.0 0.341 0.614 0.614 0.614 2.0 0.164 0.097 0.040
0.0 0.0 0.0 1.0 0.0 0.0 0.0 0.0 0.0 0.0 0.295 0.705 0.705 0.705 2.0 0.137 0.111 0.040
0.0 0.0 0.0 1.0 0.0 0.0 0.0 0.0 0.0 0.0 0.295 0.523 0.705 0.575 2.0 0.137 0.125 1.000
0.0 0.0 0.0 1.0 0.0 0.0 0.0 0.0 0.0 0.0 0.318 0.500 0.682 0.552 2.0 0.137 0.097 1.000
0.0 1.0 0.0 0.0 0.0 0.0 0.0 0.0 0.0 0.0 0.318 0.500 0.682 0.552 1.0 0.110 0.069 1.000
0.0 1.0 0.0 0.0 0.0 0.0 0.0 0.0 0.0 0.0 0.364 0.455 0.636 0.506 2.0 0.151 0.250 1.000
0.0 0.0 0.0 1.0 0.0 0.0 0.0 0.0 0.0 0.0 0.341 0.477 0.659 0.529 2.0 0.137 0.236 1.000
0.0 0.0 0.0 1.0 0.0 0.0 0.0 0.0 0.0 0.0 0.341 0.477 0.659 0.529 2.0 0.137 0.194 1.000
0.0 0.0 0.0 1.0 0.0 0.0 0.0 0.0 0.0 0.0 0.341 0.477 0.659 0.529 2.0 0.233 0.181 1.000
0.0 1.0 0.0 0.0 0.0 0.0 0.0 0.0 0.0 0.0 0.318 0.614 0.614 0.614 1.0 0.110 0.069 0.040
0.0 0.0 0.0 1.0 0.0 0.0 0.0 0.0 0.0 0.0 0.318 0.614 0.614 0.614 2.0 0.151 0.097 0.040
0.0 1.0 0.0 0.0 0.0 0.0 0.0 0.0 0.0 0.0 0.364 0.591 0.591 0.591 2.0 0.110 0.153 0.040
0.0 0.0 0.0 1.0 0.0 0.0 0.0 0.0 0.0 0.0 0.341 0.614 0.614 0.614 2.0 0.110 0.139 0.040
0.0 0.0 0.0 1.0 0.0 0.0 0.0 0.0 0.0 0.0 0.341 0.477 0.659 0.529 2.0 0.137 0.125 1.000
0.0 0.0 0.0 1.0 0.0 0.0 0.0 0.0 0.0 0.0 0.341 0.659 0.659 0.659 2.0 0.164 0.111 0.040
0.0 0.0 0.0 1.0 0.0 0.0 0.0 0.0 0.0 0.0 0.341 0.477 0.659 0.529 2.0 0.164 0.125 1.000
1.0 0.0 0.0 0.0 0.0 0.0 0.0 0.0 0.0 0.0 0.341 0.614 0.614 0.614 1.0 0.137 0.167 0.040
0.0 0.0 0.0 1.0 0.0 0.0 0.0 0.0 0.0 0.0 0.341 0.636 0.636 0.636 2.0 0.137 0.167 0.040
0.0 1.0 0.0 0.0 0.0 0.0 0.0 0.0 0.0 0.0 0.341 0.636 0.636 0.636 1.0 0.110 0.139 0.040
0.0 0.0 0.0 1.0 0.0 0.0 0.0 0.0 0.0 0.0 0.341 0.477 0.659 0.529 2.0 0.151 0.167 1.000
0.0 1.0 0.0 0.0 0.0 0.0 0.0 0.0 0.0 0.0 0.341 0.477 0.659 0.529 1.0 0.110 0.139 1.000
0.0 0.0 0.0 1.0 0.0 0.0 0.0 0.0 0.0 0.0 0.341 0.477 0.659 0.529 2.0 0.123 0.097 1.000
0.0 0.0 0.0 1.0 0.0 0.0 0.0 0.0 0.0 0.0 0.364 0.591 0.591 0.591 2.0 0.137 0.139 0.040
0.0 1.0 0.0 0.0 0.0 0.0 0.0 0.0 0.0 0.0 0.364 0.591 0.591 0.591 1.0 0.110 0.097 0.040
0.0 0.0 0.0 1.0 0.0 0.0 0.0 0.0 0.0 0.0 0.364 0.455 0.636 0.506 2.0 0.192 0.194 1.000
0.0 0.0 0.0 1.0 0.0 0.0 0.0 0.0 0.0 0.0 0.341 0.591 0.591 0.591 2.0 0.137 0.097 0.040
0.0 0.0 0.0 1.0 0.0 0.0 0.0 0.0 0.0 0.0 0.386 0.568 0.568 0.568 2.0 0.151 0.153 0.040
0.0 0.0 0.0 1.0 0.0 0.0 0.0 0.0 0.0 0.0 0.364 0.455 0.636 0.506 2.0 0.164 0.125 1.000
0.0 0.0 0.0 1.0 0.0 0.0 0.0 0.0 0.0 0.0 0.364 0.614 0.614 0.614 2.0 0.123 0.167 0.040
0.0 0.0 0.0 1.0 0.0 0.0 0.0 0.0 0.0 0.0 0.364 0.455 0.636 0.506 2.0 0.137 0.167 1.000
0.0 0.0 0.0 1.0 0.0 0.0 0.0 0.0 0.0 0.0 0.364 0.455 0.636 0.506 2.0 0.137 0.097 1.000
0.0 0.0 0.0 1.0 0.0 0.0 0.0 0.0 0.0 0.0 0.386 0.568 0.568 0.568 2.0 0.123 0.139 0.040
0.0 0.0 0.0 1.0 0.0 0.0 0.0 0.0 0.0 0.0 0.364 0.455 0.636 0.506 2.0 0.137 0.194 1.000
0.0 1.0 0.0 0.0 0.0 0.0 0.0 0.0 0.0 0.0 0.364 0.455 0.636 0.506 1.0 0.110 0.125 1.000
0.0 1.0 0.0 0.0 0.0 0.0 0.0 0.0 0.0 0.0 0.364 0.591 0.591 0.591 1.0 0.096 0.167 0.040
0.0 0.0 0.0 1.0 0.0 0.0 0.0 0.0 0.0 0.0 0.386 0.432 0.614 0.484 2.0 0.205 0.264 1.000
0.0 1.0 0.0 0.0 0.0 0.0 0.0 0.0 0.0 0.0 0.364 0.636 0.636 0.636 2.0 0.110 0.125 0.040
0.0 0.0 0.0 1.0 0.0 0.0 0.0 0.0 0.0 0.0 0.364 0.636 0.636 0.636 2.0 0.151 0.167 0.040
1.0 0.0 0.0 0.0 0.0 0.0 0.0 0.0 0.0 0.0 0.386 0.545 0.545 0.545 1.0 0.123 0.250 0.040
1.0 0.0 0.0 0.0 0.0 0.0 0.0 0.0 0.0 0.0 0.364 0.455 0.636 0.506 1.0 0.137 0.181 1.000
1.0 0.0 0.0 0.0 0.0 0.0 0.0 0.0 0.0 0.0 0.364 0.500 0.500 0.500 1.0 0.137 0.181 0.040
0.0 0.0 0.0 1.0 0.0 0.0 0.0 0.0 0.0 0.0 0.364 0.568 0.568 0.568 2.0 0.164 0.097 0.040
0.0 1.0 0.0 0.0 0.0 0.0 0.0 0.0 0.0 0.0 0.409 0.568 0.568 0.568 2.0 0.082 0.181 0.040
0.0 0.0 0.0 1.0 0.0 0.0 0.0 0.0 0.0 0.0 0.386 0.591 0.591 0.591 2.0 0.123 0.167 0.040
0.0 0.0 0.0 1.0 0.0 0.0 0.0 0.0 0.0 0.0 0.386 0.432 0.614 0.484 2.0 0.164 0.167 1.000
0.0 0.0 0.0 1.0 0.0 0.0 0.0 0.0 0.0 0.0 0.386 0.432 0.614 0.484 2.0 0.137 0.181 1.000
0.0 1.0 0.0 0.0 0.0 0.0 0.0 0.0 0.0 0.0 0.386 0.432 0.614 0.484 1.0 0.110 0.125 1.000
0.0 0.0 0.0 1.0 0.0 0.0 0.0 0.0 0.0 0.0 0.409 0.545 0.545 0.545 2.0 0.123 0.139 0.040
0.0 0.0 0.0 1.0 0.0 0.0 0.0 0.0 0.0 0.0 0.386 0.432 0.614 0.484 2.0 0.123 0.181 1.000
0.0 0.0 0.0 1.0 0.0 0.0 0.0 0.0 0.0 0.0 0.386 0.432 0.614 0.484 2.0 0.233 0.208 1.000
0.0 1.0 0.0 0.0 0.0 0.0 0.0 0.0 0.0 0.0 0.409 0.545 0.545 0.545 1.0 0.110 0.153 0.040
0.0 0.0 0.0 1.0 0.0 0.0 0.0 0.0 0.0 0.0 0.409 0.545 0.545 0.545 2.0 0.151 0.208 0.040
0.0 0.0 0.0 1.0 0.0 0.0 0.0 0.0 0.0 0.0 0.386 0.614 0.614 0.614 2.0 0.137 0.181 0.040
0.0 1.0 0.0 0.0 0.0 0.0 0.0 0.0 0.0 0.0 0.386 0.432 0.614 0.484 2.0 0.123 0.111 1.000
1.0 0.0 0.0 0.0 0.0 0.0 0.0 0.0 0.0 0.0 0.386 0.545 0.545 0.545 1.0 0.137 0.194 0.040
0.0 1.0 0.0 0.0 0.0 0.0 0.0 0.0 0.0 0.0 0.432 0.545 0.545 0.545 1.0 0.096 0.181 0.040
0.0 0.0 0.0 1.0 0.0 0.0 0.0 0.0 0.0 0.0 0.409 0.409 0.591 0.461 2.0 0.123 0.181 1.000
0.0 1.0 0.0 0.0 0.0 0.0 0.0 0.0 0.0 0.0 0.432 0.523 0.523 0.523 1.0 0.110 0.139 0.040
0.0 0.0 0.0 1.0 0.0 0.0 0.0 0.0 0.0 0.0 0.409 0.409 0.591 0.461 2.0 0.137 0.194 1.000
0.0 1.0 0.0 0.0 0.0 0.0 0.0 0.0 0.0 0.0 0.409 0.523 0.523 0.523 1.0 0.096 0.250 0.040
0.0 0.0 0.0 1.0 0.0 0.0 0.0 0.0 0.0 0.0 0.386 0.477 0.477 0.477 2.0 0.123 0.194 0.040
0.0 1.0 0.0 0.0 0.0 0.0 0.0 0.0 0.0 0.0 0.386 0.477 0.477 0.477 1.0 0.096 0.181 0.040
0.0 0.0 0.0 1.0 0.0 0.0 0.0 0.0 0.0 0.0 0.386 0.432 0.614 0.484 2.0 0.123 0.194 1.000
0.0 1.0 0.0 0.0 0.0 0.0 0.0 0.0 0.0 0.0 0.386 0.432 0.614 0.484 1.0 0.096 0.181 1.000
0.0 1.0 0.0 0.0 0.0 0.0 0.0 0.0 0.0 0.0 0.386 0.545 0.545 0.545 1.0 0.110 0.097 0.040
0.0 0.0 0.0 1.0 0.0 0.0 0.0 0.0 0.0 0.0 0.432 0.523 0.523 0.523 2.0 0.137 0.208 0.040
1.0 0.0 0.0 0.0 0.0 0.0 0.0 0.0 0.0 0.0 0.409 0.409 0.591 0.461 1.0 0.137 0.264 1.000
0.0 1.0 0.0 0.0 0.0 0.0 0.0 0.0 0.0 0.0 0.432 0.432 0.432 0.432 2.0 0.110 0.278 0.040
1.0 0.0 0.0 0.0 0.0 0.0 0.0 0.0 0.0 0.0 0.409 0.455 0.455 0.455 1.0 0.110 0.264 0.040
0.0 0.0 0.0 1.0 0.0 0.0 0.0 0.0 0.0 0.0 0.409 0.591 0.591 0.591 2.0 0.164 0.181 0.040
0.0 0.0 0.0 1.0 0.0 0.0 0.0 0.0 0.0 0.0 0.432 0.386 0.568 0.438 2.0 0.137 0.181 1.000
0.0 1.0 0.0 0.0 0.0 0.0 0.0 0.0 0.0 0.0 0.409 0.409 0.591 0.461 1.0 0.096 0.111 1.000
0.0 1.0 0.0 0.0 0.0 0.0 0.0 0.0 0.0 0.0 0.409 0.523 0.523 0.523 1.0 0.096 0.194 0.040
0.0 0.0 0.0 1.0 0.0 0.0 0.0 0.0 0.0 0.0 0.409 0.455 0.455 0.455 2.0 0.123 0.194 0.040
0.0 0.0 0.0 1.0 0.0 0.0 0.0 0.0 0.0 0.0 0.409 0.409 0.591 0.461 2.0 0.123 0.194 1.000
0.0 1.0 0.0 0.0 0.0 0.0 0.0 0.0 0.0 0.0 0.432 0.386 0.568 0.438 2.0 0.110 0.181 1.000
1.0 0.0 0.0 0.0 0.0 0.0 0.0 0.0 0.0 0.0 0.409 0.409 0.591 0.461 1.0 0.110 0.167 1.000
0.0 1.0 0.0 0.0 0.0 0.0 0.0 0.0 0.0 0.0 0.432 0.386 0.568 0.438 1.0 0.123 0.194 1.000
1.0 0.0 0.0 0.0 0.0 0.0 0.0 0.0 0.0 0.0 0.409 0.409 0.591 0.461 1.0 0.137 0.208 1.000
1.0 0.0 0.0 0.0 0.0 0.0 0.0 0.0 0.0 0.0 0.409 0.455 0.455 0.455 1.0 0.137 0.208 0.040
1.0 0.0 0.0 0.0 0.0 0.0 0.0 0.0 0.0 0.0 0.409 0.523 0.523 0.523 1.0 0.137 0.167 0.040
0.0 0.0 0.0 1.0 0.0 0.0 0.0 0.0 0.0 0.0 0.455 0.500 0.500 0.500 2.0 0.164 0.208 0.040
0.0 0.0 1.0 0.0 0.0 0.0 0.0 0.0 0.0 0.0 0.455 0.523 0.523 0.523 2.0 0.151 0.208 0.040
0.0 0.0 1.0 0.0 0.0 0.0 0.0 0.0 0.0 0.0 0.455 0.500 0.500 0.500 2.0 0.137 0.181 0.040
0.0 0.0 0.0 1.0 0.0 0.0 0.0 0.0 0.0 0.0 0.455 0.409 0.409 0.409 2.0 0.123 0.292 0.040
0.0 1.0 0.0 0.0 0.0 0.0 0.0 0.0 0.0 0.0 0.455 0.409 0.409 0.409 2.0 0.096 0.292 0.040
0.0 0.0 0.0 1.0 0.0 0.0 0.0 0.0 0.0 0.0 0.432 0.386 0.568 0.438 2.0 0.137 0.278 1.000
0.0 1.0 0.0 0.0 0.0 0.0 0.0 0.0 0.0 0.0 0.432 0.386 0.568 0.438 1.0 0.096 0.264 1.000
0.0 0.0 0.0 1.0 0.0 0.0 0.0 0.0 0.0 0.0 0.432 0.432 0.432 0.432 2.0 0.123 0.194 0.040
0.0 1.0 0.0 0.0 0.0 0.0 0.0 0.0 0.0 0.0 0.455 0.364 0.545 0.415 2.0 0.137 0.208 1.000
0.0 0.0 0.0 1.0 0.0 0.0 0.0 0.0 0.0 0.0 0.432 0.386 0.568 0.438 2.0 0.137 0.194 1.000
0.0 1.0 0.0 0.0 0.0 0.0 0.0 0.0 0.0 0.0 0.432 0.568 0.568 0.568 1.0 0.110 0.181 0.040
0.0 1.0 0.0 0.0 0.0 0.0 0.0 0.0 0.0 0.0 0.455 0.364 0.545 0.415 1.0 0.123 0.181 1.000
0.0 1.0 0.0 0.0 0.0 0.0 0.0 0.0 0.0 0.0 0.455 0.364 0.545 0.415 1.0 0.096 0.181 1.000
0.0 0.0 0.0 1.0 0.0 0.0 0.0 0.0 0.0 0.0 0.455 0.364 0.545 0.415 2.0 0.123 0.292 1.000
0.0 1.0 0.0 0.0 0.0 0.0 0.0 0.0 0.0 0.0 0.455 0.364 0.545 0.415 2.0 0.096 0.208 1.000
0.0 0.0 0.0 1.0 0.0 0.0 0.0 0.0 0.0 0.0 0.455 0.364 0.545 0.415 2.0 0.123 0.264 1.000
0.0 0.0 0.0 1.0 0.0 0.0 0.0 0.0 0.0 0.0 0.432 0.432 0.432 0.432 2.0 0.123 0.250 0.040
0.0 1.0 0.0 0.0 0.0 0.0 0.0 0.0 0.0 0.0 0.432 0.432 0.432 0.432 1.0 0.096 0.208 0.040
0.0 0.0 0.0 1.0 0.0 0.0 0.0 0.0 0.0 0.0 0.432 0.386 0.568 0.438 2.0 0.137 0.236 1.000
0.0 1.0 0.0 0.0 0.0 0.0 0.0 0.0 0.0 0.0 0.432 0.386 0.568 0.438 1.0 0.096 0.208 1.000
0.0 0.0 0.0 1.0 0.0 0.0 0.0 0.0 0.0 0.0 0.477 0.386 0.386 0.386 2.0 0.123 0.306 0.040
0.0 0.0 0.0 1.0 0.0 0.0 0.0 0.0 0.0 0.0 0.455 0.364 0.545 0.415 2.0 0.137 0.278 1.000
0.0 1.0 0.0 0.0 0.0 0.0 0.0 0.0 0.0 0.0 0.455 0.409 0.409 0.409 1.0 0.096 0.194 0.040
0.0 1.0 0.0 0.0 0.0 0.0 0.0 0.0 0.0 0.0 0.432 0.500 0.500 0.500 1.0 0.096 0.167 0.040
0.0 0.0 0.0 1.0 0.0 0.0 0.0 0.0 0.0 0.0 0.432 0.500 0.500 0.500 2.0 0.137 0.264 0.040
0.0 1.0 0.0 0.0 0.0 0.0 0.0 0.0 0.0 0.0 0.477 0.477 0.477 0.477 1.0 0.110 0.208 0.040
0.0 0.0 0.0 1.0 0.0 0.0 0.0 0.0 0.0 0.0 0.477 0.477 0.477 0.477 2.0 0.151 0.292 0.040
0.0 1.0 0.0 0.0 0.0 0.0 0.0 0.0 0.0 0.0 0.477 0.500 0.500 0.500 1.0 0.110 0.208 0.040
0.0 1.0 0.0 0.0 0.0 0.0 0.0 0.0 0.0 0.0 0.477 0.477 0.477 0.477 2.0 0.110 0.194 0.040
0.0 0.0 0.0 1.0 0.0 0.0 0.0 0.0 0.0 0.0 0.477 0.341 0.523 0.393 2.0 0.123 0.292 1.000
0.0 1.0 0.0 0.0 0.0 0.0 0.0 0.0 0.0 0.0 0.477 0.341 0.523 0.393 1.0 0.096 0.181 1.000
0.0 0.0 0.0 1.0 0.0 0.0 0.0 0.0 0.0 0.0 0.477 0.341 0.523 0.393 2.0 0.123 0.236 1.000
0.0 0.0 0.0 1.0 0.0 0.0 0.0 0.0 0.0 0.0 0.477 0.341 0.523 0.393 2.0 0.123 0.264 1.000
0.0 0.0 0.0 1.0 0.0 0.0 0.0 0.0 0.0 0.0 0.455 0.409 0.409 0.409 2.0 0.123 0.250 0.040
0.0 0.0 0.0 1.0 0.0 0.0 0.0 0.0 0.0 0.0 0.455 0.364 0.545 0.415 2.0 0.137 0.236 1.000
0.0 0.0 0.0 1.0 0.0 0.0 0.0 0.0 0.0 0.0 0.500 0.364 0.364 0.364 2.0 0.123 0.306 0.040
0.0 0.0 0.0 1.0 0.0 0.0 0.0 0.0 0.0 0.0 0.477 0.341 0.523 0.393 2.0 0.178 0.278 1.000
0.0 1.0 0.0 0.0 0.0 0.0 0.0 0.0 0.0 0.0 0.477 0.341 0.523 0.404 1.0 0.479 0.208 0.760
1.0 0.0 0.0 0.0 0.0 0.0 0.0 0.0 0.0 0.0 0.477 0.341 0.523 0.423 1.0 0.288 0.208 0.600
0.0 0.0 0.0 1.0 0.0 0.0 0.0 0.0 0.0 0.0 0.455 0.477 0.477 0.477 2.0 0.151 0.264 0.040
0.0 0.0 0.0 1.0 0.0 0.0 0.0 0.0 0.0 0.0 0.500 0.455 0.455 0.455 2.0 0.137 0.292 0.040
0.0 0.0 0.0 1.0 0.0 0.0 0.0 0.0 0.0 0.0 0.500 0.318 0.500 0.370 2.0 0.123 0.292 1.000
0.0 0.0 0.0 1.0 0.0 0.0 0.0 0.0 0.0 0.0 0.500 0.318 0.500 0.370 2.0 0.137 0.236 1.000
0.0 0.0 0.0 1.0 0.0 0.0 0.0 0.0 0.0 0.0 0.500 0.318 0.500 0.370 2.0 0.151 0.278 1.000
0.0 0.0 0.0 1.0 0.0 0.0 0.0 0.0 0.0 0.0 0.477 0.386 0.386 0.386 2.0 0.123 0.250 0.040
0.0 0.0 0.0 1.0 0.0 0.0 0.0 0.0 0.0 0.0 0.477 0.341 0.523 0.393 2.0 0.178 0.236 1.000
0.0 1.0 0.0 0.0 0.0 0.0 0.0 0.0 0.0 0.0 0.523 0.341 0.341 0.341 1.0 0.123 0.306 0.040
0.0 0.0 0.0 1.0 0.0 0.0 0.0 0.0 0.0 0.0 0.477 0.455 0.455 0.455 2.0 0.164 0.264 0.040
0.0 0.0 0.0 1.0 0.0 0.0 0.0 0.0 0.0 0.0 0.523 0.432 0.432 0.432 2.0 0.164 0.292 0.040
0.0 1.0 0.0 0.0 0.0 0.0 0.0 0.0 0.0 0.0 0.523 0.295 0.477 0.347 1.0 0.110 0.292 1.000
0.0 1.0 0.0 0.0 0.0 0.0 0.0 0.0 0.0 0.0 0.545 0.273 0.455 0.325 2.0 0.110 0.250 1.000
0.0 0.0 0.0 1.0 0.0 0.0 0.0 0.0 0.0 0.0 0.523 0.295 0.477 0.347 2.0 0.123 0.236 1.000
0.0 0.0 0.0 1.0 0.0 0.0 0.0 0.0 0.0 0.0 0.523 0.295 0.477 0.347 2.0 0.219 0.292 1.000
0.0 1.0 0.0 0.0 0.0 0.0 0.0 0.0 0.0 0.0 0.500 0.364 0.364 0.364 1.0 0.096 0.250 0.040
0.0 1.0 0.0 0.0 0.0 0.0 0.0 0.0 0.0 0.0 0.500 0.318 0.500 0.393 1.0 0.438 0.278 0.680
1.0 0.0 0.0 0.0 0.0 0.0 0.0 0.0 0.0 0.0 0.500 0.318 0.500 0.386 1.0 0.356 0.278 0.680
0.0 1.0 0.0 0.0 0.0 0.0 0.0 0.0 0.0 0.0 0.500 0.432 0.432 0.432 1.0 0.110 0.264 0.040
0.0 1.0 0.0 0.0 0.0 0.0 0.0 0.0 0.0 0.0 0.545 0.409 0.409 0.409 1.0 0.110 0.292 0.040
0.0 0.0 0.0 1.0 0.0 0.0 0.0 0.0 0.0 0.0 0.545 0.273 0.455 0.325 2.0 0.205 0.306 1.000
0.0 0.0 0.0 1.0 0.0 0.0 0.0 0.0 0.0 0.0 0.568 0.250 0.432 0.302 2.0 0.205 0.264 1.000
0.0 1.0 0.0 0.0 0.0 0.0 0.0 0.0 0.0 0.0 0.500 0.318 0.500 0.386 2.0 0.466 0.250 0.720
1.0 0.0 0.0 0.0 0.0 0.0 0.0 0.0 0.0 0.0 0.500 0.318 0.500 0.393 1.0 0.329 0.236 0.640
0.0 0.0 1.0 0.0 0.0 0.0 0.0 0.0 0.0 0.0 0.523 0.295 0.477 0.386 2.0 0.836 0.431 0.520
0.0 0.0 1.0 0.0 0.0 0.0 0.0 0.0 0.0 0.0 0.523 0.295 0.477 0.390 2.0 0.630 0.431 0.520
0.0 0.0 1.0 0.0 0.0 0.0 0.0 0.0 0.0 0.0 0.523 0.295 0.477 0.373 2.0 0.863 0.431 0.600
0.0 0.0 1.0 0.0 0.0 0.0 0.0 0.0 0.0 0.0 0.523 0.295 0.477 0.399 2.0 0.356 0.431 0.440
1.0 0.0 0.0 0.0 0.0 0.0 0.0 0.0 0.0 0.0 0.545 0.273 0.455 0.325 1.0 0.137 0.292 1.000
1.0 0.0 0.0 0.0 0.0 0.0 0.0 0.0 0.0 0.0 0.545 0.318 0.318 0.318 1.0 0.137 0.292 0.040
1.0 0.0 0.0 0.0 0.0 0.0 0.0 0.0 0.0 0.0 0.568 0.250 0.432 0.302 1.0 0.137 0.306 1.000
1.0 0.0 0.0 0.0 0.0 0.0 0.0 0.0 0.0 0.0 0.568 0.295 0.295 0.295 1.0 0.137 0.306 0.040
1.0 0.0 0.0 0.0 0.0 0.0 0.0 0.0 0.0 0.0 0.591 0.227 0.409 0.279 1.0 0.137 0.264 1.000
1.0 0.0 0.0 0.0 0.0 0.0 0.0 0.0 0.0 0.0 0.591 0.273 0.273 0.273 1.0 0.137 0.264 0.040
0.0 0.0 0.0 1.0 0.0 0.0 0.0 0.0 0.0 0.0 0.568 0.295 0.295 0.295 2.0 0.123 0.306 0.040
0.0 1.0 0.0 0.0 0.0 0.0 0.0 0.0 0.0 0.0 0.568 0.295 0.295 0.295 2.0 0.096 0.306 0.040
0.0 0.0 0.0 1.0 0.0 0.0 0.0 0.0 0.0 0.0 0.568 0.250 0.432 0.302 2.0 0.137 0.306 1.000
0.0 1.0 0.0 0.0 0.0 0.0 0.0 0.0 0.0 0.0 0.568 0.250 0.432 0.302 1.0 0.096 0.292 1.000
0.0 0.0 0.0 1.0 0.0 0.0 0.0 0.0 0.0 0.0 0.591 0.273 0.273 0.273 2.0 0.123 0.347 0.040
0.0 1.0 0.0 0.0 0.0 0.0 0.0 0.0 0.0 0.0 0.591 0.273 0.273 0.273 1.0 0.096 0.306 0.040
0.0 1.0 0.0 0.0 0.0 0.0 0.0 0.0 0.0 0.0 0.614 0.205 0.386 0.256 2.0 0.110 0.361 1.000
0.0 0.0 0.0 1.0 0.0 0.0 0.0 0.0 0.0 0.0 0.591 0.227 0.409 0.279 2.0 0.110 0.347 1.000
0.0 1.0 0.0 0.0 0.0 0.0 0.0 0.0 0.0 0.0 0.591 0.227 0.409 0.279 1.0 0.096 0.306 1.000
0.0 0.0 0.0 1.0 0.0 0.0 0.0 0.0 0.0 0.0 0.614 0.250 0.250 0.250 2.0 0.123 0.278 0.040
0.0 1.0 0.0 0.0 0.0 0.0 0.0 0.0 0.0 0.0 0.614 0.250 0.250 0.250 2.0 0.096 0.278 0.040
0.0 0.0 0.0 1.0 0.0 0.0 0.0 0.0 0.0 0.0 0.614 0.205 0.386 0.256 2.0 0.137 0.278 1.000
0.0 1.0 0.0 0.0 0.0 0.0 0.0 0.0 0.0 0.0 0.614 0.205 0.386 0.256 1.0 0.096 0.264 1.000
0.0 1.0 0.0 0.0 0.0 0.0 0.0 0.0 0.0 0.0 0.614 0.250 0.250 0.250 2.0 0.096 0.333 0.040
0.0 0.0 0.0 1.0 0.0 0.0 0.0 0.0 0.0 0.0 0.591 0.273 0.273 0.273 2.0 0.110 0.319 0.040
0.0 1.0 0.0 0.0 0.0 0.0 0.0 0.0 0.0 0.0 0.614 0.205 0.386 0.256 2.0 0.110 0.319 1.000
0.0 0.0 0.0 1.0 0.0 0.0 0.0 0.0 0.0 0.0 0.591 0.227 0.409 0.279 2.0 0.110 0.306 1.000
0.0 0.0 0.0 1.0 0.0 0.0 0.0 0.0 0.0 0.0 0.614 0.250 0.250 0.250 2.0 0.123 0.347 0.040
0.0 0.0 0.0 1.0 0.0 0.0 0.0 0.0 0.0 0.0 0.614 0.205 0.386 0.256 2.0 0.137 0.347 1.000
0.0 0.0 0.0 1.0 0.0 0.0 0.0 0.0 0.0 0.0 0.636 0.227 0.227 0.227 2.0 0.123 0.292 0.040
0.0 0.0 0.0 1.0 0.0 0.0 0.0 0.0 0.0 0.0 0.636 0.182 0.364 0.234 2.0 0.137 0.278 1.000
0.0 0.0 0.0 1.0 0.0 0.0 0.0 0.0 0.0 0.0 0.636 0.227 0.227 0.227 2.0 0.110 0.333 0.040
0.0 0.0 0.0 1.0 0.0 0.0 0.0 0.0 0.0 0.0 0.636 0.182 0.364 0.234 2.0 0.164 0.319 1.000
0.0 0.0 0.0 1.0 0.0 0.0 0.0 0.0 0.0 0.0 0.636 0.227 0.227 0.227 2.0 0.123 0.347 0.040
0.0 0.0 0.0 1.0 0.0 0.0 0.0 0.0 0.0 0.0 0.636 0.182 0.364 0.234 2.0 0.178 0.361 1.000
0.0 0.0 0.0 1.0 0.0 0.0 0.0 0.0 0.0 0.0 0.659 0.205 0.205 0.205 2.0 0.123 0.292 0.040
0.0 0.0 0.0 1.0 0.0 0.0 0.0 0.0 0.0 0.0 0.659 0.159 0.341 0.211 2.0 0.192 0.278 1.000
0.0 1.0 0.0 0.0 0.0 0.0 0.0 0.0 0.0 0.0 0.659 0.205 0.205 0.205 1.0 0.123 0.333 0.040
0.0 1.0 0.0 0.0 0.0 0.0 0.0 0.0 0.0 0.0 0.659 0.205 0.205 0.205 1.0 0.137 0.347 0.040
0.0 1.0 0.0 0.0 0.0 0.0 0.0 0.0 0.0 0.0 0.682 0.182 0.182 0.182 1.0 0.123 0.292 0.040
0.0 1.0 0.0 0.0 0.0 0.0 0.0 0.0 0.0 0.0 0.659 0.159 0.341 0.238 1.0 0.384 0.319 0.600
1.0 0.0 0.0 0.0 0.0 0.0 0.0 0.0 0.0 0.0 0.659 0.159 0.341 0.225 1.0 0.411 0.319 0.760
0.0 1.0 0.0 0.0 0.0 0.0 0.0 0.0 0.0 0.0 0.659 0.159 0.341 0.246 1.0 0.329 0.361 0.480
0.0 0.0 1.0 0.0 0.0 0.0 0.0 0.0 0.0 0.0 0.659 0.159 0.341 0.218 2.0 0.479 0.375 0.840
0.0 1.0 0.0 0.0 0.0 0.0 0.0 0.0 0.0 0.0 0.682 0.136 0.318 0.219 1.0 0.356 0.278 0.560
0.0 0.0 1.0 0.0 0.0 0.0 0.0 0.0 0.0 0.0 0.682 0.136 0.318 0.200 2.0 0.452 0.319 0.800
0.0 0.0 0.0 1.0 0.0 0.0 0.0 0.0 0.0 0.0 0.727 0.136 0.136 0.136 4.0 0.288 0.889 0.040
0.0 0.0 1.0 0.0 0.0 0.0 0.0 0.0 0.0 0.0 0.705 0.159 0.159 0.159 4.0 0.233 0.681 0.040
0.0 0.0 1.0 0.0 0.0 0.0 0.0 0.0 0.0 0.0 0.523 0.341 0.341 0.341 2.0 0.151 0.375 0.040
1.0 0.0 0.0 0.0 0.0 0.0 0.0 0.0 0.0 0.0 0.682 0.136 0.318 0.217 1.0 0.370 0.375 0.520
1.0 0.0 0.0 0.0 0.0 0.0 0.0 0.0 0.0 0.0 0.682 0.136 0.318 0.210 1.0 0.521 0.375 0.640
1.0 0.0 0.0 0.0 0.0 0.0 0.0 0.0 0.0 0.0 0.705 0.114 0.295 0.200 1.0 0.370 0.319 0.560
1.0 0.0 0.0 0.0 0.0 0.0 0.0 0.0 0.0 0.0 0.705 0.114 0.295 0.188 1.0 0.452 0.319 0.560
0.0 0.0 1.0 0.0 0.0 0.0 0.0 0.0 0.0 0.0 0.682 0.136 0.318 0.231 2.0 0.699 0.486 0.440
0.0 0.0 1.0 0.0 0.0 0.0 0.0 0.0 0.0 0.0 0.682 0.136 0.318 0.231 2.0 0.534 0.472 0.480
0.0 0.0 1.0 0.0 0.0 0.0 0.0 0.0 0.0 0.0 0.682 0.136 0.318 0.215 2.0 0.836 0.486 0.600
0.0 0.0 1.0 0.0 0.0 0.0 0.0 0.0 0.0 0.0 0.682 0.136 0.318 0.229 2.0 0.603 0.472 0.520
0.0 0.0 1.0 0.0 0.0 0.0 0.0 0.0 0.0 0.0 0.750 0.114 0.114 0.114 4.0 0.164 0.903 0.040
0.0 0.0 1.0 0.0 0.0 0.0 0.0 0.0 0.0 0.0 0.682 0.182 0.182 0.182 2.0 0.123 0.375 0.040
0.0 0.0 1.0 0.0 0.0 0.0 0.0 0.0 0.0 0.0 0.682 0.136 0.318 0.223 2.0 0.521 0.375 0.480
0.0 0.0 1.0 0.0 0.0 0.0 0.0 0.0 0.0 0.0 0.705 0.159 0.159 0.159 2.0 0.123 0.319 0.040
0.0 0.0 1.0 0.0 0.0 0.0 0.0 0.0 0.0 0.0 0.705 0.114 0.295 0.196 2.0 0.589 0.319 0.560
0.0 0.0 0.0 1.0 0.0 0.0 0.0 0.0 0.0 0.0 0.750 0.114 0.250 0.193 4.0 0.630 0.889 0.320
0.0 0.0 1.0 0.0 0.0 0.0 0.0 0.0 0.0 0.0 0.727 0.136 0.273 0.216 2.0 0.301 0.542 0.320
0.0 0.0 0.0 1.0 0.0 0.0 0.0 0.0 0.0 0.0 0.750 0.114 0.250 0.193 4.0 0.630 0.889 0.320
0.0 0.0 1.0 0.0 0.0 0.0 0.0 0.0 0.0 0.0 0.727 0.136 0.273 0.216 2.0 0.301 0.542 0.320
0.0 0.0 0.0 1.0 0.0 0.0 0.0 0.0 0.0 0.0 0.750 0.114 0.250 0.193 4.0 0.575 0.889 0.320
0.0 0.0 1.0 0.0 0.0 0.0 0.0 0.0 0.0 0.0 0.727 0.136 0.273 0.216 2.0 0.301 0.542 0.320
0.0 0.0 0.0 1.0 0.0 0.0 0.0 0.0 0.0 0.0 0.750 0.114 0.250 0.193 4.0 0.603 0.875 0.320
0.0 0.0 1.0 0.0 0.0 0.0 0.0 0.0 0.0 0.0 0.727 0.136 0.273 0.216 2.0 0.301 0.542 0.320
0.0 0.0 0.0 1.0 0.0 0.0 0.0 0.0 0.0 0.0 0.750 0.114 0.250 0.190 4.0 0.534 0.875 0.320
0.0 0.0 1.0 0.0 0.0 0.0 0.0 0.0 0.0 0.0 0.727 0.136 0.273 0.213 2.0 0.452 0.542 0.320
0.0 0.0 0.0 1.0 0.0 0.0 0.0 0.0 0.0 0.0 0.750 0.114 0.250 0.190 4.0 0.630 0.889 0.320
0.0 0.0 1.0 0.0 0.0 0.0 0.0 0.0 0.0 0.0 0.727 0.136 0.273 0.213 2.0 0.466 0.542 0.320
0.0 0.0 0.0 1.0 0.0 0.0 0.0 0.0 0.0 0.0 0.750 0.114 0.250 0.190 4.0 0.603 0.875 0.320
0.0 0.0 1.0 0.0 0.0 0.0 0.0 0.0 0.0 0.0 0.727 0.136 0.273 0.213 2.0 0.466 0.542 0.320
0.0 0.0 1.0 0.0 0.0 0.0 0.0 0.0 0.0 0.0 0.750 0.068 0.068 0.068 4.0 0.644 0.889 0.040
0.0 0.0 1.0 0.0 0.0 0.0 0.0 0.0 0.0 0.0 0.727 0.091 0.091 0.091 2.0 0.301 0.542 0.040
0.0 0.0 1.0 0.0 0.0 0.0 0.0 0.0 0.0 0.0 0.750 0.068 0.068 0.068 4.0 0.644 0.889 0.040
0.0 0.0 1.0 0.0 0.0 0.0 0.0 0.0 0.0 0.0 0.727 0.091 0.091 0.091 2.0 0.301 0.542 0.040
0.0 0.0 1.0 0.0 0.0 0.0 0.0 0.0 0.0 0.0 0.750 0.114 0.114 0.114 4.0 0.589 0.889 0.040
0.0 0.0 1.0 0.0 0.0 0.0 0.0 0.0 0.0 0.0 0.727 0.136 0.136 0.136 2.0 0.301 0.542 0.040
0.0 0.0 1.0 0.0 0.0 0.0 0.0 0.0 0.0 0.0 0.750 0.068 0.068 0.068 4.0 0.616 0.875 0.040
0.0 0.0 1.0 0.0 0.0 0.0 0.0 0.0 0.0 0.0 0.727 0.091 0.091 0.091 2.0 0.301 0.542 0.040
0.0 0.0 1.0 0.0 0.0 0.0 0.0 0.0 0.0 0.0 0.750 0.091 0.091 0.091 4.0 0.548 0.875 0.040
0.0 0.0 1.0 0.0 0.0 0.0 0.0 0.0 0.0 0.0 0.727 0.114 0.114 0.114 2.0 0.452 0.542 0.040
0.0 0.0 1.0 0.0 0.0 0.0 0.0 0.0 0.0 0.0 0.750 0.068 0.068 0.068 4.0 0.575 0.889 0.040
0.0 0.0 1.0 0.0 0.0 0.0 0.0 0.0 0.0 0.0 0.727 0.091 0.091 0.091 2.0 0.466 0.542 0.040
0.0 0.0 1.0 0.0 0.0 0.0 0.0 0.0 0.0 0.0 0.750 0.068 0.068 0.068 4.0 0.548 0.875 0.040
0.0 0.0 1.0 0.0 0.0 0.0 0.0 0.0 0.0 0.0 0.727 0.091 0.091 0.091 2.0 0.466 0.542 0.040
0.0 0.0 0.0 1.0 0.0 0.0 0.0 0.0 0.0 0.0 0.750 0.114 0.250 0.193 4.0 0.630 0.889 0.320
0.0 0.0 1.0 0.0 0.0 0.0 0.0 0.0 0.0 0.0 0.727 0.136 0.273 0.216 2.0 0.479 0.542 0.320
0.0 0.0 0.0 1.0 0.0 0.0 0.0 0.0 0.0 0.0 0.750 0.114 0.250 0.193 4.0 0.575 0.889 0.320
0.0 0.0 1.0 0.0 0.0 0.0 0.0 0.0 0.0 0.0 0.727 0.136 0.273 0.216 2.0 0.452 0.542 0.320
0.0 0.0 0.0 1.0 0.0 0.0 0.0 0.0 0.0 0.0 0.750 0.114 0.250 0.193 4.0 0.685 0.875 0.320
0.0 0.0 1.0 0.0 0.0 0.0 0.0 0.0 0.0 0.0 0.727 0.136 0.273 0.216 2.0 0.452 0.542 0.320
0.0 1.0 0.0 0.0 0.0 0.0 0.0 0.0 0.0 0.0 0.773 0.091 0.227 0.170 2.0 0.219 0.903 0.320
0.0 0.0 0.0 1.0 0.0 0.0 0.0 0.0 0.0 0.0 0.750 0.114 0.250 0.193 4.0 0.534 0.889 0.320
0.0 0.0 1.0 0.0 0.0 0.0 0.0 0.0 0.0 0.0 0.727 0.136 0.273 0.216 2.0 0.438 0.542 0.320
0.0 0.0 0.0 1.0 0.0 0.0 0.0 0.0 0.0 0.0 0.750 0.114 0.250 0.190 4.0 0.548 0.875 0.320
0.0 0.0 1.0 0.0 0.0 0.0 0.0 0.0 0.0 0.0 0.727 0.136 0.273 0.213 2.0 0.452 0.542 0.320
0.0 0.0 0.0 1.0 0.0 0.0 0.0 0.0 0.0 0.0 0.750 0.114 0.250 0.190 4.0 0.575 0.889 0.320
0.0 0.0 1.0 0.0 0.0 0.0 0.0 0.0 0.0 0.0 0.727 0.136 0.273 0.213 2.0 0.397 0.542 0.320
0.0 0.0 0.0 1.0 0.0 0.0 0.0 0.0 0.0 0.0 0.750 0.114 0.250 0.190 4.0 0.575 0.889 0.320
0.0 0.0 1.0 0.0 0.0 0.0 0.0 0.0 0.0 0.0 0.727 0.136 0.273 0.213 2.0 0.397 0.542 0.320
0.0 0.0 0.0 1.0 0.0 0.0 0.0 0.0 0.0 0.0 0.750 0.114 0.250 0.190 4.0 0.603 0.875 0.320
0.0 0.0 1.0 0.0 0.0 0.0 0.0 0.0 0.0 0.0 0.727 0.136 0.273 0.213 2.0 0.397 0.542 0.320
0.0 0.0 0.0 1.0 0.0 0.0 0.0 0.0 0.0 0.0 0.750 0.114 0.250 0.190 4.0 0.548 0.875 0.320
0.0 0.0 1.0 0.0 0.0 0.0 0.0 0.0 0.0 0.0 0.727 0.136 0.273 0.213 2.0 0.397 0.542 0.320
0.0 0.0 0.0 1.0 0.0 0.0 0.0 0.0 0.0 0.0 0.750 0.114 0.114 0.114 4.0 0.507 0.875 0.040
0.0 0.0 1.0 0.0 0.0 0.0 0.0 0.0 0.0 0.0 0.727 0.136 0.136 0.136 2.0 0.438 0.542 0.040
0.0 0.0 0.0 1.0 0.0 0.0 0.0 0.0 0.0 0.0 0.750 0.114 0.114 0.114 4.0 0.507 0.875 0.040
0.0 0.0 1.0 0.0 0.0 0.0 0.0 0.0 0.0 0.0 0.727 0.136 0.136 0.136 2.0 0.384 0.542 0.040
0.0 0.0 0.0 1.0 0.0 0.0 0.0 0.0 0.0 0.0 0.750 0.114 0.114 0.114 4.0 0.562 0.875 0.040
0.0 0.0 1.0 0.0 0.0 0.0 0.0 0.0 0.0 0.0 0.727 0.136 0.136 0.136 2.0 0.507 0.542 0.040
0.0 0.0 0.0 1.0 0.0 0.0 0.0 0.0 0.0 0.0 0.750 0.114 0.114 0.114 4.0 0.534 0.875 0.040
0.0 0.0 1.0 0.0 0.0 0.0 0.0 0.0 0.0 0.0 0.727 0.136 0.136 0.136 2.0 0.507 0.542 0.040
0.0 0.0 0.0 1.0 0.0 0.0 0.0 0.0 0.0 0.0 0.750 0.114 0.114 0.114 4.0 0.479 0.875 0.040
0.0 0.0 1.0 0.0 0.0 0.0 0.0 0.0 0.0 0.0 0.727 0.136 0.136 0.136 2.0 0.507 0.542 0.040
0.0 0.0 0.0 1.0 0.0 0.0 0.0 0.0 0.0 0.0 0.750 0.114 0.114 0.114 4.0 0.479 0.861 0.040
0.0 0.0 1.0 0.0 0.0 0.0 0.0 0.0 0.0 0.0 0.727 0.136 0.136 0.136 2.0 0.507 0.542 0.040
0.0 0.0 0.0 1.0 0.0 0.0 0.0 0.0 0.0 0.0 0.750 0.114 0.114 0.114 4.0 0.534 0.875 0.040
0.0 0.0 1.0 0.0 0.0 0.0 0.0 0.0 0.0 0.0 0.727 0.136 0.136 0.136 2.0 0.342 0.542 0.040
0.0 0.0 0.0 1.0 0.0 0.0 0.0 0.0 0.0 0.0 0.750 0.114 0.114 0.114 4.0 0.534 0.875 0.040
0.0 0.0 1.0 0.0 0.0 0.0 0.0 0.0 0.0 0.0 0.727 0.136 0.136 0.136 2.0 0.370 0.542 0.040
0.0 0.0 1.0 0.0 0.0 0.0 0.0 0.0 0.0 0.0 0.750 0.068 0.068 0.068 4.0 0.644 0.889 0.040
0.0 0.0 1.0 0.0 0.0 0.0 0.0 0.0 0.0 0.0 0.727 0.091 0.091 0.091 2.0 0.479 0.542 0.040
0.0 0.0 1.0 0.0 0.0 0.0 0.0 0.0 0.0 0.0 0.750 0.068 0.068 0.068 4.0 0.589 0.889 0.040
0.0 0.0 1.0 0.0 0.0 0.0 0.0 0.0 0.0 0.0 0.727 0.091 0.091 0.091 2.0 0.452 0.542 0.040
0.0 0.0 1.0 0.0 0.0 0.0 0.0 0.0 0.0 0.0 0.773 0.068 0.068 0.068 4.0 0.603 0.889 0.040
0.0 1.0 0.0 0.0 0.0 0.0 0.0 0.0 0.0 0.0 0.750 0.091 0.091 0.091 2.0 0.137 0.556 0.040
0.0 0.0 1.0 0.0 0.0 0.0 0.0 0.0 0.0 0.0 0.727 0.114 0.114 0.114 2.0 0.397 0.542 0.040
0.0 0.0 1.0 0.0 0.0 0.0 0.0 0.0 0.0 0.0 0.750 0.068 0.068 0.068 4.0 0.562 0.889 0.040
0.0 0.0 1.0 0.0 0.0 0.0 0.0 0.0 0.0 0.0 0.727 0.091 0.091 0.091 2.0 0.452 0.542 0.040
0.0 0.0 1.0 0.0 0.0 0.0 0.0 0.0 0.0 0.0 0.750 0.068 0.068 0.068 4.0 0.562 0.875 0.040
0.0 0.0 1.0 0.0 0.0 0.0 0.0 0.0 0.0 0.0 0.727 0.091 0.091 0.091 2.0 0.452 0.542 0.040
0.0 0.0 1.0 0.0 0.0 0.0 0.0 0.0 0.0 0.0 0.750 0.091 0.091 0.091 4.0 0.589 0.889 0.040
0.0 0.0 1.0 0.0 0.0 0.0 0.0 0.0 0.0 0.0 0.727 0.114 0.114 0.114 2.0 0.397 0.542 0.040
0.0 0.0 1.0 0.0 0.0 0.0 0.0 0.0 0.0 0.0 0.750 0.091 0.091 0.091 4.0 0.589 0.889 0.040
0.0 0.0 1.0 0.0 0.0 0.0 0.0 0.0 0.0 0.0 0.727 0.114 0.114 0.114 2.0 0.397 0.542 0.040
0.0 0.0 1.0 0.0 0.0 0.0 0.0 0.0 0.0 0.0 0.773 0.068 0.068 0.068 4.0 0.603 0.889 0.040
0.0 1.0 0.0 0.0 0.0 0.0 0.0 0.0 0.0 0.0 0.750 0.091 0.091 0.091 2.0 0.137 0.556 0.040
0.0 0.0 1.0 0.0 0.0 0.0 0.0 0.0 0.0 0.0 0.727 0.114 0.114 0.114 2.0 0.342 0.542 0.040
0.0 0.0 1.0 0.0 0.0 0.0 0.0 0.0 0.0 0.0 0.750 0.068 0.068 0.068 4.0 0.562 0.875 0.040
0.0 0.0 1.0 0.0 0.0 0.0 0.0 0.0 0.0 0.0 0.727 0.091 0.091 0.091 2.0 0.397 0.542 0.040
0.0 0.0 0.0 1.0 0.0 0.0 0.0 0.0 0.0 0.0 0.773 0.045 0.045 0.045 2.0 0.151 0.889 0.040
0.0 1.0 0.0 0.0 0.0 0.0 0.0 0.0 0.0 0.0 0.773 0.045 0.045 0.045 1.0 0.137 0.889 0.040
0.0 0.0 0.0 1.0 0.0 0.0 0.0 0.0 0.0 0.0 0.773 0.045 0.045 0.045 2.0 0.151 0.889 0.040
0.0 1.0 0.0 0.0 0.0 0.0 0.0 0.0 0.0 0.0 0.773 0.045 0.045 0.045 1.0 0.137 0.889 0.040
0.0 0.0 0.0 1.0 0.0 0.0 0.0 0.0 0.0 0.0 0.773 0.091 0.091 0.091 2.0 0.164 0.889 0.040
0.0 1.0 0.0 0.0 0.0 0.0 0.0 0.0 0.0 0.0 0.773 0.091 0.091 0.091 1.0 0.137 0.889 0.040
0.0 0.0 0.0 1.0 0.0 0.0 0.0 0.0 0.0 0.0 0.773 0.045 0.045 0.045 2.0 0.151 0.875 0.040
0.0 1.0 0.0 0.0 0.0 0.0 0.0 0.0 0.0 0.0 0.773 0.045 0.045 0.045 1.0 0.137 0.875 0.040
0.0 0.0 0.0 1.0 0.0 0.0 0.0 0.0 0.0 0.0 0.773 0.068 0.068 0.068 2.0 0.151 0.875 0.040
0.0 1.0 0.0 0.0 0.0 0.0 0.0 0.0 0.0 0.0 0.773 0.068 0.068 0.068 1.0 0.137 0.875 0.040
0.0 0.0 0.0 1.0 0.0 0.0 0.0 0.0 0.0 0.0 0.773 0.045 0.045 0.045 2.0 0.151 0.889 0.040
0.0 1.0 0.0 0.0 0.0 0.0 0.0 0.0 0.0 0.0 0.773 0.045 0.045 0.045 1.0 0.137 0.889 0.040
0.0 1.0 0.0 0.0 0.0 0.0 0.0 0.0 0.0 0.0 0.795 0.023 0.023 0.023 2.0 0.082 0.889 0.040
0.0 0.0 0.0 1.0 0.0 0.0 0.0 0.0 0.0 0.0 0.773 0.045 0.045 0.045 2.0 0.151 0.875 0.040
0.0 1.0 0.0 0.0 0.0 0.0 0.0 0.0 0.0 0.0 0.773 0.045 0.045 0.045 1.0 0.137 0.875 0.040
0.0 0.0 1.0 0.0 0.0 0.0 0.0 0.0 0.0 0.0 0.795 0.068 0.068 0.068 4.0 0.274 0.875 0.040
0.0 0.0 1.0 0.0 0.0 0.0 0.0 0.0 0.0 0.0 0.773 0.091 0.091 0.091 4.0 0.288 0.875 0.040
0.0 0.0 1.0 0.0 0.0 0.0 0.0 0.0 0.0 0.0 0.773 0.091 0.091 0.091 2.0 0.178 0.875 0.040
0.0 0.0 0.0 1.0 0.0 0.0 0.0 0.0 0.0 0.0 0.795 0.023 0.023 0.023 2.0 0.096 0.889 0.040
0.0 0.0 0.0 1.0 0.0 0.0 0.0 0.0 0.0 0.0 0.795 0.023 0.023 0.023 2.0 0.096 0.889 0.040
0.0 1.0 0.0 0.0 0.0 0.0 0.0 0.0 0.0 0.0 0.818 0.045 0.045 0.045 2.0 0.096 0.903 0.040
0.0 0.0 0.0 1.0 0.0 0.0 0.0 0.0 0.0 0.0 0.795 0.068 0.068 0.068 2.0 0.096 0.889 0.040
0.0 0.0 0.0 1.0 0.0 0.0 0.0 0.0 0.0 0.0 0.795 0.023 0.023 0.023 2.0 0.096 0.875 0.040
0.0 0.0 0.0 1.0 0.0 0.0 0.0 0.0 0.0 0.0 0.773 0.045 0.045 0.045 2.0 0.151 0.889 0.040
0.0 1.0 0.0 0.0 0.0 0.0 0.0 0.0 0.0 0.0 0.773 0.045 0.045 0.045 2.0 0.137 0.903 0.040
0.0 0.0 0.0 1.0 0.0 0.0 0.0 0.0 0.0 0.0 0.773 0.045 0.045 0.045 2.0 0.151 0.889 0.040
0.0 1.0 0.0 0.0 0.0 0.0 0.0 0.0 0.0 0.0 0.773 0.045 0.045 0.045 1.0 0.137 0.889 0.040
0.0 0.0 0.0 1.0 0.0 0.0 0.0 0.0 0.0 0.0 0.795 0.045 0.045 0.045 2.0 0.151 0.889 0.040
0.0 1.0 0.0 0.0 0.0 0.0 0.0 0.0 0.0 0.0 0.795 0.045 0.045 0.045 1.0 0.137 0.889 0.040
0.0 0.0 0.0 1.0 0.0 0.0 0.0 0.0 0.0 0.0 0.773 0.045 0.045 0.045 2.0 0.151 0.889 0.040
0.0 1.0 0.0 0.0 0.0 0.0 0.0 0.0 0.0 0.0 0.773 0.045 0.045 0.045 2.0 0.137 0.903 0.040
0.0 0.0 0.0 1.0 0.0 0.0 0.0 0.0 0.0 0.0 0.773 0.045 0.045 0.045 2.0 0.151 0.875 0.040
0.0 1.0 0.0 0.0 0.0 0.0 0.0 0.0 0.0 0.0 0.773 0.045 0.045 0.045 1.0 0.137 0.875 0.040
0.0 1.0 0.0 0.0 0.0 0.0 0.0 0.0 0.0 0.0 0.818 0.023 0.023 0.023 2.0 0.082 0.889 0.040
0.0 0.0 0.0 1.0 0.0 0.0 0.0 0.0 0.0 0.0 0.795 0.045 0.045 0.045 2.0 0.096 0.875 0.040
0.0 0.0 0.0 1.0 0.0 0.0 0.0 0.0 0.0 0.0 0.773 0.068 0.068 0.068 2.0 0.151 0.889 0.040
0.0 1.0 0.0 0.0 0.0 0.0 0.0 0.0 0.0 0.0 0.773 0.068 0.068 0.068 1.0 0.137 0.889 0.040
0.0 0.0 0.0 1.0 0.0 0.0 0.0 0.0 0.0 0.0 0.773 0.068 0.068 0.068 2.0 0.151 0.889 0.040
0.0 1.0 0.0 0.0 0.0 0.0 0.0 0.0 0.0 0.0 0.773 0.068 0.068 0.068 1.0 0.137 0.889 0.040
0.0 0.0 0.0 1.0 0.0 0.0 0.0 0.0 0.0 0.0 0.795 0.045 0.045 0.045 2.0 0.151 0.889 0.040
0.0 1.0 0.0 0.0 0.0 0.0 0.0 0.0 0.0 0.0 0.795 0.045 0.045 0.045 1.0 0.137 0.889 0.040
0.0 0.0 0.0 1.0 0.0 0.0 0.0 0.0 0.0 0.0 0.773 0.045 0.045 0.045 2.0 0.151 0.875 0.040
0.0 1.0 0.0 0.0 0.0 0.0 0.0 0.0 0.0 0.0 0.773 0.045 0.045 0.045 1.0 0.137 0.875 0.040
0.0 0.0 0.0 1.0 0.0 0.0 0.0 0.0 0.0 0.0 0.795 0.023 0.023 0.023 2.0 0.096 0.889 0.040
0.0 0.0 0.0 1.0 0.0 0.0 0.0 0.0 0.0 0.0 0.795 0.023 0.023 0.023 2.0 0.096 0.875 0.040
0.0 0.0 0.0 1.0 0.0 0.0 0.0 0.0 0.0 0.0 0.795 0.182 0.182 0.182 4.0 0.288 0.903 0.040
0.0 0.0 1.0 0.0 0.0 0.0 0.0 0.0 0.0 0.0 0.773 0.205 0.205 0.205 4.0 0.301 0.889 0.040
0.0 0.0 1.0 0.0 0.0 0.0 0.0 0.0 0.0 0.0 0.773 0.205 0.205 0.205 2.0 0.219 0.889 0.040
0.0 0.0 0.0 1.0 0.0 0.0 0.0 0.0 0.0 0.0 0.795 0.159 0.159 0.159 4.0 0.315 0.889 0.040
0.0 0.0 1.0 0.0 0.0 0.0 0.0 0.0 0.0 0.0 0.773 0.182 0.182 0.182 4.0 0.301 0.889 0.040
0.0 0.0 1.0 0.0 0.0 0.0 0.0 0.0 0.0 0.0 0.773 0.182 0.182 0.182 2.0 0.219 0.875 0.040
0.0 0.0 1.0 0.0 0.0 0.0 0.0 0.0 0.0 0.0 0.795 0.068 0.205 0.143 4.0 0.384 0.903 0.280
0.0 0.0 1.0 0.0 0.0 0.0 0.0 0.0 0.0 0.0 0.773 0.091 0.227 0.166 4.0 0.315 0.889 0.280
0.0 0.0 1.0 0.0 0.0 0.0 0.0 0.0 0.0 0.0 0.773 0.091 0.227 0.166 2.0 0.233 0.889 0.280
0.0 0.0 1.0 0.0 0.0 0.0 0.0 0.0 0.0 0.0 0.795 0.068 0.205 0.143 4.0 0.411 0.889 0.280
0.0 0.0 1.0 0.0 0.0 0.0 0.0 0.0 0.0 0.0 0.773 0.091 0.227 0.166 4.0 0.315 0.889 0.280
0.0 0.0 1.0 0.0 0.0 0.0 0.0 0.0 0.0 0.0 0.773 0.091 0.227 0.166 2.0 0.233 0.875 0.280
0.0 0.0 0.0 1.0 0.0 0.0 0.0 0.0 0.0 1.0 0.818 0.000 0.000 0.000 2.0 0.096 0.889 0.040
0.0 0.0 0.0 1.0 0.0 0.0 0.0 0.0 0.0 1.0 0.818 0.000 0.000 0.000 2.0 0.096 0.889 0.040
0.0 1.0 0.0 0.0 0.0 0.0 0.0 0.0 0.0 1.0 0.864 0.000 0.000 0.000 2.0 0.055 0.917 0.040
0.0 0.0 0.0 1.0 0.0 0.0 0.0 0.0 0.0 0.0 0.841 0.023 0.023 0.023 2.0 0.096 0.903 0.040
0.0 0.0 0.0 1.0 0.0 0.0 0.0 0.0 0.0 1.0 0.818 0.000 0.000 0.000 2.0 0.096 0.875 0.040
0.0 0.0 0.0 1.0 0.0 0.0 0.0 0.0 0.0 0.0 0.795 0.023 0.023 0.023 2.0 0.096 0.903 0.040
0.0 0.0 0.0 1.0 0.0 0.0 0.0 0.0 0.0 0.0 0.795 0.023 0.023 0.023 2.0 0.096 0.889 0.040
0.0 0.0 0.0 1.0 0.0 0.0 0.0 0.0 0.0 0.0 0.818 0.023 0.023 0.023 2.0 0.096 0.889 0.040
0.0 0.0 0.0 1.0 0.0 0.0 0.0 0.0 0.0 0.0 0.795 0.023 0.023 0.023 2.0 0.096 0.903 0.040
0.0 0.0 0.0 1.0 0.0 0.0 0.0 0.0 0.0 0.0 0.795 0.023 0.023 0.023 2.0 0.096 0.875 0.040
0.0 0.0 0.0 1.0 0.0 0.0 0.0 0.0 0.0 1.0 0.841 0.000 0.000 0.000 2.0 0.082 0.889 0.040
0.0 1.0 0.0 0.0 0.0 0.0 0.0 0.0 0.0 0.0 0.818 0.023 0.023 0.023 2.0 0.082 0.903 0.040
0.0 0.0 0.0 1.0 0.0 0.0 0.0 0.0 0.0 0.0 0.795 0.045 0.045 0.045 2.0 0.096 0.889 0.040
0.0 1.0 0.0 0.0 0.0 0.0 0.0 0.0 0.0 0.0 0.818 0.023 0.023 0.023 2.0 0.082 0.903 0.040
0.0 0.0 0.0 1.0 0.0 0.0 0.0 0.0 0.0 0.0 0.795 0.045 0.045 0.045 2.0 0.096 0.889 0.040
0.0 0.0 0.0 1.0 0.0 0.0 0.0 0.0 0.0 0.0 0.818 0.023 0.023 0.023 2.0 0.096 0.889 0.040
0.0 0.0 0.0 1.0 0.0 0.0 0.0 0.0 0.0 0.0 0.795 0.023 0.023 0.023 2.0 0.096 0.875 0.040
0.0 0.0 0.0 1.0 0.0 0.0 0.0 0.0 0.0 1.0 0.818 0.000 0.000 0.000 2.0 0.096 0.889 0.040
0.0 0.0 0.0 1.0 0.0 0.0 0.0 0.0 0.0 1.0 0.818 0.000 0.000 0.000 2.0 0.082 0.889 0.040
0.0 0.0 1.0 0.0 0.0 0.0 0.0 0.0 0.0 0.0 0.818 0.159 0.159 0.159 2.0 0.164 0.903 0.040
0.0 0.0 1.0 0.0 0.0 0.0 0.0 0.0 0.0 0.0 0.818 0.136 0.136 0.136 2.0 0.164 0.889 0.040
0.0 0.0 0.0 1.0 0.0 0.0 0.0 0.0 0.0 1.0 0.818 0.000 0.000 0.000 2.0 0.096 0.903 0.040
0.0 0.0 0.0 1.0 0.0 0.0 0.0 0.0 0.0 1.0 0.818 0.000 0.000 0.000 2.0 0.096 0.889 0.040
0.0 0.0 0.0 1.0 0.0 0.0 0.0 0.0 0.0 1.0 0.841 0.000 0.000 0.000 2.0 0.096 0.889 0.040
0.0 0.0 0.0 1.0 0.0 0.0 0.0 0.0 0.0 1.0 0.818 0.000 0.000 0.000 2.0 0.096 0.903 0.040
0.0 0.0 0.0 1.0 0.0 0.0 0.0 0.0 0.0 1.0 0.818 0.000 0.000 0.000 2.0 0.096 0.875 0.040
0.0 0.0 0.0 1.0 0.0 0.0 0.0 0.0 0.0 1.0 0.841 0.000 0.000 0.000 2.0 0.082 0.903 0.040
0.0 0.0 0.0 1.0 0.0 0.0 0.0 0.0 0.0 1.0 0.841 0.000 0.000 0.000 2.0 0.082 0.903 0.040
0.0 0.0 0.0 1.0 0.0 0.0 0.0 0.0 0.0 1.0 0.841 0.000 0.000 0.000 2.0 0.096 0.889 0.040
0.0 0.0 0.0 1.0 0.0 0.0 0.0 0.0 0.0 1.0 0.818 0.000 0.000 0.000 2.0 0.096 0.875 0.040
0.0 0.0 1.0 0.0 0.0 0.0 0.0 0.0 0.0 0.0 0.818 0.045 0.045 0.045 3.0 0.288 0.917 0.040
0.0 0.0 0.0 1.0 0.0 0.0 0.0 0.0 0.0 0.0 0.818 0.114 0.182 0.133 2.0 0.438 0.917 0.240
0.0 0.0 1.0 0.0 0.0 0.0 0.0 0.0 1.0 0.0 0.841 0.023 0.023 0.023 4.0 0.205 1.000 0.040
0.0 0.0 0.0 1.0 0.0 0.0 0.0 0.0 0.0 0.0 0.841 0.136 0.136 0.136 2.0 0.137 0.917 0.040
0.0 1.0 0.0 0.0 0.0 0.0 0.0 0.0 0.0 0.0 0.841 0.136 0.136 0.136 1.0 0.110 0.903 0.040
0.0 0.0 0.0 1.0 0.0 0.0 0.0 0.0 0.0 0.0 0.841 0.114 0.114 0.114 2.0 0.151 0.931 0.040
0.0 1.0 0.0 0.0 0.0 0.0 0.0 0.0 0.0 0.0 0.841 0.114 0.114 0.114 1.0 0.110 0.889 0.040
0.0 0.0 0.0 0.0 0.0 1.0 0.0 0.0 0.0 1.0 0.864 0.000 0.000 0.000 2.0 0.096 1.000 0.040
0.0 0.0 1.0 0.0 0.0 0.0 0.0 0.0 0.0 0.0 0.841 0.091 0.091 0.091 3.0 0.233 0.931 0.040
0.0 1.0 0.0 0.0 0.0 0.0 0.0 0.0 0.0 0.0 0.864 0.091 0.091 0.091 2.0 0.123 0.931 0.040
0.0 0.0 1.0 0.0 0.0 0.0 0.0 0.0 1.0 0.0 0.841 0.114 0.114 0.114 3.0 0.178 0.917 0.040
0.0 0.0 1.0 0.0 0.0 0.0 0.0 0.0 1.0 0.0 0.841 0.091 0.091 0.091 3.0 0.205 0.917 0.040
0.0 0.0 1.0 0.0 0.0 0.0 0.0 0.0 1.0 0.0 0.841 0.114 0.114 0.114 3.0 0.205 0.917 0.040
0.0 0.0 1.0 0.0 0.0 0.0 0.0 0.0 0.0 0.0 0.841 0.091 0.091 0.091 3.0 0.233 0.917 0.040
0.0 0.0 0.0 1.0 0.0 0.0 0.0 0.0 0.0 0.0 0.864 0.114 0.114 0.114 2.0 0.137 0.917 0.040
0.0 0.0 0.0 1.0 0.0 0.0 0.0 0.0 0.0 0.0 0.864 0.091 0.091 0.091 2.0 0.151 0.917 0.040
0.0 0.0 1.0 0.0 0.0 0.0 0.0 0.0 1.0 0.0 0.841 0.159 0.159 0.159 3.0 0.205 0.917 0.040
0.0 1.0 0.0 0.0 0.0 0.0 0.0 0.0 0.0 0.0 0.909 0.068 0.068 0.068 2.0 0.123 0.931 0.040
0.0 0.0 0.0 1.0 0.0 0.0 0.0 0.0 0.0 0.0 0.886 0.091 0.091 0.091 2.0 0.137 0.917 0.040
0.0 0.0 0.0 1.0 0.0 0.0 0.0 0.0 0.0 0.0 0.886 0.068 0.068 0.068 2.0 0.164 0.931 0.040
0.0 0.0 0.0 1.0 0.0 0.0 0.0 0.0 0.0 0.0 0.864 0.068 0.068 0.068 2.0 0.151 0.931 0.040
0.0 0.0 0.0 1.0 0.0 0.0 0.0 0.0 0.0 0.0 0.886 0.068 0.068 0.068 2.0 0.123 0.986 0.040
0.0 0.0 0.0 1.0 0.0 0.0 0.0 0.0 0.0 0.0 0.864 0.068 0.068 0.068 2.0 0.137 0.917 0.040
0.0 0.0 0.0 1.0 0.0 0.0 0.0 0.0 0.0 0.0 0.864 0.091 0.091 0.091 2.0 0.137 0.917 0.040
0.0 0.0 0.0 1.0 0.0 0.0 0.0 0.0 0.0 0.0 0.864 0.068 0.068 0.068 2.0 0.151 0.917 0.040
0.0 1.0 0.0 0.0 0.0 0.0 0.0 0.0 0.0 0.0 0.864 0.068 0.068 0.068 1.0 0.123 0.931 0.040
0.0 1.0 0.0 0.0 0.0 0.0 0.0 0.0 0.0 0.0 0.886 0.068 0.068 0.068 1.0 0.096 0.931 0.040
0.0 1.0 0.0 0.0 0.0 0.0 0.0 0.0 0.0 0.0 0.864 0.068 0.068 0.068 2.0 0.110 0.931 0.040
0.0 1.0 0.0 0.0 0.0 0.0 0.0 0.0 0.0 0.0 0.864 0.091 0.091 0.091 1.0 0.110 0.917 0.040
0.0 1.0 0.0 0.0 0.0 0.0 0.0 0.0 0.0 0.0 0.864 0.068 0.068 0.068 1.0 0.123 0.917 0.040
0.0 1.0 0.0 0.0 0.0 0.0 0.0 0.0 0.0 0.0 0.864 0.136 0.136 0.136 1.0 0.110 0.917 0.040
0.0 1.0 0.0 0.0 0.0 0.0 0.0 0.0 0.0 0.0 0.886 0.114 0.114 0.114 2.0 0.110 0.944 0.040
0.0 0.0 0.0 1.0 0.0 0.0 0.0 0.0 0.0 0.0 0.864 0.136 0.136 0.136 2.0 0.123 0.931 0.040
0.0 0.0 0.0 1.0 0.0 0.0 0.0 0.0 0.0 0.0 0.886 0.045 0.045 0.045 2.0 0.137 0.931 0.040
0.0 0.0 0.0 1.0 0.0 0.0 0.0 0.0 0.0 0.0 0.909 0.045 0.045 0.045 2.0 0.137 0.986 0.040
0.0 0.0 0.0 1.0 0.0 0.0 0.0 0.0 0.0 0.0 0.886 0.045 0.045 0.045 2.0 0.123 0.931 0.040
0.0 0.0 0.0 1.0 0.0 0.0 0.0 0.0 0.0 0.0 0.886 0.068 0.068 0.068 2.0 0.123 0.917 0.040
0.0 0.0 0.0 1.0 0.0 0.0 0.0 0.0 0.0 0.0 0.886 0.045 0.045 0.045 2.0 0.123 0.917 0.040
0.0 0.0 0.0 1.0 0.0 0.0 0.0 0.0 0.0 0.0 0.932 0.045 0.045 0.045 2.0 0.110 0.931 0.040
0.0 1.0 0.0 0.0 0.0 0.0 0.0 0.0 0.0 0.0 0.932 0.045 0.045 0.045 1.0 0.096 0.931 0.040
0.0 0.0 0.0 1.0 0.0 0.0 0.0 0.0 0.0 0.0 0.909 0.045 0.045 0.045 2.0 0.123 0.931 0.040
0.0 1.0 0.0 0.0 0.0 0.0 0.0 0.0 0.0 0.0 0.909 0.045 0.045 0.045 1.0 0.110 0.931 0.040
0.0 0.0 0.0 1.0 0.0 0.0 0.0 0.0 0.0 0.0 0.886 0.114 0.114 0.114 2.0 0.151 0.931 0.040
0.0 0.0 0.0 1.0 0.0 0.0 0.0 0.0 0.0 0.0 0.909 0.023 0.023 0.023 2.0 0.123 0.931 0.040
0.0 0.0 0.0 1.0 0.0 0.0 0.0 0.0 0.0 0.0 0.932 0.023 0.023 0.023 2.0 0.123 0.986 0.040
0.0 0.0 0.0 1.0 0.0 0.0 0.0 0.0 0.0 0.0 0.909 0.023 0.023 0.023 2.0 0.123 0.931 0.040
0.0 1.0 0.0 0.0 0.0 0.0 0.0 0.0 0.0 0.0 0.932 0.023 0.023 0.023 2.0 0.082 0.931 0.040
0.0 0.0 0.0 1.0 0.0 0.0 0.0 0.0 0.0 0.0 0.909 0.045 0.045 0.045 2.0 0.123 0.917 0.040
0.0 0.0 0.0 1.0 0.0 0.0 0.0 0.0 0.0 0.0 0.909 0.023 0.023 0.023 2.0 0.123 0.917 0.040
0.0 0.0 0.0 1.0 0.0 0.0 0.0 0.0 0.0 0.0 0.955 0.023 0.023 0.023 2.0 0.123 0.931 0.040
0.0 0.0 0.0 1.0 0.0 0.0 0.0 0.0 0.0 0.0 0.932 0.023 0.023 0.023 2.0 0.123 0.931 0.040
0.0 0.0 0.0 1.0 0.0 0.0 0.0 0.0 0.0 0.0 0.909 0.091 0.091 0.091 2.0 0.151 0.944 0.040
0.0 0.0 1.0 0.0 0.0 0.0 0.0 0.0 0.0 1.0 0.932 0.000 0.000 0.000 2.0 0.096 0.931 0.040
0.0 0.0 1.0 0.0 0.0 0.0 0.0 0.0 0.0 1.0 0.955 0.000 0.000 0.000 2.0 0.096 0.986 0.040
0.0 0.0 1.0 0.0 0.0 0.0 0.0 0.0 0.0 1.0 0.932 0.000 0.000 0.000 2.0 0.096 0.931 0.040
0.0 0.0 1.0 0.0 0.0 0.0 0.0 0.0 0.0 1.0 0.955 0.000 0.000 0.000 2.0 0.082 0.931 0.040
0.0 0.0 1.0 0.0 0.0 0.0 0.0 0.0 0.0 1.0 0.932 0.000 0.000 0.000 2.0 0.096 0.917 0.040
0.0 0.0 0.0 1.0 0.0 0.0 0.0 0.0 0.0 1.0 0.977 0.000 0.000 0.000 2.0 0.096 0.931 0.040
0.0 0.0 0.0 1.0 0.0 0.0 0.0 0.0 0.0 1.0 0.955 0.000 0.000 0.000 2.0 0.096 0.931 0.040
0.0 0.0 0.0 1.0 0.0 0.0 0.0 0.0 0.0 0.0 0.932 0.068 0.068 0.068 2.0 0.137 0.944 0.040
0.0 1.0 0.0 0.0 0.0 0.0 0.0 0.0 0.0 0.0 0.932 0.068 0.068 0.068 1.0 0.110 0.944 0.040
0.0 0.0 0.0 1.0 0.0 0.0 0.0 0.0 0.0 0.0 0.955 0.045 0.045 0.045 2.0 0.137 0.944 0.040
0.0 0.0 0.0 1.0 0.0 0.0 0.0 0.0 0.0 0.0 0.977 0.023 0.023 0.023 2.0 0.123 0.944 0.040
0.0 0.0 1.0 0.0 0.0 0.0 0.0 0.0 0.0 1.0 1.000 0.000 0.000 0.000 2.0 0.096 0.944 0.040
