0.0 0.0 0.0 1.0 0.0 0.0 0.0 0.0 1.0 0.0 0.007 0.037 0.963 2.0 0.389 0.021 1.000
1.0 0.0 0.0 0.0 0.0 0.0 0.0 0.0 0.0 0.0 0.015 0.030 0.956 2.0 0.444 0.032 1.000
0.0 0.0 0.0 0.0 1.0 0.0 0.0 0.0 0.0 0.0 0.022 0.022 0.948 2.0 0.500 0.032 1.000
0.0 0.0 1.0 0.0 0.0 0.0 0.0 0.0 0.0 0.0 0.030 0.015 0.941 2.0 0.556 0.042 1.000
0.0 0.0 0.0 0.0 0.0 0.0 1.0 0.0 0.0 0.0 0.037 0.007 0.933 2.0 0.611 0.053 1.000
0.0 0.0 0.0 0.0 0.0 0.0 0.0 1.0 0.0 0.0 0.044 0.000 0.926 2.0 0.667 0.063 1.000
0.0 0.0 0.0 0.0 0.0 1.0 0.0 0.0 0.0 0.0 0.052 0.067 0.919 2.0 0.722 0.074 0.968
0.0 0.0 0.0 0.0 0.0 1.0 0.0 0.0 0.0 0.0 0.059 0.059 0.911 2.0 0.778 0.084 0.968
0.0 0.0 0.0 0.0 0.0 1.0 0.0 0.0 0.0 0.0 0.067 0.052 0.904 2.0 0.833 0.095 0.968
0.0 0.0 0.0 0.0 0.0 1.0 0.0 0.0 0.0 0.0 0.074 0.044 0.896 2.0 0.889 0.105 0.968
0.0 0.0 0.0 0.0 0.0 1.0 0.0 0.0 0.0 0.0 0.081 0.037 0.889 2.0 0.944 0.116 0.968
