0.0 1.0 0.0 0.0 0.0 0.0 0.0 0.0 1.0 0.0 0.020 0.714 0.980 0.778 1.0 0.139 0.030 1.000
0.0 1.0 0.0 0.0 0.0 0.0 0.0 0.0 1.0 0.0 0.020 0.714 0.980 0.778 1.0 0.097 0.030 1.000
0.0 1.0 0.0 0.0 0.0 0.0 0.0 0.0 1.0 0.0 0.020 0.714 0.980 0.778 1.0 0.139 0.030 1.000
0.0 1.0 0.0 0.0 0.0 0.0 0.0 0.0 1.0 0.0 0.020 0.714 0.980 0.778 1.0 0.181 0.030 1.000
0.0 1.0 0.0 0.0 0.0 0.0 0.0 0.0 1.0 0.0 0.020 0.714 0.980 0.778 1.0 0.097 0.030 1.000
0.0 1.0 0.0 0.0 0.0 0.0 0.0 0.0 1.0 0.0 0.020 0.714 0.980 0.778 1.0 0.097 0.030 1.000
0.0 1.0 0.0 0.0 0.0 0.0 0.0 0.0 1.0 0.0 0.020 0.714 0.980 0.778 1.0 0.139 0.030 1.000
0.0 1.0 0.0 0.0 0.0 0.0 0.0 0.0 1.0 0.0 0.020 0.714 0.980 0.778 1.0 0.139 0.030 1.000
0.0 1.0 0.0 0.0 0.0 0.0 0.0 0.0 1.0 0.0 0.020 0.714 0.980 0.778 1.0 0.181 0.030 1.000
0.0 1.0 0.0 0.0 0.0 0.0 0.0 0.0 1.0 0.0 0.020 0.714 0.980 0.778 1.0 0.139 0.030 1.000
0.0 1.0 0.0 0.0 0.0 0.0 0.0 0.0 1.0 0.0 0.020 0.714 0.980 0.778 1.0 0.097 0.030 1.000
0.0 1.0 0.0 0.0 0.0 0.0 0.0 0.0 1.0 0.0 0.020 0.714 0.980 0.778 1.0 0.097 0.030 1.000
0.0 1.0 0.0 0.0 0.0 0.0 0.0 0.0 1.0 0.0 0.020 0.714 0.980 0.778 1.0 0.139 0.030 1.000
0.0 1.0 0.0 0.0 0.0 0.0 0.0 0.0 1.0 0.0 0.020 0.714 0.980 0.778 1.0 0.139 0.030 1.000
0.0 1.0 0.0 0.0 0.0 0.0 0.0 0.0 1.0 0.0 0.020 0.714 0.980 0.778 1.0 0.139 0.030 1.000
0.0 1.0 0.0 0.0 0.0 0.0 0.0 0.0 1.0 0.0 0.020 0.714 0.980 0.778 1.0 0.139 0.030 1.000
0.0 0.0 0.0 1.0 0.0 0.0 0.0 0.0 1.0 0.0 0.020 0.898 0.898 0.898 2.0 0.069 0.061 0.040
0.0 0.0 0.0 1.0 0.0 0.0 0.0 0.0 1.0 0.0 0.020 0.837 0.837 0.837 2.0 0.069 0.061 0.040
0.0 1.0 0.0 0.0 0.0 0.0 0.0 0.0 1.0 0.0 0.020 0.714 0.980 0.778 1.0 0.111 0.030 1.000
0.0 1.0 0.0 0.0 0.0 0.0 0.0 0.0 1.0 0.0 0.020 0.714 0.980 0.778 1.0 0.056 0.030 1.000
1.0 0.0 0.0 0.0 0.0 0.0 0.0 0.0 1.0 0.0 0.020 0.714 0.980 0.778 1.0 0.111 0.030 1.000
1.0 0.0 0.0 0.0 0.0 0.0 0.0 0.0 1.0 0.0 0.020 0.714 0.980 0.778 1.0 0.125 0.030 1.000
0.0 1.0 0.0 0.0 0.0 0.0 0.0 0.0 1.0 0.0 0.020 0.714 0.980 0.778 1.0 0.097 0.030 1.000
0.0 1.0 0.0 0.0 0.0 0.0 0.0 0.0 1.0 0.0 0.020 0.714 0.980 0.778 1.0 0.097 0.030 1.000
0.0 1.0 0.0 0.0 0.0 0.0 0.0 0.0 1.0 0.0 0.020 0.714 0.980 0.778 1.0 0.097 0.030 1.000
0.0 1.0 0.0 0.0 0.0 0.0 0.0 0.0 1.0 0.0 0.020 0.714 0.980 0.778 1.0 0.097 0.030 1.000
0.0 1.0 0.0 0.0 0.0 0.0 0.0 0.0 1.0 0.0 0.020 0.898 0.898 0.898 1.0 0.069 0.030 0.040
0.0 1.0 0.0 0.0 0.0 0.0 0.0 0.0 1.0 0.0 0.020 0.837 0.837 0.837 1.0 0.069 0.030 0.040
0.0 1.0 0.0 0.0 0.0 0.0 0.0 0.0 1.0 0.0 0.020 0.714 0.980 0.800 1.0 0.111 0.030 0.640
0.0 1.0 0.0 0.0 0.0 0.0 0.0 0.0 1.0 0.0 0.020 0.714 0.980 0.797 1.0 0.111 0.030 0.640
1.0 0.0 0.0 0.0 0.0 0.0 0.0 0.0 1.0 0.0 0.020 0.857 0.980 0.884 1.0 0.292 0.030 0.240
0.0 1.0 0.0 0.0 0.0 0.0 0.0 0.0 1.0 0.0 0.020 0.714 0.980 0.778 1.0 0.347 0.030 1.000
1.0 0.0 0.0 0.0 0.0 0.0 0.0 0.0 1.0 0.0 0.020 0.714 0.980 0.778 1.0 0.125 0.030 1.000
0.0 1.0 0.0 0.0 0.0 0.0 0.0 0.0 1.0 0.0 0.020 0.714 0.980 0.778 1.0 0.097 0.030 1.000
1.0 0.0 0.0 0.0 0.0 0.0 0.0 0.0 1.0 0.0 0.020 0.714 0.980 0.778 1.0 0.208 0.030 1.000
0.0 1.0 0.0 0.0 0.0 0.0 0.0 0.0 1.0 0.0 0.020 0.857 0.980 0.884 1.0 0.194 0.030 0.240
0.0 1.0 0.0 0.0 0.0 0.0 0.0 0.0 1.0 0.0 0.020 0.796 0.796 0.796 1.0 0.069 0.030 0.040
1.0 0.0 0.0 0.0 0.0 0.0 0.0 0.0 1.0 0.0 0.020 0.837 0.898 0.867 1.0 0.125 0.030 0.080
0.0 1.0 0.0 0.0 0.0 0.0 0.0 0.0 1.0 0.0 0.020 0.714 0.980 0.778 1.0 0.292 0.030 1.000
1.0 0.0 0.0 0.0 0.0 0.0 0.0 0.0 1.0 0.0 0.020 0.714 0.980 0.778 1.0 0.181 0.030 1.000
1.0 0.0 0.0 0.0 0.0 0.0 0.0 0.0 1.0 0.0 0.020 0.857 0.980 0.884 1.0 0.194 0.030 0.240
0.0 1.0 0.0 0.0 0.0 0.0 0.0 0.0 1.0 0.0 0.020 0.714 0.980 0.778 1.0 0.292 0.030 1.000
1.0 0.0 0.0 0.0 0.0 0.0 0.0 0.0 1.0 0.0 0.020 0.714 0.714 0.714 1.0 0.083 0.030 0.040
1.0 0.0 0.0 0.0 0.0 0.0 0.0 0.0 1.0 0.0 0.020 0.735 0.735 0.735 1.0 0.083 0.030 0.040
1.0 0.0 0.0 0.0 0.0 0.0 0.0 0.0 1.0 0.0 0.020 0.735 0.735 0.735 1.0 0.083 0.030 0.040
1.0 0.0 0.0 0.0 0.0 0.0 0.0 0.0 1.0 0.0 0.020 0.714 0.714 0.714 1.0 0.083 0.030 0.040
1.0 0.0 0.0 0.0 0.0 0.0 0.0 0.0 1.0 0.0 0.020 0.735 0.735 0.735 1.0 0.083 0.030 0.040
1.0 0.0 0.0 0.0 0.0 0.0 0.0 0.0 1.0 0.0 0.020 0.714 0.714 0.714 1.0 0.083 0.030 0.040
1.0 0.0 0.0 0.0 0.0 0.0 0.0 0.0 1.0 0.0 0.020 0.714 0.714 0.714 1.0 0.083 0.030 0.040
1.0 0.0 0.0 0.0 0.0 0.0 0.0 0.0 1.0 0.0 0.020 0.735 0.735 0.735 1.0 0.083 0.030 0.040
1.0 0.0 0.0 0.0 0.0 0.0 0.0 0.0 1.0 0.0 0.020 0.735 0.735 0.735 1.0 0.083 0.030 0.040
1.0 0.0 0.0 0.0 0.0 0.0 0.0 0.0 1.0 0.0 0.020 0.735 0.735 0.735 1.0 0.083 0.030 0.040
1.0 0.0 0.0 0.0 0.0 0.0 0.0 0.0 1.0 0.0 0.020 0.714 0.714 0.714 1.0 0.083 0.030 0.040
1.0 0.0 0.0 0.0 0.0 0.0 0.0 0.0 1.0 0.0 0.020 0.714 0.714 0.714 1.0 0.083 0.030 0.040
1.0 0.0 0.0 0.0 0.0 0.0 0.0 0.0 1.0 0.0 0.020 0.735 0.735 0.735 1.0 0.083 0.030 0.040
1.0 0.0 0.0 0.0 0.0 0.0 0.0 0.0 1.0 0.0 0.020 0.735 0.735 0.735 1.0 0.083 0.030 0.040
1.0 0.0 0.0 0.0 0.0 0.0 0.0 0.0 1.0 0.0 0.020 0.735 0.735 0.735 1.0 0.083 0.030 0.040
1.0 0.0 0.0 0.0 0.0 0.0 0.0 0.0 1.0 0.0 0.020 0.714 0.714 0.714 1.0 0.083 0.030 0.040
0.0 1.0 0.0 0.0 0.0 0.0 0.0 0.0 0.0 0.0 0.041 0.694 0.694 0.694 1.0 0.083 0.030 0.040
0.0 1.0 0.0 0.0 0.0 0.0 0.0 0.0 0.0 0.0 0.041 0.714 0.714 0.714 1.0 0.083 0.030 0.040
0.0 1.0 0.0 0.0 0.0 0.0 0.0 0.0 0.0 0.0 0.041 0.714 0.714 0.714 1.0 0.083 0.030 0.040
0.0 1.0 0.0 0.0 0.0 0.0 0.0 0.0 0.0 0.0 0.041 0.694 0.694 0.694 1.0 0.083 0.030 0.040
0.0 1.0 0.0 0.0 0.0 0.0 0.0 0.0 0.0 0.0 0.041 0.714 0.714 0.714 1.0 0.083 0.030 0.040
0.0 1.0 0.0 0.0 0.0 0.0 0.0 0.0 0.0 0.0 0.041 0.694 0.694 0.694 1.0 0.083 0.030 0.040
0.0 1.0 0.0 0.0 0.0 0.0 0.0 0.0 0.0 0.0 0.041 0.694 0.694 0.694 1.0 0.083 0.030 0.040
0.0 1.0 0.0 0.0 0.0 0.0 0.0 0.0 0.0 0.0 0.041 0.714 0.714 0.714 1.0 0.083 0.030 0.040
0.0 1.0 0.0 0.0 0.0 0.0 0.0 0.0 0.0 0.0 0.041 0.714 0.714 0.714 1.0 0.083 0.030 0.040
0.0 1.0 0.0 0.0 0.0 0.0 0.0 0.0 0.0 0.0 0.041 0.714 0.714 0.714 1.0 0.083 0.030 0.040
0.0 1.0 0.0 0.0 0.0 0.0 0.0 0.0 0.0 0.0 0.041 0.694 0.694 0.694 1.0 0.083 0.030 0.040
0.0 1.0 0.0 0.0 0.0 0.0 0.0 0.0 0.0 0.0 0.041 0.694 0.694 0.694 1.0 0.083 0.030 0.040
0.0 1.0 0.0 0.0 0.0 0.0 0.0 0.0 0.0 0.0 0.041 0.714 0.714 0.714 1.0 0.083 0.030 0.040
0.0 1.0 0.0 0.0 0.0 0.0 0.0 0.0 0.0 0.0 0.041 0.714 0.714 0.714 1.0 0.083 0.030 0.040
0.0 1.0 0.0 0.0 0.0 0.0 0.0 0.0 0.0 0.0 0.041 0.714 0.714 0.714 1.0 0.083 0.030 0.040
0.0 1.0 0.0 0.0 0.0 0.0 0.0 0.0 0.0 0.0 0.041 0.694 0.694 0.694 1.0 0.083 0.030 0.040
0.0 0.0 0.0 1.0 0.0 0.0 0.0 0.0 0.0 0.0 0.041 0.837 0.837 0.837 2.0 0.139 0.061 0.040
0.0 0.0 0.0 1.0 0.0 0.0 0.0 0.0 0.0 0.0 0.041 0.837 0.837 0.837 2.0 0.139 0.061 0.040
0.0 0.0 0.0 1.0 0.0 0.0 0.0 0.0 0.0 0.0 0.041 0.959 0.959 0.959 2.0 0.139 0.061 0.040
0.0 0.0 0.0 1.0 0.0 0.0 0.0 0.0 0.0 0.0 0.041 0.837 0.837 0.837 2.0 0.139 0.061 0.040
0.0 0.0 0.0 1.0 0.0 0.0 0.0 0.0 0.0 0.0 0.041 0.837 0.837 0.837 2.0 0.139 0.061 0.040
0.0 0.0 0.0 1.0 0.0 0.0 0.0 0.0 0.0 0.0 0.041 0.878 0.878 0.878 2.0 0.153 0.061 0.040
1.0 0.0 0.0 0.0 0.0 0.0 0.0 0.0 0.0 0.0 0.041 0.694 0.959 0.758 1.0 0.139 0.030 1.000
1.0 0.0 0.0 0.0 0.0 0.0 0.0 0.0 0.0 0.0 0.041 0.694 0.959 0.758 1.0 0.125 0.030 1.000
1.0 0.0 0.0 0.0 0.0 0.0 0.0 0.0 0.0 0.0 0.041 0.694 0.959 0.758 1.0 0.125 0.030 1.000
1.0 0.0 0.0 0.0 0.0 0.0 0.0 0.0 0.0 0.0 0.041 0.694 0.959 0.758 1.0 0.125 0.030 1.000
1.0 0.0 0.0 0.0 0.0 0.0 0.0 0.0 0.0 0.0 0.041 0.694 0.959 0.758 1.0 0.139 0.030 1.000
1.0 0.0 0.0 0.0 0.0 0.0 0.0 0.0 0.0 0.0 0.041 0.694 0.959 0.758 1.0 0.139 0.030 1.000
0.0 0.0 1.0 0.0 0.0 0.0 0.0 0.0 1.0 0.0 0.041 0.694 0.959 0.758 2.0 0.181 0.061 1.000
1.0 0.0 0.0 0.0 0.0 0.0 0.0 0.0 0.0 0.0 0.041 0.694 0.959 0.758 1.0 0.153 0.030 1.000
1.0 0.0 0.0 0.0 0.0 0.0 0.0 0.0 0.0 0.0 0.041 0.694 0.959 0.758 1.0 0.125 0.030 1.000
1.0 0.0 0.0 0.0 0.0 0.0 0.0 0.0 0.0 0.0 0.041 0.694 0.959 0.758 1.0 0.125 0.030 1.000
0.0 0.0 1.0 0.0 0.0 0.0 0.0 0.0 1.0 0.0 0.041 0.694 0.959 0.758 2.0 0.181 0.061 1.000
1.0 0.0 0.0 0.0 0.0 0.0 0.0 0.0 0.0 0.0 0.041 0.694 0.959 0.758 1.0 0.139 0.030 1.000
0.0 0.0 1.0 0.0 0.0 0.0 0.0 0.0 1.0 0.0 0.041 0.694 0.959 0.758 3.0 0.194 0.091 1.000
1.0 0.0 0.0 0.0 0.0 0.0 0.0 0.0 0.0 0.0 0.041 0.694 0.959 0.758 1.0 0.139 0.030 1.000
1.0 0.0 0.0 0.0 0.0 0.0 0.0 0.0 0.0 0.0 0.041 0.694 0.959 0.758 1.0 0.139 0.030 1.000
0.0 0.0 0.0 1.0 0.0 0.0 0.0 0.0 0.0 0.0 0.041 0.878 0.878 0.878 2.0 0.139 0.061 0.040
0.0 0.0 0.0 1.0 0.0 0.0 0.0 0.0 0.0 0.0 0.041 0.816 0.816 0.816 2.0 0.139 0.061 0.040
0.0 0.0 0.0 1.0 0.0 0.0 0.0 0.0 1.0 0.0 0.041 0.694 0.959 0.758 2.0 0.319 0.061 1.000
0.0 1.0 0.0 0.0 0.0 0.0 0.0 0.0 0.0 0.0 0.061 0.673 0.939 0.737 1.0 0.167 0.061 1.000
0.0 0.0 0.0 1.0 0.0 0.0 0.0 0.0 0.0 0.0 0.041 0.694 0.959 0.758 2.0 0.125 0.061 1.000
0.0 1.0 0.0 0.0 0.0 0.0 0.0 0.0 0.0 0.0 0.061 0.673 0.939 0.737 1.0 0.181 0.061 1.000
0.0 0.0 1.0 0.0 0.0 0.0 0.0 0.0 0.0 0.0 0.041 0.694 0.959 0.758 2.0 0.111 0.061 1.000
1.0 0.0 0.0 0.0 0.0 0.0 0.0 0.0 0.0 0.0 0.041 0.694 0.959 0.758 1.0 0.139 0.030 1.000
1.0 0.0 0.0 0.0 0.0 0.0 0.0 0.0 0.0 0.0 0.041 0.694 0.959 0.758 1.0 0.125 0.030 1.000
1.0 0.0 0.0 0.0 0.0 0.0 0.0 0.0 0.0 0.0 0.041 0.816 0.816 0.816 1.0 0.139 0.030 0.040
1.0 0.0 0.0 0.0 0.0 0.0 0.0 0.0 0.0 0.0 0.041 0.816 0.816 0.816 1.0 0.125 0.030 0.040
1.0 0.0 0.0 0.0 0.0 0.0 0.0 0.0 0.0 0.0 0.041 0.959 0.959 0.959 1.0 0.125 0.030 0.040
1.0 0.0 0.0 0.0 0.0 0.0 0.0 0.0 0.0 0.0 0.041 0.694 0.959 0.758 1.0 0.125 0.030 1.000
1.0 0.0 0.0 0.0 0.0 0.0 0.0 0.0 0.0 0.0 0.041 0.694 0.959 0.758 1.0 0.111 0.030 1.000
1.0 0.0 0.0 0.0 0.0 0.0 0.0 0.0 0.0 0.0 0.041 0.694 0.959 0.758 1.0 0.111 0.030 1.000
1.0 0.0 0.0 0.0 0.0 0.0 0.0 0.0 0.0 0.0 0.041 0.694 0.959 0.758 1.0 0.125 0.030 1.000
0.0 0.0 1.0 0.0 0.0 0.0 0.0 0.0 1.0 0.0 0.041 0.694 0.959 0.758 3.0 0.181 0.091 1.000
1.0 0.0 0.0 0.0 0.0 0.0 0.0 0.0 0.0 0.0 0.041 0.694 0.959 0.758 1.0 0.111 0.030 1.000
1.0 0.0 0.0 0.0 0.0 0.0 0.0 0.0 0.0 0.0 0.041 0.694 0.959 0.758 1.0 0.139 0.030 1.000
1.0 0.0 0.0 0.0 0.0 0.0 0.0 0.0 0.0 0.0 0.041 0.694 0.959 0.758 1.0 0.125 0.030 1.000
0.0 0.0 1.0 0.0 0.0 0.0 0.0 0.0 1.0 0.0 0.041 0.694 0.959 0.758 3.0 0.181 0.091 1.000
1.0 0.0 0.0 0.0 0.0 0.0 0.0 0.0 0.0 0.0 0.041 0.694 0.959 0.758 1.0 0.111 0.030 1.000
1.0 0.0 0.0 0.0 0.0 0.0 0.0 0.0 0.0 0.0 0.041 0.776 0.776 0.776 1.0 0.111 0.030 0.040
1.0 0.0 0.0 0.0 0.0 0.0 0.0 0.0 0.0 0.0 0.041 0.694 0.959 0.758 1.0 0.111 0.030 1.000
1.0 0.0 0.0 0.0 0.0 0.0 0.0 0.0 0.0 0.0 0.041 0.776 0.776 0.776 1.0 0.111 0.030 0.040
1.0 0.0 0.0 0.0 0.0 0.0 0.0 0.0 0.0 0.0 0.041 0.694 0.959 0.758 1.0 0.111 0.030 1.000
1.0 0.0 0.0 0.0 0.0 0.0 0.0 0.0 0.0 0.0 0.041 0.776 0.776 0.776 1.0 0.111 0.030 0.040
1.0 0.0 0.0 0.0 0.0 0.0 0.0 0.0 0.0 0.0 0.041 0.694 0.959 0.758 1.0 0.111 0.030 1.000
1.0 0.0 0.0 0.0 0.0 0.0 0.0 0.0 0.0 0.0 0.041 0.776 0.776 0.776 1.0 0.111 0.030 0.040
0.0 0.0 1.0 0.0 0.0 0.0 0.0 0.0 0.0 0.0 0.041 0.878 0.878 0.878 2.0 0.125 0.091 0.040
0.0 0.0 1.0 0.0 0.0 0.0 0.0 0.0 0.0 0.0 0.041 0.816 0.816 0.816 2.0 0.125 0.091 0.040
1.0 0.0 0.0 0.0 0.0 0.0 0.0 0.0 0.0 0.0 0.041 0.694 0.959 0.758 1.0 0.125 0.030 1.000
1.0 0.0 0.0 0.0 0.0 0.0 0.0 0.0 0.0 0.0 0.041 0.694 0.959 0.758 1.0 0.125 0.030 1.000
1.0 0.0 0.0 0.0 0.0 0.0 0.0 0.0 0.0 0.0 0.041 0.694 0.959 0.758 1.0 0.125 0.030 1.000
1.0 0.0 0.0 0.0 0.0 0.0 0.0 0.0 0.0 0.0 0.041 0.694 0.959 0.758 1.0 0.125 0.030 1.000
1.0 0.0 0.0 0.0 0.0 0.0 0.0 0.0 0.0 0.0 0.041 0.694 0.959 0.758 1.0 0.125 0.030 1.000
1.0 0.0 0.0 0.0 0.0 0.0 0.0 0.0 0.0 0.0 0.041 0.694 0.959 0.758 1.0 0.125 0.030 1.000
1.0 0.0 0.0 0.0 0.0 0.0 0.0 0.0 0.0 0.0 0.041 0.816 0.816 0.816 1.0 0.125 0.030 0.040
1.0 0.0 0.0 0.0 0.0 0.0 0.0 0.0 0.0 0.0 0.041 0.694 0.959 0.758 1.0 0.125 0.030 1.000
1.0 0.0 0.0 0.0 0.0 0.0 0.0 0.0 0.0 0.0 0.041 0.694 0.959 0.758 1.0 0.139 0.030 1.000
1.0 0.0 0.0 0.0 0.0 0.0 0.0 0.0 0.0 0.0 0.041 0.837 0.837 0.837 1.0 0.139 0.030 0.040
1.0 0.0 0.0 0.0 0.0 0.0 0.0 0.0 0.0 0.0 0.041 0.694 0.959 0.758 1.0 0.111 0.030 1.000
1.0 0.0 0.0 0.0 0.0 0.0 0.0 0.0 0.0 0.0 0.041 0.694 0.959 0.758 1.0 0.125 0.030 1.000
0.0 0.0 1.0 0.0 0.0 0.0 0.0 0.0 1.0 0.0 0.041 0.694 0.959 0.758 3.0 0.181 0.091 1.000
1.0 0.0 0.0 0.0 0.0 0.0 0.0 0.0 0.0 0.0 0.041 0.694 0.959 0.758 1.0 0.125 0.030 1.000
1.0 0.0 0.0 0.0 0.0 0.0 0.0 0.0 0.0 0.0 0.041 0.694 0.959 0.758 1.0 0.139 0.030 1.000
1.0 0.0 0.0 0.0 0.0 0.0 0.0 0.0 0.0 0.0 0.041 0.694 0.959 0.758 1.0 0.139 0.030 1.000
1.0 0.0 0.0 0.0 0.0 0.0 0.0 0.0 0.0 0.0 0.041 0.694 0.959 0.758 1.0 0.111 0.030 1.000
1.0 0.0 0.0 0.0 0.0 0.0 0.0 0.0 0.0 0.0 0.041 0.694 0.959 0.758 1.0 0.125 0.030 1.000
1.0 0.0 0.0 0.0 0.0 0.0 0.0 0.0 0.0 0.0 0.041 0.694 0.959 0.758 1.0 0.125 0.030 1.000
1.0 0.0 0.0 0.0 0.0 0.0 0.0 0.0 0.0 0.0 0.041 0.694 0.959 0.758 1.0 0.125 0.030 1.000
1.0 0.0 0.0 0.0 0.0 0.0 0.0 0.0 0.0 0.0 0.041 0.694 0.959 0.758 1.0 0.125 0.030 1.000
1.0 0.0 0.0 0.0 0.0 0.0 0.0 0.0 0.0 0.0 0.041 0.694 0.959 0.758 1.0 0.125 0.030 1.000
0.0 1.0 0.0 0.0 0.0 0.0 0.0 0.0 0.0 0.0 0.061 0.857 0.857 0.857 1.0 0.111 0.091 0.040
0.0 1.0 0.0 0.0 0.0 0.0 0.0 0.0 0.0 0.0 0.061 0.796 0.796 0.796 1.0 0.111 0.091 0.040
0.0 1.0 0.0 0.0 0.0 0.0 0.0 0.0 0.0 0.0 0.061 0.673 0.939 0.737 1.0 0.097 0.030 1.000
0.0 1.0 0.0 0.0 0.0 0.0 0.0 0.0 0.0 0.0 0.061 0.673 0.939 0.737 1.0 0.097 0.030 1.000
0.0 1.0 0.0 0.0 0.0 0.0 0.0 0.0 0.0 0.0 0.061 0.796 0.796 0.796 1.0 0.097 0.030 0.040
0.0 1.0 0.0 0.0 0.0 0.0 0.0 0.0 0.0 0.0 0.061 0.796 0.796 0.796 1.0 0.097 0.030 0.040
0.0 1.0 0.0 0.0 0.0 0.0 0.0 0.0 0.0 0.0 0.061 0.673 0.939 0.737 1.0 0.097 0.030 1.000
0.0 1.0 0.0 0.0 0.0 0.0 0.0 0.0 0.0 0.0 0.061 0.673 0.939 0.737 1.0 0.111 0.091 1.000
0.0 1.0 0.0 0.0 0.0 0.0 0.0 0.0 0.0 0.0 0.061 0.673 0.939 0.737 1.0 0.097 0.030 1.000
0.0 1.0 0.0 0.0 0.0 0.0 0.0 0.0 0.0 0.0 0.061 0.673 0.939 0.737 1.0 0.097 0.030 1.000
0.0 1.0 0.0 0.0 0.0 0.0 0.0 0.0 0.0 0.0 0.061 0.673 0.939 0.737 1.0 0.111 0.091 1.000
0.0 0.0 1.0 0.0 0.0 0.0 0.0 0.0 1.0 0.0 0.082 0.796 0.796 0.796 2.0 0.139 0.091 0.040
0.0 0.0 1.0 0.0 0.0 0.0 0.0 0.0 1.0 0.0 0.082 0.837 0.837 0.837 2.0 0.139 0.091 0.040
0.0 0.0 0.0 1.0 0.0 0.0 0.0 0.0 1.0 0.0 0.082 0.653 0.918 0.717 2.0 0.208 0.091 1.000
0.0 0.0 0.0 1.0 0.0 0.0 0.0 0.0 1.0 0.0 0.082 0.653 0.918 0.717 2.0 0.222 0.091 1.000
0.0 0.0 0.0 1.0 0.0 0.0 0.0 0.0 1.0 0.0 0.082 0.653 0.918 0.717 2.0 0.153 0.091 1.000
0.0 1.0 0.0 0.0 0.0 0.0 0.0 0.0 0.0 0.0 0.102 0.633 0.898 0.696 1.0 0.125 0.091 1.000
0.0 0.0 1.0 0.0 0.0 0.0 0.0 0.0 1.0 0.0 0.082 0.653 0.918 0.717 2.0 0.111 0.091 1.000
0.0 1.0 0.0 0.0 0.0 0.0 0.0 0.0 0.0 0.0 0.061 0.755 0.755 0.755 1.0 0.097 0.030 0.040
0.0 1.0 0.0 0.0 0.0 0.0 0.0 0.0 0.0 0.0 0.061 0.673 0.939 0.737 1.0 0.097 0.030 1.000
0.0 1.0 0.0 0.0 0.0 0.0 0.0 0.0 0.0 0.0 0.061 0.755 0.755 0.755 1.0 0.097 0.030 0.040
0.0 1.0 0.0 0.0 0.0 0.0 0.0 0.0 0.0 0.0 0.061 0.673 0.939 0.737 1.0 0.097 0.030 1.000
0.0 1.0 0.0 0.0 0.0 0.0 0.0 0.0 0.0 0.0 0.061 0.755 0.755 0.755 1.0 0.097 0.030 0.040
0.0 1.0 0.0 0.0 0.0 0.0 0.0 0.0 0.0 0.0 0.061 0.673 0.939 0.737 1.0 0.097 0.030 1.000
0.0 1.0 0.0 0.0 0.0 0.0 0.0 0.0 0.0 0.0 0.061 0.755 0.755 0.755 1.0 0.097 0.030 0.040
0.0 1.0 0.0 0.0 0.0 0.0 0.0 0.0 0.0 0.0 0.061 0.673 0.939 0.737 1.0 0.097 0.030 1.000
0.0 0.0 0.0 1.0 0.0 0.0 0.0 0.0 0.0 0.0 0.061 0.673 0.939 0.759 4.0 0.389 0.152 0.640
0.0 0.0 0.0 1.0 0.0 0.0 0.0 0.0 0.0 0.0 0.061 0.673 0.939 0.756 4.0 0.389 0.152 0.640
0.0 0.0 0.0 1.0 0.0 0.0 0.0 0.0 0.0 0.0 0.061 0.673 0.939 0.737 3.0 0.611 0.121 1.000
0.0 0.0 1.0 0.0 0.0 0.0 0.0 0.0 0.0 0.0 0.061 0.755 0.755 0.755 3.0 0.500 0.121 0.040
1.0 0.0 0.0 0.0 0.0 0.0 0.0 0.0 0.0 0.0 0.061 0.673 0.939 0.737 1.0 0.125 0.030 1.000
0.0 1.0 0.0 0.0 0.0 0.0 0.0 0.0 0.0 0.0 0.061 0.673 0.939 0.737 1.0 0.097 0.030 1.000
1.0 0.0 0.0 0.0 0.0 0.0 0.0 0.0 0.0 0.0 0.061 0.673 0.939 0.737 1.0 0.125 0.030 1.000
0.0 1.0 0.0 0.0 0.0 0.0 0.0 0.0 0.0 0.0 0.061 0.673 0.939 0.737 1.0 0.097 0.030 1.000
1.0 0.0 0.0 0.0 0.0 0.0 0.0 0.0 0.0 0.0 0.061 0.673 0.939 0.737 1.0 0.125 0.030 1.000
0.0 1.0 0.0 0.0 0.0 0.0 0.0 0.0 0.0 0.0 0.061 0.673 0.939 0.737 1.0 0.097 0.030 1.000
1.0 0.0 0.0 0.0 0.0 0.0 0.0 0.0 0.0 0.0 0.061 0.673 0.939 0.737 1.0 0.125 0.030 1.000
0.0 1.0 0.0 0.0 0.0 0.0 0.0 0.0 0.0 0.0 0.061 0.673 0.939 0.737 1.0 0.097 0.030 1.000
1.0 0.0 0.0 0.0 0.0 0.0 0.0 0.0 0.0 0.0 0.061 0.673 0.939 0.737 1.0 0.125 0.030 1.000
0.0 1.0 0.0 0.0 0.0 0.0 0.0 0.0 0.0 0.0 0.061 0.673 0.939 0.737 1.0 0.097 0.030 1.000
1.0 0.0 0.0 0.0 0.0 0.0 0.0 0.0 0.0 0.0 0.061 0.673 0.939 0.737 1.0 0.125 0.030 1.000
0.0 1.0 0.0 0.0 0.0 0.0 0.0 0.0 0.0 0.0 0.061 0.673 0.939 0.737 1.0 0.097 0.030 1.000
1.0 0.0 0.0 0.0 0.0 0.0 0.0 0.0 0.0 0.0 0.061 0.816 0.816 0.816 1.0 0.125 0.061 0.040
1.0 0.0 0.0 0.0 0.0 0.0 0.0 0.0 0.0 0.0 0.061 0.673 0.939 0.737 1.0 0.125 0.061 1.000
1.0 0.0 0.0 0.0 0.0 0.0 0.0 0.0 0.0 0.0 0.061 0.796 0.796 0.796 1.0 0.125 0.030 0.040
0.0 1.0 0.0 0.0 0.0 0.0 0.0 0.0 0.0 0.0 0.061 0.796 0.796 0.796 1.0 0.097 0.030 0.040
1.0 0.0 0.0 0.0 0.0 0.0 0.0 0.0 0.0 0.0 0.061 0.673 0.939 0.737 1.0 0.125 0.030 1.000
0.0 1.0 0.0 0.0 0.0 0.0 0.0 0.0 0.0 0.0 0.061 0.673 0.939 0.737 1.0 0.097 0.030 1.000
1.0 0.0 0.0 0.0 0.0 0.0 0.0 0.0 0.0 0.0 0.061 0.673 0.939 0.737 1.0 0.125 0.061 1.000
0.0 1.0 0.0 0.0 0.0 0.0 0.0 0.0 0.0 0.0 0.061 0.673 0.939 0.737 1.0 0.097 0.030 1.000
1.0 0.0 0.0 0.0 0.0 0.0 0.0 0.0 0.0 0.0 0.061 0.816 0.816 0.816 1.0 0.125 0.061 0.040
0.0 1.0 0.0 0.0 0.0 0.0 0.0 0.0 0.0 0.0 0.061 0.816 0.816 0.816 1.0 0.097 0.030 0.040
1.0 0.0 0.0 0.0 0.0 0.0 0.0 0.0 0.0 0.0 0.061 0.939 0.939 0.939 1.0 0.139 0.091 0.040
0.0 1.0 0.0 0.0 0.0 0.0 0.0 0.0 0.0 0.0 0.061 0.939 0.939 0.939 1.0 0.097 0.030 0.040
1.0 0.0 0.0 0.0 0.0 0.0 0.0 0.0 0.0 0.0 0.061 0.673 0.939 0.737 1.0 0.139 0.091 1.000
0.0 1.0 0.0 0.0 0.0 0.0 0.0 0.0 0.0 0.0 0.061 0.673 0.939 0.737 1.0 0.097 0.030 1.000
0.0 1.0 0.0 0.0 0.0 0.0 0.0 0.0 0.0 0.0 0.061 0.673 0.939 0.737 1.0 0.097 0.030 1.000
0.0 1.0 0.0 0.0 0.0 0.0 0.0 0.0 0.0 0.0 0.061 0.673 0.939 0.737 1.0 0.097 0.030 1.000
0.0 1.0 0.0 0.0 0.0 0.0 0.0 0.0 0.0 0.0 0.061 0.673 0.939 0.737 1.0 0.111 0.091 1.000
0.0 1.0 0.0 0.0 0.0 0.0 0.0 0.0 0.0 0.0 0.061 0.673 0.939 0.737 1.0 0.097 0.030 1.000
0.0 1.0 0.0 0.0 0.0 0.0 0.0 0.0 0.0 0.0 0.061 0.673 0.939 0.737 1.0 0.097 0.030 1.000
1.0 0.0 0.0 0.0 0.0 0.0 0.0 0.0 0.0 0.0 0.061 0.673 0.939 0.737 1.0 0.125 0.030 1.000
0.0 1.0 0.0 0.0 0.0 0.0 0.0 0.0 0.0 0.0 0.061 0.673 0.939 0.737 1.0 0.097 0.030 1.000
1.0 0.0 0.0 0.0 0.0 0.0 0.0 0.0 0.0 0.0 0.061 0.673 0.939 0.737 1.0 0.125 0.030 1.000
0.0 1.0 0.0 0.0 0.0 0.0 0.0 0.0 0.0 0.0 0.061 0.673 0.939 0.737 1.0 0.097 0.030 1.000
0.0 1.0 0.0 0.0 0.0 0.0 0.0 0.0 0.0 0.0 0.061 0.673 0.939 0.737 1.0 0.097 0.030 1.000
0.0 1.0 0.0 0.0 0.0 0.0 0.0 0.0 0.0 0.0 0.061 0.673 0.939 0.737 1.0 0.097 0.030 1.000
0.0 1.0 0.0 0.0 0.0 0.0 0.0 0.0 0.0 0.0 0.061 0.673 0.939 0.737 1.0 0.097 0.030 1.000
0.0 1.0 0.0 0.0 0.0 0.0 0.0 0.0 0.0 0.0 0.061 0.673 0.939 0.737 1.0 0.097 0.030 1.000
0.0 1.0 0.0 0.0 0.0 0.0 0.0 0.0 0.0 0.0 0.061 0.673 0.939 0.737 1.0 0.097 0.030 1.000
0.0 1.0 0.0 0.0 0.0 0.0 0.0 0.0 0.0 0.0 0.061 0.673 0.939 0.737 1.0 0.097 0.030 1.000
0.0 1.0 0.0 0.0 0.0 0.0 0.0 0.0 0.0 0.0 0.061 0.673 0.939 0.737 1.0 0.097 0.030 1.000
0.0 1.0 0.0 0.0 0.0 0.0 0.0 0.0 0.0 0.0 0.061 0.673 0.939 0.737 1.0 0.097 0.030 1.000
1.0 0.0 0.0 0.0 0.0 0.0 0.0 0.0 0.0 0.0 0.061 0.673 0.939 0.737 1.0 0.125 0.030 1.000
1.0 0.0 0.0 0.0 0.0 0.0 0.0 0.0 0.0 0.0 0.061 0.673 0.939 0.737 1.0 0.125 0.030 1.000
1.0 0.0 0.0 0.0 0.0 0.0 0.0 0.0 0.0 0.0 0.061 0.673 0.939 0.737 1.0 0.125 0.030 1.000
1.0 0.0 0.0 0.0 0.0 0.0 0.0 0.0 0.0 0.0 0.061 0.673 0.939 0.737 1.0 0.125 0.030 1.000
1.0 0.0 0.0 0.0 0.0 0.0 0.0 0.0 0.0 0.0 0.061 0.673 0.939 0.737 1.0 0.125 0.030 1.000
1.0 0.0 0.0 0.0 0.0 0.0 0.0 0.0 0.0 0.0 0.061 0.673 0.939 0.737 1.0 0.125 0.030 1.000
1.0 0.0 0.0 0.0 0.0 0.0 0.0 0.0 0.0 0.0 0.061 0.816 0.816 0.816 1.0 0.125 0.030 0.040
1.0 0.0 0.0 0.0 0.0 0.0 0.0 0.0 0.0 0.0 0.061 0.673 0.939 0.737 1.0 0.125 0.030 1.000
1.0 0.0 0.0 0.0 0.0 0.0 0.0 0.0 0.0 0.0 0.061 0.796 0.796 0.796 1.0 0.125 0.030 0.040
1.0 0.0 0.0 0.0 0.0 0.0 0.0 0.0 0.0 0.0 0.061 0.673 0.939 0.737 1.0 0.125 0.030 1.000
1.0 0.0 0.0 0.0 0.0 0.0 0.0 0.0 0.0 0.0 0.061 0.673 0.939 0.737 1.0 0.125 0.030 1.000
1.0 0.0 0.0 0.0 0.0 0.0 0.0 0.0 0.0 0.0 0.061 0.816 0.816 0.816 1.0 0.125 0.030 0.040
1.0 0.0 0.0 0.0 0.0 0.0 0.0 0.0 0.0 0.0 0.061 0.673 0.939 0.737 1.0 0.125 0.030 1.000
1.0 0.0 0.0 0.0 0.0 0.0 0.0 0.0 0.0 0.0 0.061 0.673 0.939 0.737 1.0 0.125 0.030 1.000
0.0 1.0 0.0 0.0 0.0 0.0 0.0 0.0 0.0 0.0 0.102 0.633 0.898 0.696 1.0 0.097 0.061 1.000
0.0 0.0 1.0 0.0 0.0 0.0 0.0 0.0 0.0 0.0 0.082 0.653 0.918 0.717 2.0 0.111 0.061 1.000
0.0 0.0 0.0 1.0 0.0 0.0 0.0 0.0 0.0 0.0 0.082 0.653 0.918 0.717 2.0 0.125 0.061 1.000
0.0 1.0 0.0 0.0 0.0 0.0 0.0 0.0 0.0 0.0 0.102 0.755 0.755 0.755 1.0 0.097 0.061 0.040
0.0 0.0 1.0 0.0 0.0 0.0 0.0 0.0 0.0 0.0 0.082 0.776 0.776 0.776 2.0 0.111 0.061 0.040
0.0 0.0 0.0 1.0 0.0 0.0 0.0 0.0 0.0 0.0 0.082 0.776 0.776 0.776 2.0 0.125 0.061 0.040
0.0 0.0 0.0 1.0 0.0 0.0 0.0 0.0 0.0 0.0 0.082 0.653 0.918 0.717 2.0 0.139 0.121 1.000
0.0 0.0 0.0 1.0 0.0 0.0 0.0 0.0 0.0 0.0 0.082 0.653 0.918 0.717 2.0 0.125 0.121 1.000
0.0 0.0 0.0 1.0 0.0 0.0 0.0 0.0 0.0 0.0 0.082 0.653 0.918 0.717 2.0 0.139 0.061 1.000
0.0 0.0 0.0 1.0 0.0 0.0 0.0 0.0 0.0 0.0 0.082 0.653 0.918 0.717 2.0 0.139 0.061 1.000
0.0 0.0 0.0 1.0 0.0 0.0 0.0 0.0 0.0 0.0 0.082 0.653 0.918 0.717 2.0 0.139 0.121 1.000
0.0 0.0 0.0 1.0 0.0 0.0 0.0 0.0 0.0 0.0 0.082 0.653 0.918 0.717 2.0 0.153 0.121 1.000
0.0 0.0 0.0 1.0 0.0 0.0 0.0 0.0 0.0 0.0 0.082 0.653 0.918 0.717 2.0 0.139 0.061 1.000
0.0 1.0 0.0 0.0 0.0 0.0 0.0 0.0 0.0 0.0 0.102 0.633 0.898 0.696 1.0 0.111 0.061 1.000
0.0 0.0 0.0 1.0 0.0 0.0 0.0 0.0 0.0 0.0 0.082 0.653 0.918 0.717 2.0 0.111 0.061 1.000
0.0 0.0 0.0 1.0 0.0 0.0 0.0 0.0 0.0 0.0 0.082 0.653 0.918 0.717 2.0 0.139 0.061 1.000
0.0 0.0 0.0 1.0 0.0 0.0 0.0 0.0 0.0 0.0 0.082 0.653 0.918 0.717 2.0 0.139 0.061 1.000
0.0 0.0 0.0 1.0 0.0 0.0 0.0 0.0 0.0 0.0 0.082 0.653 0.918 0.717 2.0 0.139 0.061 1.000
0.0 0.0 0.0 1.0 0.0 0.0 0.0 0.0 0.0 0.0 0.082 0.653 0.918 0.717 2.0 0.139 0.061 1.000
0.0 1.0 0.0 0.0 0.0 0.0 0.0 0.0 0.0 0.0 0.082 0.653 0.918 0.717 1.0 0.097 0.030 1.000
0.0 1.0 0.0 0.0 0.0 0.0 0.0 0.0 0.0 0.0 0.082 0.653 0.918 0.717 1.0 0.097 0.030 1.000
0.0 0.0 0.0 1.0 0.0 0.0 0.0 0.0 0.0 0.0 0.122 0.612 0.878 0.676 2.0 0.125 0.061 1.000
0.0 1.0 0.0 0.0 0.0 0.0 0.0 0.0 0.0 0.0 0.082 0.653 0.918 0.717 1.0 0.097 0.030 1.000
0.0 1.0 0.0 0.0 0.0 0.0 0.0 0.0 0.0 0.0 0.082 0.653 0.918 0.717 1.0 0.097 0.030 1.000
0.0 1.0 0.0 0.0 0.0 0.0 0.0 0.0 0.0 0.0 0.082 0.653 0.918 0.717 1.0 0.097 0.030 1.000
0.0 1.0 0.0 0.0 0.0 0.0 0.0 0.0 0.0 0.0 0.082 0.653 0.918 0.717 1.0 0.097 0.030 1.000
0.0 1.0 0.0 0.0 0.0 0.0 0.0 0.0 0.0 0.0 0.082 0.653 0.918 0.717 1.0 0.097 0.061 1.000
0.0 1.0 0.0 0.0 0.0 0.0 0.0 0.0 0.0 0.0 0.082 0.653 0.918 0.717 1.0 0.097 0.030 1.000
0.0 1.0 0.0 0.0 0.0 0.0 0.0 0.0 0.0 0.0 0.082 0.796 0.796 0.796 1.0 0.097 0.061 0.040
0.0 1.0 0.0 0.0 0.0 0.0 0.0 0.0 0.0 0.0 0.143 0.714 0.714 0.714 1.0 0.097 0.061 0.040
0.0 0.0 0.0 1.0 0.0 0.0 0.0 0.0 0.0 0.0 0.122 0.735 0.735 0.735 2.0 0.111 0.061 0.040
0.0 1.0 0.0 0.0 0.0 0.0 0.0 0.0 0.0 0.0 0.082 0.653 0.918 0.717 1.0 0.097 0.091 1.000
0.0 0.0 0.0 1.0 0.0 0.0 0.0 0.0 0.0 0.0 0.082 0.653 0.918 0.717 2.0 0.125 0.121 1.000
0.0 1.0 0.0 0.0 0.0 0.0 0.0 0.0 0.0 0.0 0.082 0.653 0.918 0.717 1.0 0.097 0.030 1.000
0.0 0.0 0.0 1.0 0.0 0.0 0.0 0.0 0.0 0.0 0.102 0.633 0.898 0.696 2.0 0.139 0.121 1.000
0.0 1.0 0.0 0.0 0.0 0.0 0.0 0.0 0.0 0.0 0.102 0.714 0.714 0.714 1.0 0.111 0.091 0.040
1.0 0.0 0.0 0.0 0.0 0.0 0.0 0.0 0.0 0.0 0.102 0.633 0.898 0.696 1.0 0.347 0.091 1.000
0.0 1.0 0.0 0.0 0.0 0.0 0.0 0.0 0.0 0.0 0.102 0.714 0.714 0.714 1.0 0.111 0.091 0.040
1.0 0.0 0.0 0.0 0.0 0.0 0.0 0.0 0.0 0.0 0.102 0.633 0.898 0.696 1.0 0.375 0.091 1.000
0.0 0.0 0.0 1.0 0.0 0.0 0.0 0.0 0.0 0.0 0.082 0.653 0.918 0.739 2.0 1.000 0.182 0.640
0.0 0.0 0.0 1.0 0.0 0.0 0.0 0.0 0.0 0.0 0.082 0.653 0.918 0.736 2.0 0.972 0.182 0.640
0.0 1.0 0.0 0.0 0.0 0.0 0.0 0.0 0.0 0.0 0.082 0.653 0.918 0.717 1.0 0.097 0.030 1.000
0.0 0.0 0.0 1.0 0.0 0.0 0.0 0.0 0.0 0.0 0.082 0.653 0.918 0.717 2.0 0.139 0.061 1.000
0.0 1.0 0.0 0.0 0.0 0.0 0.0 0.0 0.0 0.0 0.082 0.653 0.918 0.717 1.0 0.097 0.030 1.000
0.0 0.0 0.0 1.0 0.0 0.0 0.0 0.0 0.0 0.0 0.082 0.653 0.918 0.717 2.0 0.139 0.061 1.000
0.0 1.0 0.0 0.0 0.0 0.0 0.0 0.0 0.0 0.0 0.082 0.653 0.918 0.717 1.0 0.097 0.030 1.000
0.0 0.0 0.0 1.0 0.0 0.0 0.0 0.0 0.0 0.0 0.082 0.653 0.918 0.717 2.0 0.125 0.061 1.000
0.0 1.0 0.0 0.0 0.0 0.0 0.0 0.0 0.0 0.0 0.082 0.653 0.918 0.717 1.0 0.097 0.030 1.000
0.0 1.0 0.0 0.0 0.0 0.0 0.0 0.0 0.0 0.0 0.102 0.633 0.898 0.696 1.0 0.111 0.061 1.000
0.0 0.0 1.0 0.0 0.0 0.0 0.0 0.0 0.0 0.0 0.082 0.653 0.918 0.717 2.0 0.111 0.061 1.000
0.0 1.0 0.0 0.0 0.0 0.0 0.0 0.0 0.0 0.0 0.082 0.653 0.918 0.717 1.0 0.097 0.030 1.000
0.0 0.0 0.0 1.0 0.0 0.0 0.0 0.0 0.0 0.0 0.082 0.653 0.918 0.717 2.0 0.139 0.061 1.000
0.0 1.0 0.0 0.0 0.0 0.0 0.0 0.0 0.0 0.0 0.082 0.653 0.918 0.717 1.0 0.097 0.030 1.000
0.0 0.0 0.0 1.0 0.0 0.0 0.0 0.0 0.0 0.0 0.082 0.653 0.918 0.717 2.0 0.139 0.061 1.000
0.0 1.0 0.0 0.0 0.0 0.0 0.0 0.0 0.0 0.0 0.082 0.796 0.796 0.796 1.0 0.097 0.030 0.040
0.0 1.0 0.0 0.0 0.0 0.0 0.0 0.0 0.0 0.0 0.082 0.796 0.796 0.796 1.0 0.097 0.061 0.040
0.0 1.0 0.0 0.0 0.0 0.0 0.0 0.0 0.0 0.0 0.082 0.653 0.918 0.717 1.0 0.097 0.030 1.000
0.0 1.0 0.0 0.0 0.0 0.0 0.0 0.0 0.0 0.0 0.082 0.776 0.776 0.776 1.0 0.097 0.030 0.040
0.0 0.0 0.0 1.0 0.0 0.0 0.0 0.0 0.0 0.0 0.082 0.776 0.776 0.776 2.0 0.139 0.061 0.040
0.0 1.0 0.0 0.0 0.0 0.0 0.0 0.0 0.0 0.0 0.082 0.776 0.776 0.776 1.0 0.097 0.030 0.040
0.0 1.0 0.0 0.0 0.0 0.0 0.0 0.0 0.0 0.0 0.082 0.653 0.918 0.717 1.0 0.097 0.030 1.000
0.0 0.0 0.0 1.0 0.0 0.0 0.0 0.0 0.0 0.0 0.082 0.653 0.918 0.717 2.0 0.125 0.061 1.000
0.0 1.0 0.0 0.0 0.0 0.0 0.0 0.0 0.0 0.0 0.082 0.653 0.918 0.717 1.0 0.097 0.030 1.000
0.0 0.0 0.0 1.0 0.0 0.0 0.0 0.0 0.0 0.0 0.082 0.653 0.918 0.717 2.0 0.139 0.061 1.000
0.0 1.0 0.0 0.0 0.0 0.0 0.0 0.0 0.0 0.0 0.082 0.653 0.918 0.717 1.0 0.097 0.061 1.000
0.0 1.0 0.0 0.0 0.0 0.0 0.0 0.0 0.0 0.0 0.082 0.796 0.796 0.796 1.0 0.097 0.030 0.040
0.0 0.0 0.0 1.0 0.0 0.0 0.0 0.0 0.0 0.0 0.082 0.796 0.796 0.796 2.0 0.139 0.061 0.040
0.0 1.0 0.0 0.0 0.0 0.0 0.0 0.0 0.0 0.0 0.082 0.918 0.918 0.918 1.0 0.097 0.091 0.040
0.0 0.0 0.0 1.0 0.0 0.0 0.0 0.0 0.0 0.0 0.082 0.918 0.918 0.918 2.0 0.139 0.121 0.040
0.0 0.0 0.0 1.0 0.0 0.0 0.0 0.0 0.0 0.0 0.102 0.633 0.898 0.696 2.0 0.167 0.061 1.000
0.0 0.0 0.0 1.0 0.0 0.0 0.0 0.0 0.0 0.0 0.102 0.633 0.898 0.696 2.0 0.167 0.121 1.000
0.0 1.0 0.0 0.0 0.0 0.0 0.0 0.0 0.0 0.0 0.082 0.653 0.918 0.717 1.0 0.097 0.030 1.000
0.0 0.0 0.0 1.0 0.0 0.0 0.0 0.0 0.0 0.0 0.082 0.653 0.918 0.717 2.0 0.139 0.061 1.000
0.0 1.0 0.0 0.0 0.0 0.0 0.0 0.0 0.0 0.0 0.082 0.653 0.918 0.717 1.0 0.097 0.030 1.000
0.0 1.0 0.0 0.0 0.0 0.0 0.0 0.0 0.0 0.0 0.082 0.653 0.918 0.717 1.0 0.097 0.030 1.000
0.0 0.0 0.0 1.0 0.0 0.0 0.0 0.0 0.0 0.0 0.082 0.653 0.918 0.717 2.0 0.139 0.061 1.000
0.0 0.0 0.0 1.0 0.0 0.0 0.0 0.0 0.0 0.0 0.122 0.612 0.878 0.676 2.0 0.153 0.061 1.000
0.0 0.0 0.0 1.0 0.0 0.0 0.0 0.0 0.0 0.0 0.102 0.633 0.898 0.696 2.0 0.167 0.061 1.000
0.0 0.0 0.0 1.0 0.0 0.0 0.0 0.0 0.0 0.0 0.102 0.633 0.898 0.696 2.0 0.167 0.061 1.000
1.0 0.0 0.0 0.0 0.0 0.0 0.0 0.0 0.0 0.0 0.102 0.633 0.898 0.696 1.0 0.125 0.091 1.000
1.0 0.0 0.0 0.0 0.0 0.0 0.0 0.0 0.0 0.0 0.102 0.714 0.714 0.714 1.0 0.125 0.091 0.040
1.0 0.0 0.0 0.0 0.0 0.0 0.0 0.0 0.0 0.0 0.122 0.612 0.878 0.676 1.0 0.125 0.091 1.000
1.0 0.0 0.0 0.0 0.0 0.0 0.0 0.0 0.0 0.0 0.122 0.694 0.694 0.694 1.0 0.125 0.091 0.040
0.0 1.0 0.0 0.0 0.0 0.0 0.0 0.0 0.0 0.0 0.143 0.592 0.857 0.656 1.0 0.139 0.061 1.000
0.0 0.0 0.0 1.0 0.0 0.0 0.0 0.0 0.0 0.0 0.102 0.633 0.898 0.696 2.0 0.125 0.121 1.000
0.0 0.0 0.0 1.0 0.0 0.0 0.0 0.0 0.0 0.0 0.102 0.633 0.898 0.696 2.0 0.139 0.061 1.000
0.0 0.0 0.0 1.0 0.0 0.0 0.0 0.0 0.0 0.0 0.102 0.633 0.898 0.696 2.0 0.139 0.061 1.000
0.0 0.0 0.0 1.0 0.0 0.0 0.0 0.0 0.0 0.0 0.102 0.633 0.898 0.696 2.0 0.125 0.061 1.000
0.0 0.0 0.0 1.0 0.0 0.0 0.0 0.0 0.0 0.0 0.102 0.633 0.898 0.696 2.0 0.139 0.061 1.000
0.0 0.0 0.0 1.0 0.0 0.0 0.0 0.0 0.0 0.0 0.102 0.633 0.898 0.696 2.0 0.139 0.061 1.000
0.0 0.0 0.0 1.0 0.0 0.0 0.0 0.0 0.0 0.0 0.102 0.633 0.898 0.696 2.0 0.139 0.061 1.000
0.0 0.0 0.0 1.0 0.0 0.0 0.0 0.0 0.0 0.0 0.102 0.755 0.755 0.755 2.0 0.139 0.061 0.040
0.0 1.0 0.0 0.0 0.0 0.0 0.0 0.0 0.0 0.0 0.122 0.612 0.878 0.676 1.0 0.097 0.061 1.000
0.0 0.0 0.0 1.0 0.0 0.0 0.0 0.0 0.0 0.0 0.102 0.633 0.898 0.696 2.0 0.111 0.061 1.000
0.0 0.0 0.0 1.0 0.0 0.0 0.0 0.0 0.0 0.0 0.102 0.633 0.898 0.696 2.0 0.139 0.061 1.000
0.0 0.0 0.0 1.0 0.0 0.0 0.0 0.0 0.0 0.0 0.102 0.776 0.776 0.776 2.0 0.139 0.061 0.040
0.0 1.0 0.0 0.0 0.0 0.0 0.0 0.0 0.0 0.0 0.163 0.694 0.694 0.694 1.0 0.111 0.061 0.040
0.0 0.0 0.0 1.0 0.0 0.0 0.0 0.0 0.0 0.0 0.102 0.898 0.898 0.898 2.0 0.139 0.121 0.040
0.0 0.0 0.0 1.0 0.0 0.0 0.0 0.0 0.0 0.0 0.102 0.633 0.898 0.696 2.0 0.139 0.061 1.000
0.0 0.0 0.0 1.0 0.0 0.0 0.0 0.0 0.0 0.0 0.102 0.633 0.898 0.696 2.0 0.139 0.061 1.000
0.0 1.0 0.0 0.0 0.0 0.0 0.0 0.0 0.0 0.0 0.122 0.612 0.878 0.676 1.0 0.125 0.121 1.000
0.0 0.0 0.0 1.0 0.0 0.0 0.0 0.0 0.0 0.0 0.122 0.612 0.878 0.676 2.0 0.139 0.121 1.000
0.0 0.0 0.0 1.0 0.0 0.0 0.0 0.0 0.0 0.0 0.122 0.612 0.878 0.676 2.0 0.139 0.091 1.000
0.0 1.0 0.0 0.0 0.0 0.0 0.0 0.0 0.0 0.0 0.122 0.612 0.878 0.676 1.0 0.111 0.061 1.000
0.0 1.0 0.0 0.0 0.0 0.0 0.0 0.0 0.0 0.0 0.122 0.694 0.694 0.694 1.0 0.097 0.091 0.040
0.0 1.0 0.0 0.0 0.0 0.0 0.0 0.0 0.0 0.0 0.122 0.612 0.878 0.676 1.0 0.097 0.091 1.000
0.0 1.0 0.0 0.0 0.0 0.0 0.0 0.0 0.0 0.0 0.143 0.673 0.673 0.673 1.0 0.097 0.091 0.040
0.0 1.0 0.0 0.0 0.0 0.0 0.0 0.0 0.0 0.0 0.143 0.592 0.857 0.656 1.0 0.097 0.091 1.000
0.0 0.0 0.0 1.0 0.0 0.0 0.0 0.0 0.0 0.0 0.122 0.612 0.878 0.676 2.0 0.167 0.061 1.000
0.0 0.0 0.0 1.0 0.0 0.0 0.0 0.0 0.0 0.0 0.122 0.612 0.878 0.676 2.0 0.167 0.061 1.000
0.0 1.0 0.0 0.0 0.0 0.0 0.0 0.0 0.0 0.0 0.143 0.592 0.857 0.656 1.0 0.125 0.061 1.000
0.0 0.0 0.0 1.0 0.0 0.0 0.0 0.0 0.0 0.0 0.122 0.612 0.878 0.676 2.0 0.139 0.061 1.000
0.0 0.0 0.0 1.0 0.0 0.0 0.0 0.0 0.0 0.0 0.122 0.612 0.878 0.676 2.0 0.153 0.061 1.000
0.0 0.0 0.0 1.0 0.0 0.0 0.0 0.0 0.0 0.0 0.122 0.612 0.878 0.676 2.0 0.167 0.061 1.000
0.0 0.0 0.0 1.0 0.0 0.0 0.0 0.0 0.0 0.0 0.122 0.612 0.878 0.676 2.0 0.167 0.061 1.000
0.0 0.0 0.0 1.0 0.0 0.0 0.0 0.0 0.0 0.0 0.122 0.735 0.735 0.735 2.0 0.167 0.061 0.040
0.0 1.0 0.0 0.0 0.0 0.0 0.0 0.0 0.0 0.0 0.163 0.571 0.837 0.635 1.0 0.125 0.061 1.000
0.0 0.0 0.0 1.0 0.0 0.0 0.0 0.0 0.0 0.0 0.143 0.592 0.857 0.656 2.0 0.125 0.061 1.000
0.0 0.0 0.0 1.0 0.0 0.0 0.0 0.0 0.0 0.0 0.122 0.612 0.878 0.676 2.0 0.167 0.061 1.000
0.0 0.0 0.0 1.0 0.0 0.0 0.0 0.0 0.0 0.0 0.122 0.755 0.755 0.755 2.0 0.167 0.061 0.040
0.0 0.0 0.0 1.0 0.0 0.0 0.0 0.0 0.0 0.0 0.122 0.878 0.878 0.878 2.0 0.167 0.121 0.040
0.0 1.0 0.0 0.0 0.0 0.0 0.0 0.0 0.0 0.0 0.122 0.612 0.878 0.676 1.0 0.111 0.061 1.000
0.0 0.0 0.0 1.0 0.0 0.0 0.0 0.0 0.0 0.0 0.122 0.612 0.878 0.676 2.0 0.153 0.091 1.000
0.0 1.0 0.0 0.0 0.0 0.0 0.0 0.0 0.0 0.0 0.122 0.612 0.878 0.676 1.0 0.111 0.121 1.000
0.0 0.0 0.0 1.0 0.0 0.0 0.0 0.0 0.0 0.0 0.122 0.612 0.878 0.676 2.0 0.139 0.152 1.000
0.0 0.0 0.0 1.0 0.0 0.0 0.0 0.0 0.0 0.0 0.122 0.612 0.878 0.676 2.0 0.167 0.061 1.000
0.0 0.0 0.0 1.0 0.0 0.0 0.0 0.0 0.0 0.0 0.122 0.612 0.878 0.676 2.0 0.167 0.061 1.000
0.0 1.0 0.0 0.0 0.0 0.0 0.0 0.0 0.0 0.0 0.143 0.592 0.857 0.656 1.0 0.111 0.061 1.000
0.0 0.0 0.0 1.0 0.0 0.0 0.0 0.0 0.0 0.0 0.143 0.592 0.857 0.656 2.0 0.153 0.091 1.000
0.0 1.0 0.0 0.0 0.0 0.0 0.0 0.0 0.0 0.0 0.122 0.612 0.878 0.676 1.0 0.111 0.061 1.000
0.0 0.0 0.0 1.0 0.0 0.0 0.0 0.0 0.0 0.0 0.122 0.612 0.878 0.676 2.0 0.153 0.091 1.000
0.0 1.0 0.0 0.0 0.0 0.0 0.0 0.0 0.0 0.0 0.184 0.673 0.673 0.673 1.0 0.097 0.061 0.040
0.0 1.0 0.0 0.0 0.0 0.0 0.0 0.0 0.0 0.0 0.163 0.571 0.837 0.635 1.0 0.097 0.091 1.000
0.0 0.0 1.0 0.0 0.0 0.0 0.0 0.0 0.0 0.0 0.143 0.592 0.857 0.656 2.0 0.111 0.091 1.000
0.0 1.0 0.0 0.0 0.0 0.0 0.0 0.0 0.0 0.0 0.143 0.592 0.857 0.656 1.0 0.097 0.121 1.000
1.0 0.0 0.0 0.0 0.0 0.0 0.0 0.0 0.0 0.0 0.163 0.571 0.837 0.635 1.0 0.125 0.061 1.000
1.0 0.0 0.0 0.0 0.0 0.0 0.0 0.0 0.0 0.0 0.163 0.755 0.755 0.755 1.0 0.125 0.061 0.040
0.0 0.0 0.0 1.0 0.0 0.0 0.0 0.0 0.0 0.0 0.143 0.592 0.857 0.656 2.0 0.139 0.091 1.000
0.0 0.0 0.0 1.0 0.0 0.0 0.0 0.0 0.0 0.0 0.143 0.592 0.857 0.656 2.0 0.125 0.152 1.000
0.0 0.0 0.0 1.0 0.0 0.0 0.0 0.0 0.0 0.0 0.163 0.571 0.837 0.635 2.0 0.139 0.091 1.000
0.0 0.0 0.0 1.0 0.0 0.0 0.0 0.0 0.0 0.0 0.143 0.592 0.857 0.656 2.0 0.139 0.091 1.000
0.0 1.0 0.0 0.0 0.0 0.0 0.0 0.0 0.0 0.0 0.143 0.592 0.857 0.656 1.0 0.125 0.121 1.000
0.0 0.0 0.0 1.0 0.0 0.0 0.0 0.0 0.0 0.0 0.143 0.592 0.857 0.656 2.0 0.139 0.091 1.000
0.0 1.0 0.0 0.0 0.0 0.0 0.0 0.0 0.0 0.0 0.143 0.592 0.857 0.656 1.0 0.111 0.061 1.000
0.0 0.0 0.0 1.0 0.0 0.0 0.0 0.0 0.0 0.0 0.143 0.592 0.857 0.656 2.0 0.139 0.091 1.000
0.0 1.0 0.0 0.0 0.0 0.0 0.0 0.0 0.0 0.0 0.143 0.592 0.857 0.656 1.0 0.111 0.061 1.000
0.0 1.0 0.0 0.0 0.0 0.0 0.0 0.0 0.0 0.0 0.184 0.551 0.816 0.615 1.0 0.111 0.091 1.000
0.0 0.0 0.0 1.0 0.0 0.0 0.0 0.0 0.0 0.0 0.163 0.571 0.837 0.635 2.0 0.111 0.091 1.000
0.0 1.0 0.0 0.0 0.0 0.0 0.0 0.0 0.0 0.0 0.163 0.571 0.837 0.635 1.0 0.097 0.061 1.000
0.0 0.0 0.0 1.0 0.0 0.0 0.0 0.0 0.0 0.0 0.143 0.592 0.857 0.656 2.0 0.139 0.091 1.000
0.0 1.0 0.0 0.0 0.0 0.0 0.0 0.0 0.0 0.0 0.143 0.592 0.857 0.656 1.0 0.111 0.061 1.000
0.0 0.0 0.0 1.0 0.0 0.0 0.0 0.0 0.0 0.0 0.143 0.592 0.857 0.656 2.0 0.139 0.091 1.000
0.0 1.0 0.0 0.0 0.0 0.0 0.0 0.0 0.0 0.0 0.143 0.592 0.857 0.656 1.0 0.111 0.061 1.000
0.0 0.0 0.0 1.0 0.0 0.0 0.0 0.0 0.0 0.0 0.143 0.592 0.857 0.656 2.0 0.167 0.091 1.000
0.0 1.0 0.0 0.0 0.0 0.0 0.0 0.0 0.0 0.0 0.143 0.592 0.857 0.656 1.0 0.111 0.061 1.000
0.0 1.0 0.0 0.0 0.0 0.0 0.0 0.0 0.0 0.0 0.204 0.531 0.796 0.594 1.0 0.097 0.091 1.000
0.0 0.0 0.0 1.0 0.0 0.0 0.0 0.0 0.0 0.0 0.184 0.551 0.816 0.615 2.0 0.111 0.091 1.000
0.0 1.0 0.0 0.0 0.0 0.0 0.0 0.0 0.0 0.0 0.184 0.551 0.816 0.615 1.0 0.097 0.061 1.000
0.0 0.0 0.0 1.0 0.0 0.0 0.0 0.0 0.0 0.0 0.143 0.735 0.735 0.735 2.0 0.139 0.121 0.040
0.0 1.0 0.0 0.0 0.0 0.0 0.0 0.0 0.0 0.0 0.143 0.735 0.735 0.735 1.0 0.111 0.061 0.040
0.0 1.0 0.0 0.0 0.0 0.0 0.0 0.0 0.0 0.0 0.143 0.857 0.857 0.857 1.0 0.111 0.121 0.040
0.0 0.0 0.0 1.0 0.0 0.0 0.0 0.0 0.0 0.0 0.143 0.592 0.857 0.656 2.0 0.139 0.091 1.000
0.0 1.0 0.0 0.0 0.0 0.0 0.0 0.0 0.0 0.0 0.143 0.592 0.857 0.656 1.0 0.111 0.061 1.000
0.0 0.0 0.0 1.0 0.0 0.0 0.0 0.0 0.0 0.0 0.184 0.551 0.816 0.615 2.0 0.125 0.091 1.000
0.0 1.0 0.0 0.0 0.0 0.0 0.0 0.0 0.0 0.0 0.143 0.714 0.714 0.714 1.0 0.111 0.061 0.040
0.0 0.0 0.0 1.0 0.0 0.0 0.0 0.0 0.0 0.0 0.143 0.714 0.714 0.714 2.0 0.153 0.091 0.040
0.0 1.0 0.0 0.0 0.0 0.0 0.0 0.0 0.0 0.0 0.143 0.592 0.857 0.656 1.0 0.111 0.061 1.000
0.0 0.0 0.0 1.0 0.0 0.0 0.0 0.0 0.0 0.0 0.143 0.592 0.857 0.656 2.0 0.153 0.121 1.000
0.0 0.0 0.0 1.0 0.0 0.0 0.0 0.0 0.0 0.0 0.163 0.571 0.837 0.635 2.0 0.167 0.091 1.000
0.0 1.0 0.0 0.0 0.0 0.0 0.0 0.0 0.0 0.0 0.143 0.592 0.857 0.656 1.0 0.111 0.061 1.000
0.0 0.0 0.0 1.0 0.0 0.0 0.0 0.0 0.0 0.0 0.143 0.592 0.857 0.656 2.0 0.153 0.091 1.000
0.0 1.0 0.0 0.0 0.0 0.0 0.0 0.0 0.0 0.0 0.184 0.551 0.816 0.615 1.0 0.125 0.152 1.000
0.0 0.0 0.0 1.0 0.0 0.0 0.0 0.0 0.0 0.0 0.163 0.571 0.837 0.635 2.0 0.139 0.152 1.000
0.0 0.0 0.0 1.0 0.0 0.0 0.0 0.0 0.0 0.0 0.163 0.571 0.837 0.635 2.0 0.167 0.091 1.000
0.0 0.0 0.0 1.0 0.0 0.0 0.0 0.0 0.0 0.0 0.184 0.551 0.816 0.615 2.0 0.167 0.091 1.000
0.0 0.0 0.0 1.0 0.0 0.0 0.0 0.0 0.0 0.0 0.163 0.571 0.837 0.635 2.0 0.125 0.091 1.000
0.0 0.0 0.0 1.0 0.0 0.0 0.0 0.0 0.0 0.0 0.163 0.571 0.837 0.635 2.0 0.125 0.091 1.000
0.0 0.0 0.0 1.0 0.0 0.0 0.0 0.0 0.0 0.0 0.184 0.551 0.816 0.615 2.0 0.139 0.091 1.000
0.0 1.0 0.0 0.0 0.0 0.0 0.0 0.0 0.0 0.0 0.184 0.735 0.735 0.735 1.0 0.097 0.061 0.040
0.0 1.0 0.0 0.0 0.0 0.0 0.0 0.0 0.0 0.0 0.184 0.551 0.816 0.615 1.0 0.097 0.061 1.000
0.0 0.0 0.0 1.0 0.0 0.0 0.0 0.0 0.0 0.0 0.163 0.571 0.837 0.635 2.0 0.125 0.091 1.000
0.0 0.0 0.0 1.0 0.0 0.0 0.0 0.0 0.0 0.0 0.163 0.571 0.837 0.635 2.0 0.125 0.091 1.000
0.0 0.0 0.0 1.0 0.0 0.0 0.0 0.0 0.0 0.0 0.163 0.571 0.837 0.635 2.0 0.153 0.091 1.000
0.0 0.0 0.0 1.0 0.0 0.0 0.0 0.0 0.0 0.0 0.204 0.531 0.796 0.594 2.0 0.125 0.091 1.000
0.0 1.0 0.0 0.0 0.0 0.0 0.0 0.0 0.0 0.0 0.184 0.694 0.694 0.694 1.0 0.097 0.121 0.040
0.0 0.0 1.0 0.0 0.0 0.0 0.0 0.0 0.0 0.0 0.163 0.714 0.714 0.714 2.0 0.111 0.121 0.040
0.0 0.0 0.0 1.0 0.0 0.0 0.0 0.0 0.0 0.0 0.163 0.571 0.837 0.635 2.0 0.125 0.091 1.000
0.0 1.0 0.0 0.0 0.0 0.0 0.0 0.0 0.0 0.0 0.163 0.571 0.837 0.635 1.0 0.097 0.121 1.000
0.0 0.0 0.0 1.0 0.0 0.0 0.0 0.0 0.0 0.0 0.163 0.694 0.694 0.694 2.0 0.139 0.091 0.040
0.0 0.0 0.0 1.0 0.0 0.0 0.0 0.0 0.0 0.0 0.163 0.571 0.837 0.635 2.0 0.139 0.121 1.000
0.0 0.0 0.0 1.0 0.0 0.0 0.0 0.0 0.0 0.0 0.163 0.571 0.837 0.635 2.0 0.139 0.091 1.000
0.0 1.0 0.0 0.0 0.0 0.0 0.0 0.0 0.0 0.0 0.204 0.531 0.796 0.594 1.0 0.125 0.091 1.000
0.0 1.0 0.0 0.0 0.0 0.0 0.0 0.0 0.0 0.0 0.204 0.531 0.796 0.594 1.0 0.097 0.091 1.000
0.0 0.0 1.0 0.0 0.0 0.0 0.0 0.0 0.0 0.0 0.184 0.551 0.816 0.615 2.0 0.125 0.091 1.000
0.0 1.0 0.0 0.0 0.0 0.0 0.0 0.0 0.0 0.0 0.204 0.531 0.796 0.594 1.0 0.139 0.091 1.000
0.0 0.0 1.0 0.0 0.0 0.0 0.0 0.0 0.0 0.0 0.184 0.551 0.816 0.615 2.0 0.139 0.091 1.000
0.0 0.0 0.0 1.0 0.0 0.0 0.0 0.0 0.0 0.0 0.204 0.531 0.796 0.594 2.0 0.167 0.091 1.000
0.0 0.0 0.0 1.0 0.0 0.0 0.0 0.0 0.0 0.0 0.184 0.551 0.816 0.615 2.0 0.139 0.091 1.000
0.0 0.0 0.0 1.0 0.0 0.0 0.0 0.0 0.0 0.0 0.184 0.551 0.816 0.615 2.0 0.139 0.091 1.000
0.0 0.0 0.0 1.0 0.0 0.0 0.0 0.0 0.0 0.0 0.184 0.551 0.816 0.615 2.0 0.222 0.091 1.000
0.0 0.0 0.0 1.0 0.0 0.0 0.0 0.0 0.0 0.0 0.224 0.510 0.776 0.574 2.0 0.139 0.091 1.000
0.0 0.0 0.0 1.0 0.0 0.0 0.0 0.0 0.0 0.0 0.204 0.673 0.673 0.673 2.0 0.125 0.121 0.040
0.0 1.0 0.0 0.0 0.0 0.0 0.0 0.0 0.0 0.0 0.184 0.551 0.816 0.615 1.0 0.111 0.091 1.000
0.0 1.0 0.0 0.0 0.0 0.0 0.0 0.0 0.0 0.0 0.204 0.531 0.796 0.594 1.0 0.097 0.091 1.000
0.0 0.0 1.0 0.0 0.0 0.0 0.0 0.0 0.0 0.0 0.184 0.551 0.816 0.615 2.0 0.125 0.091 1.000
0.0 1.0 0.0 0.0 0.0 0.0 0.0 0.0 0.0 0.0 0.204 0.531 0.796 0.594 1.0 0.097 0.152 1.000
0.0 1.0 0.0 0.0 0.0 0.0 0.0 0.0 0.0 0.0 0.184 0.551 0.816 0.615 1.0 0.111 0.091 1.000
0.0 1.0 0.0 0.0 0.0 0.0 0.0 0.0 0.0 0.0 0.204 0.531 0.796 0.594 1.0 0.111 0.091 1.000
0.0 0.0 0.0 1.0 0.0 0.0 0.0 0.0 0.0 0.0 0.184 0.551 0.816 0.615 2.0 0.167 0.121 1.000
0.0 0.0 0.0 1.0 0.0 0.0 0.0 0.0 0.0 0.0 0.184 0.673 0.673 0.673 2.0 0.167 0.091 0.040
0.0 0.0 0.0 1.0 0.0 0.0 0.0 0.0 0.0 0.0 0.184 0.551 0.816 0.615 2.0 0.167 0.091 1.000
0.0 1.0 0.0 0.0 0.0 0.0 0.0 0.0 0.0 0.0 0.224 0.510 0.776 0.574 1.0 0.125 0.091 1.000
0.0 1.0 0.0 0.0 0.0 0.0 0.0 0.0 0.0 0.0 0.204 0.531 0.796 0.594 1.0 0.139 0.091 1.000
0.0 1.0 0.0 0.0 0.0 0.0 0.0 0.0 0.0 0.0 0.245 0.490 0.755 0.553 1.0 0.181 0.091 1.000
0.0 1.0 0.0 0.0 0.0 0.0 0.0 0.0 0.0 0.0 0.204 0.531 0.796 0.594 1.0 0.139 0.091 1.000
0.0 1.0 0.0 0.0 0.0 0.0 0.0 0.0 0.0 0.0 0.224 0.510 0.776 0.574 1.0 0.111 0.182 1.000
0.0 0.0 1.0 0.0 0.0 0.0 0.0 0.0 0.0 0.0 0.204 0.531 0.796 0.594 2.0 0.125 0.182 1.000
0.0 0.0 0.0 1.0 0.0 0.0 0.0 0.0 0.0 0.0 0.224 0.510 0.776 0.574 2.0 0.153 0.182 1.000
0.0 1.0 0.0 0.0 0.0 0.0 0.0 0.0 0.0 0.0 0.224 0.510 0.776 0.574 1.0 0.097 0.091 1.000
0.0 1.0 0.0 0.0 0.0 0.0 0.0 0.0 0.0 0.0 0.224 0.653 0.653 0.653 1.0 0.125 0.121 0.040
0.0 1.0 0.0 0.0 0.0 0.0 0.0 0.0 0.0 0.0 0.224 0.510 0.776 0.574 1.0 0.111 0.091 1.000
1.0 0.0 0.0 0.0 0.0 0.0 0.0 0.0 0.0 0.0 0.204 0.531 0.796 0.594 1.0 0.167 0.091 1.000
0.0 1.0 0.0 0.0 0.0 0.0 0.0 0.0 0.0 0.0 0.204 0.531 0.796 0.594 1.0 0.111 0.121 1.000
0.0 1.0 0.0 0.0 0.0 0.0 0.0 0.0 0.0 0.0 0.204 0.653 0.653 0.653 1.0 0.111 0.091 0.040
0.0 0.0 0.0 1.0 0.0 0.0 0.0 0.0 0.0 0.0 0.224 0.510 0.776 0.574 2.0 0.139 0.242 1.000
0.0 1.0 0.0 0.0 0.0 0.0 0.0 0.0 0.0 0.0 0.204 0.531 0.796 0.594 1.0 0.111 0.091 1.000
0.0 0.0 0.0 1.0 0.0 0.0 0.0 0.0 0.0 0.0 0.245 0.490 0.755 0.553 2.0 0.153 0.182 1.000
1.0 0.0 0.0 0.0 0.0 0.0 0.0 0.0 0.0 0.0 0.224 0.510 0.776 0.574 1.0 0.139 0.091 1.000
1.0 0.0 0.0 0.0 0.0 0.0 0.0 0.0 0.0 0.0 0.224 0.694 0.694 0.694 1.0 0.139 0.091 0.040
1.0 0.0 0.0 0.0 0.0 0.0 0.0 0.0 0.0 0.0 0.204 0.673 0.673 0.673 1.0 0.153 0.091 0.040
1.0 0.0 0.0 0.0 0.0 0.0 0.0 0.0 0.0 0.0 0.204 0.531 0.796 0.594 1.0 0.153 0.091 1.000
1.0 0.0 0.0 0.0 0.0 0.0 0.0 0.0 0.0 0.0 0.224 0.653 0.653 0.653 1.0 0.125 0.091 0.040
1.0 0.0 0.0 0.0 0.0 0.0 0.0 0.0 0.0 0.0 0.224 0.510 0.776 0.574 1.0 0.125 0.091 1.000
1.0 0.0 0.0 0.0 0.0 0.0 0.0 0.0 0.0 0.0 0.265 0.469 0.735 0.533 1.0 0.153 0.091 1.000
1.0 0.0 0.0 0.0 0.0 0.0 0.0 0.0 0.0 0.0 0.224 0.510 0.776 0.574 1.0 0.139 0.091 1.000
0.0 1.0 0.0 0.0 0.0 0.0 0.0 0.0 0.0 0.0 0.245 0.633 0.633 0.633 1.0 0.097 0.121 0.040
0.0 0.0 0.0 1.0 0.0 0.0 0.0 0.0 0.0 0.0 0.224 0.510 0.776 0.574 2.0 0.125 0.242 1.000
0.0 0.0 0.0 1.0 0.0 0.0 0.0 0.0 0.0 0.0 0.245 0.490 0.755 0.553 2.0 0.125 0.182 1.000
0.0 1.0 0.0 0.0 0.0 0.0 0.0 0.0 0.0 0.0 0.245 0.490 0.755 0.553 1.0 0.097 0.091 1.000
1.0 0.0 0.0 0.0 0.0 0.0 0.0 0.0 0.0 0.0 0.224 0.776 0.776 0.776 1.0 0.125 0.091 0.040
1.0 0.0 0.0 0.0 0.0 0.0 0.0 0.0 0.0 0.0 0.224 0.510 0.776 0.574 1.0 0.125 0.091 1.000
1.0 0.0 0.0 0.0 0.0 0.0 0.0 0.0 0.0 0.0 0.245 0.490 0.755 0.553 1.0 0.125 0.091 1.000
1.0 0.0 0.0 0.0 0.0 0.0 0.0 0.0 0.0 0.0 0.245 0.673 0.673 0.673 1.0 0.125 0.091 0.040
1.0 0.0 0.0 0.0 0.0 0.0 0.0 0.0 0.0 0.0 0.224 0.633 0.633 0.633 1.0 0.125 0.091 0.040
1.0 0.0 0.0 0.0 0.0 0.0 0.0 0.0 0.0 0.0 0.265 0.735 0.735 0.735 1.0 0.139 0.091 0.040
1.0 0.0 0.0 0.0 0.0 0.0 0.0 0.0 0.0 0.0 0.265 0.469 0.735 0.533 1.0 0.139 0.091 1.000
0.0 0.0 0.0 1.0 0.0 0.0 0.0 0.0 0.0 0.0 0.265 0.469 0.735 0.533 2.0 0.153 0.273 1.000
0.0 1.0 0.0 0.0 0.0 0.0 0.0 0.0 0.0 0.0 0.265 0.469 0.735 0.533 1.0 0.111 0.182 1.000
0.0 1.0 0.0 0.0 0.0 0.0 0.0 0.0 0.0 0.0 0.245 0.490 0.755 0.553 1.0 0.097 0.091 1.000
0.0 1.0 0.0 0.0 0.0 0.0 0.0 0.0 0.0 0.0 0.245 0.673 0.673 0.673 1.0 0.097 0.091 0.040
0.0 0.0 0.0 1.0 0.0 0.0 0.0 0.0 0.0 0.0 0.224 0.653 0.653 0.653 2.0 0.125 0.121 0.040
0.0 1.0 0.0 0.0 0.0 0.0 0.0 0.0 0.0 0.0 0.224 0.653 0.653 0.653 1.0 0.097 0.091 0.040
0.0 0.0 0.0 1.0 0.0 0.0 0.0 0.0 0.0 0.0 0.224 0.510 0.776 0.574 2.0 0.139 0.121 1.000
0.0 1.0 0.0 0.0 0.0 0.0 0.0 0.0 0.0 0.0 0.224 0.510 0.776 0.574 1.0 0.097 0.091 1.000
0.0 1.0 0.0 0.0 0.0 0.0 0.0 0.0 0.0 0.0 0.245 0.633 0.633 0.633 1.0 0.097 0.091 0.040
0.0 1.0 0.0 0.0 0.0 0.0 0.0 0.0 0.0 0.0 0.245 0.490 0.755 0.553 1.0 0.097 0.091 1.000
0.0 1.0 0.0 0.0 0.0 0.0 0.0 0.0 0.0 0.0 0.265 0.469 0.735 0.533 1.0 0.125 0.242 1.000
0.0 0.0 0.0 1.0 0.0 0.0 0.0 0.0 0.0 0.0 0.245 0.490 0.755 0.553 2.0 0.139 0.242 1.000
0.0 0.0 0.0 1.0 0.0 0.0 0.0 0.0 0.0 0.0 0.265 0.469 0.735 0.533 2.0 0.125 0.182 1.000
1.0 0.0 0.0 0.0 0.0 0.0 0.0 0.0 0.0 0.0 0.224 0.776 0.776 0.776 1.0 0.125 0.091 0.040
1.0 0.0 0.0 0.0 0.0 0.0 0.0 0.0 0.0 0.0 0.224 0.510 0.776 0.574 1.0 0.125 0.091 1.000
0.0 0.0 0.0 1.0 0.0 0.0 0.0 0.0 0.0 0.0 0.286 0.449 0.714 0.513 2.0 0.153 0.273 1.000
0.0 1.0 0.0 0.0 0.0 0.0 0.0 0.0 0.0 0.0 0.245 0.490 0.755 0.553 1.0 0.097 0.091 1.000
0.0 0.0 0.0 1.0 0.0 0.0 0.0 0.0 0.0 0.0 0.265 0.469 0.735 0.533 2.0 0.139 0.182 1.000
0.0 1.0 0.0 0.0 0.0 0.0 0.0 0.0 0.0 0.0 0.265 0.469 0.735 0.533 1.0 0.097 0.091 1.000
0.0 0.0 0.0 1.0 0.0 0.0 0.0 0.0 0.0 0.0 0.265 0.653 0.653 0.653 2.0 0.125 0.182 0.040
0.0 1.0 0.0 0.0 0.0 0.0 0.0 0.0 0.0 0.0 0.265 0.653 0.653 0.653 1.0 0.097 0.091 0.040
0.0 0.0 0.0 1.0 0.0 0.0 0.0 0.0 0.0 0.0 0.245 0.633 0.633 0.633 2.0 0.125 0.121 0.040
0.0 0.0 0.0 1.0 0.0 0.0 0.0 0.0 0.0 0.0 0.245 0.490 0.755 0.553 2.0 0.139 0.121 1.000
1.0 0.0 0.0 0.0 0.0 0.0 0.0 0.0 0.0 0.0 0.286 0.592 0.592 0.592 1.0 0.125 0.091 0.040
1.0 0.0 0.0 0.0 0.0 0.0 0.0 0.0 0.0 0.0 0.286 0.449 0.714 0.513 1.0 0.125 0.091 1.000
0.0 0.0 0.0 1.0 0.0 0.0 0.0 0.0 0.0 0.0 0.245 0.612 0.612 0.612 2.0 0.139 0.182 0.040
0.0 1.0 0.0 0.0 0.0 0.0 0.0 0.0 0.0 0.0 0.245 0.612 0.612 0.612 1.0 0.097 0.091 0.040
0.0 1.0 0.0 0.0 0.0 0.0 0.0 0.0 0.0 0.0 0.306 0.429 0.694 0.492 1.0 0.125 0.182 1.000
0.0 0.0 0.0 1.0 0.0 0.0 0.0 0.0 0.0 0.0 0.286 0.449 0.714 0.513 2.0 0.139 0.182 1.000
0.0 1.0 0.0 0.0 0.0 0.0 0.0 0.0 0.0 0.0 0.286 0.714 0.714 0.714 1.0 0.097 0.091 0.040
0.0 1.0 0.0 0.0 0.0 0.0 0.0 0.0 0.0 0.0 0.245 0.755 0.755 0.755 1.0 0.097 0.091 0.040
0.0 1.0 0.0 0.0 0.0 0.0 0.0 0.0 0.0 0.0 0.286 0.449 0.714 0.513 1.0 0.097 0.091 1.000
1.0 0.0 0.0 0.0 0.0 0.0 0.0 0.0 0.0 0.0 0.245 0.633 0.633 0.633 1.0 0.125 0.091 0.040
1.0 0.0 0.0 0.0 0.0 0.0 0.0 0.0 0.0 0.0 0.245 0.490 0.755 0.553 1.0 0.125 0.091 1.000
0.0 0.0 0.0 1.0 0.0 0.0 0.0 0.0 0.0 0.0 0.286 0.449 0.714 0.513 2.0 0.125 0.333 1.000
0.0 1.0 0.0 0.0 0.0 0.0 0.0 0.0 0.0 0.0 0.286 0.449 0.714 0.513 1.0 0.097 0.242 1.000
0.0 0.0 0.0 1.0 0.0 0.0 0.0 0.0 0.0 0.0 0.306 0.429 0.694 0.492 2.0 0.194 0.273 1.000
0.0 0.0 0.0 1.0 0.0 0.0 0.0 0.0 0.0 0.0 0.286 0.449 0.714 0.513 2.0 0.139 0.182 1.000
0.0 1.0 0.0 0.0 0.0 0.0 0.0 0.0 0.0 0.0 0.306 0.612 0.612 0.612 1.0 0.097 0.182 0.040
0.0 0.0 0.0 1.0 0.0 0.0 0.0 0.0 0.0 0.0 0.286 0.633 0.633 0.633 2.0 0.111 0.182 0.040
0.0 1.0 0.0 0.0 0.0 0.0 0.0 0.0 0.0 0.0 0.286 0.592 0.592 0.592 1.0 0.125 0.121 0.040
0.0 0.0 1.0 0.0 0.0 0.0 0.0 0.0 0.0 0.0 0.265 0.612 0.612 0.612 2.0 0.139 0.121 0.040
0.0 0.0 0.0 1.0 0.0 0.0 0.0 0.0 0.0 0.0 0.265 0.469 0.735 0.533 2.0 0.167 0.121 1.000
0.0 0.0 0.0 1.0 0.0 0.0 0.0 0.0 0.0 0.0 0.265 0.592 0.592 0.592 2.0 0.153 0.182 0.040
0.0 1.0 0.0 0.0 0.0 0.0 0.0 0.0 0.0 0.0 0.245 0.755 0.755 0.755 1.0 0.097 0.091 0.040
0.0 1.0 0.0 0.0 0.0 0.0 0.0 0.0 0.0 0.0 0.327 0.673 0.673 0.673 1.0 0.111 0.182 0.040
0.0 0.0 1.0 0.0 0.0 0.0 0.0 0.0 0.0 0.0 0.306 0.694 0.694 0.694 2.0 0.111 0.182 0.040
0.0 1.0 0.0 0.0 0.0 0.0 0.0 0.0 0.0 0.0 0.245 0.490 0.755 0.553 1.0 0.097 0.091 1.000
0.0 0.0 0.0 1.0 0.0 0.0 0.0 0.0 0.0 0.0 0.306 0.429 0.694 0.492 2.0 0.139 0.182 1.000
0.0 1.0 0.0 0.0 0.0 0.0 0.0 0.0 0.0 0.0 0.306 0.429 0.694 0.492 1.0 0.097 0.091 1.000
0.0 0.0 0.0 1.0 0.0 0.0 0.0 0.0 0.0 0.0 0.306 0.429 0.694 0.492 2.0 0.139 0.333 1.000
0.0 0.0 0.0 1.0 0.0 0.0 0.0 0.0 0.0 0.0 0.327 0.408 0.673 0.472 2.0 0.139 0.303 1.000
0.0 1.0 0.0 0.0 0.0 0.0 0.0 0.0 0.0 0.0 0.327 0.408 0.673 0.472 1.0 0.097 0.182 1.000
0.0 0.0 0.0 1.0 0.0 0.0 0.0 0.0 0.0 0.0 0.306 0.429 0.694 0.492 2.0 0.167 0.182 1.000
0.0 1.0 0.0 0.0 0.0 0.0 0.0 0.0 0.0 0.0 0.347 0.571 0.571 0.571 1.0 0.125 0.182 0.040
0.0 0.0 0.0 1.0 0.0 0.0 0.0 0.0 0.0 0.0 0.327 0.592 0.592 0.592 2.0 0.125 0.182 0.040
0.0 1.0 0.0 0.0 0.0 0.0 0.0 0.0 0.0 0.0 0.265 0.612 0.612 0.612 1.0 0.097 0.091 0.040
0.0 0.0 0.0 1.0 0.0 0.0 0.0 0.0 0.0 0.0 0.265 0.612 0.612 0.612 2.0 0.139 0.182 0.040
0.0 1.0 0.0 0.0 0.0 0.0 0.0 0.0 0.0 0.0 0.306 0.571 0.571 0.571 1.0 0.097 0.091 0.040
0.0 1.0 0.0 0.0 0.0 0.0 0.0 0.0 0.0 0.0 0.265 0.469 0.735 0.533 1.0 0.097 0.091 1.000
0.0 0.0 0.0 1.0 0.0 0.0 0.0 0.0 0.0 0.0 0.265 0.469 0.735 0.533 2.0 0.139 0.182 1.000
0.0 0.0 0.0 1.0 0.0 0.0 0.0 0.0 0.0 0.0 0.286 0.571 0.571 0.571 2.0 0.167 0.182 0.040
0.0 0.0 0.0 1.0 0.0 0.0 0.0 0.0 0.0 0.0 0.286 0.714 0.714 0.714 2.0 0.139 0.182 0.040
0.0 0.0 0.0 1.0 0.0 0.0 0.0 0.0 0.0 0.0 0.286 0.449 0.714 0.513 2.0 0.139 0.182 1.000
0.0 0.0 0.0 1.0 0.0 0.0 0.0 0.0 0.0 0.0 0.286 0.449 0.714 0.513 2.0 0.139 0.182 1.000
0.0 1.0 0.0 0.0 0.0 0.0 0.0 0.0 0.0 0.0 0.286 0.449 0.714 0.513 1.0 0.111 0.121 1.000
0.0 1.0 0.0 0.0 0.0 0.0 0.0 0.0 0.0 0.0 0.347 0.388 0.653 0.451 1.0 0.153 0.333 1.000
0.0 0.0 0.0 1.0 0.0 0.0 0.0 0.0 0.0 0.0 0.327 0.408 0.673 0.472 2.0 0.139 0.333 1.000
0.0 0.0 0.0 1.0 0.0 0.0 0.0 0.0 0.0 0.0 0.347 0.388 0.653 0.451 2.0 0.139 0.303 1.000
0.0 0.0 0.0 1.0 0.0 0.0 0.0 0.0 0.0 0.0 0.327 0.408 0.673 0.472 2.0 0.236 0.303 1.000
0.0 1.0 0.0 0.0 0.0 0.0 0.0 0.0 0.0 0.0 0.306 0.571 0.571 0.571 1.0 0.097 0.121 0.040
0.0 0.0 0.0 1.0 0.0 0.0 0.0 0.0 0.0 0.0 0.306 0.571 0.571 0.571 2.0 0.139 0.182 0.040
0.0 0.0 0.0 1.0 0.0 0.0 0.0 0.0 0.0 0.0 0.286 0.592 0.592 0.592 2.0 0.139 0.182 0.040
0.0 0.0 0.0 1.0 0.0 0.0 0.0 0.0 0.0 0.0 0.286 0.449 0.714 0.513 2.0 0.139 0.182 1.000
0.0 0.0 0.0 1.0 0.0 0.0 0.0 0.0 0.0 0.0 0.347 0.653 0.653 0.653 2.0 0.153 0.182 0.040
0.0 0.0 0.0 1.0 0.0 0.0 0.0 0.0 0.0 0.0 0.327 0.408 0.673 0.472 2.0 0.167 0.182 1.000
1.0 0.0 0.0 0.0 0.0 0.0 0.0 0.0 0.0 0.0 0.327 0.551 0.551 0.551 1.0 0.139 0.273 0.040
0.0 0.0 0.0 1.0 0.0 0.0 0.0 0.0 0.0 0.0 0.367 0.551 0.551 0.551 2.0 0.125 0.242 0.040
0.0 1.0 0.0 0.0 0.0 0.0 0.0 0.0 0.0 0.0 0.367 0.551 0.551 0.551 1.0 0.097 0.182 0.040
0.0 0.0 0.0 1.0 0.0 0.0 0.0 0.0 0.0 0.0 0.327 0.408 0.673 0.472 2.0 0.153 0.242 1.000
0.0 1.0 0.0 0.0 0.0 0.0 0.0 0.0 0.0 0.0 0.327 0.408 0.673 0.472 1.0 0.111 0.182 1.000
0.0 0.0 0.0 1.0 0.0 0.0 0.0 0.0 0.0 0.0 0.306 0.429 0.694 0.492 2.0 0.125 0.182 1.000
0.0 0.0 0.0 1.0 0.0 0.0 0.0 0.0 0.0 0.0 0.306 0.551 0.551 0.551 2.0 0.139 0.242 0.040
0.0 1.0 0.0 0.0 0.0 0.0 0.0 0.0 0.0 0.0 0.306 0.551 0.551 0.551 1.0 0.111 0.182 0.040
0.0 0.0 0.0 1.0 0.0 0.0 0.0 0.0 0.0 0.0 0.367 0.367 0.633 0.431 2.0 0.194 0.303 1.000
0.0 0.0 0.0 1.0 0.0 0.0 0.0 0.0 0.0 0.0 0.327 0.551 0.551 0.551 2.0 0.139 0.182 0.040
0.0 0.0 0.0 1.0 0.0 0.0 0.0 0.0 0.0 0.0 0.306 0.571 0.571 0.571 2.0 0.167 0.182 0.040
0.0 0.0 0.0 1.0 0.0 0.0 0.0 0.0 0.0 0.0 0.306 0.429 0.694 0.492 2.0 0.167 0.182 1.000
0.0 0.0 0.0 1.0 0.0 0.0 0.0 0.0 0.0 0.0 0.388 0.531 0.531 0.531 2.0 0.125 0.242 0.040
0.0 0.0 0.0 1.0 0.0 0.0 0.0 0.0 0.0 0.0 0.347 0.388 0.653 0.451 2.0 0.139 0.242 1.000
0.0 0.0 0.0 1.0 0.0 0.0 0.0 0.0 0.0 0.0 0.327 0.408 0.673 0.472 2.0 0.139 0.182 1.000
0.0 0.0 0.0 1.0 0.0 0.0 0.0 0.0 0.0 0.0 0.327 0.531 0.531 0.531 2.0 0.125 0.242 0.040
0.0 0.0 0.0 1.0 0.0 0.0 0.0 0.0 0.0 0.0 0.347 0.388 0.653 0.451 2.0 0.139 0.273 1.000
0.0 1.0 0.0 0.0 0.0 0.0 0.0 0.0 0.0 0.0 0.347 0.388 0.653 0.451 1.0 0.111 0.182 1.000
0.0 1.0 0.0 0.0 0.0 0.0 0.0 0.0 0.0 0.0 0.347 0.531 0.531 0.531 1.0 0.097 0.273 0.040
0.0 0.0 0.0 1.0 0.0 0.0 0.0 0.0 0.0 0.0 0.367 0.367 0.633 0.431 2.0 0.222 0.364 1.000
0.0 1.0 0.0 0.0 0.0 0.0 0.0 0.0 0.0 0.0 0.367 0.633 0.633 0.633 1.0 0.111 0.182 0.040
0.0 0.0 0.0 1.0 0.0 0.0 0.0 0.0 0.0 0.0 0.367 0.633 0.633 0.633 2.0 0.153 0.273 0.040
1.0 0.0 0.0 0.0 0.0 0.0 0.0 0.0 0.0 0.0 0.367 0.510 0.510 0.510 1.0 0.125 0.333 0.040
1.0 0.0 0.0 0.0 0.0 0.0 0.0 0.0 0.0 0.0 0.347 0.388 0.653 0.451 1.0 0.139 0.303 1.000
1.0 0.0 0.0 0.0 0.0 0.0 0.0 0.0 0.0 0.0 0.347 0.469 0.469 0.469 1.0 0.139 0.303 0.040
0.0 0.0 0.0 1.0 0.0 0.0 0.0 0.0 0.0 0.0 0.347 0.531 0.531 0.531 2.0 0.167 0.182 0.040
0.0 0.0 0.0 1.0 0.0 0.0 0.0 0.0 0.0 0.0 0.408 0.510 0.510 0.510 2.0 0.125 0.242 0.040
0.0 0.0 0.0 1.0 0.0 0.0 0.0 0.0 0.0 0.0 0.367 0.367 0.633 0.431 2.0 0.181 0.242 1.000
0.0 0.0 0.0 1.0 0.0 0.0 0.0 0.0 0.0 0.0 0.327 0.408 0.673 0.472 2.0 0.139 0.273 1.000
0.0 1.0 0.0 0.0 0.0 0.0 0.0 0.0 0.0 0.0 0.327 0.408 0.673 0.472 1.0 0.111 0.182 1.000
0.0 0.0 0.0 1.0 0.0 0.0 0.0 0.0 0.0 0.0 0.347 0.510 0.510 0.510 2.0 0.125 0.242 0.040
0.0 0.0 0.0 1.0 0.0 0.0 0.0 0.0 0.0 0.0 0.367 0.367 0.633 0.431 2.0 0.125 0.273 1.000
0.0 0.0 0.0 1.0 0.0 0.0 0.0 0.0 0.0 0.0 0.388 0.347 0.612 0.411 2.0 0.236 0.333 1.000
0.0 1.0 0.0 0.0 0.0 0.0 0.0 0.0 0.0 0.0 0.327 0.551 0.551 0.551 1.0 0.111 0.182 0.040
0.0 0.0 0.0 1.0 0.0 0.0 0.0 0.0 0.0 0.0 0.327 0.551 0.551 0.551 2.0 0.153 0.273 0.040
0.0 0.0 0.0 1.0 0.0 0.0 0.0 0.0 0.0 0.0 0.388 0.612 0.612 0.612 2.0 0.139 0.273 0.040
0.0 1.0 0.0 0.0 0.0 0.0 0.0 0.0 0.0 0.0 0.347 0.388 0.653 0.451 1.0 0.125 0.182 1.000
1.0 0.0 0.0 0.0 0.0 0.0 0.0 0.0 0.0 0.0 0.388 0.531 0.531 0.531 1.0 0.139 0.303 0.040
0.0 1.0 0.0 0.0 0.0 0.0 0.0 0.0 0.0 0.0 0.429 0.490 0.490 0.490 1.0 0.111 0.242 0.040
0.0 0.0 0.0 1.0 0.0 0.0 0.0 0.0 0.0 0.0 0.347 0.388 0.653 0.451 2.0 0.125 0.273 1.000
0.0 1.0 0.0 0.0 0.0 0.0 0.0 0.0 0.0 0.0 0.367 0.490 0.490 0.490 1.0 0.111 0.242 0.040
0.0 0.0 0.0 1.0 0.0 0.0 0.0 0.0 0.0 0.0 0.388 0.347 0.612 0.411 2.0 0.139 0.273 1.000
0.0 1.0 0.0 0.0 0.0 0.0 0.0 0.0 0.0 0.0 0.388 0.490 0.490 0.490 1.0 0.097 0.333 0.040
0.0 0.0 0.0 1.0 0.0 0.0 0.0 0.0 0.0 0.0 0.367 0.449 0.449 0.449 2.0 0.125 0.333 0.040
0.0 1.0 0.0 0.0 0.0 0.0 0.0 0.0 0.0 0.0 0.367 0.449 0.449 0.449 1.0 0.097 0.303 0.040
0.0 0.0 0.0 1.0 0.0 0.0 0.0 0.0 0.0 0.0 0.367 0.367 0.633 0.431 2.0 0.139 0.333 1.000
0.0 1.0 0.0 0.0 0.0 0.0 0.0 0.0 0.0 0.0 0.367 0.367 0.633 0.431 1.0 0.097 0.303 1.000
0.0 1.0 0.0 0.0 0.0 0.0 0.0 0.0 0.0 0.0 0.367 0.510 0.510 0.510 1.0 0.111 0.182 0.040
0.0 0.0 0.0 1.0 0.0 0.0 0.0 0.0 0.0 0.0 0.347 0.531 0.531 0.531 2.0 0.139 0.273 0.040
1.0 0.0 0.0 0.0 0.0 0.0 0.0 0.0 0.0 0.0 0.388 0.347 0.612 0.411 1.0 0.139 0.364 1.000
1.0 0.0 0.0 0.0 0.0 0.0 0.0 0.0 0.0 0.0 0.388 0.429 0.429 0.429 1.0 0.139 0.364 0.040
0.0 0.0 0.0 1.0 0.0 0.0 0.0 0.0 0.0 0.0 0.408 0.592 0.592 0.592 2.0 0.167 0.273 0.040
0.0 0.0 0.0 1.0 0.0 0.0 0.0 0.0 0.0 0.0 0.367 0.367 0.633 0.431 2.0 0.139 0.273 1.000
0.0 1.0 0.0 0.0 0.0 0.0 0.0 0.0 0.0 0.0 0.367 0.367 0.633 0.431 1.0 0.097 0.182 1.000
0.0 1.0 0.0 0.0 0.0 0.0 0.0 0.0 0.0 0.0 0.408 0.510 0.510 0.510 1.0 0.097 0.303 0.040
0.0 0.0 0.0 1.0 0.0 0.0 0.0 0.0 0.0 0.0 0.388 0.429 0.429 0.429 2.0 0.125 0.333 0.040
0.0 1.0 0.0 0.0 0.0 0.0 0.0 0.0 0.0 0.0 0.408 0.327 0.592 0.390 1.0 0.111 0.333 1.000
0.0 0.0 0.0 1.0 0.0 0.0 0.0 0.0 0.0 0.0 0.388 0.347 0.612 0.411 2.0 0.111 0.333 1.000
1.0 0.0 0.0 0.0 0.0 0.0 0.0 0.0 0.0 0.0 0.388 0.347 0.612 0.411 1.0 0.139 0.242 1.000
0.0 1.0 0.0 0.0 0.0 0.0 0.0 0.0 0.0 0.0 0.408 0.327 0.592 0.390 1.0 0.125 0.273 1.000
1.0 0.0 0.0 0.0 0.0 0.0 0.0 0.0 0.0 0.0 0.408 0.327 0.592 0.390 1.0 0.139 0.333 1.000
1.0 0.0 0.0 0.0 0.0 0.0 0.0 0.0 0.0 0.0 0.408 0.408 0.408 0.408 1.0 0.139 0.333 0.040
1.0 0.0 0.0 0.0 0.0 0.0 0.0 0.0 0.0 0.0 0.388 0.490 0.490 0.490 1.0 0.139 0.242 0.040
0.0 0.0 0.0 1.0 0.0 0.0 0.0 0.0 0.0 0.0 0.367 0.510 0.510 0.510 2.0 0.167 0.273 0.040
0.0 0.0 1.0 0.0 0.0 0.0 0.0 0.0 0.0 0.0 0.449 0.469 0.469 0.469 2.0 0.153 0.303 0.040
0.0 0.0 1.0 0.0 0.0 0.0 0.0 0.0 0.0 0.0 0.388 0.469 0.469 0.469 2.0 0.153 0.303 0.040
0.0 0.0 0.0 1.0 0.0 0.0 0.0 0.0 0.0 0.0 0.408 0.408 0.408 0.408 2.0 0.125 0.394 0.040
0.0 1.0 0.0 0.0 0.0 0.0 0.0 0.0 0.0 0.0 0.408 0.408 0.408 0.408 1.0 0.097 0.364 0.040
0.0 0.0 0.0 1.0 0.0 0.0 0.0 0.0 0.0 0.0 0.408 0.327 0.592 0.390 2.0 0.139 0.394 1.000
0.0 1.0 0.0 0.0 0.0 0.0 0.0 0.0 0.0 0.0 0.408 0.327 0.592 0.390 1.0 0.097 0.364 1.000
0.0 0.0 0.0 1.0 0.0 0.0 0.0 0.0 0.0 0.0 0.408 0.408 0.408 0.408 2.0 0.125 0.333 0.040
0.0 0.0 0.0 1.0 0.0 0.0 0.0 0.0 0.0 0.0 0.429 0.306 0.571 0.370 2.0 0.167 0.333 1.000
0.0 1.0 0.0 0.0 0.0 0.0 0.0 0.0 0.0 0.0 0.429 0.571 0.571 0.571 1.0 0.111 0.273 0.040
0.0 1.0 0.0 0.0 0.0 0.0 0.0 0.0 0.0 0.0 0.388 0.347 0.612 0.411 1.0 0.125 0.273 1.000
0.0 1.0 0.0 0.0 0.0 0.0 0.0 0.0 0.0 0.0 0.408 0.327 0.592 0.390 1.0 0.097 0.242 1.000
0.0 1.0 0.0 0.0 0.0 0.0 0.0 0.0 0.0 0.0 0.429 0.306 0.571 0.370 1.0 0.097 0.424 1.000
0.0 0.0 1.0 0.0 0.0 0.0 0.0 0.0 0.0 0.0 0.408 0.327 0.592 0.390 2.0 0.111 0.424 1.000
0.0 1.0 0.0 0.0 0.0 0.0 0.0 0.0 0.0 0.0 0.429 0.306 0.571 0.370 1.0 0.097 0.273 1.000
0.0 0.0 0.0 1.0 0.0 0.0 0.0 0.0 0.0 0.0 0.429 0.306 0.571 0.370 2.0 0.125 0.394 1.000
0.0 0.0 0.0 1.0 0.0 0.0 0.0 0.0 0.0 0.0 0.429 0.388 0.388 0.388 2.0 0.125 0.364 0.040
0.0 1.0 0.0 0.0 0.0 0.0 0.0 0.0 0.0 0.0 0.429 0.388 0.388 0.388 1.0 0.097 0.333 0.040
0.0 0.0 0.0 1.0 0.0 0.0 0.0 0.0 0.0 0.0 0.429 0.306 0.571 0.370 2.0 0.139 0.364 1.000
0.0 1.0 0.0 0.0 0.0 0.0 0.0 0.0 0.0 0.0 0.429 0.306 0.571 0.370 1.0 0.097 0.333 1.000
0.0 0.0 0.0 1.0 0.0 0.0 0.0 0.0 0.0 0.0 0.429 0.388 0.388 0.388 2.0 0.125 0.394 0.040
0.0 0.0 0.0 1.0 0.0 0.0 0.0 0.0 0.0 0.0 0.429 0.306 0.571 0.370 2.0 0.139 0.394 1.000
0.0 1.0 0.0 0.0 0.0 0.0 0.0 0.0 0.0 0.0 0.429 0.388 0.388 0.388 1.0 0.097 0.333 0.040
0.0 1.0 0.0 0.0 0.0 0.0 0.0 0.0 0.0 0.0 0.408 0.469 0.469 0.469 1.0 0.097 0.242 0.040
0.0 0.0 0.0 1.0 0.0 0.0 0.0 0.0 0.0 0.0 0.408 0.469 0.469 0.469 2.0 0.139 0.424 0.040
0.0 1.0 0.0 0.0 0.0 0.0 0.0 0.0 0.0 0.0 0.388 0.490 0.490 0.490 1.0 0.111 0.273 0.040
0.0 0.0 0.0 1.0 0.0 0.0 0.0 0.0 0.0 0.0 0.388 0.490 0.490 0.490 2.0 0.153 0.394 0.040
0.0 1.0 0.0 0.0 0.0 0.0 0.0 0.0 0.0 0.0 0.469 0.449 0.449 0.449 1.0 0.111 0.303 0.040
0.0 1.0 0.0 0.0 0.0 0.0 0.0 0.0 0.0 0.0 0.408 0.449 0.449 0.449 1.0 0.111 0.303 0.040
0.0 1.0 0.0 0.0 0.0 0.0 0.0 0.0 0.0 0.0 0.449 0.286 0.551 0.349 1.0 0.097 0.424 1.000
0.0 0.0 1.0 0.0 0.0 0.0 0.0 0.0 0.0 0.0 0.429 0.306 0.571 0.370 2.0 0.111 0.424 1.000
0.0 1.0 0.0 0.0 0.0 0.0 0.0 0.0 0.0 0.0 0.408 0.327 0.592 0.390 1.0 0.097 0.273 1.000
0.0 0.0 0.0 1.0 0.0 0.0 0.0 0.0 0.0 0.0 0.408 0.327 0.592 0.390 2.0 0.125 0.394 1.000
0.0 0.0 0.0 1.0 0.0 0.0 0.0 0.0 0.0 0.0 0.449 0.286 0.551 0.349 2.0 0.125 0.394 1.000
0.0 0.0 0.0 1.0 0.0 0.0 0.0 0.0 0.0 0.0 0.449 0.367 0.367 0.367 2.0 0.125 0.364 0.040
0.0 0.0 0.0 1.0 0.0 0.0 0.0 0.0 0.0 0.0 0.449 0.286 0.551 0.349 2.0 0.139 0.364 1.000
0.0 0.0 0.0 1.0 0.0 0.0 0.0 0.0 0.0 0.0 0.449 0.367 0.367 0.367 2.0 0.125 0.394 0.040
0.0 0.0 0.0 1.0 0.0 0.0 0.0 0.0 0.0 0.0 0.449 0.286 0.551 0.349 2.0 0.181 0.394 1.000
0.0 1.0 0.0 0.0 0.0 0.0 0.0 0.0 0.0 0.0 0.449 0.286 0.551 0.365 1.0 0.500 0.333 0.760
1.0 0.0 0.0 0.0 0.0 0.0 0.0 0.0 0.0 0.0 0.449 0.286 0.551 0.385 1.0 0.194 0.333 0.600
0.0 0.0 0.0 1.0 0.0 0.0 0.0 0.0 0.0 0.0 0.429 0.449 0.449 0.449 2.0 0.153 0.424 0.040
0.0 0.0 0.0 1.0 0.0 0.0 0.0 0.0 0.0 0.0 0.408 0.469 0.469 0.469 2.0 0.139 0.394 0.040
0.0 0.0 0.0 1.0 0.0 0.0 0.0 0.0 0.0 0.0 0.469 0.265 0.531 0.329 2.0 0.097 0.424 1.000
0.0 0.0 0.0 1.0 0.0 0.0 0.0 0.0 0.0 0.0 0.429 0.306 0.571 0.370 2.0 0.139 0.394 1.000
0.0 0.0 0.0 1.0 0.0 0.0 0.0 0.0 0.0 0.0 0.469 0.265 0.531 0.329 2.0 0.153 0.394 1.000
0.0 0.0 0.0 1.0 0.0 0.0 0.0 0.0 0.0 0.0 0.469 0.347 0.347 0.347 2.0 0.125 0.364 0.040
0.0 0.0 0.0 1.0 0.0 0.0 0.0 0.0 0.0 0.0 0.469 0.265 0.531 0.329 2.0 0.181 0.364 1.000
0.0 1.0 0.0 0.0 0.0 0.0 0.0 0.0 0.0 0.0 0.469 0.347 0.347 0.347 1.0 0.125 0.394 0.040
0.0 0.0 0.0 1.0 0.0 0.0 0.0 0.0 0.0 0.0 0.449 0.429 0.429 0.429 2.0 0.167 0.424 0.040
0.0 0.0 0.0 1.0 0.0 0.0 0.0 0.0 0.0 0.0 0.429 0.449 0.449 0.449 2.0 0.167 0.394 0.040
0.0 1.0 0.0 0.0 0.0 0.0 0.0 0.0 0.0 0.0 0.490 0.245 0.510 0.309 1.0 0.111 0.424 1.000
0.0 0.0 0.0 1.0 0.0 0.0 0.0 0.0 0.0 0.0 0.449 0.286 0.551 0.349 2.0 0.153 0.394 1.000
0.0 0.0 0.0 1.0 0.0 0.0 0.0 0.0 0.0 0.0 0.490 0.245 0.510 0.309 2.0 0.222 0.424 1.000
0.0 1.0 0.0 0.0 0.0 0.0 0.0 0.0 0.0 0.0 0.490 0.327 0.327 0.327 1.0 0.097 0.364 0.040
0.0 1.0 0.0 0.0 0.0 0.0 0.0 0.0 0.0 0.0 0.469 0.265 0.531 0.352 1.0 0.333 0.394 0.680
1.0 0.0 0.0 0.0 0.0 0.0 0.0 0.0 0.0 0.0 0.469 0.265 0.531 0.355 1.0 0.361 0.394 0.680
0.0 1.0 0.0 0.0 0.0 0.0 0.0 0.0 0.0 0.0 0.469 0.408 0.408 0.408 1.0 0.111 0.424 0.040
0.0 1.0 0.0 0.0 0.0 0.0 0.0 0.0 0.0 0.0 0.449 0.429 0.429 0.429 1.0 0.111 0.394 0.040
0.0 0.0 0.0 1.0 0.0 0.0 0.0 0.0 0.0 0.0 0.510 0.224 0.490 0.288 2.0 0.208 0.455 1.000
0.0 0.0 0.0 1.0 0.0 0.0 0.0 0.0 0.0 0.0 0.469 0.265 0.531 0.329 2.0 0.222 0.424 1.000
0.0 1.0 0.0 0.0 0.0 0.0 0.0 0.0 0.0 0.0 0.490 0.245 0.510 0.329 1.0 0.472 0.364 0.720
1.0 0.0 0.0 0.0 0.0 0.0 0.0 0.0 0.0 0.0 0.490 0.245 0.510 0.338 1.0 0.250 0.364 0.640
0.0 0.0 1.0 0.0 0.0 0.0 0.0 0.0 0.0 0.0 0.490 0.245 0.510 0.355 2.0 0.861 0.606 0.520
0.0 1.0 0.0 0.0 0.0 0.0 0.0 0.0 0.0 0.0 0.510 0.224 0.490 0.336 1.0 0.597 0.606 0.520
0.0 0.0 1.0 0.0 0.0 0.0 0.0 0.0 0.0 0.0 0.490 0.245 0.510 0.356 2.0 0.236 0.606 0.520
0.0 0.0 1.0 0.0 0.0 0.0 0.0 0.0 0.0 0.0 0.490 0.245 0.510 0.344 2.0 0.861 0.606 0.600
0.0 0.0 1.0 0.0 0.0 0.0 0.0 0.0 0.0 0.0 0.490 0.265 0.510 0.377 2.0 0.375 0.606 0.440
1.0 0.0 0.0 0.0 0.0 0.0 0.0 0.0 0.0 0.0 0.510 0.224 0.490 0.288 1.0 0.139 0.424 1.000
1.0 0.0 0.0 0.0 0.0 0.0 0.0 0.0 0.0 0.0 0.510 0.306 0.306 0.306 1.0 0.139 0.424 0.040
1.0 0.0 0.0 0.0 0.0 0.0 0.0 0.0 0.0 0.0 0.531 0.204 0.469 0.268 1.0 0.139 0.455 1.000
1.0 0.0 0.0 0.0 0.0 0.0 0.0 0.0 0.0 0.0 0.531 0.286 0.286 0.286 1.0 0.139 0.455 0.040
1.0 0.0 0.0 0.0 0.0 0.0 0.0 0.0 0.0 0.0 0.490 0.245 0.510 0.309 1.0 0.139 0.424 1.000
1.0 0.0 0.0 0.0 0.0 0.0 0.0 0.0 0.0 0.0 0.490 0.327 0.327 0.327 1.0 0.139 0.424 0.040
0.0 0.0 0.0 1.0 0.0 0.0 0.0 0.0 0.0 0.0 0.531 0.286 0.286 0.286 2.0 0.125 0.455 0.040
0.0 1.0 0.0 0.0 0.0 0.0 0.0 0.0 0.0 0.0 0.531 0.286 0.286 0.286 1.0 0.097 0.424 0.040
0.0 0.0 0.0 1.0 0.0 0.0 0.0 0.0 0.0 0.0 0.531 0.204 0.469 0.268 2.0 0.125 0.455 1.000
0.0 1.0 0.0 0.0 0.0 0.0 0.0 0.0 0.0 0.0 0.531 0.204 0.469 0.268 1.0 0.097 0.424 1.000
0.0 0.0 0.0 1.0 0.0 0.0 0.0 0.0 0.0 0.0 0.551 0.265 0.265 0.265 2.0 0.125 0.515 0.040
0.0 1.0 0.0 0.0 0.0 0.0 0.0 0.0 0.0 0.0 0.551 0.265 0.265 0.265 1.0 0.097 0.455 0.040
0.0 0.0 0.0 1.0 0.0 0.0 0.0 0.0 0.0 0.0 0.551 0.184 0.449 0.247 2.0 0.139 0.515 1.000
0.0 1.0 0.0 0.0 0.0 0.0 0.0 0.0 0.0 0.0 0.551 0.184 0.449 0.247 1.0 0.097 0.455 1.000
0.0 0.0 0.0 1.0 0.0 0.0 0.0 0.0 0.0 0.0 0.510 0.306 0.306 0.306 2.0 0.125 0.455 0.040
0.0 1.0 0.0 0.0 0.0 0.0 0.0 0.0 0.0 0.0 0.510 0.306 0.306 0.306 1.0 0.097 0.424 0.040
0.0 0.0 0.0 1.0 0.0 0.0 0.0 0.0 0.0 0.0 0.510 0.224 0.490 0.288 2.0 0.139 0.455 1.000
0.0 1.0 0.0 0.0 0.0 0.0 0.0 0.0 0.0 0.0 0.510 0.224 0.490 0.288 1.0 0.097 0.424 1.000
0.0 0.0 0.0 1.0 0.0 0.0 0.0 0.0 0.0 0.0 0.551 0.265 0.265 0.265 2.0 0.125 0.455 0.040
0.0 0.0 0.0 1.0 0.0 0.0 0.0 0.0 0.0 0.0 0.551 0.184 0.449 0.247 2.0 0.125 0.455 1.000
0.0 0.0 0.0 1.0 0.0 0.0 0.0 0.0 0.0 0.0 0.571 0.245 0.245 0.245 2.0 0.125 0.515 0.040
0.0 0.0 0.0 1.0 0.0 0.0 0.0 0.0 0.0 0.0 0.571 0.163 0.429 0.227 2.0 0.139 0.515 1.000
0.0 0.0 0.0 1.0 0.0 0.0 0.0 0.0 0.0 0.0 0.531 0.286 0.286 0.286 2.0 0.125 0.455 0.040
0.0 1.0 0.0 0.0 0.0 0.0 0.0 0.0 0.0 0.0 0.551 0.184 0.449 0.247 1.0 0.111 0.455 1.000
0.0 0.0 1.0 0.0 0.0 0.0 0.0 0.0 0.0 0.0 0.531 0.204 0.469 0.268 2.0 0.111 0.455 1.000
0.0 0.0 0.0 1.0 0.0 0.0 0.0 0.0 0.0 0.0 0.571 0.245 0.245 0.245 2.0 0.125 0.455 0.040
0.0 1.0 0.0 0.0 0.0 0.0 0.0 0.0 0.0 0.0 0.592 0.143 0.408 0.207 1.0 0.139 0.455 1.000
0.0 0.0 1.0 0.0 0.0 0.0 0.0 0.0 0.0 0.0 0.571 0.163 0.429 0.227 2.0 0.139 0.455 1.000
0.0 0.0 0.0 1.0 0.0 0.0 0.0 0.0 0.0 0.0 0.592 0.224 0.224 0.224 2.0 0.125 0.515 0.040
0.0 0.0 0.0 1.0 0.0 0.0 0.0 0.0 0.0 0.0 0.592 0.143 0.408 0.207 2.0 0.194 0.515 1.000
0.0 0.0 0.0 1.0 0.0 0.0 0.0 0.0 0.0 0.0 0.551 0.265 0.265 0.265 2.0 0.125 0.455 0.040
0.0 0.0 0.0 1.0 0.0 0.0 0.0 0.0 0.0 0.0 0.571 0.163 0.429 0.227 2.0 0.181 0.455 1.000
0.0 1.0 0.0 0.0 0.0 0.0 0.0 0.0 0.0 0.0 0.592 0.224 0.224 0.224 1.0 0.125 0.455 0.040
0.0 1.0 0.0 0.0 0.0 0.0 0.0 0.0 0.0 0.0 0.612 0.204 0.204 0.204 1.0 0.139 0.515 0.040
0.0 1.0 0.0 0.0 0.0 0.0 0.0 0.0 0.0 0.0 0.571 0.245 0.245 0.245 1.0 0.125 0.455 0.040
0.0 1.0 0.0 0.0 0.0 0.0 0.0 0.0 0.0 0.0 0.612 0.122 0.388 0.223 1.0 0.292 0.455 0.600
1.0 0.0 0.0 0.0 0.0 0.0 0.0 0.0 0.0 0.0 0.612 0.122 0.388 0.201 1.0 0.403 0.455 0.760
0.0 1.0 0.0 0.0 0.0 0.0 0.0 0.0 0.0 0.0 0.612 0.122 0.388 0.228 1.0 0.333 0.515 0.480
0.0 0.0 1.0 0.0 0.0 0.0 0.0 0.0 0.0 0.0 0.612 0.122 0.388 0.196 2.0 0.486 0.545 0.840
0.0 1.0 0.0 0.0 0.0 0.0 0.0 0.0 0.0 0.0 0.592 0.143 0.408 0.248 1.0 0.361 0.455 0.560
0.0 0.0 1.0 0.0 0.0 0.0 0.0 0.0 0.0 0.0 0.592 0.143 0.408 0.219 2.0 0.458 0.515 0.800
0.0 0.0 0.0 1.0 0.0 0.0 0.0 0.0 0.0 0.0 0.633 0.184 0.184 0.184 4.0 0.292 0.909 0.040
0.0 0.0 1.0 0.0 0.0 0.0 0.0 0.0 0.0 0.0 0.612 0.204 0.204 0.204 4.0 0.236 0.758 0.040
0.0 0.0 1.0 0.0 0.0 0.0 0.0 0.0 0.0 0.0 0.510 0.306 0.306 0.306 2.0 0.153 0.545 0.040
1.0 0.0 0.0 0.0 0.0 0.0 0.0 0.0 0.0 0.0 0.633 0.102 0.367 0.206 1.0 0.375 0.545 0.520
1.0 0.0 0.0 0.0 0.0 0.0 0.0 0.0 0.0 0.0 0.633 0.102 0.367 0.195 1.0 0.528 0.545 0.640
1.0 0.0 0.0 0.0 0.0 0.0 0.0 0.0 0.0 0.0 0.612 0.122 0.388 0.227 1.0 0.375 0.515 0.560
1.0 0.0 0.0 0.0 0.0 0.0 0.0 0.0 0.0 0.0 0.612 0.122 0.388 0.214 1.0 0.458 0.515 0.560
0.0 0.0 1.0 0.0 0.0 0.0 0.0 0.0 0.0 0.0 0.633 0.122 0.367 0.224 2.0 0.722 0.636 0.440
0.0 1.0 0.0 0.0 0.0 0.0 0.0 0.0 0.0 0.0 0.653 0.082 0.347 0.202 1.0 0.486 0.636 0.480
0.0 0.0 1.0 0.0 0.0 0.0 0.0 0.0 0.0 0.0 0.633 0.102 0.367 0.223 2.0 0.208 0.636 0.480
0.0 0.0 1.0 0.0 0.0 0.0 0.0 0.0 0.0 0.0 0.633 0.102 0.367 0.199 2.0 0.847 0.636 0.600
0.0 0.0 1.0 0.0 0.0 0.0 0.0 0.0 0.0 0.0 0.633 0.102 0.367 0.214 2.0 0.611 0.636 0.520
0.0 0.0 1.0 0.0 0.0 0.0 0.0 0.0 0.0 0.0 0.653 0.163 0.163 0.163 4.0 0.167 0.939 0.040
0.0 1.0 0.0 0.0 0.0 0.0 0.0 0.0 0.0 0.0 0.653 0.163 0.163 0.163 1.0 0.097 0.545 0.040
0.0 0.0 0.0 1.0 0.0 0.0 0.0 0.0 0.0 0.0 0.633 0.184 0.184 0.184 2.0 0.111 0.545 0.040
0.0 0.0 1.0 0.0 0.0 0.0 0.0 0.0 0.0 0.0 0.633 0.102 0.367 0.207 2.0 0.528 0.545 0.480
0.0 0.0 1.0 0.0 0.0 0.0 0.0 0.0 0.0 0.0 0.612 0.204 0.204 0.204 2.0 0.125 0.515 0.040
0.0 0.0 1.0 0.0 0.0 0.0 0.0 0.0 0.0 0.0 0.612 0.122 0.388 0.227 2.0 0.597 0.515 0.560
0.0 0.0 0.0 1.0 0.0 0.0 0.0 0.0 0.0 0.0 0.694 0.122 0.306 0.202 4.0 0.625 0.970 0.320
0.0 1.0 0.0 0.0 0.0 0.0 0.0 0.0 0.0 0.0 0.673 0.143 0.327 0.222 1.0 0.139 0.788 0.320
0.0 0.0 1.0 0.0 0.0 0.0 0.0 0.0 0.0 0.0 0.653 0.163 0.347 0.242 2.0 0.250 0.788 0.320
0.0 0.0 0.0 1.0 0.0 0.0 0.0 0.0 0.0 0.0 0.673 0.143 0.327 0.222 4.0 0.639 0.970 0.320
0.0 0.0 1.0 0.0 0.0 0.0 0.0 0.0 0.0 0.0 0.653 0.163 0.347 0.242 2.0 0.306 0.788 0.320
0.0 0.0 0.0 1.0 0.0 0.0 0.0 0.0 0.0 0.0 0.673 0.143 0.327 0.222 4.0 0.569 0.970 0.320
0.0 0.0 1.0 0.0 0.0 0.0 0.0 0.0 0.0 0.0 0.653 0.163 0.347 0.242 2.0 0.306 0.788 0.320
0.0 0.0 0.0 1.0 0.0 0.0 0.0 0.0 0.0 0.0 0.694 0.122 0.306 0.202 4.0 0.583 0.970 0.320
0.0 1.0 0.0 0.0 0.0 0.0 0.0 0.0 0.0 0.0 0.673 0.143 0.327 0.222 1.0 0.139 0.788 0.320
0.0 0.0 0.0 1.0 0.0 0.0 0.0 0.0 0.0 0.0 0.653 0.163 0.347 0.242 2.0 0.250 0.788 0.320
0.0 0.0 0.0 1.0 0.0 0.0 0.0 0.0 0.0 0.0 0.673 0.143 0.327 0.214 4.0 0.528 0.970 0.320
0.0 0.0 1.0 0.0 0.0 0.0 0.0 0.0 0.0 0.0 0.653 0.163 0.347 0.235 2.0 0.458 0.788 0.320
0.0 0.0 0.0 1.0 0.0 0.0 0.0 0.0 0.0 0.0 0.673 0.143 0.327 0.214 4.0 0.625 0.970 0.320
0.0 0.0 1.0 0.0 0.0 0.0 0.0 0.0 0.0 0.0 0.653 0.163 0.347 0.235 2.0 0.472 0.788 0.320
0.0 0.0 0.0 1.0 0.0 0.0 0.0 0.0 0.0 0.0 0.673 0.143 0.327 0.214 4.0 0.597 0.970 0.320
0.0 0.0 1.0 0.0 0.0 0.0 0.0 0.0 0.0 0.0 0.653 0.163 0.347 0.235 2.0 0.472 0.788 0.320
0.0 0.0 1.0 0.0 0.0 0.0 0.0 0.0 0.0 0.0 0.673 0.061 0.061 0.061 4.0 0.653 0.970 0.040
0.0 0.0 1.0 0.0 0.0 0.0 0.0 0.0 0.0 0.0 0.653 0.082 0.082 0.082 2.0 0.306 0.788 0.040
0.0 0.0 1.0 0.0 0.0 0.0 0.0 0.0 0.0 0.0 0.694 0.061 0.061 0.061 4.0 0.639 0.970 0.040
0.0 1.0 0.0 0.0 0.0 0.0 0.0 0.0 0.0 0.0 0.673 0.082 0.082 0.082 1.0 0.139 0.788 0.040
0.0 0.0 1.0 0.0 0.0 0.0 0.0 0.0 0.0 0.0 0.653 0.102 0.102 0.102 2.0 0.250 0.788 0.040
0.0 0.0 1.0 0.0 0.0 0.0 0.0 0.0 0.0 0.0 0.673 0.082 0.082 0.082 4.0 0.583 0.970 0.040
0.0 0.0 1.0 0.0 0.0 0.0 0.0 0.0 0.0 0.0 0.653 0.102 0.102 0.102 2.0 0.306 0.788 0.040
0.0 0.0 1.0 0.0 0.0 0.0 0.0 0.0 0.0 0.0 0.673 0.061 0.061 0.061 4.0 0.611 0.970 0.040
0.0 0.0 1.0 0.0 0.0 0.0 0.0 0.0 0.0 0.0 0.653 0.082 0.082 0.082 2.0 0.306 0.788 0.040
0.0 0.0 1.0 0.0 0.0 0.0 0.0 0.0 0.0 0.0 0.673 0.082 0.082 0.082 4.0 0.542 0.970 0.040
0.0 0.0 1.0 0.0 0.0 0.0 0.0 0.0 0.0 0.0 0.653 0.102 0.102 0.102 2.0 0.458 0.788 0.040
0.0 0.0 1.0 0.0 0.0 0.0 0.0 0.0 0.0 0.0 0.673 0.082 0.082 0.082 4.0 0.583 0.970 0.040
0.0 0.0 1.0 0.0 0.0 0.0 0.0 0.0 0.0 0.0 0.653 0.102 0.102 0.102 2.0 0.472 0.788 0.040
0.0 0.0 1.0 0.0 0.0 0.0 0.0 0.0 0.0 0.0 0.673 0.061 0.061 0.061 4.0 0.556 0.970 0.040
0.0 0.0 1.0 0.0 0.0 0.0 0.0 0.0 0.0 0.0 0.653 0.082 0.082 0.082 2.0 0.472 0.788 0.040
0.0 0.0 0.0 1.0 0.0 0.0 0.0 0.0 0.0 0.0 0.673 0.143 0.327 0.222 4.0 0.639 0.970 0.320
0.0 0.0 1.0 0.0 0.0 0.0 0.0 0.0 0.0 0.0 0.653 0.163 0.347 0.242 2.0 0.486 0.788 0.320
0.0 0.0 0.0 1.0 0.0 0.0 0.0 0.0 0.0 0.0 0.673 0.143 0.327 0.222 4.0 0.569 0.970 0.320
0.0 0.0 1.0 0.0 0.0 0.0 0.0 0.0 0.0 0.0 0.653 0.163 0.347 0.242 2.0 0.458 0.788 0.320
0.0 0.0 0.0 1.0 0.0 0.0 0.0 0.0 0.0 0.0 0.673 0.143 0.327 0.222 4.0 0.681 0.970 0.320
0.0 0.0 1.0 0.0 0.0 0.0 0.0 0.0 0.0 0.0 0.653 0.163 0.347 0.242 2.0 0.458 0.788 0.320
0.0 0.0 0.0 1.0 0.0 0.0 0.0 0.0 0.0 0.0 0.694 0.122 0.306 0.202 4.0 0.611 0.970 0.320
0.0 1.0 0.0 0.0 0.0 0.0 0.0 0.0 0.0 0.0 0.673 0.143 0.327 0.222 1.0 0.139 0.788 0.320
0.0 0.0 0.0 1.0 0.0 0.0 0.0 0.0 0.0 0.0 0.653 0.163 0.347 0.242 2.0 0.403 0.788 0.320
0.0 0.0 0.0 1.0 0.0 0.0 0.0 0.0 0.0 0.0 0.673 0.143 0.327 0.214 4.0 0.542 0.970 0.320
0.0 0.0 1.0 0.0 0.0 0.0 0.0 0.0 0.0 0.0 0.653 0.163 0.347 0.235 2.0 0.458 0.788 0.320
0.0 0.0 0.0 1.0 0.0 0.0 0.0 0.0 0.0 0.0 0.673 0.143 0.327 0.214 4.0 0.583 0.970 0.320
0.0 0.0 1.0 0.0 0.0 0.0 0.0 0.0 0.0 0.0 0.653 0.163 0.347 0.235 2.0 0.403 0.788 0.320
0.0 0.0 0.0 1.0 0.0 0.0 0.0 0.0 0.0 0.0 0.673 0.143 0.327 0.214 4.0 0.569 0.970 0.320
0.0 0.0 1.0 0.0 0.0 0.0 0.0 0.0 0.0 0.0 0.653 0.163 0.347 0.235 2.0 0.403 0.788 0.320
0.0 0.0 0.0 1.0 0.0 0.0 0.0 0.0 0.0 0.0 0.673 0.143 0.327 0.214 4.0 0.611 0.970 0.320
0.0 0.0 1.0 0.0 0.0 0.0 0.0 0.0 0.0 0.0 0.653 0.163 0.347 0.235 2.0 0.403 0.788 0.320
0.0 0.0 0.0 1.0 0.0 0.0 0.0 0.0 0.0 0.0 0.673 0.143 0.327 0.214 4.0 0.542 0.970 0.320
0.0 0.0 1.0 0.0 0.0 0.0 0.0 0.0 0.0 0.0 0.653 0.163 0.347 0.235 2.0 0.403 0.788 0.320
0.0 0.0 0.0 1.0 0.0 0.0 0.0 0.0 0.0 0.0 0.673 0.143 0.143 0.143 4.0 0.514 0.939 0.040
0.0 0.0 1.0 0.0 0.0 0.0 0.0 0.0 0.0 0.0 0.653 0.163 0.163 0.163 2.0 0.444 0.788 0.040
0.0 0.0 0.0 1.0 0.0 0.0 0.0 0.0 0.0 0.0 0.694 0.122 0.122 0.122 4.0 0.500 0.939 0.040
0.0 1.0 0.0 0.0 0.0 0.0 0.0 0.0 0.0 0.0 0.673 0.143 0.143 0.143 1.0 0.125 0.788 0.040
0.0 0.0 1.0 0.0 0.0 0.0 0.0 0.0 0.0 0.0 0.653 0.163 0.163 0.163 2.0 0.347 0.788 0.040
0.0 1.0 0.0 0.0 0.0 0.0 0.0 0.0 0.0 0.0 0.694 0.122 0.122 0.122 1.0 0.153 0.939 0.040
0.0 0.0 0.0 1.0 0.0 0.0 0.0 0.0 0.0 0.0 0.673 0.143 0.143 0.143 4.0 0.569 0.939 0.040
0.0 0.0 1.0 0.0 0.0 0.0 0.0 0.0 0.0 0.0 0.653 0.163 0.163 0.163 2.0 0.514 0.788 0.040
0.0 0.0 0.0 1.0 0.0 0.0 0.0 0.0 0.0 0.0 0.673 0.143 0.143 0.143 4.0 0.556 0.939 0.040
0.0 0.0 1.0 0.0 0.0 0.0 0.0 0.0 0.0 0.0 0.653 0.163 0.163 0.163 2.0 0.514 0.788 0.040
0.0 0.0 0.0 1.0 0.0 0.0 0.0 0.0 0.0 0.0 0.673 0.143 0.143 0.143 4.0 0.486 0.939 0.040
0.0 0.0 1.0 0.0 0.0 0.0 0.0 0.0 0.0 0.0 0.653 0.163 0.163 0.163 2.0 0.514 0.788 0.040
0.0 0.0 0.0 1.0 0.0 0.0 0.0 0.0 0.0 0.0 0.673 0.143 0.143 0.143 4.0 0.486 0.939 0.040
0.0 0.0 1.0 0.0 0.0 0.0 0.0 0.0 0.0 0.0 0.653 0.163 0.163 0.163 2.0 0.514 0.788 0.040
0.0 0.0 0.0 1.0 0.0 0.0 0.0 0.0 0.0 0.0 0.673 0.143 0.143 0.143 4.0 0.542 0.939 0.040
0.0 0.0 1.0 0.0 0.0 0.0 0.0 0.0 0.0 0.0 0.653 0.163 0.163 0.163 2.0 0.347 0.788 0.040
0.0 0.0 0.0 1.0 0.0 0.0 0.0 0.0 0.0 0.0 0.694 0.122 0.122 0.122 4.0 0.542 0.939 0.040
0.0 0.0 1.0 0.0 0.0 0.0 0.0 0.0 0.0 0.0 0.673 0.143 0.143 0.143 2.0 0.361 0.788 0.040
0.0 0.0 1.0 0.0 0.0 0.0 0.0 0.0 0.0 0.0 0.673 0.082 0.082 0.082 4.0 0.653 0.970 0.040
0.0 0.0 1.0 0.0 0.0 0.0 0.0 0.0 0.0 0.0 0.653 0.102 0.102 0.102 2.0 0.486 0.788 0.040
0.0 0.0 1.0 0.0 0.0 0.0 0.0 0.0 0.0 0.0 0.673 0.061 0.061 0.061 4.0 0.583 0.970 0.040
0.0 0.0 1.0 0.0 0.0 0.0 0.0 0.0 0.0 0.0 0.653 0.082 0.082 0.082 2.0 0.458 0.788 0.040
0.0 0.0 1.0 0.0 0.0 0.0 0.0 0.0 0.0 0.0 0.673 0.061 0.061 0.061 4.0 0.625 0.970 0.040
0.0 0.0 1.0 0.0 0.0 0.0 0.0 0.0 0.0 0.0 0.653 0.082 0.082 0.082 2.0 0.458 0.788 0.040
0.0 0.0 1.0 0.0 0.0 0.0 0.0 0.0 0.0 0.0 0.673 0.082 0.082 0.082 4.0 0.569 0.970 0.040
0.0 0.0 1.0 0.0 0.0 0.0 0.0 0.0 0.0 0.0 0.653 0.102 0.102 0.102 2.0 0.458 0.788 0.040
0.0 1.0 0.0 0.0 0.0 0.0 0.0 0.0 0.0 0.0 0.694 0.061 0.061 0.061 1.0 0.153 0.970 0.040
0.0 0.0 1.0 0.0 0.0 0.0 0.0 0.0 0.0 0.0 0.673 0.082 0.082 0.082 4.0 0.528 0.970 0.040
0.0 0.0 1.0 0.0 0.0 0.0 0.0 0.0 0.0 0.0 0.653 0.102 0.102 0.102 2.0 0.444 0.788 0.040
0.0 0.0 1.0 0.0 0.0 0.0 0.0 0.0 0.0 0.0 0.673 0.061 0.061 0.061 4.0 0.597 0.970 0.040
0.0 0.0 1.0 0.0 0.0 0.0 0.0 0.0 0.0 0.0 0.653 0.082 0.082 0.082 2.0 0.403 0.788 0.040
0.0 0.0 1.0 0.0 0.0 0.0 0.0 0.0 0.0 0.0 0.673 0.061 0.061 0.061 4.0 0.583 0.970 0.040
0.0 0.0 1.0 0.0 0.0 0.0 0.0 0.0 0.0 0.0 0.653 0.082 0.082 0.082 2.0 0.403 0.788 0.040
0.0 0.0 1.0 0.0 0.0 0.0 0.0 0.0 0.0 0.0 0.673 0.082 0.082 0.082 4.0 0.625 0.970 0.040
0.0 0.0 1.0 0.0 0.0 0.0 0.0 0.0 0.0 0.0 0.653 0.102 0.102 0.102 2.0 0.403 0.788 0.040
0.0 0.0 1.0 0.0 0.0 0.0 0.0 0.0 0.0 0.0 0.673 0.082 0.082 0.082 4.0 0.556 0.970 0.040
0.0 0.0 1.0 0.0 0.0 0.0 0.0 0.0 0.0 0.0 0.653 0.102 0.102 0.102 2.0 0.403 0.788 0.040
0.0 0.0 0.0 1.0 0.0 0.0 0.0 0.0 0.0 0.0 0.694 0.041 0.041 0.041 2.0 0.153 0.970 0.040
0.0 1.0 0.0 0.0 0.0 0.0 0.0 0.0 0.0 0.0 0.694 0.041 0.041 0.041 1.0 0.139 0.970 0.040
0.0 0.0 0.0 1.0 0.0 0.0 0.0 0.0 0.0 0.0 0.714 0.041 0.041 0.041 2.0 0.153 0.970 0.040
0.0 1.0 0.0 0.0 0.0 0.0 0.0 0.0 0.0 0.0 0.714 0.041 0.041 0.041 1.0 0.139 0.970 0.040
0.0 0.0 0.0 1.0 0.0 0.0 0.0 0.0 0.0 0.0 0.694 0.061 0.061 0.061 2.0 0.153 0.970 0.040
0.0 1.0 0.0 0.0 0.0 0.0 0.0 0.0 0.0 0.0 0.694 0.061 0.061 0.061 1.0 0.139 0.970 0.040
0.0 0.0 0.0 1.0 0.0 0.0 0.0 0.0 0.0 0.0 0.694 0.041 0.041 0.041 2.0 0.153 0.970 0.040
0.0 1.0 0.0 0.0 0.0 0.0 0.0 0.0 0.0 0.0 0.694 0.041 0.041 0.041 1.0 0.139 0.970 0.040
0.0 1.0 0.0 0.0 0.0 0.0 0.0 0.0 0.0 0.0 0.714 0.041 0.041 0.041 1.0 0.083 0.970 0.040
0.0 0.0 1.0 0.0 0.0 0.0 0.0 0.0 0.0 0.0 0.694 0.061 0.061 0.061 2.0 0.153 0.970 0.040
0.0 1.0 0.0 0.0 0.0 0.0 0.0 0.0 0.0 0.0 0.694 0.061 0.061 0.061 1.0 0.139 0.970 0.040
0.0 0.0 0.0 1.0 0.0 0.0 0.0 0.0 0.0 0.0 0.694 0.061 0.061 0.061 2.0 0.167 0.970 0.040
0.0 1.0 0.0 0.0 0.0 0.0 0.0 0.0 0.0 0.0 0.694 0.061 0.061 0.061 1.0 0.139 0.970 0.040
0.0 0.0 0.0 1.0 0.0 0.0 0.0 0.0 0.0 0.0 0.694 0.041 0.041 0.041 2.0 0.153 0.970 0.040
0.0 1.0 0.0 0.0 0.0 0.0 0.0 0.0 0.0 0.0 0.694 0.041 0.041 0.041 1.0 0.139 0.970 0.040
0.0 0.0 1.0 0.0 0.0 0.0 0.0 0.0 0.0 0.0 0.735 0.082 0.082 0.082 4.0 0.278 0.939 0.040
0.0 0.0 1.0 0.0 0.0 0.0 0.0 0.0 0.0 0.0 0.714 0.102 0.102 0.102 4.0 0.278 0.939 0.040
0.0 0.0 1.0 0.0 0.0 0.0 0.0 0.0 0.0 0.0 0.714 0.102 0.102 0.102 2.0 0.181 0.939 0.040
0.0 0.0 0.0 1.0 0.0 0.0 0.0 0.0 0.0 0.0 0.714 0.020 0.020 0.020 2.0 0.097 0.970 0.040
0.0 0.0 0.0 1.0 0.0 0.0 0.0 0.0 0.0 0.0 0.735 0.020 0.020 0.020 2.0 0.097 0.970 0.040
0.0 1.0 0.0 0.0 0.0 0.0 0.0 0.0 0.0 0.0 0.735 0.020 0.020 0.020 1.0 0.083 0.970 0.040
0.0 0.0 0.0 1.0 0.0 0.0 0.0 0.0 0.0 0.0 0.714 0.041 0.041 0.041 2.0 0.097 0.970 0.040
0.0 0.0 0.0 1.0 0.0 0.0 0.0 0.0 0.0 0.0 0.714 0.020 0.020 0.020 2.0 0.097 0.970 0.040
0.0 0.0 0.0 1.0 0.0 0.0 0.0 0.0 0.0 0.0 0.694 0.061 0.061 0.061 2.0 0.167 0.970 0.040
0.0 1.0 0.0 0.0 0.0 0.0 0.0 0.0 0.0 0.0 0.694 0.061 0.061 0.061 1.0 0.139 0.970 0.040
0.0 0.0 0.0 1.0 0.0 0.0 0.0 0.0 0.0 0.0 0.694 0.041 0.041 0.041 2.0 0.153 0.970 0.040
0.0 1.0 0.0 0.0 0.0 0.0 0.0 0.0 0.0 0.0 0.694 0.041 0.041 0.041 1.0 0.139 0.970 0.040
0.0 0.0 0.0 1.0 0.0 0.0 0.0 0.0 0.0 0.0 0.694 0.041 0.041 0.041 2.0 0.153 0.970 0.040
0.0 1.0 0.0 0.0 0.0 0.0 0.0 0.0 0.0 0.0 0.694 0.041 0.041 0.041 1.0 0.139 0.970 0.040
0.0 0.0 0.0 1.0 0.0 0.0 0.0 0.0 0.0 0.0 0.694 0.061 0.061 0.061 2.0 0.167 0.970 0.040
0.0 1.0 0.0 0.0 0.0 0.0 0.0 0.0 0.0 0.0 0.694 0.061 0.061 0.061 1.0 0.139 0.970 0.040
0.0 0.0 0.0 1.0 0.0 0.0 0.0 0.0 0.0 0.0 0.714 0.041 0.041 0.041 2.0 0.111 0.970 0.040
0.0 1.0 0.0 0.0 0.0 0.0 0.0 0.0 0.0 0.0 0.714 0.041 0.041 0.041 1.0 0.097 0.970 0.040
0.0 1.0 0.0 0.0 0.0 0.0 0.0 0.0 0.0 0.0 0.735 0.020 0.020 0.020 1.0 0.083 0.970 0.040
0.0 0.0 1.0 0.0 0.0 0.0 0.0 0.0 0.0 0.0 0.714 0.041 0.041 0.041 2.0 0.097 0.970 0.040
0.0 0.0 0.0 1.0 0.0 0.0 0.0 0.0 0.0 0.0 0.694 0.041 0.041 0.041 2.0 0.153 0.970 0.040
0.0 1.0 0.0 0.0 0.0 0.0 0.0 0.0 0.0 0.0 0.694 0.041 0.041 0.041 1.0 0.139 0.970 0.040
0.0 0.0 0.0 1.0 0.0 0.0 0.0 0.0 0.0 0.0 0.694 0.041 0.041 0.041 2.0 0.153 0.970 0.040
0.0 1.0 0.0 0.0 0.0 0.0 0.0 0.0 0.0 0.0 0.694 0.041 0.041 0.041 1.0 0.139 0.970 0.040
0.0 0.0 0.0 1.0 0.0 0.0 0.0 0.0 0.0 0.0 0.694 0.061 0.061 0.061 2.0 0.167 0.970 0.040
0.0 1.0 0.0 0.0 0.0 0.0 0.0 0.0 0.0 0.0 0.694 0.061 0.061 0.061 1.0 0.139 0.970 0.040
0.0 0.0 0.0 1.0 0.0 0.0 0.0 0.0 0.0 0.0 0.694 0.061 0.061 0.061 2.0 0.167 0.970 0.040
0.0 1.0 0.0 0.0 0.0 0.0 0.0 0.0 0.0 0.0 0.694 0.061 0.061 0.061 1.0 0.139 0.970 0.040
0.0 0.0 0.0 1.0 0.0 0.0 0.0 0.0 0.0 0.0 0.714 0.041 0.041 0.041 2.0 0.111 0.970 0.040
0.0 0.0 0.0 1.0 0.0 0.0 0.0 0.0 0.0 0.0 0.714 0.020 0.020 0.020 2.0 0.097 0.970 0.040
0.0 0.0 0.0 1.0 0.0 0.0 0.0 0.0 0.0 0.0 0.755 0.163 0.163 0.163 4.0 0.306 0.970 0.040
0.0 0.0 1.0 0.0 0.0 0.0 0.0 0.0 0.0 0.0 0.714 0.204 0.204 0.204 4.0 0.306 0.970 0.040
0.0 1.0 0.0 0.0 0.0 0.0 0.0 0.0 0.0 0.0 0.735 0.184 0.184 0.184 1.0 0.125 0.970 0.040
0.0 0.0 1.0 0.0 0.0 0.0 0.0 0.0 0.0 0.0 0.714 0.204 0.204 0.204 2.0 0.181 0.970 0.040
0.0 0.0 0.0 1.0 0.0 0.0 0.0 0.0 0.0 0.0 0.714 0.143 0.143 0.143 4.0 0.319 0.970 0.040
0.0 0.0 1.0 0.0 0.0 0.0 0.0 0.0 0.0 0.0 0.694 0.163 0.163 0.163 4.0 0.306 0.970 0.040
0.0 0.0 1.0 0.0 0.0 0.0 0.0 0.0 0.0 0.0 0.694 0.163 0.163 0.163 2.0 0.222 0.970 0.040
0.0 0.0 1.0 0.0 0.0 0.0 0.0 0.0 0.0 0.0 0.755 0.061 0.245 0.137 4.0 0.403 0.970 0.280
0.0 0.0 1.0 0.0 0.0 0.0 0.0 0.0 0.0 0.0 0.714 0.102 0.286 0.178 4.0 0.319 0.970 0.280
0.0 1.0 0.0 0.0 0.0 0.0 0.0 0.0 0.0 0.0 0.735 0.082 0.265 0.157 1.0 0.139 0.970 0.280
0.0 0.0 0.0 1.0 0.0 0.0 0.0 0.0 0.0 0.0 0.714 0.102 0.286 0.178 2.0 0.181 0.970 0.280
0.0 1.0 0.0 0.0 0.0 0.0 0.0 0.0 0.0 0.0 0.755 0.061 0.245 0.137 1.0 0.236 0.970 0.280
0.0 0.0 1.0 0.0 0.0 0.0 0.0 0.0 0.0 0.0 0.735 0.082 0.265 0.157 4.0 0.292 0.970 0.280
0.0 0.0 1.0 0.0 0.0 0.0 0.0 0.0 0.0 0.0 0.694 0.122 0.306 0.198 4.0 0.306 0.970 0.280
0.0 1.0 0.0 0.0 0.0 0.0 0.0 0.0 0.0 0.0 0.714 0.102 0.286 0.178 1.0 0.125 0.970 0.280
0.0 0.0 0.0 1.0 0.0 0.0 0.0 0.0 0.0 0.0 0.694 0.122 0.306 0.198 2.0 0.181 0.970 0.280
0.0 0.0 0.0 1.0 0.0 0.0 0.0 0.0 0.0 1.0 0.735 0.000 0.000 0.000 2.0 0.097 0.970 0.040
0.0 0.0 0.0 1.0 0.0 0.0 0.0 0.0 0.0 1.0 0.755 0.000 0.000 0.000 2.0 0.097 0.970 0.040
0.0 0.0 0.0 1.0 0.0 0.0 0.0 0.0 0.0 1.0 0.755 0.000 0.000 0.000 2.0 0.083 0.970 0.040
0.0 0.0 0.0 1.0 0.0 0.0 0.0 0.0 0.0 1.0 0.735 0.000 0.000 0.000 2.0 0.097 0.970 0.040
0.0 0.0 0.0 1.0 0.0 0.0 0.0 0.0 0.0 0.0 0.714 0.041 0.041 0.041 2.0 0.111 0.970 0.040
0.0 0.0 0.0 1.0 0.0 0.0 0.0 0.0 0.0 0.0 0.714 0.020 0.020 0.020 2.0 0.097 0.970 0.040
0.0 0.0 0.0 1.0 0.0 0.0 0.0 0.0 0.0 0.0 0.714 0.020 0.020 0.020 2.0 0.097 0.970 0.040
0.0 0.0 0.0 1.0 0.0 0.0 0.0 0.0 0.0 0.0 0.714 0.041 0.041 0.041 2.0 0.111 0.970 0.040
0.0 0.0 0.0 1.0 0.0 0.0 0.0 0.0 0.0 0.0 0.735 0.020 0.020 0.020 2.0 0.097 0.970 0.040
0.0 0.0 0.0 1.0 0.0 0.0 0.0 0.0 0.0 1.0 0.755 0.000 0.000 0.000 2.0 0.069 0.970 0.040
0.0 0.0 0.0 1.0 0.0 0.0 0.0 0.0 0.0 0.0 0.714 0.020 0.020 0.020 2.0 0.097 0.970 0.040
0.0 0.0 0.0 1.0 0.0 0.0 0.0 0.0 0.0 0.0 0.714 0.020 0.020 0.020 2.0 0.097 0.970 0.040
0.0 0.0 0.0 1.0 0.0 0.0 0.0 0.0 0.0 0.0 0.714 0.041 0.041 0.041 2.0 0.111 0.970 0.040
0.0 0.0 0.0 1.0 0.0 0.0 0.0 0.0 0.0 0.0 0.714 0.041 0.041 0.041 2.0 0.111 0.970 0.040
0.0 1.0 0.0 0.0 0.0 0.0 0.0 0.0 0.0 1.0 0.755 0.000 0.000 0.000 1.0 0.056 0.970 0.040
0.0 0.0 1.0 0.0 0.0 0.0 0.0 0.0 0.0 0.0 0.735 0.020 0.020 0.020 2.0 0.111 0.970 0.040
0.0 0.0 0.0 1.0 0.0 0.0 0.0 0.0 0.0 1.0 0.735 0.000 0.000 0.000 2.0 0.097 0.970 0.040
0.0 0.0 1.0 0.0 0.0 0.0 0.0 0.0 0.0 0.0 0.776 0.143 0.143 0.143 2.0 0.167 0.970 0.040
0.0 0.0 1.0 0.0 0.0 0.0 0.0 0.0 0.0 0.0 0.735 0.122 0.122 0.122 2.0 0.167 0.970 0.040
0.0 1.0 0.0 0.0 0.0 0.0 0.0 0.0 0.0 1.0 0.755 0.000 0.000 0.000 1.0 0.056 0.970 0.040
0.0 0.0 1.0 0.0 0.0 0.0 0.0 0.0 0.0 0.0 0.735 0.020 0.020 0.020 2.0 0.111 0.970 0.040
0.0 0.0 0.0 1.0 0.0 0.0 0.0 0.0 0.0 1.0 0.735 0.000 0.000 0.000 2.0 0.097 0.970 0.040
0.0 0.0 0.0 1.0 0.0 0.0 0.0 0.0 0.0 1.0 0.735 0.000 0.000 0.000 2.0 0.097 0.970 0.040
0.0 1.0 0.0 0.0 0.0 0.0 0.0 0.0 0.0 1.0 0.755 0.000 0.000 0.000 1.0 0.056 0.970 0.040
0.0 0.0 0.0 1.0 0.0 0.0 0.0 0.0 0.0 0.0 0.735 0.020 0.020 0.020 2.0 0.111 0.970 0.040
0.0 0.0 0.0 1.0 0.0 0.0 0.0 0.0 0.0 1.0 0.755 0.000 0.000 0.000 2.0 0.097 0.970 0.040
0.0 0.0 0.0 1.0 0.0 0.0 0.0 0.0 0.0 1.0 0.735 0.000 0.000 0.000 2.0 0.097 0.970 0.040
0.0 0.0 0.0 1.0 0.0 0.0 0.0 0.0 0.0 1.0 0.735 0.000 0.000 0.000 2.0 0.097 0.970 0.040
0.0 1.0 0.0 0.0 0.0 0.0 0.0 0.0 0.0 1.0 0.755 0.000 0.000 0.000 1.0 0.056 0.970 0.040
0.0 0.0 0.0 1.0 0.0 0.0 0.0 0.0 0.0 0.0 0.735 0.020 0.020 0.020 2.0 0.111 0.970 0.040
0.0 1.0 0.0 0.0 0.0 0.0 0.0 0.0 0.0 1.0 0.755 0.000 0.000 0.000 1.0 0.056 0.970 0.040
0.0 0.0 0.0 1.0 0.0 0.0 0.0 0.0 0.0 0.0 0.735 0.020 0.020 0.020 2.0 0.111 0.970 0.040
0.0 0.0 1.0 0.0 0.0 0.0 0.0 0.0 0.0 0.0 0.776 0.041 0.041 0.041 3.0 0.250 1.000 0.040
0.0 0.0 0.0 1.0 0.0 0.0 0.0 0.0 0.0 0.0 0.776 0.102 0.224 0.129 2.0 0.403 1.000 0.240
0.0 0.0 1.0 0.0 0.0 0.0 0.0 0.0 1.0 0.0 0.796 0.020 0.020 0.020 4.0 0.208 1.000 0.040
0.0 0.0 0.0 1.0 0.0 0.0 0.0 0.0 0.0 0.0 0.796 0.122 0.122 0.122 2.0 0.153 0.970 0.040
0.0 1.0 0.0 0.0 0.0 0.0 0.0 0.0 0.0 0.0 0.796 0.122 0.122 0.122 1.0 0.111 0.970 0.040
0.0 1.0 0.0 0.0 0.0 0.0 0.0 0.0 0.0 0.0 0.776 0.082 0.082 0.082 1.0 0.111 0.970 0.040
0.0 0.0 1.0 0.0 0.0 0.0 0.0 0.0 0.0 0.0 0.755 0.102 0.102 0.102 2.0 0.125 0.970 0.040
0.0 1.0 0.0 0.0 0.0 0.0 0.0 0.0 0.0 0.0 0.755 0.102 0.102 0.102 1.0 0.111 0.970 0.040
0.0 0.0 0.0 0.0 0.0 1.0 0.0 0.0 0.0 1.0 0.816 0.000 0.000 0.000 2.0 0.097 1.000 0.040
0.0 0.0 1.0 0.0 0.0 0.0 0.0 0.0 0.0 0.0 0.796 0.082 0.082 0.082 3.0 0.236 1.000 0.040
0.0 0.0 1.0 0.0 0.0 0.0 0.0 0.0 1.0 0.0 0.796 0.082 0.082 0.082 3.0 0.208 1.000 0.040
0.0 0.0 1.0 0.0 0.0 0.0 0.0 0.0 1.0 0.0 0.796 0.082 0.082 0.082 3.0 0.208 1.000 0.040
0.0 0.0 1.0 0.0 0.0 0.0 0.0 0.0 1.0 0.0 0.796 0.082 0.082 0.082 3.0 0.208 1.000 0.040
0.0 0.0 1.0 0.0 0.0 0.0 0.0 0.0 0.0 0.0 0.796 0.122 0.122 0.122 3.0 0.236 1.000 0.040
0.0 0.0 0.0 1.0 0.0 0.0 0.0 0.0 0.0 0.0 0.816 0.102 0.102 0.102 2.0 0.153 0.970 0.040
0.0 0.0 0.0 1.0 0.0 0.0 0.0 0.0 0.0 0.0 0.776 0.082 0.082 0.082 2.0 0.153 0.970 0.040
0.0 1.0 0.0 0.0 0.0 0.0 0.0 0.0 0.0 0.0 0.816 0.184 0.184 0.184 1.0 0.125 1.000 0.040
0.0 0.0 1.0 0.0 0.0 0.0 0.0 0.0 1.0 0.0 0.796 0.204 0.204 0.204 3.0 0.181 1.000 0.040
0.0 0.0 0.0 1.0 0.0 0.0 0.0 0.0 0.0 0.0 0.837 0.082 0.082 0.082 2.0 0.167 0.970 0.040
0.0 0.0 0.0 1.0 0.0 0.0 0.0 0.0 0.0 0.0 0.796 0.061 0.061 0.061 2.0 0.153 0.970 0.040
0.0 0.0 0.0 1.0 0.0 0.0 0.0 0.0 0.0 0.0 0.816 0.061 0.061 0.061 2.0 0.153 1.000 0.040
0.0 0.0 0.0 1.0 0.0 0.0 0.0 0.0 0.0 0.0 0.816 0.061 0.061 0.061 2.0 0.139 1.000 0.040
0.0 0.0 0.0 1.0 0.0 0.0 0.0 0.0 0.0 0.0 0.816 0.061 0.061 0.061 2.0 0.139 1.000 0.040
0.0 0.0 0.0 1.0 0.0 0.0 0.0 0.0 0.0 0.0 0.816 0.061 0.061 0.061 2.0 0.139 1.000 0.040
0.0 1.0 0.0 0.0 0.0 0.0 0.0 0.0 0.0 0.0 0.837 0.082 0.082 0.082 1.0 0.097 1.000 0.040
0.0 0.0 1.0 0.0 0.0 0.0 0.0 0.0 0.0 0.0 0.816 0.102 0.102 0.102 2.0 0.139 1.000 0.040
0.0 1.0 0.0 0.0 0.0 0.0 0.0 0.0 0.0 0.0 0.816 0.061 0.061 0.061 1.0 0.125 1.000 0.040
0.0 1.0 0.0 0.0 0.0 0.0 0.0 0.0 0.0 0.0 0.816 0.061 0.061 0.061 1.0 0.111 1.000 0.040
0.0 1.0 0.0 0.0 0.0 0.0 0.0 0.0 0.0 0.0 0.816 0.061 0.061 0.061 1.0 0.111 1.000 0.040
0.0 1.0 0.0 0.0 0.0 0.0 0.0 0.0 0.0 0.0 0.816 0.061 0.061 0.061 1.0 0.111 1.000 0.040
0.0 1.0 0.0 0.0 0.0 0.0 0.0 0.0 0.0 0.0 0.816 0.102 0.102 0.102 1.0 0.125 1.000 0.040
0.0 1.0 0.0 0.0 0.0 0.0 0.0 0.0 0.0 0.0 0.837 0.163 0.163 0.163 1.0 0.097 1.000 0.040
0.0 0.0 0.0 1.0 0.0 0.0 0.0 0.0 0.0 0.0 0.837 0.163 0.163 0.163 2.0 0.125 1.000 0.040
0.0 0.0 0.0 1.0 0.0 0.0 0.0 0.0 0.0 0.0 0.837 0.041 0.041 0.041 2.0 0.139 1.000 0.040
0.0 0.0 0.0 1.0 0.0 0.0 0.0 0.0 0.0 0.0 0.837 0.041 0.041 0.041 2.0 0.139 1.000 0.040
0.0 0.0 0.0 1.0 0.0 0.0 0.0 0.0 0.0 0.0 0.837 0.041 0.041 0.041 2.0 0.125 1.000 0.040
0.0 0.0 0.0 1.0 0.0 0.0 0.0 0.0 0.0 0.0 0.837 0.041 0.041 0.041 2.0 0.125 1.000 0.040
0.0 0.0 0.0 1.0 0.0 0.0 0.0 0.0 0.0 0.0 0.837 0.082 0.082 0.082 2.0 0.125 1.000 0.040
0.0 1.0 0.0 0.0 0.0 0.0 0.0 0.0 0.0 0.0 0.878 0.041 0.041 0.041 1.0 0.083 0.970 0.040
0.0 0.0 1.0 0.0 0.0 0.0 0.0 0.0 0.0 0.0 0.857 0.061 0.061 0.061 2.0 0.125 0.970 0.040
0.0 1.0 0.0 0.0 0.0 0.0 0.0 0.0 0.0 0.0 0.857 0.061 0.061 0.061 1.0 0.111 0.970 0.040
0.0 1.0 0.0 0.0 0.0 0.0 0.0 0.0 0.0 0.0 0.837 0.020 0.020 0.020 1.0 0.083 0.970 0.040
0.0 0.0 0.0 1.0 0.0 0.0 0.0 0.0 0.0 0.0 0.816 0.041 0.041 0.041 2.0 0.125 0.970 0.040
0.0 1.0 0.0 0.0 0.0 0.0 0.0 0.0 0.0 0.0 0.816 0.041 0.041 0.041 1.0 0.111 0.970 0.040
0.0 0.0 0.0 1.0 0.0 0.0 0.0 0.0 0.0 0.0 0.857 0.143 0.143 0.143 2.0 0.139 1.000 0.040
0.0 0.0 0.0 1.0 0.0 0.0 0.0 0.0 0.0 0.0 0.857 0.020 0.020 0.020 2.0 0.125 1.000 0.040
0.0 0.0 0.0 1.0 0.0 0.0 0.0 0.0 0.0 0.0 0.857 0.020 0.020 0.020 2.0 0.125 1.000 0.040
0.0 0.0 0.0 1.0 0.0 0.0 0.0 0.0 0.0 0.0 0.857 0.020 0.020 0.020 2.0 0.125 1.000 0.040
0.0 0.0 0.0 1.0 0.0 0.0 0.0 0.0 0.0 0.0 0.857 0.020 0.020 0.020 2.0 0.125 1.000 0.040
0.0 1.0 0.0 0.0 0.0 0.0 0.0 0.0 0.0 0.0 0.878 0.041 0.041 0.041 1.0 0.097 1.000 0.040
0.0 0.0 0.0 1.0 0.0 0.0 0.0 0.0 0.0 0.0 0.857 0.061 0.061 0.061 2.0 0.111 1.000 0.040
0.0 1.0 0.0 0.0 0.0 0.0 0.0 0.0 0.0 0.0 0.898 0.020 0.020 0.020 1.0 0.083 0.970 0.040
0.0 0.0 0.0 1.0 0.0 0.0 0.0 0.0 0.0 0.0 0.878 0.041 0.041 0.041 2.0 0.125 0.970 0.040
0.0 0.0 0.0 1.0 0.0 0.0 0.0 0.0 0.0 0.0 0.837 0.020 0.020 0.020 2.0 0.125 0.970 0.040
0.0 1.0 0.0 0.0 0.0 0.0 0.0 0.0 0.0 0.0 0.898 0.102 0.102 0.102 1.0 0.125 1.000 0.040
0.0 0.0 0.0 1.0 0.0 0.0 0.0 0.0 0.0 0.0 0.878 0.122 0.122 0.122 2.0 0.139 1.000 0.040
0.0 0.0 1.0 0.0 0.0 0.0 0.0 0.0 0.0 1.0 0.878 0.000 0.000 0.000 2.0 0.097 1.000 0.040
0.0 0.0 1.0 0.0 0.0 0.0 0.0 0.0 0.0 1.0 0.878 0.000 0.000 0.000 2.0 0.097 1.000 0.040
0.0 0.0 1.0 0.0 0.0 0.0 0.0 0.0 0.0 1.0 0.878 0.000 0.000 0.000 2.0 0.097 1.000 0.040
0.0 0.0 1.0 0.0 0.0 0.0 0.0 0.0 0.0 1.0 0.878 0.000 0.000 0.000 2.0 0.097 1.000 0.040
0.0 1.0 0.0 0.0 0.0 0.0 0.0 0.0 0.0 1.0 0.918 0.000 0.000 0.000 1.0 0.056 1.000 0.040
0.0 0.0 0.0 1.0 0.0 0.0 0.0 0.0 0.0 0.0 0.898 0.020 0.020 0.020 2.0 0.097 1.000 0.040
0.0 0.0 0.0 1.0 0.0 0.0 0.0 0.0 0.0 1.0 0.918 0.000 0.000 0.000 2.0 0.069 0.970 0.040
0.0 0.0 0.0 1.0 0.0 0.0 0.0 0.0 0.0 1.0 0.857 0.000 0.000 0.000 2.0 0.083 0.970 0.040
0.0 0.0 0.0 1.0 0.0 0.0 0.0 0.0 0.0 0.0 0.918 0.082 0.082 0.082 2.0 0.125 1.000 0.040
0.0 1.0 0.0 0.0 0.0 0.0 0.0 0.0 0.0 0.0 0.918 0.082 0.082 0.082 1.0 0.097 1.000 0.040
0.0 0.0 0.0 1.0 0.0 0.0 0.0 0.0 0.0 0.0 0.939 0.061 0.061 0.061 2.0 0.139 1.000 0.040
0.0 1.0 0.0 0.0 0.0 0.0 0.0 0.0 0.0 0.0 0.980 0.020 0.020 0.020 1.0 0.083 1.000 0.040
0.0 0.0 0.0 1.0 0.0 0.0 0.0 0.0 0.0 0.0 0.959 0.041 0.041 0.041 2.0 0.125 1.000 0.040
0.0 0.0 1.0 0.0 0.0 0.0 0.0 0.0 0.0 1.0 1.000 0.000 0.000 0.000 2.0 0.083 1.000 0.040
