0.0 1.0 0.0 0.0 0.0 0.0 0.0 0.0 1.0 0.0 0.023 0.750 0.977 0.828 1.0 0.143 0.013 1.000
0.0 1.0 0.0 0.0 0.0 0.0 0.0 0.0 1.0 0.0 0.023 0.750 0.977 0.828 1.0 0.100 0.013 1.000
0.0 1.0 0.0 0.0 0.0 0.0 0.0 0.0 1.0 0.0 0.023 0.750 0.977 0.828 1.0 0.143 0.013 1.000
0.0 1.0 0.0 0.0 0.0 0.0 0.0 0.0 1.0 0.0 0.023 0.750 0.977 0.828 1.0 0.186 0.013 1.000
0.0 1.0 0.0 0.0 0.0 0.0 0.0 0.0 1.0 0.0 0.023 0.750 0.977 0.828 1.0 0.100 0.013 1.000
0.0 1.0 0.0 0.0 0.0 0.0 0.0 0.0 1.0 0.0 0.023 0.750 0.977 0.828 1.0 0.100 0.013 1.000
0.0 1.0 0.0 0.0 0.0 0.0 0.0 0.0 1.0 0.0 0.023 0.750 0.977 0.828 1.0 0.143 0.013 1.000
0.0 1.0 0.0 0.0 0.0 0.0 0.0 0.0 1.0 0.0 0.023 0.750 0.977 0.828 1.0 0.143 0.013 1.000
0.0 1.0 0.0 0.0 0.0 0.0 0.0 0.0 1.0 0.0 0.023 0.750 0.977 0.828 1.0 0.186 0.013 1.000
0.0 1.0 0.0 0.0 0.0 0.0 0.0 0.0 1.0 0.0 0.023 0.750 0.977 0.828 1.0 0.143 0.013 1.000
0.0 1.0 0.0 0.0 0.0 0.0 0.0 0.0 1.0 0.0 0.023 0.750 0.977 0.828 1.0 0.100 0.013 1.000
0.0 1.0 0.0 0.0 0.0 0.0 0.0 0.0 1.0 0.0 0.023 0.750 0.977 0.828 1.0 0.100 0.013 1.000
0.0 1.0 0.0 0.0 0.0 0.0 0.0 0.0 1.0 0.0 0.023 0.750 0.977 0.828 2.0 0.071 0.026 1.000
0.0 1.0 0.0 0.0 0.0 0.0 0.0 0.0 0.0 0.0 0.045 0.727 0.955 0.805 1.0 0.157 0.026 1.000
0.0 1.0 0.0 0.0 0.0 0.0 0.0 0.0 1.0 0.0 0.023 0.750 0.977 0.828 1.0 0.143 0.013 1.000
0.0 1.0 0.0 0.0 0.0 0.0 0.0 0.0 1.0 0.0 0.023 0.750 0.977 0.828 1.0 0.143 0.013 1.000
0.0 1.0 0.0 0.0 0.0 0.0 0.0 0.0 1.0 0.0 0.023 0.750 0.977 0.828 1.0 0.143 0.013 1.000
0.0 0.0 0.0 1.0 0.0 0.0 0.0 0.0 1.0 0.0 0.023 0.909 0.909 0.909 2.0 0.071 0.026 0.040
0.0 0.0 0.0 1.0 0.0 0.0 0.0 0.0 1.0 0.0 0.023 0.955 0.955 0.955 2.0 0.071 0.026 0.040
0.0 1.0 0.0 0.0 0.0 0.0 0.0 0.0 1.0 0.0 0.023 0.750 0.977 0.828 1.0 0.114 0.013 1.000
0.0 1.0 0.0 0.0 0.0 0.0 0.0 0.0 1.0 0.0 0.023 0.750 0.977 0.828 1.0 0.086 0.013 1.000
1.0 0.0 0.0 0.0 0.0 0.0 0.0 0.0 1.0 0.0 0.023 0.750 0.977 0.828 1.0 0.114 0.013 1.000
1.0 0.0 0.0 0.0 0.0 0.0 0.0 0.0 1.0 0.0 0.023 0.750 0.977 0.828 1.0 0.157 0.013 1.000
0.0 1.0 0.0 0.0 0.0 0.0 0.0 0.0 1.0 0.0 0.023 0.750 0.977 0.828 1.0 0.100 0.013 1.000
0.0 1.0 0.0 0.0 0.0 0.0 0.0 0.0 1.0 0.0 0.023 0.750 0.977 0.828 1.0 0.100 0.013 1.000
0.0 1.0 0.0 0.0 0.0 0.0 0.0 0.0 1.0 0.0 0.023 0.750 0.977 0.828 1.0 0.100 0.013 1.000
0.0 1.0 0.0 0.0 0.0 0.0 0.0 0.0 1.0 0.0 0.023 0.750 0.977 0.828 1.0 0.100 0.013 1.000
0.0 1.0 0.0 0.0 0.0 0.0 0.0 0.0 1.0 0.0 0.023 0.909 0.909 0.909 1.0 0.071 0.013 0.040
0.0 1.0 0.0 0.0 0.0 0.0 0.0 0.0 1.0 0.0 0.023 0.955 0.955 0.955 1.0 0.057 0.013 0.040
0.0 1.0 0.0 0.0 0.0 0.0 0.0 0.0 1.0 0.0 0.023 0.750 0.977 0.845 1.0 0.114 0.013 0.640
0.0 1.0 0.0 0.0 0.0 0.0 0.0 0.0 1.0 0.0 0.023 0.750 0.977 0.852 1.0 0.114 0.013 0.640
1.0 0.0 0.0 0.0 0.0 0.0 0.0 0.0 1.0 0.0 0.023 0.909 0.977 0.936 1.0 0.300 0.013 0.240
0.0 1.0 0.0 0.0 0.0 0.0 0.0 0.0 1.0 0.0 0.023 0.750 0.977 0.828 1.0 0.343 0.013 1.000
1.0 0.0 0.0 0.0 0.0 0.0 0.0 0.0 1.0 0.0 0.023 0.750 0.977 0.828 1.0 0.129 0.013 1.000
0.0 1.0 0.0 0.0 0.0 0.0 0.0 0.0 1.0 0.0 0.023 0.750 0.977 0.828 1.0 0.157 0.013 1.000
1.0 0.0 0.0 0.0 0.0 0.0 0.0 0.0 1.0 0.0 0.023 0.750 0.977 0.828 1.0 0.200 0.013 1.000
0.0 1.0 0.0 0.0 0.0 0.0 0.0 0.0 1.0 0.0 0.023 0.909 0.977 0.936 1.0 0.200 0.013 0.240
0.0 1.0 0.0 0.0 0.0 0.0 0.0 0.0 1.0 0.0 0.023 0.841 0.841 0.841 1.0 0.071 0.013 0.040
1.0 0.0 0.0 0.0 0.0 0.0 0.0 0.0 1.0 0.0 0.023 0.909 0.955 0.932 1.0 0.129 0.013 0.080
0.0 1.0 0.0 0.0 0.0 0.0 0.0 0.0 1.0 0.0 0.023 0.750 0.977 0.828 1.0 0.300 0.013 1.000
1.0 0.0 0.0 0.0 0.0 0.0 0.0 0.0 1.0 0.0 0.023 0.750 0.977 0.828 1.0 0.186 0.013 1.000
1.0 0.0 0.0 0.0 0.0 0.0 0.0 0.0 1.0 0.0 0.023 0.909 0.977 0.936 1.0 0.200 0.013 0.240
0.0 1.0 0.0 0.0 0.0 0.0 0.0 0.0 1.0 0.0 0.023 0.750 0.977 0.828 1.0 0.286 0.013 1.000
1.0 0.0 0.0 0.0 0.0 0.0 0.0 0.0 1.0 0.0 0.023 0.750 0.750 0.750 1.0 0.086 0.013 0.040
1.0 0.0 0.0 0.0 0.0 0.0 0.0 0.0 1.0 0.0 0.023 0.773 0.773 0.773 1.0 0.086 0.013 0.040
1.0 0.0 0.0 0.0 0.0 0.0 0.0 0.0 1.0 0.0 0.023 0.773 0.773 0.773 1.0 0.086 0.013 0.040
1.0 0.0 0.0 0.0 0.0 0.0 0.0 0.0 1.0 0.0 0.023 0.795 0.795 0.795 1.0 0.086 0.013 0.040
1.0 0.0 0.0 0.0 0.0 0.0 0.0 0.0 1.0 0.0 0.023 0.750 0.750 0.750 1.0 0.086 0.013 0.040
1.0 0.0 0.0 0.0 0.0 0.0 0.0 0.0 1.0 0.0 0.023 0.750 0.750 0.750 1.0 0.086 0.013 0.040
1.0 0.0 0.0 0.0 0.0 0.0 0.0 0.0 1.0 0.0 0.023 0.795 0.795 0.795 1.0 0.086 0.013 0.040
1.0 0.0 0.0 0.0 0.0 0.0 0.0 0.0 1.0 0.0 0.023 0.773 0.773 0.773 1.0 0.086 0.013 0.040
1.0 0.0 0.0 0.0 0.0 0.0 0.0 0.0 1.0 0.0 0.023 0.795 0.795 0.795 1.0 0.086 0.013 0.040
1.0 0.0 0.0 0.0 0.0 0.0 0.0 0.0 1.0 0.0 0.023 0.795 0.795 0.795 1.0 0.086 0.013 0.040
1.0 0.0 0.0 0.0 0.0 0.0 0.0 0.0 1.0 0.0 0.023 0.750 0.750 0.750 1.0 0.086 0.013 0.040
1.0 0.0 0.0 0.0 0.0 0.0 0.0 0.0 1.0 0.0 0.023 0.773 0.773 0.773 1.0 0.086 0.013 0.040
1.0 0.0 0.0 0.0 0.0 0.0 0.0 0.0 1.0 0.0 0.023 0.795 0.795 0.795 1.0 0.086 0.013 0.040
1.0 0.0 0.0 0.0 0.0 0.0 0.0 0.0 1.0 0.0 0.023 0.773 0.773 0.773 1.0 0.086 0.013 0.040
1.0 0.0 0.0 0.0 0.0 0.0 0.0 0.0 1.0 0.0 0.023 0.750 0.750 0.750 1.0 0.086 0.013 0.040
1.0 0.0 0.0 0.0 0.0 0.0 0.0 0.0 1.0 0.0 0.023 0.795 0.795 0.795 1.0 0.086 0.013 0.040
0.0 1.0 0.0 0.0 0.0 0.0 0.0 0.0 0.0 0.0 0.045 0.727 0.727 0.727 1.0 0.086 0.013 0.040
0.0 1.0 0.0 0.0 0.0 0.0 0.0 0.0 0.0 0.0 0.045 0.750 0.750 0.750 1.0 0.086 0.013 0.040
0.0 1.0 0.0 0.0 0.0 0.0 0.0 0.0 0.0 0.0 0.045 0.750 0.750 0.750 1.0 0.086 0.013 0.040
0.0 1.0 0.0 0.0 0.0 0.0 0.0 0.0 0.0 0.0 0.045 0.773 0.773 0.773 1.0 0.086 0.013 0.040
0.0 1.0 0.0 0.0 0.0 0.0 0.0 0.0 0.0 0.0 0.045 0.727 0.727 0.727 1.0 0.086 0.013 0.040
0.0 1.0 0.0 0.0 0.0 0.0 0.0 0.0 0.0 0.0 0.045 0.727 0.727 0.727 1.0 0.086 0.013 0.040
0.0 1.0 0.0 0.0 0.0 0.0 0.0 0.0 0.0 0.0 0.045 0.773 0.773 0.773 1.0 0.086 0.013 0.040
0.0 1.0 0.0 0.0 0.0 0.0 0.0 0.0 0.0 0.0 0.045 0.750 0.750 0.750 1.0 0.086 0.013 0.040
0.0 1.0 0.0 0.0 0.0 0.0 0.0 0.0 0.0 0.0 0.045 0.773 0.773 0.773 2.0 0.071 0.026 0.040
0.0 1.0 0.0 0.0 0.0 0.0 0.0 0.0 0.0 0.0 0.068 0.750 0.750 0.750 1.0 0.086 0.026 0.040
0.0 1.0 0.0 0.0 0.0 0.0 0.0 0.0 0.0 0.0 0.045 0.773 0.773 0.773 1.0 0.086 0.013 0.040
0.0 1.0 0.0 0.0 0.0 0.0 0.0 0.0 0.0 0.0 0.045 0.727 0.727 0.727 1.0 0.086 0.013 0.040
0.0 1.0 0.0 0.0 0.0 0.0 0.0 0.0 0.0 0.0 0.045 0.750 0.750 0.750 1.0 0.086 0.013 0.040
0.0 1.0 0.0 0.0 0.0 0.0 0.0 0.0 0.0 0.0 0.045 0.773 0.773 0.773 1.0 0.086 0.013 0.040
0.0 1.0 0.0 0.0 0.0 0.0 0.0 0.0 0.0 0.0 0.045 0.750 0.750 0.750 1.0 0.086 0.013 0.040
0.0 1.0 0.0 0.0 0.0 0.0 0.0 0.0 0.0 0.0 0.045 0.727 0.727 0.727 1.0 0.086 0.013 0.040
0.0 1.0 0.0 0.0 0.0 0.0 0.0 0.0 0.0 0.0 0.045 0.773 0.773 0.773 1.0 0.086 0.013 0.040
0.0 0.0 0.0 1.0 0.0 0.0 0.0 0.0 0.0 0.0 0.045 0.886 0.886 0.886 2.0 0.143 0.026 0.040
0.0 0.0 0.0 1.0 0.0 0.0 0.0 0.0 0.0 0.0 0.045 0.909 0.909 0.909 2.0 0.143 0.026 0.040
0.0 0.0 0.0 1.0 0.0 0.0 0.0 0.0 0.0 0.0 0.045 0.955 0.955 0.955 2.0 0.143 0.026 0.040
0.0 0.0 0.0 1.0 0.0 0.0 0.0 0.0 0.0 0.0 0.045 0.932 0.932 0.932 2.0 0.143 0.026 0.040
0.0 0.0 0.0 1.0 0.0 0.0 0.0 0.0 0.0 0.0 0.045 0.886 0.886 0.886 2.0 0.143 0.026 0.040
0.0 0.0 0.0 1.0 0.0 0.0 0.0 0.0 0.0 0.0 0.045 0.909 0.909 0.909 2.0 0.143 0.026 0.040
1.0 0.0 0.0 0.0 0.0 0.0 0.0 0.0 0.0 0.0 0.045 0.727 0.955 0.805 1.0 0.143 0.013 1.000
1.0 0.0 0.0 0.0 0.0 0.0 0.0 0.0 0.0 0.0 0.045 0.727 0.955 0.805 1.0 0.129 0.013 1.000
1.0 0.0 0.0 0.0 0.0 0.0 0.0 0.0 0.0 0.0 0.045 0.727 0.955 0.805 1.0 0.129 0.013 1.000
1.0 0.0 0.0 0.0 0.0 0.0 0.0 0.0 0.0 0.0 0.045 0.727 0.955 0.805 1.0 0.129 0.013 1.000
1.0 0.0 0.0 0.0 0.0 0.0 0.0 0.0 0.0 0.0 0.045 0.727 0.955 0.805 1.0 0.143 0.013 1.000
1.0 0.0 0.0 0.0 0.0 0.0 0.0 0.0 0.0 0.0 0.045 0.727 0.955 0.805 1.0 0.143 0.013 1.000
0.0 0.0 1.0 0.0 0.0 0.0 0.0 0.0 1.0 0.0 0.045 0.727 0.955 0.805 2.0 0.186 0.026 1.000
1.0 0.0 0.0 0.0 0.0 0.0 0.0 0.0 0.0 0.0 0.045 0.727 0.955 0.805 1.0 0.157 0.013 1.000
1.0 0.0 0.0 0.0 0.0 0.0 0.0 0.0 0.0 0.0 0.045 0.727 0.955 0.805 1.0 0.129 0.013 1.000
1.0 0.0 0.0 0.0 0.0 0.0 0.0 0.0 0.0 0.0 0.045 0.727 0.955 0.805 1.0 0.129 0.013 1.000
0.0 0.0 1.0 0.0 0.0 0.0 0.0 0.0 1.0 0.0 0.045 0.727 0.955 0.805 2.0 0.171 0.026 1.000
1.0 0.0 0.0 0.0 0.0 0.0 0.0 0.0 0.0 0.0 0.045 0.727 0.955 0.805 1.0 0.143 0.013 1.000
0.0 0.0 1.0 0.0 0.0 0.0 0.0 0.0 1.0 0.0 0.045 0.727 0.955 0.805 3.0 0.200 0.038 1.000
1.0 0.0 0.0 0.0 0.0 0.0 0.0 0.0 0.0 0.0 0.045 0.727 0.955 0.805 1.0 0.143 0.013 1.000
1.0 0.0 0.0 0.0 0.0 0.0 0.0 0.0 0.0 0.0 0.045 0.727 0.955 0.805 1.0 0.143 0.013 1.000
0.0 0.0 0.0 1.0 0.0 0.0 0.0 0.0 0.0 0.0 0.045 0.886 0.886 0.886 2.0 0.143 0.026 0.040
0.0 0.0 0.0 1.0 0.0 0.0 0.0 0.0 0.0 0.0 0.045 0.932 0.932 0.932 2.0 0.143 0.026 0.040
0.0 0.0 0.0 1.0 0.0 0.0 0.0 0.0 1.0 0.0 0.045 0.727 0.955 0.805 2.0 0.343 0.026 1.000
0.0 0.0 0.0 1.0 0.0 0.0 0.0 0.0 0.0 0.0 0.045 0.727 0.955 0.805 2.0 0.200 0.026 1.000
0.0 0.0 0.0 1.0 0.0 0.0 0.0 0.0 0.0 0.0 0.045 0.727 0.955 0.805 2.0 0.186 0.026 1.000
1.0 0.0 0.0 0.0 0.0 0.0 0.0 0.0 0.0 0.0 0.045 0.727 0.955 0.805 1.0 0.143 0.013 1.000
1.0 0.0 0.0 0.0 0.0 0.0 0.0 0.0 0.0 0.0 0.045 0.727 0.955 0.805 1.0 0.129 0.013 1.000
1.0 0.0 0.0 0.0 0.0 0.0 0.0 0.0 0.0 0.0 0.045 0.932 0.932 0.932 1.0 0.143 0.013 0.040
1.0 0.0 0.0 0.0 0.0 0.0 0.0 0.0 0.0 0.0 0.045 0.932 0.932 0.932 1.0 0.129 0.013 0.040
1.0 0.0 0.0 0.0 0.0 0.0 0.0 0.0 0.0 0.0 0.045 0.955 0.955 0.955 1.0 0.129 0.013 0.040
1.0 0.0 0.0 0.0 0.0 0.0 0.0 0.0 0.0 0.0 0.045 0.727 0.955 0.805 1.0 0.129 0.013 1.000
1.0 0.0 0.0 0.0 0.0 0.0 0.0 0.0 0.0 0.0 0.045 0.727 0.955 0.805 1.0 0.114 0.013 1.000
1.0 0.0 0.0 0.0 0.0 0.0 0.0 0.0 0.0 0.0 0.045 0.727 0.955 0.805 1.0 0.114 0.013 1.000
1.0 0.0 0.0 0.0 0.0 0.0 0.0 0.0 0.0 0.0 0.045 0.727 0.955 0.805 1.0 0.129 0.013 1.000
0.0 0.0 1.0 0.0 0.0 0.0 0.0 0.0 1.0 0.0 0.045 0.727 0.955 0.805 3.0 0.186 0.038 1.000
1.0 0.0 0.0 0.0 0.0 0.0 0.0 0.0 0.0 0.0 0.045 0.727 0.955 0.805 1.0 0.114 0.013 1.000
1.0 0.0 0.0 0.0 0.0 0.0 0.0 0.0 0.0 0.0 0.045 0.727 0.955 0.805 1.0 0.143 0.013 1.000
1.0 0.0 0.0 0.0 0.0 0.0 0.0 0.0 0.0 0.0 0.068 0.705 0.932 0.783 1.0 0.143 0.026 1.000
0.0 0.0 1.0 0.0 0.0 0.0 0.0 0.0 1.0 0.0 0.045 0.727 0.955 0.805 3.0 0.186 0.038 1.000
1.0 0.0 0.0 0.0 0.0 0.0 0.0 0.0 0.0 0.0 0.045 0.727 0.955 0.805 1.0 0.114 0.013 1.000
1.0 0.0 0.0 0.0 0.0 0.0 0.0 0.0 0.0 0.0 0.045 0.818 0.818 0.818 1.0 0.114 0.013 0.040
1.0 0.0 0.0 0.0 0.0 0.0 0.0 0.0 0.0 0.0 0.045 0.727 0.955 0.805 1.0 0.114 0.013 1.000
1.0 0.0 0.0 0.0 0.0 0.0 0.0 0.0 0.0 0.0 0.045 0.818 0.818 0.818 1.0 0.114 0.013 0.040
1.0 0.0 0.0 0.0 0.0 0.0 0.0 0.0 0.0 0.0 0.045 0.727 0.955 0.805 1.0 0.114 0.013 1.000
1.0 0.0 0.0 0.0 0.0 0.0 0.0 0.0 0.0 0.0 0.045 0.818 0.818 0.818 1.0 0.114 0.013 0.040
1.0 0.0 0.0 0.0 0.0 0.0 0.0 0.0 0.0 0.0 0.045 0.727 0.955 0.805 1.0 0.114 0.013 1.000
1.0 0.0 0.0 0.0 0.0 0.0 0.0 0.0 0.0 0.0 0.045 0.818 0.818 0.818 1.0 0.114 0.013 0.040
0.0 0.0 1.0 0.0 0.0 0.0 0.0 0.0 0.0 0.0 0.045 0.886 0.886 0.886 2.0 0.129 0.038 0.040
0.0 0.0 1.0 0.0 0.0 0.0 0.0 0.0 0.0 0.0 0.045 0.932 0.932 0.932 2.0 0.129 0.038 0.040
1.0 0.0 0.0 0.0 0.0 0.0 0.0 0.0 0.0 0.0 0.045 0.727 0.955 0.805 1.0 0.129 0.013 1.000
1.0 0.0 0.0 0.0 0.0 0.0 0.0 0.0 0.0 0.0 0.045 0.727 0.955 0.805 1.0 0.129 0.013 1.000
1.0 0.0 0.0 0.0 0.0 0.0 0.0 0.0 0.0 0.0 0.045 0.727 0.955 0.805 1.0 0.129 0.013 1.000
1.0 0.0 0.0 0.0 0.0 0.0 0.0 0.0 0.0 0.0 0.045 0.727 0.955 0.805 1.0 0.129 0.013 1.000
1.0 0.0 0.0 0.0 0.0 0.0 0.0 0.0 0.0 0.0 0.045 0.727 0.955 0.805 1.0 0.129 0.013 1.000
1.0 0.0 0.0 0.0 0.0 0.0 0.0 0.0 0.0 0.0 0.045 0.727 0.955 0.805 1.0 0.129 0.013 1.000
1.0 0.0 0.0 0.0 0.0 0.0 0.0 0.0 0.0 0.0 0.068 0.909 0.909 0.909 1.0 0.143 0.026 0.040
1.0 0.0 0.0 0.0 0.0 0.0 0.0 0.0 0.0 0.0 0.068 0.705 0.932 0.783 1.0 0.143 0.026 1.000
1.0 0.0 0.0 0.0 0.0 0.0 0.0 0.0 0.0 0.0 0.045 0.727 0.955 0.805 1.0 0.143 0.013 1.000
1.0 0.0 0.0 0.0 0.0 0.0 0.0 0.0 0.0 0.0 0.045 0.909 0.909 0.909 1.0 0.143 0.013 0.040
1.0 0.0 0.0 0.0 0.0 0.0 0.0 0.0 0.0 0.0 0.045 0.727 0.955 0.805 1.0 0.114 0.013 1.000
1.0 0.0 0.0 0.0 0.0 0.0 0.0 0.0 0.0 0.0 0.045 0.727 0.955 0.805 1.0 0.129 0.013 1.000
0.0 0.0 1.0 0.0 0.0 0.0 0.0 0.0 1.0 0.0 0.045 0.727 0.955 0.805 3.0 0.186 0.038 1.000
1.0 0.0 0.0 0.0 0.0 0.0 0.0 0.0 0.0 0.0 0.045 0.727 0.955 0.805 1.0 0.129 0.013 1.000
1.0 0.0 0.0 0.0 0.0 0.0 0.0 0.0 0.0 0.0 0.045 0.727 0.955 0.805 1.0 0.143 0.013 1.000
1.0 0.0 0.0 0.0 0.0 0.0 0.0 0.0 0.0 0.0 0.045 0.727 0.955 0.805 1.0 0.143 0.013 1.000
1.0 0.0 0.0 0.0 0.0 0.0 0.0 0.0 0.0 0.0 0.045 0.727 0.955 0.805 1.0 0.114 0.013 1.000
1.0 0.0 0.0 0.0 0.0 0.0 0.0 0.0 0.0 0.0 0.045 0.727 0.955 0.805 1.0 0.129 0.013 1.000
1.0 0.0 0.0 0.0 0.0 0.0 0.0 0.0 0.0 0.0 0.045 0.727 0.955 0.805 1.0 0.129 0.013 1.000
1.0 0.0 0.0 0.0 0.0 0.0 0.0 0.0 0.0 0.0 0.045 0.727 0.955 0.805 1.0 0.129 0.013 1.000
1.0 0.0 0.0 0.0 0.0 0.0 0.0 0.0 0.0 0.0 0.045 0.727 0.955 0.805 1.0 0.129 0.013 1.000
1.0 0.0 0.0 0.0 0.0 0.0 0.0 0.0 0.0 0.0 0.045 0.727 0.955 0.805 1.0 0.129 0.013 1.000
0.0 1.0 0.0 0.0 0.0 0.0 0.0 0.0 0.0 0.0 0.068 0.864 0.864 0.864 1.0 0.114 0.038 0.040
0.0 1.0 0.0 0.0 0.0 0.0 0.0 0.0 0.0 0.0 0.068 0.909 0.909 0.909 1.0 0.114 0.038 0.040
0.0 1.0 0.0 0.0 0.0 0.0 0.0 0.0 0.0 0.0 0.068 0.705 0.932 0.783 1.0 0.100 0.013 1.000
0.0 1.0 0.0 0.0 0.0 0.0 0.0 0.0 0.0 0.0 0.068 0.705 0.932 0.783 1.0 0.100 0.013 1.000
0.0 1.0 0.0 0.0 0.0 0.0 0.0 0.0 0.0 0.0 0.068 0.909 0.909 0.909 1.0 0.100 0.013 0.040
0.0 1.0 0.0 0.0 0.0 0.0 0.0 0.0 0.0 0.0 0.068 0.909 0.909 0.909 1.0 0.100 0.013 0.040
0.0 1.0 0.0 0.0 0.0 0.0 0.0 0.0 0.0 0.0 0.068 0.705 0.932 0.783 1.0 0.100 0.013 1.000
0.0 1.0 0.0 0.0 0.0 0.0 0.0 0.0 0.0 0.0 0.068 0.705 0.932 0.783 1.0 0.114 0.038 1.000
0.0 1.0 0.0 0.0 0.0 0.0 0.0 0.0 0.0 0.0 0.068 0.705 0.932 0.783 1.0 0.100 0.013 1.000
0.0 1.0 0.0 0.0 0.0 0.0 0.0 0.0 0.0 0.0 0.091 0.682 0.909 0.760 2.0 0.086 0.038 1.000
0.0 1.0 0.0 0.0 0.0 0.0 0.0 0.0 0.0 0.0 0.114 0.659 0.886 0.737 1.0 0.086 0.038 1.000
0.0 1.0 0.0 0.0 0.0 0.0 0.0 0.0 0.0 0.0 0.068 0.705 0.932 0.783 1.0 0.114 0.038 1.000
0.0 0.0 1.0 0.0 0.0 0.0 0.0 0.0 1.0 0.0 0.068 0.864 0.864 0.864 2.0 0.157 0.038 0.040
0.0 0.0 1.0 0.0 0.0 0.0 0.0 0.0 1.0 0.0 0.068 0.886 0.886 0.886 2.0 0.143 0.038 0.040
0.0 0.0 0.0 1.0 0.0 0.0 0.0 0.0 1.0 0.0 0.068 0.705 0.932 0.783 2.0 0.229 0.038 1.000
0.0 0.0 0.0 1.0 0.0 0.0 0.0 0.0 1.0 0.0 0.068 0.705 0.932 0.783 2.0 0.243 0.038 1.000
0.0 0.0 0.0 1.0 0.0 0.0 0.0 0.0 1.0 0.0 0.068 0.705 0.932 0.783 2.0 0.171 0.038 1.000
0.0 0.0 0.0 1.0 0.0 0.0 0.0 0.0 1.0 0.0 0.068 0.705 0.932 0.783 2.0 0.171 0.038 1.000
0.0 1.0 0.0 0.0 0.0 0.0 0.0 0.0 0.0 0.0 0.068 0.795 0.795 0.795 1.0 0.100 0.013 0.040
0.0 1.0 0.0 0.0 0.0 0.0 0.0 0.0 0.0 0.0 0.068 0.705 0.932 0.783 1.0 0.100 0.013 1.000
0.0 1.0 0.0 0.0 0.0 0.0 0.0 0.0 0.0 0.0 0.068 0.795 0.795 0.795 1.0 0.100 0.013 0.040
0.0 1.0 0.0 0.0 0.0 0.0 0.0 0.0 0.0 0.0 0.068 0.705 0.932 0.783 1.0 0.100 0.013 1.000
0.0 1.0 0.0 0.0 0.0 0.0 0.0 0.0 0.0 0.0 0.068 0.795 0.795 0.795 1.0 0.100 0.013 0.040
0.0 1.0 0.0 0.0 0.0 0.0 0.0 0.0 0.0 0.0 0.068 0.705 0.932 0.783 1.0 0.100 0.013 1.000
0.0 1.0 0.0 0.0 0.0 0.0 0.0 0.0 0.0 0.0 0.068 0.795 0.795 0.795 1.0 0.100 0.013 0.040
0.0 1.0 0.0 0.0 0.0 0.0 0.0 0.0 0.0 0.0 0.068 0.705 0.932 0.783 1.0 0.100 0.013 1.000
0.0 0.0 0.0 1.0 0.0 0.0 0.0 0.0 0.0 0.0 0.068 0.705 0.932 0.800 4.0 0.414 0.064 0.640
0.0 0.0 0.0 1.0 0.0 0.0 0.0 0.0 0.0 0.0 0.068 0.705 0.932 0.807 4.0 0.414 0.064 0.640
0.0 1.0 0.0 0.0 0.0 0.0 0.0 0.0 0.0 0.0 0.091 0.682 0.909 0.760 2.0 0.586 0.064 1.000
0.0 0.0 0.0 1.0 0.0 0.0 0.0 0.0 0.0 0.0 0.068 0.705 0.932 0.783 3.0 0.186 0.051 1.000
0.0 0.0 1.0 0.0 0.0 0.0 0.0 0.0 0.0 0.0 0.068 0.795 0.795 0.795 3.0 0.500 0.051 0.040
1.0 0.0 0.0 0.0 0.0 0.0 0.0 0.0 0.0 0.0 0.068 0.705 0.932 0.783 1.0 0.129 0.013 1.000
0.0 1.0 0.0 0.0 0.0 0.0 0.0 0.0 0.0 0.0 0.068 0.705 0.932 0.783 1.0 0.100 0.013 1.000
1.0 0.0 0.0 0.0 0.0 0.0 0.0 0.0 0.0 0.0 0.068 0.705 0.932 0.783 1.0 0.129 0.013 1.000
0.0 1.0 0.0 0.0 0.0 0.0 0.0 0.0 0.0 0.0 0.068 0.705 0.932 0.783 1.0 0.100 0.013 1.000
1.0 0.0 0.0 0.0 0.0 0.0 0.0 0.0 0.0 0.0 0.068 0.705 0.932 0.783 1.0 0.129 0.013 1.000
0.0 1.0 0.0 0.0 0.0 0.0 0.0 0.0 0.0 0.0 0.068 0.705 0.932 0.783 1.0 0.100 0.013 1.000
1.0 0.0 0.0 0.0 0.0 0.0 0.0 0.0 0.0 0.0 0.068 0.705 0.932 0.783 1.0 0.129 0.013 1.000
0.0 1.0 0.0 0.0 0.0 0.0 0.0 0.0 0.0 0.0 0.068 0.705 0.932 0.783 1.0 0.100 0.013 1.000
1.0 0.0 0.0 0.0 0.0 0.0 0.0 0.0 0.0 0.0 0.068 0.705 0.932 0.783 1.0 0.129 0.013 1.000
0.0 1.0 0.0 0.0 0.0 0.0 0.0 0.0 0.0 0.0 0.068 0.705 0.932 0.783 1.0 0.100 0.013 1.000
1.0 0.0 0.0 0.0 0.0 0.0 0.0 0.0 0.0 0.0 0.068 0.705 0.932 0.783 1.0 0.129 0.013 1.000
0.0 1.0 0.0 0.0 0.0 0.0 0.0 0.0 0.0 0.0 0.068 0.705 0.932 0.783 1.0 0.100 0.013 1.000
1.0 0.0 0.0 0.0 0.0 0.0 0.0 0.0 0.0 0.0 0.068 0.864 0.864 0.864 1.0 0.129 0.026 0.040
1.0 0.0 0.0 0.0 0.0 0.0 0.0 0.0 0.0 0.0 0.068 0.705 0.932 0.783 1.0 0.129 0.026 1.000
1.0 0.0 0.0 0.0 0.0 0.0 0.0 0.0 0.0 0.0 0.068 0.909 0.909 0.909 1.0 0.129 0.013 0.040
0.0 1.0 0.0 0.0 0.0 0.0 0.0 0.0 0.0 0.0 0.091 0.886 0.886 0.886 1.0 0.100 0.026 0.040
1.0 0.0 0.0 0.0 0.0 0.0 0.0 0.0 0.0 0.0 0.068 0.705 0.932 0.783 1.0 0.129 0.013 1.000
0.0 1.0 0.0 0.0 0.0 0.0 0.0 0.0 0.0 0.0 0.091 0.682 0.909 0.760 1.0 0.100 0.026 1.000
0.0 1.0 0.0 0.0 0.0 0.0 0.0 0.0 0.0 0.0 0.091 0.682 0.909 0.760 2.0 0.114 0.038 1.000
1.0 0.0 0.0 0.0 0.0 0.0 0.0 0.0 0.0 0.0 0.068 0.705 0.932 0.783 1.0 0.100 0.026 1.000
0.0 1.0 0.0 0.0 0.0 0.0 0.0 0.0 0.0 0.0 0.068 0.705 0.932 0.783 2.0 0.086 0.026 1.000
0.0 1.0 0.0 0.0 0.0 0.0 0.0 0.0 0.0 0.0 0.091 0.682 0.909 0.760 1.0 0.086 0.026 1.000
1.0 0.0 0.0 0.0 0.0 0.0 0.0 0.0 0.0 0.0 0.068 0.886 0.886 0.886 1.0 0.129 0.026 0.040
0.0 1.0 0.0 0.0 0.0 0.0 0.0 0.0 0.0 0.0 0.068 0.886 0.886 0.886 1.0 0.100 0.013 0.040
1.0 0.0 0.0 0.0 0.0 0.0 0.0 0.0 0.0 0.0 0.068 0.932 0.932 0.932 1.0 0.143 0.038 0.040
0.0 1.0 0.0 0.0 0.0 0.0 0.0 0.0 0.0 0.0 0.068 0.932 0.932 0.932 1.0 0.100 0.013 0.040
1.0 0.0 0.0 0.0 0.0 0.0 0.0 0.0 0.0 0.0 0.068 0.705 0.932 0.783 1.0 0.143 0.038 1.000
0.0 1.0 0.0 0.0 0.0 0.0 0.0 0.0 0.0 0.0 0.068 0.705 0.932 0.783 1.0 0.100 0.013 1.000
0.0 1.0 0.0 0.0 0.0 0.0 0.0 0.0 0.0 0.0 0.068 0.705 0.932 0.783 1.0 0.100 0.013 1.000
0.0 1.0 0.0 0.0 0.0 0.0 0.0 0.0 0.0 0.0 0.068 0.705 0.932 0.783 1.0 0.100 0.013 1.000
0.0 1.0 0.0 0.0 0.0 0.0 0.0 0.0 0.0 0.0 0.068 0.705 0.932 0.783 1.0 0.114 0.038 1.000
0.0 1.0 0.0 0.0 0.0 0.0 0.0 0.0 0.0 0.0 0.068 0.705 0.932 0.783 2.0 0.086 0.026 1.000
0.0 1.0 0.0 0.0 0.0 0.0 0.0 0.0 0.0 0.0 0.091 0.682 0.909 0.760 1.0 0.086 0.026 1.000
0.0 1.0 0.0 0.0 0.0 0.0 0.0 0.0 0.0 0.0 0.068 0.705 0.932 0.783 1.0 0.100 0.013 1.000
1.0 0.0 0.0 0.0 0.0 0.0 0.0 0.0 0.0 0.0 0.068 0.705 0.932 0.783 1.0 0.129 0.013 1.000
0.0 1.0 0.0 0.0 0.0 0.0 0.0 0.0 0.0 0.0 0.068 0.705 0.932 0.783 1.0 0.100 0.013 1.000
1.0 0.0 0.0 0.0 0.0 0.0 0.0 0.0 0.0 0.0 0.068 0.705 0.932 0.783 1.0 0.129 0.013 1.000
0.0 1.0 0.0 0.0 0.0 0.0 0.0 0.0 0.0 0.0 0.068 0.705 0.932 0.783 1.0 0.100 0.013 1.000
0.0 1.0 0.0 0.0 0.0 0.0 0.0 0.0 0.0 0.0 0.068 0.705 0.932 0.783 2.0 0.086 0.026 1.000
0.0 1.0 0.0 0.0 0.0 0.0 0.0 0.0 0.0 0.0 0.091 0.682 0.909 0.760 1.0 0.086 0.026 1.000
0.0 1.0 0.0 0.0 0.0 0.0 0.0 0.0 0.0 0.0 0.068 0.705 0.932 0.783 1.0 0.100 0.013 1.000
0.0 1.0 0.0 0.0 0.0 0.0 0.0 0.0 0.0 0.0 0.068 0.705 0.932 0.783 1.0 0.100 0.013 1.000
0.0 1.0 0.0 0.0 0.0 0.0 0.0 0.0 0.0 0.0 0.068 0.705 0.932 0.783 1.0 0.100 0.013 1.000
0.0 1.0 0.0 0.0 0.0 0.0 0.0 0.0 0.0 0.0 0.068 0.705 0.932 0.783 1.0 0.100 0.013 1.000
0.0 1.0 0.0 0.0 0.0 0.0 0.0 0.0 0.0 0.0 0.068 0.705 0.932 0.783 1.0 0.100 0.013 1.000
0.0 1.0 0.0 0.0 0.0 0.0 0.0 0.0 0.0 0.0 0.068 0.705 0.932 0.783 1.0 0.100 0.013 1.000
0.0 1.0 0.0 0.0 0.0 0.0 0.0 0.0 0.0 0.0 0.068 0.705 0.932 0.783 1.0 0.100 0.013 1.000
1.0 0.0 0.0 0.0 0.0 0.0 0.0 0.0 0.0 0.0 0.068 0.705 0.932 0.783 1.0 0.129 0.013 1.000
1.0 0.0 0.0 0.0 0.0 0.0 0.0 0.0 0.0 0.0 0.068 0.705 0.932 0.783 1.0 0.129 0.013 1.000
1.0 0.0 0.0 0.0 0.0 0.0 0.0 0.0 0.0 0.0 0.068 0.705 0.932 0.783 1.0 0.129 0.013 1.000
1.0 0.0 0.0 0.0 0.0 0.0 0.0 0.0 0.0 0.0 0.068 0.705 0.932 0.783 1.0 0.129 0.013 1.000
1.0 0.0 0.0 0.0 0.0 0.0 0.0 0.0 0.0 0.0 0.068 0.705 0.932 0.783 1.0 0.129 0.013 1.000
1.0 0.0 0.0 0.0 0.0 0.0 0.0 0.0 0.0 0.0 0.068 0.705 0.932 0.783 1.0 0.129 0.013 1.000
1.0 0.0 0.0 0.0 0.0 0.0 0.0 0.0 0.0 0.0 0.068 0.864 0.864 0.864 1.0 0.129 0.013 0.040
1.0 0.0 0.0 0.0 0.0 0.0 0.0 0.0 0.0 0.0 0.068 0.705 0.932 0.783 1.0 0.129 0.013 1.000
1.0 0.0 0.0 0.0 0.0 0.0 0.0 0.0 0.0 0.0 0.068 0.909 0.909 0.909 1.0 0.129 0.013 0.040
1.0 0.0 0.0 0.0 0.0 0.0 0.0 0.0 0.0 0.0 0.068 0.705 0.932 0.783 1.0 0.129 0.013 1.000
1.0 0.0 0.0 0.0 0.0 0.0 0.0 0.0 0.0 0.0 0.068 0.705 0.932 0.783 1.0 0.129 0.013 1.000
1.0 0.0 0.0 0.0 0.0 0.0 0.0 0.0 0.0 0.0 0.068 0.886 0.886 0.886 1.0 0.129 0.013 0.040
1.0 0.0 0.0 0.0 0.0 0.0 0.0 0.0 0.0 0.0 0.068 0.705 0.932 0.783 1.0 0.129 0.013 1.000
1.0 0.0 0.0 0.0 0.0 0.0 0.0 0.0 0.0 0.0 0.068 0.705 0.932 0.783 1.0 0.129 0.013 1.000
0.0 0.0 0.0 1.0 0.0 0.0 0.0 0.0 0.0 0.0 0.091 0.682 0.909 0.760 2.0 0.129 0.026 1.000
0.0 0.0 0.0 1.0 0.0 0.0 0.0 0.0 0.0 0.0 0.091 0.682 0.909 0.760 2.0 0.129 0.026 1.000
0.0 0.0 0.0 1.0 0.0 0.0 0.0 0.0 0.0 0.0 0.091 0.886 0.886 0.886 2.0 0.129 0.026 0.040
0.0 0.0 0.0 1.0 0.0 0.0 0.0 0.0 0.0 0.0 0.091 0.886 0.886 0.886 2.0 0.129 0.026 0.040
0.0 0.0 0.0 1.0 0.0 0.0 0.0 0.0 0.0 0.0 0.136 0.636 0.864 0.715 2.0 0.143 0.077 1.000
0.0 0.0 0.0 1.0 0.0 0.0 0.0 0.0 0.0 0.0 0.091 0.682 0.909 0.760 2.0 0.129 0.064 1.000
0.0 0.0 0.0 1.0 0.0 0.0 0.0 0.0 0.0 0.0 0.091 0.682 0.909 0.760 2.0 0.143 0.026 1.000
0.0 0.0 0.0 1.0 0.0 0.0 0.0 0.0 0.0 0.0 0.091 0.682 0.909 0.760 2.0 0.143 0.026 1.000
0.0 0.0 0.0 1.0 0.0 0.0 0.0 0.0 0.0 0.0 0.091 0.682 0.909 0.760 2.0 0.143 0.051 1.000
0.0 0.0 0.0 1.0 0.0 0.0 0.0 0.0 0.0 0.0 0.114 0.659 0.886 0.737 2.0 0.157 0.064 1.000
0.0 0.0 0.0 1.0 0.0 0.0 0.0 0.0 0.0 0.0 0.114 0.659 0.886 0.737 2.0 0.143 0.038 1.000
0.0 0.0 0.0 1.0 0.0 0.0 0.0 0.0 0.0 0.0 0.091 0.682 0.909 0.760 2.0 0.143 0.026 1.000
0.0 1.0 0.0 0.0 0.0 0.0 0.0 0.0 0.0 0.0 0.114 0.659 0.886 0.737 2.0 0.100 0.038 1.000
0.0 0.0 0.0 1.0 0.0 0.0 0.0 0.0 0.0 0.0 0.091 0.682 0.909 0.760 2.0 0.114 0.026 1.000
0.0 0.0 0.0 1.0 0.0 0.0 0.0 0.0 0.0 0.0 0.091 0.682 0.909 0.760 2.0 0.129 0.026 1.000
0.0 0.0 0.0 1.0 0.0 0.0 0.0 0.0 0.0 0.0 0.091 0.682 0.909 0.760 2.0 0.143 0.026 1.000
0.0 0.0 0.0 1.0 0.0 0.0 0.0 0.0 0.0 0.0 0.091 0.682 0.909 0.760 2.0 0.143 0.026 1.000
0.0 1.0 0.0 0.0 0.0 0.0 0.0 0.0 0.0 0.0 0.091 0.682 0.909 0.760 1.0 0.100 0.013 1.000
0.0 1.0 0.0 0.0 0.0 0.0 0.0 0.0 0.0 0.0 0.091 0.682 0.909 0.760 1.0 0.100 0.013 1.000
0.0 0.0 0.0 1.0 0.0 0.0 0.0 0.0 0.0 0.0 0.114 0.659 0.886 0.737 2.0 0.143 0.026 1.000
0.0 1.0 0.0 0.0 0.0 0.0 0.0 0.0 0.0 0.0 0.091 0.682 0.909 0.760 1.0 0.100 0.013 1.000
0.0 1.0 0.0 0.0 0.0 0.0 0.0 0.0 0.0 0.0 0.091 0.682 0.909 0.760 2.0 0.086 0.026 1.000
0.0 1.0 0.0 0.0 0.0 0.0 0.0 0.0 0.0 0.0 0.114 0.659 0.886 0.737 1.0 0.086 0.026 1.000
0.0 1.0 0.0 0.0 0.0 0.0 0.0 0.0 0.0 0.0 0.091 0.682 0.909 0.760 1.0 0.100 0.013 1.000
0.0 1.0 0.0 0.0 0.0 0.0 0.0 0.0 0.0 0.0 0.091 0.682 0.909 0.760 1.0 0.100 0.013 1.000
0.0 1.0 0.0 0.0 0.0 0.0 0.0 0.0 0.0 0.0 0.091 0.682 0.909 0.760 2.0 0.086 0.038 1.000
0.0 1.0 0.0 0.0 0.0 0.0 0.0 0.0 0.0 0.0 0.114 0.659 0.886 0.737 1.0 0.086 0.038 1.000
0.0 1.0 0.0 0.0 0.0 0.0 0.0 0.0 0.0 0.0 0.091 0.682 0.909 0.760 1.0 0.100 0.013 1.000
0.0 1.0 0.0 0.0 0.0 0.0 0.0 0.0 0.0 0.0 0.091 0.864 0.864 0.864 2.0 0.100 0.038 0.040
0.0 0.0 0.0 1.0 0.0 0.0 0.0 0.0 0.0 0.0 0.114 0.864 0.864 0.864 2.0 0.143 0.026 0.040
0.0 1.0 0.0 0.0 0.0 0.0 0.0 0.0 0.0 0.0 0.091 0.682 0.909 0.760 1.0 0.100 0.038 1.000
0.0 0.0 0.0 1.0 0.0 0.0 0.0 0.0 0.0 0.0 0.091 0.682 0.909 0.760 2.0 0.129 0.051 1.000
0.0 1.0 0.0 0.0 0.0 0.0 0.0 0.0 0.0 0.0 0.091 0.682 0.909 0.760 1.0 0.100 0.013 1.000
0.0 0.0 0.0 1.0 0.0 0.0 0.0 0.0 0.0 0.0 0.159 0.614 0.841 0.692 2.0 0.143 0.077 1.000
0.0 1.0 0.0 0.0 0.0 0.0 0.0 0.0 0.0 0.0 0.091 0.773 0.773 0.773 1.0 0.114 0.038 0.040
1.0 0.0 0.0 0.0 0.0 0.0 0.0 0.0 0.0 0.0 0.091 0.682 0.909 0.760 1.0 0.357 0.038 1.000
0.0 1.0 0.0 0.0 0.0 0.0 0.0 0.0 0.0 0.0 0.091 0.773 0.773 0.773 1.0 0.114 0.038 0.040
1.0 0.0 0.0 0.0 0.0 0.0 0.0 0.0 0.0 0.0 0.091 0.682 0.909 0.760 1.0 0.386 0.038 1.000
0.0 0.0 0.0 1.0 0.0 0.0 0.0 0.0 0.0 0.0 0.114 0.659 0.886 0.754 2.0 1.000 0.090 0.640
0.0 0.0 0.0 1.0 0.0 0.0 0.0 0.0 0.0 0.0 0.114 0.659 0.886 0.761 2.0 1.000 0.090 0.640
0.0 1.0 0.0 0.0 0.0 0.0 0.0 0.0 0.0 0.0 0.091 0.682 0.909 0.760 1.0 0.100 0.013 1.000
0.0 0.0 0.0 1.0 0.0 0.0 0.0 0.0 0.0 0.0 0.091 0.682 0.909 0.760 2.0 0.143 0.026 1.000
0.0 1.0 0.0 0.0 0.0 0.0 0.0 0.0 0.0 0.0 0.091 0.682 0.909 0.760 1.0 0.100 0.013 1.000
0.0 0.0 0.0 1.0 0.0 0.0 0.0 0.0 0.0 0.0 0.091 0.682 0.909 0.760 2.0 0.143 0.026 1.000
0.0 1.0 0.0 0.0 0.0 0.0 0.0 0.0 0.0 0.0 0.091 0.682 0.909 0.760 1.0 0.100 0.013 1.000
0.0 0.0 0.0 1.0 0.0 0.0 0.0 0.0 0.0 0.0 0.091 0.682 0.909 0.760 2.0 0.143 0.026 1.000
0.0 1.0 0.0 0.0 0.0 0.0 0.0 0.0 0.0 0.0 0.091 0.682 0.909 0.760 2.0 0.086 0.026 1.000
0.0 1.0 0.0 0.0 0.0 0.0 0.0 0.0 0.0 0.0 0.114 0.659 0.886 0.737 1.0 0.086 0.026 1.000
0.0 0.0 0.0 1.0 0.0 0.0 0.0 0.0 0.0 0.0 0.091 0.682 0.909 0.760 2.0 0.143 0.026 1.000
0.0 1.0 0.0 0.0 0.0 0.0 0.0 0.0 0.0 0.0 0.091 0.682 0.909 0.760 1.0 0.100 0.013 1.000
0.0 0.0 0.0 1.0 0.0 0.0 0.0 0.0 0.0 0.0 0.091 0.682 0.909 0.760 2.0 0.143 0.026 1.000
0.0 1.0 0.0 0.0 0.0 0.0 0.0 0.0 0.0 0.0 0.091 0.682 0.909 0.760 1.0 0.100 0.013 1.000
0.0 0.0 0.0 1.0 0.0 0.0 0.0 0.0 0.0 0.0 0.091 0.682 0.909 0.760 2.0 0.143 0.026 1.000
0.0 1.0 0.0 0.0 0.0 0.0 0.0 0.0 0.0 0.0 0.091 0.841 0.841 0.841 1.0 0.100 0.013 0.040
0.0 1.0 0.0 0.0 0.0 0.0 0.0 0.0 0.0 0.0 0.091 0.841 0.841 0.841 1.0 0.100 0.026 0.040
0.0 1.0 0.0 0.0 0.0 0.0 0.0 0.0 0.0 0.0 0.091 0.682 0.909 0.760 1.0 0.100 0.013 1.000
0.0 1.0 0.0 0.0 0.0 0.0 0.0 0.0 0.0 0.0 0.091 0.886 0.886 0.886 2.0 0.100 0.026 0.040
0.0 0.0 0.0 1.0 0.0 0.0 0.0 0.0 0.0 0.0 0.114 0.864 0.864 0.864 2.0 0.143 0.038 0.040
0.0 1.0 0.0 0.0 0.0 0.0 0.0 0.0 0.0 0.0 0.091 0.886 0.886 0.886 1.0 0.100 0.013 0.040
0.0 1.0 0.0 0.0 0.0 0.0 0.0 0.0 0.0 0.0 0.091 0.682 0.909 0.760 1.0 0.100 0.013 1.000
0.0 0.0 0.0 1.0 0.0 0.0 0.0 0.0 0.0 0.0 0.114 0.659 0.886 0.737 2.0 0.143 0.038 1.000
0.0 1.0 0.0 0.0 0.0 0.0 0.0 0.0 0.0 0.0 0.091 0.682 0.909 0.760 1.0 0.100 0.013 1.000
0.0 0.0 0.0 1.0 0.0 0.0 0.0 0.0 0.0 0.0 0.114 0.659 0.886 0.737 2.0 0.143 0.038 1.000
0.0 1.0 0.0 0.0 0.0 0.0 0.0 0.0 0.0 0.0 0.114 0.659 0.886 0.737 1.0 0.100 0.038 1.000
0.0 1.0 0.0 0.0 0.0 0.0 0.0 0.0 0.0 0.0 0.091 0.864 0.864 0.864 1.0 0.100 0.013 0.040
0.0 0.0 0.0 1.0 0.0 0.0 0.0 0.0 0.0 0.0 0.091 0.864 0.864 0.864 2.0 0.143 0.026 0.040
0.0 1.0 0.0 0.0 0.0 0.0 0.0 0.0 0.0 0.0 0.091 0.909 0.909 0.909 1.0 0.100 0.038 0.040
0.0 0.0 0.0 1.0 0.0 0.0 0.0 0.0 0.0 0.0 0.091 0.909 0.909 0.909 2.0 0.143 0.051 0.040
0.0 0.0 0.0 1.0 0.0 0.0 0.0 0.0 0.0 0.0 0.114 0.659 0.886 0.737 2.0 0.171 0.026 1.000
0.0 0.0 0.0 1.0 0.0 0.0 0.0 0.0 0.0 0.0 0.136 0.636 0.864 0.715 2.0 0.171 0.064 1.000
0.0 1.0 0.0 0.0 0.0 0.0 0.0 0.0 0.0 0.0 0.091 0.682 0.909 0.760 1.0 0.100 0.013 1.000
0.0 0.0 0.0 1.0 0.0 0.0 0.0 0.0 0.0 0.0 0.091 0.682 0.909 0.760 2.0 0.143 0.026 1.000
0.0 1.0 0.0 0.0 0.0 0.0 0.0 0.0 0.0 0.0 0.091 0.682 0.909 0.760 1.0 0.100 0.013 1.000
0.0 1.0 0.0 0.0 0.0 0.0 0.0 0.0 0.0 0.0 0.091 0.682 0.909 0.760 1.0 0.100 0.013 1.000
0.0 0.0 0.0 1.0 0.0 0.0 0.0 0.0 0.0 0.0 0.091 0.682 0.909 0.760 2.0 0.143 0.026 1.000
0.0 0.0 0.0 1.0 0.0 0.0 0.0 0.0 0.0 0.0 0.136 0.636 0.864 0.715 2.0 0.171 0.038 1.000
0.0 1.0 0.0 0.0 0.0 0.0 0.0 0.0 0.0 0.0 0.159 0.614 0.841 0.692 2.0 0.129 0.051 1.000
0.0 0.0 0.0 1.0 0.0 0.0 0.0 0.0 0.0 0.0 0.136 0.636 0.864 0.715 2.0 0.129 0.038 1.000
0.0 0.0 0.0 1.0 0.0 0.0 0.0 0.0 0.0 0.0 0.114 0.659 0.886 0.737 2.0 0.171 0.026 1.000
1.0 0.0 0.0 0.0 0.0 0.0 0.0 0.0 0.0 0.0 0.091 0.682 0.909 0.760 1.0 0.129 0.038 1.000
1.0 0.0 0.0 0.0 0.0 0.0 0.0 0.0 0.0 0.0 0.091 0.773 0.773 0.773 1.0 0.129 0.038 0.040
1.0 0.0 0.0 0.0 0.0 0.0 0.0 0.0 0.0 0.0 0.091 0.682 0.909 0.760 1.0 0.129 0.038 1.000
1.0 0.0 0.0 0.0 0.0 0.0 0.0 0.0 0.0 0.0 0.091 0.773 0.773 0.773 1.0 0.129 0.038 0.040
0.0 1.0 0.0 0.0 0.0 0.0 0.0 0.0 0.0 0.0 0.136 0.636 0.864 0.715 1.0 0.143 0.026 1.000
0.0 0.0 0.0 1.0 0.0 0.0 0.0 0.0 0.0 0.0 0.114 0.659 0.886 0.737 2.0 0.129 0.051 1.000
0.0 0.0 0.0 1.0 0.0 0.0 0.0 0.0 0.0 0.0 0.114 0.659 0.886 0.737 2.0 0.143 0.026 1.000
0.0 0.0 0.0 1.0 0.0 0.0 0.0 0.0 0.0 0.0 0.114 0.659 0.886 0.737 2.0 0.143 0.026 1.000
0.0 0.0 0.0 1.0 0.0 0.0 0.0 0.0 0.0 0.0 0.114 0.659 0.886 0.737 2.0 0.143 0.026 1.000
0.0 0.0 0.0 1.0 0.0 0.0 0.0 0.0 0.0 0.0 0.136 0.636 0.864 0.715 2.0 0.143 0.038 1.000
0.0 0.0 0.0 1.0 0.0 0.0 0.0 0.0 0.0 0.0 0.114 0.659 0.886 0.737 2.0 0.143 0.026 1.000
0.0 0.0 0.0 1.0 0.0 0.0 0.0 0.0 0.0 0.0 0.114 0.659 0.886 0.737 2.0 0.143 0.026 1.000
0.0 0.0 0.0 1.0 0.0 0.0 0.0 0.0 0.0 0.0 0.114 0.864 0.864 0.864 2.0 0.143 0.051 0.040
0.0 0.0 0.0 1.0 0.0 0.0 0.0 0.0 0.0 0.0 0.114 0.659 0.886 0.737 2.0 0.143 0.038 1.000
0.0 1.0 0.0 0.0 0.0 0.0 0.0 0.0 0.0 0.0 0.136 0.636 0.864 0.715 2.0 0.114 0.038 1.000
0.0 0.0 0.0 1.0 0.0 0.0 0.0 0.0 0.0 0.0 0.114 0.659 0.886 0.737 2.0 0.114 0.026 1.000
0.0 0.0 0.0 1.0 0.0 0.0 0.0 0.0 0.0 0.0 0.114 0.841 0.841 0.841 2.0 0.143 0.026 0.040
0.0 1.0 0.0 0.0 0.0 0.0 0.0 0.0 0.0 0.0 0.136 0.841 0.841 0.841 1.0 0.129 0.026 0.040
0.0 0.0 0.0 1.0 0.0 0.0 0.0 0.0 0.0 0.0 0.114 0.886 0.886 0.886 2.0 0.143 0.051 0.040
0.0 0.0 0.0 1.0 0.0 0.0 0.0 0.0 0.0 0.0 0.114 0.659 0.886 0.737 2.0 0.143 0.026 1.000
0.0 0.0 0.0 1.0 0.0 0.0 0.0 0.0 0.0 0.0 0.114 0.659 0.886 0.737 2.0 0.143 0.026 1.000
0.0 1.0 0.0 0.0 0.0 0.0 0.0 0.0 0.0 0.0 0.182 0.591 0.818 0.669 1.0 0.129 0.077 1.000
0.0 0.0 0.0 1.0 0.0 0.0 0.0 0.0 0.0 0.0 0.136 0.636 0.864 0.715 2.0 0.143 0.051 1.000
0.0 0.0 0.0 1.0 0.0 0.0 0.0 0.0 0.0 0.0 0.136 0.636 0.864 0.715 2.0 0.143 0.038 1.000
0.0 1.0 0.0 0.0 0.0 0.0 0.0 0.0 0.0 0.0 0.136 0.636 0.864 0.715 2.0 0.100 0.038 1.000
0.0 1.0 0.0 0.0 0.0 0.0 0.0 0.0 0.0 0.0 0.159 0.614 0.841 0.692 1.0 0.086 0.038 1.000
0.0 1.0 0.0 0.0 0.0 0.0 0.0 0.0 0.0 0.0 0.114 0.750 0.750 0.750 1.0 0.100 0.038 0.040
0.0 1.0 0.0 0.0 0.0 0.0 0.0 0.0 0.0 0.0 0.114 0.659 0.886 0.737 1.0 0.100 0.038 1.000
0.0 1.0 0.0 0.0 0.0 0.0 0.0 0.0 0.0 0.0 0.114 0.750 0.750 0.750 2.0 0.086 0.051 0.040
0.0 1.0 0.0 0.0 0.0 0.0 0.0 0.0 0.0 0.0 0.136 0.727 0.727 0.727 1.0 0.086 0.051 0.040
0.0 1.0 0.0 0.0 0.0 0.0 0.0 0.0 0.0 0.0 0.114 0.659 0.886 0.737 1.0 0.100 0.038 1.000
0.0 0.0 0.0 1.0 0.0 0.0 0.0 0.0 0.0 0.0 0.136 0.636 0.864 0.715 2.0 0.171 0.026 1.000
0.0 0.0 0.0 1.0 0.0 0.0 0.0 0.0 0.0 0.0 0.136 0.636 0.864 0.715 2.0 0.171 0.026 1.000
0.0 0.0 0.0 1.0 0.0 0.0 0.0 0.0 0.0 0.0 0.136 0.636 0.864 0.715 2.0 0.171 0.026 1.000
0.0 0.0 0.0 1.0 0.0 0.0 0.0 0.0 0.0 0.0 0.159 0.614 0.841 0.692 2.0 0.171 0.038 1.000
0.0 0.0 0.0 1.0 0.0 0.0 0.0 0.0 0.0 0.0 0.136 0.636 0.864 0.715 2.0 0.171 0.026 1.000
0.0 0.0 0.0 1.0 0.0 0.0 0.0 0.0 0.0 0.0 0.136 0.636 0.864 0.715 2.0 0.171 0.026 1.000
0.0 0.0 0.0 1.0 0.0 0.0 0.0 0.0 0.0 0.0 0.136 0.841 0.841 0.841 2.0 0.171 0.051 0.040
0.0 0.0 0.0 1.0 0.0 0.0 0.0 0.0 0.0 0.0 0.136 0.636 0.864 0.715 2.0 0.171 0.038 1.000
0.0 0.0 0.0 1.0 0.0 0.0 0.0 0.0 0.0 0.0 0.159 0.614 0.841 0.692 2.0 0.157 0.051 1.000
0.0 0.0 0.0 1.0 0.0 0.0 0.0 0.0 0.0 0.0 0.136 0.818 0.818 0.818 2.0 0.171 0.026 0.040
0.0 0.0 0.0 1.0 0.0 0.0 0.0 0.0 0.0 0.0 0.136 0.864 0.864 0.864 2.0 0.171 0.051 0.040
0.0 1.0 0.0 0.0 0.0 0.0 0.0 0.0 0.0 0.0 0.136 0.636 0.864 0.715 1.0 0.114 0.026 1.000
0.0 0.0 0.0 1.0 0.0 0.0 0.0 0.0 0.0 0.0 0.136 0.636 0.864 0.715 2.0 0.157 0.038 1.000
0.0 1.0 0.0 0.0 0.0 0.0 0.0 0.0 0.0 0.0 0.159 0.614 0.841 0.692 1.0 0.114 0.064 1.000
0.0 0.0 0.0 1.0 0.0 0.0 0.0 0.0 0.0 0.0 0.159 0.614 0.841 0.692 2.0 0.157 0.077 1.000
0.0 0.0 0.0 1.0 0.0 0.0 0.0 0.0 0.0 0.0 0.136 0.636 0.864 0.715 2.0 0.171 0.026 1.000
0.0 0.0 0.0 1.0 0.0 0.0 0.0 0.0 0.0 0.0 0.136 0.636 0.864 0.715 2.0 0.171 0.026 1.000
0.0 1.0 0.0 0.0 0.0 0.0 0.0 0.0 0.0 0.0 0.159 0.614 0.841 0.692 1.0 0.114 0.038 1.000
0.0 1.0 0.0 0.0 0.0 0.0 0.0 0.0 0.0 0.0 0.182 0.591 0.818 0.669 2.0 0.100 0.064 1.000
0.0 0.0 0.0 1.0 0.0 0.0 0.0 0.0 0.0 0.0 0.159 0.614 0.841 0.692 2.0 0.129 0.051 1.000
0.0 1.0 0.0 0.0 0.0 0.0 0.0 0.0 0.0 0.0 0.182 0.591 0.818 0.669 1.0 0.100 0.051 1.000
0.0 0.0 0.0 1.0 0.0 0.0 0.0 0.0 0.0 0.0 0.182 0.591 0.818 0.669 2.0 0.143 0.064 1.000
0.0 1.0 0.0 0.0 0.0 0.0 0.0 0.0 0.0 0.0 0.159 0.818 0.818 0.818 2.0 0.086 0.038 0.040
0.0 1.0 0.0 0.0 0.0 0.0 0.0 0.0 0.0 0.0 0.182 0.795 0.795 0.795 1.0 0.086 0.038 0.040
0.0 0.0 0.0 1.0 0.0 0.0 0.0 0.0 0.0 0.0 0.182 0.591 0.818 0.669 2.0 0.129 0.051 1.000
0.0 1.0 0.0 0.0 0.0 0.0 0.0 0.0 0.0 0.0 0.205 0.568 0.795 0.646 1.0 0.100 0.077 1.000
1.0 0.0 0.0 0.0 0.0 0.0 0.0 0.0 0.0 0.0 0.159 0.614 0.841 0.692 1.0 0.129 0.026 1.000
1.0 0.0 0.0 0.0 0.0 0.0 0.0 0.0 0.0 0.0 0.159 0.773 0.773 0.773 1.0 0.129 0.026 0.040
0.0 0.0 0.0 1.0 0.0 0.0 0.0 0.0 0.0 0.0 0.159 0.614 0.841 0.692 2.0 0.143 0.038 1.000
0.0 0.0 0.0 1.0 0.0 0.0 0.0 0.0 0.0 0.0 0.182 0.591 0.818 0.669 2.0 0.143 0.077 1.000
0.0 0.0 0.0 1.0 0.0 0.0 0.0 0.0 0.0 0.0 0.182 0.591 0.818 0.669 2.0 0.129 0.051 1.000
0.0 0.0 0.0 1.0 0.0 0.0 0.0 0.0 0.0 0.0 0.205 0.568 0.795 0.646 2.0 0.143 0.064 1.000
0.0 1.0 0.0 0.0 0.0 0.0 0.0 0.0 0.0 0.0 0.159 0.614 0.841 0.692 1.0 0.129 0.051 1.000
0.0 0.0 0.0 1.0 0.0 0.0 0.0 0.0 0.0 0.0 0.159 0.614 0.841 0.692 2.0 0.143 0.038 1.000
0.0 1.0 0.0 0.0 0.0 0.0 0.0 0.0 0.0 0.0 0.159 0.614 0.841 0.692 1.0 0.114 0.026 1.000
0.0 1.0 0.0 0.0 0.0 0.0 0.0 0.0 0.0 0.0 0.182 0.591 0.818 0.669 2.0 0.114 0.051 1.000
0.0 0.0 0.0 1.0 0.0 0.0 0.0 0.0 0.0 0.0 0.159 0.614 0.841 0.692 2.0 0.129 0.038 1.000
0.0 1.0 0.0 0.0 0.0 0.0 0.0 0.0 0.0 0.0 0.159 0.614 0.841 0.692 1.0 0.114 0.026 1.000
0.0 1.0 0.0 0.0 0.0 0.0 0.0 0.0 0.0 0.0 0.182 0.591 0.818 0.669 2.0 0.114 0.051 1.000
0.0 0.0 0.0 1.0 0.0 0.0 0.0 0.0 0.0 0.0 0.159 0.614 0.841 0.692 2.0 0.129 0.038 1.000
0.0 1.0 0.0 0.0 0.0 0.0 0.0 0.0 0.0 0.0 0.159 0.614 0.841 0.692 1.0 0.114 0.026 1.000
0.0 0.0 0.0 1.0 0.0 0.0 0.0 0.0 0.0 0.0 0.182 0.591 0.818 0.669 2.0 0.143 0.064 1.000
0.0 1.0 0.0 0.0 0.0 0.0 0.0 0.0 0.0 0.0 0.182 0.591 0.818 0.669 1.0 0.114 0.038 1.000
0.0 1.0 0.0 0.0 0.0 0.0 0.0 0.0 0.0 0.0 0.182 0.591 0.818 0.669 2.0 0.100 0.051 1.000
0.0 0.0 0.0 1.0 0.0 0.0 0.0 0.0 0.0 0.0 0.159 0.614 0.841 0.692 2.0 0.129 0.038 1.000
0.0 1.0 0.0 0.0 0.0 0.0 0.0 0.0 0.0 0.0 0.159 0.614 0.841 0.692 1.0 0.114 0.026 1.000
0.0 0.0 0.0 1.0 0.0 0.0 0.0 0.0 0.0 0.0 0.159 0.614 0.841 0.692 2.0 0.171 0.038 1.000
0.0 1.0 0.0 0.0 0.0 0.0 0.0 0.0 0.0 0.0 0.159 0.614 0.841 0.692 1.0 0.114 0.026 1.000
0.0 0.0 0.0 1.0 0.0 0.0 0.0 0.0 0.0 0.0 0.159 0.614 0.841 0.692 2.0 0.143 0.051 1.000
0.0 1.0 0.0 0.0 0.0 0.0 0.0 0.0 0.0 0.0 0.159 0.614 0.841 0.692 1.0 0.114 0.038 1.000
0.0 0.0 0.0 1.0 0.0 0.0 0.0 0.0 0.0 0.0 0.159 0.795 0.795 0.795 2.0 0.143 0.064 0.040
0.0 1.0 0.0 0.0 0.0 0.0 0.0 0.0 0.0 0.0 0.159 0.795 0.795 0.795 1.0 0.114 0.026 0.040
0.0 1.0 0.0 0.0 0.0 0.0 0.0 0.0 0.0 0.0 0.159 0.841 0.841 0.841 1.0 0.114 0.051 0.040
0.0 0.0 0.0 1.0 0.0 0.0 0.0 0.0 0.0 0.0 0.159 0.614 0.841 0.692 2.0 0.143 0.038 1.000
0.0 1.0 0.0 0.0 0.0 0.0 0.0 0.0 0.0 0.0 0.159 0.614 0.841 0.692 1.0 0.114 0.026 1.000
0.0 0.0 0.0 1.0 0.0 0.0 0.0 0.0 0.0 0.0 0.205 0.568 0.795 0.646 2.0 0.143 0.051 1.000
0.0 1.0 0.0 0.0 0.0 0.0 0.0 0.0 0.0 0.0 0.159 0.818 0.818 0.818 1.0 0.114 0.051 0.040
0.0 0.0 0.0 1.0 0.0 0.0 0.0 0.0 0.0 0.0 0.159 0.818 0.818 0.818 2.0 0.157 0.064 0.040
0.0 1.0 0.0 0.0 0.0 0.0 0.0 0.0 0.0 0.0 0.182 0.591 0.818 0.669 1.0 0.114 0.051 1.000
0.0 0.0 0.0 1.0 0.0 0.0 0.0 0.0 0.0 0.0 0.182 0.591 0.818 0.669 2.0 0.157 0.090 1.000
0.0 0.0 0.0 1.0 0.0 0.0 0.0 0.0 0.0 0.0 0.182 0.591 0.818 0.669 2.0 0.171 0.038 1.000
0.0 1.0 0.0 0.0 0.0 0.0 0.0 0.0 0.0 0.0 0.159 0.614 0.841 0.692 1.0 0.114 0.026 1.000
0.0 1.0 0.0 0.0 0.0 0.0 0.0 0.0 0.0 0.0 0.182 0.591 0.818 0.669 2.0 0.114 0.051 1.000
0.0 0.0 0.0 1.0 0.0 0.0 0.0 0.0 0.0 0.0 0.159 0.614 0.841 0.692 2.0 0.129 0.038 1.000
0.0 0.0 0.0 1.0 0.0 0.0 0.0 0.0 0.0 0.0 0.205 0.568 0.795 0.646 2.0 0.171 0.077 1.000
0.0 0.0 0.0 1.0 0.0 0.0 0.0 0.0 0.0 0.0 0.227 0.545 0.773 0.624 2.0 0.171 0.064 1.000
0.0 1.0 0.0 0.0 0.0 0.0 0.0 0.0 0.0 0.0 0.227 0.545 0.773 0.624 2.0 0.129 0.077 1.000
0.0 0.0 0.0 1.0 0.0 0.0 0.0 0.0 0.0 0.0 0.205 0.568 0.795 0.646 2.0 0.129 0.064 1.000
0.0 0.0 0.0 1.0 0.0 0.0 0.0 0.0 0.0 0.0 0.182 0.591 0.818 0.669 2.0 0.129 0.038 1.000
0.0 0.0 0.0 1.0 0.0 0.0 0.0 0.0 0.0 0.0 0.182 0.591 0.818 0.669 2.0 0.143 0.038 1.000
0.0 0.0 0.0 1.0 0.0 0.0 0.0 0.0 0.0 0.0 0.182 0.591 0.818 0.669 2.0 0.143 0.038 1.000
0.0 1.0 0.0 0.0 0.0 0.0 0.0 0.0 0.0 0.0 0.182 0.750 0.750 0.750 1.0 0.100 0.026 0.040
0.0 1.0 0.0 0.0 0.0 0.0 0.0 0.0 0.0 0.0 0.182 0.591 0.818 0.669 2.0 0.086 0.038 1.000
0.0 1.0 0.0 0.0 0.0 0.0 0.0 0.0 0.0 0.0 0.205 0.568 0.795 0.646 1.0 0.086 0.038 1.000
0.0 0.0 0.0 1.0 0.0 0.0 0.0 0.0 0.0 0.0 0.205 0.568 0.795 0.646 2.0 0.129 0.051 1.000
0.0 0.0 0.0 1.0 0.0 0.0 0.0 0.0 0.0 0.0 0.182 0.591 0.818 0.669 2.0 0.129 0.038 1.000
0.0 0.0 0.0 1.0 0.0 0.0 0.0 0.0 0.0 0.0 0.182 0.591 0.818 0.669 2.0 0.157 0.038 1.000
0.0 0.0 0.0 1.0 0.0 0.0 0.0 0.0 0.0 0.0 0.182 0.591 0.818 0.669 2.0 0.129 0.051 1.000
0.0 0.0 0.0 1.0 0.0 0.0 0.0 0.0 0.0 0.0 0.182 0.773 0.773 0.773 2.0 0.129 0.051 0.040
0.0 0.0 0.0 1.0 0.0 0.0 0.0 0.0 0.0 0.0 0.182 0.591 0.818 0.669 2.0 0.129 0.038 1.000
0.0 1.0 0.0 0.0 0.0 0.0 0.0 0.0 0.0 0.0 0.182 0.591 0.818 0.669 1.0 0.100 0.051 1.000
0.0 1.0 0.0 0.0 0.0 0.0 0.0 0.0 0.0 0.0 0.205 0.773 0.773 0.773 2.0 0.114 0.077 0.040
0.0 0.0 0.0 1.0 0.0 0.0 0.0 0.0 0.0 0.0 0.182 0.795 0.795 0.795 2.0 0.114 0.064 0.040
0.0 0.0 0.0 1.0 0.0 0.0 0.0 0.0 0.0 0.0 0.205 0.568 0.795 0.646 2.0 0.143 0.090 1.000
0.0 0.0 0.0 1.0 0.0 0.0 0.0 0.0 0.0 0.0 0.182 0.591 0.818 0.669 2.0 0.143 0.038 1.000
0.0 1.0 0.0 0.0 0.0 0.0 0.0 0.0 0.0 0.0 0.227 0.545 0.773 0.624 1.0 0.129 0.051 1.000
0.0 0.0 0.0 1.0 0.0 0.0 0.0 0.0 0.0 0.0 0.205 0.568 0.795 0.646 2.0 0.143 0.038 1.000
0.0 0.0 0.0 1.0 0.0 0.0 0.0 0.0 0.0 0.0 0.205 0.568 0.795 0.646 2.0 0.171 0.051 1.000
0.0 0.0 0.0 1.0 0.0 0.0 0.0 0.0 0.0 0.0 0.205 0.568 0.795 0.646 2.0 0.171 0.051 1.000
0.0 0.0 0.0 1.0 0.0 0.0 0.0 0.0 0.0 0.0 0.227 0.545 0.773 0.624 2.0 0.143 0.064 1.000
0.0 0.0 0.0 1.0 0.0 0.0 0.0 0.0 0.0 0.0 0.205 0.568 0.795 0.646 2.0 0.129 0.051 1.000
0.0 0.0 0.0 1.0 0.0 0.0 0.0 0.0 0.0 0.0 0.205 0.568 0.795 0.646 2.0 0.229 0.038 1.000
0.0 0.0 0.0 1.0 0.0 0.0 0.0 0.0 0.0 0.0 0.205 0.568 0.795 0.646 2.0 0.157 0.051 1.000
0.0 0.0 0.0 1.0 0.0 0.0 0.0 0.0 0.0 0.0 0.205 0.750 0.750 0.750 2.0 0.143 0.064 0.040
0.0 1.0 0.0 0.0 0.0 0.0 0.0 0.0 0.0 0.0 0.205 0.568 0.795 0.646 2.0 0.100 0.051 1.000
0.0 1.0 0.0 0.0 0.0 0.0 0.0 0.0 0.0 0.0 0.227 0.545 0.773 0.624 1.0 0.086 0.051 1.000
0.0 0.0 0.0 1.0 0.0 0.0 0.0 0.0 0.0 0.0 0.205 0.568 0.795 0.646 2.0 0.143 0.038 1.000
0.0 1.0 0.0 0.0 0.0 0.0 0.0 0.0 0.0 0.0 0.227 0.545 0.773 0.624 1.0 0.114 0.077 1.000
0.0 1.0 0.0 0.0 0.0 0.0 0.0 0.0 0.0 0.0 0.250 0.523 0.750 0.601 2.0 0.100 0.077 1.000
0.0 1.0 0.0 0.0 0.0 0.0 0.0 0.0 0.0 0.0 0.273 0.500 0.727 0.578 1.0 0.086 0.077 1.000
0.0 1.0 0.0 0.0 0.0 0.0 0.0 0.0 0.0 0.0 0.250 0.523 0.750 0.601 1.0 0.100 0.077 1.000
0.0 0.0 0.0 1.0 0.0 0.0 0.0 0.0 0.0 0.0 0.227 0.545 0.773 0.624 2.0 0.171 0.090 1.000
0.0 0.0 0.0 1.0 0.0 0.0 0.0 0.0 0.0 0.0 0.227 0.750 0.750 0.750 2.0 0.157 0.077 0.040
0.0 0.0 0.0 1.0 0.0 0.0 0.0 0.0 0.0 0.0 0.205 0.568 0.795 0.646 2.0 0.157 0.051 1.000
0.0 1.0 0.0 0.0 0.0 0.0 0.0 0.0 0.0 0.0 0.227 0.545 0.773 0.624 2.0 0.143 0.051 1.000
0.0 1.0 0.0 0.0 0.0 0.0 0.0 0.0 0.0 0.0 0.227 0.545 0.773 0.624 1.0 0.143 0.051 1.000
0.0 1.0 0.0 0.0 0.0 0.0 0.0 0.0 0.0 0.0 0.227 0.545 0.773 0.624 1.0 0.186 0.051 1.000
0.0 1.0 0.0 0.0 0.0 0.0 0.0 0.0 0.0 0.0 0.250 0.523 0.750 0.601 1.0 0.143 0.064 1.000
0.0 0.0 0.0 1.0 0.0 0.0 0.0 0.0 0.0 0.0 0.295 0.477 0.705 0.555 2.0 0.143 0.154 1.000
0.0 1.0 0.0 0.0 0.0 0.0 0.0 0.0 0.0 0.0 0.295 0.477 0.705 0.555 2.0 0.114 0.154 1.000
0.0 0.0 0.0 1.0 0.0 0.0 0.0 0.0 0.0 0.0 0.273 0.500 0.727 0.578 2.0 0.129 0.141 1.000
0.0 1.0 0.0 0.0 0.0 0.0 0.0 0.0 0.0 0.0 0.250 0.523 0.750 0.601 1.0 0.100 0.051 1.000
0.0 1.0 0.0 0.0 0.0 0.0 0.0 0.0 0.0 0.0 0.227 0.727 0.727 0.727 1.0 0.129 0.064 0.040
0.0 1.0 0.0 0.0 0.0 0.0 0.0 0.0 0.0 0.0 0.227 0.545 0.773 0.624 1.0 0.129 0.038 1.000
1.0 0.0 0.0 0.0 0.0 0.0 0.0 0.0 0.0 0.0 0.227 0.545 0.773 0.624 1.0 0.171 0.038 1.000
0.0 1.0 0.0 0.0 0.0 0.0 0.0 0.0 0.0 0.0 0.250 0.523 0.750 0.601 1.0 0.114 0.090 1.000
0.0 1.0 0.0 0.0 0.0 0.0 0.0 0.0 0.0 0.0 0.250 0.727 0.727 0.727 1.0 0.114 0.077 0.040
0.0 0.0 0.0 1.0 0.0 0.0 0.0 0.0 0.0 0.0 0.250 0.523 0.750 0.601 2.0 0.157 0.128 1.000
0.0 1.0 0.0 0.0 0.0 0.0 0.0 0.0 0.0 0.0 0.227 0.545 0.773 0.624 1.0 0.114 0.051 1.000
0.0 0.0 0.0 1.0 0.0 0.0 0.0 0.0 0.0 0.0 0.318 0.455 0.682 0.533 2.0 0.157 0.167 1.000
1.0 0.0 0.0 0.0 0.0 0.0 0.0 0.0 0.0 0.0 0.227 0.545 0.773 0.624 1.0 0.143 0.051 1.000
1.0 0.0 0.0 0.0 0.0 0.0 0.0 0.0 0.0 0.0 0.227 0.705 0.705 0.705 1.0 0.143 0.051 0.040
1.0 0.0 0.0 0.0 0.0 0.0 0.0 0.0 0.0 0.0 0.227 0.705 0.705 0.705 1.0 0.157 0.038 0.040
1.0 0.0 0.0 0.0 0.0 0.0 0.0 0.0 0.0 0.0 0.227 0.545 0.773 0.624 1.0 0.157 0.038 1.000
1.0 0.0 0.0 0.0 0.0 0.0 0.0 0.0 0.0 0.0 0.227 0.727 0.727 0.727 1.0 0.143 0.051 0.040
1.0 0.0 0.0 0.0 0.0 0.0 0.0 0.0 0.0 0.0 0.227 0.545 0.773 0.624 1.0 0.143 0.051 1.000
1.0 0.0 0.0 0.0 0.0 0.0 0.0 0.0 0.0 0.0 0.250 0.523 0.750 0.601 1.0 0.157 0.051 1.000
1.0 0.0 0.0 0.0 0.0 0.0 0.0 0.0 0.0 0.0 0.250 0.523 0.750 0.601 1.0 0.143 0.051 1.000
0.0 1.0 0.0 0.0 0.0 0.0 0.0 0.0 0.0 0.0 0.250 0.705 0.705 0.705 1.0 0.100 0.064 0.040
0.0 0.0 0.0 1.0 0.0 0.0 0.0 0.0 0.0 0.0 0.250 0.523 0.750 0.601 2.0 0.157 0.128 1.000
0.0 0.0 0.0 1.0 0.0 0.0 0.0 0.0 0.0 0.0 0.273 0.500 0.727 0.578 2.0 0.143 0.090 1.000
0.0 1.0 0.0 0.0 0.0 0.0 0.0 0.0 0.0 0.0 0.250 0.523 0.750 0.601 1.0 0.100 0.038 1.000
1.0 0.0 0.0 0.0 0.0 0.0 0.0 0.0 0.0 0.0 0.273 0.727 0.727 0.727 1.0 0.129 0.064 0.040
1.0 0.0 0.0 0.0 0.0 0.0 0.0 0.0 0.0 0.0 0.273 0.500 0.727 0.578 1.0 0.129 0.064 1.000
1.0 0.0 0.0 0.0 0.0 0.0 0.0 0.0 0.0 0.0 0.250 0.523 0.750 0.601 1.0 0.129 0.051 1.000
1.0 0.0 0.0 0.0 0.0 0.0 0.0 0.0 0.0 0.0 0.250 0.682 0.682 0.682 1.0 0.129 0.051 0.040
1.0 0.0 0.0 0.0 0.0 0.0 0.0 0.0 0.0 0.0 0.250 0.727 0.727 0.727 1.0 0.129 0.051 0.040
1.0 0.0 0.0 0.0 0.0 0.0 0.0 0.0 0.0 0.0 0.250 0.750 0.750 0.750 1.0 0.143 0.051 0.040
1.0 0.0 0.0 0.0 0.0 0.0 0.0 0.0 0.0 0.0 0.250 0.523 0.750 0.601 1.0 0.143 0.051 1.000
0.0 0.0 0.0 1.0 0.0 0.0 0.0 0.0 0.0 0.0 0.341 0.432 0.659 0.510 2.0 0.157 0.205 1.000
0.0 1.0 0.0 0.0 0.0 0.0 0.0 0.0 0.0 0.0 0.341 0.432 0.659 0.510 1.0 0.114 0.167 1.000
0.0 1.0 0.0 0.0 0.0 0.0 0.0 0.0 0.0 0.0 0.250 0.523 0.750 0.601 1.0 0.100 0.051 1.000
0.0 1.0 0.0 0.0 0.0 0.0 0.0 0.0 0.0 0.0 0.250 0.682 0.682 0.682 1.0 0.100 0.051 0.040
0.0 0.0 0.0 1.0 0.0 0.0 0.0 0.0 0.0 0.0 0.250 0.682 0.682 0.682 2.0 0.143 0.051 0.040
0.0 1.0 0.0 0.0 0.0 0.0 0.0 0.0 0.0 0.0 0.250 0.682 0.682 0.682 1.0 0.100 0.038 0.040
0.0 0.0 0.0 1.0 0.0 0.0 0.0 0.0 0.0 0.0 0.250 0.523 0.750 0.601 2.0 0.143 0.051 1.000
0.0 1.0 0.0 0.0 0.0 0.0 0.0 0.0 0.0 0.0 0.250 0.523 0.750 0.601 2.0 0.086 0.051 1.000
0.0 1.0 0.0 0.0 0.0 0.0 0.0 0.0 0.0 0.0 0.273 0.500 0.727 0.578 1.0 0.086 0.051 1.000
0.0 1.0 0.0 0.0 0.0 0.0 0.0 0.0 0.0 0.0 0.250 0.705 0.705 0.705 1.0 0.100 0.051 0.040
0.0 1.0 0.0 0.0 0.0 0.0 0.0 0.0 0.0 0.0 0.250 0.523 0.750 0.601 2.0 0.086 0.064 1.000
0.0 1.0 0.0 0.0 0.0 0.0 0.0 0.0 0.0 0.0 0.273 0.500 0.727 0.578 1.0 0.086 0.064 1.000
0.0 0.0 0.0 1.0 0.0 0.0 0.0 0.0 0.0 0.0 0.273 0.500 0.727 0.578 2.0 0.171 0.128 1.000
0.0 0.0 0.0 1.0 0.0 0.0 0.0 0.0 0.0 0.0 0.273 0.500 0.727 0.578 2.0 0.143 0.090 1.000
1.0 0.0 0.0 0.0 0.0 0.0 0.0 0.0 0.0 0.0 0.250 0.750 0.750 0.750 1.0 0.129 0.038 0.040
1.0 0.0 0.0 0.0 0.0 0.0 0.0 0.0 0.0 0.0 0.250 0.523 0.750 0.601 1.0 0.129 0.038 1.000
0.0 1.0 0.0 0.0 0.0 0.0 0.0 0.0 0.0 0.0 0.386 0.386 0.614 0.465 2.0 0.114 0.218 1.000
0.0 0.0 0.0 1.0 0.0 0.0 0.0 0.0 0.0 0.0 0.364 0.409 0.636 0.487 2.0 0.129 0.205 1.000
0.0 1.0 0.0 0.0 0.0 0.0 0.0 0.0 0.0 0.0 0.295 0.477 0.705 0.555 1.0 0.100 0.064 1.000
0.0 0.0 0.0 1.0 0.0 0.0 0.0 0.0 0.0 0.0 0.273 0.500 0.727 0.578 2.0 0.143 0.103 1.000
0.0 1.0 0.0 0.0 0.0 0.0 0.0 0.0 0.0 0.0 0.273 0.500 0.727 0.578 1.0 0.100 0.051 1.000
0.0 0.0 0.0 1.0 0.0 0.0 0.0 0.0 0.0 0.0 0.273 0.659 0.659 0.659 2.0 0.143 0.103 0.040
0.0 1.0 0.0 0.0 0.0 0.0 0.0 0.0 0.0 0.0 0.273 0.659 0.659 0.659 1.0 0.100 0.051 0.040
0.0 0.0 0.0 1.0 0.0 0.0 0.0 0.0 0.0 0.0 0.273 0.659 0.659 0.659 2.0 0.143 0.051 0.040
0.0 0.0 0.0 1.0 0.0 0.0 0.0 0.0 0.0 0.0 0.295 0.477 0.705 0.555 2.0 0.143 0.064 1.000
1.0 0.0 0.0 0.0 0.0 0.0 0.0 0.0 0.0 0.0 0.273 0.682 0.682 0.682 1.0 0.129 0.051 0.040
1.0 0.0 0.0 0.0 0.0 0.0 0.0 0.0 0.0 0.0 0.273 0.500 0.727 0.578 1.0 0.129 0.051 1.000
0.0 0.0 0.0 1.0 0.0 0.0 0.0 0.0 0.0 0.0 0.273 0.705 0.705 0.705 2.0 0.143 0.128 0.040
0.0 1.0 0.0 0.0 0.0 0.0 0.0 0.0 0.0 0.0 0.273 0.705 0.705 0.705 2.0 0.086 0.064 0.040
0.0 1.0 0.0 0.0 0.0 0.0 0.0 0.0 0.0 0.0 0.295 0.682 0.682 0.682 1.0 0.086 0.064 0.040
0.0 0.0 0.0 1.0 0.0 0.0 0.0 0.0 0.0 0.0 0.295 0.477 0.705 0.555 2.0 0.171 0.090 1.000
0.0 1.0 0.0 0.0 0.0 0.0 0.0 0.0 0.0 0.0 0.273 0.727 0.727 0.727 2.0 0.100 0.064 0.040
0.0 1.0 0.0 0.0 0.0 0.0 0.0 0.0 0.0 0.0 0.295 0.705 0.705 0.705 1.0 0.100 0.064 0.040
0.0 1.0 0.0 0.0 0.0 0.0 0.0 0.0 0.0 0.0 0.273 0.500 0.727 0.578 1.0 0.100 0.051 1.000
1.0 0.0 0.0 0.0 0.0 0.0 0.0 0.0 0.0 0.0 0.273 0.682 0.682 0.682 1.0 0.129 0.051 0.040
1.0 0.0 0.0 0.0 0.0 0.0 0.0 0.0 0.0 0.0 0.273 0.500 0.727 0.578 1.0 0.129 0.051 1.000
0.0 0.0 0.0 1.0 0.0 0.0 0.0 0.0 0.0 0.0 0.295 0.477 0.705 0.555 2.0 0.157 0.179 1.000
0.0 1.0 0.0 0.0 0.0 0.0 0.0 0.0 0.0 0.0 0.295 0.477 0.705 0.555 1.0 0.114 0.128 1.000
0.0 0.0 0.0 1.0 0.0 0.0 0.0 0.0 0.0 0.0 0.409 0.364 0.591 0.442 2.0 0.186 0.218 1.000
0.0 0.0 0.0 1.0 0.0 0.0 0.0 0.0 0.0 0.0 0.295 0.477 0.705 0.555 2.0 0.143 0.103 1.000
0.0 0.0 0.0 1.0 0.0 0.0 0.0 0.0 0.0 0.0 0.295 0.636 0.636 0.636 2.0 0.143 0.103 0.040
0.0 0.0 0.0 1.0 0.0 0.0 0.0 0.0 0.0 0.0 0.295 0.636 0.636 0.636 2.0 0.171 0.051 0.040
0.0 0.0 0.0 1.0 0.0 0.0 0.0 0.0 0.0 0.0 0.318 0.455 0.682 0.533 2.0 0.171 0.064 1.000
0.0 0.0 0.0 1.0 0.0 0.0 0.0 0.0 0.0 0.0 0.318 0.659 0.659 0.659 2.0 0.157 0.141 0.040
0.0 1.0 0.0 0.0 0.0 0.0 0.0 0.0 0.0 0.0 0.273 0.727 0.727 0.727 1.0 0.100 0.038 0.040
0.0 0.0 0.0 1.0 0.0 0.0 0.0 0.0 0.0 0.0 0.295 0.705 0.705 0.705 2.0 0.143 0.103 0.040
0.0 1.0 0.0 0.0 0.0 0.0 0.0 0.0 0.0 0.0 0.273 0.500 0.727 0.578 2.0 0.086 0.051 1.000
0.0 1.0 0.0 0.0 0.0 0.0 0.0 0.0 0.0 0.0 0.295 0.477 0.705 0.555 1.0 0.086 0.051 1.000
0.0 0.0 0.0 1.0 0.0 0.0 0.0 0.0 0.0 0.0 0.295 0.477 0.705 0.555 2.0 0.143 0.090 1.000
0.0 1.0 0.0 0.0 0.0 0.0 0.0 0.0 0.0 0.0 0.295 0.477 0.705 0.555 1.0 0.100 0.051 1.000
0.0 0.0 0.0 1.0 0.0 0.0 0.0 0.0 0.0 0.0 0.318 0.455 0.682 0.533 2.0 0.157 0.167 1.000
0.0 0.0 0.0 1.0 0.0 0.0 0.0 0.0 0.0 0.0 0.318 0.455 0.682 0.533 2.0 0.157 0.167 1.000
0.0 1.0 0.0 0.0 0.0 0.0 0.0 0.0 0.0 0.0 0.318 0.455 0.682 0.533 1.0 0.114 0.090 1.000
0.0 0.0 0.0 1.0 0.0 0.0 0.0 0.0 0.0 0.0 0.318 0.455 0.682 0.533 2.0 0.171 0.103 1.000
0.0 0.0 0.0 1.0 0.0 0.0 0.0 0.0 0.0 0.0 0.318 0.614 0.614 0.614 2.0 0.171 0.103 0.040
0.0 1.0 0.0 0.0 0.0 0.0 0.0 0.0 0.0 0.0 0.295 0.659 0.659 0.659 1.0 0.100 0.051 0.040
0.0 0.0 0.0 1.0 0.0 0.0 0.0 0.0 0.0 0.0 0.295 0.659 0.659 0.659 2.0 0.143 0.103 0.040
0.0 1.0 0.0 0.0 0.0 0.0 0.0 0.0 0.0 0.0 0.295 0.659 0.659 0.659 1.0 0.100 0.051 0.040
0.0 1.0 0.0 0.0 0.0 0.0 0.0 0.0 0.0 0.0 0.295 0.477 0.705 0.555 1.0 0.100 0.051 1.000
0.0 0.0 0.0 1.0 0.0 0.0 0.0 0.0 0.0 0.0 0.295 0.477 0.705 0.555 2.0 0.143 0.115 1.000
0.0 0.0 0.0 1.0 0.0 0.0 0.0 0.0 0.0 0.0 0.341 0.636 0.636 0.636 2.0 0.171 0.141 0.040
0.0 0.0 0.0 1.0 0.0 0.0 0.0 0.0 0.0 0.0 0.295 0.705 0.705 0.705 2.0 0.143 0.090 0.040
0.0 0.0 0.0 1.0 0.0 0.0 0.0 0.0 0.0 0.0 0.318 0.455 0.682 0.533 2.0 0.143 0.103 1.000
0.0 0.0 0.0 1.0 0.0 0.0 0.0 0.0 0.0 0.0 0.341 0.432 0.659 0.510 2.0 0.143 0.103 1.000
0.0 1.0 0.0 0.0 0.0 0.0 0.0 0.0 0.0 0.0 0.341 0.432 0.659 0.510 1.0 0.114 0.064 1.000
0.0 0.0 0.0 1.0 0.0 0.0 0.0 0.0 0.0 0.0 0.341 0.432 0.659 0.510 2.0 0.200 0.179 1.000
0.0 0.0 0.0 1.0 0.0 0.0 0.0 0.0 0.0 0.0 0.341 0.432 0.659 0.510 2.0 0.143 0.167 1.000
0.0 0.0 0.0 1.0 0.0 0.0 0.0 0.0 0.0 0.0 0.432 0.341 0.568 0.419 2.0 0.229 0.231 1.000
0.0 1.0 0.0 0.0 0.0 0.0 0.0 0.0 0.0 0.0 0.318 0.614 0.614 0.614 1.0 0.114 0.051 0.040
0.0 0.0 0.0 1.0 0.0 0.0 0.0 0.0 0.0 0.0 0.318 0.614 0.614 0.614 2.0 0.157 0.077 0.040
0.0 0.0 0.0 1.0 0.0 0.0 0.0 0.0 0.0 0.0 0.318 0.636 0.636 0.636 2.0 0.143 0.103 0.040
0.0 0.0 0.0 1.0 0.0 0.0 0.0 0.0 0.0 0.0 0.318 0.455 0.682 0.533 2.0 0.143 0.103 1.000
0.0 0.0 0.0 1.0 0.0 0.0 0.0 0.0 0.0 0.0 0.318 0.682 0.682 0.682 2.0 0.171 0.103 0.040
0.0 0.0 0.0 1.0 0.0 0.0 0.0 0.0 0.0 0.0 0.341 0.432 0.659 0.510 2.0 0.171 0.103 1.000
1.0 0.0 0.0 0.0 0.0 0.0 0.0 0.0 0.0 0.0 0.432 0.500 0.500 0.500 1.0 0.143 0.218 0.040
0.0 0.0 0.0 1.0 0.0 0.0 0.0 0.0 0.0 0.0 0.341 0.591 0.591 0.591 2.0 0.143 0.128 0.040
0.0 1.0 0.0 0.0 0.0 0.0 0.0 0.0 0.0 0.0 0.341 0.591 0.591 0.591 1.0 0.114 0.103 0.040
0.0 0.0 0.0 1.0 0.0 0.0 0.0 0.0 0.0 0.0 0.341 0.432 0.659 0.510 2.0 0.157 0.141 1.000
0.0 1.0 0.0 0.0 0.0 0.0 0.0 0.0 0.0 0.0 0.341 0.432 0.659 0.510 1.0 0.114 0.103 1.000
0.0 0.0 0.0 1.0 0.0 0.0 0.0 0.0 0.0 0.0 0.364 0.409 0.636 0.487 2.0 0.129 0.090 1.000
0.0 0.0 0.0 1.0 0.0 0.0 0.0 0.0 0.0 0.0 0.364 0.614 0.614 0.614 2.0 0.143 0.179 0.040
0.0 1.0 0.0 0.0 0.0 0.0 0.0 0.0 0.0 0.0 0.364 0.614 0.614 0.614 1.0 0.114 0.141 0.040
0.0 0.0 0.0 1.0 0.0 0.0 0.0 0.0 0.0 0.0 0.364 0.409 0.636 0.487 2.0 0.186 0.167 1.000
0.0 0.0 0.0 1.0 0.0 0.0 0.0 0.0 0.0 0.0 0.341 0.591 0.591 0.591 2.0 0.143 0.077 0.040
0.0 0.0 0.0 1.0 0.0 0.0 0.0 0.0 0.0 0.0 0.341 0.614 0.614 0.614 2.0 0.171 0.103 0.040
0.0 0.0 0.0 1.0 0.0 0.0 0.0 0.0 0.0 0.0 0.341 0.432 0.659 0.510 2.0 0.171 0.115 1.000
0.0 0.0 0.0 1.0 0.0 0.0 0.0 0.0 0.0 0.0 0.364 0.568 0.568 0.568 2.0 0.129 0.128 0.040
0.0 0.0 0.0 1.0 0.0 0.0 0.0 0.0 0.0 0.0 0.364 0.409 0.636 0.487 2.0 0.143 0.128 1.000
0.0 0.0 0.0 1.0 0.0 0.0 0.0 0.0 0.0 0.0 0.386 0.386 0.614 0.465 2.0 0.143 0.103 1.000
0.0 0.0 0.0 1.0 0.0 0.0 0.0 0.0 0.0 0.0 0.386 0.591 0.591 0.591 2.0 0.129 0.167 0.040
0.0 0.0 0.0 1.0 0.0 0.0 0.0 0.0 0.0 0.0 0.364 0.409 0.636 0.487 2.0 0.143 0.167 1.000
0.0 1.0 0.0 0.0 0.0 0.0 0.0 0.0 0.0 0.0 0.364 0.409 0.636 0.487 1.0 0.114 0.103 1.000
0.0 1.0 0.0 0.0 0.0 0.0 0.0 0.0 0.0 0.0 0.455 0.477 0.477 0.477 1.0 0.100 0.218 0.040
0.0 0.0 0.0 1.0 0.0 0.0 0.0 0.0 0.0 0.0 0.364 0.409 0.636 0.487 2.0 0.243 0.192 1.000
0.0 1.0 0.0 0.0 0.0 0.0 0.0 0.0 0.0 0.0 0.341 0.659 0.659 0.659 1.0 0.114 0.103 0.040
0.0 0.0 0.0 1.0 0.0 0.0 0.0 0.0 0.0 0.0 0.341 0.659 0.659 0.659 2.0 0.157 0.167 0.040
1.0 0.0 0.0 0.0 0.0 0.0 0.0 0.0 0.0 0.0 0.364 0.614 0.614 0.614 1.0 0.143 0.179 0.040
1.0 0.0 0.0 0.0 0.0 0.0 0.0 0.0 0.0 0.0 0.455 0.318 0.545 0.396 1.0 0.143 0.231 1.000
0.0 1.0 0.0 0.0 0.0 0.0 0.0 0.0 0.0 0.0 0.477 0.386 0.386 0.386 2.0 0.114 0.244 0.040
1.0 0.0 0.0 0.0 0.0 0.0 0.0 0.0 0.0 0.0 0.455 0.409 0.409 0.409 1.0 0.114 0.231 0.040
0.0 0.0 0.0 1.0 0.0 0.0 0.0 0.0 0.0 0.0 0.364 0.568 0.568 0.568 2.0 0.171 0.077 0.040
0.0 0.0 0.0 1.0 0.0 0.0 0.0 0.0 0.0 0.0 0.386 0.545 0.545 0.545 2.0 0.129 0.128 0.040
0.0 0.0 0.0 1.0 0.0 0.0 0.0 0.0 0.0 0.0 0.386 0.386 0.614 0.465 2.0 0.186 0.141 1.000
0.0 0.0 0.0 1.0 0.0 0.0 0.0 0.0 0.0 0.0 0.364 0.409 0.636 0.487 2.0 0.143 0.167 1.000
0.0 1.0 0.0 0.0 0.0 0.0 0.0 0.0 0.0 0.0 0.364 0.409 0.636 0.487 1.0 0.114 0.115 1.000
0.0 0.0 0.0 1.0 0.0 0.0 0.0 0.0 0.0 0.0 0.409 0.568 0.568 0.568 2.0 0.129 0.179 0.040
0.0 1.0 0.0 0.0 0.0 0.0 0.0 0.0 0.0 0.0 0.409 0.364 0.591 0.442 2.0 0.100 0.179 1.000
0.0 0.0 0.0 1.0 0.0 0.0 0.0 0.0 0.0 0.0 0.386 0.386 0.614 0.465 2.0 0.114 0.167 1.000
0.0 1.0 0.0 0.0 0.0 0.0 0.0 0.0 0.0 0.0 0.432 0.341 0.568 0.419 1.0 0.129 0.192 1.000
0.0 1.0 0.0 0.0 0.0 0.0 0.0 0.0 0.0 0.0 0.409 0.364 0.591 0.442 2.0 0.100 0.192 1.000
0.0 0.0 0.0 1.0 0.0 0.0 0.0 0.0 0.0 0.0 0.386 0.386 0.614 0.465 2.0 0.186 0.179 1.000
0.0 1.0 0.0 0.0 0.0 0.0 0.0 0.0 0.0 0.0 0.364 0.591 0.591 0.591 1.0 0.114 0.103 0.040
0.0 0.0 0.0 1.0 0.0 0.0 0.0 0.0 0.0 0.0 0.364 0.591 0.591 0.591 2.0 0.157 0.154 0.040
0.0 0.0 0.0 1.0 0.0 0.0 0.0 0.0 0.0 0.0 0.364 0.636 0.636 0.636 2.0 0.143 0.167 0.040
0.0 1.0 0.0 0.0 0.0 0.0 0.0 0.0 0.0 0.0 0.409 0.364 0.591 0.442 1.0 0.129 0.103 1.000
1.0 0.0 0.0 0.0 0.0 0.0 0.0 0.0 0.0 0.0 0.386 0.568 0.568 0.568 1.0 0.143 0.167 0.040
0.0 1.0 0.0 0.0 0.0 0.0 0.0 0.0 0.0 0.0 0.409 0.523 0.523 0.523 1.0 0.114 0.128 0.040
0.0 0.0 0.0 1.0 0.0 0.0 0.0 0.0 0.0 0.0 0.386 0.386 0.614 0.465 2.0 0.129 0.167 1.000
0.0 1.0 0.0 0.0 0.0 0.0 0.0 0.0 0.0 0.0 0.432 0.545 0.545 0.545 2.0 0.086 0.192 0.040
0.0 1.0 0.0 0.0 0.0 0.0 0.0 0.0 0.0 0.0 0.455 0.523 0.523 0.523 1.0 0.100 0.192 0.040
0.0 0.0 0.0 1.0 0.0 0.0 0.0 0.0 0.0 0.0 0.432 0.341 0.568 0.419 2.0 0.129 0.179 1.000
0.0 1.0 0.0 0.0 0.0 0.0 0.0 0.0 0.0 0.0 0.386 0.591 0.591 0.591 1.0 0.100 0.179 0.040
0.0 0.0 0.0 1.0 0.0 0.0 0.0 0.0 0.0 0.0 0.500 0.364 0.364 0.364 2.0 0.129 0.256 0.040
0.0 1.0 0.0 0.0 0.0 0.0 0.0 0.0 0.0 0.0 0.500 0.364 0.364 0.364 1.0 0.100 0.244 0.040
0.0 0.0 0.0 1.0 0.0 0.0 0.0 0.0 0.0 0.0 0.477 0.295 0.523 0.374 2.0 0.143 0.244 1.000
0.0 1.0 0.0 0.0 0.0 0.0 0.0 0.0 0.0 0.0 0.477 0.295 0.523 0.374 1.0 0.100 0.231 1.000
0.0 1.0 0.0 0.0 0.0 0.0 0.0 0.0 0.0 0.0 0.386 0.545 0.545 0.545 1.0 0.114 0.077 0.040
0.0 0.0 0.0 1.0 0.0 0.0 0.0 0.0 0.0 0.0 0.386 0.568 0.568 0.568 2.0 0.143 0.154 0.040
1.0 0.0 0.0 0.0 0.0 0.0 0.0 0.0 0.0 0.0 0.386 0.386 0.614 0.465 1.0 0.143 0.192 1.000
1.0 0.0 0.0 0.0 0.0 0.0 0.0 0.0 0.0 0.0 0.386 0.477 0.477 0.477 1.0 0.143 0.192 0.040
0.0 0.0 0.0 1.0 0.0 0.0 0.0 0.0 0.0 0.0 0.386 0.614 0.614 0.614 2.0 0.171 0.167 0.040
0.0 0.0 0.0 1.0 0.0 0.0 0.0 0.0 0.0 0.0 0.409 0.364 0.591 0.442 2.0 0.143 0.167 1.000
0.0 1.0 0.0 0.0 0.0 0.0 0.0 0.0 0.0 0.0 0.432 0.341 0.568 0.419 1.0 0.100 0.103 1.000
0.0 1.0 0.0 0.0 0.0 0.0 0.0 0.0 0.0 0.0 0.409 0.545 0.545 0.545 2.0 0.086 0.179 0.040
0.0 1.0 0.0 0.0 0.0 0.0 0.0 0.0 0.0 0.0 0.432 0.523 0.523 0.523 1.0 0.086 0.179 0.040
0.0 0.0 0.0 1.0 0.0 0.0 0.0 0.0 0.0 0.0 0.523 0.341 0.341 0.341 2.0 0.129 0.256 0.040
0.0 0.0 0.0 1.0 0.0 0.0 0.0 0.0 0.0 0.0 0.500 0.273 0.500 0.351 2.0 0.143 0.244 1.000
1.0 0.0 0.0 0.0 0.0 0.0 0.0 0.0 0.0 0.0 0.409 0.364 0.591 0.442 1.0 0.143 0.141 1.000
0.0 1.0 0.0 0.0 0.0 0.0 0.0 0.0 0.0 0.0 0.455 0.318 0.545 0.396 2.0 0.129 0.192 1.000
1.0 0.0 0.0 0.0 0.0 0.0 0.0 0.0 0.0 0.0 0.455 0.318 0.545 0.396 1.0 0.129 0.192 1.000
1.0 0.0 0.0 0.0 0.0 0.0 0.0 0.0 0.0 0.0 0.455 0.409 0.409 0.409 1.0 0.129 0.192 0.040
1.0 0.0 0.0 0.0 0.0 0.0 0.0 0.0 0.0 0.0 0.409 0.523 0.523 0.523 1.0 0.143 0.141 0.040
0.0 0.0 0.0 1.0 0.0 0.0 0.0 0.0 0.0 0.0 0.409 0.545 0.545 0.545 2.0 0.171 0.154 0.040
0.0 0.0 1.0 0.0 0.0 0.0 0.0 0.0 0.0 0.0 0.432 0.500 0.500 0.500 2.0 0.157 0.154 0.040
0.0 0.0 1.0 0.0 0.0 0.0 0.0 0.0 0.0 0.0 0.477 0.500 0.500 0.500 2.0 0.157 0.218 0.040
0.0 0.0 0.0 1.0 0.0 0.0 0.0 0.0 0.0 0.0 0.409 0.455 0.455 0.455 2.0 0.129 0.205 0.040
0.0 1.0 0.0 0.0 0.0 0.0 0.0 0.0 0.0 0.0 0.409 0.455 0.455 0.455 1.0 0.100 0.192 0.040
0.0 0.0 0.0 1.0 0.0 0.0 0.0 0.0 0.0 0.0 0.409 0.364 0.591 0.442 2.0 0.143 0.205 1.000
0.0 1.0 0.0 0.0 0.0 0.0 0.0 0.0 0.0 0.0 0.409 0.364 0.591 0.442 2.0 0.086 0.205 1.000
0.0 1.0 0.0 0.0 0.0 0.0 0.0 0.0 0.0 0.0 0.432 0.341 0.568 0.419 1.0 0.086 0.205 1.000
0.0 0.0 0.0 1.0 0.0 0.0 0.0 0.0 0.0 0.0 0.545 0.318 0.318 0.318 2.0 0.129 0.256 0.040
0.0 0.0 0.0 1.0 0.0 0.0 0.0 0.0 0.0 0.0 0.523 0.250 0.477 0.328 2.0 0.186 0.244 1.000
0.0 1.0 0.0 0.0 0.0 0.0 0.0 0.0 0.0 0.0 0.409 0.591 0.591 0.591 1.0 0.114 0.167 0.040
0.0 1.0 0.0 0.0 0.0 0.0 0.0 0.0 0.0 0.0 0.432 0.341 0.568 0.419 1.0 0.129 0.167 1.000
0.0 1.0 0.0 0.0 0.0 0.0 0.0 0.0 0.0 0.0 0.432 0.341 0.568 0.419 1.0 0.100 0.141 1.000
0.0 0.0 0.0 1.0 0.0 0.0 0.0 0.0 0.0 0.0 0.455 0.318 0.545 0.396 2.0 0.129 0.244 1.000
0.0 1.0 0.0 0.0 0.0 0.0 0.0 0.0 0.0 0.0 0.477 0.295 0.523 0.374 1.0 0.100 0.192 1.000
0.0 0.0 0.0 1.0 0.0 0.0 0.0 0.0 0.0 0.0 0.477 0.295 0.523 0.374 2.0 0.129 0.244 1.000
0.0 0.0 0.0 1.0 0.0 0.0 0.0 0.0 0.0 0.0 0.477 0.386 0.386 0.386 2.0 0.129 0.218 0.040
0.0 1.0 0.0 0.0 0.0 0.0 0.0 0.0 0.0 0.0 0.477 0.386 0.386 0.386 1.0 0.100 0.192 0.040
0.0 0.0 0.0 1.0 0.0 0.0 0.0 0.0 0.0 0.0 0.477 0.295 0.523 0.374 2.0 0.143 0.205 1.000
0.0 1.0 0.0 0.0 0.0 0.0 0.0 0.0 0.0 0.0 0.477 0.295 0.523 0.374 1.0 0.100 0.192 1.000
0.0 0.0 0.0 1.0 0.0 0.0 0.0 0.0 0.0 0.0 0.432 0.432 0.432 0.432 2.0 0.129 0.205 0.040
0.0 0.0 0.0 1.0 0.0 0.0 0.0 0.0 0.0 0.0 0.455 0.318 0.545 0.396 2.0 0.143 0.218 1.000
0.0 1.0 0.0 0.0 0.0 0.0 0.0 0.0 0.0 0.0 0.568 0.295 0.295 0.295 1.0 0.100 0.256 0.040
0.0 1.0 0.0 0.0 0.0 0.0 0.0 0.0 0.0 0.0 0.432 0.500 0.500 0.500 1.0 0.100 0.141 0.040
0.0 0.0 0.0 1.0 0.0 0.0 0.0 0.0 0.0 0.0 0.432 0.500 0.500 0.500 2.0 0.143 0.218 0.040
0.0 1.0 0.0 0.0 0.0 0.0 0.0 0.0 0.0 0.0 0.432 0.523 0.523 0.523 1.0 0.114 0.154 0.040
0.0 0.0 0.0 1.0 0.0 0.0 0.0 0.0 0.0 0.0 0.432 0.523 0.523 0.523 2.0 0.157 0.218 0.040
0.0 1.0 0.0 0.0 0.0 0.0 0.0 0.0 0.0 0.0 0.455 0.477 0.477 0.477 1.0 0.114 0.154 0.040
0.0 1.0 0.0 0.0 0.0 0.0 0.0 0.0 0.0 0.0 0.500 0.477 0.477 0.477 1.0 0.114 0.218 0.040
0.0 0.0 0.0 1.0 0.0 0.0 0.0 0.0 0.0 0.0 0.455 0.318 0.545 0.396 2.0 0.129 0.244 1.000
0.0 1.0 0.0 0.0 0.0 0.0 0.0 0.0 0.0 0.0 0.455 0.318 0.545 0.396 1.0 0.100 0.167 1.000
0.0 0.0 0.0 1.0 0.0 0.0 0.0 0.0 0.0 0.0 0.455 0.318 0.545 0.396 2.0 0.129 0.256 1.000
0.0 0.0 0.0 1.0 0.0 0.0 0.0 0.0 0.0 0.0 0.500 0.273 0.500 0.351 2.0 0.129 0.244 1.000
0.0 0.0 0.0 1.0 0.0 0.0 0.0 0.0 0.0 0.0 0.500 0.364 0.364 0.364 2.0 0.129 0.205 0.040
0.0 0.0 0.0 1.0 0.0 0.0 0.0 0.0 0.0 0.0 0.500 0.273 0.500 0.351 2.0 0.143 0.205 1.000
0.0 0.0 0.0 1.0 0.0 0.0 0.0 0.0 0.0 0.0 0.455 0.409 0.409 0.409 2.0 0.129 0.205 0.040
0.0 0.0 0.0 1.0 0.0 0.0 0.0 0.0 0.0 0.0 0.477 0.295 0.523 0.374 2.0 0.186 0.218 1.000
0.0 1.0 0.0 0.0 0.0 0.0 0.0 0.0 0.0 0.0 0.545 0.227 0.455 0.324 1.0 0.514 0.244 0.760
1.0 0.0 0.0 0.0 0.0 0.0 0.0 0.0 0.0 0.0 0.545 0.227 0.455 0.339 1.0 0.271 0.244 0.600
0.0 0.0 0.0 1.0 0.0 0.0 0.0 0.0 0.0 0.0 0.455 0.477 0.477 0.477 2.0 0.157 0.218 0.040
0.0 0.0 0.0 1.0 0.0 0.0 0.0 0.0 0.0 0.0 0.455 0.500 0.500 0.500 2.0 0.143 0.218 0.040
0.0 0.0 0.0 1.0 0.0 0.0 0.0 0.0 0.0 0.0 0.477 0.295 0.523 0.374 2.0 0.129 0.244 1.000
0.0 0.0 0.0 1.0 0.0 0.0 0.0 0.0 0.0 0.0 0.477 0.295 0.523 0.374 2.0 0.143 0.256 1.000
0.0 0.0 0.0 1.0 0.0 0.0 0.0 0.0 0.0 0.0 0.523 0.250 0.477 0.328 2.0 0.157 0.244 1.000
0.0 0.0 0.0 1.0 0.0 0.0 0.0 0.0 0.0 0.0 0.523 0.341 0.341 0.341 2.0 0.129 0.218 0.040
0.0 0.0 0.0 1.0 0.0 0.0 0.0 0.0 0.0 0.0 0.523 0.250 0.477 0.328 2.0 0.186 0.205 1.000
0.0 1.0 0.0 0.0 0.0 0.0 0.0 0.0 0.0 0.0 0.477 0.386 0.386 0.386 2.0 0.086 0.218 0.040
0.0 1.0 0.0 0.0 0.0 0.0 0.0 0.0 0.0 0.0 0.500 0.364 0.364 0.364 1.0 0.114 0.218 0.040
0.0 0.0 0.0 1.0 0.0 0.0 0.0 0.0 0.0 0.0 0.477 0.455 0.455 0.455 2.0 0.171 0.218 0.040
0.0 0.0 0.0 1.0 0.0 0.0 0.0 0.0 0.0 0.0 0.477 0.477 0.477 0.477 2.0 0.171 0.218 0.040
0.0 1.0 0.0 0.0 0.0 0.0 0.0 0.0 0.0 0.0 0.500 0.273 0.500 0.351 1.0 0.114 0.244 1.000
0.0 0.0 0.0 1.0 0.0 0.0 0.0 0.0 0.0 0.0 0.500 0.273 0.500 0.351 2.0 0.157 0.256 1.000
0.0 0.0 0.0 1.0 0.0 0.0 0.0 0.0 0.0 0.0 0.545 0.227 0.455 0.305 2.0 0.229 0.256 1.000
0.0 1.0 0.0 0.0 0.0 0.0 0.0 0.0 0.0 0.0 0.545 0.318 0.318 0.318 1.0 0.100 0.218 0.040
0.0 1.0 0.0 0.0 0.0 0.0 0.0 0.0 0.0 0.0 0.500 0.273 0.500 0.378 1.0 0.457 0.218 0.680
1.0 0.0 0.0 0.0 0.0 0.0 0.0 0.0 0.0 0.0 0.500 0.273 0.500 0.374 1.0 0.329 0.218 0.680
0.0 1.0 0.0 0.0 0.0 0.0 0.0 0.0 0.0 0.0 0.500 0.432 0.432 0.432 1.0 0.114 0.218 0.040
0.0 1.0 0.0 0.0 0.0 0.0 0.0 0.0 0.0 0.0 0.500 0.455 0.455 0.455 1.0 0.114 0.218 0.040
0.0 0.0 0.0 1.0 0.0 0.0 0.0 0.0 0.0 0.0 0.523 0.250 0.477 0.328 2.0 0.214 0.256 1.000
0.0 0.0 0.0 1.0 0.0 0.0 0.0 0.0 0.0 0.0 0.523 0.250 0.477 0.328 2.0 0.229 0.269 1.000
0.0 1.0 0.0 0.0 0.0 0.0 0.0 0.0 0.0 0.0 0.545 0.227 0.455 0.319 1.0 0.486 0.205 0.720
1.0 0.0 0.0 0.0 0.0 0.0 0.0 0.0 0.0 0.0 0.545 0.250 0.455 0.344 1.0 0.243 0.205 0.640
0.0 0.0 1.0 0.0 0.0 0.0 0.0 0.0 0.0 0.0 0.568 0.205 0.432 0.336 2.0 0.857 0.410 0.520
0.0 0.0 1.0 0.0 0.0 0.0 0.0 0.0 0.0 0.0 0.568 0.205 0.432 0.332 2.0 0.657 0.410 0.520
0.0 0.0 1.0 0.0 0.0 0.0 0.0 0.0 0.0 0.0 0.568 0.205 0.432 0.318 2.0 0.900 0.410 0.600
0.0 1.0 0.0 0.0 0.0 0.0 0.0 0.0 0.0 0.0 0.591 0.182 0.409 0.326 2.0 0.343 0.423 0.440
0.0 0.0 1.0 0.0 0.0 0.0 0.0 0.0 0.0 0.0 0.568 0.205 0.432 0.349 2.0 0.171 0.410 0.440
1.0 0.0 0.0 0.0 0.0 0.0 0.0 0.0 0.0 0.0 0.568 0.205 0.432 0.283 1.0 0.143 0.256 1.000
1.0 0.0 0.0 0.0 0.0 0.0 0.0 0.0 0.0 0.0 0.568 0.295 0.295 0.295 1.0 0.143 0.256 0.040
1.0 0.0 0.0 0.0 0.0 0.0 0.0 0.0 0.0 0.0 0.545 0.227 0.455 0.305 1.0 0.143 0.256 1.000
1.0 0.0 0.0 0.0 0.0 0.0 0.0 0.0 0.0 0.0 0.545 0.318 0.318 0.318 1.0 0.143 0.256 0.040
1.0 0.0 0.0 0.0 0.0 0.0 0.0 0.0 0.0 0.0 0.545 0.227 0.455 0.305 1.0 0.143 0.269 1.000
1.0 0.0 0.0 0.0 0.0 0.0 0.0 0.0 0.0 0.0 0.545 0.318 0.318 0.318 1.0 0.143 0.269 0.040
0.0 0.0 0.0 1.0 0.0 0.0 0.0 0.0 0.0 0.0 0.591 0.273 0.273 0.273 2.0 0.129 0.269 0.040
0.0 1.0 0.0 0.0 0.0 0.0 0.0 0.0 0.0 0.0 0.591 0.273 0.273 0.273 1.0 0.100 0.256 0.040
0.0 0.0 0.0 1.0 0.0 0.0 0.0 0.0 0.0 0.0 0.591 0.182 0.409 0.260 2.0 0.143 0.269 1.000
0.0 1.0 0.0 0.0 0.0 0.0 0.0 0.0 0.0 0.0 0.591 0.182 0.409 0.260 1.0 0.100 0.256 1.000
0.0 0.0 0.0 1.0 0.0 0.0 0.0 0.0 0.0 0.0 0.568 0.295 0.295 0.295 2.0 0.129 0.282 0.040
0.0 1.0 0.0 0.0 0.0 0.0 0.0 0.0 0.0 0.0 0.568 0.295 0.295 0.295 2.0 0.086 0.269 0.040
0.0 1.0 0.0 0.0 0.0 0.0 0.0 0.0 0.0 0.0 0.591 0.273 0.273 0.273 1.0 0.086 0.269 0.040
0.0 0.0 0.0 1.0 0.0 0.0 0.0 0.0 0.0 0.0 0.568 0.205 0.432 0.283 2.0 0.143 0.282 1.000
0.0 1.0 0.0 0.0 0.0 0.0 0.0 0.0 0.0 0.0 0.568 0.205 0.432 0.283 1.0 0.100 0.256 1.000
0.0 0.0 0.0 1.0 0.0 0.0 0.0 0.0 0.0 0.0 0.568 0.295 0.295 0.295 2.0 0.129 0.282 0.040
0.0 1.0 0.0 0.0 0.0 0.0 0.0 0.0 0.0 0.0 0.568 0.295 0.295 0.295 1.0 0.100 0.269 0.040
0.0 0.0 0.0 1.0 0.0 0.0 0.0 0.0 0.0 0.0 0.568 0.205 0.432 0.283 2.0 0.143 0.282 1.000
0.0 1.0 0.0 0.0 0.0 0.0 0.0 0.0 0.0 0.0 0.568 0.205 0.432 0.283 1.0 0.100 0.269 1.000
0.0 0.0 0.0 1.0 0.0 0.0 0.0 0.0 0.0 0.0 0.614 0.250 0.250 0.250 2.0 0.129 0.269 0.040
0.0 0.0 0.0 1.0 0.0 0.0 0.0 0.0 0.0 0.0 0.614 0.159 0.386 0.237 2.0 0.143 0.269 1.000
0.0 0.0 0.0 1.0 0.0 0.0 0.0 0.0 0.0 0.0 0.614 0.250 0.250 0.250 2.0 0.129 0.295 0.040
0.0 0.0 0.0 1.0 0.0 0.0 0.0 0.0 0.0 0.0 0.591 0.182 0.409 0.260 2.0 0.143 0.282 1.000
0.0 0.0 0.0 1.0 0.0 0.0 0.0 0.0 0.0 0.0 0.591 0.273 0.273 0.273 2.0 0.129 0.282 0.040
0.0 0.0 0.0 1.0 0.0 0.0 0.0 0.0 0.0 0.0 0.591 0.182 0.409 0.260 2.0 0.143 0.282 1.000
0.0 0.0 0.0 1.0 0.0 0.0 0.0 0.0 0.0 0.0 0.636 0.227 0.227 0.227 2.0 0.129 0.269 0.040
0.0 0.0 0.0 1.0 0.0 0.0 0.0 0.0 0.0 0.0 0.636 0.136 0.364 0.215 2.0 0.171 0.269 1.000
0.0 0.0 0.0 1.0 0.0 0.0 0.0 0.0 0.0 0.0 0.636 0.227 0.227 0.227 2.0 0.129 0.295 0.040
0.0 0.0 0.0 1.0 0.0 0.0 0.0 0.0 0.0 0.0 0.614 0.159 0.386 0.237 2.0 0.200 0.282 1.000
0.0 0.0 0.0 1.0 0.0 0.0 0.0 0.0 0.0 0.0 0.614 0.250 0.250 0.250 2.0 0.129 0.282 0.040
0.0 0.0 0.0 1.0 0.0 0.0 0.0 0.0 0.0 0.0 0.614 0.159 0.386 0.237 2.0 0.200 0.282 1.000
0.0 1.0 0.0 0.0 0.0 0.0 0.0 0.0 0.0 0.0 0.659 0.205 0.205 0.205 1.0 0.129 0.269 0.040
0.0 1.0 0.0 0.0 0.0 0.0 0.0 0.0 0.0 0.0 0.659 0.205 0.205 0.205 1.0 0.143 0.295 0.040
0.0 1.0 0.0 0.0 0.0 0.0 0.0 0.0 0.0 0.0 0.636 0.227 0.227 0.227 1.0 0.129 0.282 0.040
0.0 1.0 0.0 0.0 0.0 0.0 0.0 0.0 0.0 0.0 0.659 0.136 0.341 0.230 2.0 0.114 0.282 0.600
0.0 1.0 0.0 0.0 0.0 0.0 0.0 0.0 0.0 0.0 0.682 0.114 0.318 0.208 1.0 0.371 0.282 0.600
1.0 0.0 0.0 0.0 0.0 0.0 0.0 0.0 0.0 0.0 0.659 0.114 0.341 0.207 1.0 0.329 0.269 0.760
0.0 1.0 0.0 0.0 0.0 0.0 0.0 0.0 0.0 0.0 0.636 0.136 0.364 0.261 1.0 0.343 0.282 0.480
0.0 0.0 1.0 0.0 0.0 0.0 0.0 0.0 0.0 0.0 0.636 0.136 0.364 0.225 2.0 0.500 0.295 0.840
0.0 1.0 0.0 0.0 0.0 0.0 0.0 0.0 0.0 0.0 0.636 0.136 0.364 0.256 1.0 0.371 0.282 0.560
0.0 0.0 1.0 0.0 0.0 0.0 0.0 0.0 0.0 0.0 0.636 0.136 0.364 0.228 2.0 0.471 0.308 0.800
0.0 0.0 0.0 1.0 0.0 0.0 0.0 0.0 0.0 0.0 0.705 0.159 0.159 0.159 4.0 0.300 0.833 0.040
0.0 0.0 1.0 0.0 0.0 0.0 0.0 0.0 0.0 0.0 0.682 0.182 0.182 0.182 4.0 0.243 0.526 0.040
0.0 0.0 1.0 0.0 0.0 0.0 0.0 0.0 0.0 0.0 0.591 0.273 0.273 0.273 2.0 0.157 0.410 0.040
1.0 0.0 0.0 0.0 0.0 0.0 0.0 0.0 0.0 0.0 0.659 0.114 0.341 0.226 1.0 0.386 0.295 0.520
1.0 0.0 0.0 0.0 0.0 0.0 0.0 0.0 0.0 0.0 0.659 0.114 0.341 0.224 1.0 0.543 0.295 0.640
1.0 0.0 0.0 0.0 0.0 0.0 0.0 0.0 0.0 0.0 0.659 0.114 0.341 0.235 1.0 0.386 0.308 0.560
1.0 0.0 0.0 0.0 0.0 0.0 0.0 0.0 0.0 0.0 0.659 0.114 0.341 0.224 1.0 0.471 0.308 0.560
0.0 0.0 1.0 0.0 0.0 0.0 0.0 0.0 0.0 0.0 0.705 0.091 0.295 0.198 2.0 0.743 0.397 0.440
0.0 0.0 1.0 0.0 0.0 0.0 0.0 0.0 0.0 0.0 0.705 0.091 0.295 0.208 2.0 0.543 0.397 0.480
0.0 0.0 1.0 0.0 0.0 0.0 0.0 0.0 0.0 0.0 0.682 0.091 0.318 0.197 2.0 0.871 0.385 0.600
0.0 1.0 0.0 0.0 0.0 0.0 0.0 0.0 0.0 0.0 0.727 0.091 0.273 0.180 1.0 0.571 0.397 0.520
0.0 1.0 0.0 0.0 0.0 0.0 0.0 0.0 0.0 0.0 0.705 0.114 0.295 0.203 2.0 0.186 0.397 0.520
0.0 0.0 1.0 0.0 0.0 0.0 0.0 0.0 0.0 0.0 0.682 0.136 0.318 0.226 2.0 0.129 0.385 0.520
0.0 0.0 1.0 0.0 0.0 0.0 0.0 0.0 0.0 0.0 0.727 0.136 0.136 0.136 4.0 0.171 0.846 0.040
0.0 0.0 1.0 0.0 0.0 0.0 0.0 0.0 0.0 0.0 0.659 0.205 0.205 0.205 2.0 0.129 0.295 0.040
0.0 0.0 1.0 0.0 0.0 0.0 0.0 0.0 0.0 0.0 0.659 0.114 0.341 0.239 2.0 0.543 0.295 0.480
0.0 0.0 1.0 0.0 0.0 0.0 0.0 0.0 0.0 0.0 0.659 0.205 0.205 0.205 2.0 0.129 0.308 0.040
0.0 0.0 1.0 0.0 0.0 0.0 0.0 0.0 0.0 0.0 0.659 0.114 0.341 0.234 2.0 0.614 0.308 0.560
0.0 0.0 0.0 1.0 0.0 0.0 0.0 0.0 0.0 0.0 0.705 0.159 0.295 0.239 4.0 0.657 0.833 0.320
0.0 0.0 1.0 0.0 0.0 0.0 0.0 0.0 0.0 0.0 0.682 0.182 0.318 0.261 2.0 0.314 0.487 0.320
0.0 0.0 0.0 1.0 0.0 0.0 0.0 0.0 0.0 0.0 0.727 0.136 0.273 0.216 4.0 0.657 0.846 0.320
0.0 0.0 1.0 0.0 0.0 0.0 0.0 0.0 0.0 0.0 0.682 0.182 0.318 0.261 2.0 0.314 0.487 0.320
0.0 0.0 0.0 1.0 0.0 0.0 0.0 0.0 0.0 0.0 0.727 0.136 0.273 0.216 4.0 0.600 0.846 0.320
0.0 0.0 1.0 0.0 0.0 0.0 0.0 0.0 0.0 0.0 0.682 0.182 0.318 0.261 2.0 0.314 0.487 0.320
0.0 0.0 0.0 1.0 0.0 0.0 0.0 0.0 0.0 0.0 0.727 0.136 0.273 0.216 4.0 0.629 0.846 0.320
0.0 0.0 1.0 0.0 0.0 0.0 0.0 0.0 0.0 0.0 0.682 0.182 0.318 0.261 2.0 0.314 0.487 0.320
0.0 0.0 0.0 1.0 0.0 0.0 0.0 0.0 0.0 0.0 0.750 0.114 0.250 0.199 4.0 0.543 0.846 0.320
0.0 0.0 1.0 0.0 0.0 0.0 0.0 0.0 0.0 0.0 0.682 0.182 0.318 0.267 2.0 0.471 0.487 0.320
0.0 0.0 0.0 1.0 0.0 0.0 0.0 0.0 0.0 0.0 0.727 0.136 0.273 0.222 4.0 0.629 0.859 0.320
0.0 1.0 0.0 0.0 0.0 0.0 0.0 0.0 0.0 0.0 0.705 0.159 0.295 0.244 2.0 0.143 0.500 0.320
0.0 0.0 1.0 0.0 0.0 0.0 0.0 0.0 0.0 0.0 0.682 0.182 0.318 0.267 2.0 0.429 0.487 0.320
0.0 0.0 0.0 1.0 0.0 0.0 0.0 0.0 0.0 0.0 0.750 0.114 0.250 0.199 4.0 0.614 0.846 0.320
0.0 0.0 1.0 0.0 0.0 0.0 0.0 0.0 0.0 0.0 0.682 0.182 0.318 0.267 2.0 0.486 0.487 0.320
0.0 0.0 1.0 0.0 0.0 0.0 0.0 0.0 0.0 0.0 0.705 0.068 0.068 0.068 4.0 0.671 0.833 0.040
0.0 0.0 1.0 0.0 0.0 0.0 0.0 0.0 0.0 0.0 0.682 0.091 0.091 0.091 2.0 0.314 0.487 0.040
0.0 0.0 1.0 0.0 0.0 0.0 0.0 0.0 0.0 0.0 0.727 0.068 0.068 0.068 4.0 0.671 0.846 0.040
0.0 0.0 1.0 0.0 0.0 0.0 0.0 0.0 0.0 0.0 0.682 0.114 0.114 0.114 2.0 0.314 0.487 0.040
0.0 0.0 1.0 0.0 0.0 0.0 0.0 0.0 0.0 0.0 0.727 0.068 0.068 0.068 4.0 0.614 0.846 0.040
0.0 0.0 1.0 0.0 0.0 0.0 0.0 0.0 0.0 0.0 0.682 0.114 0.114 0.114 2.0 0.314 0.487 0.040
0.0 1.0 0.0 0.0 0.0 0.0 0.0 0.0 0.0 0.0 0.750 0.068 0.068 0.068 2.0 0.157 0.859 0.040
0.0 0.0 1.0 0.0 0.0 0.0 0.0 0.0 0.0 0.0 0.727 0.091 0.091 0.091 4.0 0.614 0.846 0.040
0.0 0.0 1.0 0.0 0.0 0.0 0.0 0.0 0.0 0.0 0.682 0.136 0.136 0.136 2.0 0.300 0.487 0.040
0.0 0.0 1.0 0.0 0.0 0.0 0.0 0.0 0.0 0.0 0.750 0.068 0.068 0.068 4.0 0.557 0.846 0.040
0.0 0.0 1.0 0.0 0.0 0.0 0.0 0.0 0.0 0.0 0.682 0.136 0.136 0.136 2.0 0.471 0.487 0.040
0.0 0.0 1.0 0.0 0.0 0.0 0.0 0.0 0.0 0.0 0.705 0.068 0.068 0.068 4.0 0.586 0.846 0.040
0.0 0.0 1.0 0.0 0.0 0.0 0.0 0.0 0.0 0.0 0.682 0.091 0.091 0.091 2.0 0.486 0.487 0.040
0.0 0.0 1.0 0.0 0.0 0.0 0.0 0.0 0.0 0.0 0.750 0.068 0.068 0.068 4.0 0.557 0.846 0.040
0.0 0.0 1.0 0.0 0.0 0.0 0.0 0.0 0.0 0.0 0.682 0.136 0.136 0.136 2.0 0.486 0.487 0.040
0.0 0.0 0.0 1.0 0.0 0.0 0.0 0.0 0.0 0.0 0.705 0.159 0.295 0.239 4.0 0.657 0.833 0.320
0.0 0.0 1.0 0.0 0.0 0.0 0.0 0.0 0.0 0.0 0.682 0.182 0.318 0.261 2.0 0.500 0.487 0.320
0.0 0.0 0.0 1.0 0.0 0.0 0.0 0.0 0.0 0.0 0.727 0.136 0.273 0.216 4.0 0.586 0.846 0.320
0.0 1.0 0.0 0.0 0.0 0.0 0.0 0.0 0.0 0.0 0.705 0.159 0.295 0.239 2.0 0.143 0.500 0.320
0.0 0.0 1.0 0.0 0.0 0.0 0.0 0.0 0.0 0.0 0.682 0.182 0.318 0.261 2.0 0.414 0.487 0.320
0.0 0.0 0.0 1.0 0.0 0.0 0.0 0.0 0.0 0.0 0.750 0.114 0.250 0.193 4.0 0.686 0.846 0.320
0.0 0.0 1.0 0.0 0.0 0.0 0.0 0.0 0.0 0.0 0.682 0.182 0.318 0.261 2.0 0.471 0.487 0.320
0.0 0.0 0.0 1.0 0.0 0.0 0.0 0.0 0.0 0.0 0.727 0.136 0.273 0.216 4.0 0.614 0.872 0.320
0.0 1.0 0.0 0.0 0.0 0.0 0.0 0.0 0.0 0.0 0.705 0.159 0.295 0.239 2.0 0.143 0.500 0.320
0.0 0.0 1.0 0.0 0.0 0.0 0.0 0.0 0.0 0.0 0.682 0.182 0.318 0.261 2.0 0.414 0.487 0.320
0.0 0.0 0.0 1.0 0.0 0.0 0.0 0.0 0.0 0.0 0.727 0.136 0.273 0.222 4.0 0.557 0.859 0.320
0.0 1.0 0.0 0.0 0.0 0.0 0.0 0.0 0.0 0.0 0.705 0.159 0.295 0.244 2.0 0.143 0.500 0.320
0.0 0.0 1.0 0.0 0.0 0.0 0.0 0.0 0.0 0.0 0.682 0.182 0.318 0.267 2.0 0.414 0.487 0.320
0.0 0.0 0.0 1.0 0.0 0.0 0.0 0.0 0.0 0.0 0.705 0.159 0.295 0.244 4.0 0.600 0.833 0.320
0.0 0.0 1.0 0.0 0.0 0.0 0.0 0.0 0.0 0.0 0.682 0.182 0.318 0.267 2.0 0.414 0.487 0.320
0.0 0.0 0.0 1.0 0.0 0.0 0.0 0.0 0.0 0.0 0.705 0.159 0.295 0.244 4.0 0.600 0.833 0.320
0.0 0.0 1.0 0.0 0.0 0.0 0.0 0.0 0.0 0.0 0.682 0.182 0.318 0.267 2.0 0.414 0.487 0.320
0.0 0.0 0.0 1.0 0.0 0.0 0.0 0.0 0.0 0.0 0.750 0.114 0.250 0.199 4.0 0.614 0.846 0.320
0.0 0.0 1.0 0.0 0.0 0.0 0.0 0.0 0.0 0.0 0.682 0.182 0.318 0.267 2.0 0.414 0.487 0.320
0.0 0.0 0.0 1.0 0.0 0.0 0.0 0.0 0.0 0.0 0.727 0.136 0.273 0.222 4.0 0.571 0.846 0.320
0.0 0.0 1.0 0.0 0.0 0.0 0.0 0.0 0.0 0.0 0.682 0.182 0.318 0.267 2.0 0.414 0.487 0.320
0.0 0.0 0.0 1.0 0.0 0.0 0.0 0.0 0.0 0.0 0.727 0.136 0.136 0.136 4.0 0.529 0.821 0.040
0.0 0.0 1.0 0.0 0.0 0.0 0.0 0.0 0.0 0.0 0.682 0.182 0.182 0.182 2.0 0.457 0.487 0.040
0.0 0.0 0.0 1.0 0.0 0.0 0.0 0.0 0.0 0.0 0.727 0.136 0.136 0.136 4.0 0.529 0.821 0.040
0.0 0.0 1.0 0.0 0.0 0.0 0.0 0.0 0.0 0.0 0.682 0.182 0.182 0.182 2.0 0.400 0.487 0.040
0.0 0.0 0.0 1.0 0.0 0.0 0.0 0.0 0.0 0.0 0.705 0.159 0.159 0.159 4.0 0.586 0.808 0.040
0.0 0.0 1.0 0.0 0.0 0.0 0.0 0.0 0.0 0.0 0.682 0.182 0.182 0.182 2.0 0.529 0.487 0.040
0.0 0.0 0.0 1.0 0.0 0.0 0.0 0.0 0.0 0.0 0.727 0.136 0.136 0.136 4.0 0.557 0.821 0.040
0.0 0.0 1.0 0.0 0.0 0.0 0.0 0.0 0.0 0.0 0.682 0.182 0.182 0.182 2.0 0.529 0.487 0.040
0.0 0.0 0.0 1.0 0.0 0.0 0.0 0.0 0.0 0.0 0.727 0.136 0.136 0.136 4.0 0.500 0.821 0.040
0.0 0.0 1.0 0.0 0.0 0.0 0.0 0.0 0.0 0.0 0.682 0.182 0.182 0.182 2.0 0.529 0.487 0.040
0.0 0.0 0.0 1.0 0.0 0.0 0.0 0.0 0.0 0.0 0.727 0.136 0.136 0.136 4.0 0.500 0.821 0.040
0.0 0.0 1.0 0.0 0.0 0.0 0.0 0.0 0.0 0.0 0.682 0.182 0.182 0.182 2.0 0.529 0.487 0.040
0.0 0.0 0.0 1.0 0.0 0.0 0.0 0.0 0.0 0.0 0.727 0.136 0.136 0.136 4.0 0.557 0.821 0.040
0.0 0.0 1.0 0.0 0.0 0.0 0.0 0.0 0.0 0.0 0.682 0.182 0.182 0.182 2.0 0.357 0.487 0.040
0.0 0.0 0.0 1.0 0.0 0.0 0.0 0.0 0.0 0.0 0.727 0.136 0.136 0.136 4.0 0.557 0.821 0.040
0.0 0.0 1.0 0.0 0.0 0.0 0.0 0.0 0.0 0.0 0.682 0.182 0.182 0.182 2.0 0.386 0.487 0.040
0.0 0.0 1.0 0.0 0.0 0.0 0.0 0.0 0.0 0.0 0.705 0.068 0.068 0.068 4.0 0.671 0.833 0.040
0.0 0.0 1.0 0.0 0.0 0.0 0.0 0.0 0.0 0.0 0.682 0.091 0.091 0.091 2.0 0.500 0.487 0.040
0.0 0.0 1.0 0.0 0.0 0.0 0.0 0.0 0.0 0.0 0.705 0.068 0.068 0.068 4.0 0.614 0.833 0.040
0.0 0.0 1.0 0.0 0.0 0.0 0.0 0.0 0.0 0.0 0.682 0.091 0.091 0.091 2.0 0.471 0.487 0.040
0.0 0.0 1.0 0.0 0.0 0.0 0.0 0.0 0.0 0.0 0.750 0.068 0.068 0.068 4.0 0.629 0.846 0.040
0.0 0.0 1.0 0.0 0.0 0.0 0.0 0.0 0.0 0.0 0.682 0.136 0.136 0.136 2.0 0.471 0.487 0.040
0.0 0.0 1.0 0.0 0.0 0.0 0.0 0.0 0.0 0.0 0.727 0.068 0.068 0.068 4.0 0.571 0.859 0.040
0.0 0.0 1.0 0.0 0.0 0.0 0.0 0.0 0.0 0.0 0.682 0.114 0.114 0.114 2.0 0.471 0.487 0.040
0.0 0.0 1.0 0.0 0.0 0.0 0.0 0.0 0.0 0.0 0.727 0.091 0.091 0.091 4.0 0.586 0.846 0.040
0.0 0.0 1.0 0.0 0.0 0.0 0.0 0.0 0.0 0.0 0.682 0.136 0.136 0.136 2.0 0.471 0.487 0.040
0.0 0.0 1.0 0.0 0.0 0.0 0.0 0.0 0.0 0.0 0.705 0.068 0.068 0.068 4.0 0.614 0.833 0.040
0.0 0.0 1.0 0.0 0.0 0.0 0.0 0.0 0.0 0.0 0.682 0.091 0.091 0.091 2.0 0.414 0.487 0.040
0.0 0.0 1.0 0.0 0.0 0.0 0.0 0.0 0.0 0.0 0.705 0.091 0.091 0.091 4.0 0.614 0.833 0.040
0.0 0.0 1.0 0.0 0.0 0.0 0.0 0.0 0.0 0.0 0.682 0.114 0.114 0.114 2.0 0.414 0.487 0.040
0.0 0.0 1.0 0.0 0.0 0.0 0.0 0.0 0.0 0.0 0.750 0.068 0.068 0.068 4.0 0.614 0.859 0.040
0.0 1.0 0.0 0.0 0.0 0.0 0.0 0.0 0.0 0.0 0.705 0.114 0.114 0.114 2.0 0.143 0.500 0.040
0.0 0.0 1.0 0.0 0.0 0.0 0.0 0.0 0.0 0.0 0.682 0.136 0.136 0.136 2.0 0.357 0.487 0.040
0.0 0.0 1.0 0.0 0.0 0.0 0.0 0.0 0.0 0.0 0.727 0.068 0.068 0.068 4.0 0.586 0.846 0.040
0.0 0.0 1.0 0.0 0.0 0.0 0.0 0.0 0.0 0.0 0.682 0.114 0.114 0.114 2.0 0.414 0.487 0.040
0.0 0.0 0.0 1.0 0.0 0.0 0.0 0.0 0.0 0.0 0.727 0.045 0.045 0.045 2.0 0.157 0.833 0.040
0.0 1.0 0.0 0.0 0.0 0.0 0.0 0.0 0.0 0.0 0.727 0.045 0.045 0.045 1.0 0.143 0.833 0.040
0.0 0.0 0.0 1.0 0.0 0.0 0.0 0.0 0.0 0.0 0.750 0.045 0.045 0.045 2.0 0.157 0.846 0.040
0.0 1.0 0.0 0.0 0.0 0.0 0.0 0.0 0.0 0.0 0.750 0.045 0.045 0.045 1.0 0.143 0.846 0.040
0.0 0.0 0.0 1.0 0.0 0.0 0.0 0.0 0.0 0.0 0.750 0.045 0.045 0.045 2.0 0.157 0.846 0.040
0.0 1.0 0.0 0.0 0.0 0.0 0.0 0.0 0.0 0.0 0.750 0.045 0.045 0.045 1.0 0.143 0.846 0.040
0.0 0.0 0.0 1.0 0.0 0.0 0.0 0.0 0.0 0.0 0.773 0.045 0.045 0.045 2.0 0.114 0.859 0.040
0.0 1.0 0.0 0.0 0.0 0.0 0.0 0.0 0.0 0.0 0.773 0.045 0.045 0.045 1.0 0.100 0.859 0.040
0.0 0.0 0.0 1.0 0.0 0.0 0.0 0.0 0.0 0.0 0.773 0.045 0.045 0.045 2.0 0.157 0.846 0.040
0.0 1.0 0.0 0.0 0.0 0.0 0.0 0.0 0.0 0.0 0.773 0.045 0.045 0.045 1.0 0.143 0.846 0.040
0.0 0.0 0.0 1.0 0.0 0.0 0.0 0.0 0.0 0.0 0.727 0.045 0.045 0.045 2.0 0.157 0.846 0.040
0.0 1.0 0.0 0.0 0.0 0.0 0.0 0.0 0.0 0.0 0.727 0.045 0.045 0.045 1.0 0.143 0.846 0.040
0.0 0.0 0.0 1.0 0.0 0.0 0.0 0.0 0.0 0.0 0.773 0.045 0.045 0.045 2.0 0.157 0.846 0.040
0.0 1.0 0.0 0.0 0.0 0.0 0.0 0.0 0.0 0.0 0.773 0.045 0.045 0.045 1.0 0.143 0.846 0.040
0.0 0.0 1.0 0.0 0.0 0.0 0.0 0.0 0.0 0.0 0.795 0.068 0.068 0.068 4.0 0.243 0.833 0.040
0.0 1.0 0.0 0.0 0.0 0.0 0.0 0.0 0.0 0.0 0.773 0.091 0.091 0.091 2.0 0.157 0.833 0.040
0.0 0.0 1.0 0.0 0.0 0.0 0.0 0.0 0.0 0.0 0.750 0.114 0.114 0.114 4.0 0.257 0.821 0.040
0.0 0.0 1.0 0.0 0.0 0.0 0.0 0.0 0.0 0.0 0.750 0.114 0.114 0.114 2.0 0.186 0.821 0.040
0.0 0.0 0.0 1.0 0.0 0.0 0.0 0.0 0.0 0.0 0.750 0.023 0.023 0.023 2.0 0.100 0.833 0.040
0.0 0.0 0.0 1.0 0.0 0.0 0.0 0.0 0.0 0.0 0.773 0.023 0.023 0.023 2.0 0.100 0.846 0.040
0.0 0.0 0.0 1.0 0.0 0.0 0.0 0.0 0.0 0.0 0.773 0.023 0.023 0.023 2.0 0.100 0.846 0.040
0.0 0.0 0.0 1.0 0.0 0.0 0.0 0.0 0.0 0.0 0.795 0.023 0.023 0.023 2.0 0.100 0.859 0.040
0.0 0.0 0.0 1.0 0.0 0.0 0.0 0.0 0.0 0.0 0.727 0.045 0.045 0.045 2.0 0.157 0.833 0.040
0.0 1.0 0.0 0.0 0.0 0.0 0.0 0.0 0.0 0.0 0.727 0.045 0.045 0.045 1.0 0.143 0.833 0.040
0.0 0.0 0.0 1.0 0.0 0.0 0.0 0.0 0.0 0.0 0.727 0.045 0.045 0.045 2.0 0.157 0.833 0.040
0.0 1.0 0.0 0.0 0.0 0.0 0.0 0.0 0.0 0.0 0.727 0.045 0.045 0.045 1.0 0.143 0.833 0.040
0.0 0.0 0.0 1.0 0.0 0.0 0.0 0.0 0.0 0.0 0.773 0.045 0.045 0.045 2.0 0.157 0.846 0.040
0.0 1.0 0.0 0.0 0.0 0.0 0.0 0.0 0.0 0.0 0.773 0.045 0.045 0.045 1.0 0.143 0.846 0.040
0.0 0.0 0.0 1.0 0.0 0.0 0.0 0.0 0.0 0.0 0.750 0.045 0.045 0.045 2.0 0.157 0.859 0.040
0.0 1.0 0.0 0.0 0.0 0.0 0.0 0.0 0.0 0.0 0.750 0.045 0.045 0.045 1.0 0.143 0.859 0.040
0.0 1.0 0.0 0.0 0.0 0.0 0.0 0.0 0.0 0.0 0.795 0.023 0.023 0.023 1.0 0.071 0.872 0.040
0.0 1.0 0.0 0.0 0.0 0.0 0.0 0.0 0.0 0.0 0.773 0.045 0.045 0.045 2.0 0.086 0.872 0.040
0.0 0.0 0.0 1.0 0.0 0.0 0.0 0.0 0.0 0.0 0.750 0.068 0.068 0.068 2.0 0.157 0.859 0.040
0.0 1.0 0.0 0.0 0.0 0.0 0.0 0.0 0.0 0.0 0.750 0.068 0.068 0.068 1.0 0.143 0.846 0.040
0.0 0.0 0.0 1.0 0.0 0.0 0.0 0.0 0.0 0.0 0.795 0.023 0.023 0.023 2.0 0.100 0.846 0.040
0.0 0.0 0.0 1.0 0.0 0.0 0.0 0.0 0.0 0.0 0.727 0.045 0.045 0.045 2.0 0.157 0.833 0.040
0.0 1.0 0.0 0.0 0.0 0.0 0.0 0.0 0.0 0.0 0.727 0.045 0.045 0.045 1.0 0.143 0.833 0.040
0.0 0.0 0.0 1.0 0.0 0.0 0.0 0.0 0.0 0.0 0.727 0.068 0.068 0.068 2.0 0.157 0.833 0.040
0.0 1.0 0.0 0.0 0.0 0.0 0.0 0.0 0.0 0.0 0.727 0.068 0.068 0.068 2.0 0.129 0.846 0.040
0.0 1.0 0.0 0.0 0.0 0.0 0.0 0.0 0.0 0.0 0.750 0.045 0.045 0.045 1.0 0.086 0.846 0.040
0.0 0.0 0.0 1.0 0.0 0.0 0.0 0.0 0.0 0.0 0.773 0.045 0.045 0.045 2.0 0.157 0.859 0.040
0.0 1.0 0.0 0.0 0.0 0.0 0.0 0.0 0.0 0.0 0.773 0.045 0.045 0.045 1.0 0.143 0.859 0.040
0.0 0.0 0.0 1.0 0.0 0.0 0.0 0.0 0.0 0.0 0.750 0.045 0.045 0.045 2.0 0.157 0.846 0.040
0.0 1.0 0.0 0.0 0.0 0.0 0.0 0.0 0.0 0.0 0.750 0.045 0.045 0.045 1.0 0.143 0.846 0.040
0.0 0.0 0.0 1.0 0.0 0.0 0.0 0.0 0.0 0.0 0.750 0.023 0.023 0.023 2.0 0.100 0.846 0.040
0.0 0.0 0.0 1.0 0.0 0.0 0.0 0.0 0.0 0.0 0.795 0.023 0.023 0.023 2.0 0.100 0.846 0.040
0.0 0.0 0.0 1.0 0.0 0.0 0.0 0.0 0.0 0.0 0.773 0.159 0.159 0.159 4.0 0.329 0.897 0.040
0.0 0.0 1.0 0.0 0.0 0.0 0.0 0.0 0.0 0.0 0.750 0.182 0.182 0.182 4.0 0.314 0.859 0.040
0.0 0.0 1.0 0.0 0.0 0.0 0.0 0.0 0.0 0.0 0.750 0.182 0.182 0.182 2.0 0.229 0.846 0.040
0.0 0.0 0.0 1.0 0.0 0.0 0.0 0.0 0.0 0.0 0.795 0.182 0.182 0.182 4.0 0.314 0.897 0.040
0.0 0.0 1.0 0.0 0.0 0.0 0.0 0.0 0.0 0.0 0.773 0.205 0.205 0.205 4.0 0.314 0.859 0.040
0.0 0.0 1.0 0.0 0.0 0.0 0.0 0.0 0.0 0.0 0.773 0.205 0.205 0.205 2.0 0.229 0.872 0.040
0.0 0.0 1.0 0.0 0.0 0.0 0.0 0.0 0.0 0.0 0.773 0.091 0.227 0.172 4.0 0.429 0.897 0.280
0.0 0.0 1.0 0.0 0.0 0.0 0.0 0.0 0.0 0.0 0.750 0.114 0.250 0.195 4.0 0.329 0.859 0.280
0.0 0.0 1.0 0.0 0.0 0.0 0.0 0.0 0.0 0.0 0.750 0.114 0.250 0.195 2.0 0.243 0.846 0.280
0.0 0.0 1.0 0.0 0.0 0.0 0.0 0.0 0.0 0.0 0.795 0.068 0.205 0.149 4.0 0.429 0.897 0.280
0.0 0.0 1.0 0.0 0.0 0.0 0.0 0.0 0.0 0.0 0.773 0.091 0.227 0.172 4.0 0.329 0.859 0.280
0.0 0.0 1.0 0.0 0.0 0.0 0.0 0.0 0.0 0.0 0.773 0.091 0.227 0.172 2.0 0.243 0.872 0.280
0.0 0.0 0.0 1.0 0.0 0.0 0.0 0.0 0.0 1.0 0.773 0.000 0.000 0.000 2.0 0.100 0.833 0.040
0.0 0.0 0.0 1.0 0.0 0.0 0.0 0.0 0.0 1.0 0.795 0.000 0.000 0.000 2.0 0.100 0.846 0.040
0.0 0.0 0.0 1.0 0.0 0.0 0.0 0.0 0.0 1.0 0.795 0.000 0.000 0.000 2.0 0.100 0.846 0.040
0.0 0.0 0.0 1.0 0.0 0.0 0.0 0.0 0.0 1.0 0.818 0.000 0.000 0.000 2.0 0.100 0.859 0.040
0.0 0.0 0.0 1.0 0.0 0.0 0.0 0.0 0.0 0.0 0.750 0.023 0.023 0.023 2.0 0.100 0.833 0.040
0.0 0.0 0.0 1.0 0.0 0.0 0.0 0.0 0.0 0.0 0.750 0.023 0.023 0.023 2.0 0.100 0.833 0.040
0.0 0.0 0.0 1.0 0.0 0.0 0.0 0.0 0.0 0.0 0.795 0.023 0.023 0.023 2.0 0.100 0.846 0.040
0.0 0.0 0.0 1.0 0.0 0.0 0.0 0.0 0.0 0.0 0.773 0.023 0.023 0.023 2.0 0.100 0.859 0.040
0.0 0.0 0.0 1.0 0.0 0.0 0.0 0.0 0.0 0.0 0.773 0.045 0.045 0.045 2.0 0.100 0.846 0.040
0.0 0.0 0.0 1.0 0.0 0.0 0.0 0.0 0.0 1.0 0.818 0.000 0.000 0.000 2.0 0.100 0.846 0.040
0.0 0.0 0.0 1.0 0.0 0.0 0.0 0.0 0.0 0.0 0.750 0.023 0.023 0.023 2.0 0.100 0.833 0.040
0.0 0.0 0.0 1.0 0.0 0.0 0.0 0.0 0.0 0.0 0.773 0.023 0.023 0.023 2.0 0.100 0.846 0.040
0.0 0.0 0.0 1.0 0.0 0.0 0.0 0.0 0.0 0.0 0.795 0.023 0.023 0.023 2.0 0.100 0.859 0.040
0.0 0.0 0.0 1.0 0.0 0.0 0.0 0.0 0.0 0.0 0.773 0.023 0.023 0.023 2.0 0.100 0.846 0.040
0.0 0.0 0.0 1.0 0.0 0.0 0.0 0.0 0.0 1.0 0.773 0.000 0.000 0.000 2.0 0.100 0.846 0.040
0.0 0.0 0.0 1.0 0.0 0.0 0.0 0.0 0.0 1.0 0.818 0.000 0.000 0.000 2.0 0.100 0.846 0.040
0.0 0.0 1.0 0.0 0.0 0.0 0.0 0.0 0.0 0.0 0.795 0.136 0.136 0.136 2.0 0.171 0.897 0.040
0.0 1.0 0.0 0.0 0.0 0.0 0.0 0.0 0.0 0.0 0.841 0.136 0.136 0.136 2.0 0.129 0.910 0.040
0.0 0.0 1.0 0.0 0.0 0.0 0.0 0.0 0.0 0.0 0.818 0.159 0.159 0.159 2.0 0.143 0.897 0.040
0.0 0.0 0.0 1.0 0.0 0.0 0.0 0.0 0.0 1.0 0.773 0.000 0.000 0.000 2.0 0.100 0.833 0.040
0.0 0.0 0.0 1.0 0.0 0.0 0.0 0.0 0.0 1.0 0.773 0.000 0.000 0.000 2.0 0.100 0.833 0.040
0.0 0.0 0.0 1.0 0.0 0.0 0.0 0.0 0.0 1.0 0.818 0.000 0.000 0.000 2.0 0.100 0.846 0.040
0.0 0.0 0.0 1.0 0.0 0.0 0.0 0.0 0.0 1.0 0.795 0.000 0.000 0.000 2.0 0.100 0.859 0.040
0.0 0.0 0.0 1.0 0.0 0.0 0.0 0.0 0.0 1.0 0.818 0.000 0.000 0.000 2.0 0.086 0.872 0.040
0.0 0.0 0.0 1.0 0.0 0.0 0.0 0.0 0.0 1.0 0.773 0.000 0.000 0.000 2.0 0.100 0.833 0.040
0.0 0.0 0.0 1.0 0.0 0.0 0.0 0.0 0.0 1.0 0.795 0.000 0.000 0.000 2.0 0.100 0.846 0.040
0.0 0.0 0.0 1.0 0.0 0.0 0.0 0.0 0.0 1.0 0.818 0.000 0.000 0.000 2.0 0.100 0.859 0.040
0.0 0.0 0.0 1.0 0.0 0.0 0.0 0.0 0.0 1.0 0.795 0.000 0.000 0.000 2.0 0.100 0.846 0.040
0.0 0.0 1.0 0.0 0.0 0.0 0.0 0.0 0.0 0.0 0.818 0.045 0.045 0.045 3.0 0.300 0.949 0.040
0.0 0.0 0.0 1.0 0.0 0.0 0.0 0.0 0.0 0.0 0.818 0.114 0.182 0.140 2.0 0.457 0.936 0.240
0.0 0.0 1.0 0.0 0.0 0.0 0.0 0.0 1.0 0.0 0.841 0.023 0.023 0.023 4.0 0.214 1.000 0.040
0.0 0.0 0.0 1.0 0.0 0.0 0.0 0.0 0.0 0.0 0.818 0.114 0.114 0.114 2.0 0.157 0.897 0.040
0.0 1.0 0.0 0.0 0.0 0.0 0.0 0.0 0.0 0.0 0.818 0.114 0.114 0.114 1.0 0.114 0.897 0.040
0.0 0.0 0.0 1.0 0.0 0.0 0.0 0.0 0.0 0.0 0.864 0.114 0.114 0.114 2.0 0.143 0.974 0.040
0.0 1.0 0.0 0.0 0.0 0.0 0.0 0.0 0.0 0.0 0.864 0.114 0.114 0.114 1.0 0.100 0.910 0.040
0.0 0.0 0.0 0.0 0.0 1.0 0.0 0.0 0.0 1.0 0.864 0.000 0.000 0.000 2.0 0.100 1.000 0.040
0.0 0.0 1.0 0.0 0.0 0.0 0.0 0.0 0.0 0.0 0.841 0.091 0.091 0.091 3.0 0.243 0.936 0.040
0.0 0.0 1.0 0.0 0.0 0.0 0.0 0.0 1.0 0.0 0.841 0.114 0.114 0.114 3.0 0.214 0.936 0.040
0.0 0.0 1.0 0.0 0.0 0.0 0.0 0.0 1.0 0.0 0.841 0.136 0.136 0.136 3.0 0.214 0.936 0.040
0.0 0.0 1.0 0.0 0.0 0.0 0.0 0.0 1.0 0.0 0.841 0.091 0.091 0.091 3.0 0.214 0.936 0.040
0.0 1.0 0.0 0.0 0.0 0.0 0.0 0.0 0.0 0.0 0.864 0.091 0.091 0.091 2.0 0.143 0.949 0.040
0.0 0.0 1.0 0.0 0.0 0.0 0.0 0.0 0.0 0.0 0.841 0.114 0.114 0.114 3.0 0.214 0.936 0.040
0.0 0.0 0.0 1.0 0.0 0.0 0.0 0.0 0.0 0.0 0.841 0.091 0.091 0.091 2.0 0.157 0.897 0.040
0.0 0.0 0.0 1.0 0.0 0.0 0.0 0.0 0.0 0.0 0.886 0.091 0.091 0.091 2.0 0.157 0.974 0.040
0.0 0.0 1.0 0.0 0.0 0.0 0.0 0.0 1.0 0.0 0.841 0.159 0.159 0.159 3.0 0.214 0.936 0.040
0.0 0.0 0.0 1.0 0.0 0.0 0.0 0.0 0.0 0.0 0.864 0.068 0.068 0.068 2.0 0.171 0.897 0.040
0.0 0.0 0.0 1.0 0.0 0.0 0.0 0.0 0.0 0.0 0.909 0.068 0.068 0.068 2.0 0.171 0.974 0.040
0.0 0.0 0.0 1.0 0.0 0.0 0.0 0.0 0.0 0.0 0.864 0.068 0.068 0.068 2.0 0.157 0.936 0.040
0.0 1.0 0.0 0.0 0.0 0.0 0.0 0.0 0.0 0.0 0.886 0.068 0.068 0.068 2.0 0.100 0.962 0.040
0.0 0.0 0.0 1.0 0.0 0.0 0.0 0.0 0.0 0.0 0.864 0.091 0.091 0.091 2.0 0.129 0.949 0.040
0.0 0.0 0.0 1.0 0.0 0.0 0.0 0.0 0.0 0.0 0.864 0.114 0.114 0.114 2.0 0.143 0.936 0.040
0.0 0.0 0.0 1.0 0.0 0.0 0.0 0.0 0.0 0.0 0.864 0.068 0.068 0.068 2.0 0.143 0.936 0.040
0.0 0.0 0.0 1.0 0.0 0.0 0.0 0.0 0.0 0.0 0.886 0.068 0.068 0.068 2.0 0.129 0.962 0.040
0.0 1.0 0.0 0.0 0.0 0.0 0.0 0.0 0.0 0.0 0.864 0.068 0.068 0.068 1.0 0.129 0.936 0.040
0.0 1.0 0.0 0.0 0.0 0.0 0.0 0.0 0.0 0.0 0.864 0.091 0.091 0.091 2.0 0.100 0.949 0.040
0.0 1.0 0.0 0.0 0.0 0.0 0.0 0.0 0.0 0.0 0.886 0.068 0.068 0.068 1.0 0.086 0.949 0.040
0.0 1.0 0.0 0.0 0.0 0.0 0.0 0.0 0.0 0.0 0.864 0.114 0.114 0.114 1.0 0.114 0.936 0.040
0.0 1.0 0.0 0.0 0.0 0.0 0.0 0.0 0.0 0.0 0.864 0.068 0.068 0.068 1.0 0.114 0.936 0.040
0.0 1.0 0.0 0.0 0.0 0.0 0.0 0.0 0.0 0.0 0.886 0.068 0.068 0.068 1.0 0.100 0.949 0.040
0.0 1.0 0.0 0.0 0.0 0.0 0.0 0.0 0.0 0.0 0.864 0.136 0.136 0.136 1.0 0.114 0.936 0.040
0.0 0.0 0.0 1.0 0.0 0.0 0.0 0.0 0.0 0.0 0.864 0.136 0.136 0.136 2.0 0.157 0.949 0.040
0.0 0.0 0.0 1.0 0.0 0.0 0.0 0.0 0.0 0.0 0.886 0.045 0.045 0.045 2.0 0.143 0.936 0.040
0.0 0.0 0.0 1.0 0.0 0.0 0.0 0.0 0.0 0.0 0.909 0.045 0.045 0.045 2.0 0.143 0.962 0.040
0.0 1.0 0.0 0.0 0.0 0.0 0.0 0.0 0.0 0.0 0.909 0.068 0.068 0.068 2.0 0.100 0.949 0.040
0.0 0.0 0.0 1.0 0.0 0.0 0.0 0.0 0.0 0.0 0.886 0.091 0.091 0.091 2.0 0.114 0.936 0.040
0.0 0.0 0.0 1.0 0.0 0.0 0.0 0.0 0.0 0.0 0.886 0.045 0.045 0.045 2.0 0.129 0.936 0.040
0.0 0.0 0.0 1.0 0.0 0.0 0.0 0.0 0.0 0.0 0.909 0.045 0.045 0.045 2.0 0.129 0.949 0.040
0.0 0.0 0.0 1.0 0.0 0.0 0.0 0.0 0.0 0.0 0.886 0.045 0.045 0.045 2.0 0.129 0.897 0.040
0.0 1.0 0.0 0.0 0.0 0.0 0.0 0.0 0.0 0.0 0.886 0.045 0.045 0.045 1.0 0.114 0.897 0.040
0.0 0.0 0.0 1.0 0.0 0.0 0.0 0.0 0.0 0.0 0.932 0.045 0.045 0.045 2.0 0.129 0.974 0.040
0.0 1.0 0.0 0.0 0.0 0.0 0.0 0.0 0.0 0.0 0.932 0.045 0.045 0.045 1.0 0.114 0.974 0.040
0.0 0.0 0.0 1.0 0.0 0.0 0.0 0.0 0.0 0.0 0.886 0.114 0.114 0.114 2.0 0.157 0.949 0.040
0.0 0.0 0.0 1.0 0.0 0.0 0.0 0.0 0.0 0.0 0.909 0.023 0.023 0.023 2.0 0.129 0.936 0.040
0.0 0.0 0.0 1.0 0.0 0.0 0.0 0.0 0.0 0.0 0.932 0.023 0.023 0.023 2.0 0.114 0.974 0.040
0.0 1.0 0.0 0.0 0.0 0.0 0.0 0.0 0.0 0.0 0.955 0.023 0.023 0.023 2.0 0.086 0.962 0.040
0.0 0.0 0.0 1.0 0.0 0.0 0.0 0.0 0.0 0.0 0.932 0.045 0.045 0.045 2.0 0.114 0.949 0.040
0.0 0.0 0.0 1.0 0.0 0.0 0.0 0.0 0.0 0.0 0.909 0.023 0.023 0.023 2.0 0.129 0.936 0.040
0.0 0.0 0.0 1.0 0.0 0.0 0.0 0.0 0.0 0.0 0.932 0.023 0.023 0.023 2.0 0.129 0.962 0.040
0.0 0.0 0.0 1.0 0.0 0.0 0.0 0.0 0.0 0.0 0.909 0.023 0.023 0.023 2.0 0.129 0.897 0.040
0.0 0.0 0.0 1.0 0.0 0.0 0.0 0.0 0.0 0.0 0.955 0.023 0.023 0.023 2.0 0.129 0.974 0.040
0.0 0.0 0.0 1.0 0.0 0.0 0.0 0.0 0.0 0.0 0.909 0.091 0.091 0.091 2.0 0.171 0.949 0.040
0.0 0.0 1.0 0.0 0.0 0.0 0.0 0.0 0.0 1.0 0.932 0.000 0.000 0.000 2.0 0.100 0.936 0.040
0.0 0.0 1.0 0.0 0.0 0.0 0.0 0.0 0.0 1.0 0.955 0.000 0.000 0.000 2.0 0.100 0.974 0.040
0.0 0.0 1.0 0.0 0.0 0.0 0.0 0.0 0.0 1.0 0.977 0.000 0.000 0.000 2.0 0.086 0.962 0.040
0.0 0.0 1.0 0.0 0.0 0.0 0.0 0.0 0.0 1.0 0.932 0.000 0.000 0.000 2.0 0.100 0.936 0.040
0.0 0.0 1.0 0.0 0.0 0.0 0.0 0.0 0.0 1.0 0.955 0.000 0.000 0.000 2.0 0.100 0.962 0.040
0.0 0.0 0.0 1.0 0.0 0.0 0.0 0.0 0.0 1.0 0.932 0.000 0.000 0.000 2.0 0.100 0.897 0.040
0.0 0.0 0.0 1.0 0.0 0.0 0.0 0.0 0.0 1.0 0.977 0.000 0.000 0.000 2.0 0.100 0.974 0.040
0.0 0.0 0.0 1.0 0.0 0.0 0.0 0.0 0.0 0.0 0.932 0.068 0.068 0.068 2.0 0.143 0.949 0.040
0.0 1.0 0.0 0.0 0.0 0.0 0.0 0.0 0.0 0.0 0.932 0.068 0.068 0.068 1.0 0.114 0.949 0.040
0.0 0.0 0.0 1.0 0.0 0.0 0.0 0.0 0.0 0.0 0.955 0.045 0.045 0.045 2.0 0.143 0.949 0.040
0.0 0.0 0.0 1.0 0.0 0.0 0.0 0.0 0.0 0.0 0.977 0.023 0.023 0.023 2.0 0.129 0.949 0.040
0.0 0.0 1.0 0.0 0.0 0.0 0.0 0.0 0.0 1.0 1.000 0.000 0.000 0.000 2.0 0.100 0.949 0.040
