0.0 0.0 1.0 0.0 0.0 0.0 0.0 0.0 0.0 0.0 0.286 0.143 0.229 1.0 0.218 0.133 0.571
0.0 0.0 0.0 1.0 0.0 0.0 0.0 0.0 0.0 0.0 0.257 0.171 0.257 2.0 0.273 0.120 0.571
0.0 1.0 0.0 0.0 0.0 0.0 0.0 0.0 0.0 0.0 0.314 0.143 0.200 2.0 0.182 0.133 0.143
0.0 0.0 0.0 0.0 1.0 0.0 0.0 0.0 0.0 0.0 0.343 0.114 0.171 2.0 0.200 0.133 0.143
0.0 0.0 0.0 0.0 0.0 1.0 0.0 0.0 0.0 0.0 0.371 0.086 0.143 2.0 0.218 0.133 0.143
0.0 0.0 0.0 0.0 0.0 0.0 1.0 0.0 0.0 0.0 0.400 0.057 0.114 2.0 0.236 0.133 0.143
0.0 0.0 0.0 0.0 0.0 0.0 0.0 1.0 0.0 0.0 0.429 0.029 0.086 2.0 0.255 0.133 0.143
1.0 0.0 0.0 0.0 0.0 0.0 0.0 0.0 0.0 0.0 0.457 0.000 0.057 1.0 0.091 0.133 0.143
0.0 1.0 0.0 0.0 0.0 0.0 0.0 0.0 0.0 0.0 0.486 0.029 0.086 2.0 0.291 0.133 0.143
0.0 0.0 1.0 0.0 0.0 0.0 0.0 0.0 0.0 0.0 0.514 0.057 0.114 4.0 0.345 0.267 0.143
0.0 0.0 0.0 1.0 0.0 0.0 0.0 0.0 0.0 0.0 0.543 0.086 0.143 4.0 0.364 0.267 0.143
0.0 0.0 0.0 0.0 1.0 0.0 0.0 0.0 0.0 0.0 0.571 0.114 0.171 2.0 0.309 0.200 0.143
0.0 0.0 0.0 0.0 0.0 1.0 0.0 0.0 0.0 0.0 0.600 0.143 0.200 2.0 0.327 0.200 0.143
0.0 0.0 0.0 0.0 0.0 0.0 1.0 0.0 0.0 0.0 0.629 0.171 0.229 2.0 0.345 0.200 0.029
0.0 0.0 0.0 0.0 0.0 0.0 0.0 1.0 0.0 0.0 0.657 0.200 0.257 2.0 0.364 0.200 0.029
1.0 0.0 0.0 0.0 0.0 0.0 0.0 0.0 0.0 0.0 0.686 0.229 0.286 2.0 0.382 0.200 0.029
