0.0 0.0 0.0 1.0 0.0 0.0 0.0 0.0 0.0 0.0 0.519 0.370 0.444 1.0 0.444 0.316 0.258
0.0 0.0 1.0 0.0 0.0 0.0 0.0 0.0 0.0 0.0 0.526 0.363 0.437 2.0 0.500 0.326 0.258
0.0 0.0 0.0 0.0 1.0 0.0 0.0 0.0 0.0 0.0 0.533 0.356 0.430 2.0 0.556 0.337 0.258
0.0 0.0 0.0 0.0 0.0 1.0 0.0 0.0 0.0 0.0 0.541 0.348 0.422 2.0 0.611 0.347 0.258
0.0 0.0 0.0 0.0 0.0 0.0 1.0 0.0 0.0 0.0 0.548 0.341 0.415 2.0 0.667 0.358 0.258
0.0 0.0 0.0 0.0 0.0 0.0 0.0 1.0 0.0 0.0 0.556 0.333 0.407 2.0 0.722 0.368 0.258
1.0 0.0 0.0 0.0 0.0 0.0 0.0 0.0 0.0 0.0 0.563 0.326 0.400 2.0 0.778 0.379 0.258
0.0 1.0 0.0 0.0 0.0 0.0 0.0 0.0 0.0 0.0 0.570 0.319 0.393 2.0 0.833 0.389 0.258
0.0 0.0 1.0 0.0 0.0 0.0 0.0 0.0 0.0 0.0 0.578 0.311 0.385 2.0 0.889 0.400 0.258
0.0 0.0 0.0 1.0 0.0 0.0 0.0 0.0 0.0 0.0 0.585 0.304 0.378 2.0 0.944 0.411 0.258
