0.0 1.0 0.0 0.0 0.0 0.0 0.0 0.0 1.0 0.0 0.023 0.773 0.977 0.827 1.0 0.139 0.014 1.000
0.0 1.0 0.0 0.0 0.0 0.0 0.0 0.0 1.0 0.0 0.023 0.773 0.977 0.827 1.0 0.097 0.014 1.000
0.0 1.0 0.0 0.0 0.0 0.0 0.0 0.0 1.0 0.0 0.023 0.773 0.977 0.827 1.0 0.139 0.014 1.000
0.0 1.0 0.0 0.0 0.0 0.0 0.0 0.0 1.0 0.0 0.023 0.773 0.977 0.827 1.0 0.181 0.014 1.000
0.0 1.0 0.0 0.0 0.0 0.0 0.0 0.0 1.0 0.0 0.023 0.773 0.977 0.827 1.0 0.097 0.014 1.000
0.0 1.0 0.0 0.0 0.0 0.0 0.0 0.0 1.0 0.0 0.023 0.773 0.977 0.827 2.0 0.097 0.027 1.000
0.0 1.0 0.0 0.0 0.0 0.0 0.0 0.0 1.0 0.0 0.023 0.773 0.977 0.827 2.0 0.139 0.027 1.000
0.0 1.0 0.0 0.0 0.0 0.0 0.0 0.0 1.0 0.0 0.023 0.773 0.977 0.827 1.0 0.139 0.014 1.000
0.0 1.0 0.0 0.0 0.0 0.0 0.0 0.0 1.0 0.0 0.023 0.773 0.977 0.827 1.0 0.181 0.014 1.000
0.0 1.0 0.0 0.0 0.0 0.0 0.0 0.0 1.0 0.0 0.023 0.773 0.977 0.827 1.0 0.139 0.014 1.000
0.0 1.0 0.0 0.0 0.0 0.0 0.0 0.0 1.0 0.0 0.023 0.773 0.977 0.827 1.0 0.097 0.014 1.000
0.0 1.0 0.0 0.0 0.0 0.0 0.0 0.0 1.0 0.0 0.023 0.773 0.977 0.827 1.0 0.097 0.014 1.000
0.0 1.0 0.0 0.0 0.0 0.0 0.0 0.0 1.0 0.0 0.023 0.773 0.977 0.827 1.0 0.139 0.014 1.000
0.0 1.0 0.0 0.0 0.0 0.0 0.0 0.0 1.0 0.0 0.023 0.773 0.977 0.827 1.0 0.139 0.014 1.000
0.0 1.0 0.0 0.0 0.0 0.0 0.0 0.0 1.0 0.0 0.023 0.773 0.977 0.827 1.0 0.139 0.014 1.000
0.0 1.0 0.0 0.0 0.0 0.0 0.0 0.0 1.0 0.0 0.023 0.773 0.977 0.827 2.0 0.139 0.027 1.000
0.0 0.0 0.0 1.0 0.0 0.0 0.0 0.0 1.0 0.0 0.023 0.909 0.909 0.909 2.0 0.069 0.027 0.040
0.0 0.0 0.0 1.0 0.0 0.0 0.0 0.0 1.0 0.0 0.023 0.932 0.932 0.932 2.0 0.069 0.027 0.040
0.0 1.0 0.0 0.0 0.0 0.0 0.0 0.0 1.0 0.0 0.023 0.773 0.977 0.827 1.0 0.111 0.014 1.000
0.0 1.0 0.0 0.0 0.0 0.0 0.0 0.0 1.0 0.0 0.023 0.773 0.977 0.827 1.0 0.083 0.014 1.000
1.0 0.0 0.0 0.0 0.0 0.0 0.0 0.0 1.0 0.0 0.023 0.773 0.977 0.827 1.0 0.111 0.014 1.000
1.0 0.0 0.0 0.0 0.0 0.0 0.0 0.0 1.0 0.0 0.023 0.773 0.977 0.827 1.0 0.153 0.014 1.000
0.0 1.0 0.0 0.0 0.0 0.0 0.0 0.0 1.0 0.0 0.023 0.773 0.977 0.827 1.0 0.097 0.014 1.000
0.0 1.0 0.0 0.0 0.0 0.0 0.0 0.0 1.0 0.0 0.023 0.773 0.977 0.827 1.0 0.097 0.014 1.000
0.0 1.0 0.0 0.0 0.0 0.0 0.0 0.0 1.0 0.0 0.023 0.773 0.977 0.827 1.0 0.097 0.014 1.000
0.0 1.0 0.0 0.0 0.0 0.0 0.0 0.0 1.0 0.0 0.023 0.773 0.977 0.827 1.0 0.097 0.014 1.000
0.0 1.0 0.0 0.0 0.0 0.0 0.0 0.0 1.0 0.0 0.023 0.909 0.909 0.909 1.0 0.069 0.014 0.040
0.0 1.0 0.0 0.0 0.0 0.0 0.0 0.0 1.0 0.0 0.023 0.932 0.932 0.932 1.0 0.069 0.014 0.040
0.0 1.0 0.0 0.0 0.0 0.0 0.0 0.0 1.0 0.0 0.023 0.773 0.977 0.847 1.0 0.111 0.014 0.640
0.0 1.0 0.0 0.0 0.0 0.0 0.0 0.0 1.0 0.0 0.023 0.773 0.977 0.847 1.0 0.111 0.014 0.640
1.0 0.0 0.0 0.0 0.0 0.0 0.0 0.0 1.0 0.0 0.023 0.909 0.977 0.924 1.0 0.306 0.014 0.240
0.0 1.0 0.0 0.0 0.0 0.0 0.0 0.0 1.0 0.0 0.023 0.773 0.977 0.827 2.0 0.333 0.027 1.000
1.0 0.0 0.0 0.0 0.0 0.0 0.0 0.0 1.0 0.0 0.023 0.773 0.977 0.827 1.0 0.125 0.014 1.000
0.0 1.0 0.0 0.0 0.0 0.0 0.0 0.0 1.0 0.0 0.023 0.773 0.977 0.827 1.0 0.153 0.014 1.000
1.0 0.0 0.0 0.0 0.0 0.0 0.0 0.0 1.0 0.0 0.023 0.773 0.977 0.827 1.0 0.208 0.014 1.000
0.0 1.0 0.0 0.0 0.0 0.0 0.0 0.0 1.0 0.0 0.023 0.909 0.977 0.924 1.0 0.194 0.014 0.240
0.0 1.0 0.0 0.0 0.0 0.0 0.0 0.0 1.0 0.0 0.023 0.864 0.864 0.864 1.0 0.069 0.014 0.040
1.0 0.0 0.0 0.0 0.0 0.0 0.0 0.0 1.0 0.0 0.023 0.909 0.932 0.920 1.0 0.125 0.014 0.080
0.0 1.0 0.0 0.0 0.0 0.0 0.0 0.0 1.0 0.0 0.023 0.773 0.977 0.827 1.0 0.292 0.014 1.000
1.0 0.0 0.0 0.0 0.0 0.0 0.0 0.0 1.0 0.0 0.023 0.773 0.977 0.827 1.0 0.181 0.014 1.000
1.0 0.0 0.0 0.0 0.0 0.0 0.0 0.0 1.0 0.0 0.023 0.909 0.977 0.924 1.0 0.194 0.014 0.240
0.0 1.0 0.0 0.0 0.0 0.0 0.0 0.0 1.0 0.0 0.023 0.773 0.977 0.827 1.0 0.292 0.014 1.000
1.0 0.0 0.0 0.0 0.0 0.0 0.0 0.0 1.0 0.0 0.023 0.795 0.795 0.795 1.0 0.083 0.014 0.040
1.0 0.0 0.0 0.0 0.0 0.0 0.0 0.0 1.0 0.0 0.023 0.773 0.773 0.773 1.0 0.083 0.014 0.040
1.0 0.0 0.0 0.0 0.0 0.0 0.0 0.0 1.0 0.0 0.023 0.773 0.773 0.773 1.0 0.083 0.014 0.040
1.0 0.0 0.0 0.0 0.0 0.0 0.0 0.0 1.0 0.0 0.023 0.773 0.773 0.773 1.0 0.083 0.014 0.040
1.0 0.0 0.0 0.0 0.0 0.0 0.0 0.0 1.0 0.0 0.023 0.795 0.795 0.795 1.0 0.083 0.014 0.040
1.0 0.0 0.0 0.0 0.0 0.0 0.0 0.0 1.0 0.0 0.023 0.773 0.773 0.773 1.0 0.083 0.014 0.040
1.0 0.0 0.0 0.0 0.0 0.0 0.0 0.0 1.0 0.0 0.023 0.773 0.773 0.773 1.0 0.083 0.014 0.040
1.0 0.0 0.0 0.0 0.0 0.0 0.0 0.0 1.0 0.0 0.023 0.773 0.773 0.773 1.0 0.083 0.014 0.040
1.0 0.0 0.0 0.0 0.0 0.0 0.0 0.0 1.0 0.0 0.023 0.795 0.795 0.795 1.0 0.083 0.014 0.040
1.0 0.0 0.0 0.0 0.0 0.0 0.0 0.0 1.0 0.0 0.023 0.773 0.773 0.773 1.0 0.083 0.014 0.040
1.0 0.0 0.0 0.0 0.0 0.0 0.0 0.0 1.0 0.0 0.023 0.773 0.773 0.773 1.0 0.083 0.014 0.040
1.0 0.0 0.0 0.0 0.0 0.0 0.0 0.0 1.0 0.0 0.023 0.773 0.773 0.773 1.0 0.083 0.014 0.040
1.0 0.0 0.0 0.0 0.0 0.0 0.0 0.0 1.0 0.0 0.023 0.773 0.773 0.773 1.0 0.083 0.014 0.040
1.0 0.0 0.0 0.0 0.0 0.0 0.0 0.0 1.0 0.0 0.023 0.773 0.773 0.773 1.0 0.083 0.014 0.040
1.0 0.0 0.0 0.0 0.0 0.0 0.0 0.0 1.0 0.0 0.023 0.773 0.773 0.773 1.0 0.083 0.014 0.040
1.0 0.0 0.0 0.0 0.0 0.0 0.0 0.0 1.0 0.0 0.023 0.773 0.773 0.773 1.0 0.083 0.014 0.040
0.0 1.0 0.0 0.0 0.0 0.0 0.0 0.0 0.0 0.0 0.045 0.773 0.773 0.773 1.0 0.083 0.014 0.040
0.0 1.0 0.0 0.0 0.0 0.0 0.0 0.0 0.0 0.0 0.045 0.750 0.750 0.750 2.0 0.083 0.027 0.040
0.0 1.0 0.0 0.0 0.0 0.0 0.0 0.0 0.0 0.0 0.045 0.750 0.750 0.750 1.0 0.083 0.014 0.040
0.0 1.0 0.0 0.0 0.0 0.0 0.0 0.0 0.0 0.0 0.045 0.750 0.750 0.750 1.0 0.083 0.014 0.040
0.0 1.0 0.0 0.0 0.0 0.0 0.0 0.0 0.0 0.0 0.045 0.773 0.773 0.773 1.0 0.083 0.014 0.040
0.0 1.0 0.0 0.0 0.0 0.0 0.0 0.0 0.0 0.0 0.045 0.750 0.750 0.750 2.0 0.083 0.027 0.040
0.0 1.0 0.0 0.0 0.0 0.0 0.0 0.0 0.0 0.0 0.045 0.750 0.750 0.750 2.0 0.083 0.027 0.040
0.0 1.0 0.0 0.0 0.0 0.0 0.0 0.0 0.0 0.0 0.045 0.750 0.750 0.750 1.0 0.083 0.014 0.040
0.0 1.0 0.0 0.0 0.0 0.0 0.0 0.0 0.0 0.0 0.045 0.773 0.773 0.773 2.0 0.083 0.027 0.040
0.0 1.0 0.0 0.0 0.0 0.0 0.0 0.0 0.0 0.0 0.045 0.750 0.750 0.750 1.0 0.083 0.014 0.040
0.0 1.0 0.0 0.0 0.0 0.0 0.0 0.0 0.0 0.0 0.045 0.750 0.750 0.750 1.0 0.083 0.014 0.040
0.0 1.0 0.0 0.0 0.0 0.0 0.0 0.0 0.0 0.0 0.045 0.750 0.750 0.750 1.0 0.083 0.014 0.040
0.0 1.0 0.0 0.0 0.0 0.0 0.0 0.0 0.0 0.0 0.045 0.750 0.750 0.750 1.0 0.083 0.014 0.040
0.0 1.0 0.0 0.0 0.0 0.0 0.0 0.0 0.0 0.0 0.045 0.750 0.750 0.750 1.0 0.083 0.014 0.040
0.0 1.0 0.0 0.0 0.0 0.0 0.0 0.0 0.0 0.0 0.045 0.750 0.750 0.750 1.0 0.083 0.014 0.040
0.0 1.0 0.0 0.0 0.0 0.0 0.0 0.0 0.0 0.0 0.045 0.750 0.750 0.750 1.0 0.083 0.014 0.040
0.0 0.0 0.0 1.0 0.0 0.0 0.0 0.0 0.0 0.0 0.045 0.886 0.886 0.886 2.0 0.139 0.027 0.040
0.0 1.0 0.0 0.0 0.0 0.0 0.0 0.0 0.0 0.0 0.068 0.864 0.864 0.864 2.0 0.083 0.041 0.040
0.0 0.0 0.0 1.0 0.0 0.0 0.0 0.0 0.0 0.0 0.045 0.886 0.886 0.886 2.0 0.139 0.027 0.040
0.0 0.0 0.0 1.0 0.0 0.0 0.0 0.0 0.0 0.0 0.045 0.955 0.955 0.955 2.0 0.139 0.027 0.040
0.0 0.0 0.0 1.0 0.0 0.0 0.0 0.0 0.0 0.0 0.045 0.886 0.886 0.886 2.0 0.139 0.027 0.040
0.0 0.0 0.0 1.0 0.0 0.0 0.0 0.0 0.0 0.0 0.045 0.886 0.886 0.886 2.0 0.139 0.027 0.040
0.0 0.0 0.0 1.0 0.0 0.0 0.0 0.0 0.0 0.0 0.045 0.909 0.909 0.909 2.0 0.139 0.027 0.040
1.0 0.0 0.0 0.0 0.0 0.0 0.0 0.0 0.0 0.0 0.045 0.750 0.955 0.805 1.0 0.139 0.014 1.000
1.0 0.0 0.0 0.0 0.0 0.0 0.0 0.0 0.0 0.0 0.045 0.750 0.955 0.805 1.0 0.125 0.014 1.000
1.0 0.0 0.0 0.0 0.0 0.0 0.0 0.0 0.0 0.0 0.045 0.750 0.955 0.805 1.0 0.125 0.014 1.000
1.0 0.0 0.0 0.0 0.0 0.0 0.0 0.0 0.0 0.0 0.045 0.750 0.955 0.805 1.0 0.125 0.027 1.000
1.0 0.0 0.0 0.0 0.0 0.0 0.0 0.0 0.0 0.0 0.045 0.750 0.955 0.805 1.0 0.139 0.014 1.000
1.0 0.0 0.0 0.0 0.0 0.0 0.0 0.0 0.0 0.0 0.045 0.750 0.955 0.805 1.0 0.139 0.014 1.000
0.0 0.0 1.0 0.0 0.0 0.0 0.0 0.0 1.0 0.0 0.045 0.750 0.955 0.805 2.0 0.181 0.027 1.000
1.0 0.0 0.0 0.0 0.0 0.0 0.0 0.0 0.0 0.0 0.045 0.750 0.955 0.805 1.0 0.153 0.014 1.000
1.0 0.0 0.0 0.0 0.0 0.0 0.0 0.0 0.0 0.0 0.045 0.750 0.955 0.805 1.0 0.125 0.014 1.000
1.0 0.0 0.0 0.0 0.0 0.0 0.0 0.0 0.0 0.0 0.045 0.750 0.955 0.805 1.0 0.125 0.014 1.000
0.0 0.0 1.0 0.0 0.0 0.0 0.0 0.0 1.0 0.0 0.045 0.750 0.955 0.805 2.0 0.181 0.027 1.000
1.0 0.0 0.0 0.0 0.0 0.0 0.0 0.0 0.0 0.0 0.045 0.750 0.955 0.805 1.0 0.139 0.014 1.000
0.0 0.0 1.0 0.0 0.0 0.0 0.0 0.0 1.0 0.0 0.045 0.750 0.955 0.805 3.0 0.194 0.041 1.000
1.0 0.0 0.0 0.0 0.0 0.0 0.0 0.0 0.0 0.0 0.045 0.750 0.955 0.805 1.0 0.139 0.027 1.000
1.0 0.0 0.0 0.0 0.0 0.0 0.0 0.0 0.0 0.0 0.045 0.750 0.955 0.805 1.0 0.139 0.014 1.000
0.0 0.0 0.0 1.0 0.0 0.0 0.0 0.0 0.0 0.0 0.045 0.886 0.886 0.886 2.0 0.139 0.027 0.040
0.0 1.0 0.0 0.0 0.0 0.0 0.0 0.0 0.0 0.0 0.068 0.886 0.886 0.886 2.0 0.111 0.041 0.040
0.0 0.0 0.0 1.0 0.0 0.0 0.0 0.0 0.0 0.0 0.045 0.909 0.909 0.909 2.0 0.111 0.027 0.040
0.0 0.0 0.0 1.0 0.0 0.0 0.0 0.0 1.0 0.0 0.045 0.750 0.955 0.805 2.0 0.319 0.027 1.000
0.0 0.0 0.0 1.0 0.0 0.0 0.0 0.0 0.0 0.0 0.045 0.750 0.955 0.805 2.0 0.194 0.027 1.000
0.0 0.0 0.0 1.0 0.0 0.0 0.0 0.0 0.0 0.0 0.045 0.750 0.955 0.805 2.0 0.181 0.027 1.000
1.0 0.0 0.0 0.0 0.0 0.0 0.0 0.0 0.0 0.0 0.045 0.750 0.955 0.805 1.0 0.139 0.014 1.000
1.0 0.0 0.0 0.0 0.0 0.0 0.0 0.0 0.0 0.0 0.045 0.750 0.955 0.805 1.0 0.125 0.014 1.000
1.0 0.0 0.0 0.0 0.0 0.0 0.0 0.0 0.0 0.0 0.045 0.909 0.909 0.909 1.0 0.139 0.014 0.040
1.0 0.0 0.0 0.0 0.0 0.0 0.0 0.0 0.0 0.0 0.045 0.909 0.909 0.909 1.0 0.125 0.014 0.040
1.0 0.0 0.0 0.0 0.0 0.0 0.0 0.0 0.0 0.0 0.045 0.955 0.955 0.955 1.0 0.125 0.014 0.040
1.0 0.0 0.0 0.0 0.0 0.0 0.0 0.0 0.0 0.0 0.045 0.750 0.955 0.805 1.0 0.125 0.014 1.000
1.0 0.0 0.0 0.0 0.0 0.0 0.0 0.0 0.0 0.0 0.045 0.750 0.955 0.805 1.0 0.111 0.014 1.000
1.0 0.0 0.0 0.0 0.0 0.0 0.0 0.0 0.0 0.0 0.045 0.750 0.955 0.805 1.0 0.111 0.014 1.000
1.0 0.0 0.0 0.0 0.0 0.0 0.0 0.0 0.0 0.0 0.045 0.750 0.955 0.805 1.0 0.125 0.014 1.000
0.0 0.0 1.0 0.0 0.0 0.0 0.0 0.0 1.0 0.0 0.045 0.750 0.955 0.805 3.0 0.181 0.041 1.000
1.0 0.0 0.0 0.0 0.0 0.0 0.0 0.0 0.0 0.0 0.045 0.750 0.955 0.805 1.0 0.111 0.014 1.000
1.0 0.0 0.0 0.0 0.0 0.0 0.0 0.0 0.0 0.0 0.045 0.750 0.955 0.805 1.0 0.139 0.014 1.000
1.0 0.0 0.0 0.0 0.0 0.0 0.0 0.0 0.0 0.0 0.045 0.750 0.955 0.805 1.0 0.125 0.014 1.000
0.0 0.0 1.0 0.0 0.0 0.0 0.0 0.0 1.0 0.0 0.045 0.750 0.955 0.805 3.0 0.181 0.041 1.000
1.0 0.0 0.0 0.0 0.0 0.0 0.0 0.0 0.0 0.0 0.045 0.750 0.955 0.805 1.0 0.111 0.014 1.000
1.0 0.0 0.0 0.0 0.0 0.0 0.0 0.0 0.0 0.0 0.045 0.841 0.841 0.841 1.0 0.111 0.014 0.040
1.0 0.0 0.0 0.0 0.0 0.0 0.0 0.0 0.0 0.0 0.045 0.750 0.955 0.805 1.0 0.111 0.014 1.000
1.0 0.0 0.0 0.0 0.0 0.0 0.0 0.0 0.0 0.0 0.045 0.841 0.841 0.841 1.0 0.111 0.014 0.040
1.0 0.0 0.0 0.0 0.0 0.0 0.0 0.0 0.0 0.0 0.045 0.750 0.955 0.805 1.0 0.111 0.014 1.000
1.0 0.0 0.0 0.0 0.0 0.0 0.0 0.0 0.0 0.0 0.045 0.841 0.841 0.841 1.0 0.111 0.014 0.040
1.0 0.0 0.0 0.0 0.0 0.0 0.0 0.0 0.0 0.0 0.045 0.750 0.955 0.805 1.0 0.111 0.014 1.000
1.0 0.0 0.0 0.0 0.0 0.0 0.0 0.0 0.0 0.0 0.045 0.841 0.841 0.841 1.0 0.111 0.014 0.040
0.0 0.0 1.0 0.0 0.0 0.0 0.0 0.0 0.0 0.0 0.045 0.886 0.886 0.886 2.0 0.125 0.041 0.040
0.0 0.0 1.0 0.0 0.0 0.0 0.0 0.0 0.0 0.0 0.045 0.909 0.909 0.909 2.0 0.125 0.041 0.040
1.0 0.0 0.0 0.0 0.0 0.0 0.0 0.0 0.0 0.0 0.045 0.750 0.955 0.805 1.0 0.125 0.014 1.000
1.0 0.0 0.0 0.0 0.0 0.0 0.0 0.0 0.0 0.0 0.045 0.750 0.955 0.805 1.0 0.125 0.014 1.000
1.0 0.0 0.0 0.0 0.0 0.0 0.0 0.0 0.0 0.0 0.045 0.750 0.955 0.805 1.0 0.125 0.027 1.000
1.0 0.0 0.0 0.0 0.0 0.0 0.0 0.0 0.0 0.0 0.045 0.750 0.955 0.805 1.0 0.125 0.027 1.000
1.0 0.0 0.0 0.0 0.0 0.0 0.0 0.0 0.0 0.0 0.045 0.750 0.955 0.805 1.0 0.125 0.027 1.000
1.0 0.0 0.0 0.0 0.0 0.0 0.0 0.0 0.0 0.0 0.045 0.750 0.955 0.805 1.0 0.125 0.027 1.000
1.0 0.0 0.0 0.0 0.0 0.0 0.0 0.0 0.0 0.0 0.045 0.909 0.909 0.909 1.0 0.125 0.014 0.040
1.0 0.0 0.0 0.0 0.0 0.0 0.0 0.0 0.0 0.0 0.045 0.750 0.955 0.805 1.0 0.125 0.014 1.000
1.0 0.0 0.0 0.0 0.0 0.0 0.0 0.0 0.0 0.0 0.045 0.750 0.955 0.805 1.0 0.139 0.014 1.000
1.0 0.0 0.0 0.0 0.0 0.0 0.0 0.0 0.0 0.0 0.045 0.886 0.886 0.886 1.0 0.139 0.014 0.040
1.0 0.0 0.0 0.0 0.0 0.0 0.0 0.0 0.0 0.0 0.045 0.750 0.955 0.805 1.0 0.111 0.014 1.000
1.0 0.0 0.0 0.0 0.0 0.0 0.0 0.0 0.0 0.0 0.045 0.750 0.955 0.805 1.0 0.125 0.014 1.000
0.0 0.0 1.0 0.0 0.0 0.0 0.0 0.0 1.0 0.0 0.045 0.750 0.955 0.805 3.0 0.181 0.041 1.000
1.0 0.0 0.0 0.0 0.0 0.0 0.0 0.0 0.0 0.0 0.045 0.750 0.955 0.805 1.0 0.125 0.014 1.000
1.0 0.0 0.0 0.0 0.0 0.0 0.0 0.0 0.0 0.0 0.045 0.750 0.955 0.805 1.0 0.139 0.014 1.000
1.0 0.0 0.0 0.0 0.0 0.0 0.0 0.0 0.0 0.0 0.045 0.750 0.955 0.805 1.0 0.139 0.014 1.000
1.0 0.0 0.0 0.0 0.0 0.0 0.0 0.0 0.0 0.0 0.045 0.750 0.955 0.805 1.0 0.111 0.027 1.000
1.0 0.0 0.0 0.0 0.0 0.0 0.0 0.0 0.0 0.0 0.045 0.750 0.955 0.805 1.0 0.125 0.014 1.000
1.0 0.0 0.0 0.0 0.0 0.0 0.0 0.0 0.0 0.0 0.045 0.750 0.955 0.805 1.0 0.125 0.014 1.000
1.0 0.0 0.0 0.0 0.0 0.0 0.0 0.0 0.0 0.0 0.045 0.750 0.955 0.805 1.0 0.125 0.014 1.000
1.0 0.0 0.0 0.0 0.0 0.0 0.0 0.0 0.0 0.0 0.045 0.750 0.955 0.805 1.0 0.125 0.027 1.000
1.0 0.0 0.0 0.0 0.0 0.0 0.0 0.0 0.0 0.0 0.045 0.750 0.955 0.805 1.0 0.125 0.014 1.000
0.0 1.0 0.0 0.0 0.0 0.0 0.0 0.0 0.0 0.0 0.068 0.864 0.864 0.864 1.0 0.111 0.041 0.040
0.0 1.0 0.0 0.0 0.0 0.0 0.0 0.0 0.0 0.0 0.068 0.886 0.886 0.886 1.0 0.111 0.041 0.040
0.0 1.0 0.0 0.0 0.0 0.0 0.0 0.0 0.0 0.0 0.068 0.727 0.932 0.782 1.0 0.097 0.014 1.000
0.0 1.0 0.0 0.0 0.0 0.0 0.0 0.0 0.0 0.0 0.068 0.727 0.932 0.782 1.0 0.097 0.014 1.000
0.0 1.0 0.0 0.0 0.0 0.0 0.0 0.0 0.0 0.0 0.068 0.886 0.886 0.886 1.0 0.097 0.014 0.040
0.0 1.0 0.0 0.0 0.0 0.0 0.0 0.0 0.0 0.0 0.068 0.886 0.886 0.886 1.0 0.097 0.014 0.040
0.0 1.0 0.0 0.0 0.0 0.0 0.0 0.0 0.0 0.0 0.068 0.727 0.932 0.782 2.0 0.097 0.027 1.000
0.0 1.0 0.0 0.0 0.0 0.0 0.0 0.0 0.0 0.0 0.068 0.727 0.932 0.782 1.0 0.111 0.041 1.000
0.0 1.0 0.0 0.0 0.0 0.0 0.0 0.0 0.0 0.0 0.068 0.727 0.932 0.782 1.0 0.097 0.014 1.000
0.0 1.0 0.0 0.0 0.0 0.0 0.0 0.0 0.0 0.0 0.068 0.727 0.932 0.782 1.0 0.097 0.014 1.000
0.0 1.0 0.0 0.0 0.0 0.0 0.0 0.0 0.0 0.0 0.068 0.727 0.932 0.782 1.0 0.111 0.041 1.000
0.0 0.0 1.0 0.0 0.0 0.0 0.0 0.0 1.0 0.0 0.068 0.864 0.864 0.864 2.0 0.153 0.041 0.040
0.0 1.0 0.0 0.0 0.0 0.0 0.0 0.0 0.0 0.0 0.091 0.864 0.864 0.864 2.0 0.111 0.055 0.040
0.0 0.0 1.0 0.0 0.0 0.0 0.0 0.0 1.0 0.0 0.068 0.886 0.886 0.886 2.0 0.111 0.041 0.040
0.0 0.0 0.0 1.0 0.0 0.0 0.0 0.0 1.0 0.0 0.068 0.727 0.932 0.782 2.0 0.222 0.041 1.000
0.0 0.0 0.0 1.0 0.0 0.0 0.0 0.0 1.0 0.0 0.068 0.727 0.932 0.782 2.0 0.236 0.041 1.000
0.0 0.0 0.0 1.0 0.0 0.0 0.0 0.0 1.0 0.0 0.068 0.727 0.932 0.782 2.0 0.167 0.041 1.000
0.0 0.0 0.0 1.0 0.0 0.0 0.0 0.0 1.0 0.0 0.068 0.727 0.932 0.782 2.0 0.167 0.041 1.000
0.0 1.0 0.0 0.0 0.0 0.0 0.0 0.0 0.0 0.0 0.068 0.818 0.818 0.818 2.0 0.097 0.027 0.040
0.0 1.0 0.0 0.0 0.0 0.0 0.0 0.0 0.0 0.0 0.068 0.727 0.932 0.782 1.0 0.097 0.014 1.000
0.0 1.0 0.0 0.0 0.0 0.0 0.0 0.0 0.0 0.0 0.068 0.818 0.818 0.818 1.0 0.097 0.014 0.040
0.0 1.0 0.0 0.0 0.0 0.0 0.0 0.0 0.0 0.0 0.068 0.727 0.932 0.782 1.0 0.097 0.014 1.000
0.0 1.0 0.0 0.0 0.0 0.0 0.0 0.0 0.0 0.0 0.068 0.818 0.818 0.818 1.0 0.097 0.014 0.040
0.0 1.0 0.0 0.0 0.0 0.0 0.0 0.0 0.0 0.0 0.068 0.727 0.932 0.782 1.0 0.097 0.014 1.000
0.0 1.0 0.0 0.0 0.0 0.0 0.0 0.0 0.0 0.0 0.068 0.818 0.818 0.818 1.0 0.097 0.014 0.040
0.0 1.0 0.0 0.0 0.0 0.0 0.0 0.0 0.0 0.0 0.068 0.727 0.932 0.782 1.0 0.097 0.014 1.000
0.0 0.0 0.0 1.0 0.0 0.0 0.0 0.0 0.0 0.0 0.068 0.727 0.932 0.801 4.0 0.389 0.068 0.640
0.0 0.0 0.0 1.0 0.0 0.0 0.0 0.0 0.0 0.0 0.068 0.727 0.932 0.801 4.0 0.389 0.068 0.640
0.0 0.0 0.0 1.0 0.0 0.0 0.0 0.0 0.0 0.0 0.068 0.727 0.932 0.782 3.0 0.611 0.055 1.000
0.0 0.0 1.0 0.0 0.0 0.0 0.0 0.0 0.0 0.0 0.068 0.818 0.818 0.818 3.0 0.486 0.055 0.040
1.0 0.0 0.0 0.0 0.0 0.0 0.0 0.0 0.0 0.0 0.068 0.727 0.932 0.782 1.0 0.125 0.014 1.000
0.0 1.0 0.0 0.0 0.0 0.0 0.0 0.0 0.0 0.0 0.068 0.727 0.932 0.782 1.0 0.097 0.014 1.000
1.0 0.0 0.0 0.0 0.0 0.0 0.0 0.0 0.0 0.0 0.068 0.727 0.932 0.782 1.0 0.125 0.014 1.000
0.0 1.0 0.0 0.0 0.0 0.0 0.0 0.0 0.0 0.0 0.068 0.727 0.932 0.782 1.0 0.097 0.014 1.000
1.0 0.0 0.0 0.0 0.0 0.0 0.0 0.0 0.0 0.0 0.068 0.727 0.932 0.782 1.0 0.125 0.014 1.000
0.0 1.0 0.0 0.0 0.0 0.0 0.0 0.0 0.0 0.0 0.068 0.727 0.932 0.782 1.0 0.097 0.027 1.000
1.0 0.0 0.0 0.0 0.0 0.0 0.0 0.0 0.0 0.0 0.068 0.727 0.932 0.782 1.0 0.125 0.014 1.000
0.0 1.0 0.0 0.0 0.0 0.0 0.0 0.0 0.0 0.0 0.068 0.727 0.932 0.782 1.0 0.097 0.027 1.000
1.0 0.0 0.0 0.0 0.0 0.0 0.0 0.0 0.0 0.0 0.068 0.727 0.932 0.782 1.0 0.125 0.014 1.000
0.0 1.0 0.0 0.0 0.0 0.0 0.0 0.0 0.0 0.0 0.068 0.727 0.932 0.782 1.0 0.097 0.027 1.000
1.0 0.0 0.0 0.0 0.0 0.0 0.0 0.0 0.0 0.0 0.068 0.727 0.932 0.782 1.0 0.125 0.014 1.000
0.0 1.0 0.0 0.0 0.0 0.0 0.0 0.0 0.0 0.0 0.068 0.727 0.932 0.782 1.0 0.097 0.027 1.000
1.0 0.0 0.0 0.0 0.0 0.0 0.0 0.0 0.0 0.0 0.068 0.864 0.864 0.864 1.0 0.125 0.027 0.040
1.0 0.0 0.0 0.0 0.0 0.0 0.0 0.0 0.0 0.0 0.068 0.727 0.932 0.782 1.0 0.125 0.027 1.000
1.0 0.0 0.0 0.0 0.0 0.0 0.0 0.0 0.0 0.0 0.068 0.886 0.886 0.886 1.0 0.125 0.014 0.040
0.0 1.0 0.0 0.0 0.0 0.0 0.0 0.0 0.0 0.0 0.068 0.886 0.886 0.886 1.0 0.097 0.014 0.040
1.0 0.0 0.0 0.0 0.0 0.0 0.0 0.0 0.0 0.0 0.068 0.727 0.932 0.782 1.0 0.125 0.014 1.000
0.0 1.0 0.0 0.0 0.0 0.0 0.0 0.0 0.0 0.0 0.068 0.727 0.932 0.782 2.0 0.097 0.027 1.000
1.0 0.0 0.0 0.0 0.0 0.0 0.0 0.0 0.0 0.0 0.068 0.727 0.932 0.782 1.0 0.125 0.027 1.000
0.0 1.0 0.0 0.0 0.0 0.0 0.0 0.0 0.0 0.0 0.068 0.727 0.932 0.782 1.0 0.097 0.014 1.000
1.0 0.0 0.0 0.0 0.0 0.0 0.0 0.0 0.0 0.0 0.068 0.864 0.864 0.864 1.0 0.125 0.027 0.040
0.0 1.0 0.0 0.0 0.0 0.0 0.0 0.0 0.0 0.0 0.068 0.864 0.864 0.864 1.0 0.097 0.014 0.040
1.0 0.0 0.0 0.0 0.0 0.0 0.0 0.0 0.0 0.0 0.068 0.932 0.932 0.932 1.0 0.139 0.041 0.040
0.0 1.0 0.0 0.0 0.0 0.0 0.0 0.0 0.0 0.0 0.068 0.932 0.932 0.932 1.0 0.097 0.014 0.040
1.0 0.0 0.0 0.0 0.0 0.0 0.0 0.0 0.0 0.0 0.068 0.727 0.932 0.782 1.0 0.139 0.041 1.000
0.0 1.0 0.0 0.0 0.0 0.0 0.0 0.0 0.0 0.0 0.068 0.727 0.932 0.782 1.0 0.097 0.014 1.000
0.0 1.0 0.0 0.0 0.0 0.0 0.0 0.0 0.0 0.0 0.068 0.727 0.932 0.782 1.0 0.097 0.014 1.000
0.0 1.0 0.0 0.0 0.0 0.0 0.0 0.0 0.0 0.0 0.068 0.727 0.932 0.782 2.0 0.097 0.027 1.000
0.0 1.0 0.0 0.0 0.0 0.0 0.0 0.0 0.0 0.0 0.068 0.727 0.932 0.782 1.0 0.111 0.041 1.000
0.0 1.0 0.0 0.0 0.0 0.0 0.0 0.0 0.0 0.0 0.068 0.727 0.932 0.782 1.0 0.097 0.014 1.000
0.0 1.0 0.0 0.0 0.0 0.0 0.0 0.0 0.0 0.0 0.068 0.727 0.932 0.782 1.0 0.097 0.014 1.000
1.0 0.0 0.0 0.0 0.0 0.0 0.0 0.0 0.0 0.0 0.068 0.727 0.932 0.782 1.0 0.125 0.027 1.000
0.0 1.0 0.0 0.0 0.0 0.0 0.0 0.0 0.0 0.0 0.068 0.727 0.932 0.782 1.0 0.097 0.014 1.000
1.0 0.0 0.0 0.0 0.0 0.0 0.0 0.0 0.0 0.0 0.068 0.727 0.932 0.782 1.0 0.125 0.027 1.000
0.0 1.0 0.0 0.0 0.0 0.0 0.0 0.0 0.0 0.0 0.068 0.727 0.932 0.782 1.0 0.097 0.014 1.000
0.0 1.0 0.0 0.0 0.0 0.0 0.0 0.0 0.0 0.0 0.068 0.727 0.932 0.782 1.0 0.097 0.027 1.000
0.0 1.0 0.0 0.0 0.0 0.0 0.0 0.0 0.0 0.0 0.068 0.727 0.932 0.782 2.0 0.097 0.027 1.000
0.0 1.0 0.0 0.0 0.0 0.0 0.0 0.0 0.0 0.0 0.068 0.727 0.932 0.782 1.0 0.097 0.014 1.000
0.0 1.0 0.0 0.0 0.0 0.0 0.0 0.0 0.0 0.0 0.068 0.727 0.932 0.782 2.0 0.097 0.027 1.000
0.0 1.0 0.0 0.0 0.0 0.0 0.0 0.0 0.0 0.0 0.068 0.727 0.932 0.782 1.0 0.097 0.014 1.000
0.0 1.0 0.0 0.0 0.0 0.0 0.0 0.0 0.0 0.0 0.068 0.727 0.932 0.782 1.0 0.097 0.014 1.000
0.0 1.0 0.0 0.0 0.0 0.0 0.0 0.0 0.0 0.0 0.068 0.727 0.932 0.782 1.0 0.097 0.027 1.000
0.0 1.0 0.0 0.0 0.0 0.0 0.0 0.0 0.0 0.0 0.068 0.727 0.932 0.782 1.0 0.097 0.014 1.000
1.0 0.0 0.0 0.0 0.0 0.0 0.0 0.0 0.0 0.0 0.068 0.727 0.932 0.782 1.0 0.125 0.014 1.000
1.0 0.0 0.0 0.0 0.0 0.0 0.0 0.0 0.0 0.0 0.068 0.727 0.932 0.782 1.0 0.125 0.014 1.000
1.0 0.0 0.0 0.0 0.0 0.0 0.0 0.0 0.0 0.0 0.068 0.727 0.932 0.782 1.0 0.125 0.027 1.000
1.0 0.0 0.0 0.0 0.0 0.0 0.0 0.0 0.0 0.0 0.068 0.727 0.932 0.782 1.0 0.125 0.027 1.000
1.0 0.0 0.0 0.0 0.0 0.0 0.0 0.0 0.0 0.0 0.068 0.727 0.932 0.782 1.0 0.125 0.014 1.000
1.0 0.0 0.0 0.0 0.0 0.0 0.0 0.0 0.0 0.0 0.068 0.727 0.932 0.782 1.0 0.125 0.014 1.000
1.0 0.0 0.0 0.0 0.0 0.0 0.0 0.0 0.0 0.0 0.068 0.864 0.864 0.864 1.0 0.125 0.014 0.040
1.0 0.0 0.0 0.0 0.0 0.0 0.0 0.0 0.0 0.0 0.068 0.727 0.932 0.782 1.0 0.125 0.014 1.000
1.0 0.0 0.0 0.0 0.0 0.0 0.0 0.0 0.0 0.0 0.068 0.886 0.886 0.886 1.0 0.125 0.014 0.040
1.0 0.0 0.0 0.0 0.0 0.0 0.0 0.0 0.0 0.0 0.068 0.727 0.932 0.782 1.0 0.125 0.014 1.000
1.0 0.0 0.0 0.0 0.0 0.0 0.0 0.0 0.0 0.0 0.068 0.727 0.932 0.782 1.0 0.125 0.014 1.000
1.0 0.0 0.0 0.0 0.0 0.0 0.0 0.0 0.0 0.0 0.068 0.864 0.864 0.864 1.0 0.125 0.014 0.040
1.0 0.0 0.0 0.0 0.0 0.0 0.0 0.0 0.0 0.0 0.068 0.727 0.932 0.782 1.0 0.125 0.014 1.000
1.0 0.0 0.0 0.0 0.0 0.0 0.0 0.0 0.0 0.0 0.068 0.727 0.932 0.782 1.0 0.125 0.014 1.000
0.0 0.0 0.0 1.0 0.0 0.0 0.0 0.0 0.0 0.0 0.091 0.705 0.909 0.759 2.0 0.125 0.027 1.000
0.0 0.0 0.0 1.0 0.0 0.0 0.0 0.0 0.0 0.0 0.091 0.705 0.909 0.759 2.0 0.125 0.027 1.000
0.0 1.0 0.0 0.0 0.0 0.0 0.0 0.0 0.0 0.0 0.114 0.841 0.841 0.841 2.0 0.097 0.041 0.040
0.0 0.0 0.0 1.0 0.0 0.0 0.0 0.0 0.0 0.0 0.091 0.864 0.864 0.864 2.0 0.111 0.027 0.040
0.0 0.0 0.0 1.0 0.0 0.0 0.0 0.0 0.0 0.0 0.091 0.864 0.864 0.864 2.0 0.125 0.027 0.040
0.0 0.0 0.0 1.0 0.0 0.0 0.0 0.0 0.0 0.0 0.091 0.705 0.909 0.759 2.0 0.139 0.055 1.000
0.0 0.0 0.0 1.0 0.0 0.0 0.0 0.0 0.0 0.0 0.091 0.705 0.909 0.759 2.0 0.125 0.055 1.000
0.0 0.0 0.0 1.0 0.0 0.0 0.0 0.0 0.0 0.0 0.091 0.705 0.909 0.759 2.0 0.139 0.027 1.000
0.0 0.0 0.0 1.0 0.0 0.0 0.0 0.0 0.0 0.0 0.091 0.705 0.909 0.759 2.0 0.139 0.027 1.000
0.0 0.0 0.0 1.0 0.0 0.0 0.0 0.0 0.0 0.0 0.091 0.705 0.909 0.759 2.0 0.139 0.055 1.000
0.0 0.0 0.0 1.0 0.0 0.0 0.0 0.0 0.0 0.0 0.091 0.705 0.909 0.759 2.0 0.153 0.055 1.000
0.0 0.0 0.0 1.0 0.0 0.0 0.0 0.0 0.0 0.0 0.091 0.705 0.909 0.759 2.0 0.139 0.041 1.000
0.0 0.0 0.0 1.0 0.0 0.0 0.0 0.0 0.0 0.0 0.091 0.705 0.909 0.759 2.0 0.139 0.055 1.000
0.0 0.0 0.0 1.0 0.0 0.0 0.0 0.0 0.0 0.0 0.091 0.705 0.909 0.759 2.0 0.139 0.041 1.000
0.0 0.0 0.0 1.0 0.0 0.0 0.0 0.0 0.0 0.0 0.091 0.705 0.909 0.759 2.0 0.139 0.027 1.000
0.0 0.0 0.0 1.0 0.0 0.0 0.0 0.0 0.0 0.0 0.091 0.705 0.909 0.759 2.0 0.139 0.041 1.000
0.0 0.0 0.0 1.0 0.0 0.0 0.0 0.0 0.0 0.0 0.091 0.705 0.909 0.759 2.0 0.139 0.041 1.000
0.0 1.0 0.0 0.0 0.0 0.0 0.0 0.0 0.0 0.0 0.091 0.705 0.909 0.759 1.0 0.097 0.014 1.000
0.0 1.0 0.0 0.0 0.0 0.0 0.0 0.0 0.0 0.0 0.091 0.705 0.909 0.759 1.0 0.097 0.014 1.000
0.0 0.0 0.0 1.0 0.0 0.0 0.0 0.0 0.0 0.0 0.114 0.682 0.886 0.736 2.0 0.139 0.027 1.000
0.0 1.0 0.0 0.0 0.0 0.0 0.0 0.0 0.0 0.0 0.091 0.705 0.909 0.759 1.0 0.097 0.014 1.000
0.0 1.0 0.0 0.0 0.0 0.0 0.0 0.0 0.0 0.0 0.091 0.705 0.909 0.759 1.0 0.097 0.014 1.000
0.0 1.0 0.0 0.0 0.0 0.0 0.0 0.0 0.0 0.0 0.091 0.705 0.909 0.759 2.0 0.097 0.027 1.000
0.0 1.0 0.0 0.0 0.0 0.0 0.0 0.0 0.0 0.0 0.091 0.705 0.909 0.759 1.0 0.097 0.014 1.000
0.0 1.0 0.0 0.0 0.0 0.0 0.0 0.0 0.0 0.0 0.091 0.705 0.909 0.759 1.0 0.097 0.027 1.000
0.0 1.0 0.0 0.0 0.0 0.0 0.0 0.0 0.0 0.0 0.091 0.705 0.909 0.759 1.0 0.097 0.014 1.000
0.0 1.0 0.0 0.0 0.0 0.0 0.0 0.0 0.0 0.0 0.091 0.841 0.841 0.841 1.0 0.097 0.027 0.040
0.0 0.0 0.0 1.0 0.0 0.0 0.0 0.0 0.0 0.0 0.136 0.818 0.818 0.818 2.0 0.125 0.041 0.040
0.0 1.0 0.0 0.0 0.0 0.0 0.0 0.0 0.0 0.0 0.091 0.705 0.909 0.759 1.0 0.097 0.041 1.000
0.0 0.0 0.0 1.0 0.0 0.0 0.0 0.0 0.0 0.0 0.091 0.705 0.909 0.759 2.0 0.125 0.068 1.000
0.0 1.0 0.0 0.0 0.0 0.0 0.0 0.0 0.0 0.0 0.091 0.705 0.909 0.759 1.0 0.097 0.027 1.000
0.0 0.0 0.0 1.0 0.0 0.0 0.0 0.0 0.0 0.0 0.114 0.682 0.886 0.736 2.0 0.139 0.055 1.000
0.0 1.0 0.0 0.0 0.0 0.0 0.0 0.0 0.0 0.0 0.091 0.795 0.795 0.795 1.0 0.111 0.041 0.040
1.0 0.0 0.0 0.0 0.0 0.0 0.0 0.0 0.0 0.0 0.091 0.705 0.909 0.759 1.0 0.347 0.041 1.000
0.0 1.0 0.0 0.0 0.0 0.0 0.0 0.0 0.0 0.0 0.091 0.795 0.795 0.795 1.0 0.111 0.041 0.040
1.0 0.0 0.0 0.0 0.0 0.0 0.0 0.0 0.0 0.0 0.091 0.705 0.909 0.759 1.0 0.375 0.041 1.000
0.0 0.0 0.0 1.0 0.0 0.0 0.0 0.0 0.0 0.0 0.091 0.705 0.909 0.778 2.0 0.986 0.082 0.640
0.0 0.0 0.0 1.0 0.0 0.0 0.0 0.0 0.0 0.0 0.091 0.705 0.909 0.778 2.0 1.000 0.082 0.640
0.0 1.0 0.0 0.0 0.0 0.0 0.0 0.0 0.0 0.0 0.091 0.705 0.909 0.759 1.0 0.097 0.014 1.000
0.0 0.0 0.0 1.0 0.0 0.0 0.0 0.0 0.0 0.0 0.091 0.705 0.909 0.759 2.0 0.139 0.027 1.000
0.0 1.0 0.0 0.0 0.0 0.0 0.0 0.0 0.0 0.0 0.091 0.705 0.909 0.759 1.0 0.097 0.014 1.000
0.0 0.0 0.0 1.0 0.0 0.0 0.0 0.0 0.0 0.0 0.091 0.705 0.909 0.759 2.0 0.139 0.027 1.000
0.0 1.0 0.0 0.0 0.0 0.0 0.0 0.0 0.0 0.0 0.091 0.705 0.909 0.759 1.0 0.097 0.027 1.000
0.0 0.0 0.0 1.0 0.0 0.0 0.0 0.0 0.0 0.0 0.091 0.705 0.909 0.759 2.0 0.139 0.055 1.000
0.0 1.0 0.0 0.0 0.0 0.0 0.0 0.0 0.0 0.0 0.091 0.705 0.909 0.759 1.0 0.097 0.027 1.000
0.0 0.0 0.0 1.0 0.0 0.0 0.0 0.0 0.0 0.0 0.091 0.705 0.909 0.759 2.0 0.139 0.055 1.000
0.0 1.0 0.0 0.0 0.0 0.0 0.0 0.0 0.0 0.0 0.091 0.705 0.909 0.759 1.0 0.097 0.014 1.000
0.0 0.0 0.0 1.0 0.0 0.0 0.0 0.0 0.0 0.0 0.091 0.705 0.909 0.759 2.0 0.139 0.041 1.000
0.0 1.0 0.0 0.0 0.0 0.0 0.0 0.0 0.0 0.0 0.091 0.705 0.909 0.759 1.0 0.097 0.014 1.000
0.0 0.0 0.0 1.0 0.0 0.0 0.0 0.0 0.0 0.0 0.091 0.705 0.909 0.759 2.0 0.139 0.041 1.000
0.0 1.0 0.0 0.0 0.0 0.0 0.0 0.0 0.0 0.0 0.091 0.841 0.841 0.841 2.0 0.097 0.027 0.040
0.0 1.0 0.0 0.0 0.0 0.0 0.0 0.0 0.0 0.0 0.091 0.841 0.841 0.841 1.0 0.097 0.027 0.040
0.0 1.0 0.0 0.0 0.0 0.0 0.0 0.0 0.0 0.0 0.091 0.705 0.909 0.759 1.0 0.097 0.014 1.000
0.0 1.0 0.0 0.0 0.0 0.0 0.0 0.0 0.0 0.0 0.091 0.864 0.864 0.864 1.0 0.097 0.014 0.040
0.0 0.0 0.0 1.0 0.0 0.0 0.0 0.0 0.0 0.0 0.091 0.864 0.864 0.864 2.0 0.139 0.027 0.040
0.0 1.0 0.0 0.0 0.0 0.0 0.0 0.0 0.0 0.0 0.091 0.864 0.864 0.864 1.0 0.097 0.014 0.040
0.0 1.0 0.0 0.0 0.0 0.0 0.0 0.0 0.0 0.0 0.091 0.705 0.909 0.759 1.0 0.097 0.014 1.000
0.0 0.0 0.0 1.0 0.0 0.0 0.0 0.0 0.0 0.0 0.091 0.705 0.909 0.759 2.0 0.139 0.041 1.000
0.0 1.0 0.0 0.0 0.0 0.0 0.0 0.0 0.0 0.0 0.091 0.705 0.909 0.759 1.0 0.097 0.014 1.000
0.0 0.0 0.0 1.0 0.0 0.0 0.0 0.0 0.0 0.0 0.091 0.705 0.909 0.759 2.0 0.139 0.027 1.000
0.0 1.0 0.0 0.0 0.0 0.0 0.0 0.0 0.0 0.0 0.091 0.705 0.909 0.759 1.0 0.097 0.027 1.000
0.0 1.0 0.0 0.0 0.0 0.0 0.0 0.0 0.0 0.0 0.091 0.841 0.841 0.841 1.0 0.097 0.014 0.040
0.0 0.0 0.0 1.0 0.0 0.0 0.0 0.0 0.0 0.0 0.091 0.841 0.841 0.841 2.0 0.139 0.027 0.040
0.0 1.0 0.0 0.0 0.0 0.0 0.0 0.0 0.0 0.0 0.091 0.909 0.909 0.909 1.0 0.097 0.041 0.040
0.0 0.0 0.0 1.0 0.0 0.0 0.0 0.0 0.0 0.0 0.091 0.909 0.909 0.909 2.0 0.139 0.055 0.040
0.0 0.0 0.0 1.0 0.0 0.0 0.0 0.0 0.0 0.0 0.114 0.682 0.886 0.736 2.0 0.167 0.027 1.000
0.0 0.0 0.0 1.0 0.0 0.0 0.0 0.0 0.0 0.0 0.114 0.682 0.886 0.736 2.0 0.167 0.055 1.000
0.0 1.0 0.0 0.0 0.0 0.0 0.0 0.0 0.0 0.0 0.091 0.705 0.909 0.759 1.0 0.097 0.014 1.000
0.0 0.0 0.0 1.0 0.0 0.0 0.0 0.0 0.0 0.0 0.091 0.705 0.909 0.759 2.0 0.139 0.027 1.000
0.0 1.0 0.0 0.0 0.0 0.0 0.0 0.0 0.0 0.0 0.091 0.705 0.909 0.759 2.0 0.097 0.041 1.000
0.0 1.0 0.0 0.0 0.0 0.0 0.0 0.0 0.0 0.0 0.091 0.705 0.909 0.759 1.0 0.097 0.014 1.000
0.0 0.0 0.0 1.0 0.0 0.0 0.0 0.0 0.0 0.0 0.091 0.705 0.909 0.759 2.0 0.139 0.027 1.000
0.0 0.0 0.0 1.0 0.0 0.0 0.0 0.0 0.0 0.0 0.114 0.682 0.886 0.736 2.0 0.167 0.055 1.000
0.0 0.0 0.0 1.0 0.0 0.0 0.0 0.0 0.0 0.0 0.114 0.682 0.886 0.736 2.0 0.167 0.041 1.000
0.0 0.0 0.0 1.0 0.0 0.0 0.0 0.0 0.0 0.0 0.114 0.682 0.886 0.736 2.0 0.167 0.041 1.000
1.0 0.0 0.0 0.0 0.0 0.0 0.0 0.0 0.0 0.0 0.091 0.705 0.909 0.759 1.0 0.125 0.041 1.000
1.0 0.0 0.0 0.0 0.0 0.0 0.0 0.0 0.0 0.0 0.091 0.795 0.795 0.795 1.0 0.125 0.041 0.040
1.0 0.0 0.0 0.0 0.0 0.0 0.0 0.0 0.0 0.0 0.091 0.705 0.909 0.759 1.0 0.125 0.041 1.000
1.0 0.0 0.0 0.0 0.0 0.0 0.0 0.0 0.0 0.0 0.091 0.795 0.795 0.795 1.0 0.125 0.041 0.040
0.0 1.0 0.0 0.0 0.0 0.0 0.0 0.0 0.0 0.0 0.136 0.659 0.864 0.714 1.0 0.139 0.027 1.000
0.0 0.0 0.0 1.0 0.0 0.0 0.0 0.0 0.0 0.0 0.114 0.682 0.886 0.736 2.0 0.125 0.055 1.000
0.0 0.0 0.0 1.0 0.0 0.0 0.0 0.0 0.0 0.0 0.114 0.682 0.886 0.736 2.0 0.139 0.027 1.000
0.0 0.0 0.0 1.0 0.0 0.0 0.0 0.0 0.0 0.0 0.114 0.682 0.886 0.736 2.0 0.139 0.027 1.000
0.0 1.0 0.0 0.0 0.0 0.0 0.0 0.0 0.0 0.0 0.136 0.659 0.864 0.714 2.0 0.111 0.068 1.000
0.0 0.0 0.0 1.0 0.0 0.0 0.0 0.0 0.0 0.0 0.114 0.682 0.886 0.736 2.0 0.111 0.055 1.000
0.0 0.0 0.0 1.0 0.0 0.0 0.0 0.0 0.0 0.0 0.114 0.682 0.886 0.736 2.0 0.139 0.055 1.000
0.0 0.0 0.0 1.0 0.0 0.0 0.0 0.0 0.0 0.0 0.114 0.682 0.886 0.736 2.0 0.139 0.041 1.000
0.0 0.0 0.0 1.0 0.0 0.0 0.0 0.0 0.0 0.0 0.114 0.682 0.886 0.736 2.0 0.139 0.041 1.000
0.0 1.0 0.0 0.0 0.0 0.0 0.0 0.0 0.0 0.0 0.136 0.818 0.818 0.818 2.0 0.111 0.041 0.040
0.0 0.0 0.0 1.0 0.0 0.0 0.0 0.0 0.0 0.0 0.114 0.841 0.841 0.841 2.0 0.111 0.027 0.040
0.0 0.0 0.0 1.0 0.0 0.0 0.0 0.0 0.0 0.0 0.114 0.682 0.886 0.736 2.0 0.139 0.027 1.000
0.0 0.0 0.0 1.0 0.0 0.0 0.0 0.0 0.0 0.0 0.114 0.682 0.886 0.736 2.0 0.139 0.027 1.000
0.0 0.0 0.0 1.0 0.0 0.0 0.0 0.0 0.0 0.0 0.114 0.818 0.818 0.818 2.0 0.139 0.027 0.040
0.0 1.0 0.0 0.0 0.0 0.0 0.0 0.0 0.0 0.0 0.159 0.795 0.795 0.795 1.0 0.125 0.041 0.040
0.0 0.0 0.0 1.0 0.0 0.0 0.0 0.0 0.0 0.0 0.114 0.886 0.886 0.886 2.0 0.139 0.055 0.040
0.0 0.0 0.0 1.0 0.0 0.0 0.0 0.0 0.0 0.0 0.114 0.682 0.886 0.736 2.0 0.139 0.027 1.000
0.0 0.0 0.0 1.0 0.0 0.0 0.0 0.0 0.0 0.0 0.114 0.682 0.886 0.736 2.0 0.139 0.027 1.000
0.0 1.0 0.0 0.0 0.0 0.0 0.0 0.0 0.0 0.0 0.136 0.659 0.864 0.714 1.0 0.125 0.055 1.000
0.0 0.0 0.0 1.0 0.0 0.0 0.0 0.0 0.0 0.0 0.136 0.659 0.864 0.714 2.0 0.139 0.068 1.000
0.0 0.0 0.0 1.0 0.0 0.0 0.0 0.0 0.0 0.0 0.136 0.659 0.864 0.714 2.0 0.139 0.055 1.000
0.0 1.0 0.0 0.0 0.0 0.0 0.0 0.0 0.0 0.0 0.136 0.659 0.864 0.714 1.0 0.111 0.041 1.000
0.0 1.0 0.0 0.0 0.0 0.0 0.0 0.0 0.0 0.0 0.114 0.773 0.773 0.773 1.0 0.097 0.041 0.040
0.0 1.0 0.0 0.0 0.0 0.0 0.0 0.0 0.0 0.0 0.114 0.682 0.886 0.736 1.0 0.097 0.041 1.000
0.0 1.0 0.0 0.0 0.0 0.0 0.0 0.0 0.0 0.0 0.114 0.773 0.773 0.773 1.0 0.097 0.041 0.040
0.0 1.0 0.0 0.0 0.0 0.0 0.0 0.0 0.0 0.0 0.114 0.682 0.886 0.736 1.0 0.097 0.041 1.000
0.0 0.0 0.0 1.0 0.0 0.0 0.0 0.0 0.0 0.0 0.136 0.659 0.864 0.714 2.0 0.167 0.027 1.000
0.0 0.0 0.0 1.0 0.0 0.0 0.0 0.0 0.0 0.0 0.136 0.659 0.864 0.714 2.0 0.167 0.027 1.000
0.0 0.0 0.0 1.0 0.0 0.0 0.0 0.0 0.0 0.0 0.159 0.636 0.841 0.691 2.0 0.153 0.068 1.000
0.0 0.0 0.0 1.0 0.0 0.0 0.0 0.0 0.0 0.0 0.136 0.659 0.864 0.714 2.0 0.167 0.055 1.000
0.0 0.0 0.0 1.0 0.0 0.0 0.0 0.0 0.0 0.0 0.136 0.659 0.864 0.714 2.0 0.167 0.041 1.000
0.0 0.0 0.0 1.0 0.0 0.0 0.0 0.0 0.0 0.0 0.136 0.659 0.864 0.714 2.0 0.167 0.041 1.000
0.0 0.0 0.0 1.0 0.0 0.0 0.0 0.0 0.0 0.0 0.159 0.795 0.795 0.795 2.0 0.153 0.041 0.040
0.0 0.0 0.0 1.0 0.0 0.0 0.0 0.0 0.0 0.0 0.136 0.659 0.864 0.714 2.0 0.167 0.041 1.000
0.0 0.0 0.0 1.0 0.0 0.0 0.0 0.0 0.0 0.0 0.136 0.659 0.864 0.714 2.0 0.167 0.027 1.000
0.0 0.0 0.0 1.0 0.0 0.0 0.0 0.0 0.0 0.0 0.136 0.795 0.795 0.795 2.0 0.167 0.027 0.040
0.0 0.0 0.0 1.0 0.0 0.0 0.0 0.0 0.0 0.0 0.136 0.864 0.864 0.864 2.0 0.167 0.055 0.040
0.0 1.0 0.0 0.0 0.0 0.0 0.0 0.0 0.0 0.0 0.136 0.659 0.864 0.714 1.0 0.111 0.027 1.000
0.0 1.0 0.0 0.0 0.0 0.0 0.0 0.0 0.0 0.0 0.159 0.636 0.841 0.691 2.0 0.111 0.068 1.000
0.0 0.0 0.0 1.0 0.0 0.0 0.0 0.0 0.0 0.0 0.136 0.659 0.864 0.714 2.0 0.125 0.055 1.000
0.0 1.0 0.0 0.0 0.0 0.0 0.0 0.0 0.0 0.0 0.136 0.659 0.864 0.714 1.0 0.111 0.055 1.000
0.0 0.0 0.0 1.0 0.0 0.0 0.0 0.0 0.0 0.0 0.136 0.659 0.864 0.714 2.0 0.153 0.068 1.000
0.0 0.0 0.0 1.0 0.0 0.0 0.0 0.0 0.0 0.0 0.136 0.659 0.864 0.714 2.0 0.167 0.027 1.000
0.0 0.0 0.0 1.0 0.0 0.0 0.0 0.0 0.0 0.0 0.136 0.659 0.864 0.714 2.0 0.167 0.027 1.000
0.0 1.0 0.0 0.0 0.0 0.0 0.0 0.0 0.0 0.0 0.136 0.659 0.864 0.714 1.0 0.111 0.055 1.000
0.0 0.0 0.0 1.0 0.0 0.0 0.0 0.0 0.0 0.0 0.136 0.659 0.864 0.714 2.0 0.153 0.068 1.000
0.0 1.0 0.0 0.0 0.0 0.0 0.0 0.0 0.0 0.0 0.136 0.659 0.864 0.714 2.0 0.111 0.055 1.000
0.0 0.0 0.0 1.0 0.0 0.0 0.0 0.0 0.0 0.0 0.136 0.659 0.864 0.714 2.0 0.153 0.055 1.000
0.0 1.0 0.0 0.0 0.0 0.0 0.0 0.0 0.0 0.0 0.182 0.773 0.773 0.773 1.0 0.097 0.041 0.040
0.0 0.0 0.0 1.0 0.0 0.0 0.0 0.0 0.0 0.0 0.159 0.636 0.841 0.691 2.0 0.125 0.055 1.000
0.0 1.0 0.0 0.0 0.0 0.0 0.0 0.0 0.0 0.0 0.159 0.636 0.841 0.691 1.0 0.097 0.055 1.000
1.0 0.0 0.0 0.0 0.0 0.0 0.0 0.0 0.0 0.0 0.159 0.636 0.841 0.691 1.0 0.125 0.027 1.000
1.0 0.0 0.0 0.0 0.0 0.0 0.0 0.0 0.0 0.0 0.159 0.773 0.773 0.773 1.0 0.125 0.027 0.040
0.0 0.0 0.0 1.0 0.0 0.0 0.0 0.0 0.0 0.0 0.159 0.636 0.841 0.691 2.0 0.139 0.041 1.000
0.0 0.0 0.0 1.0 0.0 0.0 0.0 0.0 0.0 0.0 0.159 0.636 0.841 0.691 2.0 0.139 0.068 1.000
0.0 0.0 0.0 1.0 0.0 0.0 0.0 0.0 0.0 0.0 0.159 0.636 0.841 0.691 2.0 0.139 0.068 1.000
0.0 0.0 0.0 1.0 0.0 0.0 0.0 0.0 0.0 0.0 0.159 0.636 0.841 0.691 2.0 0.139 0.068 1.000
0.0 1.0 0.0 0.0 0.0 0.0 0.0 0.0 0.0 0.0 0.159 0.636 0.841 0.691 1.0 0.125 0.068 1.000
0.0 0.0 0.0 1.0 0.0 0.0 0.0 0.0 0.0 0.0 0.159 0.636 0.841 0.691 2.0 0.139 0.041 1.000
0.0 1.0 0.0 0.0 0.0 0.0 0.0 0.0 0.0 0.0 0.159 0.636 0.841 0.691 1.0 0.111 0.027 1.000
0.0 0.0 0.0 1.0 0.0 0.0 0.0 0.0 0.0 0.0 0.159 0.636 0.841 0.691 2.0 0.153 0.041 1.000
0.0 1.0 0.0 0.0 0.0 0.0 0.0 0.0 0.0 0.0 0.159 0.636 0.841 0.691 1.0 0.111 0.027 1.000
0.0 1.0 0.0 0.0 0.0 0.0 0.0 0.0 0.0 0.0 0.205 0.591 0.795 0.645 2.0 0.111 0.096 1.000
0.0 0.0 0.0 1.0 0.0 0.0 0.0 0.0 0.0 0.0 0.182 0.614 0.818 0.668 2.0 0.125 0.082 1.000
0.0 1.0 0.0 0.0 0.0 0.0 0.0 0.0 0.0 0.0 0.182 0.614 0.818 0.668 1.0 0.111 0.068 1.000
0.0 0.0 0.0 1.0 0.0 0.0 0.0 0.0 0.0 0.0 0.159 0.636 0.841 0.691 2.0 0.139 0.068 1.000
0.0 1.0 0.0 0.0 0.0 0.0 0.0 0.0 0.0 0.0 0.159 0.636 0.841 0.691 1.0 0.111 0.055 1.000
0.0 0.0 0.0 1.0 0.0 0.0 0.0 0.0 0.0 0.0 0.159 0.636 0.841 0.691 2.0 0.139 0.068 1.000
0.0 1.0 0.0 0.0 0.0 0.0 0.0 0.0 0.0 0.0 0.159 0.636 0.841 0.691 1.0 0.111 0.041 1.000
0.0 0.0 0.0 1.0 0.0 0.0 0.0 0.0 0.0 0.0 0.159 0.636 0.841 0.691 2.0 0.167 0.055 1.000
0.0 1.0 0.0 0.0 0.0 0.0 0.0 0.0 0.0 0.0 0.159 0.636 0.841 0.691 1.0 0.111 0.041 1.000
0.0 0.0 0.0 1.0 0.0 0.0 0.0 0.0 0.0 0.0 0.159 0.636 0.841 0.691 2.0 0.139 0.055 1.000
0.0 1.0 0.0 0.0 0.0 0.0 0.0 0.0 0.0 0.0 0.159 0.636 0.841 0.691 1.0 0.111 0.041 1.000
0.0 0.0 0.0 1.0 0.0 0.0 0.0 0.0 0.0 0.0 0.159 0.773 0.773 0.773 2.0 0.139 0.055 0.040
0.0 1.0 0.0 0.0 0.0 0.0 0.0 0.0 0.0 0.0 0.159 0.773 0.773 0.773 1.0 0.111 0.027 0.040
0.0 1.0 0.0 0.0 0.0 0.0 0.0 0.0 0.0 0.0 0.159 0.841 0.841 0.841 1.0 0.111 0.055 0.040
0.0 0.0 0.0 1.0 0.0 0.0 0.0 0.0 0.0 0.0 0.159 0.636 0.841 0.691 2.0 0.139 0.055 1.000
0.0 1.0 0.0 0.0 0.0 0.0 0.0 0.0 0.0 0.0 0.159 0.636 0.841 0.691 1.0 0.111 0.027 1.000
0.0 0.0 0.0 1.0 0.0 0.0 0.0 0.0 0.0 0.0 0.182 0.614 0.818 0.668 2.0 0.139 0.055 1.000
0.0 1.0 0.0 0.0 0.0 0.0 0.0 0.0 0.0 0.0 0.182 0.773 0.773 0.773 1.0 0.111 0.041 0.040
0.0 0.0 0.0 1.0 0.0 0.0 0.0 0.0 0.0 0.0 0.182 0.773 0.773 0.773 2.0 0.153 0.055 0.040
0.0 1.0 0.0 0.0 0.0 0.0 0.0 0.0 0.0 0.0 0.159 0.636 0.841 0.691 1.0 0.111 0.027 1.000
0.0 0.0 0.0 1.0 0.0 0.0 0.0 0.0 0.0 0.0 0.159 0.636 0.841 0.691 2.0 0.153 0.055 1.000
0.0 0.0 0.0 1.0 0.0 0.0 0.0 0.0 0.0 0.0 0.182 0.614 0.818 0.668 2.0 0.153 0.068 1.000
0.0 1.0 0.0 0.0 0.0 0.0 0.0 0.0 0.0 0.0 0.159 0.636 0.841 0.691 2.0 0.111 0.041 1.000
0.0 1.0 0.0 0.0 0.0 0.0 0.0 0.0 0.0 0.0 0.182 0.614 0.818 0.668 2.0 0.111 0.082 1.000
0.0 0.0 0.0 1.0 0.0 0.0 0.0 0.0 0.0 0.0 0.159 0.636 0.841 0.691 2.0 0.125 0.068 1.000
0.0 0.0 0.0 1.0 0.0 0.0 0.0 0.0 0.0 0.0 0.182 0.614 0.818 0.668 2.0 0.167 0.068 1.000
0.0 0.0 0.0 1.0 0.0 0.0 0.0 0.0 0.0 0.0 0.182 0.614 0.818 0.668 2.0 0.167 0.068 1.000
0.0 0.0 0.0 1.0 0.0 0.0 0.0 0.0 0.0 0.0 0.182 0.614 0.818 0.668 2.0 0.167 0.068 1.000
0.0 0.0 0.0 1.0 0.0 0.0 0.0 0.0 0.0 0.0 0.182 0.614 0.818 0.668 2.0 0.125 0.041 1.000
0.0 0.0 0.0 1.0 0.0 0.0 0.0 0.0 0.0 0.0 0.182 0.614 0.818 0.668 2.0 0.139 0.041 1.000
0.0 0.0 0.0 1.0 0.0 0.0 0.0 0.0 0.0 0.0 0.205 0.591 0.795 0.645 2.0 0.139 0.082 1.000
0.0 1.0 0.0 0.0 0.0 0.0 0.0 0.0 0.0 0.0 0.182 0.750 0.750 0.750 1.0 0.097 0.027 0.040
0.0 1.0 0.0 0.0 0.0 0.0 0.0 0.0 0.0 0.0 0.182 0.614 0.818 0.668 1.0 0.097 0.027 1.000
0.0 0.0 0.0 1.0 0.0 0.0 0.0 0.0 0.0 0.0 0.182 0.614 0.818 0.668 2.0 0.125 0.068 1.000
0.0 0.0 0.0 1.0 0.0 0.0 0.0 0.0 0.0 0.0 0.182 0.614 0.818 0.668 2.0 0.125 0.055 1.000
0.0 0.0 0.0 1.0 0.0 0.0 0.0 0.0 0.0 0.0 0.182 0.614 0.818 0.668 2.0 0.153 0.055 1.000
0.0 0.0 0.0 1.0 0.0 0.0 0.0 0.0 0.0 0.0 0.182 0.614 0.818 0.668 2.0 0.125 0.055 1.000
0.0 0.0 0.0 1.0 0.0 0.0 0.0 0.0 0.0 0.0 0.182 0.750 0.750 0.750 2.0 0.125 0.055 0.040
0.0 0.0 0.0 1.0 0.0 0.0 0.0 0.0 0.0 0.0 0.182 0.614 0.818 0.668 2.0 0.125 0.055 1.000
0.0 1.0 0.0 0.0 0.0 0.0 0.0 0.0 0.0 0.0 0.182 0.614 0.818 0.668 1.0 0.097 0.068 1.000
0.0 0.0 0.0 1.0 0.0 0.0 0.0 0.0 0.0 0.0 0.205 0.750 0.750 0.750 2.0 0.139 0.055 0.040
0.0 0.0 0.0 1.0 0.0 0.0 0.0 0.0 0.0 0.0 0.182 0.614 0.818 0.668 2.0 0.139 0.055 1.000
0.0 0.0 0.0 1.0 0.0 0.0 0.0 0.0 0.0 0.0 0.182 0.614 0.818 0.668 2.0 0.139 0.068 1.000
0.0 1.0 0.0 0.0 0.0 0.0 0.0 0.0 0.0 0.0 0.205 0.591 0.795 0.645 1.0 0.125 0.055 1.000
0.0 1.0 0.0 0.0 0.0 0.0 0.0 0.0 0.0 0.0 0.227 0.568 0.773 0.623 2.0 0.097 0.055 1.000
0.0 0.0 0.0 1.0 0.0 0.0 0.0 0.0 0.0 0.0 0.205 0.591 0.795 0.645 2.0 0.125 0.041 1.000
0.0 0.0 0.0 1.0 0.0 0.0 0.0 0.0 0.0 0.0 0.205 0.591 0.795 0.645 2.0 0.181 0.041 1.000
0.0 0.0 0.0 1.0 0.0 0.0 0.0 0.0 0.0 0.0 0.227 0.568 0.773 0.623 2.0 0.153 0.096 1.000
0.0 0.0 0.0 1.0 0.0 0.0 0.0 0.0 0.0 0.0 0.205 0.591 0.795 0.645 2.0 0.139 0.068 1.000
0.0 0.0 0.0 1.0 0.0 0.0 0.0 0.0 0.0 0.0 0.205 0.591 0.795 0.645 2.0 0.139 0.068 1.000
0.0 0.0 0.0 1.0 0.0 0.0 0.0 0.0 0.0 0.0 0.205 0.591 0.795 0.645 2.0 0.208 0.055 1.000
0.0 0.0 0.0 1.0 0.0 0.0 0.0 0.0 0.0 0.0 0.205 0.591 0.795 0.645 2.0 0.153 0.055 1.000
0.0 0.0 0.0 1.0 0.0 0.0 0.0 0.0 0.0 0.0 0.205 0.727 0.727 0.727 2.0 0.139 0.055 0.040
0.0 1.0 0.0 0.0 0.0 0.0 0.0 0.0 0.0 0.0 0.205 0.591 0.795 0.645 1.0 0.111 0.068 1.000
0.0 1.0 0.0 0.0 0.0 0.0 0.0 0.0 0.0 0.0 0.227 0.568 0.773 0.623 2.0 0.097 0.068 1.000
0.0 0.0 0.0 1.0 0.0 0.0 0.0 0.0 0.0 0.0 0.205 0.591 0.795 0.645 2.0 0.125 0.055 1.000
0.0 1.0 0.0 0.0 0.0 0.0 0.0 0.0 0.0 0.0 0.205 0.591 0.795 0.645 1.0 0.111 0.068 1.000
0.0 1.0 0.0 0.0 0.0 0.0 0.0 0.0 0.0 0.0 0.205 0.591 0.795 0.645 1.0 0.111 0.068 1.000
0.0 1.0 0.0 0.0 0.0 0.0 0.0 0.0 0.0 0.0 0.205 0.591 0.795 0.645 1.0 0.111 0.068 1.000
0.0 0.0 0.0 1.0 0.0 0.0 0.0 0.0 0.0 0.0 0.205 0.591 0.795 0.645 2.0 0.167 0.055 1.000
0.0 0.0 0.0 1.0 0.0 0.0 0.0 0.0 0.0 0.0 0.227 0.727 0.727 0.727 2.0 0.167 0.055 0.040
0.0 0.0 0.0 1.0 0.0 0.0 0.0 0.0 0.0 0.0 0.205 0.591 0.795 0.645 2.0 0.153 0.096 1.000
0.0 1.0 0.0 0.0 0.0 0.0 0.0 0.0 0.0 0.0 0.250 0.545 0.750 0.600 1.0 0.125 0.055 1.000
0.0 1.0 0.0 0.0 0.0 0.0 0.0 0.0 0.0 0.0 0.227 0.568 0.773 0.623 1.0 0.139 0.068 1.000
0.0 1.0 0.0 0.0 0.0 0.0 0.0 0.0 0.0 0.0 0.227 0.568 0.773 0.623 1.0 0.181 0.055 1.000
0.0 1.0 0.0 0.0 0.0 0.0 0.0 0.0 0.0 0.0 0.227 0.568 0.773 0.623 1.0 0.139 0.068 1.000
0.0 0.0 0.0 1.0 0.0 0.0 0.0 0.0 0.0 0.0 0.227 0.568 0.773 0.623 2.0 0.153 0.137 1.000
0.0 0.0 0.0 1.0 0.0 0.0 0.0 0.0 0.0 0.0 0.227 0.568 0.773 0.623 2.0 0.153 0.137 1.000
0.0 1.0 0.0 0.0 0.0 0.0 0.0 0.0 0.0 0.0 0.227 0.568 0.773 0.623 1.0 0.097 0.055 1.000
0.0 1.0 0.0 0.0 0.0 0.0 0.0 0.0 0.0 0.0 0.227 0.705 0.705 0.705 1.0 0.125 0.055 0.040
0.0 1.0 0.0 0.0 0.0 0.0 0.0 0.0 0.0 0.0 0.250 0.545 0.750 0.600 1.0 0.111 0.068 1.000
1.0 0.0 0.0 0.0 0.0 0.0 0.0 0.0 0.0 0.0 0.227 0.568 0.773 0.623 1.0 0.167 0.055 1.000
0.0 1.0 0.0 0.0 0.0 0.0 0.0 0.0 0.0 0.0 0.227 0.568 0.773 0.623 1.0 0.111 0.055 1.000
0.0 1.0 0.0 0.0 0.0 0.0 0.0 0.0 0.0 0.0 0.250 0.705 0.705 0.705 1.0 0.111 0.055 0.040
0.0 0.0 0.0 1.0 0.0 0.0 0.0 0.0 0.0 0.0 0.227 0.568 0.773 0.623 2.0 0.153 0.164 1.000
0.0 1.0 0.0 0.0 0.0 0.0 0.0 0.0 0.0 0.0 0.227 0.568 0.773 0.623 1.0 0.111 0.096 1.000
0.0 0.0 0.0 1.0 0.0 0.0 0.0 0.0 0.0 0.0 0.250 0.545 0.750 0.600 2.0 0.167 0.137 1.000
1.0 0.0 0.0 0.0 0.0 0.0 0.0 0.0 0.0 0.0 0.250 0.545 0.750 0.600 1.0 0.139 0.096 1.000
0.0 1.0 0.0 0.0 0.0 0.0 0.0 0.0 0.0 0.0 0.273 0.659 0.659 0.659 2.0 0.111 0.110 0.040
1.0 0.0 0.0 0.0 0.0 0.0 0.0 0.0 0.0 0.0 0.250 0.682 0.682 0.682 1.0 0.111 0.096 0.040
0.0 1.0 0.0 0.0 0.0 0.0 0.0 0.0 0.0 0.0 0.250 0.682 0.682 0.682 2.0 0.111 0.068 0.040
1.0 0.0 0.0 0.0 0.0 0.0 0.0 0.0 0.0 0.0 0.227 0.705 0.705 0.705 1.0 0.125 0.055 0.040
1.0 0.0 0.0 0.0 0.0 0.0 0.0 0.0 0.0 0.0 0.227 0.568 0.773 0.623 1.0 0.153 0.055 1.000
1.0 0.0 0.0 0.0 0.0 0.0 0.0 0.0 0.0 0.0 0.227 0.705 0.705 0.705 1.0 0.139 0.041 0.040
1.0 0.0 0.0 0.0 0.0 0.0 0.0 0.0 0.0 0.0 0.227 0.568 0.773 0.623 1.0 0.139 0.041 1.000
1.0 0.0 0.0 0.0 0.0 0.0 0.0 0.0 0.0 0.0 0.250 0.545 0.750 0.600 1.0 0.153 0.055 1.000
1.0 0.0 0.0 0.0 0.0 0.0 0.0 0.0 0.0 0.0 0.250 0.545 0.750 0.600 1.0 0.139 0.068 1.000
0.0 1.0 0.0 0.0 0.0 0.0 0.0 0.0 0.0 0.0 0.250 0.682 0.682 0.682 1.0 0.097 0.055 0.040
0.0 0.0 0.0 1.0 0.0 0.0 0.0 0.0 0.0 0.0 0.250 0.545 0.750 0.600 2.0 0.153 0.164 1.000
0.0 0.0 0.0 1.0 0.0 0.0 0.0 0.0 0.0 0.0 0.273 0.523 0.727 0.577 2.0 0.139 0.123 1.000
0.0 1.0 0.0 0.0 0.0 0.0 0.0 0.0 0.0 0.0 0.273 0.523 0.727 0.577 1.0 0.097 0.068 1.000
1.0 0.0 0.0 0.0 0.0 0.0 0.0 0.0 0.0 0.0 0.250 0.750 0.750 0.750 1.0 0.125 0.068 0.040
1.0 0.0 0.0 0.0 0.0 0.0 0.0 0.0 0.0 0.0 0.250 0.545 0.750 0.600 1.0 0.125 0.068 1.000
1.0 0.0 0.0 0.0 0.0 0.0 0.0 0.0 0.0 0.0 0.273 0.523 0.727 0.577 1.0 0.125 0.055 1.000
1.0 0.0 0.0 0.0 0.0 0.0 0.0 0.0 0.0 0.0 0.273 0.659 0.659 0.659 1.0 0.125 0.055 0.040
1.0 0.0 0.0 0.0 0.0 0.0 0.0 0.0 0.0 0.0 0.250 0.705 0.705 0.705 1.0 0.125 0.068 0.040
1.0 0.0 0.0 0.0 0.0 0.0 0.0 0.0 0.0 0.0 0.250 0.750 0.750 0.750 1.0 0.139 0.055 0.040
1.0 0.0 0.0 0.0 0.0 0.0 0.0 0.0 0.0 0.0 0.250 0.545 0.750 0.600 1.0 0.139 0.055 1.000
0.0 0.0 0.0 1.0 0.0 0.0 0.0 0.0 0.0 0.0 0.273 0.523 0.727 0.577 2.0 0.153 0.178 1.000
0.0 1.0 0.0 0.0 0.0 0.0 0.0 0.0 0.0 0.0 0.273 0.523 0.727 0.577 2.0 0.111 0.151 1.000
0.0 1.0 0.0 0.0 0.0 0.0 0.0 0.0 0.0 0.0 0.273 0.523 0.727 0.577 1.0 0.097 0.096 1.000
0.0 1.0 0.0 0.0 0.0 0.0 0.0 0.0 0.0 0.0 0.295 0.636 0.636 0.636 1.0 0.097 0.110 0.040
0.0 0.0 0.0 1.0 0.0 0.0 0.0 0.0 0.0 0.0 0.273 0.659 0.659 0.659 2.0 0.139 0.096 0.040
0.0 1.0 0.0 0.0 0.0 0.0 0.0 0.0 0.0 0.0 0.273 0.659 0.659 0.659 1.0 0.097 0.068 0.040
0.0 0.0 0.0 1.0 0.0 0.0 0.0 0.0 0.0 0.0 0.250 0.545 0.750 0.600 2.0 0.139 0.068 1.000
0.0 1.0 0.0 0.0 0.0 0.0 0.0 0.0 0.0 0.0 0.250 0.545 0.750 0.600 1.0 0.097 0.055 1.000
0.0 1.0 0.0 0.0 0.0 0.0 0.0 0.0 0.0 0.0 0.250 0.682 0.682 0.682 1.0 0.097 0.041 0.040
0.0 1.0 0.0 0.0 0.0 0.0 0.0 0.0 0.0 0.0 0.250 0.545 0.750 0.600 1.0 0.097 0.041 1.000
0.0 0.0 0.0 1.0 0.0 0.0 0.0 0.0 0.0 0.0 0.273 0.523 0.727 0.577 2.0 0.167 0.164 1.000
0.0 0.0 0.0 1.0 0.0 0.0 0.0 0.0 0.0 0.0 0.295 0.500 0.705 0.555 2.0 0.139 0.123 1.000
1.0 0.0 0.0 0.0 0.0 0.0 0.0 0.0 0.0 0.0 0.250 0.750 0.750 0.750 1.0 0.125 0.055 0.040
1.0 0.0 0.0 0.0 0.0 0.0 0.0 0.0 0.0 0.0 0.250 0.545 0.750 0.600 1.0 0.125 0.055 1.000
0.0 0.0 0.0 1.0 0.0 0.0 0.0 0.0 0.0 0.0 0.295 0.500 0.705 0.555 2.0 0.153 0.192 1.000
0.0 1.0 0.0 0.0 0.0 0.0 0.0 0.0 0.0 0.0 0.273 0.523 0.727 0.577 1.0 0.097 0.068 1.000
0.0 0.0 0.0 1.0 0.0 0.0 0.0 0.0 0.0 0.0 0.295 0.500 0.705 0.555 2.0 0.139 0.151 1.000
0.0 1.0 0.0 0.0 0.0 0.0 0.0 0.0 0.0 0.0 0.295 0.500 0.705 0.555 1.0 0.097 0.055 1.000
0.0 0.0 0.0 1.0 0.0 0.0 0.0 0.0 0.0 0.0 0.318 0.614 0.614 0.614 2.0 0.125 0.164 0.040
0.0 1.0 0.0 0.0 0.0 0.0 0.0 0.0 0.0 0.0 0.295 0.636 0.636 0.636 1.0 0.097 0.055 0.040
0.0 0.0 0.0 1.0 0.0 0.0 0.0 0.0 0.0 0.0 0.295 0.636 0.636 0.636 2.0 0.139 0.082 0.040
0.0 0.0 0.0 1.0 0.0 0.0 0.0 0.0 0.0 0.0 0.273 0.523 0.727 0.577 2.0 0.139 0.068 1.000
1.0 0.0 0.0 0.0 0.0 0.0 0.0 0.0 0.0 0.0 0.273 0.659 0.659 0.659 1.0 0.125 0.055 0.040
1.0 0.0 0.0 0.0 0.0 0.0 0.0 0.0 0.0 0.0 0.273 0.523 0.727 0.577 1.0 0.125 0.055 1.000
0.0 0.0 0.0 1.0 0.0 0.0 0.0 0.0 0.0 0.0 0.273 0.682 0.682 0.682 2.0 0.139 0.123 0.040
0.0 1.0 0.0 0.0 0.0 0.0 0.0 0.0 0.0 0.0 0.273 0.682 0.682 0.682 1.0 0.097 0.068 0.040
0.0 0.0 0.0 1.0 0.0 0.0 0.0 0.0 0.0 0.0 0.318 0.477 0.682 0.532 2.0 0.167 0.123 1.000
0.0 1.0 0.0 0.0 0.0 0.0 0.0 0.0 0.0 0.0 0.273 0.727 0.727 0.727 1.0 0.097 0.055 0.040
0.0 1.0 0.0 0.0 0.0 0.0 0.0 0.0 0.0 0.0 0.273 0.727 0.727 0.727 1.0 0.097 0.068 0.040
0.0 1.0 0.0 0.0 0.0 0.0 0.0 0.0 0.0 0.0 0.273 0.523 0.727 0.577 1.0 0.097 0.055 1.000
1.0 0.0 0.0 0.0 0.0 0.0 0.0 0.0 0.0 0.0 0.273 0.659 0.659 0.659 1.0 0.125 0.068 0.040
1.0 0.0 0.0 0.0 0.0 0.0 0.0 0.0 0.0 0.0 0.273 0.523 0.727 0.577 1.0 0.125 0.068 1.000
0.0 0.0 0.0 1.0 0.0 0.0 0.0 0.0 0.0 0.0 0.295 0.500 0.705 0.555 2.0 0.153 0.233 1.000
0.0 1.0 0.0 0.0 0.0 0.0 0.0 0.0 0.0 0.0 0.295 0.500 0.705 0.555 1.0 0.111 0.164 1.000
0.0 0.0 0.0 1.0 0.0 0.0 0.0 0.0 0.0 0.0 0.318 0.477 0.682 0.532 2.0 0.181 0.192 1.000
0.0 0.0 0.0 1.0 0.0 0.0 0.0 0.0 0.0 0.0 0.318 0.477 0.682 0.532 2.0 0.139 0.151 1.000
0.0 0.0 0.0 1.0 0.0 0.0 0.0 0.0 0.0 0.0 0.318 0.614 0.614 0.614 2.0 0.125 0.164 0.040
0.0 0.0 0.0 1.0 0.0 0.0 0.0 0.0 0.0 0.0 0.318 0.614 0.614 0.614 2.0 0.167 0.096 0.040
0.0 0.0 0.0 1.0 0.0 0.0 0.0 0.0 0.0 0.0 0.295 0.500 0.705 0.555 2.0 0.167 0.068 1.000
0.0 0.0 0.0 1.0 0.0 0.0 0.0 0.0 0.0 0.0 0.295 0.659 0.659 0.659 2.0 0.153 0.123 0.040
0.0 1.0 0.0 0.0 0.0 0.0 0.0 0.0 0.0 0.0 0.273 0.727 0.727 0.727 1.0 0.097 0.055 0.040
0.0 0.0 0.0 1.0 0.0 0.0 0.0 0.0 0.0 0.0 0.295 0.705 0.705 0.705 2.0 0.139 0.110 0.040
0.0 1.0 0.0 0.0 0.0 0.0 0.0 0.0 0.0 0.0 0.273 0.523 0.727 0.577 2.0 0.097 0.068 1.000
0.0 0.0 0.0 1.0 0.0 0.0 0.0 0.0 0.0 0.0 0.295 0.500 0.705 0.555 2.0 0.139 0.110 1.000
0.0 1.0 0.0 0.0 0.0 0.0 0.0 0.0 0.0 0.0 0.295 0.500 0.705 0.555 1.0 0.097 0.055 1.000
0.0 0.0 0.0 1.0 0.0 0.0 0.0 0.0 0.0 0.0 0.318 0.477 0.682 0.532 2.0 0.153 0.233 1.000
0.0 0.0 0.0 1.0 0.0 0.0 0.0 0.0 0.0 0.0 0.341 0.455 0.659 0.509 2.0 0.153 0.178 1.000
0.0 1.0 0.0 0.0 0.0 0.0 0.0 0.0 0.0 0.0 0.341 0.455 0.659 0.509 1.0 0.111 0.123 1.000
0.0 0.0 0.0 1.0 0.0 0.0 0.0 0.0 0.0 0.0 0.341 0.455 0.659 0.509 2.0 0.167 0.151 1.000
0.0 1.0 0.0 0.0 0.0 0.0 0.0 0.0 0.0 0.0 0.364 0.568 0.568 0.568 2.0 0.125 0.178 0.040
0.0 0.0 0.0 1.0 0.0 0.0 0.0 0.0 0.0 0.0 0.341 0.591 0.591 0.591 2.0 0.139 0.164 0.040
0.0 1.0 0.0 0.0 0.0 0.0 0.0 0.0 0.0 0.0 0.295 0.636 0.636 0.636 1.0 0.097 0.068 0.040
0.0 1.0 0.0 0.0 0.0 0.0 0.0 0.0 0.0 0.0 0.318 0.614 0.614 0.614 2.0 0.111 0.123 0.040
0.0 0.0 0.0 1.0 0.0 0.0 0.0 0.0 0.0 0.0 0.295 0.636 0.636 0.636 2.0 0.111 0.110 0.040
0.0 1.0 0.0 0.0 0.0 0.0 0.0 0.0 0.0 0.0 0.295 0.636 0.636 0.636 1.0 0.097 0.055 0.040
0.0 1.0 0.0 0.0 0.0 0.0 0.0 0.0 0.0 0.0 0.295 0.500 0.705 0.555 1.0 0.097 0.068 1.000
0.0 0.0 0.0 1.0 0.0 0.0 0.0 0.0 0.0 0.0 0.295 0.500 0.705 0.555 2.0 0.139 0.110 1.000
0.0 0.0 0.0 1.0 0.0 0.0 0.0 0.0 0.0 0.0 0.318 0.636 0.636 0.636 2.0 0.167 0.123 0.040
0.0 0.0 0.0 1.0 0.0 0.0 0.0 0.0 0.0 0.0 0.295 0.705 0.705 0.705 2.0 0.139 0.110 0.040
0.0 0.0 0.0 1.0 0.0 0.0 0.0 0.0 0.0 0.0 0.295 0.500 0.705 0.555 2.0 0.139 0.123 1.000
0.0 0.0 0.0 1.0 0.0 0.0 0.0 0.0 0.0 0.0 0.318 0.477 0.682 0.532 2.0 0.139 0.096 1.000
0.0 1.0 0.0 0.0 0.0 0.0 0.0 0.0 0.0 0.0 0.318 0.477 0.682 0.532 2.0 0.111 0.082 1.000
0.0 0.0 0.0 1.0 0.0 0.0 0.0 0.0 0.0 0.0 0.341 0.455 0.659 0.509 2.0 0.194 0.233 1.000
0.0 0.0 0.0 1.0 0.0 0.0 0.0 0.0 0.0 0.0 0.364 0.432 0.636 0.486 2.0 0.139 0.178 1.000
0.0 1.0 0.0 0.0 0.0 0.0 0.0 0.0 0.0 0.0 0.364 0.432 0.636 0.486 2.0 0.139 0.233 1.000
0.0 0.0 0.0 1.0 0.0 0.0 0.0 0.0 0.0 0.0 0.341 0.455 0.659 0.509 2.0 0.194 0.219 1.000
0.0 1.0 0.0 0.0 0.0 0.0 0.0 0.0 0.0 0.0 0.341 0.591 0.591 0.591 1.0 0.111 0.096 0.040
0.0 0.0 0.0 1.0 0.0 0.0 0.0 0.0 0.0 0.0 0.341 0.591 0.591 0.591 2.0 0.153 0.123 0.040
0.0 0.0 0.0 1.0 0.0 0.0 0.0 0.0 0.0 0.0 0.318 0.614 0.614 0.614 2.0 0.139 0.110 0.040
0.0 1.0 0.0 0.0 0.0 0.0 0.0 0.0 0.0 0.0 0.341 0.455 0.659 0.509 2.0 0.111 0.123 1.000
0.0 0.0 0.0 1.0 0.0 0.0 0.0 0.0 0.0 0.0 0.318 0.477 0.682 0.532 2.0 0.111 0.110 1.000
0.0 0.0 0.0 1.0 0.0 0.0 0.0 0.0 0.0 0.0 0.318 0.682 0.682 0.682 2.0 0.167 0.110 0.040
0.0 0.0 0.0 1.0 0.0 0.0 0.0 0.0 0.0 0.0 0.318 0.477 0.682 0.532 2.0 0.167 0.123 1.000
1.0 0.0 0.0 0.0 0.0 0.0 0.0 0.0 0.0 0.0 0.341 0.591 0.591 0.591 1.0 0.139 0.192 0.040
0.0 0.0 0.0 1.0 0.0 0.0 0.0 0.0 0.0 0.0 0.386 0.545 0.545 0.545 2.0 0.125 0.205 0.040
0.0 1.0 0.0 0.0 0.0 0.0 0.0 0.0 0.0 0.0 0.386 0.545 0.545 0.545 1.0 0.097 0.178 0.040
0.0 1.0 0.0 0.0 0.0 0.0 0.0 0.0 0.0 0.0 0.386 0.409 0.614 0.464 2.0 0.111 0.192 1.000
0.0 0.0 0.0 1.0 0.0 0.0 0.0 0.0 0.0 0.0 0.364 0.432 0.636 0.486 2.0 0.125 0.178 1.000
0.0 1.0 0.0 0.0 0.0 0.0 0.0 0.0 0.0 0.0 0.364 0.432 0.636 0.486 2.0 0.111 0.164 1.000
0.0 0.0 0.0 1.0 0.0 0.0 0.0 0.0 0.0 0.0 0.341 0.455 0.659 0.509 2.0 0.125 0.110 1.000
0.0 0.0 0.0 1.0 0.0 0.0 0.0 0.0 0.0 0.0 0.341 0.614 0.614 0.614 2.0 0.139 0.164 0.040
0.0 1.0 0.0 0.0 0.0 0.0 0.0 0.0 0.0 0.0 0.341 0.614 0.614 0.614 1.0 0.111 0.123 0.040
0.0 0.0 0.0 1.0 0.0 0.0 0.0 0.0 0.0 0.0 0.386 0.409 0.614 0.464 2.0 0.194 0.178 1.000
0.0 0.0 0.0 1.0 0.0 0.0 0.0 0.0 0.0 0.0 0.364 0.568 0.568 0.568 2.0 0.139 0.123 0.040
0.0 0.0 0.0 1.0 0.0 0.0 0.0 0.0 0.0 0.0 0.341 0.591 0.591 0.591 2.0 0.153 0.123 0.040
0.0 0.0 0.0 1.0 0.0 0.0 0.0 0.0 0.0 0.0 0.364 0.432 0.636 0.486 2.0 0.153 0.123 1.000
0.0 0.0 0.0 1.0 0.0 0.0 0.0 0.0 0.0 0.0 0.409 0.523 0.523 0.523 2.0 0.125 0.205 0.040
0.0 0.0 0.0 1.0 0.0 0.0 0.0 0.0 0.0 0.0 0.386 0.409 0.614 0.464 2.0 0.139 0.192 1.000
0.0 0.0 0.0 1.0 0.0 0.0 0.0 0.0 0.0 0.0 0.364 0.432 0.636 0.486 2.0 0.139 0.110 1.000
0.0 0.0 0.0 1.0 0.0 0.0 0.0 0.0 0.0 0.0 0.364 0.591 0.591 0.591 2.0 0.125 0.164 0.040
0.0 0.0 0.0 1.0 0.0 0.0 0.0 0.0 0.0 0.0 0.341 0.455 0.659 0.509 2.0 0.139 0.192 1.000
0.0 1.0 0.0 0.0 0.0 0.0 0.0 0.0 0.0 0.0 0.341 0.455 0.659 0.509 1.0 0.111 0.123 1.000
0.0 1.0 0.0 0.0 0.0 0.0 0.0 0.0 0.0 0.0 0.364 0.568 0.568 0.568 2.0 0.097 0.205 0.040
0.0 0.0 0.0 1.0 0.0 0.0 0.0 0.0 0.0 0.0 0.364 0.432 0.636 0.486 2.0 0.236 0.260 1.000
0.0 1.0 0.0 0.0 0.0 0.0 0.0 0.0 0.0 0.0 0.341 0.659 0.659 0.659 1.0 0.111 0.110 0.040
0.0 0.0 0.0 1.0 0.0 0.0 0.0 0.0 0.0 0.0 0.341 0.659 0.659 0.659 2.0 0.153 0.178 0.040
1.0 0.0 0.0 0.0 0.0 0.0 0.0 0.0 0.0 0.0 0.364 0.568 0.568 0.568 1.0 0.139 0.233 0.040
1.0 0.0 0.0 0.0 0.0 0.0 0.0 0.0 0.0 0.0 0.386 0.409 0.614 0.464 1.0 0.125 0.233 1.000
1.0 0.0 0.0 0.0 0.0 0.0 0.0 0.0 0.0 0.0 0.386 0.500 0.500 0.500 1.0 0.125 0.233 0.040
0.0 0.0 0.0 1.0 0.0 0.0 0.0 0.0 0.0 0.0 0.386 0.545 0.545 0.545 2.0 0.167 0.123 0.040
0.0 0.0 0.0 1.0 0.0 0.0 0.0 0.0 0.0 0.0 0.432 0.500 0.500 0.500 2.0 0.125 0.205 0.040
0.0 0.0 0.0 1.0 0.0 0.0 0.0 0.0 0.0 0.0 0.409 0.386 0.591 0.441 2.0 0.167 0.205 1.000
0.0 0.0 0.0 1.0 0.0 0.0 0.0 0.0 0.0 0.0 0.386 0.409 0.614 0.464 2.0 0.139 0.178 1.000
0.0 1.0 0.0 0.0 0.0 0.0 0.0 0.0 0.0 0.0 0.386 0.409 0.614 0.464 1.0 0.111 0.123 1.000
0.0 1.0 0.0 0.0 0.0 0.0 0.0 0.0 0.0 0.0 0.409 0.545 0.545 0.545 2.0 0.083 0.178 0.040
0.0 0.0 0.0 1.0 0.0 0.0 0.0 0.0 0.0 0.0 0.386 0.568 0.568 0.568 2.0 0.125 0.164 0.040
0.0 0.0 0.0 1.0 0.0 0.0 0.0 0.0 0.0 0.0 0.364 0.432 0.636 0.486 2.0 0.125 0.192 1.000
0.0 0.0 0.0 1.0 0.0 0.0 0.0 0.0 0.0 0.0 0.409 0.386 0.591 0.441 2.0 0.222 0.205 1.000
0.0 1.0 0.0 0.0 0.0 0.0 0.0 0.0 0.0 0.0 0.364 0.568 0.568 0.568 1.0 0.111 0.123 0.040
0.0 0.0 0.0 1.0 0.0 0.0 0.0 0.0 0.0 0.0 0.364 0.568 0.568 0.568 2.0 0.153 0.178 0.040
0.0 0.0 0.0 1.0 0.0 0.0 0.0 0.0 0.0 0.0 0.364 0.636 0.636 0.636 2.0 0.139 0.178 0.040
0.0 1.0 0.0 0.0 0.0 0.0 0.0 0.0 0.0 0.0 0.386 0.409 0.614 0.464 1.0 0.125 0.110 1.000
1.0 0.0 0.0 0.0 0.0 0.0 0.0 0.0 0.0 0.0 0.409 0.545 0.545 0.545 1.0 0.139 0.178 0.040
0.0 1.0 0.0 0.0 0.0 0.0 0.0 0.0 0.0 0.0 0.455 0.477 0.477 0.477 1.0 0.111 0.205 0.040
0.0 0.0 0.0 1.0 0.0 0.0 0.0 0.0 0.0 0.0 0.409 0.386 0.591 0.441 2.0 0.125 0.178 1.000
0.0 1.0 0.0 0.0 0.0 0.0 0.0 0.0 0.0 0.0 0.432 0.523 0.523 0.523 1.0 0.097 0.178 0.040
0.0 1.0 0.0 0.0 0.0 0.0 0.0 0.0 0.0 0.0 0.409 0.386 0.591 0.441 2.0 0.097 0.205 1.000
0.0 0.0 0.0 1.0 0.0 0.0 0.0 0.0 0.0 0.0 0.386 0.409 0.614 0.464 2.0 0.125 0.192 1.000
0.0 1.0 0.0 0.0 0.0 0.0 0.0 0.0 0.0 0.0 0.386 0.545 0.545 0.545 1.0 0.097 0.233 0.040
0.0 0.0 0.0 1.0 0.0 0.0 0.0 0.0 0.0 0.0 0.409 0.477 0.477 0.477 2.0 0.125 0.247 0.040
0.0 1.0 0.0 0.0 0.0 0.0 0.0 0.0 0.0 0.0 0.409 0.477 0.477 0.477 1.0 0.097 0.233 0.040
0.0 0.0 0.0 1.0 0.0 0.0 0.0 0.0 0.0 0.0 0.409 0.386 0.591 0.441 2.0 0.139 0.247 1.000
0.0 1.0 0.0 0.0 0.0 0.0 0.0 0.0 0.0 0.0 0.409 0.386 0.591 0.441 1.0 0.097 0.233 1.000
0.0 1.0 0.0 0.0 0.0 0.0 0.0 0.0 0.0 0.0 0.409 0.523 0.523 0.523 1.0 0.111 0.123 0.040
0.0 0.0 0.0 1.0 0.0 0.0 0.0 0.0 0.0 0.0 0.386 0.545 0.545 0.545 2.0 0.139 0.178 0.040
1.0 0.0 0.0 0.0 0.0 0.0 0.0 0.0 0.0 0.0 0.386 0.409 0.614 0.464 1.0 0.139 0.260 1.000
1.0 0.0 0.0 0.0 0.0 0.0 0.0 0.0 0.0 0.0 0.386 0.500 0.500 0.500 1.0 0.139 0.260 0.040
0.0 0.0 0.0 1.0 0.0 0.0 0.0 0.0 0.0 0.0 0.386 0.614 0.614 0.614 2.0 0.167 0.178 0.040
0.0 0.0 0.0 1.0 0.0 0.0 0.0 0.0 0.0 0.0 0.432 0.364 0.568 0.418 2.0 0.139 0.178 1.000
0.0 1.0 0.0 0.0 0.0 0.0 0.0 0.0 0.0 0.0 0.409 0.386 0.591 0.441 1.0 0.097 0.110 1.000
0.0 1.0 0.0 0.0 0.0 0.0 0.0 0.0 0.0 0.0 0.432 0.523 0.523 0.523 1.0 0.097 0.178 0.040
0.0 0.0 0.0 1.0 0.0 0.0 0.0 0.0 0.0 0.0 0.432 0.455 0.455 0.455 2.0 0.125 0.247 0.040
0.0 0.0 0.0 1.0 0.0 0.0 0.0 0.0 0.0 0.0 0.432 0.364 0.568 0.418 2.0 0.139 0.247 1.000
1.0 0.0 0.0 0.0 0.0 0.0 0.0 0.0 0.0 0.0 0.432 0.364 0.568 0.418 1.0 0.139 0.205 1.000
0.0 1.0 0.0 0.0 0.0 0.0 0.0 0.0 0.0 0.0 0.432 0.364 0.568 0.418 1.0 0.111 0.205 1.000
0.0 1.0 0.0 0.0 0.0 0.0 0.0 0.0 0.0 0.0 0.455 0.341 0.545 0.395 2.0 0.111 0.219 1.000
1.0 0.0 0.0 0.0 0.0 0.0 0.0 0.0 0.0 0.0 0.432 0.364 0.568 0.418 1.0 0.111 0.205 1.000
1.0 0.0 0.0 0.0 0.0 0.0 0.0 0.0 0.0 0.0 0.432 0.455 0.455 0.455 1.0 0.139 0.205 0.040
1.0 0.0 0.0 0.0 0.0 0.0 0.0 0.0 0.0 0.0 0.432 0.500 0.500 0.500 1.0 0.139 0.205 0.040
0.0 0.0 0.0 1.0 0.0 0.0 0.0 0.0 0.0 0.0 0.409 0.523 0.523 0.523 2.0 0.167 0.178 0.040
0.0 0.0 1.0 0.0 0.0 0.0 0.0 0.0 0.0 0.0 0.477 0.455 0.455 0.455 2.0 0.153 0.233 0.040
0.0 0.0 1.0 0.0 0.0 0.0 0.0 0.0 0.0 0.0 0.455 0.500 0.500 0.500 2.0 0.139 0.219 0.040
0.0 1.0 0.0 0.0 0.0 0.0 0.0 0.0 0.0 0.0 0.432 0.455 0.455 0.455 2.0 0.097 0.288 0.040
0.0 0.0 0.0 1.0 0.0 0.0 0.0 0.0 0.0 0.0 0.409 0.477 0.477 0.477 2.0 0.111 0.274 0.040
0.0 1.0 0.0 0.0 0.0 0.0 0.0 0.0 0.0 0.0 0.409 0.477 0.477 0.477 1.0 0.097 0.260 0.040
0.0 0.0 0.0 1.0 0.0 0.0 0.0 0.0 0.0 0.0 0.409 0.386 0.591 0.441 2.0 0.139 0.274 1.000
0.0 1.0 0.0 0.0 0.0 0.0 0.0 0.0 0.0 0.0 0.409 0.386 0.591 0.441 1.0 0.097 0.260 1.000
0.0 0.0 0.0 1.0 0.0 0.0 0.0 0.0 0.0 0.0 0.455 0.432 0.432 0.432 2.0 0.125 0.247 0.040
0.0 0.0 0.0 1.0 0.0 0.0 0.0 0.0 0.0 0.0 0.455 0.341 0.545 0.395 2.0 0.181 0.247 1.000
0.0 1.0 0.0 0.0 0.0 0.0 0.0 0.0 0.0 0.0 0.409 0.591 0.591 0.591 1.0 0.111 0.178 0.040
0.0 1.0 0.0 0.0 0.0 0.0 0.0 0.0 0.0 0.0 0.455 0.341 0.545 0.395 1.0 0.125 0.178 1.000
0.0 1.0 0.0 0.0 0.0 0.0 0.0 0.0 0.0 0.0 0.455 0.341 0.545 0.395 1.0 0.097 0.205 1.000
0.0 0.0 0.0 1.0 0.0 0.0 0.0 0.0 0.0 0.0 0.455 0.341 0.545 0.395 2.0 0.125 0.315 1.000
0.0 1.0 0.0 0.0 0.0 0.0 0.0 0.0 0.0 0.0 0.455 0.341 0.545 0.395 2.0 0.097 0.219 1.000
0.0 0.0 0.0 1.0 0.0 0.0 0.0 0.0 0.0 0.0 0.455 0.341 0.545 0.395 2.0 0.125 0.274 1.000
0.0 0.0 0.0 1.0 0.0 0.0 0.0 0.0 0.0 0.0 0.455 0.432 0.432 0.432 2.0 0.125 0.219 0.040
0.0 1.0 0.0 0.0 0.0 0.0 0.0 0.0 0.0 0.0 0.455 0.432 0.432 0.432 1.0 0.097 0.205 0.040
0.0 1.0 0.0 0.0 0.0 0.0 0.0 0.0 0.0 0.0 0.500 0.295 0.500 0.350 2.0 0.111 0.247 1.000
0.0 0.0 0.0 1.0 0.0 0.0 0.0 0.0 0.0 0.0 0.477 0.318 0.523 0.373 2.0 0.111 0.233 1.000
0.0 1.0 0.0 0.0 0.0 0.0 0.0 0.0 0.0 0.0 0.477 0.318 0.523 0.373 1.0 0.097 0.219 1.000
0.0 0.0 0.0 1.0 0.0 0.0 0.0 0.0 0.0 0.0 0.432 0.455 0.455 0.455 2.0 0.125 0.274 0.040
0.0 0.0 0.0 1.0 0.0 0.0 0.0 0.0 0.0 0.0 0.432 0.364 0.568 0.418 2.0 0.139 0.274 1.000
0.0 1.0 0.0 0.0 0.0 0.0 0.0 0.0 0.0 0.0 0.477 0.409 0.409 0.409 1.0 0.097 0.247 0.040
0.0 1.0 0.0 0.0 0.0 0.0 0.0 0.0 0.0 0.0 0.455 0.477 0.477 0.477 1.0 0.097 0.205 0.040
0.0 0.0 0.0 1.0 0.0 0.0 0.0 0.0 0.0 0.0 0.455 0.477 0.477 0.477 2.0 0.139 0.329 0.040
0.0 1.0 0.0 0.0 0.0 0.0 0.0 0.0 0.0 0.0 0.432 0.500 0.500 0.500 1.0 0.111 0.178 0.040
0.0 0.0 0.0 1.0 0.0 0.0 0.0 0.0 0.0 0.0 0.432 0.500 0.500 0.500 2.0 0.153 0.233 0.040
0.0 1.0 0.0 0.0 0.0 0.0 0.0 0.0 0.0 0.0 0.500 0.432 0.432 0.432 1.0 0.111 0.233 0.040
0.0 1.0 0.0 0.0 0.0 0.0 0.0 0.0 0.0 0.0 0.477 0.477 0.477 0.477 1.0 0.111 0.219 0.040
0.0 0.0 0.0 1.0 0.0 0.0 0.0 0.0 0.0 0.0 0.477 0.318 0.523 0.373 2.0 0.125 0.315 1.000
0.0 1.0 0.0 0.0 0.0 0.0 0.0 0.0 0.0 0.0 0.477 0.318 0.523 0.373 1.0 0.097 0.178 1.000
0.0 0.0 0.0 1.0 0.0 0.0 0.0 0.0 0.0 0.0 0.477 0.318 0.523 0.373 2.0 0.125 0.233 1.000
0.0 0.0 0.0 1.0 0.0 0.0 0.0 0.0 0.0 0.0 0.477 0.318 0.523 0.373 2.0 0.125 0.288 1.000
0.0 0.0 0.0 1.0 0.0 0.0 0.0 0.0 0.0 0.0 0.477 0.409 0.409 0.409 2.0 0.125 0.219 0.040
0.0 0.0 0.0 1.0 0.0 0.0 0.0 0.0 0.0 0.0 0.500 0.295 0.500 0.350 2.0 0.139 0.233 1.000
0.0 1.0 0.0 0.0 0.0 0.0 0.0 0.0 0.0 0.0 0.477 0.409 0.409 0.409 2.0 0.083 0.301 0.040
0.0 0.0 0.0 1.0 0.0 0.0 0.0 0.0 0.0 0.0 0.455 0.432 0.432 0.432 2.0 0.111 0.288 0.040
0.0 0.0 0.0 1.0 0.0 0.0 0.0 0.0 0.0 0.0 0.455 0.341 0.545 0.395 2.0 0.181 0.274 1.000
0.0 1.0 0.0 0.0 0.0 0.0 0.0 0.0 0.0 0.0 0.477 0.318 0.523 0.390 1.0 0.500 0.247 0.760
1.0 0.0 0.0 0.0 0.0 0.0 0.0 0.0 0.0 0.0 0.477 0.318 0.523 0.405 1.0 0.306 0.247 0.600
0.0 0.0 0.0 1.0 0.0 0.0 0.0 0.0 0.0 0.0 0.477 0.455 0.455 0.455 2.0 0.153 0.329 0.040
0.0 0.0 0.0 1.0 0.0 0.0 0.0 0.0 0.0 0.0 0.455 0.477 0.477 0.477 2.0 0.139 0.233 0.040
0.0 0.0 0.0 1.0 0.0 0.0 0.0 0.0 0.0 0.0 0.500 0.295 0.500 0.350 2.0 0.125 0.315 1.000
0.0 0.0 0.0 1.0 0.0 0.0 0.0 0.0 0.0 0.0 0.500 0.295 0.500 0.350 2.0 0.139 0.233 1.000
0.0 0.0 0.0 1.0 0.0 0.0 0.0 0.0 0.0 0.0 0.500 0.295 0.500 0.350 2.0 0.153 0.288 1.000
0.0 0.0 0.0 1.0 0.0 0.0 0.0 0.0 0.0 0.0 0.500 0.386 0.386 0.386 2.0 0.125 0.219 0.040
0.0 0.0 0.0 1.0 0.0 0.0 0.0 0.0 0.0 0.0 0.523 0.273 0.477 0.327 2.0 0.167 0.247 1.000
0.0 1.0 0.0 0.0 0.0 0.0 0.0 0.0 0.0 0.0 0.500 0.386 0.386 0.386 1.0 0.111 0.301 0.040
0.0 0.0 0.0 1.0 0.0 0.0 0.0 0.0 0.0 0.0 0.500 0.432 0.432 0.432 2.0 0.167 0.329 0.040
0.0 0.0 0.0 1.0 0.0 0.0 0.0 0.0 0.0 0.0 0.477 0.455 0.455 0.455 2.0 0.167 0.233 0.040
0.0 1.0 0.0 0.0 0.0 0.0 0.0 0.0 0.0 0.0 0.523 0.273 0.477 0.327 1.0 0.111 0.315 1.000
0.0 0.0 0.0 1.0 0.0 0.0 0.0 0.0 0.0 0.0 0.523 0.273 0.477 0.327 2.0 0.153 0.233 1.000
0.0 0.0 0.0 1.0 0.0 0.0 0.0 0.0 0.0 0.0 0.523 0.273 0.477 0.327 2.0 0.222 0.315 1.000
0.0 1.0 0.0 0.0 0.0 0.0 0.0 0.0 0.0 0.0 0.523 0.364 0.364 0.364 1.0 0.097 0.219 0.040
0.0 1.0 0.0 0.0 0.0 0.0 0.0 0.0 0.0 0.0 0.477 0.318 0.523 0.396 1.0 0.444 0.274 0.680
1.0 0.0 0.0 0.0 0.0 0.0 0.0 0.0 0.0 0.0 0.477 0.318 0.523 0.397 1.0 0.361 0.274 0.680
0.0 1.0 0.0 0.0 0.0 0.0 0.0 0.0 0.0 0.0 0.523 0.409 0.409 0.409 1.0 0.111 0.329 0.040
0.0 1.0 0.0 0.0 0.0 0.0 0.0 0.0 0.0 0.0 0.500 0.432 0.432 0.432 2.0 0.111 0.247 0.040
0.0 0.0 0.0 1.0 0.0 0.0 0.0 0.0 0.0 0.0 0.545 0.250 0.455 0.305 2.0 0.208 0.342 1.000
0.0 0.0 0.0 1.0 0.0 0.0 0.0 0.0 0.0 0.0 0.545 0.250 0.455 0.305 2.0 0.222 0.260 1.000
0.0 1.0 0.0 0.0 0.0 0.0 0.0 0.0 0.0 0.0 0.545 0.250 0.455 0.324 1.0 0.472 0.247 0.720
1.0 0.0 0.0 0.0 0.0 0.0 0.0 0.0 0.0 0.0 0.545 0.250 0.455 0.332 1.0 0.333 0.247 0.640
0.0 0.0 1.0 0.0 0.0 0.0 0.0 0.0 0.0 0.0 0.500 0.295 0.500 0.397 2.0 0.833 0.452 0.520
0.0 0.0 1.0 0.0 0.0 0.0 0.0 0.0 0.0 0.0 0.500 0.295 0.500 0.395 2.0 0.639 0.452 0.520
0.0 0.0 1.0 0.0 0.0 0.0 0.0 0.0 0.0 0.0 0.500 0.295 0.500 0.385 2.0 0.861 0.452 0.600
0.0 0.0 1.0 0.0 0.0 0.0 0.0 0.0 0.0 0.0 0.500 0.295 0.500 0.413 2.0 0.375 0.452 0.440
1.0 0.0 0.0 0.0 0.0 0.0 0.0 0.0 0.0 0.0 0.545 0.250 0.455 0.305 1.0 0.139 0.315 1.000
1.0 0.0 0.0 0.0 0.0 0.0 0.0 0.0 0.0 0.0 0.545 0.341 0.341 0.341 1.0 0.139 0.315 0.040
1.0 0.0 0.0 0.0 0.0 0.0 0.0 0.0 0.0 0.0 0.568 0.227 0.432 0.282 1.0 0.139 0.342 1.000
1.0 0.0 0.0 0.0 0.0 0.0 0.0 0.0 0.0 0.0 0.568 0.318 0.318 0.318 1.0 0.139 0.342 0.040
1.0 0.0 0.0 0.0 0.0 0.0 0.0 0.0 0.0 0.0 0.568 0.227 0.432 0.282 1.0 0.139 0.260 1.000
1.0 0.0 0.0 0.0 0.0 0.0 0.0 0.0 0.0 0.0 0.568 0.318 0.318 0.318 1.0 0.139 0.260 0.040
0.0 0.0 0.0 1.0 0.0 0.0 0.0 0.0 0.0 0.0 0.568 0.318 0.318 0.318 2.0 0.125 0.329 0.040
0.0 1.0 0.0 0.0 0.0 0.0 0.0 0.0 0.0 0.0 0.568 0.318 0.318 0.318 1.0 0.097 0.315 0.040
0.0 0.0 0.0 1.0 0.0 0.0 0.0 0.0 0.0 0.0 0.568 0.227 0.432 0.282 2.0 0.139 0.329 1.000
0.0 1.0 0.0 0.0 0.0 0.0 0.0 0.0 0.0 0.0 0.568 0.227 0.432 0.282 1.0 0.097 0.315 1.000
0.0 0.0 0.0 1.0 0.0 0.0 0.0 0.0 0.0 0.0 0.591 0.295 0.295 0.295 2.0 0.125 0.370 0.040
0.0 1.0 0.0 0.0 0.0 0.0 0.0 0.0 0.0 0.0 0.591 0.295 0.295 0.295 1.0 0.097 0.342 0.040
0.0 0.0 0.0 1.0 0.0 0.0 0.0 0.0 0.0 0.0 0.591 0.205 0.409 0.259 2.0 0.139 0.370 1.000
0.0 1.0 0.0 0.0 0.0 0.0 0.0 0.0 0.0 0.0 0.591 0.205 0.409 0.259 1.0 0.097 0.342 1.000
0.0 0.0 0.0 1.0 0.0 0.0 0.0 0.0 0.0 0.0 0.591 0.295 0.295 0.295 2.0 0.125 0.288 0.040
0.0 1.0 0.0 0.0 0.0 0.0 0.0 0.0 0.0 0.0 0.591 0.295 0.295 0.295 1.0 0.097 0.260 0.040
0.0 0.0 0.0 1.0 0.0 0.0 0.0 0.0 0.0 0.0 0.591 0.205 0.409 0.259 2.0 0.139 0.274 1.000
0.0 1.0 0.0 0.0 0.0 0.0 0.0 0.0 0.0 0.0 0.591 0.205 0.409 0.259 1.0 0.097 0.260 1.000
0.0 0.0 0.0 1.0 0.0 0.0 0.0 0.0 0.0 0.0 0.591 0.295 0.295 0.295 2.0 0.125 0.329 0.040
0.0 0.0 0.0 1.0 0.0 0.0 0.0 0.0 0.0 0.0 0.591 0.205 0.409 0.259 2.0 0.139 0.329 1.000
0.0 0.0 0.0 1.0 0.0 0.0 0.0 0.0 0.0 0.0 0.614 0.273 0.273 0.273 2.0 0.125 0.370 0.040
0.0 0.0 0.0 1.0 0.0 0.0 0.0 0.0 0.0 0.0 0.614 0.182 0.386 0.236 2.0 0.139 0.370 1.000
0.0 0.0 0.0 1.0 0.0 0.0 0.0 0.0 0.0 0.0 0.614 0.273 0.273 0.273 2.0 0.125 0.274 0.040
0.0 0.0 0.0 1.0 0.0 0.0 0.0 0.0 0.0 0.0 0.614 0.182 0.386 0.236 2.0 0.139 0.274 1.000
0.0 0.0 0.0 1.0 0.0 0.0 0.0 0.0 0.0 0.0 0.614 0.273 0.273 0.273 2.0 0.125 0.329 0.040
0.0 0.0 0.0 1.0 0.0 0.0 0.0 0.0 0.0 0.0 0.614 0.182 0.386 0.236 2.0 0.181 0.329 1.000
0.0 0.0 0.0 1.0 0.0 0.0 0.0 0.0 0.0 0.0 0.636 0.250 0.250 0.250 2.0 0.125 0.370 0.040
0.0 0.0 0.0 1.0 0.0 0.0 0.0 0.0 0.0 0.0 0.636 0.159 0.364 0.214 2.0 0.194 0.370 1.000
0.0 0.0 0.0 1.0 0.0 0.0 0.0 0.0 0.0 0.0 0.636 0.250 0.250 0.250 2.0 0.125 0.288 0.040
0.0 0.0 0.0 1.0 0.0 0.0 0.0 0.0 0.0 0.0 0.636 0.159 0.364 0.214 2.0 0.194 0.274 1.000
0.0 1.0 0.0 0.0 0.0 0.0 0.0 0.0 0.0 0.0 0.636 0.250 0.250 0.250 2.0 0.125 0.342 0.040
0.0 1.0 0.0 0.0 0.0 0.0 0.0 0.0 0.0 0.0 0.659 0.227 0.227 0.227 2.0 0.139 0.384 0.040
0.0 1.0 0.0 0.0 0.0 0.0 0.0 0.0 0.0 0.0 0.659 0.227 0.227 0.227 1.0 0.125 0.288 0.040
0.0 1.0 0.0 0.0 0.0 0.0 0.0 0.0 0.0 0.0 0.636 0.159 0.364 0.247 2.0 0.389 0.342 0.600
1.0 0.0 0.0 0.0 0.0 0.0 0.0 0.0 0.0 0.0 0.636 0.159 0.364 0.230 1.0 0.417 0.329 0.760
0.0 1.0 0.0 0.0 0.0 0.0 0.0 0.0 0.0 0.0 0.659 0.136 0.341 0.233 1.0 0.333 0.370 0.480
0.0 0.0 1.0 0.0 0.0 0.0 0.0 0.0 0.0 0.0 0.659 0.136 0.341 0.201 2.0 0.486 0.384 0.840
0.0 1.0 0.0 0.0 0.0 0.0 0.0 0.0 0.0 0.0 0.659 0.136 0.341 0.232 1.0 0.361 0.274 0.560
0.0 0.0 1.0 0.0 0.0 0.0 0.0 0.0 0.0 0.0 0.659 0.136 0.341 0.202 2.0 0.458 0.301 0.800
0.0 0.0 0.0 1.0 0.0 0.0 0.0 0.0 0.0 0.0 0.705 0.182 0.182 0.182 4.0 0.292 0.863 0.040
0.0 0.0 1.0 0.0 0.0 0.0 0.0 0.0 0.0 0.0 0.682 0.205 0.205 0.205 4.0 0.236 0.616 0.040
0.0 0.0 1.0 0.0 0.0 0.0 0.0 0.0 0.0 0.0 0.545 0.341 0.341 0.341 2.0 0.153 0.384 0.040
1.0 0.0 0.0 0.0 0.0 0.0 0.0 0.0 0.0 0.0 0.682 0.114 0.318 0.205 1.0 0.375 0.384 0.520
1.0 0.0 0.0 0.0 0.0 0.0 0.0 0.0 0.0 0.0 0.682 0.114 0.318 0.196 1.0 0.528 0.384 0.640
1.0 0.0 0.0 0.0 0.0 0.0 0.0 0.0 0.0 0.0 0.682 0.114 0.318 0.208 1.0 0.375 0.301 0.560
1.0 0.0 0.0 0.0 0.0 0.0 0.0 0.0 0.0 0.0 0.682 0.114 0.318 0.196 1.0 0.458 0.301 0.560
0.0 0.0 1.0 0.0 0.0 0.0 0.0 0.0 0.0 0.0 0.659 0.136 0.341 0.240 2.0 0.722 0.466 0.440
0.0 0.0 1.0 0.0 0.0 0.0 0.0 0.0 0.0 0.0 0.659 0.136 0.341 0.246 2.0 0.528 0.466 0.480
0.0 0.0 1.0 0.0 0.0 0.0 0.0 0.0 0.0 0.0 0.659 0.136 0.341 0.226 2.0 0.833 0.452 0.600
0.0 0.0 1.0 0.0 0.0 0.0 0.0 0.0 0.0 0.0 0.659 0.136 0.341 0.236 2.0 0.611 0.452 0.520
0.0 0.0 1.0 0.0 0.0 0.0 0.0 0.0 0.0 0.0 0.727 0.159 0.159 0.159 4.0 0.167 0.877 0.040
0.0 0.0 1.0 0.0 0.0 0.0 0.0 0.0 0.0 0.0 0.682 0.205 0.205 0.205 2.0 0.125 0.384 0.040
0.0 0.0 1.0 0.0 0.0 0.0 0.0 0.0 0.0 0.0 0.682 0.114 0.318 0.210 2.0 0.528 0.384 0.480
0.0 0.0 1.0 0.0 0.0 0.0 0.0 0.0 0.0 0.0 0.682 0.205 0.205 0.205 2.0 0.125 0.301 0.040
0.0 0.0 1.0 0.0 0.0 0.0 0.0 0.0 0.0 0.0 0.682 0.114 0.318 0.209 2.0 0.597 0.301 0.560
0.0 0.0 0.0 1.0 0.0 0.0 0.0 0.0 0.0 0.0 0.727 0.159 0.273 0.210 4.0 0.639 0.849 0.320
0.0 0.0 1.0 0.0 0.0 0.0 0.0 0.0 0.0 0.0 0.705 0.182 0.295 0.233 2.0 0.306 0.534 0.320
0.0 0.0 0.0 1.0 0.0 0.0 0.0 0.0 0.0 0.0 0.727 0.159 0.273 0.210 4.0 0.639 0.863 0.320
0.0 0.0 1.0 0.0 0.0 0.0 0.0 0.0 0.0 0.0 0.705 0.182 0.295 0.233 2.0 0.306 0.534 0.320
0.0 0.0 0.0 1.0 0.0 0.0 0.0 0.0 0.0 0.0 0.727 0.159 0.273 0.210 4.0 0.583 0.863 0.320
0.0 0.0 1.0 0.0 0.0 0.0 0.0 0.0 0.0 0.0 0.705 0.182 0.295 0.233 2.0 0.306 0.534 0.320
0.0 0.0 0.0 1.0 0.0 0.0 0.0 0.0 0.0 0.0 0.727 0.159 0.273 0.210 4.0 0.611 0.863 0.320
0.0 0.0 1.0 0.0 0.0 0.0 0.0 0.0 0.0 0.0 0.705 0.182 0.295 0.233 2.0 0.306 0.534 0.320
0.0 0.0 0.0 1.0 0.0 0.0 0.0 0.0 0.0 0.0 0.727 0.159 0.273 0.213 4.0 0.556 0.849 0.320
0.0 0.0 1.0 0.0 0.0 0.0 0.0 0.0 0.0 0.0 0.705 0.182 0.295 0.236 2.0 0.458 0.534 0.320
0.0 0.0 0.0 1.0 0.0 0.0 0.0 0.0 0.0 0.0 0.727 0.159 0.273 0.213 4.0 0.639 0.849 0.320
0.0 0.0 1.0 0.0 0.0 0.0 0.0 0.0 0.0 0.0 0.705 0.182 0.295 0.236 2.0 0.472 0.534 0.320
0.0 0.0 0.0 1.0 0.0 0.0 0.0 0.0 0.0 0.0 0.727 0.159 0.273 0.213 4.0 0.611 0.849 0.320
0.0 0.0 1.0 0.0 0.0 0.0 0.0 0.0 0.0 0.0 0.705 0.182 0.295 0.236 2.0 0.472 0.534 0.320
0.0 1.0 0.0 0.0 0.0 0.0 0.0 0.0 0.0 0.0 0.750 0.068 0.068 0.068 2.0 0.153 0.863 0.040
0.0 0.0 1.0 0.0 0.0 0.0 0.0 0.0 0.0 0.0 0.727 0.091 0.091 0.091 4.0 0.625 0.849 0.040
0.0 0.0 1.0 0.0 0.0 0.0 0.0 0.0 0.0 0.0 0.705 0.114 0.114 0.114 2.0 0.292 0.534 0.040
0.0 0.0 1.0 0.0 0.0 0.0 0.0 0.0 0.0 0.0 0.727 0.068 0.068 0.068 4.0 0.653 0.863 0.040
0.0 0.0 1.0 0.0 0.0 0.0 0.0 0.0 0.0 0.0 0.705 0.091 0.091 0.091 2.0 0.306 0.534 0.040
0.0 0.0 1.0 0.0 0.0 0.0 0.0 0.0 0.0 0.0 0.727 0.068 0.068 0.068 4.0 0.597 0.863 0.040
0.0 0.0 1.0 0.0 0.0 0.0 0.0 0.0 0.0 0.0 0.705 0.091 0.091 0.091 2.0 0.306 0.534 0.040
0.0 0.0 1.0 0.0 0.0 0.0 0.0 0.0 0.0 0.0 0.727 0.068 0.068 0.068 4.0 0.625 0.863 0.040
0.0 0.0 1.0 0.0 0.0 0.0 0.0 0.0 0.0 0.0 0.705 0.091 0.091 0.091 2.0 0.306 0.534 0.040
0.0 0.0 1.0 0.0 0.0 0.0 0.0 0.0 0.0 0.0 0.727 0.068 0.068 0.068 4.0 0.556 0.849 0.040
0.0 0.0 1.0 0.0 0.0 0.0 0.0 0.0 0.0 0.0 0.705 0.091 0.091 0.091 2.0 0.458 0.534 0.040
0.0 0.0 1.0 0.0 0.0 0.0 0.0 0.0 0.0 0.0 0.727 0.068 0.068 0.068 4.0 0.583 0.849 0.040
0.0 0.0 1.0 0.0 0.0 0.0 0.0 0.0 0.0 0.0 0.705 0.091 0.091 0.091 2.0 0.472 0.534 0.040
0.0 0.0 1.0 0.0 0.0 0.0 0.0 0.0 0.0 0.0 0.727 0.068 0.068 0.068 4.0 0.556 0.849 0.040
0.0 0.0 1.0 0.0 0.0 0.0 0.0 0.0 0.0 0.0 0.705 0.091 0.091 0.091 2.0 0.472 0.534 0.040
0.0 0.0 0.0 1.0 0.0 0.0 0.0 0.0 0.0 0.0 0.727 0.159 0.273 0.210 4.0 0.639 0.849 0.320
0.0 0.0 1.0 0.0 0.0 0.0 0.0 0.0 0.0 0.0 0.705 0.182 0.295 0.233 2.0 0.486 0.534 0.320
0.0 0.0 0.0 1.0 0.0 0.0 0.0 0.0 0.0 0.0 0.727 0.159 0.273 0.210 4.0 0.583 0.849 0.320
0.0 0.0 1.0 0.0 0.0 0.0 0.0 0.0 0.0 0.0 0.705 0.182 0.295 0.233 2.0 0.458 0.534 0.320
0.0 0.0 0.0 1.0 0.0 0.0 0.0 0.0 0.0 0.0 0.727 0.159 0.273 0.210 4.0 0.681 0.849 0.320
0.0 0.0 1.0 0.0 0.0 0.0 0.0 0.0 0.0 0.0 0.705 0.182 0.295 0.233 2.0 0.458 0.534 0.320
0.0 0.0 0.0 1.0 0.0 0.0 0.0 0.0 0.0 0.0 0.750 0.136 0.250 0.188 4.0 0.611 0.877 0.320
0.0 1.0 0.0 0.0 0.0 0.0 0.0 0.0 0.0 0.0 0.727 0.159 0.273 0.210 2.0 0.139 0.548 0.320
0.0 0.0 1.0 0.0 0.0 0.0 0.0 0.0 0.0 0.0 0.705 0.182 0.295 0.233 2.0 0.403 0.534 0.320
0.0 1.0 0.0 0.0 0.0 0.0 0.0 0.0 0.0 0.0 0.750 0.136 0.250 0.190 2.0 0.153 0.877 0.320
0.0 0.0 0.0 1.0 0.0 0.0 0.0 0.0 0.0 0.0 0.727 0.159 0.273 0.213 4.0 0.542 0.863 0.320
0.0 0.0 1.0 0.0 0.0 0.0 0.0 0.0 0.0 0.0 0.705 0.182 0.295 0.236 2.0 0.444 0.534 0.320
0.0 0.0 0.0 1.0 0.0 0.0 0.0 0.0 0.0 0.0 0.727 0.159 0.273 0.213 4.0 0.583 0.849 0.320
0.0 0.0 1.0 0.0 0.0 0.0 0.0 0.0 0.0 0.0 0.705 0.182 0.295 0.236 2.0 0.403 0.534 0.320
0.0 0.0 0.0 1.0 0.0 0.0 0.0 0.0 0.0 0.0 0.727 0.159 0.273 0.213 4.0 0.583 0.849 0.320
0.0 0.0 1.0 0.0 0.0 0.0 0.0 0.0 0.0 0.0 0.705 0.182 0.295 0.236 2.0 0.403 0.534 0.320
0.0 0.0 0.0 1.0 0.0 0.0 0.0 0.0 0.0 0.0 0.727 0.159 0.273 0.213 4.0 0.611 0.849 0.320
0.0 0.0 1.0 0.0 0.0 0.0 0.0 0.0 0.0 0.0 0.705 0.182 0.295 0.236 2.0 0.403 0.534 0.320
0.0 0.0 0.0 1.0 0.0 0.0 0.0 0.0 0.0 0.0 0.727 0.159 0.273 0.213 4.0 0.556 0.863 0.320
0.0 0.0 1.0 0.0 0.0 0.0 0.0 0.0 0.0 0.0 0.705 0.182 0.295 0.236 2.0 0.403 0.534 0.320
0.0 0.0 0.0 1.0 0.0 0.0 0.0 0.0 0.0 0.0 0.727 0.159 0.159 0.159 4.0 0.514 0.849 0.040
0.0 0.0 1.0 0.0 0.0 0.0 0.0 0.0 0.0 0.0 0.705 0.182 0.182 0.182 2.0 0.444 0.534 0.040
0.0 0.0 0.0 1.0 0.0 0.0 0.0 0.0 0.0 0.0 0.727 0.159 0.159 0.159 4.0 0.514 0.849 0.040
0.0 0.0 1.0 0.0 0.0 0.0 0.0 0.0 0.0 0.0 0.705 0.182 0.182 0.182 2.0 0.389 0.534 0.040
0.0 0.0 0.0 1.0 0.0 0.0 0.0 0.0 0.0 0.0 0.727 0.159 0.159 0.159 4.0 0.569 0.836 0.040
0.0 0.0 1.0 0.0 0.0 0.0 0.0 0.0 0.0 0.0 0.705 0.182 0.182 0.182 2.0 0.514 0.534 0.040
0.0 0.0 0.0 1.0 0.0 0.0 0.0 0.0 0.0 0.0 0.727 0.159 0.159 0.159 4.0 0.542 0.849 0.040
0.0 0.0 1.0 0.0 0.0 0.0 0.0 0.0 0.0 0.0 0.705 0.182 0.182 0.182 2.0 0.514 0.534 0.040
0.0 0.0 0.0 1.0 0.0 0.0 0.0 0.0 0.0 0.0 0.750 0.136 0.136 0.136 4.0 0.472 0.863 0.040
0.0 1.0 0.0 0.0 0.0 0.0 0.0 0.0 0.0 0.0 0.727 0.159 0.159 0.159 2.0 0.125 0.548 0.040
0.0 0.0 1.0 0.0 0.0 0.0 0.0 0.0 0.0 0.0 0.705 0.182 0.182 0.182 2.0 0.472 0.534 0.040
0.0 0.0 0.0 1.0 0.0 0.0 0.0 0.0 0.0 0.0 0.727 0.159 0.159 0.159 4.0 0.486 0.849 0.040
0.0 0.0 1.0 0.0 0.0 0.0 0.0 0.0 0.0 0.0 0.705 0.182 0.182 0.182 2.0 0.514 0.534 0.040
0.0 0.0 0.0 1.0 0.0 0.0 0.0 0.0 0.0 0.0 0.727 0.159 0.159 0.159 4.0 0.542 0.849 0.040
0.0 0.0 1.0 0.0 0.0 0.0 0.0 0.0 0.0 0.0 0.705 0.182 0.182 0.182 2.0 0.347 0.534 0.040
0.0 0.0 0.0 1.0 0.0 0.0 0.0 0.0 0.0 0.0 0.727 0.159 0.159 0.159 4.0 0.542 0.849 0.040
0.0 0.0 1.0 0.0 0.0 0.0 0.0 0.0 0.0 0.0 0.705 0.182 0.182 0.182 2.0 0.375 0.534 0.040
0.0 0.0 1.0 0.0 0.0 0.0 0.0 0.0 0.0 0.0 0.727 0.091 0.091 0.091 4.0 0.653 0.849 0.040
0.0 0.0 1.0 0.0 0.0 0.0 0.0 0.0 0.0 0.0 0.705 0.114 0.114 0.114 2.0 0.486 0.534 0.040
0.0 0.0 1.0 0.0 0.0 0.0 0.0 0.0 0.0 0.0 0.727 0.068 0.068 0.068 4.0 0.597 0.849 0.040
0.0 0.0 1.0 0.0 0.0 0.0 0.0 0.0 0.0 0.0 0.705 0.091 0.091 0.091 2.0 0.458 0.534 0.040
0.0 0.0 1.0 0.0 0.0 0.0 0.0 0.0 0.0 0.0 0.727 0.068 0.068 0.068 4.0 0.625 0.849 0.040
0.0 0.0 1.0 0.0 0.0 0.0 0.0 0.0 0.0 0.0 0.705 0.091 0.091 0.091 2.0 0.458 0.534 0.040
0.0 0.0 1.0 0.0 0.0 0.0 0.0 0.0 0.0 0.0 0.727 0.068 0.068 0.068 4.0 0.569 0.863 0.040
0.0 0.0 1.0 0.0 0.0 0.0 0.0 0.0 0.0 0.0 0.705 0.091 0.091 0.091 2.0 0.458 0.534 0.040
0.0 0.0 1.0 0.0 0.0 0.0 0.0 0.0 0.0 0.0 0.750 0.068 0.068 0.068 4.0 0.556 0.877 0.040
0.0 1.0 0.0 0.0 0.0 0.0 0.0 0.0 0.0 0.0 0.727 0.091 0.091 0.091 2.0 0.139 0.548 0.040
0.0 0.0 1.0 0.0 0.0 0.0 0.0 0.0 0.0 0.0 0.705 0.114 0.114 0.114 2.0 0.403 0.534 0.040
0.0 0.0 1.0 0.0 0.0 0.0 0.0 0.0 0.0 0.0 0.727 0.068 0.068 0.068 4.0 0.597 0.849 0.040
0.0 0.0 1.0 0.0 0.0 0.0 0.0 0.0 0.0 0.0 0.705 0.091 0.091 0.091 2.0 0.403 0.534 0.040
0.0 0.0 1.0 0.0 0.0 0.0 0.0 0.0 0.0 0.0 0.727 0.068 0.068 0.068 4.0 0.597 0.849 0.040
0.0 0.0 1.0 0.0 0.0 0.0 0.0 0.0 0.0 0.0 0.705 0.091 0.091 0.091 2.0 0.403 0.534 0.040
0.0 0.0 1.0 0.0 0.0 0.0 0.0 0.0 0.0 0.0 0.727 0.068 0.068 0.068 4.0 0.625 0.849 0.040
0.0 0.0 1.0 0.0 0.0 0.0 0.0 0.0 0.0 0.0 0.705 0.091 0.091 0.091 2.0 0.403 0.534 0.040
0.0 0.0 1.0 0.0 0.0 0.0 0.0 0.0 0.0 0.0 0.727 0.068 0.068 0.068 4.0 0.569 0.863 0.040
0.0 0.0 1.0 0.0 0.0 0.0 0.0 0.0 0.0 0.0 0.705 0.091 0.091 0.091 2.0 0.403 0.534 0.040
0.0 0.0 0.0 1.0 0.0 0.0 0.0 0.0 0.0 0.0 0.773 0.045 0.045 0.045 2.0 0.111 0.863 0.040
0.0 1.0 0.0 0.0 0.0 0.0 0.0 0.0 0.0 0.0 0.773 0.045 0.045 0.045 1.0 0.097 0.863 0.040
0.0 0.0 0.0 1.0 0.0 0.0 0.0 0.0 0.0 0.0 0.750 0.045 0.045 0.045 2.0 0.153 0.877 0.040
0.0 1.0 0.0 0.0 0.0 0.0 0.0 0.0 0.0 0.0 0.750 0.045 0.045 0.045 1.0 0.139 0.863 0.040
0.0 0.0 0.0 1.0 0.0 0.0 0.0 0.0 0.0 0.0 0.750 0.045 0.045 0.045 2.0 0.153 0.863 0.040
0.0 1.0 0.0 0.0 0.0 0.0 0.0 0.0 0.0 0.0 0.750 0.045 0.045 0.045 1.0 0.139 0.863 0.040
0.0 0.0 0.0 1.0 0.0 0.0 0.0 0.0 0.0 0.0 0.750 0.045 0.045 0.045 2.0 0.153 0.863 0.040
0.0 1.0 0.0 0.0 0.0 0.0 0.0 0.0 0.0 0.0 0.750 0.045 0.045 0.045 1.0 0.139 0.863 0.040
0.0 0.0 0.0 1.0 0.0 0.0 0.0 0.0 0.0 0.0 0.750 0.045 0.045 0.045 2.0 0.153 0.849 0.040
0.0 1.0 0.0 0.0 0.0 0.0 0.0 0.0 0.0 0.0 0.750 0.045 0.045 0.045 1.0 0.139 0.849 0.040
0.0 0.0 0.0 1.0 0.0 0.0 0.0 0.0 0.0 0.0 0.750 0.045 0.045 0.045 2.0 0.153 0.849 0.040
0.0 1.0 0.0 0.0 0.0 0.0 0.0 0.0 0.0 0.0 0.750 0.045 0.045 0.045 1.0 0.139 0.849 0.040
0.0 0.0 0.0 1.0 0.0 0.0 0.0 0.0 0.0 0.0 0.750 0.045 0.045 0.045 2.0 0.153 0.849 0.040
0.0 1.0 0.0 0.0 0.0 0.0 0.0 0.0 0.0 0.0 0.750 0.045 0.045 0.045 1.0 0.139 0.849 0.040
0.0 1.0 0.0 0.0 0.0 0.0 0.0 0.0 0.0 0.0 0.818 0.068 0.068 0.068 2.0 0.139 0.877 0.040
0.0 0.0 1.0 0.0 0.0 0.0 0.0 0.0 0.0 0.0 0.795 0.091 0.091 0.091 4.0 0.250 0.863 0.040
0.0 0.0 1.0 0.0 0.0 0.0 0.0 0.0 0.0 0.0 0.773 0.114 0.114 0.114 4.0 0.292 0.863 0.040
0.0 0.0 1.0 0.0 0.0 0.0 0.0 0.0 0.0 0.0 0.750 0.136 0.136 0.136 2.0 0.181 0.849 0.040
0.0 0.0 0.0 1.0 0.0 0.0 0.0 0.0 0.0 0.0 0.795 0.023 0.023 0.023 2.0 0.097 0.863 0.040
0.0 0.0 0.0 1.0 0.0 0.0 0.0 0.0 0.0 0.0 0.773 0.023 0.023 0.023 2.0 0.097 0.863 0.040
0.0 0.0 0.0 1.0 0.0 0.0 0.0 0.0 0.0 0.0 0.773 0.023 0.023 0.023 2.0 0.097 0.863 0.040
0.0 0.0 0.0 1.0 0.0 0.0 0.0 0.0 0.0 0.0 0.773 0.023 0.023 0.023 2.0 0.097 0.863 0.040
0.0 0.0 0.0 1.0 0.0 0.0 0.0 0.0 0.0 0.0 0.750 0.068 0.068 0.068 2.0 0.153 0.849 0.040
0.0 1.0 0.0 0.0 0.0 0.0 0.0 0.0 0.0 0.0 0.750 0.068 0.068 0.068 1.0 0.139 0.849 0.040
0.0 0.0 0.0 1.0 0.0 0.0 0.0 0.0 0.0 0.0 0.750 0.045 0.045 0.045 2.0 0.153 0.863 0.040
0.0 1.0 0.0 0.0 0.0 0.0 0.0 0.0 0.0 0.0 0.750 0.045 0.045 0.045 1.0 0.139 0.849 0.040
0.0 0.0 0.0 1.0 0.0 0.0 0.0 0.0 0.0 0.0 0.750 0.045 0.045 0.045 2.0 0.153 0.863 0.040
0.0 1.0 0.0 0.0 0.0 0.0 0.0 0.0 0.0 0.0 0.750 0.045 0.045 0.045 1.0 0.139 0.849 0.040
0.0 0.0 0.0 1.0 0.0 0.0 0.0 0.0 0.0 0.0 0.750 0.045 0.045 0.045 2.0 0.153 0.863 0.040
0.0 1.0 0.0 0.0 0.0 0.0 0.0 0.0 0.0 0.0 0.750 0.045 0.045 0.045 1.0 0.139 0.863 0.040
0.0 0.0 0.0 1.0 0.0 0.0 0.0 0.0 0.0 0.0 0.773 0.045 0.045 0.045 2.0 0.153 0.890 0.040
0.0 1.0 0.0 0.0 0.0 0.0 0.0 0.0 0.0 0.0 0.773 0.045 0.045 0.045 2.0 0.139 0.890 0.040
0.0 0.0 0.0 1.0 0.0 0.0 0.0 0.0 0.0 0.0 0.773 0.023 0.023 0.023 2.0 0.097 0.849 0.040
0.0 0.0 0.0 1.0 0.0 0.0 0.0 0.0 0.0 0.0 0.750 0.045 0.045 0.045 2.0 0.153 0.849 0.040
0.0 1.0 0.0 0.0 0.0 0.0 0.0 0.0 0.0 0.0 0.750 0.045 0.045 0.045 1.0 0.139 0.849 0.040
0.0 0.0 0.0 1.0 0.0 0.0 0.0 0.0 0.0 0.0 0.750 0.045 0.045 0.045 2.0 0.153 0.849 0.040
0.0 1.0 0.0 0.0 0.0 0.0 0.0 0.0 0.0 0.0 0.750 0.045 0.045 0.045 1.0 0.139 0.849 0.040
0.0 0.0 0.0 1.0 0.0 0.0 0.0 0.0 0.0 0.0 0.750 0.045 0.045 0.045 2.0 0.153 0.849 0.040
0.0 1.0 0.0 0.0 0.0 0.0 0.0 0.0 0.0 0.0 0.750 0.045 0.045 0.045 1.0 0.139 0.849 0.040
0.0 0.0 0.0 1.0 0.0 0.0 0.0 0.0 0.0 0.0 0.750 0.045 0.045 0.045 2.0 0.153 0.863 0.040
0.0 1.0 0.0 0.0 0.0 0.0 0.0 0.0 0.0 0.0 0.750 0.045 0.045 0.045 2.0 0.139 0.877 0.040
0.0 0.0 0.0 1.0 0.0 0.0 0.0 0.0 0.0 0.0 0.773 0.023 0.023 0.023 2.0 0.097 0.849 0.040
0.0 0.0 0.0 1.0 0.0 0.0 0.0 0.0 0.0 0.0 0.773 0.023 0.023 0.023 2.0 0.097 0.849 0.040
0.0 0.0 0.0 1.0 0.0 0.0 0.0 0.0 0.0 0.0 0.773 0.159 0.159 0.159 4.0 0.319 0.877 0.040
0.0 0.0 1.0 0.0 0.0 0.0 0.0 0.0 0.0 0.0 0.750 0.182 0.182 0.182 4.0 0.306 0.863 0.040
0.0 0.0 1.0 0.0 0.0 0.0 0.0 0.0 0.0 0.0 0.750 0.182 0.182 0.182 2.0 0.222 0.863 0.040
0.0 0.0 0.0 1.0 0.0 0.0 0.0 0.0 0.0 0.0 0.795 0.159 0.159 0.159 4.0 0.319 0.877 0.040
0.0 0.0 1.0 0.0 0.0 0.0 0.0 0.0 0.0 0.0 0.750 0.205 0.205 0.205 4.0 0.306 0.863 0.040
0.0 0.0 1.0 0.0 0.0 0.0 0.0 0.0 0.0 0.0 0.773 0.182 0.182 0.182 2.0 0.194 0.877 0.040
0.0 0.0 1.0 0.0 0.0 0.0 0.0 0.0 0.0 0.0 0.773 0.114 0.227 0.166 4.0 0.417 0.877 0.280
0.0 0.0 1.0 0.0 0.0 0.0 0.0 0.0 0.0 0.0 0.750 0.136 0.250 0.188 4.0 0.319 0.863 0.280
0.0 0.0 1.0 0.0 0.0 0.0 0.0 0.0 0.0 0.0 0.750 0.136 0.250 0.188 2.0 0.236 0.863 0.280
0.0 0.0 1.0 0.0 0.0 0.0 0.0 0.0 0.0 0.0 0.795 0.091 0.205 0.143 4.0 0.417 0.877 0.280
0.0 0.0 1.0 0.0 0.0 0.0 0.0 0.0 0.0 0.0 0.750 0.136 0.250 0.188 4.0 0.319 0.863 0.280
0.0 0.0 1.0 0.0 0.0 0.0 0.0 0.0 0.0 0.0 0.773 0.114 0.227 0.166 2.0 0.208 0.877 0.280
0.0 0.0 0.0 1.0 0.0 0.0 0.0 0.0 0.0 1.0 0.818 0.000 0.000 0.000 2.0 0.097 0.863 0.040
0.0 0.0 0.0 1.0 0.0 0.0 0.0 0.0 0.0 1.0 0.795 0.000 0.000 0.000 2.0 0.097 0.877 0.040
0.0 0.0 0.0 1.0 0.0 0.0 0.0 0.0 0.0 1.0 0.795 0.000 0.000 0.000 2.0 0.097 0.863 0.040
0.0 0.0 0.0 1.0 0.0 0.0 0.0 0.0 0.0 1.0 0.795 0.000 0.000 0.000 2.0 0.097 0.863 0.040
0.0 1.0 0.0 0.0 0.0 0.0 0.0 0.0 0.0 0.0 0.795 0.023 0.023 0.023 2.0 0.083 0.863 0.040
0.0 0.0 0.0 1.0 0.0 0.0 0.0 0.0 0.0 0.0 0.773 0.045 0.045 0.045 2.0 0.097 0.849 0.040
0.0 0.0 0.0 1.0 0.0 0.0 0.0 0.0 0.0 0.0 0.773 0.023 0.023 0.023 2.0 0.097 0.849 0.040
0.0 0.0 0.0 1.0 0.0 0.0 0.0 0.0 0.0 0.0 0.773 0.023 0.023 0.023 2.0 0.097 0.849 0.040
0.0 0.0 0.0 1.0 0.0 0.0 0.0 0.0 0.0 0.0 0.773 0.023 0.023 0.023 2.0 0.097 0.863 0.040
0.0 0.0 0.0 1.0 0.0 0.0 0.0 0.0 0.0 0.0 0.795 0.023 0.023 0.023 2.0 0.097 0.890 0.040
0.0 0.0 0.0 1.0 0.0 0.0 0.0 0.0 0.0 1.0 0.795 0.000 0.000 0.000 2.0 0.097 0.849 0.040
0.0 0.0 0.0 1.0 0.0 0.0 0.0 0.0 0.0 0.0 0.773 0.023 0.023 0.023 2.0 0.097 0.849 0.040
0.0 0.0 0.0 1.0 0.0 0.0 0.0 0.0 0.0 0.0 0.773 0.023 0.023 0.023 2.0 0.097 0.849 0.040
0.0 0.0 0.0 1.0 0.0 0.0 0.0 0.0 0.0 0.0 0.773 0.023 0.023 0.023 2.0 0.097 0.849 0.040
0.0 0.0 0.0 1.0 0.0 0.0 0.0 0.0 0.0 0.0 0.773 0.023 0.023 0.023 2.0 0.097 0.877 0.040
0.0 0.0 0.0 1.0 0.0 0.0 0.0 0.0 0.0 1.0 0.795 0.000 0.000 0.000 2.0 0.097 0.849 0.040
0.0 0.0 0.0 1.0 0.0 0.0 0.0 0.0 0.0 1.0 0.795 0.000 0.000 0.000 2.0 0.097 0.849 0.040
0.0 0.0 1.0 0.0 0.0 0.0 0.0 0.0 0.0 0.0 0.795 0.136 0.136 0.136 2.0 0.167 0.877 0.040
0.0 0.0 1.0 0.0 0.0 0.0 0.0 0.0 0.0 0.0 0.818 0.136 0.136 0.136 2.0 0.167 0.877 0.040
0.0 0.0 0.0 1.0 0.0 0.0 0.0 0.0 0.0 1.0 0.818 0.000 0.000 0.000 2.0 0.083 0.863 0.040
0.0 0.0 0.0 1.0 0.0 0.0 0.0 0.0 0.0 1.0 0.795 0.000 0.000 0.000 2.0 0.097 0.863 0.040
0.0 0.0 0.0 1.0 0.0 0.0 0.0 0.0 0.0 1.0 0.795 0.000 0.000 0.000 2.0 0.097 0.863 0.040
0.0 0.0 0.0 1.0 0.0 0.0 0.0 0.0 0.0 1.0 0.795 0.000 0.000 0.000 2.0 0.097 0.863 0.040
0.0 0.0 0.0 1.0 0.0 0.0 0.0 0.0 0.0 1.0 0.818 0.000 0.000 0.000 2.0 0.097 0.904 0.040
0.0 0.0 0.0 1.0 0.0 0.0 0.0 0.0 0.0 1.0 0.795 0.000 0.000 0.000 2.0 0.097 0.849 0.040
0.0 0.0 0.0 1.0 0.0 0.0 0.0 0.0 0.0 1.0 0.795 0.000 0.000 0.000 2.0 0.097 0.849 0.040
0.0 0.0 0.0 1.0 0.0 0.0 0.0 0.0 0.0 1.0 0.795 0.000 0.000 0.000 2.0 0.097 0.849 0.040
0.0 0.0 0.0 1.0 0.0 0.0 0.0 0.0 0.0 1.0 0.795 0.000 0.000 0.000 2.0 0.097 0.877 0.040
0.0 0.0 1.0 0.0 0.0 0.0 0.0 0.0 0.0 0.0 0.841 0.045 0.045 0.045 3.0 0.250 0.932 0.040
0.0 0.0 0.0 1.0 0.0 0.0 0.0 0.0 0.0 0.0 0.818 0.114 0.182 0.129 2.0 0.458 0.904 0.240
0.0 0.0 1.0 0.0 0.0 0.0 0.0 0.0 1.0 0.0 0.864 0.023 0.023 0.023 4.0 0.208 1.000 0.040
0.0 0.0 0.0 1.0 0.0 0.0 0.0 0.0 0.0 0.0 0.818 0.114 0.114 0.114 2.0 0.153 0.904 0.040
0.0 1.0 0.0 0.0 0.0 0.0 0.0 0.0 0.0 0.0 0.818 0.114 0.114 0.114 1.0 0.111 0.877 0.040
0.0 0.0 0.0 1.0 0.0 0.0 0.0 0.0 0.0 0.0 0.841 0.114 0.114 0.114 2.0 0.153 0.932 0.040
0.0 1.0 0.0 0.0 0.0 0.0 0.0 0.0 0.0 0.0 0.841 0.114 0.114 0.114 1.0 0.111 0.877 0.040
0.0 0.0 0.0 0.0 0.0 1.0 0.0 0.0 0.0 1.0 0.886 0.000 0.000 0.000 2.0 0.097 1.000 0.040
0.0 0.0 1.0 0.0 0.0 0.0 0.0 0.0 0.0 0.0 0.841 0.091 0.091 0.091 3.0 0.236 0.904 0.040
0.0 0.0 1.0 0.0 0.0 0.0 0.0 0.0 1.0 0.0 0.841 0.091 0.091 0.091 3.0 0.208 0.904 0.040
0.0 0.0 1.0 0.0 0.0 0.0 0.0 0.0 1.0 0.0 0.841 0.091 0.091 0.091 3.0 0.208 0.904 0.040
0.0 0.0 1.0 0.0 0.0 0.0 0.0 0.0 1.0 0.0 0.841 0.091 0.091 0.091 3.0 0.208 0.904 0.040
0.0 0.0 1.0 0.0 0.0 0.0 0.0 0.0 0.0 0.0 0.841 0.114 0.114 0.114 3.0 0.236 0.918 0.040
0.0 0.0 0.0 1.0 0.0 0.0 0.0 0.0 0.0 0.0 0.841 0.091 0.091 0.091 2.0 0.153 0.904 0.040
0.0 0.0 0.0 1.0 0.0 0.0 0.0 0.0 0.0 0.0 0.864 0.091 0.091 0.091 2.0 0.153 0.932 0.040
0.0 0.0 1.0 0.0 0.0 0.0 0.0 0.0 1.0 0.0 0.841 0.159 0.159 0.159 3.0 0.208 0.904 0.040
0.0 0.0 0.0 1.0 0.0 0.0 0.0 0.0 0.0 0.0 0.864 0.068 0.068 0.068 2.0 0.167 0.904 0.040
0.0 0.0 0.0 1.0 0.0 0.0 0.0 0.0 0.0 0.0 0.886 0.068 0.068 0.068 2.0 0.167 0.932 0.040
0.0 0.0 0.0 1.0 0.0 0.0 0.0 0.0 0.0 0.0 0.864 0.068 0.068 0.068 2.0 0.153 0.932 0.040
0.0 0.0 0.0 1.0 0.0 0.0 0.0 0.0 0.0 0.0 0.864 0.068 0.068 0.068 2.0 0.139 0.932 0.040
0.0 0.0 0.0 1.0 0.0 0.0 0.0 0.0 0.0 0.0 0.864 0.068 0.068 0.068 2.0 0.139 0.904 0.040
0.0 0.0 0.0 1.0 0.0 0.0 0.0 0.0 0.0 0.0 0.864 0.068 0.068 0.068 2.0 0.139 0.918 0.040
0.0 0.0 0.0 1.0 0.0 0.0 0.0 0.0 0.0 0.0 0.864 0.091 0.091 0.091 2.0 0.153 0.918 0.040
0.0 1.0 0.0 0.0 0.0 0.0 0.0 0.0 0.0 0.0 0.864 0.068 0.068 0.068 1.0 0.125 0.904 0.040
0.0 1.0 0.0 0.0 0.0 0.0 0.0 0.0 0.0 0.0 0.864 0.068 0.068 0.068 1.0 0.111 0.904 0.040
0.0 1.0 0.0 0.0 0.0 0.0 0.0 0.0 0.0 0.0 0.864 0.068 0.068 0.068 2.0 0.111 0.918 0.040
0.0 1.0 0.0 0.0 0.0 0.0 0.0 0.0 0.0 0.0 0.864 0.068 0.068 0.068 1.0 0.111 0.904 0.040
0.0 1.0 0.0 0.0 0.0 0.0 0.0 0.0 0.0 0.0 0.864 0.091 0.091 0.091 1.0 0.125 0.918 0.040
0.0 1.0 0.0 0.0 0.0 0.0 0.0 0.0 0.0 0.0 0.864 0.136 0.136 0.136 1.0 0.111 0.904 0.040
0.0 0.0 0.0 1.0 0.0 0.0 0.0 0.0 0.0 0.0 0.864 0.136 0.136 0.136 2.0 0.153 0.904 0.040
0.0 0.0 0.0 1.0 0.0 0.0 0.0 0.0 0.0 0.0 0.886 0.045 0.045 0.045 2.0 0.139 0.932 0.040
0.0 0.0 0.0 1.0 0.0 0.0 0.0 0.0 0.0 0.0 0.886 0.045 0.045 0.045 2.0 0.139 0.918 0.040
0.0 0.0 0.0 1.0 0.0 0.0 0.0 0.0 0.0 0.0 0.886 0.045 0.045 0.045 2.0 0.125 0.918 0.040
0.0 0.0 0.0 1.0 0.0 0.0 0.0 0.0 0.0 0.0 0.886 0.045 0.045 0.045 2.0 0.125 0.904 0.040
0.0 0.0 0.0 1.0 0.0 0.0 0.0 0.0 0.0 0.0 0.886 0.068 0.068 0.068 2.0 0.125 0.918 0.040
0.0 0.0 0.0 1.0 0.0 0.0 0.0 0.0 0.0 0.0 0.886 0.045 0.045 0.045 2.0 0.125 0.904 0.040
0.0 1.0 0.0 0.0 0.0 0.0 0.0 0.0 0.0 0.0 0.886 0.045 0.045 0.045 1.0 0.111 0.904 0.040
0.0 0.0 0.0 1.0 0.0 0.0 0.0 0.0 0.0 0.0 0.909 0.045 0.045 0.045 2.0 0.125 0.932 0.040
0.0 1.0 0.0 0.0 0.0 0.0 0.0 0.0 0.0 0.0 0.909 0.045 0.045 0.045 1.0 0.111 0.932 0.040
0.0 0.0 0.0 1.0 0.0 0.0 0.0 0.0 0.0 0.0 0.886 0.114 0.114 0.114 2.0 0.153 0.904 0.040
0.0 0.0 0.0 1.0 0.0 0.0 0.0 0.0 0.0 0.0 0.909 0.023 0.023 0.023 2.0 0.125 0.932 0.040
0.0 0.0 0.0 1.0 0.0 0.0 0.0 0.0 0.0 0.0 0.909 0.023 0.023 0.023 2.0 0.125 0.932 0.040
0.0 0.0 0.0 1.0 0.0 0.0 0.0 0.0 0.0 0.0 0.909 0.023 0.023 0.023 2.0 0.125 0.918 0.040
0.0 0.0 0.0 1.0 0.0 0.0 0.0 0.0 0.0 0.0 0.909 0.023 0.023 0.023 2.0 0.125 0.918 0.040
0.0 1.0 0.0 0.0 0.0 0.0 0.0 0.0 0.0 0.0 0.932 0.023 0.023 0.023 2.0 0.083 0.932 0.040
0.0 0.0 0.0 1.0 0.0 0.0 0.0 0.0 0.0 0.0 0.909 0.045 0.045 0.045 2.0 0.125 0.918 0.040
0.0 0.0 0.0 1.0 0.0 0.0 0.0 0.0 0.0 0.0 0.909 0.023 0.023 0.023 2.0 0.125 0.904 0.040
0.0 0.0 0.0 1.0 0.0 0.0 0.0 0.0 0.0 0.0 0.932 0.023 0.023 0.023 2.0 0.125 0.932 0.040
0.0 0.0 0.0 1.0 0.0 0.0 0.0 0.0 0.0 0.0 0.909 0.091 0.091 0.091 2.0 0.167 0.904 0.040
0.0 0.0 1.0 0.0 0.0 0.0 0.0 0.0 0.0 1.0 0.932 0.000 0.000 0.000 2.0 0.097 0.932 0.040
0.0 0.0 1.0 0.0 0.0 0.0 0.0 0.0 0.0 1.0 0.932 0.000 0.000 0.000 2.0 0.083 0.945 0.040
0.0 0.0 1.0 0.0 0.0 0.0 0.0 0.0 0.0 1.0 0.932 0.000 0.000 0.000 2.0 0.097 0.918 0.040
0.0 0.0 1.0 0.0 0.0 0.0 0.0 0.0 0.0 1.0 0.932 0.000 0.000 0.000 2.0 0.097 0.918 0.040
0.0 0.0 1.0 0.0 0.0 0.0 0.0 0.0 0.0 1.0 0.955 0.000 0.000 0.000 2.0 0.083 0.932 0.040
0.0 0.0 0.0 1.0 0.0 0.0 0.0 0.0 0.0 1.0 0.932 0.000 0.000 0.000 2.0 0.097 0.904 0.040
0.0 0.0 0.0 1.0 0.0 0.0 0.0 0.0 0.0 1.0 0.955 0.000 0.000 0.000 2.0 0.097 0.932 0.040
0.0 0.0 0.0 1.0 0.0 0.0 0.0 0.0 0.0 0.0 0.932 0.068 0.068 0.068 2.0 0.139 0.904 0.040
0.0 1.0 0.0 0.0 0.0 0.0 0.0 0.0 0.0 0.0 0.932 0.068 0.068 0.068 1.0 0.111 0.904 0.040
0.0 0.0 0.0 1.0 0.0 0.0 0.0 0.0 0.0 0.0 0.955 0.045 0.045 0.045 2.0 0.139 0.904 0.040
0.0 0.0 0.0 1.0 0.0 0.0 0.0 0.0 0.0 0.0 0.977 0.023 0.023 0.023 2.0 0.125 0.904 0.040
0.0 0.0 1.0 0.0 0.0 0.0 0.0 0.0 0.0 1.0 1.000 0.000 0.000 0.000 2.0 0.097 0.904 0.040
