0.0 1.0 0.0 0.0 0.0 0.0 0.0 0.0 1.0 0.0 0.022 0.739 0.978 0.827 1.0 0.139 0.014 1.000
0.0 1.0 0.0 0.0 0.0 0.0 0.0 0.0 1.0 0.0 0.022 0.739 0.978 0.827 1.0 0.097 0.014 1.000
0.0 1.0 0.0 0.0 0.0 0.0 0.0 0.0 1.0 0.0 0.022 0.739 0.978 0.827 1.0 0.139 0.014 1.000
0.0 1.0 0.0 0.0 0.0 0.0 0.0 0.0 1.0 0.0 0.022 0.739 0.978 0.827 1.0 0.181 0.014 1.000
0.0 1.0 0.0 0.0 0.0 0.0 0.0 0.0 1.0 0.0 0.022 0.739 0.978 0.827 1.0 0.097 0.014 1.000
0.0 1.0 0.0 0.0 0.0 0.0 0.0 0.0 1.0 0.0 0.022 0.739 0.978 0.827 1.0 0.097 0.014 1.000
0.0 1.0 0.0 0.0 0.0 0.0 0.0 0.0 1.0 0.0 0.022 0.739 0.978 0.827 2.0 0.069 0.029 1.000
0.0 1.0 0.0 0.0 0.0 0.0 0.0 0.0 0.0 0.0 0.043 0.717 0.957 0.805 1.0 0.153 0.029 1.000
0.0 1.0 0.0 0.0 0.0 0.0 0.0 0.0 1.0 0.0 0.022 0.739 0.978 0.827 1.0 0.139 0.014 1.000
0.0 1.0 0.0 0.0 0.0 0.0 0.0 0.0 1.0 0.0 0.022 0.739 0.978 0.827 2.0 0.083 0.029 1.000
0.0 1.0 0.0 0.0 0.0 0.0 0.0 0.0 0.0 0.0 0.043 0.717 0.957 0.805 1.0 0.194 0.029 1.000
0.0 1.0 0.0 0.0 0.0 0.0 0.0 0.0 1.0 0.0 0.022 0.739 0.978 0.827 1.0 0.139 0.014 1.000
0.0 1.0 0.0 0.0 0.0 0.0 0.0 0.0 1.0 0.0 0.022 0.739 0.978 0.827 1.0 0.097 0.014 1.000
0.0 1.0 0.0 0.0 0.0 0.0 0.0 0.0 1.0 0.0 0.022 0.739 0.978 0.827 1.0 0.097 0.014 1.000
0.0 1.0 0.0 0.0 0.0 0.0 0.0 0.0 1.0 0.0 0.022 0.739 0.978 0.827 1.0 0.139 0.014 1.000
0.0 1.0 0.0 0.0 0.0 0.0 0.0 0.0 1.0 0.0 0.022 0.739 0.978 0.827 1.0 0.139 0.014 1.000
0.0 1.0 0.0 0.0 0.0 0.0 0.0 0.0 1.0 0.0 0.022 0.739 0.978 0.827 1.0 0.139 0.014 1.000
0.0 1.0 0.0 0.0 0.0 0.0 0.0 0.0 1.0 0.0 0.022 0.739 0.978 0.827 1.0 0.139 0.014 1.000
0.0 0.0 0.0 1.0 0.0 0.0 0.0 0.0 1.0 0.0 0.022 0.957 0.957 0.957 2.0 0.069 0.029 0.040
0.0 0.0 0.0 1.0 0.0 0.0 0.0 0.0 1.0 0.0 0.022 0.913 0.913 0.913 2.0 0.069 0.029 0.040
0.0 1.0 0.0 0.0 0.0 0.0 0.0 0.0 1.0 0.0 0.022 0.739 0.978 0.827 1.0 0.111 0.014 1.000
0.0 1.0 0.0 0.0 0.0 0.0 0.0 0.0 1.0 0.0 0.022 0.739 0.978 0.827 1.0 0.083 0.014 1.000
1.0 0.0 0.0 0.0 0.0 0.0 0.0 0.0 1.0 0.0 0.022 0.739 0.978 0.827 1.0 0.111 0.014 1.000
1.0 0.0 0.0 0.0 0.0 0.0 0.0 0.0 1.0 0.0 0.022 0.739 0.978 0.827 1.0 0.153 0.014 1.000
0.0 1.0 0.0 0.0 0.0 0.0 0.0 0.0 1.0 0.0 0.022 0.739 0.978 0.827 1.0 0.097 0.014 1.000
0.0 1.0 0.0 0.0 0.0 0.0 0.0 0.0 1.0 0.0 0.022 0.739 0.978 0.827 1.0 0.097 0.014 1.000
0.0 1.0 0.0 0.0 0.0 0.0 0.0 0.0 1.0 0.0 0.022 0.739 0.978 0.827 1.0 0.097 0.014 1.000
0.0 1.0 0.0 0.0 0.0 0.0 0.0 0.0 1.0 0.0 0.022 0.739 0.978 0.827 1.0 0.097 0.014 1.000
0.0 1.0 0.0 0.0 0.0 0.0 0.0 0.0 1.0 0.0 0.022 0.957 0.957 0.957 1.0 0.069 0.014 0.040
0.0 1.0 0.0 0.0 0.0 0.0 0.0 0.0 1.0 0.0 0.022 0.913 0.913 0.913 1.0 0.069 0.014 0.040
0.0 1.0 0.0 0.0 0.0 0.0 0.0 0.0 1.0 0.0 0.022 0.761 0.978 0.855 1.0 0.111 0.014 0.640
0.0 1.0 0.0 0.0 0.0 0.0 0.0 0.0 1.0 0.0 0.022 0.739 0.978 0.844 1.0 0.111 0.014 0.640
1.0 0.0 0.0 0.0 0.0 0.0 0.0 0.0 1.0 0.0 0.022 0.913 0.978 0.946 1.0 0.292 0.014 0.240
0.0 1.0 0.0 0.0 0.0 0.0 0.0 0.0 1.0 0.0 0.022 0.739 0.978 0.827 1.0 0.347 0.014 1.000
1.0 0.0 0.0 0.0 0.0 0.0 0.0 0.0 1.0 0.0 0.022 0.739 0.978 0.827 1.0 0.125 0.014 1.000
0.0 1.0 0.0 0.0 0.0 0.0 0.0 0.0 1.0 0.0 0.022 0.739 0.978 0.827 1.0 0.153 0.014 1.000
1.0 0.0 0.0 0.0 0.0 0.0 0.0 0.0 1.0 0.0 0.022 0.739 0.978 0.827 1.0 0.208 0.014 1.000
0.0 1.0 0.0 0.0 0.0 0.0 0.0 0.0 1.0 0.0 0.022 0.913 0.978 0.946 1.0 0.194 0.014 0.240
0.0 1.0 0.0 0.0 0.0 0.0 0.0 0.0 1.0 0.0 0.022 0.826 0.826 0.826 2.0 0.042 0.029 0.040
0.0 1.0 0.0 0.0 0.0 0.0 0.0 0.0 0.0 0.0 0.043 0.804 0.804 0.804 1.0 0.083 0.029 0.040
1.0 0.0 0.0 0.0 0.0 0.0 0.0 0.0 1.0 0.0 0.022 0.913 0.957 0.935 1.0 0.125 0.014 0.080
0.0 1.0 0.0 0.0 0.0 0.0 0.0 0.0 1.0 0.0 0.022 0.739 0.978 0.827 1.0 0.292 0.014 1.000
1.0 0.0 0.0 0.0 0.0 0.0 0.0 0.0 1.0 0.0 0.022 0.739 0.978 0.827 1.0 0.181 0.014 1.000
1.0 0.0 0.0 0.0 0.0 0.0 0.0 0.0 1.0 0.0 0.022 0.913 0.978 0.946 1.0 0.194 0.014 0.240
0.0 1.0 0.0 0.0 0.0 0.0 0.0 0.0 1.0 0.0 0.022 0.739 0.978 0.827 1.0 0.292 0.014 1.000
1.0 0.0 0.0 0.0 0.0 0.0 0.0 0.0 1.0 0.0 0.022 0.804 0.804 0.804 1.0 0.083 0.014 0.040
1.0 0.0 0.0 0.0 0.0 0.0 0.0 0.0 1.0 0.0 0.022 0.804 0.804 0.804 1.0 0.083 0.014 0.040
1.0 0.0 0.0 0.0 0.0 0.0 0.0 0.0 1.0 0.0 0.022 0.761 0.761 0.761 1.0 0.083 0.014 0.040
1.0 0.0 0.0 0.0 0.0 0.0 0.0 0.0 1.0 0.0 0.022 0.761 0.761 0.761 1.0 0.083 0.014 0.040
1.0 0.0 0.0 0.0 0.0 0.0 0.0 0.0 1.0 0.0 0.022 0.761 0.761 0.761 1.0 0.083 0.014 0.040
1.0 0.0 0.0 0.0 0.0 0.0 0.0 0.0 1.0 0.0 0.022 0.761 0.761 0.761 1.0 0.083 0.014 0.040
1.0 0.0 0.0 0.0 0.0 0.0 0.0 0.0 1.0 0.0 0.022 0.804 0.804 0.804 1.0 0.083 0.014 0.040
1.0 0.0 0.0 0.0 0.0 0.0 0.0 0.0 1.0 0.0 0.022 0.761 0.761 0.761 1.0 0.083 0.014 0.040
1.0 0.0 0.0 0.0 0.0 0.0 0.0 0.0 1.0 0.0 0.022 0.804 0.804 0.804 1.0 0.083 0.014 0.040
1.0 0.0 0.0 0.0 0.0 0.0 0.0 0.0 1.0 0.0 0.022 0.761 0.761 0.761 1.0 0.083 0.014 0.040
1.0 0.0 0.0 0.0 0.0 0.0 0.0 0.0 1.0 0.0 0.022 0.739 0.739 0.739 1.0 0.083 0.014 0.040
1.0 0.0 0.0 0.0 0.0 0.0 0.0 0.0 1.0 0.0 0.022 0.739 0.739 0.739 1.0 0.083 0.014 0.040
1.0 0.0 0.0 0.0 0.0 0.0 0.0 0.0 1.0 0.0 0.022 0.739 0.739 0.739 1.0 0.083 0.014 0.040
1.0 0.0 0.0 0.0 0.0 0.0 0.0 0.0 1.0 0.0 0.022 0.761 0.761 0.761 1.0 0.083 0.014 0.040
1.0 0.0 0.0 0.0 0.0 0.0 0.0 0.0 1.0 0.0 0.022 0.761 0.761 0.761 1.0 0.083 0.014 0.040
1.0 0.0 0.0 0.0 0.0 0.0 0.0 0.0 1.0 0.0 0.022 0.783 0.783 0.783 1.0 0.083 0.014 0.040
0.0 1.0 0.0 0.0 0.0 0.0 0.0 0.0 0.0 0.0 0.043 0.783 0.783 0.783 1.0 0.083 0.014 0.040
0.0 1.0 0.0 0.0 0.0 0.0 0.0 0.0 0.0 0.0 0.043 0.783 0.783 0.783 1.0 0.083 0.014 0.040
0.0 1.0 0.0 0.0 0.0 0.0 0.0 0.0 0.0 0.0 0.043 0.739 0.739 0.739 2.0 0.069 0.029 0.040
0.0 1.0 0.0 0.0 0.0 0.0 0.0 0.0 0.0 0.0 0.065 0.717 0.717 0.717 1.0 0.083 0.029 0.040
0.0 1.0 0.0 0.0 0.0 0.0 0.0 0.0 0.0 0.0 0.043 0.739 0.739 0.739 2.0 0.069 0.029 0.040
0.0 1.0 0.0 0.0 0.0 0.0 0.0 0.0 0.0 0.0 0.065 0.717 0.717 0.717 1.0 0.083 0.029 0.040
0.0 1.0 0.0 0.0 0.0 0.0 0.0 0.0 0.0 0.0 0.043 0.739 0.739 0.739 1.0 0.083 0.014 0.040
0.0 1.0 0.0 0.0 0.0 0.0 0.0 0.0 0.0 0.0 0.043 0.739 0.739 0.739 1.0 0.083 0.014 0.040
0.0 1.0 0.0 0.0 0.0 0.0 0.0 0.0 0.0 0.0 0.043 0.783 0.783 0.783 1.0 0.083 0.014 0.040
0.0 1.0 0.0 0.0 0.0 0.0 0.0 0.0 0.0 0.0 0.043 0.739 0.739 0.739 1.0 0.083 0.014 0.040
0.0 1.0 0.0 0.0 0.0 0.0 0.0 0.0 0.0 0.0 0.043 0.783 0.783 0.783 1.0 0.083 0.014 0.040
0.0 1.0 0.0 0.0 0.0 0.0 0.0 0.0 0.0 0.0 0.043 0.739 0.739 0.739 1.0 0.083 0.014 0.040
0.0 1.0 0.0 0.0 0.0 0.0 0.0 0.0 0.0 0.0 0.043 0.717 0.717 0.717 1.0 0.083 0.014 0.040
0.0 1.0 0.0 0.0 0.0 0.0 0.0 0.0 0.0 0.0 0.043 0.717 0.717 0.717 1.0 0.083 0.014 0.040
0.0 1.0 0.0 0.0 0.0 0.0 0.0 0.0 0.0 0.0 0.043 0.717 0.717 0.717 1.0 0.083 0.014 0.040
0.0 1.0 0.0 0.0 0.0 0.0 0.0 0.0 0.0 0.0 0.043 0.739 0.739 0.739 2.0 0.069 0.029 0.040
0.0 1.0 0.0 0.0 0.0 0.0 0.0 0.0 0.0 0.0 0.065 0.717 0.717 0.717 1.0 0.083 0.029 0.040
0.0 1.0 0.0 0.0 0.0 0.0 0.0 0.0 0.0 0.0 0.043 0.739 0.739 0.739 1.0 0.083 0.014 0.040
0.0 1.0 0.0 0.0 0.0 0.0 0.0 0.0 0.0 0.0 0.043 0.761 0.761 0.761 1.0 0.083 0.014 0.040
0.0 0.0 0.0 1.0 0.0 0.0 0.0 0.0 0.0 0.0 0.043 0.891 0.891 0.891 2.0 0.139 0.029 0.040
0.0 0.0 0.0 1.0 0.0 0.0 0.0 0.0 0.0 0.0 0.043 0.891 0.891 0.891 2.0 0.139 0.029 0.040
0.0 0.0 0.0 1.0 0.0 0.0 0.0 0.0 0.0 0.0 0.043 0.957 0.957 0.957 2.0 0.139 0.029 0.040
0.0 0.0 0.0 1.0 0.0 0.0 0.0 0.0 0.0 0.0 0.043 0.935 0.935 0.935 2.0 0.139 0.029 0.040
0.0 0.0 0.0 1.0 0.0 0.0 0.0 0.0 0.0 0.0 0.043 0.957 0.957 0.957 2.0 0.139 0.029 0.040
0.0 1.0 0.0 0.0 0.0 0.0 0.0 0.0 0.0 0.0 0.087 0.870 0.870 0.870 1.0 0.069 0.043 0.040
0.0 1.0 0.0 0.0 0.0 0.0 0.0 0.0 0.0 0.0 0.065 0.891 0.891 0.891 2.0 0.083 0.043 0.040
0.0 0.0 0.0 1.0 0.0 0.0 0.0 0.0 0.0 0.0 0.043 0.913 0.913 0.913 2.0 0.139 0.029 0.040
1.0 0.0 0.0 0.0 0.0 0.0 0.0 0.0 0.0 0.0 0.043 0.717 0.957 0.805 1.0 0.139 0.014 1.000
1.0 0.0 0.0 0.0 0.0 0.0 0.0 0.0 0.0 0.0 0.043 0.717 0.957 0.805 1.0 0.125 0.014 1.000
1.0 0.0 0.0 0.0 0.0 0.0 0.0 0.0 0.0 0.0 0.043 0.717 0.957 0.805 1.0 0.125 0.014 1.000
1.0 0.0 0.0 0.0 0.0 0.0 0.0 0.0 0.0 0.0 0.043 0.717 0.957 0.805 1.0 0.125 0.014 1.000
1.0 0.0 0.0 0.0 0.0 0.0 0.0 0.0 0.0 0.0 0.043 0.717 0.957 0.805 1.0 0.125 0.014 1.000
1.0 0.0 0.0 0.0 0.0 0.0 0.0 0.0 0.0 0.0 0.043 0.717 0.957 0.805 1.0 0.139 0.014 1.000
0.0 0.0 1.0 0.0 0.0 0.0 0.0 0.0 1.0 0.0 0.043 0.717 0.957 0.805 2.0 0.181 0.029 1.000
1.0 0.0 0.0 0.0 0.0 0.0 0.0 0.0 0.0 0.0 0.065 0.696 0.935 0.783 1.0 0.167 0.029 1.000
1.0 0.0 0.0 0.0 0.0 0.0 0.0 0.0 0.0 0.0 0.043 0.717 0.957 0.805 1.0 0.125 0.014 1.000
1.0 0.0 0.0 0.0 0.0 0.0 0.0 0.0 0.0 0.0 0.043 0.717 0.957 0.805 1.0 0.125 0.014 1.000
0.0 0.0 1.0 0.0 0.0 0.0 0.0 0.0 1.0 0.0 0.043 0.717 0.957 0.805 2.0 0.181 0.029 1.000
1.0 0.0 0.0 0.0 0.0 0.0 0.0 0.0 0.0 0.0 0.043 0.717 0.957 0.805 1.0 0.139 0.014 1.000
0.0 0.0 1.0 0.0 0.0 0.0 0.0 0.0 1.0 0.0 0.043 0.717 0.957 0.805 3.0 0.194 0.043 1.000
1.0 0.0 0.0 0.0 0.0 0.0 0.0 0.0 0.0 0.0 0.043 0.717 0.957 0.805 1.0 0.139 0.014 1.000
1.0 0.0 0.0 0.0 0.0 0.0 0.0 0.0 0.0 0.0 0.043 0.717 0.957 0.805 1.0 0.125 0.014 1.000
0.0 0.0 0.0 1.0 0.0 0.0 0.0 0.0 0.0 0.0 0.043 0.935 0.935 0.935 2.0 0.139 0.029 0.040
0.0 0.0 0.0 1.0 0.0 0.0 0.0 0.0 0.0 0.0 0.043 0.891 0.891 0.891 2.0 0.139 0.029 0.040
0.0 0.0 0.0 1.0 0.0 0.0 0.0 0.0 1.0 0.0 0.043 0.717 0.957 0.805 2.0 0.319 0.029 1.000
0.0 0.0 0.0 1.0 0.0 0.0 0.0 0.0 0.0 0.0 0.043 0.717 0.957 0.805 2.0 0.194 0.029 1.000
0.0 0.0 0.0 1.0 0.0 0.0 0.0 0.0 0.0 0.0 0.043 0.717 0.957 0.805 2.0 0.181 0.029 1.000
1.0 0.0 0.0 0.0 0.0 0.0 0.0 0.0 0.0 0.0 0.043 0.717 0.957 0.805 1.0 0.139 0.014 1.000
1.0 0.0 0.0 0.0 0.0 0.0 0.0 0.0 0.0 0.0 0.043 0.717 0.957 0.805 1.0 0.125 0.014 1.000
1.0 0.0 0.0 0.0 0.0 0.0 0.0 0.0 0.0 0.0 0.065 0.870 0.870 0.870 1.0 0.153 0.029 0.040
1.0 0.0 0.0 0.0 0.0 0.0 0.0 0.0 0.0 0.0 0.043 0.891 0.891 0.891 1.0 0.125 0.014 0.040
1.0 0.0 0.0 0.0 0.0 0.0 0.0 0.0 0.0 0.0 0.043 0.957 0.957 0.957 1.0 0.125 0.014 0.040
1.0 0.0 0.0 0.0 0.0 0.0 0.0 0.0 0.0 0.0 0.043 0.717 0.957 0.805 1.0 0.125 0.014 1.000
1.0 0.0 0.0 0.0 0.0 0.0 0.0 0.0 0.0 0.0 0.043 0.717 0.957 0.805 1.0 0.111 0.014 1.000
1.0 0.0 0.0 0.0 0.0 0.0 0.0 0.0 0.0 0.0 0.043 0.717 0.957 0.805 1.0 0.111 0.014 1.000
1.0 0.0 0.0 0.0 0.0 0.0 0.0 0.0 0.0 0.0 0.043 0.717 0.957 0.805 1.0 0.125 0.014 1.000
0.0 0.0 1.0 0.0 0.0 0.0 0.0 0.0 1.0 0.0 0.043 0.717 0.957 0.805 3.0 0.181 0.043 1.000
1.0 0.0 0.0 0.0 0.0 0.0 0.0 0.0 0.0 0.0 0.043 0.717 0.957 0.805 1.0 0.111 0.014 1.000
1.0 0.0 0.0 0.0 0.0 0.0 0.0 0.0 0.0 0.0 0.043 0.717 0.957 0.805 1.0 0.139 0.014 1.000
1.0 0.0 0.0 0.0 0.0 0.0 0.0 0.0 0.0 0.0 0.043 0.717 0.957 0.805 1.0 0.125 0.014 1.000
0.0 0.0 1.0 0.0 0.0 0.0 0.0 0.0 1.0 0.0 0.043 0.717 0.957 0.805 3.0 0.181 0.043 1.000
1.0 0.0 0.0 0.0 0.0 0.0 0.0 0.0 0.0 0.0 0.043 0.717 0.957 0.805 1.0 0.111 0.014 1.000
1.0 0.0 0.0 0.0 0.0 0.0 0.0 0.0 0.0 0.0 0.043 0.804 0.804 0.804 1.0 0.111 0.014 0.040
1.0 0.0 0.0 0.0 0.0 0.0 0.0 0.0 0.0 0.0 0.043 0.717 0.957 0.805 1.0 0.111 0.014 1.000
1.0 0.0 0.0 0.0 0.0 0.0 0.0 0.0 0.0 0.0 0.043 0.804 0.804 0.804 1.0 0.111 0.014 0.040
1.0 0.0 0.0 0.0 0.0 0.0 0.0 0.0 0.0 0.0 0.043 0.717 0.957 0.805 1.0 0.111 0.014 1.000
1.0 0.0 0.0 0.0 0.0 0.0 0.0 0.0 0.0 0.0 0.043 0.804 0.804 0.804 1.0 0.111 0.014 0.040
1.0 0.0 0.0 0.0 0.0 0.0 0.0 0.0 0.0 0.0 0.043 0.717 0.957 0.805 1.0 0.111 0.014 1.000
1.0 0.0 0.0 0.0 0.0 0.0 0.0 0.0 0.0 0.0 0.043 0.804 0.804 0.804 1.0 0.111 0.014 0.040
0.0 0.0 1.0 0.0 0.0 0.0 0.0 0.0 0.0 0.0 0.043 0.935 0.935 0.935 2.0 0.125 0.043 0.040
0.0 0.0 1.0 0.0 0.0 0.0 0.0 0.0 0.0 0.0 0.043 0.891 0.891 0.891 2.0 0.125 0.043 0.040
1.0 0.0 0.0 0.0 0.0 0.0 0.0 0.0 0.0 0.0 0.043 0.717 0.957 0.805 1.0 0.125 0.014 1.000
1.0 0.0 0.0 0.0 0.0 0.0 0.0 0.0 0.0 0.0 0.043 0.717 0.957 0.805 1.0 0.125 0.014 1.000
1.0 0.0 0.0 0.0 0.0 0.0 0.0 0.0 0.0 0.0 0.065 0.696 0.935 0.783 1.0 0.139 0.029 1.000
1.0 0.0 0.0 0.0 0.0 0.0 0.0 0.0 0.0 0.0 0.065 0.696 0.935 0.783 1.0 0.139 0.029 1.000
1.0 0.0 0.0 0.0 0.0 0.0 0.0 0.0 0.0 0.0 0.043 0.717 0.957 0.805 1.0 0.125 0.014 1.000
1.0 0.0 0.0 0.0 0.0 0.0 0.0 0.0 0.0 0.0 0.043 0.717 0.957 0.805 1.0 0.125 0.014 1.000
1.0 0.0 0.0 0.0 0.0 0.0 0.0 0.0 0.0 0.0 0.043 0.891 0.891 0.891 1.0 0.125 0.014 0.040
1.0 0.0 0.0 0.0 0.0 0.0 0.0 0.0 0.0 0.0 0.043 0.717 0.957 0.805 1.0 0.125 0.014 1.000
1.0 0.0 0.0 0.0 0.0 0.0 0.0 0.0 0.0 0.0 0.043 0.717 0.957 0.805 1.0 0.139 0.014 1.000
1.0 0.0 0.0 0.0 0.0 0.0 0.0 0.0 0.0 0.0 0.043 0.891 0.891 0.891 1.0 0.139 0.014 0.040
1.0 0.0 0.0 0.0 0.0 0.0 0.0 0.0 0.0 0.0 0.043 0.717 0.957 0.805 1.0 0.111 0.014 1.000
1.0 0.0 0.0 0.0 0.0 0.0 0.0 0.0 0.0 0.0 0.043 0.717 0.957 0.805 1.0 0.125 0.014 1.000
0.0 0.0 1.0 0.0 0.0 0.0 0.0 0.0 1.0 0.0 0.043 0.717 0.957 0.805 3.0 0.181 0.043 1.000
1.0 0.0 0.0 0.0 0.0 0.0 0.0 0.0 0.0 0.0 0.043 0.717 0.957 0.805 1.0 0.125 0.014 1.000
1.0 0.0 0.0 0.0 0.0 0.0 0.0 0.0 0.0 0.0 0.065 0.696 0.935 0.783 1.0 0.153 0.029 1.000
1.0 0.0 0.0 0.0 0.0 0.0 0.0 0.0 0.0 0.0 0.065 0.696 0.935 0.783 1.0 0.153 0.029 1.000
1.0 0.0 0.0 0.0 0.0 0.0 0.0 0.0 0.0 0.0 0.043 0.717 0.957 0.805 1.0 0.111 0.014 1.000
1.0 0.0 0.0 0.0 0.0 0.0 0.0 0.0 0.0 0.0 0.043 0.717 0.957 0.805 1.0 0.125 0.014 1.000
1.0 0.0 0.0 0.0 0.0 0.0 0.0 0.0 0.0 0.0 0.043 0.717 0.957 0.805 1.0 0.125 0.014 1.000
1.0 0.0 0.0 0.0 0.0 0.0 0.0 0.0 0.0 0.0 0.043 0.717 0.957 0.805 1.0 0.125 0.014 1.000
1.0 0.0 0.0 0.0 0.0 0.0 0.0 0.0 0.0 0.0 0.065 0.696 0.935 0.783 1.0 0.139 0.029 1.000
1.0 0.0 0.0 0.0 0.0 0.0 0.0 0.0 0.0 0.0 0.043 0.717 0.957 0.805 1.0 0.125 0.014 1.000
0.0 1.0 0.0 0.0 0.0 0.0 0.0 0.0 0.0 0.0 0.065 0.913 0.913 0.913 1.0 0.111 0.043 0.040
0.0 1.0 0.0 0.0 0.0 0.0 0.0 0.0 0.0 0.0 0.065 0.870 0.870 0.870 2.0 0.097 0.058 0.040
0.0 1.0 0.0 0.0 0.0 0.0 0.0 0.0 0.0 0.0 0.087 0.848 0.848 0.848 1.0 0.083 0.058 0.040
0.0 1.0 0.0 0.0 0.0 0.0 0.0 0.0 0.0 0.0 0.065 0.696 0.935 0.783 1.0 0.097 0.014 1.000
0.0 1.0 0.0 0.0 0.0 0.0 0.0 0.0 0.0 0.0 0.065 0.696 0.935 0.783 1.0 0.097 0.014 1.000
0.0 1.0 0.0 0.0 0.0 0.0 0.0 0.0 0.0 0.0 0.087 0.848 0.848 0.848 1.0 0.097 0.029 0.040
0.0 1.0 0.0 0.0 0.0 0.0 0.0 0.0 0.0 0.0 0.065 0.870 0.870 0.870 1.0 0.097 0.014 0.040
0.0 1.0 0.0 0.0 0.0 0.0 0.0 0.0 0.0 0.0 0.065 0.696 0.935 0.783 1.0 0.097 0.014 1.000
0.0 1.0 0.0 0.0 0.0 0.0 0.0 0.0 0.0 0.0 0.065 0.696 0.935 0.783 2.0 0.097 0.058 1.000
0.0 1.0 0.0 0.0 0.0 0.0 0.0 0.0 0.0 0.0 0.087 0.674 0.913 0.762 1.0 0.083 0.058 1.000
0.0 1.0 0.0 0.0 0.0 0.0 0.0 0.0 0.0 0.0 0.065 0.696 0.935 0.783 1.0 0.097 0.014 1.000
0.0 1.0 0.0 0.0 0.0 0.0 0.0 0.0 0.0 0.0 0.065 0.696 0.935 0.783 1.0 0.097 0.014 1.000
0.0 1.0 0.0 0.0 0.0 0.0 0.0 0.0 0.0 0.0 0.065 0.696 0.935 0.783 2.0 0.097 0.058 1.000
0.0 1.0 0.0 0.0 0.0 0.0 0.0 0.0 0.0 0.0 0.087 0.674 0.913 0.762 1.0 0.083 0.058 1.000
0.0 0.0 1.0 0.0 0.0 0.0 0.0 0.0 1.0 0.0 0.065 0.870 0.870 0.870 2.0 0.153 0.043 0.040
0.0 0.0 1.0 0.0 0.0 0.0 0.0 0.0 1.0 0.0 0.065 0.891 0.891 0.891 2.0 0.153 0.043 0.040
0.0 0.0 0.0 1.0 0.0 0.0 0.0 0.0 1.0 0.0 0.065 0.696 0.935 0.783 2.0 0.222 0.043 1.000
0.0 0.0 0.0 1.0 0.0 0.0 0.0 0.0 1.0 0.0 0.065 0.696 0.935 0.783 2.0 0.236 0.043 1.000
0.0 0.0 0.0 1.0 0.0 0.0 0.0 0.0 1.0 0.0 0.065 0.696 0.935 0.783 2.0 0.153 0.043 1.000
0.0 0.0 0.0 1.0 0.0 0.0 0.0 0.0 1.0 0.0 0.065 0.696 0.935 0.783 2.0 0.167 0.043 1.000
0.0 1.0 0.0 0.0 0.0 0.0 0.0 0.0 0.0 0.0 0.065 0.783 0.783 0.783 1.0 0.097 0.014 0.040
0.0 1.0 0.0 0.0 0.0 0.0 0.0 0.0 0.0 0.0 0.065 0.696 0.935 0.783 1.0 0.097 0.014 1.000
0.0 1.0 0.0 0.0 0.0 0.0 0.0 0.0 0.0 0.0 0.065 0.783 0.783 0.783 1.0 0.097 0.014 0.040
0.0 1.0 0.0 0.0 0.0 0.0 0.0 0.0 0.0 0.0 0.065 0.696 0.935 0.783 1.0 0.097 0.014 1.000
0.0 1.0 0.0 0.0 0.0 0.0 0.0 0.0 0.0 0.0 0.065 0.783 0.783 0.783 1.0 0.097 0.014 0.040
0.0 1.0 0.0 0.0 0.0 0.0 0.0 0.0 0.0 0.0 0.065 0.696 0.935 0.783 1.0 0.097 0.014 1.000
0.0 1.0 0.0 0.0 0.0 0.0 0.0 0.0 0.0 0.0 0.065 0.783 0.783 0.783 1.0 0.097 0.014 0.040
0.0 1.0 0.0 0.0 0.0 0.0 0.0 0.0 0.0 0.0 0.065 0.696 0.935 0.783 2.0 0.083 0.029 1.000
0.0 1.0 0.0 0.0 0.0 0.0 0.0 0.0 0.0 0.0 0.087 0.674 0.913 0.762 1.0 0.083 0.029 1.000
0.0 0.0 0.0 1.0 0.0 0.0 0.0 0.0 0.0 0.0 0.065 0.717 0.935 0.811 4.0 0.389 0.072 0.640
0.0 0.0 0.0 1.0 0.0 0.0 0.0 0.0 0.0 0.0 0.065 0.696 0.935 0.800 4.0 0.389 0.072 0.640
0.0 0.0 0.0 1.0 0.0 0.0 0.0 0.0 0.0 0.0 0.065 0.696 0.935 0.783 3.0 0.611 0.058 1.000
0.0 0.0 1.0 0.0 0.0 0.0 0.0 0.0 0.0 0.0 0.065 0.783 0.783 0.783 3.0 0.514 0.058 0.040
1.0 0.0 0.0 0.0 0.0 0.0 0.0 0.0 0.0 0.0 0.065 0.696 0.935 0.783 1.0 0.125 0.014 1.000
0.0 1.0 0.0 0.0 0.0 0.0 0.0 0.0 0.0 0.0 0.065 0.696 0.935 0.783 2.0 0.083 0.029 1.000
0.0 1.0 0.0 0.0 0.0 0.0 0.0 0.0 0.0 0.0 0.087 0.674 0.913 0.762 1.0 0.083 0.029 1.000
1.0 0.0 0.0 0.0 0.0 0.0 0.0 0.0 0.0 0.0 0.065 0.696 0.935 0.783 1.0 0.125 0.014 1.000
0.0 1.0 0.0 0.0 0.0 0.0 0.0 0.0 0.0 0.0 0.065 0.696 0.935 0.783 1.0 0.097 0.014 1.000
1.0 0.0 0.0 0.0 0.0 0.0 0.0 0.0 0.0 0.0 0.065 0.696 0.935 0.783 1.0 0.125 0.014 1.000
0.0 1.0 0.0 0.0 0.0 0.0 0.0 0.0 0.0 0.0 0.087 0.674 0.913 0.762 1.0 0.097 0.029 1.000
1.0 0.0 0.0 0.0 0.0 0.0 0.0 0.0 0.0 0.0 0.065 0.696 0.935 0.783 1.0 0.125 0.014 1.000
0.0 1.0 0.0 0.0 0.0 0.0 0.0 0.0 0.0 0.0 0.087 0.674 0.913 0.762 1.0 0.097 0.029 1.000
0.0 1.0 0.0 0.0 0.0 0.0 0.0 0.0 0.0 0.0 0.109 0.652 0.891 0.740 1.0 0.111 0.029 1.000
0.0 1.0 0.0 0.0 0.0 0.0 0.0 0.0 0.0 0.0 0.087 0.674 0.913 0.762 2.0 0.083 0.029 1.000
1.0 0.0 0.0 0.0 0.0 0.0 0.0 0.0 0.0 0.0 0.065 0.696 0.935 0.783 1.0 0.083 0.014 1.000
0.0 1.0 0.0 0.0 0.0 0.0 0.0 0.0 0.0 0.0 0.065 0.696 0.935 0.783 1.0 0.097 0.014 1.000
1.0 0.0 0.0 0.0 0.0 0.0 0.0 0.0 0.0 0.0 0.065 0.696 0.935 0.783 1.0 0.125 0.014 1.000
0.0 1.0 0.0 0.0 0.0 0.0 0.0 0.0 0.0 0.0 0.065 0.696 0.935 0.783 2.0 0.083 0.029 1.000
0.0 1.0 0.0 0.0 0.0 0.0 0.0 0.0 0.0 0.0 0.087 0.674 0.913 0.762 1.0 0.083 0.029 1.000
1.0 0.0 0.0 0.0 0.0 0.0 0.0 0.0 0.0 0.0 0.065 0.870 0.870 0.870 1.0 0.125 0.029 0.040
1.0 0.0 0.0 0.0 0.0 0.0 0.0 0.0 0.0 0.0 0.065 0.696 0.935 0.783 1.0 0.125 0.029 1.000
1.0 0.0 0.0 0.0 0.0 0.0 0.0 0.0 0.0 0.0 0.065 0.870 0.870 0.870 1.0 0.125 0.014 0.040
0.0 1.0 0.0 0.0 0.0 0.0 0.0 0.0 0.0 0.0 0.065 0.870 0.870 0.870 1.0 0.097 0.014 0.040
1.0 0.0 0.0 0.0 0.0 0.0 0.0 0.0 0.0 0.0 0.065 0.696 0.935 0.783 1.0 0.125 0.014 1.000
0.0 1.0 0.0 0.0 0.0 0.0 0.0 0.0 0.0 0.0 0.065 0.696 0.935 0.783 1.0 0.097 0.014 1.000
1.0 0.0 0.0 0.0 0.0 0.0 0.0 0.0 0.0 0.0 0.065 0.696 0.935 0.783 1.0 0.125 0.029 1.000
0.0 1.0 0.0 0.0 0.0 0.0 0.0 0.0 0.0 0.0 0.065 0.696 0.935 0.783 1.0 0.097 0.014 1.000
1.0 0.0 0.0 0.0 0.0 0.0 0.0 0.0 0.0 0.0 0.065 0.870 0.870 0.870 1.0 0.125 0.029 0.040
0.0 1.0 0.0 0.0 0.0 0.0 0.0 0.0 0.0 0.0 0.065 0.870 0.870 0.870 1.0 0.097 0.014 0.040
1.0 0.0 0.0 0.0 0.0 0.0 0.0 0.0 0.0 0.0 0.065 0.935 0.935 0.935 1.0 0.139 0.043 0.040
0.0 1.0 0.0 0.0 0.0 0.0 0.0 0.0 0.0 0.0 0.065 0.935 0.935 0.935 1.0 0.097 0.014 0.040
1.0 0.0 0.0 0.0 0.0 0.0 0.0 0.0 0.0 0.0 0.065 0.696 0.935 0.783 1.0 0.139 0.043 1.000
0.0 1.0 0.0 0.0 0.0 0.0 0.0 0.0 0.0 0.0 0.065 0.696 0.935 0.783 1.0 0.097 0.014 1.000
0.0 1.0 0.0 0.0 0.0 0.0 0.0 0.0 0.0 0.0 0.065 0.696 0.935 0.783 1.0 0.097 0.014 1.000
0.0 1.0 0.0 0.0 0.0 0.0 0.0 0.0 0.0 0.0 0.065 0.696 0.935 0.783 1.0 0.097 0.014 1.000
0.0 1.0 0.0 0.0 0.0 0.0 0.0 0.0 0.0 0.0 0.065 0.696 0.935 0.783 1.0 0.111 0.043 1.000
0.0 1.0 0.0 0.0 0.0 0.0 0.0 0.0 0.0 0.0 0.065 0.696 0.935 0.783 1.0 0.097 0.014 1.000
0.0 1.0 0.0 0.0 0.0 0.0 0.0 0.0 0.0 0.0 0.065 0.696 0.935 0.783 1.0 0.097 0.014 1.000
1.0 0.0 0.0 0.0 0.0 0.0 0.0 0.0 0.0 0.0 0.065 0.696 0.935 0.783 1.0 0.125 0.014 1.000
0.0 1.0 0.0 0.0 0.0 0.0 0.0 0.0 0.0 0.0 0.087 0.674 0.913 0.762 2.0 0.083 0.043 1.000
0.0 1.0 0.0 0.0 0.0 0.0 0.0 0.0 0.0 0.0 0.109 0.652 0.891 0.740 1.0 0.083 0.043 1.000
1.0 0.0 0.0 0.0 0.0 0.0 0.0 0.0 0.0 0.0 0.065 0.696 0.935 0.783 1.0 0.125 0.014 1.000
0.0 1.0 0.0 0.0 0.0 0.0 0.0 0.0 0.0 0.0 0.087 0.674 0.913 0.762 1.0 0.097 0.029 1.000
0.0 1.0 0.0 0.0 0.0 0.0 0.0 0.0 0.0 0.0 0.065 0.696 0.935 0.783 1.0 0.097 0.014 1.000
0.0 1.0 0.0 0.0 0.0 0.0 0.0 0.0 0.0 0.0 0.065 0.696 0.935 0.783 1.0 0.097 0.014 1.000
0.0 1.0 0.0 0.0 0.0 0.0 0.0 0.0 0.0 0.0 0.065 0.696 0.935 0.783 1.0 0.097 0.014 1.000
0.0 1.0 0.0 0.0 0.0 0.0 0.0 0.0 0.0 0.0 0.065 0.696 0.935 0.783 1.0 0.097 0.014 1.000
0.0 1.0 0.0 0.0 0.0 0.0 0.0 0.0 0.0 0.0 0.065 0.696 0.935 0.783 1.0 0.097 0.014 1.000
0.0 1.0 0.0 0.0 0.0 0.0 0.0 0.0 0.0 0.0 0.065 0.696 0.935 0.783 1.0 0.097 0.014 1.000
0.0 1.0 0.0 0.0 0.0 0.0 0.0 0.0 0.0 0.0 0.087 0.674 0.913 0.762 1.0 0.097 0.029 1.000
0.0 1.0 0.0 0.0 0.0 0.0 0.0 0.0 0.0 0.0 0.065 0.696 0.935 0.783 1.0 0.097 0.014 1.000
1.0 0.0 0.0 0.0 0.0 0.0 0.0 0.0 0.0 0.0 0.065 0.696 0.935 0.783 1.0 0.125 0.014 1.000
1.0 0.0 0.0 0.0 0.0 0.0 0.0 0.0 0.0 0.0 0.065 0.696 0.935 0.783 1.0 0.125 0.014 1.000
1.0 0.0 0.0 0.0 0.0 0.0 0.0 0.0 0.0 0.0 0.065 0.696 0.935 0.783 1.0 0.125 0.014 1.000
1.0 0.0 0.0 0.0 0.0 0.0 0.0 0.0 0.0 0.0 0.065 0.696 0.935 0.783 1.0 0.125 0.014 1.000
1.0 0.0 0.0 0.0 0.0 0.0 0.0 0.0 0.0 0.0 0.065 0.696 0.935 0.783 1.0 0.125 0.014 1.000
1.0 0.0 0.0 0.0 0.0 0.0 0.0 0.0 0.0 0.0 0.065 0.696 0.935 0.783 1.0 0.125 0.014 1.000
1.0 0.0 0.0 0.0 0.0 0.0 0.0 0.0 0.0 0.0 0.087 0.848 0.848 0.848 1.0 0.125 0.029 0.040
1.0 0.0 0.0 0.0 0.0 0.0 0.0 0.0 0.0 0.0 0.087 0.674 0.913 0.762 1.0 0.125 0.029 1.000
1.0 0.0 0.0 0.0 0.0 0.0 0.0 0.0 0.0 0.0 0.065 0.870 0.870 0.870 1.0 0.125 0.014 0.040
1.0 0.0 0.0 0.0 0.0 0.0 0.0 0.0 0.0 0.0 0.065 0.696 0.935 0.783 1.0 0.125 0.014 1.000
1.0 0.0 0.0 0.0 0.0 0.0 0.0 0.0 0.0 0.0 0.065 0.696 0.935 0.783 1.0 0.125 0.014 1.000
1.0 0.0 0.0 0.0 0.0 0.0 0.0 0.0 0.0 0.0 0.065 0.870 0.870 0.870 1.0 0.125 0.014 0.040
1.0 0.0 0.0 0.0 0.0 0.0 0.0 0.0 0.0 0.0 0.065 0.696 0.935 0.783 1.0 0.125 0.014 1.000
0.0 1.0 0.0 0.0 0.0 0.0 0.0 0.0 0.0 0.0 0.087 0.674 0.913 0.762 2.0 0.111 0.029 1.000
1.0 0.0 0.0 0.0 0.0 0.0 0.0 0.0 0.0 0.0 0.065 0.696 0.935 0.783 1.0 0.097 0.014 1.000
0.0 0.0 0.0 1.0 0.0 0.0 0.0 0.0 0.0 0.0 0.087 0.674 0.913 0.762 2.0 0.125 0.029 1.000
0.0 0.0 0.0 1.0 0.0 0.0 0.0 0.0 0.0 0.0 0.087 0.674 0.913 0.762 2.0 0.125 0.029 1.000
0.0 0.0 0.0 1.0 0.0 0.0 0.0 0.0 0.0 0.0 0.109 0.826 0.826 0.826 2.0 0.125 0.043 0.040
0.0 0.0 0.0 1.0 0.0 0.0 0.0 0.0 0.0 0.0 0.087 0.848 0.848 0.848 2.0 0.125 0.043 0.040
0.0 0.0 0.0 1.0 0.0 0.0 0.0 0.0 0.0 0.0 0.087 0.674 0.913 0.762 2.0 0.139 0.058 1.000
0.0 0.0 0.0 1.0 0.0 0.0 0.0 0.0 0.0 0.0 0.109 0.652 0.891 0.740 2.0 0.125 0.072 1.000
0.0 0.0 0.0 1.0 0.0 0.0 0.0 0.0 0.0 0.0 0.087 0.674 0.913 0.762 2.0 0.139 0.029 1.000
0.0 0.0 0.0 1.0 0.0 0.0 0.0 0.0 0.0 0.0 0.087 0.674 0.913 0.762 2.0 0.139 0.029 1.000
0.0 0.0 0.0 1.0 0.0 0.0 0.0 0.0 0.0 0.0 0.087 0.674 0.913 0.762 2.0 0.139 0.058 1.000
0.0 1.0 0.0 0.0 0.0 0.0 0.0 0.0 0.0 0.0 0.109 0.652 0.891 0.740 2.0 0.111 0.072 1.000
0.0 0.0 0.0 1.0 0.0 0.0 0.0 0.0 0.0 0.0 0.087 0.674 0.913 0.762 2.0 0.125 0.058 1.000
0.0 0.0 0.0 1.0 0.0 0.0 0.0 0.0 0.0 0.0 0.087 0.674 0.913 0.762 2.0 0.139 0.029 1.000
0.0 0.0 0.0 1.0 0.0 0.0 0.0 0.0 0.0 0.0 0.087 0.674 0.913 0.762 2.0 0.139 0.029 1.000
0.0 0.0 0.0 1.0 0.0 0.0 0.0 0.0 0.0 0.0 0.087 0.674 0.913 0.762 2.0 0.125 0.029 1.000
0.0 0.0 0.0 1.0 0.0 0.0 0.0 0.0 0.0 0.0 0.087 0.674 0.913 0.762 2.0 0.125 0.029 1.000
0.0 0.0 0.0 1.0 0.0 0.0 0.0 0.0 0.0 0.0 0.109 0.652 0.891 0.740 2.0 0.139 0.043 1.000
0.0 0.0 0.0 1.0 0.0 0.0 0.0 0.0 0.0 0.0 0.087 0.674 0.913 0.762 2.0 0.139 0.043 1.000
0.0 1.0 0.0 0.0 0.0 0.0 0.0 0.0 0.0 0.0 0.087 0.674 0.913 0.762 1.0 0.097 0.014 1.000
0.0 1.0 0.0 0.0 0.0 0.0 0.0 0.0 0.0 0.0 0.087 0.674 0.913 0.762 1.0 0.097 0.014 1.000
0.0 0.0 0.0 1.0 0.0 0.0 0.0 0.0 0.0 0.0 0.109 0.652 0.891 0.740 2.0 0.139 0.029 1.000
0.0 1.0 0.0 0.0 0.0 0.0 0.0 0.0 0.0 0.0 0.087 0.674 0.913 0.762 1.0 0.097 0.014 1.000
0.0 1.0 0.0 0.0 0.0 0.0 0.0 0.0 0.0 0.0 0.087 0.674 0.913 0.762 1.0 0.097 0.014 1.000
0.0 1.0 0.0 0.0 0.0 0.0 0.0 0.0 0.0 0.0 0.087 0.674 0.913 0.762 2.0 0.097 0.029 1.000
0.0 1.0 0.0 0.0 0.0 0.0 0.0 0.0 0.0 0.0 0.130 0.630 0.870 0.718 1.0 0.097 0.029 1.000
0.0 1.0 0.0 0.0 0.0 0.0 0.0 0.0 0.0 0.0 0.087 0.674 0.913 0.762 1.0 0.097 0.029 1.000
0.0 1.0 0.0 0.0 0.0 0.0 0.0 0.0 0.0 0.0 0.087 0.674 0.913 0.762 1.0 0.097 0.014 1.000
0.0 1.0 0.0 0.0 0.0 0.0 0.0 0.0 0.0 0.0 0.087 0.848 0.848 0.848 1.0 0.097 0.029 0.040
0.0 0.0 0.0 1.0 0.0 0.0 0.0 0.0 0.0 0.0 0.130 0.804 0.804 0.804 2.0 0.139 0.043 0.040
0.0 1.0 0.0 0.0 0.0 0.0 0.0 0.0 0.0 0.0 0.087 0.674 0.913 0.762 1.0 0.097 0.043 1.000
0.0 0.0 0.0 1.0 0.0 0.0 0.0 0.0 0.0 0.0 0.087 0.674 0.913 0.762 2.0 0.125 0.058 1.000
0.0 1.0 0.0 0.0 0.0 0.0 0.0 0.0 0.0 0.0 0.087 0.674 0.913 0.762 1.0 0.097 0.014 1.000
0.0 0.0 0.0 1.0 0.0 0.0 0.0 0.0 0.0 0.0 0.130 0.630 0.870 0.718 2.0 0.139 0.072 1.000
0.0 1.0 0.0 0.0 0.0 0.0 0.0 0.0 0.0 0.0 0.087 0.761 0.761 0.761 1.0 0.111 0.043 0.040
1.0 0.0 0.0 0.0 0.0 0.0 0.0 0.0 0.0 0.0 0.087 0.674 0.913 0.762 1.0 0.333 0.043 1.000
0.0 1.0 0.0 0.0 0.0 0.0 0.0 0.0 0.0 0.0 0.087 0.761 0.761 0.761 1.0 0.111 0.043 0.040
1.0 0.0 0.0 0.0 0.0 0.0 0.0 0.0 0.0 0.0 0.087 0.674 0.913 0.762 1.0 0.375 0.043 1.000
0.0 0.0 0.0 1.0 0.0 0.0 0.0 0.0 0.0 0.0 0.087 0.696 0.913 0.789 2.0 1.000 0.087 0.640
0.0 0.0 0.0 1.0 0.0 0.0 0.0 0.0 0.0 0.0 0.087 0.674 0.913 0.779 2.0 0.986 0.087 0.640
0.0 1.0 0.0 0.0 0.0 0.0 0.0 0.0 0.0 0.0 0.087 0.674 0.913 0.762 1.0 0.097 0.014 1.000
0.0 0.0 0.0 1.0 0.0 0.0 0.0 0.0 0.0 0.0 0.109 0.652 0.891 0.740 2.0 0.139 0.043 1.000
0.0 1.0 0.0 0.0 0.0 0.0 0.0 0.0 0.0 0.0 0.087 0.674 0.913 0.762 1.0 0.097 0.014 1.000
0.0 0.0 0.0 1.0 0.0 0.0 0.0 0.0 0.0 0.0 0.087 0.674 0.913 0.762 2.0 0.139 0.029 1.000
0.0 1.0 0.0 0.0 0.0 0.0 0.0 0.0 0.0 0.0 0.087 0.674 0.913 0.762 1.0 0.097 0.014 1.000
0.0 0.0 0.0 1.0 0.0 0.0 0.0 0.0 0.0 0.0 0.109 0.652 0.891 0.740 2.0 0.139 0.043 1.000
0.0 1.0 0.0 0.0 0.0 0.0 0.0 0.0 0.0 0.0 0.087 0.674 0.913 0.762 1.0 0.097 0.014 1.000
0.0 0.0 0.0 1.0 0.0 0.0 0.0 0.0 0.0 0.0 0.109 0.652 0.891 0.740 2.0 0.139 0.043 1.000
0.0 1.0 0.0 0.0 0.0 0.0 0.0 0.0 0.0 0.0 0.087 0.674 0.913 0.762 1.0 0.097 0.014 1.000
0.0 0.0 0.0 1.0 0.0 0.0 0.0 0.0 0.0 0.0 0.087 0.674 0.913 0.762 2.0 0.139 0.029 1.000
0.0 1.0 0.0 0.0 0.0 0.0 0.0 0.0 0.0 0.0 0.087 0.674 0.913 0.762 1.0 0.097 0.014 1.000
0.0 0.0 0.0 1.0 0.0 0.0 0.0 0.0 0.0 0.0 0.109 0.652 0.891 0.740 2.0 0.139 0.043 1.000
0.0 1.0 0.0 0.0 0.0 0.0 0.0 0.0 0.0 0.0 0.109 0.826 0.826 0.826 1.0 0.097 0.029 0.040
0.0 1.0 0.0 0.0 0.0 0.0 0.0 0.0 0.0 0.0 0.087 0.848 0.848 0.848 1.0 0.097 0.029 0.040
0.0 1.0 0.0 0.0 0.0 0.0 0.0 0.0 0.0 0.0 0.109 0.652 0.891 0.740 1.0 0.097 0.029 1.000
0.0 1.0 0.0 0.0 0.0 0.0 0.0 0.0 0.0 0.0 0.087 0.848 0.848 0.848 1.0 0.097 0.014 0.040
0.0 0.0 0.0 1.0 0.0 0.0 0.0 0.0 0.0 0.0 0.087 0.848 0.848 0.848 2.0 0.139 0.029 0.040
0.0 1.0 0.0 0.0 0.0 0.0 0.0 0.0 0.0 0.0 0.087 0.848 0.848 0.848 1.0 0.097 0.014 0.040
0.0 1.0 0.0 0.0 0.0 0.0 0.0 0.0 0.0 0.0 0.087 0.674 0.913 0.762 1.0 0.097 0.014 1.000
0.0 0.0 0.0 1.0 0.0 0.0 0.0 0.0 0.0 0.0 0.087 0.674 0.913 0.762 2.0 0.139 0.029 1.000
0.0 1.0 0.0 0.0 0.0 0.0 0.0 0.0 0.0 0.0 0.087 0.674 0.913 0.762 1.0 0.097 0.014 1.000
0.0 0.0 0.0 1.0 0.0 0.0 0.0 0.0 0.0 0.0 0.087 0.674 0.913 0.762 2.0 0.139 0.029 1.000
0.0 1.0 0.0 0.0 0.0 0.0 0.0 0.0 0.0 0.0 0.087 0.674 0.913 0.762 1.0 0.097 0.029 1.000
0.0 1.0 0.0 0.0 0.0 0.0 0.0 0.0 0.0 0.0 0.087 0.848 0.848 0.848 1.0 0.097 0.014 0.040
0.0 1.0 0.0 0.0 0.0 0.0 0.0 0.0 0.0 0.0 0.109 0.826 0.826 0.826 2.0 0.111 0.043 0.040
0.0 0.0 0.0 1.0 0.0 0.0 0.0 0.0 0.0 0.0 0.087 0.848 0.848 0.848 2.0 0.111 0.029 0.040
0.0 1.0 0.0 0.0 0.0 0.0 0.0 0.0 0.0 0.0 0.087 0.913 0.913 0.913 1.0 0.097 0.043 0.040
0.0 1.0 0.0 0.0 0.0 0.0 0.0 0.0 0.0 0.0 0.109 0.891 0.891 0.891 2.0 0.111 0.072 0.040
0.0 0.0 0.0 1.0 0.0 0.0 0.0 0.0 0.0 0.0 0.087 0.913 0.913 0.913 2.0 0.111 0.058 0.040
0.0 0.0 0.0 1.0 0.0 0.0 0.0 0.0 0.0 0.0 0.109 0.652 0.891 0.740 2.0 0.167 0.029 1.000
0.0 0.0 0.0 1.0 0.0 0.0 0.0 0.0 0.0 0.0 0.130 0.630 0.870 0.718 2.0 0.153 0.072 1.000
0.0 1.0 0.0 0.0 0.0 0.0 0.0 0.0 0.0 0.0 0.087 0.674 0.913 0.762 1.0 0.097 0.014 1.000
0.0 0.0 0.0 1.0 0.0 0.0 0.0 0.0 0.0 0.0 0.130 0.630 0.870 0.718 2.0 0.139 0.058 1.000
0.0 1.0 0.0 0.0 0.0 0.0 0.0 0.0 0.0 0.0 0.087 0.674 0.913 0.762 1.0 0.097 0.014 1.000
0.0 1.0 0.0 0.0 0.0 0.0 0.0 0.0 0.0 0.0 0.109 0.652 0.891 0.740 1.0 0.097 0.029 1.000
0.0 0.0 0.0 1.0 0.0 0.0 0.0 0.0 0.0 0.0 0.109 0.652 0.891 0.740 2.0 0.125 0.058 1.000
0.0 0.0 0.0 1.0 0.0 0.0 0.0 0.0 0.0 0.0 0.109 0.652 0.891 0.740 2.0 0.167 0.029 1.000
0.0 1.0 0.0 0.0 0.0 0.0 0.0 0.0 0.0 0.0 0.152 0.609 0.848 0.697 1.0 0.111 0.043 1.000
0.0 1.0 0.0 0.0 0.0 0.0 0.0 0.0 0.0 0.0 0.130 0.630 0.870 0.718 2.0 0.097 0.043 1.000
0.0 0.0 0.0 1.0 0.0 0.0 0.0 0.0 0.0 0.0 0.109 0.652 0.891 0.740 2.0 0.125 0.029 1.000
0.0 0.0 0.0 1.0 0.0 0.0 0.0 0.0 0.0 0.0 0.130 0.630 0.870 0.718 2.0 0.167 0.043 1.000
0.0 1.0 0.0 0.0 0.0 0.0 0.0 0.0 0.0 0.0 0.109 0.652 0.891 0.740 2.0 0.111 0.058 1.000
1.0 0.0 0.0 0.0 0.0 0.0 0.0 0.0 0.0 0.0 0.087 0.674 0.913 0.762 1.0 0.097 0.043 1.000
1.0 0.0 0.0 0.0 0.0 0.0 0.0 0.0 0.0 0.0 0.087 0.761 0.761 0.761 1.0 0.125 0.043 0.040
1.0 0.0 0.0 0.0 0.0 0.0 0.0 0.0 0.0 0.0 0.087 0.674 0.913 0.762 1.0 0.125 0.043 1.000
1.0 0.0 0.0 0.0 0.0 0.0 0.0 0.0 0.0 0.0 0.087 0.761 0.761 0.761 1.0 0.125 0.043 0.040
0.0 1.0 0.0 0.0 0.0 0.0 0.0 0.0 0.0 0.0 0.130 0.630 0.870 0.718 1.0 0.139 0.029 1.000
0.0 0.0 0.0 1.0 0.0 0.0 0.0 0.0 0.0 0.0 0.109 0.652 0.891 0.740 2.0 0.125 0.058 1.000
0.0 0.0 0.0 1.0 0.0 0.0 0.0 0.0 0.0 0.0 0.109 0.652 0.891 0.740 2.0 0.139 0.029 1.000
0.0 0.0 0.0 1.0 0.0 0.0 0.0 0.0 0.0 0.0 0.109 0.652 0.891 0.740 2.0 0.139 0.029 1.000
0.0 0.0 0.0 1.0 0.0 0.0 0.0 0.0 0.0 0.0 0.109 0.652 0.891 0.740 2.0 0.139 0.043 1.000
0.0 0.0 0.0 1.0 0.0 0.0 0.0 0.0 0.0 0.0 0.109 0.652 0.891 0.740 2.0 0.139 0.043 1.000
0.0 0.0 0.0 1.0 0.0 0.0 0.0 0.0 0.0 0.0 0.109 0.652 0.891 0.740 2.0 0.139 0.029 1.000
0.0 0.0 0.0 1.0 0.0 0.0 0.0 0.0 0.0 0.0 0.109 0.652 0.891 0.740 2.0 0.139 0.029 1.000
0.0 0.0 0.0 1.0 0.0 0.0 0.0 0.0 0.0 0.0 0.109 0.826 0.826 0.826 2.0 0.139 0.029 0.040
0.0 0.0 0.0 1.0 0.0 0.0 0.0 0.0 0.0 0.0 0.109 0.652 0.891 0.740 2.0 0.139 0.029 1.000
0.0 0.0 0.0 1.0 0.0 0.0 0.0 0.0 0.0 0.0 0.109 0.652 0.891 0.740 2.0 0.139 0.029 1.000
0.0 1.0 0.0 0.0 0.0 0.0 0.0 0.0 0.0 0.0 0.152 0.783 0.783 0.783 1.0 0.097 0.043 0.040
0.0 1.0 0.0 0.0 0.0 0.0 0.0 0.0 0.0 0.0 0.130 0.804 0.804 0.804 2.0 0.083 0.043 0.040
0.0 0.0 0.0 1.0 0.0 0.0 0.0 0.0 0.0 0.0 0.109 0.826 0.826 0.826 2.0 0.111 0.029 0.040
0.0 1.0 0.0 0.0 0.0 0.0 0.0 0.0 0.0 0.0 0.152 0.783 0.783 0.783 1.0 0.125 0.043 0.040
0.0 0.0 0.0 1.0 0.0 0.0 0.0 0.0 0.0 0.0 0.109 0.891 0.891 0.891 2.0 0.139 0.058 0.040
0.0 0.0 0.0 1.0 0.0 0.0 0.0 0.0 0.0 0.0 0.109 0.652 0.891 0.740 2.0 0.139 0.043 1.000
0.0 0.0 0.0 1.0 0.0 0.0 0.0 0.0 0.0 0.0 0.130 0.630 0.870 0.718 2.0 0.125 0.058 1.000
0.0 1.0 0.0 0.0 0.0 0.0 0.0 0.0 0.0 0.0 0.152 0.609 0.848 0.697 1.0 0.125 0.072 1.000
0.0 0.0 0.0 1.0 0.0 0.0 0.0 0.0 0.0 0.0 0.130 0.630 0.870 0.718 2.0 0.139 0.058 1.000
0.0 0.0 0.0 1.0 0.0 0.0 0.0 0.0 0.0 0.0 0.152 0.609 0.848 0.697 2.0 0.139 0.058 1.000
0.0 1.0 0.0 0.0 0.0 0.0 0.0 0.0 0.0 0.0 0.152 0.609 0.848 0.697 1.0 0.111 0.043 1.000
0.0 1.0 0.0 0.0 0.0 0.0 0.0 0.0 0.0 0.0 0.109 0.739 0.739 0.739 1.0 0.097 0.043 0.040
0.0 1.0 0.0 0.0 0.0 0.0 0.0 0.0 0.0 0.0 0.130 0.630 0.870 0.718 1.0 0.097 0.058 1.000
0.0 1.0 0.0 0.0 0.0 0.0 0.0 0.0 0.0 0.0 0.109 0.739 0.739 0.739 1.0 0.097 0.043 0.040
0.0 1.0 0.0 0.0 0.0 0.0 0.0 0.0 0.0 0.0 0.109 0.652 0.891 0.740 1.0 0.097 0.043 1.000
0.0 0.0 0.0 1.0 0.0 0.0 0.0 0.0 0.0 0.0 0.130 0.630 0.870 0.718 2.0 0.167 0.043 1.000
0.0 0.0 0.0 1.0 0.0 0.0 0.0 0.0 0.0 0.0 0.130 0.630 0.870 0.718 2.0 0.167 0.029 1.000
0.0 0.0 0.0 1.0 0.0 0.0 0.0 0.0 0.0 0.0 0.130 0.630 0.870 0.718 2.0 0.167 0.043 1.000
0.0 0.0 0.0 1.0 0.0 0.0 0.0 0.0 0.0 0.0 0.130 0.630 0.870 0.718 2.0 0.167 0.043 1.000
0.0 0.0 0.0 1.0 0.0 0.0 0.0 0.0 0.0 0.0 0.130 0.630 0.870 0.718 2.0 0.167 0.029 1.000
0.0 0.0 0.0 1.0 0.0 0.0 0.0 0.0 0.0 0.0 0.130 0.630 0.870 0.718 2.0 0.167 0.043 1.000
0.0 0.0 0.0 1.0 0.0 0.0 0.0 0.0 0.0 0.0 0.130 0.804 0.804 0.804 2.0 0.167 0.029 0.040
0.0 0.0 0.0 1.0 0.0 0.0 0.0 0.0 0.0 0.0 0.130 0.630 0.870 0.718 2.0 0.167 0.029 1.000
0.0 0.0 0.0 1.0 0.0 0.0 0.0 0.0 0.0 0.0 0.130 0.630 0.870 0.718 2.0 0.167 0.029 1.000
0.0 0.0 0.0 1.0 0.0 0.0 0.0 0.0 0.0 0.0 0.174 0.761 0.761 0.761 2.0 0.139 0.058 0.040
0.0 0.0 0.0 1.0 0.0 0.0 0.0 0.0 0.0 0.0 0.130 0.870 0.870 0.870 2.0 0.153 0.072 0.040
0.0 1.0 0.0 0.0 0.0 0.0 0.0 0.0 0.0 0.0 0.130 0.630 0.870 0.718 1.0 0.111 0.029 1.000
0.0 0.0 0.0 1.0 0.0 0.0 0.0 0.0 0.0 0.0 0.130 0.630 0.870 0.718 2.0 0.153 0.043 1.000
0.0 1.0 0.0 0.0 0.0 0.0 0.0 0.0 0.0 0.0 0.152 0.609 0.848 0.697 1.0 0.111 0.072 1.000
0.0 0.0 0.0 1.0 0.0 0.0 0.0 0.0 0.0 0.0 0.152 0.609 0.848 0.697 2.0 0.153 0.087 1.000
0.0 0.0 0.0 1.0 0.0 0.0 0.0 0.0 0.0 0.0 0.152 0.609 0.848 0.697 2.0 0.167 0.058 1.000
0.0 1.0 0.0 0.0 0.0 0.0 0.0 0.0 0.0 0.0 0.174 0.587 0.826 0.675 2.0 0.125 0.072 1.000
0.0 0.0 0.0 1.0 0.0 0.0 0.0 0.0 0.0 0.0 0.152 0.609 0.848 0.697 2.0 0.139 0.058 1.000
0.0 1.0 0.0 0.0 0.0 0.0 0.0 0.0 0.0 0.0 0.130 0.630 0.870 0.718 2.0 0.097 0.043 1.000
0.0 1.0 0.0 0.0 0.0 0.0 0.0 0.0 0.0 0.0 0.152 0.609 0.848 0.697 1.0 0.083 0.043 1.000
0.0 0.0 0.0 1.0 0.0 0.0 0.0 0.0 0.0 0.0 0.130 0.630 0.870 0.718 2.0 0.153 0.043 1.000
0.0 1.0 0.0 0.0 0.0 0.0 0.0 0.0 0.0 0.0 0.174 0.587 0.826 0.675 1.0 0.097 0.043 1.000
0.0 0.0 0.0 1.0 0.0 0.0 0.0 0.0 0.0 0.0 0.174 0.587 0.826 0.675 2.0 0.139 0.058 1.000
0.0 1.0 0.0 0.0 0.0 0.0 0.0 0.0 0.0 0.0 0.174 0.761 0.761 0.761 2.0 0.097 0.058 0.040
0.0 0.0 0.0 1.0 0.0 0.0 0.0 0.0 0.0 0.0 0.174 0.587 0.826 0.675 2.0 0.125 0.058 1.000
0.0 1.0 0.0 0.0 0.0 0.0 0.0 0.0 0.0 0.0 0.174 0.587 0.826 0.675 2.0 0.083 0.087 1.000
0.0 1.0 0.0 0.0 0.0 0.0 0.0 0.0 0.0 0.0 0.196 0.565 0.804 0.653 1.0 0.083 0.087 1.000
1.0 0.0 0.0 0.0 0.0 0.0 0.0 0.0 0.0 0.0 0.152 0.609 0.848 0.697 1.0 0.125 0.029 1.000
1.0 0.0 0.0 0.0 0.0 0.0 0.0 0.0 0.0 0.0 0.152 0.826 0.826 0.826 1.0 0.125 0.029 0.040
0.0 0.0 0.0 1.0 0.0 0.0 0.0 0.0 0.0 0.0 0.152 0.609 0.848 0.697 2.0 0.139 0.043 1.000
0.0 0.0 0.0 1.0 0.0 0.0 0.0 0.0 0.0 0.0 0.174 0.587 0.826 0.675 2.0 0.139 0.087 1.000
0.0 0.0 0.0 1.0 0.0 0.0 0.0 0.0 0.0 0.0 0.174 0.587 0.826 0.675 2.0 0.139 0.058 1.000
0.0 0.0 0.0 1.0 0.0 0.0 0.0 0.0 0.0 0.0 0.196 0.565 0.804 0.653 2.0 0.139 0.058 1.000
0.0 1.0 0.0 0.0 0.0 0.0 0.0 0.0 0.0 0.0 0.152 0.609 0.848 0.697 1.0 0.125 0.058 1.000
0.0 1.0 0.0 0.0 0.0 0.0 0.0 0.0 0.0 0.0 0.174 0.587 0.826 0.675 2.0 0.097 0.058 1.000
0.0 0.0 0.0 1.0 0.0 0.0 0.0 0.0 0.0 0.0 0.152 0.609 0.848 0.697 2.0 0.125 0.043 1.000
0.0 1.0 0.0 0.0 0.0 0.0 0.0 0.0 0.0 0.0 0.152 0.609 0.848 0.697 1.0 0.111 0.029 1.000
0.0 0.0 0.0 1.0 0.0 0.0 0.0 0.0 0.0 0.0 0.152 0.609 0.848 0.697 2.0 0.153 0.058 1.000
0.0 1.0 0.0 0.0 0.0 0.0 0.0 0.0 0.0 0.0 0.152 0.609 0.848 0.697 1.0 0.111 0.043 1.000
0.0 0.0 0.0 1.0 0.0 0.0 0.0 0.0 0.0 0.0 0.152 0.609 0.848 0.697 2.0 0.153 0.058 1.000
0.0 1.0 0.0 0.0 0.0 0.0 0.0 0.0 0.0 0.0 0.152 0.609 0.848 0.697 1.0 0.111 0.043 1.000
0.0 0.0 0.0 1.0 0.0 0.0 0.0 0.0 0.0 0.0 0.152 0.609 0.848 0.697 2.0 0.139 0.058 1.000
0.0 1.0 0.0 0.0 0.0 0.0 0.0 0.0 0.0 0.0 0.152 0.609 0.848 0.697 1.0 0.111 0.043 1.000
0.0 0.0 0.0 1.0 0.0 0.0 0.0 0.0 0.0 0.0 0.152 0.609 0.848 0.697 2.0 0.139 0.072 1.000
0.0 1.0 0.0 0.0 0.0 0.0 0.0 0.0 0.0 0.0 0.152 0.609 0.848 0.697 1.0 0.111 0.043 1.000
0.0 0.0 0.0 1.0 0.0 0.0 0.0 0.0 0.0 0.0 0.152 0.609 0.848 0.697 2.0 0.167 0.058 1.000
0.0 1.0 0.0 0.0 0.0 0.0 0.0 0.0 0.0 0.0 0.152 0.609 0.848 0.697 1.0 0.111 0.029 1.000
0.0 0.0 0.0 1.0 0.0 0.0 0.0 0.0 0.0 0.0 0.152 0.609 0.848 0.697 2.0 0.139 0.043 1.000
0.0 1.0 0.0 0.0 0.0 0.0 0.0 0.0 0.0 0.0 0.152 0.609 0.848 0.697 2.0 0.097 0.043 1.000
0.0 1.0 0.0 0.0 0.0 0.0 0.0 0.0 0.0 0.0 0.174 0.587 0.826 0.675 1.0 0.083 0.043 1.000
0.0 0.0 0.0 1.0 0.0 0.0 0.0 0.0 0.0 0.0 0.196 0.739 0.739 0.739 2.0 0.139 0.087 0.040
0.0 1.0 0.0 0.0 0.0 0.0 0.0 0.0 0.0 0.0 0.196 0.739 0.739 0.739 1.0 0.111 0.058 0.040
0.0 1.0 0.0 0.0 0.0 0.0 0.0 0.0 0.0 0.0 0.152 0.848 0.848 0.848 1.0 0.111 0.072 0.040
0.0 0.0 0.0 1.0 0.0 0.0 0.0 0.0 0.0 0.0 0.196 0.565 0.804 0.653 2.0 0.125 0.087 1.000
0.0 1.0 0.0 0.0 0.0 0.0 0.0 0.0 0.0 0.0 0.196 0.565 0.804 0.653 1.0 0.097 0.072 1.000
0.0 0.0 0.0 1.0 0.0 0.0 0.0 0.0 0.0 0.0 0.196 0.565 0.804 0.653 2.0 0.139 0.058 1.000
0.0 1.0 0.0 0.0 0.0 0.0 0.0 0.0 0.0 0.0 0.152 0.783 0.783 0.783 1.0 0.111 0.029 0.040
0.0 0.0 0.0 1.0 0.0 0.0 0.0 0.0 0.0 0.0 0.152 0.783 0.783 0.783 2.0 0.153 0.043 0.040
0.0 1.0 0.0 0.0 0.0 0.0 0.0 0.0 0.0 0.0 0.152 0.609 0.848 0.697 2.0 0.097 0.043 1.000
0.0 1.0 0.0 0.0 0.0 0.0 0.0 0.0 0.0 0.0 0.174 0.587 0.826 0.675 1.0 0.083 0.043 1.000
0.0 0.0 0.0 1.0 0.0 0.0 0.0 0.0 0.0 0.0 0.152 0.609 0.848 0.697 2.0 0.153 0.058 1.000
0.0 0.0 0.0 1.0 0.0 0.0 0.0 0.0 0.0 0.0 0.174 0.587 0.826 0.675 2.0 0.167 0.043 1.000
0.0 1.0 0.0 0.0 0.0 0.0 0.0 0.0 0.0 0.0 0.174 0.587 0.826 0.675 1.0 0.111 0.058 1.000
0.0 0.0 0.0 1.0 0.0 0.0 0.0 0.0 0.0 0.0 0.174 0.587 0.826 0.675 2.0 0.153 0.072 1.000
0.0 0.0 0.0 1.0 0.0 0.0 0.0 0.0 0.0 0.0 0.196 0.565 0.804 0.653 2.0 0.167 0.087 1.000
0.0 0.0 0.0 1.0 0.0 0.0 0.0 0.0 0.0 0.0 0.217 0.543 0.783 0.631 2.0 0.167 0.058 1.000
0.0 0.0 0.0 1.0 0.0 0.0 0.0 0.0 0.0 0.0 0.196 0.565 0.804 0.653 2.0 0.167 0.058 1.000
0.0 0.0 0.0 1.0 0.0 0.0 0.0 0.0 0.0 0.0 0.174 0.587 0.826 0.675 2.0 0.125 0.043 1.000
0.0 0.0 0.0 1.0 0.0 0.0 0.0 0.0 0.0 0.0 0.174 0.587 0.826 0.675 2.0 0.139 0.058 1.000
0.0 0.0 0.0 1.0 0.0 0.0 0.0 0.0 0.0 0.0 0.174 0.587 0.826 0.675 2.0 0.139 0.058 1.000
0.0 1.0 0.0 0.0 0.0 0.0 0.0 0.0 0.0 0.0 0.174 0.804 0.804 0.804 1.0 0.097 0.029 0.040
0.0 1.0 0.0 0.0 0.0 0.0 0.0 0.0 0.0 0.0 0.174 0.587 0.826 0.675 1.0 0.097 0.029 1.000
0.0 0.0 0.0 1.0 0.0 0.0 0.0 0.0 0.0 0.0 0.174 0.587 0.826 0.675 2.0 0.125 0.058 1.000
0.0 0.0 0.0 1.0 0.0 0.0 0.0 0.0 0.0 0.0 0.174 0.587 0.826 0.675 2.0 0.125 0.058 1.000
0.0 0.0 0.0 1.0 0.0 0.0 0.0 0.0 0.0 0.0 0.174 0.587 0.826 0.675 2.0 0.153 0.058 1.000
0.0 0.0 0.0 1.0 0.0 0.0 0.0 0.0 0.0 0.0 0.196 0.565 0.804 0.653 2.0 0.125 0.058 1.000
0.0 0.0 0.0 1.0 0.0 0.0 0.0 0.0 0.0 0.0 0.217 0.717 0.717 0.717 2.0 0.125 0.087 0.040
0.0 0.0 0.0 1.0 0.0 0.0 0.0 0.0 0.0 0.0 0.217 0.543 0.783 0.631 2.0 0.125 0.087 1.000
0.0 1.0 0.0 0.0 0.0 0.0 0.0 0.0 0.0 0.0 0.174 0.587 0.826 0.675 1.0 0.097 0.058 1.000
0.0 0.0 0.0 1.0 0.0 0.0 0.0 0.0 0.0 0.0 0.174 0.761 0.761 0.761 2.0 0.139 0.043 0.040
0.0 0.0 0.0 1.0 0.0 0.0 0.0 0.0 0.0 0.0 0.196 0.565 0.804 0.653 2.0 0.139 0.072 1.000
0.0 0.0 0.0 1.0 0.0 0.0 0.0 0.0 0.0 0.0 0.196 0.565 0.804 0.653 2.0 0.139 0.072 1.000
0.0 1.0 0.0 0.0 0.0 0.0 0.0 0.0 0.0 0.0 0.217 0.543 0.783 0.631 1.0 0.125 0.058 1.000
0.0 0.0 0.0 1.0 0.0 0.0 0.0 0.0 0.0 0.0 0.196 0.565 0.804 0.653 2.0 0.125 0.058 1.000
0.0 0.0 0.0 1.0 0.0 0.0 0.0 0.0 0.0 0.0 0.196 0.565 0.804 0.653 2.0 0.181 0.058 1.000
0.0 0.0 0.0 1.0 0.0 0.0 0.0 0.0 0.0 0.0 0.196 0.565 0.804 0.653 2.0 0.181 0.058 1.000
0.0 0.0 0.0 1.0 0.0 0.0 0.0 0.0 0.0 0.0 0.196 0.565 0.804 0.653 2.0 0.139 0.058 1.000
0.0 0.0 0.0 1.0 0.0 0.0 0.0 0.0 0.0 0.0 0.196 0.565 0.804 0.653 2.0 0.139 0.072 1.000
0.0 0.0 0.0 1.0 0.0 0.0 0.0 0.0 0.0 0.0 0.196 0.565 0.804 0.653 2.0 0.208 0.058 1.000
0.0 0.0 0.0 1.0 0.0 0.0 0.0 0.0 0.0 0.0 0.217 0.543 0.783 0.631 2.0 0.153 0.058 1.000
0.0 0.0 0.0 1.0 0.0 0.0 0.0 0.0 0.0 0.0 0.239 0.696 0.696 0.696 2.0 0.139 0.087 0.040
0.0 1.0 0.0 0.0 0.0 0.0 0.0 0.0 0.0 0.0 0.196 0.565 0.804 0.653 1.0 0.111 0.043 1.000
0.0 0.0 0.0 1.0 0.0 0.0 0.0 0.0 0.0 0.0 0.239 0.522 0.761 0.610 2.0 0.139 0.087 1.000
0.0 1.0 0.0 0.0 0.0 0.0 0.0 0.0 0.0 0.0 0.217 0.543 0.783 0.631 1.0 0.111 0.087 1.000
0.0 1.0 0.0 0.0 0.0 0.0 0.0 0.0 0.0 0.0 0.239 0.522 0.761 0.610 1.0 0.111 0.058 1.000
0.0 1.0 0.0 0.0 0.0 0.0 0.0 0.0 0.0 0.0 0.217 0.543 0.783 0.631 2.0 0.097 0.072 1.000
0.0 1.0 0.0 0.0 0.0 0.0 0.0 0.0 0.0 0.0 0.239 0.522 0.761 0.610 1.0 0.083 0.072 1.000
0.0 0.0 0.0 1.0 0.0 0.0 0.0 0.0 0.0 0.0 0.217 0.543 0.783 0.631 2.0 0.167 0.072 1.000
0.0 0.0 0.0 1.0 0.0 0.0 0.0 0.0 0.0 0.0 0.196 0.739 0.739 0.739 2.0 0.167 0.043 0.040
0.0 0.0 0.0 1.0 0.0 0.0 0.0 0.0 0.0 0.0 0.217 0.543 0.783 0.631 2.0 0.167 0.072 1.000
0.0 1.0 0.0 0.0 0.0 0.0 0.0 0.0 0.0 0.0 0.217 0.543 0.783 0.631 1.0 0.139 0.058 1.000
0.0 1.0 0.0 0.0 0.0 0.0 0.0 0.0 0.0 0.0 0.217 0.543 0.783 0.631 1.0 0.139 0.072 1.000
0.0 1.0 0.0 0.0 0.0 0.0 0.0 0.0 0.0 0.0 0.239 0.522 0.761 0.610 1.0 0.181 0.058 1.000
0.0 1.0 0.0 0.0 0.0 0.0 0.0 0.0 0.0 0.0 0.217 0.543 0.783 0.631 1.0 0.139 0.058 1.000
0.0 0.0 0.0 1.0 0.0 0.0 0.0 0.0 0.0 0.0 0.261 0.500 0.739 0.588 2.0 0.153 0.116 1.000
0.0 0.0 0.0 1.0 0.0 0.0 0.0 0.0 0.0 0.0 0.261 0.500 0.739 0.588 2.0 0.153 0.130 1.000
0.0 1.0 0.0 0.0 0.0 0.0 0.0 0.0 0.0 0.0 0.239 0.522 0.761 0.610 1.0 0.097 0.058 1.000
0.0 1.0 0.0 0.0 0.0 0.0 0.0 0.0 0.0 0.0 0.261 0.674 0.674 0.674 1.0 0.125 0.087 0.040
0.0 1.0 0.0 0.0 0.0 0.0 0.0 0.0 0.0 0.0 0.261 0.500 0.739 0.588 1.0 0.125 0.087 1.000
0.0 1.0 0.0 0.0 0.0 0.0 0.0 0.0 0.0 0.0 0.239 0.522 0.761 0.610 2.0 0.125 0.072 1.000
1.0 0.0 0.0 0.0 0.0 0.0 0.0 0.0 0.0 0.0 0.217 0.543 0.783 0.631 1.0 0.125 0.058 1.000
0.0 1.0 0.0 0.0 0.0 0.0 0.0 0.0 0.0 0.0 0.239 0.522 0.761 0.610 2.0 0.097 0.087 1.000
0.0 1.0 0.0 0.0 0.0 0.0 0.0 0.0 0.0 0.0 0.261 0.500 0.739 0.588 1.0 0.083 0.087 1.000
0.0 1.0 0.0 0.0 0.0 0.0 0.0 0.0 0.0 0.0 0.217 0.717 0.717 0.717 1.0 0.111 0.043 0.040
0.0 0.0 0.0 1.0 0.0 0.0 0.0 0.0 0.0 0.0 0.239 0.522 0.761 0.610 2.0 0.153 0.159 1.000
0.0 1.0 0.0 0.0 0.0 0.0 0.0 0.0 0.0 0.0 0.239 0.522 0.761 0.610 1.0 0.111 0.072 1.000
0.0 0.0 0.0 1.0 0.0 0.0 0.0 0.0 0.0 0.0 0.283 0.478 0.717 0.566 2.0 0.167 0.130 1.000
1.0 0.0 0.0 0.0 0.0 0.0 0.0 0.0 0.0 0.0 0.217 0.543 0.783 0.631 1.0 0.139 0.058 1.000
1.0 0.0 0.0 0.0 0.0 0.0 0.0 0.0 0.0 0.0 0.217 0.761 0.761 0.761 1.0 0.139 0.058 0.040
1.0 0.0 0.0 0.0 0.0 0.0 0.0 0.0 0.0 0.0 0.217 0.717 0.717 0.717 1.0 0.153 0.058 0.040
1.0 0.0 0.0 0.0 0.0 0.0 0.0 0.0 0.0 0.0 0.217 0.543 0.783 0.631 1.0 0.153 0.058 1.000
1.0 0.0 0.0 0.0 0.0 0.0 0.0 0.0 0.0 0.0 0.217 0.717 0.717 0.717 1.0 0.139 0.058 0.040
1.0 0.0 0.0 0.0 0.0 0.0 0.0 0.0 0.0 0.0 0.217 0.543 0.783 0.631 1.0 0.139 0.058 1.000
1.0 0.0 0.0 0.0 0.0 0.0 0.0 0.0 0.0 0.0 0.261 0.500 0.739 0.588 1.0 0.153 0.058 1.000
1.0 0.0 0.0 0.0 0.0 0.0 0.0 0.0 0.0 0.0 0.239 0.522 0.761 0.610 1.0 0.139 0.072 1.000
0.0 1.0 0.0 0.0 0.0 0.0 0.0 0.0 0.0 0.0 0.283 0.652 0.652 0.652 1.0 0.097 0.087 0.040
0.0 0.0 0.0 1.0 0.0 0.0 0.0 0.0 0.0 0.0 0.261 0.500 0.739 0.588 2.0 0.153 0.159 1.000
0.0 0.0 0.0 1.0 0.0 0.0 0.0 0.0 0.0 0.0 0.283 0.478 0.717 0.566 2.0 0.139 0.145 1.000
0.0 1.0 0.0 0.0 0.0 0.0 0.0 0.0 0.0 0.0 0.283 0.478 0.717 0.566 1.0 0.097 0.087 1.000
1.0 0.0 0.0 0.0 0.0 0.0 0.0 0.0 0.0 0.0 0.239 0.761 0.761 0.761 1.0 0.125 0.058 0.040
1.0 0.0 0.0 0.0 0.0 0.0 0.0 0.0 0.0 0.0 0.239 0.522 0.761 0.610 1.0 0.125 0.058 1.000
1.0 0.0 0.0 0.0 0.0 0.0 0.0 0.0 0.0 0.0 0.239 0.522 0.761 0.610 1.0 0.125 0.058 1.000
1.0 0.0 0.0 0.0 0.0 0.0 0.0 0.0 0.0 0.0 0.239 0.739 0.739 0.739 1.0 0.125 0.058 0.040
1.0 0.0 0.0 0.0 0.0 0.0 0.0 0.0 0.0 0.0 0.239 0.696 0.696 0.696 1.0 0.125 0.072 0.040
1.0 0.0 0.0 0.0 0.0 0.0 0.0 0.0 0.0 0.0 0.261 0.739 0.739 0.739 1.0 0.139 0.058 0.040
1.0 0.0 0.0 0.0 0.0 0.0 0.0 0.0 0.0 0.0 0.261 0.500 0.739 0.588 1.0 0.139 0.058 1.000
0.0 0.0 0.0 1.0 0.0 0.0 0.0 0.0 0.0 0.0 0.304 0.457 0.696 0.544 2.0 0.153 0.188 1.000
0.0 1.0 0.0 0.0 0.0 0.0 0.0 0.0 0.0 0.0 0.304 0.457 0.696 0.544 2.0 0.097 0.145 1.000
0.0 1.0 0.0 0.0 0.0 0.0 0.0 0.0 0.0 0.0 0.326 0.435 0.674 0.523 1.0 0.083 0.145 1.000
0.0 1.0 0.0 0.0 0.0 0.0 0.0 0.0 0.0 0.0 0.239 0.522 0.761 0.610 1.0 0.097 0.058 1.000
0.0 1.0 0.0 0.0 0.0 0.0 0.0 0.0 0.0 0.0 0.239 0.739 0.739 0.739 1.0 0.097 0.058 0.040
0.0 0.0 0.0 1.0 0.0 0.0 0.0 0.0 0.0 0.0 0.239 0.696 0.696 0.696 2.0 0.139 0.087 0.040
0.0 1.0 0.0 0.0 0.0 0.0 0.0 0.0 0.0 0.0 0.239 0.696 0.696 0.696 1.0 0.097 0.058 0.040
0.0 0.0 0.0 1.0 0.0 0.0 0.0 0.0 0.0 0.0 0.239 0.522 0.761 0.610 2.0 0.139 0.087 1.000
0.0 1.0 0.0 0.0 0.0 0.0 0.0 0.0 0.0 0.0 0.239 0.522 0.761 0.610 1.0 0.097 0.058 1.000
0.0 1.0 0.0 0.0 0.0 0.0 0.0 0.0 0.0 0.0 0.239 0.696 0.696 0.696 1.0 0.097 0.058 0.040
0.0 1.0 0.0 0.0 0.0 0.0 0.0 0.0 0.0 0.0 0.239 0.522 0.761 0.610 1.0 0.097 0.058 1.000
0.0 0.0 0.0 1.0 0.0 0.0 0.0 0.0 0.0 0.0 0.283 0.478 0.717 0.566 2.0 0.167 0.159 1.000
0.0 0.0 0.0 1.0 0.0 0.0 0.0 0.0 0.0 0.0 0.304 0.457 0.696 0.544 2.0 0.139 0.145 1.000
1.0 0.0 0.0 0.0 0.0 0.0 0.0 0.0 0.0 0.0 0.261 0.739 0.739 0.739 1.0 0.125 0.072 0.040
1.0 0.0 0.0 0.0 0.0 0.0 0.0 0.0 0.0 0.0 0.261 0.500 0.739 0.588 1.0 0.125 0.072 1.000
0.0 0.0 0.0 1.0 0.0 0.0 0.0 0.0 0.0 0.0 0.348 0.413 0.652 0.501 2.0 0.153 0.188 1.000
0.0 1.0 0.0 0.0 0.0 0.0 0.0 0.0 0.0 0.0 0.261 0.500 0.739 0.588 1.0 0.097 0.058 1.000
0.0 0.0 0.0 1.0 0.0 0.0 0.0 0.0 0.0 0.0 0.261 0.500 0.739 0.588 2.0 0.139 0.116 1.000
0.0 1.0 0.0 0.0 0.0 0.0 0.0 0.0 0.0 0.0 0.261 0.500 0.739 0.588 1.0 0.097 0.058 1.000
0.0 0.0 0.0 1.0 0.0 0.0 0.0 0.0 0.0 0.0 0.261 0.717 0.717 0.717 2.0 0.139 0.116 0.040
0.0 1.0 0.0 0.0 0.0 0.0 0.0 0.0 0.0 0.0 0.261 0.717 0.717 0.717 1.0 0.097 0.058 0.040
0.0 0.0 0.0 1.0 0.0 0.0 0.0 0.0 0.0 0.0 0.261 0.674 0.674 0.674 2.0 0.139 0.087 0.040
0.0 0.0 0.0 1.0 0.0 0.0 0.0 0.0 0.0 0.0 0.261 0.500 0.739 0.588 2.0 0.139 0.087 1.000
1.0 0.0 0.0 0.0 0.0 0.0 0.0 0.0 0.0 0.0 0.283 0.652 0.652 0.652 1.0 0.125 0.058 0.040
1.0 0.0 0.0 0.0 0.0 0.0 0.0 0.0 0.0 0.0 0.283 0.478 0.717 0.566 1.0 0.125 0.058 1.000
0.0 0.0 0.0 1.0 0.0 0.0 0.0 0.0 0.0 0.0 0.261 0.674 0.674 0.674 2.0 0.139 0.116 0.040
0.0 1.0 0.0 0.0 0.0 0.0 0.0 0.0 0.0 0.0 0.261 0.674 0.674 0.674 1.0 0.097 0.072 0.040
0.0 0.0 0.0 1.0 0.0 0.0 0.0 0.0 0.0 0.0 0.326 0.435 0.674 0.523 2.0 0.167 0.145 1.000
0.0 1.0 0.0 0.0 0.0 0.0 0.0 0.0 0.0 0.0 0.283 0.717 0.717 0.717 2.0 0.083 0.072 0.040
0.0 1.0 0.0 0.0 0.0 0.0 0.0 0.0 0.0 0.0 0.304 0.696 0.696 0.696 1.0 0.083 0.072 0.040
0.0 1.0 0.0 0.0 0.0 0.0 0.0 0.0 0.0 0.0 0.261 0.739 0.739 0.739 1.0 0.097 0.058 0.040
0.0 1.0 0.0 0.0 0.0 0.0 0.0 0.0 0.0 0.0 0.283 0.478 0.717 0.566 1.0 0.097 0.058 1.000
1.0 0.0 0.0 0.0 0.0 0.0 0.0 0.0 0.0 0.0 0.261 0.674 0.674 0.674 1.0 0.125 0.072 0.040
1.0 0.0 0.0 0.0 0.0 0.0 0.0 0.0 0.0 0.0 0.261 0.500 0.739 0.588 1.0 0.125 0.072 1.000
0.0 0.0 0.0 1.0 0.0 0.0 0.0 0.0 0.0 0.0 0.304 0.457 0.696 0.544 2.0 0.153 0.203 1.000
0.0 1.0 0.0 0.0 0.0 0.0 0.0 0.0 0.0 0.0 0.304 0.457 0.696 0.544 1.0 0.111 0.159 1.000
0.0 0.0 0.0 1.0 0.0 0.0 0.0 0.0 0.0 0.0 0.370 0.391 0.630 0.479 2.0 0.194 0.203 1.000
0.0 0.0 0.0 1.0 0.0 0.0 0.0 0.0 0.0 0.0 0.283 0.478 0.717 0.566 2.0 0.139 0.116 1.000
0.0 0.0 0.0 1.0 0.0 0.0 0.0 0.0 0.0 0.0 0.283 0.696 0.696 0.696 2.0 0.139 0.116 0.040
0.0 0.0 0.0 1.0 0.0 0.0 0.0 0.0 0.0 0.0 0.283 0.652 0.652 0.652 2.0 0.167 0.087 0.040
0.0 0.0 0.0 1.0 0.0 0.0 0.0 0.0 0.0 0.0 0.283 0.478 0.717 0.566 2.0 0.167 0.087 1.000
0.0 0.0 0.0 1.0 0.0 0.0 0.0 0.0 0.0 0.0 0.283 0.652 0.652 0.652 2.0 0.153 0.116 0.040
0.0 1.0 0.0 0.0 0.0 0.0 0.0 0.0 0.0 0.0 0.283 0.717 0.717 0.717 2.0 0.083 0.087 0.040
0.0 1.0 0.0 0.0 0.0 0.0 0.0 0.0 0.0 0.0 0.304 0.696 0.696 0.696 1.0 0.083 0.087 0.040
0.0 0.0 0.0 1.0 0.0 0.0 0.0 0.0 0.0 0.0 0.326 0.674 0.674 0.674 2.0 0.139 0.145 0.040
0.0 1.0 0.0 0.0 0.0 0.0 0.0 0.0 0.0 0.0 0.283 0.478 0.717 0.566 1.0 0.097 0.072 1.000
0.0 0.0 0.0 1.0 0.0 0.0 0.0 0.0 0.0 0.0 0.304 0.457 0.696 0.544 2.0 0.139 0.130 1.000
0.0 1.0 0.0 0.0 0.0 0.0 0.0 0.0 0.0 0.0 0.304 0.457 0.696 0.544 1.0 0.097 0.058 1.000
0.0 0.0 0.0 1.0 0.0 0.0 0.0 0.0 0.0 0.0 0.326 0.435 0.674 0.523 2.0 0.153 0.203 1.000
0.0 1.0 0.0 0.0 0.0 0.0 0.0 0.0 0.0 0.0 0.391 0.370 0.609 0.457 1.0 0.097 0.246 1.000
0.0 1.0 0.0 0.0 0.0 0.0 0.0 0.0 0.0 0.0 0.370 0.391 0.630 0.479 2.0 0.083 0.246 1.000
0.0 0.0 0.0 1.0 0.0 0.0 0.0 0.0 0.0 0.0 0.348 0.413 0.652 0.501 2.0 0.125 0.232 1.000
0.0 1.0 0.0 0.0 0.0 0.0 0.0 0.0 0.0 0.0 0.348 0.413 0.652 0.501 1.0 0.111 0.145 1.000
0.0 0.0 0.0 1.0 0.0 0.0 0.0 0.0 0.0 0.0 0.304 0.457 0.696 0.544 2.0 0.167 0.116 1.000
0.0 0.0 0.0 1.0 0.0 0.0 0.0 0.0 0.0 0.0 0.304 0.674 0.674 0.674 2.0 0.167 0.116 0.040
0.0 1.0 0.0 0.0 0.0 0.0 0.0 0.0 0.0 0.0 0.283 0.652 0.652 0.652 1.0 0.097 0.072 0.040
0.0 0.0 0.0 1.0 0.0 0.0 0.0 0.0 0.0 0.0 0.283 0.652 0.652 0.652 2.0 0.139 0.130 0.040
0.0 1.0 0.0 0.0 0.0 0.0 0.0 0.0 0.0 0.0 0.304 0.630 0.630 0.630 1.0 0.097 0.058 0.040
0.0 1.0 0.0 0.0 0.0 0.0 0.0 0.0 0.0 0.0 0.283 0.478 0.717 0.566 1.0 0.097 0.072 1.000
0.0 0.0 0.0 1.0 0.0 0.0 0.0 0.0 0.0 0.0 0.283 0.478 0.717 0.566 2.0 0.139 0.130 1.000
0.0 0.0 0.0 1.0 0.0 0.0 0.0 0.0 0.0 0.0 0.304 0.630 0.630 0.630 2.0 0.167 0.116 0.040
0.0 0.0 0.0 1.0 0.0 0.0 0.0 0.0 0.0 0.0 0.326 0.674 0.674 0.674 2.0 0.139 0.145 0.040
0.0 0.0 0.0 1.0 0.0 0.0 0.0 0.0 0.0 0.0 0.304 0.457 0.696 0.544 2.0 0.139 0.130 1.000
0.0 0.0 0.0 1.0 0.0 0.0 0.0 0.0 0.0 0.0 0.304 0.457 0.696 0.544 2.0 0.139 0.116 1.000
0.0 1.0 0.0 0.0 0.0 0.0 0.0 0.0 0.0 0.0 0.304 0.457 0.696 0.544 1.0 0.111 0.087 1.000
0.0 0.0 0.0 1.0 0.0 0.0 0.0 0.0 0.0 0.0 0.348 0.413 0.652 0.501 2.0 0.194 0.203 1.000
0.0 0.0 0.0 1.0 0.0 0.0 0.0 0.0 0.0 0.0 0.370 0.391 0.630 0.479 2.0 0.139 0.217 1.000
0.0 0.0 0.0 1.0 0.0 0.0 0.0 0.0 0.0 0.0 0.391 0.370 0.609 0.457 2.0 0.236 0.217 1.000
0.0 1.0 0.0 0.0 0.0 0.0 0.0 0.0 0.0 0.0 0.304 0.630 0.630 0.630 1.0 0.111 0.087 0.040
0.0 0.0 0.0 1.0 0.0 0.0 0.0 0.0 0.0 0.0 0.304 0.630 0.630 0.630 2.0 0.153 0.116 0.040
0.0 0.0 0.0 1.0 0.0 0.0 0.0 0.0 0.0 0.0 0.304 0.630 0.630 0.630 2.0 0.139 0.130 0.040
0.0 0.0 0.0 1.0 0.0 0.0 0.0 0.0 0.0 0.0 0.304 0.457 0.696 0.544 2.0 0.139 0.130 1.000
0.0 0.0 0.0 1.0 0.0 0.0 0.0 0.0 0.0 0.0 0.348 0.652 0.652 0.652 2.0 0.167 0.159 0.040
0.0 0.0 0.0 1.0 0.0 0.0 0.0 0.0 0.0 0.0 0.326 0.435 0.674 0.523 2.0 0.167 0.130 1.000
1.0 0.0 0.0 0.0 0.0 0.0 0.0 0.0 0.0 0.0 0.391 0.609 0.609 0.609 1.0 0.139 0.203 0.040
0.0 0.0 0.0 1.0 0.0 0.0 0.0 0.0 0.0 0.0 0.326 0.652 0.652 0.652 2.0 0.139 0.145 0.040
0.0 1.0 0.0 0.0 0.0 0.0 0.0 0.0 0.0 0.0 0.326 0.652 0.652 0.652 1.0 0.111 0.116 0.040
0.0 0.0 0.0 1.0 0.0 0.0 0.0 0.0 0.0 0.0 0.326 0.435 0.674 0.523 2.0 0.153 0.145 1.000
0.0 1.0 0.0 0.0 0.0 0.0 0.0 0.0 0.0 0.0 0.326 0.435 0.674 0.523 1.0 0.111 0.116 1.000
0.0 0.0 0.0 1.0 0.0 0.0 0.0 0.0 0.0 0.0 0.326 0.435 0.674 0.523 2.0 0.125 0.116 1.000
0.0 0.0 0.0 1.0 0.0 0.0 0.0 0.0 0.0 0.0 0.326 0.609 0.609 0.609 2.0 0.139 0.174 0.040
0.0 1.0 0.0 0.0 0.0 0.0 0.0 0.0 0.0 0.0 0.326 0.609 0.609 0.609 1.0 0.111 0.116 0.040
0.0 0.0 0.0 1.0 0.0 0.0 0.0 0.0 0.0 0.0 0.413 0.348 0.587 0.436 2.0 0.181 0.246 1.000
0.0 0.0 0.0 1.0 0.0 0.0 0.0 0.0 0.0 0.0 0.326 0.609 0.609 0.609 2.0 0.139 0.116 0.040
0.0 0.0 0.0 1.0 0.0 0.0 0.0 0.0 0.0 0.0 0.326 0.609 0.609 0.609 2.0 0.167 0.130 0.040
0.0 0.0 0.0 1.0 0.0 0.0 0.0 0.0 0.0 0.0 0.326 0.435 0.674 0.523 2.0 0.167 0.130 1.000
0.0 0.0 0.0 1.0 0.0 0.0 0.0 0.0 0.0 0.0 0.348 0.630 0.630 0.630 2.0 0.125 0.145 0.040
0.0 0.0 0.0 1.0 0.0 0.0 0.0 0.0 0.0 0.0 0.348 0.413 0.652 0.501 2.0 0.139 0.145 1.000
0.0 0.0 0.0 1.0 0.0 0.0 0.0 0.0 0.0 0.0 0.348 0.413 0.652 0.501 2.0 0.139 0.116 1.000
0.0 0.0 0.0 1.0 0.0 0.0 0.0 0.0 0.0 0.0 0.348 0.587 0.587 0.587 2.0 0.125 0.159 0.040
0.0 0.0 0.0 1.0 0.0 0.0 0.0 0.0 0.0 0.0 0.348 0.413 0.652 0.501 2.0 0.139 0.188 1.000
0.0 1.0 0.0 0.0 0.0 0.0 0.0 0.0 0.0 0.0 0.348 0.413 0.652 0.501 1.0 0.111 0.130 1.000
0.0 1.0 0.0 0.0 0.0 0.0 0.0 0.0 0.0 0.0 0.413 0.587 0.587 0.587 1.0 0.097 0.203 0.040
0.0 0.0 0.0 1.0 0.0 0.0 0.0 0.0 0.0 0.0 0.370 0.391 0.630 0.479 2.0 0.236 0.217 1.000
0.0 1.0 0.0 0.0 0.0 0.0 0.0 0.0 0.0 0.0 0.370 0.630 0.630 0.630 1.0 0.111 0.159 0.040
0.0 0.0 0.0 1.0 0.0 0.0 0.0 0.0 0.0 0.0 0.370 0.630 0.630 0.630 2.0 0.153 0.217 0.040
1.0 0.0 0.0 0.0 0.0 0.0 0.0 0.0 0.0 0.0 0.370 0.609 0.609 0.609 1.0 0.139 0.203 0.040
1.0 0.0 0.0 0.0 0.0 0.0 0.0 0.0 0.0 0.0 0.413 0.348 0.587 0.436 1.0 0.139 0.217 1.000
1.0 0.0 0.0 0.0 0.0 0.0 0.0 0.0 0.0 0.0 0.413 0.435 0.435 0.435 1.0 0.139 0.217 0.040
0.0 0.0 0.0 1.0 0.0 0.0 0.0 0.0 0.0 0.0 0.348 0.587 0.587 0.587 2.0 0.167 0.116 0.040
0.0 0.0 0.0 1.0 0.0 0.0 0.0 0.0 0.0 0.0 0.370 0.609 0.609 0.609 2.0 0.125 0.145 0.040
0.0 0.0 0.0 1.0 0.0 0.0 0.0 0.0 0.0 0.0 0.370 0.391 0.630 0.479 2.0 0.167 0.145 1.000
0.0 0.0 0.0 1.0 0.0 0.0 0.0 0.0 0.0 0.0 0.348 0.413 0.652 0.501 2.0 0.139 0.188 1.000
0.0 1.0 0.0 0.0 0.0 0.0 0.0 0.0 0.0 0.0 0.348 0.413 0.652 0.501 2.0 0.097 0.145 1.000
0.0 1.0 0.0 0.0 0.0 0.0 0.0 0.0 0.0 0.0 0.370 0.391 0.630 0.479 1.0 0.083 0.145 1.000
0.0 0.0 0.0 1.0 0.0 0.0 0.0 0.0 0.0 0.0 0.370 0.565 0.565 0.565 2.0 0.125 0.174 0.040
0.0 0.0 0.0 1.0 0.0 0.0 0.0 0.0 0.0 0.0 0.370 0.391 0.630 0.479 2.0 0.125 0.188 1.000
0.0 0.0 0.0 1.0 0.0 0.0 0.0 0.0 0.0 0.0 0.435 0.326 0.565 0.414 2.0 0.222 0.261 1.000
0.0 1.0 0.0 0.0 0.0 0.0 0.0 0.0 0.0 0.0 0.348 0.587 0.587 0.587 1.0 0.111 0.130 0.040
0.0 0.0 0.0 1.0 0.0 0.0 0.0 0.0 0.0 0.0 0.348 0.587 0.587 0.587 2.0 0.153 0.188 0.040
0.0 0.0 0.0 1.0 0.0 0.0 0.0 0.0 0.0 0.0 0.391 0.609 0.609 0.609 2.0 0.139 0.217 0.040
0.0 1.0 0.0 0.0 0.0 0.0 0.0 0.0 0.0 0.0 0.370 0.391 0.630 0.479 1.0 0.125 0.116 1.000
1.0 0.0 0.0 0.0 0.0 0.0 0.0 0.0 0.0 0.0 0.435 0.522 0.522 0.522 1.0 0.139 0.246 0.040
0.0 1.0 0.0 0.0 0.0 0.0 0.0 0.0 0.0 0.0 0.391 0.587 0.587 0.587 1.0 0.111 0.145 0.040
0.0 0.0 0.0 1.0 0.0 0.0 0.0 0.0 0.0 0.0 0.391 0.370 0.609 0.457 2.0 0.125 0.203 1.000
0.0 1.0 0.0 0.0 0.0 0.0 0.0 0.0 0.0 0.0 0.391 0.543 0.543 0.543 1.0 0.111 0.174 0.040
0.0 0.0 0.0 1.0 0.0 0.0 0.0 0.0 0.0 0.0 0.391 0.370 0.609 0.457 2.0 0.139 0.188 1.000
0.0 1.0 0.0 0.0 0.0 0.0 0.0 0.0 0.0 0.0 0.391 0.587 0.587 0.587 1.0 0.097 0.203 0.040
0.0 0.0 0.0 1.0 0.0 0.0 0.0 0.0 0.0 0.0 0.435 0.413 0.413 0.413 2.0 0.125 0.232 0.040
0.0 1.0 0.0 0.0 0.0 0.0 0.0 0.0 0.0 0.0 0.435 0.413 0.413 0.413 1.0 0.097 0.217 0.040
0.0 0.0 0.0 1.0 0.0 0.0 0.0 0.0 0.0 0.0 0.435 0.326 0.565 0.414 2.0 0.139 0.246 1.000
0.0 1.0 0.0 0.0 0.0 0.0 0.0 0.0 0.0 0.0 0.435 0.326 0.565 0.414 1.0 0.097 0.217 1.000
0.0 1.0 0.0 0.0 0.0 0.0 0.0 0.0 0.0 0.0 0.370 0.565 0.565 0.565 1.0 0.111 0.116 0.040
0.0 0.0 0.0 1.0 0.0 0.0 0.0 0.0 0.0 0.0 0.370 0.565 0.565 0.565 2.0 0.139 0.188 0.040
1.0 0.0 0.0 0.0 0.0 0.0 0.0 0.0 0.0 0.0 0.391 0.370 0.609 0.457 1.0 0.139 0.217 1.000
1.0 0.0 0.0 0.0 0.0 0.0 0.0 0.0 0.0 0.0 0.391 0.457 0.457 0.457 1.0 0.139 0.217 0.040
0.0 0.0 0.0 1.0 0.0 0.0 0.0 0.0 0.0 0.0 0.413 0.587 0.587 0.587 2.0 0.167 0.217 0.040
0.0 0.0 0.0 1.0 0.0 0.0 0.0 0.0 0.0 0.0 0.413 0.348 0.587 0.436 2.0 0.139 0.203 1.000
0.0 1.0 0.0 0.0 0.0 0.0 0.0 0.0 0.0 0.0 0.391 0.370 0.609 0.457 1.0 0.097 0.116 1.000
0.0 1.0 0.0 0.0 0.0 0.0 0.0 0.0 0.0 0.0 0.457 0.500 0.500 0.500 1.0 0.097 0.246 0.040
0.0 0.0 0.0 1.0 0.0 0.0 0.0 0.0 0.0 0.0 0.457 0.391 0.391 0.391 2.0 0.125 0.232 0.040
0.0 0.0 0.0 1.0 0.0 0.0 0.0 0.0 0.0 0.0 0.457 0.304 0.543 0.392 2.0 0.139 0.232 1.000
1.0 0.0 0.0 0.0 0.0 0.0 0.0 0.0 0.0 0.0 0.391 0.370 0.609 0.457 1.0 0.139 0.145 1.000
0.0 1.0 0.0 0.0 0.0 0.0 0.0 0.0 0.0 0.0 0.413 0.348 0.587 0.436 1.0 0.125 0.188 1.000
0.0 1.0 0.0 0.0 0.0 0.0 0.0 0.0 0.0 0.0 0.500 0.261 0.500 0.349 1.0 0.111 0.275 1.000
0.0 1.0 0.0 0.0 0.0 0.0 0.0 0.0 0.0 0.0 0.478 0.283 0.522 0.370 2.0 0.083 0.275 1.000
1.0 0.0 0.0 0.0 0.0 0.0 0.0 0.0 0.0 0.0 0.457 0.304 0.543 0.392 1.0 0.097 0.261 1.000
1.0 0.0 0.0 0.0 0.0 0.0 0.0 0.0 0.0 0.0 0.457 0.391 0.391 0.391 1.0 0.139 0.261 0.040
0.0 1.0 0.0 0.0 0.0 0.0 0.0 0.0 0.0 0.0 0.435 0.500 0.500 0.500 1.0 0.111 0.159 0.040
0.0 1.0 0.0 0.0 0.0 0.0 0.0 0.0 0.0 0.0 0.413 0.522 0.522 0.522 2.0 0.083 0.159 0.040
1.0 0.0 0.0 0.0 0.0 0.0 0.0 0.0 0.0 0.0 0.391 0.543 0.543 0.543 1.0 0.097 0.145 0.040
0.0 0.0 0.0 1.0 0.0 0.0 0.0 0.0 0.0 0.0 0.391 0.543 0.543 0.543 2.0 0.167 0.188 0.040
0.0 0.0 1.0 0.0 0.0 0.0 0.0 0.0 0.0 0.0 0.413 0.565 0.565 0.565 2.0 0.153 0.174 0.040
0.0 0.0 1.0 0.0 0.0 0.0 0.0 0.0 0.0 0.0 0.413 0.522 0.522 0.522 2.0 0.153 0.203 0.040
0.0 0.0 0.0 1.0 0.0 0.0 0.0 0.0 0.0 0.0 0.413 0.435 0.435 0.435 2.0 0.125 0.232 0.040
0.0 1.0 0.0 0.0 0.0 0.0 0.0 0.0 0.0 0.0 0.413 0.435 0.435 0.435 1.0 0.097 0.217 0.040
0.0 0.0 0.0 1.0 0.0 0.0 0.0 0.0 0.0 0.0 0.413 0.348 0.587 0.436 2.0 0.139 0.232 1.000
0.0 1.0 0.0 0.0 0.0 0.0 0.0 0.0 0.0 0.0 0.413 0.348 0.587 0.436 1.0 0.097 0.217 1.000
0.0 0.0 0.0 1.0 0.0 0.0 0.0 0.0 0.0 0.0 0.478 0.370 0.370 0.370 2.0 0.125 0.232 0.040
0.0 0.0 0.0 1.0 0.0 0.0 0.0 0.0 0.0 0.0 0.478 0.283 0.522 0.370 2.0 0.181 0.246 1.000
0.0 1.0 0.0 0.0 0.0 0.0 0.0 0.0 0.0 0.0 0.435 0.565 0.565 0.565 1.0 0.111 0.217 0.040
0.0 1.0 0.0 0.0 0.0 0.0 0.0 0.0 0.0 0.0 0.435 0.326 0.565 0.414 1.0 0.125 0.203 1.000
0.0 1.0 0.0 0.0 0.0 0.0 0.0 0.0 0.0 0.0 0.413 0.348 0.587 0.436 1.0 0.097 0.145 1.000
0.0 0.0 0.0 1.0 0.0 0.0 0.0 0.0 0.0 0.0 0.413 0.348 0.587 0.436 2.0 0.125 0.261 1.000
0.0 1.0 0.0 0.0 0.0 0.0 0.0 0.0 0.0 0.0 0.435 0.326 0.565 0.414 2.0 0.083 0.203 1.000
0.0 1.0 0.0 0.0 0.0 0.0 0.0 0.0 0.0 0.0 0.457 0.304 0.543 0.392 1.0 0.083 0.203 1.000
0.0 0.0 0.0 1.0 0.0 0.0 0.0 0.0 0.0 0.0 0.435 0.326 0.565 0.414 2.0 0.125 0.246 1.000
0.0 0.0 0.0 1.0 0.0 0.0 0.0 0.0 0.0 0.0 0.478 0.370 0.370 0.370 2.0 0.125 0.275 0.040
0.0 1.0 0.0 0.0 0.0 0.0 0.0 0.0 0.0 0.0 0.478 0.370 0.370 0.370 1.0 0.097 0.261 0.040
0.0 0.0 0.0 1.0 0.0 0.0 0.0 0.0 0.0 0.0 0.522 0.239 0.478 0.327 2.0 0.125 0.290 1.000
0.0 1.0 0.0 0.0 0.0 0.0 0.0 0.0 0.0 0.0 0.522 0.239 0.478 0.327 1.0 0.097 0.275 1.000
0.0 0.0 0.0 1.0 0.0 0.0 0.0 0.0 0.0 0.0 0.435 0.413 0.413 0.413 2.0 0.125 0.232 0.040
0.0 0.0 0.0 1.0 0.0 0.0 0.0 0.0 0.0 0.0 0.435 0.326 0.565 0.414 2.0 0.139 0.232 1.000
0.0 1.0 0.0 0.0 0.0 0.0 0.0 0.0 0.0 0.0 0.500 0.348 0.348 0.348 1.0 0.097 0.232 0.040
0.0 1.0 0.0 0.0 0.0 0.0 0.0 0.0 0.0 0.0 0.457 0.478 0.478 0.478 1.0 0.097 0.159 0.040
0.0 0.0 0.0 1.0 0.0 0.0 0.0 0.0 0.0 0.0 0.457 0.478 0.478 0.478 2.0 0.139 0.275 0.040
0.0 1.0 0.0 0.0 0.0 0.0 0.0 0.0 0.0 0.0 0.413 0.522 0.522 0.522 1.0 0.111 0.188 0.040
0.0 0.0 0.0 1.0 0.0 0.0 0.0 0.0 0.0 0.0 0.413 0.522 0.522 0.522 2.0 0.153 0.275 0.040
0.0 1.0 0.0 0.0 0.0 0.0 0.0 0.0 0.0 0.0 0.435 0.543 0.543 0.543 1.0 0.111 0.174 0.040
0.0 1.0 0.0 0.0 0.0 0.0 0.0 0.0 0.0 0.0 0.435 0.500 0.500 0.500 1.0 0.111 0.203 0.040
0.0 0.0 0.0 1.0 0.0 0.0 0.0 0.0 0.0 0.0 0.435 0.326 0.565 0.414 2.0 0.125 0.261 1.000
0.0 1.0 0.0 0.0 0.0 0.0 0.0 0.0 0.0 0.0 0.457 0.304 0.543 0.392 1.0 0.097 0.203 1.000
0.0 0.0 0.0 1.0 0.0 0.0 0.0 0.0 0.0 0.0 0.457 0.304 0.543 0.392 2.0 0.125 0.290 1.000
0.0 0.0 0.0 1.0 0.0 0.0 0.0 0.0 0.0 0.0 0.478 0.283 0.522 0.370 2.0 0.125 0.261 1.000
0.0 0.0 0.0 1.0 0.0 0.0 0.0 0.0 0.0 0.0 0.500 0.348 0.348 0.348 2.0 0.125 0.275 0.040
0.0 0.0 0.0 1.0 0.0 0.0 0.0 0.0 0.0 0.0 0.543 0.217 0.457 0.305 2.0 0.125 0.290 1.000
0.0 0.0 0.0 1.0 0.0 0.0 0.0 0.0 0.0 0.0 0.457 0.391 0.391 0.391 2.0 0.125 0.232 0.040
0.0 0.0 0.0 1.0 0.0 0.0 0.0 0.0 0.0 0.0 0.457 0.304 0.543 0.392 2.0 0.181 0.232 1.000
0.0 1.0 0.0 0.0 0.0 0.0 0.0 0.0 0.0 0.0 0.500 0.261 0.500 0.371 1.0 0.500 0.246 0.760
1.0 0.0 0.0 0.0 0.0 0.0 0.0 0.0 0.0 0.0 0.500 0.261 0.500 0.383 1.0 0.306 0.246 0.600
0.0 1.0 0.0 0.0 0.0 0.0 0.0 0.0 0.0 0.0 0.522 0.413 0.413 0.413 1.0 0.097 0.290 0.040
0.0 1.0 0.0 0.0 0.0 0.0 0.0 0.0 0.0 0.0 0.500 0.435 0.435 0.435 2.0 0.083 0.290 0.040
0.0 0.0 0.0 1.0 0.0 0.0 0.0 0.0 0.0 0.0 0.478 0.457 0.457 0.457 2.0 0.125 0.275 0.040
0.0 0.0 0.0 1.0 0.0 0.0 0.0 0.0 0.0 0.0 0.435 0.500 0.500 0.500 2.0 0.139 0.275 0.040
0.0 0.0 0.0 1.0 0.0 0.0 0.0 0.0 0.0 0.0 0.457 0.304 0.543 0.392 2.0 0.125 0.261 1.000
0.0 0.0 0.0 1.0 0.0 0.0 0.0 0.0 0.0 0.0 0.478 0.283 0.522 0.370 2.0 0.139 0.275 1.000
0.0 0.0 0.0 1.0 0.0 0.0 0.0 0.0 0.0 0.0 0.500 0.261 0.500 0.349 2.0 0.153 0.261 1.000
0.0 0.0 0.0 1.0 0.0 0.0 0.0 0.0 0.0 0.0 0.522 0.326 0.326 0.326 2.0 0.125 0.275 0.040
0.0 1.0 0.0 0.0 0.0 0.0 0.0 0.0 0.0 0.0 0.609 0.152 0.391 0.240 1.0 0.125 0.304 1.000
0.0 1.0 0.0 0.0 0.0 0.0 0.0 0.0 0.0 0.0 0.587 0.174 0.413 0.262 2.0 0.097 0.304 1.000
0.0 0.0 0.0 1.0 0.0 0.0 0.0 0.0 0.0 0.0 0.565 0.196 0.435 0.283 2.0 0.125 0.290 1.000
0.0 1.0 0.0 0.0 0.0 0.0 0.0 0.0 0.0 0.0 0.478 0.370 0.370 0.370 1.0 0.125 0.232 0.040
0.0 0.0 0.0 1.0 0.0 0.0 0.0 0.0 0.0 0.0 0.543 0.391 0.391 0.391 2.0 0.153 0.290 0.040
0.0 0.0 0.0 1.0 0.0 0.0 0.0 0.0 0.0 0.0 0.457 0.478 0.478 0.478 2.0 0.167 0.275 0.040
0.0 1.0 0.0 0.0 0.0 0.0 0.0 0.0 0.0 0.0 0.478 0.283 0.522 0.370 1.0 0.111 0.261 1.000
0.0 0.0 0.0 1.0 0.0 0.0 0.0 0.0 0.0 0.0 0.500 0.261 0.500 0.349 2.0 0.153 0.290 1.000
0.0 0.0 0.0 1.0 0.0 0.0 0.0 0.0 0.0 0.0 0.522 0.239 0.478 0.327 2.0 0.222 0.275 1.000
0.0 1.0 0.0 0.0 0.0 0.0 0.0 0.0 0.0 0.0 0.543 0.304 0.304 0.304 1.0 0.097 0.275 0.040
0.0 1.0 0.0 0.0 0.0 0.0 0.0 0.0 0.0 0.0 0.478 0.283 0.522 0.396 1.0 0.444 0.232 0.680
1.0 0.0 0.0 0.0 0.0 0.0 0.0 0.0 0.0 0.0 0.478 0.283 0.522 0.399 1.0 0.361 0.232 0.680
0.0 1.0 0.0 0.0 0.0 0.0 0.0 0.0 0.0 0.0 0.565 0.370 0.370 0.370 1.0 0.111 0.290 0.040
0.0 1.0 0.0 0.0 0.0 0.0 0.0 0.0 0.0 0.0 0.478 0.457 0.457 0.457 1.0 0.111 0.275 0.040
0.0 0.0 0.0 1.0 0.0 0.0 0.0 0.0 0.0 0.0 0.500 0.261 0.500 0.349 2.0 0.208 0.275 1.000
0.0 0.0 0.0 1.0 0.0 0.0 0.0 0.0 0.0 0.0 0.522 0.239 0.478 0.327 2.0 0.222 0.304 1.000
0.0 1.0 0.0 0.0 0.0 0.0 0.0 0.0 0.0 0.0 0.630 0.130 0.370 0.239 1.0 0.458 0.304 0.720
1.0 0.0 0.0 0.0 0.0 0.0 0.0 0.0 0.0 0.0 0.630 0.130 0.370 0.253 1.0 0.319 0.304 0.640
0.0 0.0 1.0 0.0 0.0 0.0 0.0 0.0 0.0 0.0 0.522 0.239 0.478 0.383 2.0 0.861 0.420 0.520
0.0 0.0 1.0 0.0 0.0 0.0 0.0 0.0 0.0 0.0 0.522 0.239 0.478 0.376 2.0 0.639 0.420 0.520
0.0 0.0 1.0 0.0 0.0 0.0 0.0 0.0 0.0 0.0 0.522 0.239 0.478 0.368 2.0 0.875 0.420 0.600
0.0 0.0 1.0 0.0 0.0 0.0 0.0 0.0 0.0 0.0 0.522 0.261 0.478 0.399 2.0 0.375 0.420 0.440
1.0 0.0 0.0 0.0 0.0 0.0 0.0 0.0 0.0 0.0 0.543 0.217 0.457 0.305 1.0 0.139 0.275 1.000
1.0 0.0 0.0 0.0 0.0 0.0 0.0 0.0 0.0 0.0 0.543 0.304 0.304 0.304 1.0 0.139 0.275 0.040
1.0 0.0 0.0 0.0 0.0 0.0 0.0 0.0 0.0 0.0 0.522 0.239 0.478 0.327 1.0 0.139 0.275 1.000
1.0 0.0 0.0 0.0 0.0 0.0 0.0 0.0 0.0 0.0 0.522 0.326 0.326 0.326 1.0 0.139 0.275 0.040
1.0 0.0 0.0 0.0 0.0 0.0 0.0 0.0 0.0 0.0 0.543 0.217 0.457 0.305 1.0 0.139 0.304 1.000
1.0 0.0 0.0 0.0 0.0 0.0 0.0 0.0 0.0 0.0 0.543 0.304 0.304 0.304 1.0 0.139 0.304 0.040
0.0 0.0 0.0 1.0 0.0 0.0 0.0 0.0 0.0 0.0 0.565 0.283 0.283 0.283 2.0 0.125 0.290 0.040
0.0 1.0 0.0 0.0 0.0 0.0 0.0 0.0 0.0 0.0 0.565 0.283 0.283 0.283 1.0 0.097 0.275 0.040
0.0 0.0 0.0 1.0 0.0 0.0 0.0 0.0 0.0 0.0 0.565 0.196 0.435 0.283 2.0 0.139 0.290 1.000
0.0 1.0 0.0 0.0 0.0 0.0 0.0 0.0 0.0 0.0 0.565 0.196 0.435 0.283 1.0 0.097 0.275 1.000
0.0 0.0 0.0 1.0 0.0 0.0 0.0 0.0 0.0 0.0 0.543 0.304 0.304 0.304 2.0 0.125 0.304 0.040
0.0 1.0 0.0 0.0 0.0 0.0 0.0 0.0 0.0 0.0 0.543 0.304 0.304 0.304 2.0 0.083 0.290 0.040
0.0 1.0 0.0 0.0 0.0 0.0 0.0 0.0 0.0 0.0 0.565 0.283 0.283 0.283 1.0 0.083 0.290 0.040
0.0 0.0 0.0 1.0 0.0 0.0 0.0 0.0 0.0 0.0 0.543 0.217 0.457 0.305 2.0 0.139 0.319 1.000
0.0 1.0 0.0 0.0 0.0 0.0 0.0 0.0 0.0 0.0 0.543 0.217 0.457 0.305 1.0 0.097 0.275 1.000
0.0 0.0 0.0 1.0 0.0 0.0 0.0 0.0 0.0 0.0 0.565 0.283 0.283 0.283 2.0 0.125 0.319 0.040
0.0 1.0 0.0 0.0 0.0 0.0 0.0 0.0 0.0 0.0 0.565 0.283 0.283 0.283 1.0 0.097 0.304 0.040
0.0 0.0 0.0 1.0 0.0 0.0 0.0 0.0 0.0 0.0 0.565 0.196 0.435 0.283 2.0 0.139 0.319 1.000
0.0 1.0 0.0 0.0 0.0 0.0 0.0 0.0 0.0 0.0 0.565 0.196 0.435 0.283 1.0 0.097 0.304 1.000
0.0 0.0 0.0 1.0 0.0 0.0 0.0 0.0 0.0 0.0 0.587 0.261 0.261 0.261 2.0 0.125 0.290 0.040
0.0 0.0 0.0 1.0 0.0 0.0 0.0 0.0 0.0 0.0 0.587 0.174 0.413 0.262 2.0 0.139 0.290 1.000
0.0 0.0 0.0 1.0 0.0 0.0 0.0 0.0 0.0 0.0 0.587 0.261 0.261 0.261 2.0 0.125 0.319 0.040
0.0 0.0 0.0 1.0 0.0 0.0 0.0 0.0 0.0 0.0 0.565 0.196 0.435 0.283 2.0 0.139 0.319 1.000
0.0 0.0 0.0 1.0 0.0 0.0 0.0 0.0 0.0 0.0 0.587 0.261 0.261 0.261 2.0 0.125 0.319 0.040
0.0 0.0 0.0 1.0 0.0 0.0 0.0 0.0 0.0 0.0 0.587 0.174 0.413 0.262 2.0 0.139 0.319 1.000
0.0 0.0 0.0 1.0 0.0 0.0 0.0 0.0 0.0 0.0 0.609 0.239 0.239 0.239 2.0 0.125 0.290 0.040
0.0 0.0 0.0 1.0 0.0 0.0 0.0 0.0 0.0 0.0 0.609 0.152 0.391 0.240 2.0 0.181 0.290 1.000
0.0 0.0 0.0 1.0 0.0 0.0 0.0 0.0 0.0 0.0 0.609 0.239 0.239 0.239 2.0 0.125 0.319 0.040
0.0 0.0 0.0 1.0 0.0 0.0 0.0 0.0 0.0 0.0 0.587 0.174 0.413 0.262 2.0 0.181 0.319 1.000
0.0 0.0 0.0 1.0 0.0 0.0 0.0 0.0 0.0 0.0 0.609 0.239 0.239 0.239 2.0 0.125 0.319 0.040
0.0 0.0 0.0 1.0 0.0 0.0 0.0 0.0 0.0 0.0 0.609 0.152 0.391 0.240 2.0 0.194 0.319 1.000
0.0 1.0 0.0 0.0 0.0 0.0 0.0 0.0 0.0 0.0 0.630 0.217 0.217 0.217 1.0 0.125 0.290 0.040
0.0 1.0 0.0 0.0 0.0 0.0 0.0 0.0 0.0 0.0 0.630 0.217 0.217 0.217 1.0 0.139 0.319 0.040
0.0 1.0 0.0 0.0 0.0 0.0 0.0 0.0 0.0 0.0 0.630 0.217 0.217 0.217 1.0 0.125 0.319 0.040
0.0 1.0 0.0 0.0 0.0 0.0 0.0 0.0 0.0 0.0 0.630 0.152 0.370 0.259 1.0 0.389 0.290 0.600
1.0 0.0 0.0 0.0 0.0 0.0 0.0 0.0 0.0 0.0 0.630 0.130 0.370 0.235 1.0 0.417 0.290 0.760
0.0 1.0 0.0 0.0 0.0 0.0 0.0 0.0 0.0 0.0 0.609 0.152 0.391 0.279 1.0 0.333 0.319 0.480
0.0 1.0 0.0 0.0 0.0 0.0 0.0 0.0 0.0 0.0 0.652 0.130 0.348 0.212 1.0 0.417 0.348 0.840
0.0 1.0 0.0 0.0 0.0 0.0 0.0 0.0 0.0 0.0 0.630 0.152 0.370 0.234 2.0 0.097 0.348 0.840
0.0 0.0 1.0 0.0 0.0 0.0 0.0 0.0 0.0 0.0 0.609 0.174 0.391 0.256 2.0 0.139 0.333 0.840
0.0 1.0 0.0 0.0 0.0 0.0 0.0 0.0 0.0 0.0 0.630 0.152 0.370 0.267 1.0 0.361 0.319 0.560
0.0 0.0 1.0 0.0 0.0 0.0 0.0 0.0 0.0 0.0 0.630 0.130 0.370 0.230 2.0 0.458 0.348 0.800
0.0 0.0 0.0 1.0 0.0 0.0 0.0 0.0 0.0 0.0 0.674 0.174 0.174 0.174 4.0 0.292 0.812 0.040
0.0 0.0 1.0 0.0 0.0 0.0 0.0 0.0 0.0 0.0 0.652 0.196 0.196 0.196 4.0 0.236 0.565 0.040
0.0 0.0 1.0 0.0 0.0 0.0 0.0 0.0 0.0 0.0 0.565 0.283 0.283 0.283 2.0 0.153 0.435 0.040
1.0 0.0 0.0 0.0 0.0 0.0 0.0 0.0 0.0 0.0 0.674 0.109 0.326 0.221 1.0 0.361 0.348 0.520
1.0 0.0 0.0 0.0 0.0 0.0 0.0 0.0 0.0 0.0 0.674 0.109 0.326 0.211 1.0 0.514 0.348 0.640
1.0 0.0 0.0 0.0 0.0 0.0 0.0 0.0 0.0 0.0 0.652 0.130 0.348 0.245 1.0 0.375 0.348 0.560
1.0 0.0 0.0 0.0 0.0 0.0 0.0 0.0 0.0 0.0 0.652 0.109 0.348 0.222 1.0 0.458 0.348 0.560
0.0 0.0 1.0 0.0 0.0 0.0 0.0 0.0 0.0 0.0 0.652 0.130 0.348 0.259 2.0 0.750 0.493 0.440
0.0 0.0 1.0 0.0 0.0 0.0 0.0 0.0 0.0 0.0 0.652 0.130 0.348 0.261 2.0 0.542 0.493 0.480
0.0 0.0 1.0 0.0 0.0 0.0 0.0 0.0 0.0 0.0 0.652 0.109 0.348 0.232 2.0 0.847 0.493 0.600
0.0 0.0 1.0 0.0 0.0 0.0 0.0 0.0 0.0 0.0 0.652 0.109 0.348 0.251 2.0 0.611 0.493 0.520
0.0 0.0 1.0 0.0 0.0 0.0 0.0 0.0 0.0 0.0 0.696 0.152 0.152 0.152 4.0 0.181 0.841 0.040
0.0 0.0 1.0 0.0 0.0 0.0 0.0 0.0 0.0 0.0 0.630 0.217 0.217 0.217 2.0 0.125 0.333 0.040
0.0 0.0 1.0 0.0 0.0 0.0 0.0 0.0 0.0 0.0 0.630 0.130 0.370 0.257 2.0 0.528 0.333 0.480
0.0 0.0 1.0 0.0 0.0 0.0 0.0 0.0 0.0 0.0 0.652 0.196 0.196 0.196 2.0 0.125 0.348 0.040
0.0 0.0 1.0 0.0 0.0 0.0 0.0 0.0 0.0 0.0 0.652 0.130 0.348 0.245 2.0 0.597 0.348 0.560
0.0 0.0 0.0 1.0 0.0 0.0 0.0 0.0 0.0 0.0 0.717 0.130 0.283 0.236 4.0 0.639 0.899 0.320
0.0 0.0 1.0 0.0 0.0 0.0 0.0 0.0 0.0 0.0 0.696 0.152 0.304 0.258 2.0 0.306 0.565 0.320
0.0 0.0 0.0 1.0 0.0 0.0 0.0 0.0 0.0 0.0 0.717 0.130 0.283 0.236 4.0 0.639 0.899 0.320
0.0 0.0 1.0 0.0 0.0 0.0 0.0 0.0 0.0 0.0 0.696 0.152 0.304 0.258 2.0 0.306 0.565 0.320
0.0 0.0 0.0 1.0 0.0 0.0 0.0 0.0 0.0 0.0 0.717 0.130 0.283 0.236 4.0 0.583 0.899 0.320
0.0 0.0 1.0 0.0 0.0 0.0 0.0 0.0 0.0 0.0 0.696 0.152 0.304 0.258 2.0 0.306 0.565 0.320
0.0 0.0 0.0 1.0 0.0 0.0 0.0 0.0 0.0 0.0 0.717 0.130 0.283 0.236 4.0 0.611 0.899 0.320
0.0 0.0 1.0 0.0 0.0 0.0 0.0 0.0 0.0 0.0 0.696 0.152 0.304 0.258 2.0 0.306 0.565 0.320
0.0 0.0 0.0 1.0 0.0 0.0 0.0 0.0 0.0 0.0 0.717 0.130 0.283 0.231 4.0 0.542 0.899 0.320
0.0 0.0 1.0 0.0 0.0 0.0 0.0 0.0 0.0 0.0 0.696 0.152 0.304 0.253 2.0 0.458 0.565 0.320
0.0 0.0 0.0 1.0 0.0 0.0 0.0 0.0 0.0 0.0 0.717 0.130 0.283 0.231 4.0 0.639 0.899 0.320
0.0 0.0 1.0 0.0 0.0 0.0 0.0 0.0 0.0 0.0 0.696 0.152 0.304 0.253 2.0 0.472 0.565 0.320
0.0 0.0 0.0 1.0 0.0 0.0 0.0 0.0 0.0 0.0 0.717 0.130 0.283 0.231 4.0 0.611 0.899 0.320
0.0 0.0 1.0 0.0 0.0 0.0 0.0 0.0 0.0 0.0 0.696 0.152 0.304 0.253 2.0 0.472 0.565 0.320
0.0 0.0 1.0 0.0 0.0 0.0 0.0 0.0 0.0 0.0 0.739 0.087 0.087 0.087 4.0 0.639 0.913 0.040
0.0 1.0 0.0 0.0 0.0 0.0 0.0 0.0 0.0 0.0 0.717 0.109 0.109 0.109 2.0 0.139 0.580 0.040
0.0 0.0 1.0 0.0 0.0 0.0 0.0 0.0 0.0 0.0 0.696 0.130 0.130 0.130 2.0 0.250 0.565 0.040
0.0 0.0 1.0 0.0 0.0 0.0 0.0 0.0 0.0 0.0 0.761 0.065 0.065 0.065 4.0 0.639 0.913 0.040
0.0 1.0 0.0 0.0 0.0 0.0 0.0 0.0 0.0 0.0 0.739 0.087 0.087 0.087 1.0 0.125 0.580 0.040
0.0 1.0 0.0 0.0 0.0 0.0 0.0 0.0 0.0 0.0 0.717 0.109 0.109 0.109 2.0 0.083 0.580 0.040
0.0 0.0 1.0 0.0 0.0 0.0 0.0 0.0 0.0 0.0 0.696 0.130 0.130 0.130 2.0 0.250 0.565 0.040
0.0 0.0 1.0 0.0 0.0 0.0 0.0 0.0 0.0 0.0 0.717 0.065 0.065 0.065 4.0 0.597 0.899 0.040
0.0 0.0 1.0 0.0 0.0 0.0 0.0 0.0 0.0 0.0 0.696 0.087 0.087 0.087 2.0 0.306 0.565 0.040
0.0 0.0 1.0 0.0 0.0 0.0 0.0 0.0 0.0 0.0 0.717 0.065 0.065 0.065 4.0 0.625 0.899 0.040
0.0 0.0 1.0 0.0 0.0 0.0 0.0 0.0 0.0 0.0 0.696 0.087 0.087 0.087 2.0 0.306 0.565 0.040
0.0 0.0 1.0 0.0 0.0 0.0 0.0 0.0 0.0 0.0 0.717 0.065 0.065 0.065 4.0 0.556 0.899 0.040
0.0 0.0 1.0 0.0 0.0 0.0 0.0 0.0 0.0 0.0 0.696 0.087 0.087 0.087 2.0 0.458 0.565 0.040
0.0 0.0 1.0 0.0 0.0 0.0 0.0 0.0 0.0 0.0 0.717 0.065 0.065 0.065 4.0 0.583 0.899 0.040
0.0 0.0 1.0 0.0 0.0 0.0 0.0 0.0 0.0 0.0 0.696 0.087 0.087 0.087 2.0 0.472 0.565 0.040
0.0 0.0 1.0 0.0 0.0 0.0 0.0 0.0 0.0 0.0 0.717 0.087 0.087 0.087 4.0 0.556 0.899 0.040
0.0 0.0 1.0 0.0 0.0 0.0 0.0 0.0 0.0 0.0 0.696 0.109 0.109 0.109 2.0 0.472 0.565 0.040
0.0 0.0 0.0 1.0 0.0 0.0 0.0 0.0 0.0 0.0 0.717 0.130 0.283 0.236 4.0 0.639 0.899 0.320
0.0 0.0 1.0 0.0 0.0 0.0 0.0 0.0 0.0 0.0 0.696 0.152 0.304 0.258 2.0 0.486 0.565 0.320
0.0 0.0 0.0 1.0 0.0 0.0 0.0 0.0 0.0 0.0 0.717 0.130 0.283 0.236 4.0 0.583 0.899 0.320
0.0 0.0 1.0 0.0 0.0 0.0 0.0 0.0 0.0 0.0 0.696 0.152 0.304 0.258 2.0 0.458 0.565 0.320
0.0 0.0 0.0 1.0 0.0 0.0 0.0 0.0 0.0 0.0 0.717 0.130 0.283 0.236 4.0 0.681 0.899 0.320
0.0 0.0 1.0 0.0 0.0 0.0 0.0 0.0 0.0 0.0 0.696 0.152 0.304 0.258 2.0 0.458 0.565 0.320
0.0 0.0 0.0 1.0 0.0 0.0 0.0 0.0 0.0 0.0 0.717 0.130 0.283 0.236 4.0 0.625 0.899 0.320
0.0 0.0 1.0 0.0 0.0 0.0 0.0 0.0 0.0 0.0 0.696 0.152 0.304 0.258 2.0 0.458 0.565 0.320
0.0 0.0 0.0 1.0 0.0 0.0 0.0 0.0 0.0 0.0 0.717 0.130 0.283 0.231 4.0 0.556 0.899 0.320
0.0 0.0 1.0 0.0 0.0 0.0 0.0 0.0 0.0 0.0 0.696 0.152 0.304 0.253 2.0 0.458 0.565 0.320
0.0 0.0 0.0 1.0 0.0 0.0 0.0 0.0 0.0 0.0 0.717 0.130 0.283 0.231 4.0 0.569 0.899 0.320
0.0 1.0 0.0 0.0 0.0 0.0 0.0 0.0 0.0 0.0 0.696 0.152 0.304 0.253 2.0 0.139 0.565 0.320
0.0 0.0 1.0 0.0 0.0 0.0 0.0 0.0 0.0 0.0 0.674 0.174 0.326 0.274 2.0 0.347 0.551 0.320
0.0 0.0 0.0 1.0 0.0 0.0 0.0 0.0 0.0 0.0 0.696 0.152 0.304 0.253 4.0 0.583 0.884 0.320
0.0 0.0 1.0 0.0 0.0 0.0 0.0 0.0 0.0 0.0 0.674 0.174 0.326 0.274 2.0 0.403 0.551 0.320
0.0 0.0 0.0 1.0 0.0 0.0 0.0 0.0 0.0 0.0 0.696 0.152 0.304 0.253 4.0 0.611 0.884 0.320
0.0 0.0 1.0 0.0 0.0 0.0 0.0 0.0 0.0 0.0 0.674 0.174 0.326 0.274 2.0 0.403 0.551 0.320
0.0 0.0 0.0 1.0 0.0 0.0 0.0 0.0 0.0 0.0 0.696 0.152 0.304 0.253 4.0 0.556 0.884 0.320
0.0 0.0 1.0 0.0 0.0 0.0 0.0 0.0 0.0 0.0 0.674 0.174 0.326 0.274 2.0 0.403 0.551 0.320
0.0 0.0 0.0 1.0 0.0 0.0 0.0 0.0 0.0 0.0 0.717 0.130 0.130 0.130 4.0 0.514 0.884 0.040
0.0 0.0 1.0 0.0 0.0 0.0 0.0 0.0 0.0 0.0 0.696 0.152 0.152 0.152 2.0 0.444 0.565 0.040
0.0 0.0 0.0 1.0 0.0 0.0 0.0 0.0 0.0 0.0 0.696 0.152 0.152 0.152 4.0 0.514 0.870 0.040
0.0 0.0 1.0 0.0 0.0 0.0 0.0 0.0 0.0 0.0 0.674 0.174 0.174 0.174 2.0 0.389 0.551 0.040
0.0 0.0 0.0 1.0 0.0 0.0 0.0 0.0 0.0 0.0 0.696 0.152 0.152 0.152 4.0 0.583 0.870 0.040
0.0 0.0 1.0 0.0 0.0 0.0 0.0 0.0 0.0 0.0 0.674 0.174 0.174 0.174 2.0 0.514 0.551 0.040
0.0 1.0 0.0 0.0 0.0 0.0 0.0 0.0 0.0 0.0 0.739 0.109 0.109 0.109 1.0 0.111 0.884 0.040
0.0 1.0 0.0 0.0 0.0 0.0 0.0 0.0 0.0 0.0 0.717 0.130 0.130 0.130 2.0 0.111 0.884 0.040
0.0 0.0 0.0 1.0 0.0 0.0 0.0 0.0 0.0 0.0 0.696 0.152 0.152 0.152 4.0 0.542 0.870 0.040
0.0 0.0 1.0 0.0 0.0 0.0 0.0 0.0 0.0 0.0 0.674 0.174 0.174 0.174 2.0 0.514 0.551 0.040
0.0 0.0 0.0 1.0 0.0 0.0 0.0 0.0 0.0 0.0 0.696 0.152 0.152 0.152 4.0 0.500 0.870 0.040
0.0 0.0 1.0 0.0 0.0 0.0 0.0 0.0 0.0 0.0 0.674 0.174 0.174 0.174 2.0 0.514 0.551 0.040
0.0 0.0 0.0 1.0 0.0 0.0 0.0 0.0 0.0 0.0 0.696 0.152 0.152 0.152 4.0 0.500 0.870 0.040
0.0 0.0 1.0 0.0 0.0 0.0 0.0 0.0 0.0 0.0 0.674 0.174 0.174 0.174 2.0 0.514 0.551 0.040
0.0 1.0 0.0 0.0 0.0 0.0 0.0 0.0 0.0 0.0 0.717 0.130 0.130 0.130 2.0 0.153 0.884 0.040
0.0 0.0 0.0 1.0 0.0 0.0 0.0 0.0 0.0 0.0 0.696 0.152 0.152 0.152 4.0 0.514 0.870 0.040
0.0 0.0 1.0 0.0 0.0 0.0 0.0 0.0 0.0 0.0 0.674 0.174 0.174 0.174 2.0 0.347 0.551 0.040
0.0 1.0 0.0 0.0 0.0 0.0 0.0 0.0 0.0 0.0 0.717 0.130 0.130 0.130 2.0 0.153 0.884 0.040
0.0 0.0 0.0 1.0 0.0 0.0 0.0 0.0 0.0 0.0 0.696 0.152 0.152 0.152 4.0 0.514 0.870 0.040
0.0 0.0 1.0 0.0 0.0 0.0 0.0 0.0 0.0 0.0 0.674 0.174 0.174 0.174 2.0 0.375 0.551 0.040
0.0 0.0 1.0 0.0 0.0 0.0 0.0 0.0 0.0 0.0 0.717 0.065 0.065 0.065 4.0 0.653 0.899 0.040
0.0 0.0 1.0 0.0 0.0 0.0 0.0 0.0 0.0 0.0 0.696 0.087 0.087 0.087 2.0 0.486 0.565 0.040
0.0 0.0 1.0 0.0 0.0 0.0 0.0 0.0 0.0 0.0 0.717 0.065 0.065 0.065 4.0 0.597 0.899 0.040
0.0 0.0 1.0 0.0 0.0 0.0 0.0 0.0 0.0 0.0 0.696 0.087 0.087 0.087 2.0 0.458 0.565 0.040
0.0 0.0 1.0 0.0 0.0 0.0 0.0 0.0 0.0 0.0 0.761 0.065 0.065 0.065 4.0 0.611 0.913 0.040
0.0 1.0 0.0 0.0 0.0 0.0 0.0 0.0 0.0 0.0 0.739 0.087 0.087 0.087 1.0 0.125 0.580 0.040
0.0 1.0 0.0 0.0 0.0 0.0 0.0 0.0 0.0 0.0 0.717 0.109 0.109 0.109 2.0 0.083 0.580 0.040
0.0 0.0 1.0 0.0 0.0 0.0 0.0 0.0 0.0 0.0 0.696 0.130 0.130 0.130 2.0 0.403 0.565 0.040
0.0 0.0 1.0 0.0 0.0 0.0 0.0 0.0 0.0 0.0 0.717 0.065 0.065 0.065 4.0 0.569 0.899 0.040
0.0 0.0 1.0 0.0 0.0 0.0 0.0 0.0 0.0 0.0 0.696 0.087 0.087 0.087 2.0 0.458 0.565 0.040
0.0 0.0 1.0 0.0 0.0 0.0 0.0 0.0 0.0 0.0 0.717 0.109 0.109 0.109 4.0 0.569 0.899 0.040
0.0 0.0 1.0 0.0 0.0 0.0 0.0 0.0 0.0 0.0 0.696 0.130 0.130 0.130 2.0 0.458 0.565 0.040
0.0 0.0 1.0 0.0 0.0 0.0 0.0 0.0 0.0 0.0 0.696 0.065 0.065 0.065 4.0 0.597 0.884 0.040
0.0 0.0 1.0 0.0 0.0 0.0 0.0 0.0 0.0 0.0 0.674 0.087 0.087 0.087 2.0 0.403 0.551 0.040
0.0 0.0 1.0 0.0 0.0 0.0 0.0 0.0 0.0 0.0 0.696 0.065 0.065 0.065 4.0 0.597 0.884 0.040
0.0 0.0 1.0 0.0 0.0 0.0 0.0 0.0 0.0 0.0 0.674 0.087 0.087 0.087 2.0 0.403 0.551 0.040
0.0 0.0 1.0 0.0 0.0 0.0 0.0 0.0 0.0 0.0 0.696 0.065 0.065 0.065 4.0 0.625 0.884 0.040
0.0 0.0 1.0 0.0 0.0 0.0 0.0 0.0 0.0 0.0 0.674 0.087 0.087 0.087 2.0 0.403 0.551 0.040
0.0 0.0 1.0 0.0 0.0 0.0 0.0 0.0 0.0 0.0 0.696 0.087 0.087 0.087 4.0 0.569 0.884 0.040
0.0 0.0 1.0 0.0 0.0 0.0 0.0 0.0 0.0 0.0 0.674 0.109 0.109 0.109 2.0 0.403 0.551 0.040
0.0 0.0 0.0 1.0 0.0 0.0 0.0 0.0 0.0 0.0 0.761 0.065 0.065 0.065 2.0 0.153 0.913 0.040
0.0 1.0 0.0 0.0 0.0 0.0 0.0 0.0 0.0 0.0 0.761 0.065 0.065 0.065 2.0 0.125 0.928 0.040
0.0 1.0 0.0 0.0 0.0 0.0 0.0 0.0 0.0 0.0 0.783 0.043 0.043 0.043 1.0 0.083 0.928 0.040
0.0 0.0 0.0 1.0 0.0 0.0 0.0 0.0 0.0 0.0 0.783 0.043 0.043 0.043 2.0 0.153 0.913 0.040
0.0 1.0 0.0 0.0 0.0 0.0 0.0 0.0 0.0 0.0 0.783 0.043 0.043 0.043 1.0 0.139 0.913 0.040
0.0 0.0 0.0 1.0 0.0 0.0 0.0 0.0 0.0 0.0 0.739 0.043 0.043 0.043 2.0 0.153 0.913 0.040
0.0 1.0 0.0 0.0 0.0 0.0 0.0 0.0 0.0 0.0 0.739 0.043 0.043 0.043 1.0 0.139 0.899 0.040
0.0 0.0 0.0 1.0 0.0 0.0 0.0 0.0 0.0 0.0 0.739 0.043 0.043 0.043 2.0 0.153 0.913 0.040
0.0 1.0 0.0 0.0 0.0 0.0 0.0 0.0 0.0 0.0 0.739 0.043 0.043 0.043 1.0 0.139 0.899 0.040
0.0 0.0 0.0 1.0 0.0 0.0 0.0 0.0 0.0 0.0 0.739 0.043 0.043 0.043 2.0 0.153 0.899 0.040
0.0 1.0 0.0 0.0 0.0 0.0 0.0 0.0 0.0 0.0 0.739 0.043 0.043 0.043 1.0 0.139 0.899 0.040
0.0 0.0 0.0 1.0 0.0 0.0 0.0 0.0 0.0 0.0 0.739 0.043 0.043 0.043 2.0 0.153 0.899 0.040
0.0 1.0 0.0 0.0 0.0 0.0 0.0 0.0 0.0 0.0 0.739 0.043 0.043 0.043 1.0 0.139 0.899 0.040
0.0 1.0 0.0 0.0 0.0 0.0 0.0 0.0 0.0 0.0 0.783 0.022 0.022 0.022 1.0 0.069 0.913 0.040
0.0 1.0 0.0 0.0 0.0 0.0 0.0 0.0 0.0 0.0 0.761 0.043 0.043 0.043 2.0 0.083 0.913 0.040
0.0 0.0 0.0 1.0 0.0 0.0 0.0 0.0 0.0 0.0 0.739 0.065 0.065 0.065 2.0 0.153 0.899 0.040
0.0 1.0 0.0 0.0 0.0 0.0 0.0 0.0 0.0 0.0 0.739 0.065 0.065 0.065 1.0 0.139 0.899 0.040
0.0 0.0 1.0 0.0 0.0 0.0 0.0 0.0 0.0 0.0 0.783 0.065 0.065 0.065 4.0 0.236 0.928 0.040
0.0 0.0 1.0 0.0 0.0 0.0 0.0 0.0 0.0 0.0 0.761 0.087 0.087 0.087 4.0 0.278 0.884 0.040
0.0 0.0 1.0 0.0 0.0 0.0 0.0 0.0 0.0 0.0 0.739 0.109 0.109 0.109 2.0 0.181 0.884 0.040
0.0 0.0 0.0 1.0 0.0 0.0 0.0 0.0 0.0 0.0 0.804 0.022 0.022 0.022 2.0 0.097 0.928 0.040
0.0 0.0 0.0 1.0 0.0 0.0 0.0 0.0 0.0 0.0 0.804 0.022 0.022 0.022 2.0 0.097 0.913 0.040
0.0 0.0 0.0 1.0 0.0 0.0 0.0 0.0 0.0 0.0 0.761 0.022 0.022 0.022 2.0 0.097 0.899 0.040
0.0 0.0 0.0 1.0 0.0 0.0 0.0 0.0 0.0 0.0 0.761 0.022 0.022 0.022 2.0 0.097 0.899 0.040
0.0 0.0 0.0 1.0 0.0 0.0 0.0 0.0 0.0 0.0 0.739 0.043 0.043 0.043 2.0 0.153 0.899 0.040
0.0 1.0 0.0 0.0 0.0 0.0 0.0 0.0 0.0 0.0 0.739 0.043 0.043 0.043 1.0 0.139 0.899 0.040
0.0 0.0 0.0 1.0 0.0 0.0 0.0 0.0 0.0 0.0 0.739 0.043 0.043 0.043 2.0 0.153 0.899 0.040
0.0 1.0 0.0 0.0 0.0 0.0 0.0 0.0 0.0 0.0 0.739 0.043 0.043 0.043 1.0 0.139 0.899 0.040
0.0 0.0 0.0 1.0 0.0 0.0 0.0 0.0 0.0 0.0 0.783 0.043 0.043 0.043 2.0 0.153 0.913 0.040
0.0 1.0 0.0 0.0 0.0 0.0 0.0 0.0 0.0 0.0 0.783 0.043 0.043 0.043 1.0 0.139 0.913 0.040
0.0 0.0 0.0 1.0 0.0 0.0 0.0 0.0 0.0 0.0 0.739 0.043 0.043 0.043 2.0 0.153 0.899 0.040
0.0 1.0 0.0 0.0 0.0 0.0 0.0 0.0 0.0 0.0 0.739 0.043 0.043 0.043 1.0 0.139 0.899 0.040
0.0 0.0 0.0 1.0 0.0 0.0 0.0 0.0 0.0 0.0 0.739 0.087 0.087 0.087 2.0 0.167 0.899 0.040
0.0 1.0 0.0 0.0 0.0 0.0 0.0 0.0 0.0 0.0 0.739 0.087 0.087 0.087 1.0 0.139 0.899 0.040
0.0 0.0 0.0 1.0 0.0 0.0 0.0 0.0 0.0 0.0 0.761 0.022 0.022 0.022 2.0 0.097 0.899 0.040
0.0 0.0 0.0 1.0 0.0 0.0 0.0 0.0 0.0 0.0 0.717 0.043 0.043 0.043 2.0 0.153 0.884 0.040
0.0 1.0 0.0 0.0 0.0 0.0 0.0 0.0 0.0 0.0 0.717 0.043 0.043 0.043 1.0 0.139 0.884 0.040
0.0 0.0 0.0 1.0 0.0 0.0 0.0 0.0 0.0 0.0 0.717 0.043 0.043 0.043 2.0 0.153 0.884 0.040
0.0 1.0 0.0 0.0 0.0 0.0 0.0 0.0 0.0 0.0 0.717 0.043 0.043 0.043 1.0 0.139 0.884 0.040
0.0 0.0 0.0 1.0 0.0 0.0 0.0 0.0 0.0 0.0 0.717 0.043 0.043 0.043 2.0 0.153 0.884 0.040
0.0 1.0 0.0 0.0 0.0 0.0 0.0 0.0 0.0 0.0 0.717 0.043 0.043 0.043 1.0 0.139 0.884 0.040
0.0 0.0 0.0 1.0 0.0 0.0 0.0 0.0 0.0 0.0 0.717 0.065 0.065 0.065 2.0 0.153 0.899 0.040
0.0 1.0 0.0 0.0 0.0 0.0 0.0 0.0 0.0 0.0 0.717 0.065 0.065 0.065 2.0 0.125 0.899 0.040
0.0 1.0 0.0 0.0 0.0 0.0 0.0 0.0 0.0 0.0 0.739 0.043 0.043 0.043 1.0 0.083 0.899 0.040
0.0 0.0 0.0 1.0 0.0 0.0 0.0 0.0 0.0 0.0 0.761 0.022 0.022 0.022 2.0 0.097 0.899 0.040
0.0 0.0 0.0 1.0 0.0 0.0 0.0 0.0 0.0 0.0 0.761 0.043 0.043 0.043 2.0 0.097 0.899 0.040
0.0 0.0 0.0 1.0 0.0 0.0 0.0 0.0 0.0 0.0 0.761 0.217 0.217 0.217 4.0 0.319 0.899 0.040
0.0 0.0 1.0 0.0 0.0 0.0 0.0 0.0 0.0 0.0 0.739 0.239 0.239 0.239 4.0 0.306 0.899 0.040
0.0 0.0 1.0 0.0 0.0 0.0 0.0 0.0 0.0 0.0 0.739 0.239 0.239 0.239 2.0 0.222 0.899 0.040
0.0 0.0 0.0 1.0 0.0 0.0 0.0 0.0 0.0 0.0 0.761 0.174 0.174 0.174 4.0 0.319 0.913 0.040
0.0 0.0 1.0 0.0 0.0 0.0 0.0 0.0 0.0 0.0 0.739 0.196 0.196 0.196 4.0 0.306 0.899 0.040
0.0 0.0 1.0 0.0 0.0 0.0 0.0 0.0 0.0 0.0 0.739 0.196 0.196 0.196 2.0 0.222 0.899 0.040
0.0 0.0 1.0 0.0 0.0 0.0 0.0 0.0 0.0 0.0 0.761 0.087 0.239 0.189 4.0 0.347 0.899 0.280
0.0 0.0 1.0 0.0 0.0 0.0 0.0 0.0 0.0 0.0 0.739 0.109 0.261 0.211 4.0 0.319 0.899 0.280
0.0 0.0 1.0 0.0 0.0 0.0 0.0 0.0 0.0 0.0 0.739 0.109 0.261 0.211 2.0 0.236 0.899 0.280
0.0 0.0 1.0 0.0 0.0 0.0 0.0 0.0 0.0 0.0 0.761 0.087 0.239 0.189 4.0 0.347 0.913 0.280
0.0 0.0 1.0 0.0 0.0 0.0 0.0 0.0 0.0 0.0 0.739 0.109 0.261 0.211 4.0 0.319 0.899 0.280
0.0 0.0 1.0 0.0 0.0 0.0 0.0 0.0 0.0 0.0 0.739 0.109 0.261 0.211 2.0 0.236 0.899 0.280
0.0 0.0 0.0 1.0 0.0 0.0 0.0 0.0 0.0 1.0 0.826 0.000 0.000 0.000 2.0 0.097 0.928 0.040
0.0 0.0 0.0 1.0 0.0 0.0 0.0 0.0 0.0 1.0 0.826 0.000 0.000 0.000 2.0 0.097 0.913 0.040
0.0 0.0 0.0 1.0 0.0 0.0 0.0 0.0 0.0 1.0 0.783 0.000 0.000 0.000 2.0 0.097 0.913 0.040
0.0 0.0 0.0 1.0 0.0 0.0 0.0 0.0 0.0 1.0 0.783 0.000 0.000 0.000 2.0 0.097 0.913 0.040
0.0 0.0 0.0 1.0 0.0 0.0 0.0 0.0 0.0 0.0 0.761 0.022 0.022 0.022 2.0 0.097 0.899 0.040
0.0 0.0 0.0 1.0 0.0 0.0 0.0 0.0 0.0 0.0 0.761 0.022 0.022 0.022 2.0 0.097 0.899 0.040
0.0 0.0 0.0 1.0 0.0 0.0 0.0 0.0 0.0 0.0 0.804 0.022 0.022 0.022 2.0 0.097 0.913 0.040
0.0 0.0 0.0 1.0 0.0 0.0 0.0 0.0 0.0 0.0 0.761 0.022 0.022 0.022 2.0 0.097 0.899 0.040
0.0 0.0 0.0 1.0 0.0 0.0 0.0 0.0 0.0 0.0 0.761 0.065 0.065 0.065 2.0 0.111 0.899 0.040
0.0 0.0 0.0 1.0 0.0 0.0 0.0 0.0 0.0 1.0 0.783 0.000 0.000 0.000 2.0 0.097 0.899 0.040
0.0 0.0 0.0 1.0 0.0 0.0 0.0 0.0 0.0 0.0 0.739 0.022 0.022 0.022 2.0 0.097 0.884 0.040
0.0 0.0 0.0 1.0 0.0 0.0 0.0 0.0 0.0 0.0 0.739 0.022 0.022 0.022 2.0 0.097 0.884 0.040
0.0 0.0 0.0 1.0 0.0 0.0 0.0 0.0 0.0 0.0 0.739 0.022 0.022 0.022 2.0 0.097 0.884 0.040
0.0 0.0 0.0 1.0 0.0 0.0 0.0 0.0 0.0 0.0 0.761 0.022 0.022 0.022 2.0 0.097 0.899 0.040
0.0 0.0 0.0 1.0 0.0 0.0 0.0 0.0 0.0 1.0 0.783 0.000 0.000 0.000 2.0 0.097 0.899 0.040
0.0 0.0 0.0 1.0 0.0 0.0 0.0 0.0 0.0 1.0 0.804 0.000 0.000 0.000 2.0 0.083 0.913 0.040
0.0 0.0 1.0 0.0 0.0 0.0 0.0 0.0 0.0 0.0 0.783 0.196 0.196 0.196 2.0 0.167 0.899 0.040
0.0 0.0 1.0 0.0 0.0 0.0 0.0 0.0 0.0 0.0 0.783 0.152 0.152 0.152 2.0 0.167 0.913 0.040
0.0 0.0 0.0 1.0 0.0 0.0 0.0 0.0 0.0 1.0 0.783 0.000 0.000 0.000 2.0 0.097 0.899 0.040
0.0 0.0 0.0 1.0 0.0 0.0 0.0 0.0 0.0 1.0 0.783 0.000 0.000 0.000 2.0 0.097 0.899 0.040
0.0 0.0 0.0 1.0 0.0 0.0 0.0 0.0 0.0 1.0 0.826 0.000 0.000 0.000 2.0 0.097 0.913 0.040
0.0 0.0 0.0 1.0 0.0 0.0 0.0 0.0 0.0 1.0 0.783 0.000 0.000 0.000 2.0 0.097 0.899 0.040
0.0 1.0 0.0 0.0 0.0 0.0 0.0 0.0 0.0 1.0 0.826 0.000 0.000 0.000 1.0 0.042 0.913 0.040
0.0 1.0 0.0 0.0 0.0 0.0 0.0 0.0 0.0 0.0 0.804 0.022 0.022 0.022 2.0 0.069 0.913 0.040
0.0 0.0 0.0 1.0 0.0 0.0 0.0 0.0 0.0 0.0 0.783 0.043 0.043 0.043 2.0 0.125 0.899 0.040
0.0 0.0 0.0 1.0 0.0 0.0 0.0 0.0 0.0 1.0 0.761 0.000 0.000 0.000 2.0 0.097 0.884 0.040
0.0 0.0 0.0 1.0 0.0 0.0 0.0 0.0 0.0 1.0 0.761 0.000 0.000 0.000 2.0 0.097 0.884 0.040
0.0 0.0 0.0 1.0 0.0 0.0 0.0 0.0 0.0 1.0 0.761 0.000 0.000 0.000 2.0 0.097 0.884 0.040
0.0 0.0 0.0 1.0 0.0 0.0 0.0 0.0 0.0 1.0 0.783 0.000 0.000 0.000 2.0 0.097 0.913 0.040
0.0 0.0 1.0 0.0 0.0 0.0 0.0 0.0 0.0 0.0 0.804 0.043 0.043 0.043 3.0 0.292 0.971 0.040
0.0 1.0 0.0 0.0 0.0 0.0 0.0 0.0 0.0 0.0 0.826 0.109 0.174 0.141 1.0 0.319 0.942 0.240
0.0 1.0 0.0 0.0 0.0 0.0 0.0 0.0 0.0 0.0 0.804 0.130 0.196 0.163 2.0 0.153 0.942 0.240
0.0 0.0 0.0 1.0 0.0 0.0 0.0 0.0 0.0 0.0 0.783 0.152 0.217 0.185 2.0 0.194 0.928 0.240
0.0 0.0 1.0 0.0 0.0 0.0 0.0 0.0 1.0 0.0 0.826 0.022 0.022 0.022 4.0 0.208 0.986 0.040
0.0 0.0 0.0 1.0 0.0 0.0 0.0 0.0 0.0 0.0 0.804 0.174 0.174 0.174 2.0 0.139 0.899 0.040
0.0 1.0 0.0 0.0 0.0 0.0 0.0 0.0 0.0 0.0 0.804 0.174 0.174 0.174 1.0 0.111 0.899 0.040
0.0 0.0 0.0 1.0 0.0 0.0 0.0 0.0 0.0 0.0 0.804 0.130 0.130 0.130 2.0 0.153 0.928 0.040
0.0 1.0 0.0 0.0 0.0 0.0 0.0 0.0 0.0 0.0 0.804 0.130 0.130 0.130 1.0 0.111 0.913 0.040
0.0 0.0 0.0 0.0 0.0 1.0 0.0 0.0 0.0 1.0 0.848 0.000 0.000 0.000 2.0 0.097 1.000 0.040
0.0 0.0 1.0 0.0 0.0 0.0 0.0 0.0 0.0 0.0 0.848 0.087 0.087 0.087 3.0 0.222 0.942 0.040
0.0 0.0 1.0 0.0 0.0 0.0 0.0 0.0 1.0 0.0 0.848 0.087 0.087 0.087 3.0 0.194 0.942 0.040
0.0 1.0 0.0 0.0 0.0 0.0 0.0 0.0 0.0 0.0 0.891 0.087 0.087 0.087 1.0 0.111 0.957 0.040
0.0 1.0 0.0 0.0 0.0 0.0 0.0 0.0 0.0 0.0 0.870 0.109 0.109 0.109 2.0 0.097 0.957 0.040
0.0 0.0 1.0 0.0 0.0 0.0 0.0 0.0 1.0 0.0 0.848 0.130 0.130 0.130 3.0 0.153 0.942 0.040
0.0 0.0 1.0 0.0 0.0 0.0 0.0 0.0 1.0 0.0 0.848 0.152 0.152 0.152 3.0 0.194 0.942 0.040
0.0 0.0 1.0 0.0 0.0 0.0 0.0 0.0 0.0 0.0 0.848 0.109 0.109 0.109 3.0 0.222 0.942 0.040
0.0 0.0 0.0 1.0 0.0 0.0 0.0 0.0 0.0 0.0 0.826 0.152 0.152 0.152 2.0 0.139 0.899 0.040
0.0 0.0 0.0 1.0 0.0 0.0 0.0 0.0 0.0 0.0 0.826 0.109 0.109 0.109 2.0 0.153 0.928 0.040
0.0 0.0 1.0 0.0 0.0 0.0 0.0 0.0 1.0 0.0 0.848 0.152 0.152 0.152 3.0 0.194 0.942 0.040
0.0 1.0 0.0 0.0 0.0 0.0 0.0 0.0 0.0 0.0 0.891 0.087 0.087 0.087 1.0 0.111 0.913 0.040
0.0 1.0 0.0 0.0 0.0 0.0 0.0 0.0 0.0 0.0 0.870 0.109 0.109 0.109 2.0 0.097 0.913 0.040
0.0 0.0 0.0 1.0 0.0 0.0 0.0 0.0 0.0 0.0 0.848 0.130 0.130 0.130 2.0 0.125 0.899 0.040
0.0 0.0 0.0 1.0 0.0 0.0 0.0 0.0 0.0 0.0 0.848 0.087 0.087 0.087 2.0 0.167 0.928 0.040
0.0 0.0 0.0 1.0 0.0 0.0 0.0 0.0 0.0 0.0 0.870 0.065 0.065 0.065 2.0 0.153 0.971 0.040
0.0 0.0 0.0 1.0 0.0 0.0 0.0 0.0 0.0 0.0 0.870 0.065 0.065 0.065 2.0 0.139 0.971 0.040
0.0 0.0 0.0 1.0 0.0 0.0 0.0 0.0 0.0 0.0 0.913 0.065 0.065 0.065 2.0 0.125 0.957 0.040
0.0 0.0 0.0 1.0 0.0 0.0 0.0 0.0 0.0 0.0 0.870 0.130 0.130 0.130 2.0 0.139 0.942 0.040
0.0 0.0 0.0 1.0 0.0 0.0 0.0 0.0 0.0 0.0 0.870 0.087 0.087 0.087 2.0 0.153 0.942 0.040
0.0 1.0 0.0 0.0 0.0 0.0 0.0 0.0 0.0 0.0 0.870 0.065 0.065 0.065 1.0 0.125 0.942 0.040
0.0 1.0 0.0 0.0 0.0 0.0 0.0 0.0 0.0 0.0 0.870 0.065 0.065 0.065 1.0 0.111 0.942 0.040
0.0 1.0 0.0 0.0 0.0 0.0 0.0 0.0 0.0 0.0 0.913 0.065 0.065 0.065 1.0 0.097 0.957 0.040
0.0 1.0 0.0 0.0 0.0 0.0 0.0 0.0 0.0 0.0 0.870 0.130 0.130 0.130 2.0 0.097 0.957 0.040
0.0 1.0 0.0 0.0 0.0 0.0 0.0 0.0 0.0 0.0 0.891 0.109 0.109 0.109 1.0 0.083 0.957 0.040
0.0 1.0 0.0 0.0 0.0 0.0 0.0 0.0 0.0 0.0 0.870 0.087 0.087 0.087 2.0 0.111 0.957 0.040
0.0 1.0 0.0 0.0 0.0 0.0 0.0 0.0 0.0 0.0 0.891 0.065 0.065 0.065 1.0 0.083 0.957 0.040
0.0 1.0 0.0 0.0 0.0 0.0 0.0 0.0 0.0 0.0 0.870 0.130 0.130 0.130 1.0 0.111 0.942 0.040
0.0 0.0 0.0 1.0 0.0 0.0 0.0 0.0 0.0 0.0 0.870 0.130 0.130 0.130 2.0 0.153 0.971 0.040
0.0 0.0 0.0 1.0 0.0 0.0 0.0 0.0 0.0 0.0 0.891 0.043 0.043 0.043 2.0 0.139 0.971 0.040
0.0 0.0 0.0 1.0 0.0 0.0 0.0 0.0 0.0 0.0 0.891 0.043 0.043 0.043 2.0 0.139 0.971 0.040
0.0 0.0 0.0 1.0 0.0 0.0 0.0 0.0 0.0 0.0 0.935 0.043 0.043 0.043 2.0 0.125 0.957 0.040
0.0 1.0 0.0 0.0 0.0 0.0 0.0 0.0 0.0 0.0 0.957 0.043 0.043 0.043 1.0 0.083 0.971 0.040
0.0 1.0 0.0 0.0 0.0 0.0 0.0 0.0 0.0 0.0 0.935 0.065 0.065 0.065 2.0 0.083 0.971 0.040
0.0 0.0 0.0 1.0 0.0 0.0 0.0 0.0 0.0 0.0 0.913 0.087 0.087 0.087 2.0 0.111 0.957 0.040
0.0 0.0 0.0 1.0 0.0 0.0 0.0 0.0 0.0 0.0 0.913 0.043 0.043 0.043 2.0 0.125 0.957 0.040
0.0 0.0 0.0 1.0 0.0 0.0 0.0 0.0 0.0 0.0 0.913 0.065 0.065 0.065 2.0 0.111 0.913 0.040
0.0 1.0 0.0 0.0 0.0 0.0 0.0 0.0 0.0 0.0 0.913 0.065 0.065 0.065 2.0 0.083 0.928 0.040
0.0 1.0 0.0 0.0 0.0 0.0 0.0 0.0 0.0 0.0 0.935 0.043 0.043 0.043 1.0 0.083 0.928 0.040
0.0 0.0 0.0 1.0 0.0 0.0 0.0 0.0 0.0 0.0 0.870 0.065 0.065 0.065 2.0 0.139 0.942 0.040
0.0 1.0 0.0 0.0 0.0 0.0 0.0 0.0 0.0 0.0 0.870 0.065 0.065 0.065 1.0 0.111 0.928 0.040
0.0 0.0 0.0 1.0 0.0 0.0 0.0 0.0 0.0 0.0 0.891 0.109 0.109 0.109 2.0 0.153 0.971 0.040
0.0 0.0 0.0 1.0 0.0 0.0 0.0 0.0 0.0 0.0 0.913 0.022 0.022 0.022 2.0 0.125 0.971 0.040
0.0 0.0 0.0 1.0 0.0 0.0 0.0 0.0 0.0 0.0 0.913 0.022 0.022 0.022 2.0 0.125 0.971 0.040
0.0 0.0 0.0 1.0 0.0 0.0 0.0 0.0 0.0 0.0 0.957 0.022 0.022 0.022 2.0 0.125 0.957 0.040
0.0 0.0 0.0 1.0 0.0 0.0 0.0 0.0 0.0 0.0 0.978 0.022 0.022 0.022 2.0 0.111 0.971 0.040
0.0 0.0 0.0 1.0 0.0 0.0 0.0 0.0 0.0 0.0 0.935 0.022 0.022 0.022 2.0 0.125 0.957 0.040
0.0 0.0 0.0 1.0 0.0 0.0 0.0 0.0 0.0 0.0 0.957 0.022 0.022 0.022 2.0 0.125 0.928 0.040
0.0 0.0 0.0 1.0 0.0 0.0 0.0 0.0 0.0 0.0 0.891 0.043 0.043 0.043 2.0 0.139 0.928 0.040
0.0 0.0 0.0 1.0 0.0 0.0 0.0 0.0 0.0 0.0 0.913 0.087 0.087 0.087 2.0 0.167 0.971 0.040
0.0 0.0 1.0 0.0 0.0 0.0 0.0 0.0 0.0 1.0 0.935 0.000 0.000 0.000 2.0 0.097 0.971 0.040
0.0 0.0 1.0 0.0 0.0 0.0 0.0 0.0 0.0 1.0 0.935 0.000 0.000 0.000 2.0 0.097 0.971 0.040
0.0 0.0 1.0 0.0 0.0 0.0 0.0 0.0 0.0 1.0 0.978 0.000 0.000 0.000 2.0 0.097 0.957 0.040
0.0 0.0 1.0 0.0 0.0 0.0 0.0 0.0 0.0 1.0 1.000 0.000 0.000 0.000 2.0 0.097 0.971 0.040
0.0 0.0 1.0 0.0 0.0 0.0 0.0 0.0 0.0 1.0 0.957 0.000 0.000 0.000 2.0 0.083 0.971 0.040
0.0 0.0 0.0 1.0 0.0 0.0 0.0 0.0 0.0 1.0 0.978 0.000 0.000 0.000 2.0 0.097 0.928 0.040
0.0 1.0 0.0 0.0 0.0 0.0 0.0 0.0 0.0 1.0 0.935 0.000 0.000 0.000 2.0 0.056 0.957 0.040
0.0 0.0 0.0 1.0 0.0 0.0 0.0 0.0 0.0 0.0 0.913 0.022 0.022 0.022 2.0 0.111 0.942 0.040
0.0 0.0 0.0 1.0 0.0 0.0 0.0 0.0 0.0 0.0 0.935 0.065 0.065 0.065 2.0 0.139 0.986 0.040
0.0 1.0 0.0 0.0 0.0 0.0 0.0 0.0 0.0 0.0 0.935 0.065 0.065 0.065 1.0 0.111 0.971 0.040
0.0 0.0 0.0 1.0 0.0 0.0 0.0 0.0 0.0 0.0 0.957 0.043 0.043 0.043 2.0 0.139 0.986 0.040
0.0 0.0 0.0 1.0 0.0 0.0 0.0 0.0 0.0 0.0 0.978 0.022 0.022 0.022 2.0 0.125 0.986 0.040
0.0 0.0 1.0 0.0 0.0 0.0 0.0 0.0 0.0 1.0 1.000 0.000 0.000 0.000 2.0 0.097 0.986 0.040
