0.0 0.0 0.0 0.0 0.0 1.0 0.0 0.0 0.0 0.0 0.212 0.000 0.000 0.000 3.0 1.000 0.075 0.000
0.0 1.0 0.0 0.0 0.0 0.0 0.0 0.0 1.0 0.0 0.030 0.030 0.030 0.030 1.0 0.125 0.006 0.500
0.0 1.0 0.0 0.0 0.0 0.0 0.0 0.0 0.0 0.0 0.061 0.000 0.000 0.000 1.0 0.125 0.006 0.000
0.0 1.0 0.0 0.0 0.0 0.0 0.0 0.0 0.0 1.0 0.061 0.000 0.000 0.000 1.0 0.125 0.006 0.500
0.0 1.0 0.0 0.0 0.0 0.0 0.0 0.0 0.0 0.0 0.061 0.000 0.000 0.000 1.0 0.125 0.006 0.000
0.0 1.0 0.0 0.0 0.0 0.0 0.0 0.0 0.0 0.0 0.061 0.000 0.000 0.000 1.0 0.125 0.006 0.000
1.0 0.0 0.0 0.0 0.0 0.0 0.0 0.0 1.0 0.0 0.030 0.000 0.000 0.000 1.0 0.025 0.006 0.000
1.0 0.0 0.0 0.0 0.0 0.0 0.0 0.0 1.0 0.0 0.030 0.000 0.000 0.000 1.0 0.025 0.006 0.000
0.0 1.0 0.0 0.0 0.0 0.0 0.0 0.0 1.0 0.0 0.030 0.000 0.000 0.000 1.0 0.100 0.006 0.000
0.0 1.0 0.0 0.0 0.0 0.0 0.0 0.0 0.0 0.0 0.061 0.000 0.000 0.000 1.0 0.100 0.006 0.000
0.0 1.0 0.0 0.0 0.0 0.0 0.0 0.0 0.0 0.0 0.061 0.000 0.000 0.000 1.0 0.100 0.006 0.000
0.0 1.0 0.0 0.0 0.0 0.0 0.0 0.0 0.0 0.0 0.061 0.000 0.000 0.000 1.0 0.100 0.006 0.000
1.0 0.0 0.0 0.0 0.0 0.0 0.0 0.0 0.0 0.0 0.485 0.000 0.000 0.000 1.0 0.100 0.247 0.000
1.0 0.0 0.0 0.0 0.0 0.0 0.0 0.0 0.0 0.0 0.273 0.000 0.000 0.000 1.0 0.100 0.075 0.000
1.0 0.0 0.0 0.0 0.0 0.0 0.0 0.0 0.0 0.0 0.303 0.000 0.000 0.000 1.0 0.100 0.075 0.000
1.0 0.0 0.0 0.0 0.0 0.0 0.0 0.0 0.0 0.0 0.242 0.000 0.000 0.000 1.0 0.100 0.069 0.000
0.0 0.0 0.0 1.0 0.0 0.0 0.0 0.0 0.0 0.0 0.455 0.000 0.000 0.000 2.0 0.175 0.247 0.000
0.0 0.0 0.0 1.0 0.0 0.0 0.0 0.0 0.0 0.0 0.182 0.000 0.000 0.000 2.0 0.425 0.040 0.000
0.0 0.0 0.0 1.0 0.0 0.0 0.0 0.0 1.0 0.0 0.424 0.000 0.000 0.000 2.0 0.175 0.247 0.000
0.0 0.0 0.0 1.0 0.0 0.0 0.0 0.0 0.0 0.0 0.394 0.000 0.000 0.000 2.0 0.200 0.241 0.000
0.0 0.0 0.0 1.0 0.0 0.0 0.0 0.0 0.0 0.0 0.333 0.000 0.000 0.000 2.0 0.250 0.236 0.000
0.0 0.0 0.0 0.0 0.0 0.0 1.0 0.0 0.0 0.0 0.273 0.000 0.000 0.000 2.0 0.300 0.121 0.000
0.0 0.0 0.0 0.0 0.0 0.0 0.0 1.0 0.0 0.0 0.303 0.000 0.000 0.000 2.0 0.275 0.126 0.000
0.0 1.0 0.0 0.0 0.0 0.0 0.0 0.0 0.0 0.0 0.364 0.000 0.000 0.000 2.0 0.175 0.241 0.000
0.0 0.0 0.0 1.0 0.0 0.0 0.0 0.0 0.0 0.0 0.333 0.000 0.000 0.000 2.0 0.225 0.236 0.000
0.0 0.0 0.0 0.0 0.0 0.0 0.0 1.0 0.0 0.0 0.273 0.000 0.000 0.000 2.0 0.300 0.121 0.000
0.0 0.0 0.0 0.0 0.0 0.0 0.0 1.0 0.0 0.0 0.212 0.000 0.000 0.000 2.0 0.425 0.063 0.000
0.0 1.0 0.0 0.0 0.0 0.0 0.0 0.0 0.0 0.0 0.182 0.000 0.000 0.000 2.0 0.350 0.040 0.000
0.0 0.0 0.0 0.0 0.0 0.0 0.0 1.0 0.0 0.0 0.303 0.000 0.000 0.000 2.0 0.325 0.126 0.000
0.0 0.0 0.0 0.0 0.0 0.0 0.0 1.0 0.0 0.0 0.273 0.000 0.000 0.000 2.0 0.325 0.075 0.000
0.0 1.0 0.0 0.0 0.0 0.0 0.0 0.0 0.0 0.0 0.242 0.000 0.000 0.000 2.0 0.325 0.046 0.000
0.0 0.0 0.0 1.0 0.0 0.0 0.0 0.0 0.0 0.0 0.242 0.000 0.000 0.000 2.0 0.175 0.075 0.000
0.0 0.0 0.0 1.0 0.0 0.0 0.0 0.0 0.0 0.0 0.182 0.000 0.000 0.000 2.0 0.400 0.040 0.000
0.0 0.0 0.0 1.0 0.0 0.0 0.0 0.0 1.0 0.0 0.212 0.000 0.000 0.000 2.0 0.150 0.052 0.000
0.0 0.0 0.0 0.0 1.0 0.0 0.0 0.0 1.0 0.0 0.182 0.000 0.000 0.000 2.0 0.275 0.046 0.000
0.0 0.0 0.0 1.0 0.0 0.0 0.0 0.0 0.0 0.0 0.212 0.000 0.000 0.000 2.0 0.175 0.069 0.000
0.0 0.0 0.0 1.0 0.0 0.0 0.0 0.0 0.0 0.0 0.182 0.000 0.000 0.000 2.0 0.400 0.046 0.000
0.0 0.0 0.0 1.0 0.0 0.0 0.0 0.0 1.0 0.0 0.182 0.000 0.000 0.000 2.0 0.300 0.040 0.000
0.0 1.0 0.0 0.0 0.0 0.0 0.0 0.0 0.0 0.0 0.515 0.000 0.000 0.000 1.0 0.150 0.724 0.000
0.0 1.0 0.0 0.0 0.0 0.0 0.0 0.0 0.0 0.0 1.000 0.000 0.000 0.000 1.0 0.150 1.000 0.000
0.0 0.0 0.0 1.0 0.0 0.0 0.0 0.0 0.0 1.0 0.273 0.000 0.000 0.000 2.0 0.175 0.075 0.500
0.0 0.0 0.0 1.0 0.0 0.0 0.0 0.0 0.0 0.0 0.182 0.091 0.091 0.091 2.0 0.425 0.040 0.500
0.0 1.0 0.0 0.0 0.0 0.0 0.0 0.0 1.0 0.0 0.030 0.242 0.242 0.242 1.0 0.325 0.006 0.500
0.0 0.0 0.0 1.0 0.0 0.0 0.0 0.0 1.0 0.0 0.242 0.030 0.030 0.030 2.0 0.300 0.052 0.500
0.0 1.0 0.0 0.0 0.0 0.0 0.0 0.0 0.0 0.0 0.091 0.000 0.000 0.000 1.0 0.100 0.046 0.000
0.0 0.0 0.0 0.0 0.0 1.0 0.0 0.0 0.0 0.0 0.061 0.000 0.000 0.000 2.0 0.150 0.046 0.000
0.0 0.0 0.0 1.0 0.0 0.0 0.0 0.0 1.0 0.0 0.030 0.000 0.000 0.000 3.0 0.025 0.017 0.000
0.0 1.0 0.0 0.0 0.0 0.0 0.0 0.0 1.0 0.0 0.030 0.000 0.000 0.000 1.0 0.025 0.006 0.000
0.0 1.0 0.0 0.0 0.0 0.0 0.0 0.0 1.0 0.0 0.030 0.000 0.000 0.000 1.0 0.025 0.006 0.000
0.0 1.0 0.0 0.0 0.0 0.0 0.0 0.0 1.0 0.0 0.030 0.000 0.000 0.000 1.0 0.025 0.006 0.000
0.0 1.0 0.0 0.0 0.0 0.0 0.0 0.0 1.0 0.0 0.030 0.000 0.000 0.000 1.0 0.025 0.006 0.000
0.0 0.0 0.0 1.0 0.0 0.0 0.0 0.0 1.0 0.0 0.091 0.000 0.000 0.000 2.0 0.100 0.017 0.000
0.0 1.0 0.0 0.0 0.0 0.0 0.0 0.0 0.0 0.0 0.273 0.000 0.000 0.000 1.0 0.125 0.080 0.000
0.0 1.0 0.0 0.0 0.0 0.0 0.0 0.0 0.0 0.0 0.273 0.000 0.000 0.000 2.0 0.125 0.075 0.000
0.0 0.0 0.0 1.0 0.0 0.0 0.0 0.0 0.0 0.0 0.970 0.000 0.000 0.000 4.0 0.475 1.000 0.000
0.0 0.0 0.0 0.0 0.0 1.0 0.0 0.0 0.0 0.0 0.939 0.000 0.000 0.000 4.0 0.425 0.874 0.000
0.0 0.0 0.0 0.0 0.0 0.0 1.0 0.0 0.0 0.0 0.909 0.000 0.000 0.000 2.0 0.300 0.632 0.000
0.0 0.0 0.0 1.0 0.0 0.0 0.0 0.0 0.0 0.0 0.879 0.000 0.000 0.000 2.0 0.250 0.563 0.000
0.0 0.0 0.0 1.0 0.0 0.0 0.0 0.0 0.0 0.0 0.848 0.000 0.000 0.000 2.0 0.225 0.563 0.000
0.0 0.0 0.0 1.0 0.0 0.0 0.0 0.0 0.0 0.0 0.818 0.000 0.000 0.000 2.0 0.200 0.557 0.000
0.0 1.0 0.0 0.0 0.0 0.0 0.0 0.0 0.0 0.0 0.273 0.000 0.000 0.000 2.0 0.200 0.103 0.000
0.0 1.0 0.0 0.0 0.0 0.0 0.0 0.0 0.0 0.0 0.788 0.000 0.000 0.000 1.0 0.250 0.529 0.000
0.0 1.0 0.0 0.0 0.0 0.0 0.0 0.0 0.0 0.0 0.273 0.000 0.000 0.000 2.0 0.225 0.092 0.000
0.0 0.0 0.0 1.0 0.0 0.0 0.0 0.0 0.0 0.0 0.788 0.000 0.000 0.000 2.0 0.300 0.557 0.000
0.0 0.0 0.0 1.0 0.0 0.0 0.0 0.0 0.0 0.0 0.758 0.000 0.000 0.000 4.0 0.575 0.529 0.000
0.0 0.0 0.0 1.0 0.0 0.0 0.0 0.0 0.0 0.0 0.727 0.000 0.000 0.000 3.0 0.425 0.529 0.000
0.0 0.0 0.0 1.0 0.0 0.0 0.0 0.0 0.0 0.0 0.394 0.000 0.000 0.000 2.0 0.475 0.195 0.000
0.0 0.0 0.0 1.0 0.0 0.0 0.0 0.0 0.0 0.0 0.364 0.000 0.000 0.000 2.0 0.300 0.195 0.000
0.0 0.0 0.0 0.0 1.0 0.0 0.0 0.0 0.0 0.0 0.333 0.000 0.000 0.000 2.0 0.275 0.132 0.000
0.0 0.0 0.0 1.0 0.0 0.0 0.0 0.0 0.0 0.0 0.697 0.000 0.000 0.000 3.0 0.300 0.437 0.000
0.0 0.0 0.0 1.0 0.0 0.0 0.0 0.0 0.0 0.0 0.667 0.000 0.000 0.000 2.0 0.350 0.431 0.000
0.0 0.0 0.0 1.0 0.0 0.0 0.0 0.0 0.0 0.0 0.636 0.000 0.000 0.000 3.0 0.350 0.397 0.000
0.0 1.0 0.0 0.0 0.0 0.0 0.0 0.0 0.0 0.0 0.333 0.000 0.000 0.000 3.0 0.400 0.132 0.000
0.0 0.0 0.0 1.0 0.0 0.0 0.0 0.0 0.0 0.0 0.606 0.000 0.000 0.000 2.0 0.275 0.391 0.000
0.0 0.0 0.0 1.0 0.0 0.0 0.0 0.0 0.0 0.0 0.576 0.000 0.000 0.000 2.0 0.250 0.351 0.000
0.0 0.0 0.0 0.0 1.0 0.0 0.0 0.0 0.0 0.0 0.424 0.000 0.000 0.000 2.0 0.275 0.167 0.000
0.0 0.0 0.0 1.0 0.0 0.0 0.0 0.0 0.0 0.0 0.545 0.000 0.000 0.000 2.0 0.275 0.351 0.000
0.0 0.0 0.0 1.0 0.0 0.0 0.0 0.0 0.0 0.0 0.515 0.000 0.000 0.000 2.0 0.275 0.316 0.000
0.0 0.0 0.0 1.0 0.0 0.0 0.0 0.0 0.0 0.0 0.394 0.000 0.000 0.000 3.0 0.475 0.167 0.000
0.0 0.0 0.0 1.0 0.0 0.0 0.0 0.0 0.0 0.0 0.485 0.000 0.000 0.000 2.0 0.275 0.316 0.000
0.0 0.0 0.0 1.0 0.0 0.0 0.0 0.0 0.0 0.0 0.455 0.000 0.000 0.000 4.0 0.450 0.224 0.000
0.0 1.0 0.0 0.0 0.0 0.0 0.0 0.0 0.0 0.0 0.424 0.000 0.000 0.000 4.0 0.550 0.213 0.000
0.0 0.0 0.0 1.0 0.0 0.0 0.0 0.0 0.0 0.0 0.394 0.000 0.000 0.000 2.0 0.250 0.144 0.000
0.0 1.0 0.0 0.0 0.0 0.0 0.0 0.0 0.0 0.0 0.364 0.000 0.000 0.000 2.0 0.200 0.126 0.000
0.0 1.0 0.0 0.0 0.0 0.0 0.0 0.0 0.0 0.0 0.424 0.000 0.000 0.000 3.0 0.400 0.207 0.000
0.0 1.0 0.0 0.0 0.0 0.0 0.0 0.0 0.0 0.0 0.394 0.000 0.000 0.000 1.0 0.225 0.172 0.000
0.0 1.0 0.0 0.0 0.0 0.0 0.0 0.0 0.0 0.0 0.424 0.000 0.000 0.000 2.0 0.275 0.218 0.000
0.0 0.0 0.0 1.0 0.0 0.0 0.0 0.0 0.0 0.0 0.394 0.000 0.000 0.000 4.0 0.575 0.213 0.000
0.0 0.0 0.0 1.0 0.0 0.0 0.0 0.0 0.0 0.0 0.364 0.000 0.000 0.000 2.0 0.275 0.132 0.000
0.0 1.0 0.0 0.0 0.0 0.0 0.0 0.0 0.0 0.0 0.030 0.000 0.000 0.000 2.0 0.100 0.011 0.000
0.0 1.0 0.0 0.0 0.0 0.0 0.0 0.0 0.0 0.0 0.455 0.000 0.000 0.000 2.0 0.175 0.178 0.000
0.0 0.0 0.0 0.0 0.0 1.0 0.0 0.0 0.0 0.0 0.424 0.000 0.000 0.000 2.0 0.225 0.172 0.000
0.0 0.0 0.0 0.0 0.0 0.0 1.0 0.0 0.0 0.0 0.333 0.000 0.000 0.000 2.0 0.300 0.126 0.000
0.0 1.0 0.0 0.0 0.0 0.0 0.0 0.0 0.0 0.0 0.182 0.000 0.000 0.000 2.0 0.300 0.040 0.000
0.0 1.0 0.0 0.0 0.0 0.0 0.0 0.0 0.0 0.0 0.394 0.000 0.000 0.000 1.0 0.300 0.132 0.000
0.0 0.0 0.0 0.0 0.0 0.0 0.0 1.0 0.0 0.0 0.364 0.000 0.000 0.000 2.0 0.275 0.144 0.000
0.0 0.0 0.0 1.0 0.0 0.0 0.0 0.0 0.0 0.0 0.394 0.000 0.000 0.000 3.0 0.425 0.172 0.000
0.0 0.0 0.0 1.0 0.0 0.0 0.0 0.0 1.0 0.0 0.242 0.000 0.000 0.000 2.0 0.400 0.057 0.000
0.0 0.0 0.0 1.0 0.0 0.0 0.0 0.0 0.0 0.0 0.364 0.000 0.000 0.000 2.0 0.425 0.132 0.000
0.0 0.0 0.0 0.0 1.0 0.0 0.0 0.0 0.0 0.0 0.303 0.000 0.000 0.000 2.0 0.425 0.126 0.000
0.0 1.0 0.0 0.0 0.0 0.0 0.0 0.0 0.0 0.0 0.333 0.000 0.000 0.000 2.0 0.225 0.132 0.000
0.0 0.0 0.0 1.0 0.0 0.0 0.0 0.0 0.0 0.0 0.303 0.000 0.000 0.000 2.0 0.350 0.126 0.000
0.0 1.0 0.0 0.0 0.0 0.0 0.0 0.0 0.0 0.0 0.333 0.000 0.000 0.000 1.0 0.250 0.138 0.000
0.0 1.0 0.0 0.0 0.0 0.0 0.0 0.0 0.0 0.0 0.364 0.000 0.000 0.000 2.0 0.225 0.167 0.000
0.0 0.0 0.0 1.0 0.0 0.0 0.0 0.0 0.0 0.0 0.333 0.000 0.000 0.000 3.0 0.450 0.161 0.000
0.0 0.0 0.0 1.0 0.0 0.0 0.0 0.0 0.0 0.0 0.333 0.000 0.000 0.000 2.0 0.275 0.132 0.000
0.0 0.0 0.0 1.0 0.0 0.0 0.0 0.0 0.0 0.0 0.242 0.000 0.000 0.000 2.0 0.600 0.121 0.000
0.0 1.0 0.0 0.0 0.0 0.0 0.0 0.0 0.0 0.0 0.303 0.000 0.000 0.000 2.0 0.250 0.086 0.000
0.0 1.0 0.0 0.0 0.0 0.0 0.0 0.0 0.0 0.0 0.303 0.000 0.000 0.000 2.0 0.200 0.103 0.000
0.0 0.0 0.0 1.0 0.0 0.0 0.0 0.0 0.0 0.0 0.788 0.000 0.000 0.000 2.0 0.275 0.563 0.000
0.0 0.0 0.0 1.0 0.0 0.0 0.0 0.0 0.0 0.0 0.758 0.000 0.000 0.000 2.0 0.275 0.563 0.000
0.0 0.0 0.0 1.0 0.0 0.0 0.0 0.0 0.0 0.0 0.424 0.000 0.000 0.000 3.0 0.300 0.241 0.000
0.0 0.0 0.0 0.0 1.0 0.0 0.0 0.0 0.0 0.0 0.303 0.000 0.000 0.000 2.0 0.325 0.109 0.000
0.0 1.0 0.0 0.0 0.0 0.0 0.0 0.0 0.0 0.0 0.364 0.000 0.000 0.000 2.0 0.200 0.144 0.000
0.0 0.0 0.0 1.0 0.0 0.0 0.0 0.0 0.0 0.0 0.333 0.000 0.000 0.000 2.0 0.275 0.138 0.000
0.0 0.0 0.0 1.0 0.0 0.0 0.0 0.0 0.0 0.0 0.394 0.000 0.000 0.000 2.0 0.375 0.236 0.000
0.0 0.0 0.0 1.0 0.0 0.0 0.0 0.0 0.0 0.0 0.364 0.000 0.000 0.000 4.0 0.400 0.201 0.000
1.0 0.0 0.0 0.0 0.0 0.0 0.0 0.0 0.0 0.0 0.333 0.000 0.000 0.000 2.0 0.250 0.144 0.000
0.0 0.0 0.0 1.0 0.0 0.0 0.0 0.0 0.0 0.0 0.303 0.000 0.000 0.000 2.0 0.450 0.138 0.000
0.0 1.0 0.0 0.0 0.0 0.0 0.0 0.0 0.0 0.0 0.333 0.000 0.000 0.000 3.0 0.300 0.144 0.000
0.0 1.0 0.0 0.0 0.0 0.0 0.0 0.0 0.0 0.0 0.303 0.000 0.000 0.000 1.0 0.225 0.109 0.000
0.0 0.0 0.0 0.0 0.0 1.0 0.0 0.0 0.0 0.0 0.273 0.000 0.000 0.000 3.0 0.475 0.109 0.000
0.0 0.0 0.0 1.0 0.0 0.0 0.0 0.0 0.0 0.0 0.242 0.000 0.000 0.000 2.0 0.550 0.103 0.000
0.0 0.0 0.0 1.0 0.0 0.0 0.0 0.0 0.0 0.0 0.303 0.000 0.000 0.000 3.0 0.600 0.190 0.000
0.0 0.0 0.0 0.0 0.0 1.0 0.0 0.0 1.0 0.0 0.273 0.000 0.000 0.000 2.0 0.300 0.080 0.000
0.0 1.0 0.0 0.0 0.0 0.0 0.0 0.0 0.0 0.0 0.242 0.000 0.000 0.000 1.0 0.500 0.075 0.000
0.0 1.0 0.0 0.0 0.0 0.0 0.0 0.0 0.0 0.0 0.303 0.000 0.000 0.000 2.0 0.225 0.109 0.000
0.0 1.0 0.0 0.0 0.0 0.0 0.0 0.0 0.0 0.0 0.273 0.000 0.000 0.000 1.0 0.250 0.103 0.000
0.0 0.0 0.0 1.0 0.0 0.0 0.0 0.0 0.0 0.0 0.242 0.000 0.000 0.000 2.0 0.600 0.103 0.000
0.0 1.0 0.0 0.0 0.0 0.0 0.0 0.0 0.0 0.0 0.727 0.000 0.000 0.000 3.0 0.300 0.437 0.000
0.0 0.0 0.0 1.0 0.0 0.0 0.0 0.0 0.0 0.0 0.758 0.000 0.000 0.000 3.0 0.375 0.540 0.000
0.0 0.0 0.0 1.0 0.0 0.0 0.0 0.0 0.0 0.0 0.727 0.000 0.000 0.000 2.0 0.325 0.431 0.000
0.0 0.0 0.0 1.0 0.0 0.0 0.0 0.0 0.0 0.0 0.697 0.000 0.000 0.000 4.0 0.450 0.425 0.000
0.0 1.0 0.0 0.0 0.0 0.0 0.0 0.0 0.0 0.0 0.303 0.000 0.000 0.000 2.0 0.275 0.092 0.000
0.0 1.0 0.0 0.0 0.0 0.0 0.0 0.0 0.0 0.0 0.333 0.000 0.000 0.000 2.0 0.300 0.144 0.000
0.0 0.0 0.0 1.0 0.0 0.0 0.0 0.0 1.0 0.0 0.273 0.000 0.000 0.000 3.0 0.700 0.138 0.000
0.0 0.0 0.0 1.0 0.0 0.0 0.0 0.0 0.0 0.0 0.667 0.000 0.000 0.000 2.0 0.325 0.379 0.000
0.0 0.0 0.0 1.0 0.0 0.0 0.0 0.0 0.0 0.0 0.636 0.000 0.000 0.000 2.0 0.250 0.379 0.000
0.0 0.0 0.0 1.0 0.0 0.0 0.0 0.0 0.0 0.0 0.606 0.000 0.000 0.000 2.0 0.250 0.339 0.000
0.0 0.0 0.0 1.0 0.0 0.0 0.0 0.0 0.0 0.0 0.576 0.000 0.000 0.000 2.0 0.250 0.339 0.000
0.0 0.0 0.0 1.0 0.0 0.0 0.0 0.0 1.0 0.0 0.364 0.000 0.000 0.000 3.0 0.250 0.149 0.000
0.0 0.0 0.0 1.0 0.0 0.0 0.0 0.0 0.0 0.0 0.545 0.000 0.000 0.000 2.0 0.300 0.293 0.000
0.0 0.0 0.0 1.0 0.0 0.0 0.0 0.0 0.0 0.0 0.333 0.000 0.000 0.000 2.0 0.375 0.138 0.000
0.0 0.0 0.0 1.0 0.0 0.0 0.0 0.0 0.0 0.0 0.515 0.000 0.000 0.000 3.0 0.300 0.293 0.000
0.0 1.0 0.0 0.0 0.0 0.0 0.0 0.0 0.0 0.0 0.364 0.000 0.000 0.000 2.0 0.225 0.144 0.000
0.0 0.0 0.0 0.0 0.0 0.0 1.0 0.0 0.0 0.0 0.333 0.000 0.000 0.000 2.0 0.300 0.138 0.000
0.0 0.0 0.0 1.0 0.0 0.0 0.0 0.0 0.0 0.0 0.303 0.000 0.000 0.000 2.0 0.375 0.092 0.000
0.0 0.0 0.0 1.0 0.0 0.0 0.0 0.0 1.0 0.0 0.273 0.000 0.000 0.000 3.0 0.375 0.086 0.000
0.0 0.0 0.0 1.0 0.0 0.0 0.0 0.0 0.0 0.0 0.273 0.000 0.000 0.000 2.0 0.350 0.086 0.000
0.0 0.0 0.0 1.0 0.0 0.0 0.0 0.0 1.0 0.0 0.242 0.000 0.000 0.000 2.0 0.325 0.052 0.000
0.0 0.0 0.0 1.0 0.0 0.0 0.0 0.0 0.0 0.0 0.485 0.000 0.000 0.000 2.0 0.400 0.236 0.000
0.0 0.0 0.0 1.0 0.0 0.0 0.0 0.0 0.0 0.0 0.455 0.000 0.000 0.000 2.0 0.350 0.213 0.000
0.0 0.0 0.0 0.0 1.0 0.0 0.0 0.0 0.0 0.0 0.455 0.000 0.000 0.000 2.0 0.375 0.213 0.000
0.0 0.0 0.0 1.0 0.0 0.0 0.0 0.0 0.0 0.0 0.303 0.000 0.000 0.000 2.0 0.475 0.086 0.000
0.0 0.0 0.0 1.0 0.0 0.0 0.0 0.0 0.0 0.0 0.273 0.000 0.000 0.000 2.0 0.425 0.080 0.000
0.0 0.0 0.0 1.0 0.0 0.0 0.0 0.0 0.0 0.0 0.242 0.000 0.000 0.000 2.0 0.475 0.080 0.000
0.0 0.0 0.0 1.0 0.0 0.0 0.0 0.0 0.0 0.0 0.424 0.000 0.000 0.000 3.0 0.475 0.201 0.000
0.0 0.0 0.0 1.0 0.0 0.0 0.0 0.0 0.0 0.0 0.394 0.000 0.000 0.000 3.0 0.525 0.201 0.000
0.0 0.0 0.0 1.0 0.0 0.0 0.0 0.0 0.0 0.0 0.364 0.000 0.000 0.000 2.0 0.325 0.138 0.000
0.0 1.0 0.0 0.0 0.0 0.0 0.0 0.0 0.0 0.0 0.333 0.000 0.000 0.000 1.0 0.300 0.092 0.000
0.0 0.0 0.0 1.0 0.0 0.0 0.0 0.0 0.0 0.0 0.364 0.000 0.000 0.000 3.0 0.550 0.172 0.000
0.0 1.0 0.0 0.0 0.0 0.0 0.0 0.0 0.0 0.0 0.333 0.000 0.000 0.000 1.0 0.400 0.121 0.000
0.0 0.0 0.0 1.0 0.0 0.0 0.0 0.0 0.0 0.0 0.303 0.000 0.000 0.000 3.0 0.400 0.121 0.000
0.0 0.0 0.0 1.0 0.0 0.0 0.0 0.0 1.0 0.0 0.242 0.000 0.000 0.000 2.0 0.400 0.080 0.000
0.0 0.0 0.0 1.0 0.0 0.0 0.0 0.0 1.0 0.0 0.273 0.000 0.000 0.000 2.0 0.350 0.080 0.000
0.0 0.0 0.0 1.0 0.0 0.0 0.0 0.0 0.0 0.0 0.273 0.000 0.000 0.000 3.0 0.700 0.121 0.000
0.0 0.0 0.0 0.0 1.0 0.0 0.0 0.0 1.0 0.0 0.242 0.000 0.000 0.000 2.0 0.425 0.080 0.000
0.0 0.0 0.0 1.0 0.0 0.0 0.0 0.0 0.0 0.0 0.242 0.000 0.000 0.000 2.0 0.475 0.080 0.000
0.0 0.0 0.0 1.0 0.0 0.0 0.0 0.0 0.0 0.0 0.303 0.000 0.000 0.000 2.0 0.425 0.092 0.000
0.0 0.0 0.0 0.0 1.0 0.0 0.0 0.0 1.0 0.0 0.273 0.000 0.000 0.000 2.0 0.325 0.080 0.000
0.0 0.0 0.0 1.0 0.0 0.0 0.0 0.0 0.0 0.0 0.273 0.000 0.000 0.000 2.0 0.425 0.086 0.000
0.0 0.0 0.0 1.0 0.0 0.0 0.0 0.0 0.0 0.0 0.303 0.000 0.000 0.000 3.0 0.450 0.121 0.000
0.0 0.0 0.0 1.0 0.0 0.0 0.0 0.0 1.0 0.0 0.242 0.000 0.000 0.000 2.0 0.400 0.080 0.000
0.0 0.0 0.0 1.0 0.0 0.0 0.0 0.0 1.0 0.0 0.273 0.000 0.000 0.000 2.0 0.350 0.080 0.000
0.0 0.0 0.0 0.0 1.0 0.0 0.0 0.0 0.0 0.0 0.364 0.000 0.000 0.000 2.0 0.250 0.149 0.000
0.0 1.0 0.0 0.0 0.0 0.0 0.0 0.0 0.0 0.0 0.333 0.000 0.000 0.000 1.0 0.325 0.092 0.000
0.0 0.0 0.0 1.0 0.0 0.0 0.0 0.0 0.0 0.0 0.303 0.000 0.000 0.000 2.0 0.375 0.092 0.000
0.0 0.0 0.0 1.0 0.0 0.0 0.0 0.0 1.0 0.0 0.273 0.000 0.000 0.000 3.0 0.400 0.086 0.000
0.0 1.0 0.0 0.0 0.0 0.0 0.0 0.0 0.0 0.0 0.242 0.000 0.000 0.000 1.0 0.700 0.075 0.000
0.0 0.0 0.0 1.0 0.0 0.0 0.0 0.0 0.0 0.0 0.273 0.000 0.000 0.000 2.0 0.350 0.086 0.000
0.0 1.0 0.0 0.0 0.0 0.0 0.0 0.0 0.0 0.0 0.273 0.000 0.000 0.000 2.0 0.250 0.057 0.000
0.0 0.0 0.0 0.0 0.0 0.0 0.0 1.0 0.0 0.0 0.394 0.000 0.000 0.000 2.0 0.250 0.144 0.000
0.0 1.0 0.0 0.0 0.0 0.0 0.0 0.0 0.0 0.0 0.303 0.000 0.000 0.000 2.0 0.300 0.126 0.000
0.0 0.0 0.0 1.0 0.0 0.0 0.0 0.0 0.0 0.0 0.394 0.000 0.000 0.000 2.0 0.400 0.138 0.000
0.0 0.0 0.0 1.0 0.0 0.0 0.0 0.0 0.0 0.0 0.273 0.000 0.000 0.000 2.0 0.750 0.121 0.000
0.0 0.0 0.0 1.0 0.0 0.0 0.0 0.0 0.0 0.0 0.364 0.000 0.000 0.000 2.0 0.275 0.098 0.000
0.0 1.0 0.0 0.0 0.0 0.0 0.0 0.0 1.0 0.0 0.273 0.000 0.000 0.000 3.0 0.200 0.092 0.000
0.0 0.0 0.0 1.0 0.0 0.0 0.0 0.0 0.0 0.0 0.242 0.000 0.000 0.000 2.0 0.400 0.080 0.000
0.0 1.0 0.0 0.0 0.0 0.0 0.0 0.0 0.0 0.0 0.333 0.000 0.000 0.000 2.0 0.225 0.092 0.000
0.0 1.0 0.0 0.0 0.0 0.0 0.0 0.0 0.0 0.0 0.303 0.000 0.000 0.000 1.0 0.350 0.086 0.000
0.0 0.0 0.0 1.0 0.0 0.0 0.0 0.0 0.0 0.0 0.273 0.000 0.000 0.000 2.0 0.475 0.086 0.000
0.0 1.0 0.0 0.0 0.0 0.0 0.0 0.0 0.0 0.0 0.333 0.000 0.000 0.000 2.0 0.275 0.144 0.000
0.0 0.0 0.0 0.0 0.0 1.0 0.0 0.0 0.0 0.0 0.303 0.000 0.000 0.000 2.0 0.500 0.138 0.000
0.0 0.0 0.0 1.0 0.0 0.0 0.0 0.0 0.0 0.0 0.273 0.000 0.000 0.000 2.0 0.450 0.086 0.000
0.0 0.0 1.0 0.0 0.0 0.0 0.0 0.0 1.0 0.0 0.242 0.000 0.000 0.000 2.0 0.900 0.080 0.000
0.0 0.0 0.0 1.0 0.0 0.0 0.0 0.0 1.0 0.0 0.212 0.000 0.000 0.000 3.0 0.925 0.075 0.000
0.0 0.0 0.0 1.0 0.0 0.0 0.0 0.0 0.0 0.0 0.303 0.000 0.000 0.000 2.0 0.475 0.109 0.000
0.0 0.0 0.0 1.0 0.0 0.0 0.0 0.0 0.0 0.0 0.242 0.000 0.000 0.000 2.0 0.625 0.086 0.000
0.0 1.0 0.0 0.0 0.0 0.0 0.0 0.0 0.0 0.0 0.273 0.000 0.000 0.000 1.0 0.350 0.098 0.000
0.0 0.0 0.0 1.0 0.0 0.0 0.0 0.0 0.0 0.0 0.242 0.000 0.000 0.000 2.0 0.625 0.098 0.000
0.0 0.0 0.0 1.0 0.0 0.0 0.0 0.0 0.0 0.0 0.303 0.000 0.000 0.000 2.0 0.475 0.190 0.000
0.0 0.0 0.0 1.0 0.0 0.0 0.0 0.0 0.0 0.0 0.273 0.000 0.000 0.000 2.0 0.275 0.126 0.000
0.0 0.0 0.0 1.0 0.0 0.0 0.0 0.0 1.0 0.0 0.242 0.000 0.000 0.000 2.0 0.325 0.052 0.000
0.0 0.0 0.0 0.0 0.0 1.0 0.0 0.0 0.0 0.0 0.242 0.000 0.000 0.000 2.0 0.475 0.075 0.000
0.0 1.0 0.0 0.0 0.0 0.0 0.0 0.0 0.0 0.0 0.212 0.000 0.000 0.000 1.0 0.350 0.040 0.000
0.0 1.0 0.0 0.0 0.0 0.0 0.0 0.0 1.0 0.0 0.030 0.000 0.000 0.000 1.0 0.300 0.006 0.000
0.0 0.0 0.0 0.0 0.0 1.0 0.0 0.0 1.0 0.0 0.182 0.000 0.000 0.000 2.0 0.650 0.046 0.000
0.0 0.0 1.0 0.0 0.0 0.0 0.0 0.0 0.0 0.0 0.394 0.000 0.000 0.000 2.0 0.250 0.253 0.000
0.0 0.0 0.0 0.0 0.0 0.0 1.0 0.0 0.0 0.0 0.364 0.000 0.000 0.000 2.0 0.250 0.247 0.000
0.0 0.0 0.0 0.0 0.0 0.0 0.0 1.0 0.0 0.0 0.333 0.000 0.000 0.000 2.0 0.300 0.201 0.000
0.0 0.0 0.0 1.0 0.0 0.0 0.0 0.0 0.0 0.0 0.303 0.000 0.000 0.000 3.0 0.300 0.178 0.000
0.0 1.0 0.0 0.0 0.0 0.0 0.0 0.0 0.0 0.0 0.273 0.000 0.000 0.000 2.0 0.225 0.178 0.000
0.0 0.0 0.0 1.0 0.0 0.0 0.0 0.0 0.0 0.0 0.242 0.000 0.000 0.000 3.0 0.325 0.172 0.000
0.0 1.0 0.0 0.0 0.0 0.0 0.0 0.0 0.0 0.0 0.212 0.000 0.000 0.000 2.0 0.250 0.069 0.000
0.0 0.0 0.0 0.0 1.0 0.0 0.0 0.0 0.0 0.0 0.242 0.000 0.000 0.000 3.0 0.425 0.167 0.000
0.0 0.0 0.0 1.0 0.0 0.0 0.0 0.0 0.0 0.0 0.273 0.000 0.000 0.000 2.0 0.300 0.167 0.000
0.0 0.0 0.0 0.0 0.0 0.0 0.0 1.0 0.0 0.0 0.182 0.000 0.000 0.000 2.0 0.475 0.063 0.000
0.0 0.0 0.0 0.0 0.0 0.0 1.0 0.0 0.0 0.0 0.242 0.000 0.000 0.000 2.0 0.300 0.115 0.000
0.0 0.0 0.0 0.0 0.0 0.0 0.0 1.0 0.0 0.0 0.152 0.000 0.000 0.000 2.0 0.600 0.057 0.000
0.0 0.0 0.0 0.0 0.0 0.0 0.0 1.0 0.0 0.0 0.212 0.000 0.000 0.000 2.0 0.425 0.069 0.000
0.0 1.0 0.0 0.0 0.0 0.0 0.0 0.0 0.0 0.0 0.182 0.000 0.000 0.000 2.0 0.200 0.046 0.000
0.0 1.0 0.0 0.0 0.0 0.0 0.0 0.0 0.0 0.0 0.152 0.000 0.000 0.000 2.0 0.250 0.040 0.000
0.0 0.0 0.0 1.0 0.0 0.0 0.0 0.0 0.0 0.0 0.121 0.000 0.000 0.000 4.0 0.350 0.034 0.000
0.0 0.0 0.0 1.0 0.0 0.0 0.0 0.0 1.0 0.0 0.061 0.000 0.000 0.000 2.0 0.375 0.017 0.000
0.0 0.0 0.0 1.0 0.0 0.0 0.0 0.0 1.0 0.0 0.091 0.000 0.000 0.000 2.0 0.400 0.017 0.000
0.0 0.0 0.0 1.0 0.0 0.0 0.0 0.0 1.0 0.0 0.091 0.000 0.000 0.000 2.0 0.400 0.017 0.000
0.0 0.0 0.0 1.0 0.0 0.0 0.0 0.0 1.0 0.0 0.091 0.000 0.000 0.000 2.0 0.425 0.017 0.000
0.0 0.0 0.0 0.0 0.0 0.0 0.0 1.0 0.0 0.0 0.152 0.000 0.000 0.000 2.0 0.425 0.057 0.000
0.0 0.0 1.0 0.0 0.0 0.0 0.0 0.0 0.0 0.0 0.394 0.000 0.000 0.000 3.0 0.300 0.287 0.000
0.0 1.0 0.0 0.0 0.0 0.0 0.0 0.0 0.0 0.0 0.364 0.000 0.000 0.000 2.0 0.200 0.282 0.000
0.0 0.0 0.0 1.0 0.0 0.0 0.0 0.0 0.0 0.0 0.333 0.000 0.000 0.000 2.0 0.225 0.276 0.000
0.0 0.0 0.0 0.0 0.0 0.0 0.0 1.0 0.0 0.0 0.303 0.000 0.000 0.000 2.0 0.250 0.126 0.000
0.0 1.0 0.0 0.0 0.0 0.0 0.0 0.0 0.0 0.0 0.273 0.000 0.000 0.000 1.0 0.300 0.075 0.000
0.0 0.0 0.0 0.0 0.0 0.0 0.0 1.0 0.0 0.0 0.303 0.000 0.000 0.000 2.0 0.300 0.172 0.000
0.0 1.0 0.0 0.0 0.0 0.0 0.0 0.0 1.0 0.0 0.030 0.000 0.000 0.000 1.0 0.175 0.006 0.000
0.0 0.0 0.0 1.0 0.0 0.0 0.0 0.0 0.0 0.0 0.333 0.000 0.000 0.000 2.0 0.275 0.276 0.000
0.0 0.0 0.0 0.0 0.0 0.0 0.0 1.0 0.0 0.0 0.303 0.000 0.000 0.000 2.0 0.250 0.172 0.000
0.0 1.0 0.0 0.0 0.0 0.0 0.0 0.0 0.0 0.0 0.273 0.000 0.000 0.000 1.0 0.200 0.092 0.000
0.0 0.0 0.0 0.0 0.0 0.0 0.0 1.0 0.0 0.0 0.242 0.000 0.000 0.000 2.0 0.275 0.092 0.000
0.0 0.0 0.0 0.0 0.0 0.0 0.0 1.0 0.0 0.0 0.212 0.000 0.000 0.000 2.0 0.550 0.063 0.000
0.0 1.0 0.0 0.0 0.0 0.0 0.0 0.0 0.0 0.0 0.212 0.000 0.000 0.000 2.0 0.225 0.040 0.000
0.0 0.0 0.0 0.0 0.0 0.0 0.0 1.0 0.0 0.0 0.273 0.000 0.000 0.000 2.0 0.450 0.092 0.000
0.0 0.0 0.0 0.0 0.0 0.0 0.0 1.0 0.0 0.0 0.242 0.000 0.000 0.000 2.0 0.400 0.069 0.000
0.0 1.0 0.0 0.0 0.0 0.0 0.0 0.0 0.0 0.0 0.182 0.000 0.000 0.000 1.0 0.450 0.034 0.000
0.0 0.0 0.0 0.0 0.0 0.0 0.0 1.0 0.0 0.0 0.303 0.000 0.000 0.000 2.0 0.300 0.126 0.000
0.0 1.0 0.0 0.0 0.0 0.0 0.0 0.0 0.0 0.0 0.273 0.000 0.000 0.000 2.0 0.250 0.075 0.000
0.0 0.0 0.0 0.0 0.0 0.0 0.0 1.0 0.0 0.0 0.242 0.000 0.000 0.000 2.0 0.500 0.069 0.000
0.0 0.0 0.0 0.0 0.0 0.0 1.0 0.0 0.0 0.0 0.242 0.000 0.000 0.000 2.0 0.675 0.075 0.000
0.0 0.0 1.0 0.0 0.0 0.0 0.0 0.0 1.0 0.0 0.303 0.000 0.000 0.000 2.0 0.225 0.092 0.000
0.0 0.0 0.0 0.0 0.0 0.0 1.0 0.0 0.0 0.0 0.273 0.000 0.000 0.000 2.0 0.175 0.086 0.000
0.0 0.0 0.0 0.0 0.0 0.0 0.0 1.0 1.0 0.0 0.061 0.000 0.000 0.000 2.0 0.125 0.017 0.000
0.0 0.0 0.0 0.0 0.0 0.0 0.0 1.0 1.0 0.0 0.030 0.000 0.000 0.000 2.0 0.075 0.011 0.000
0.0 0.0 0.0 0.0 0.0 0.0 1.0 0.0 1.0 0.0 0.242 0.000 0.000 0.000 2.0 0.175 0.069 0.000
0.0 1.0 0.0 0.0 0.0 0.0 0.0 0.0 0.0 0.0 0.212 0.000 0.000 0.000 3.0 0.225 0.063 0.000
0.0 1.0 0.0 0.0 0.0 0.0 0.0 0.0 0.0 0.0 0.182 0.000 0.000 0.000 2.0 0.175 0.052 0.000
0.0 0.0 0.0 0.0 0.0 0.0 0.0 1.0 0.0 0.0 0.152 0.000 0.000 0.000 2.0 0.225 0.046 0.000
0.0 0.0 0.0 0.0 0.0 1.0 0.0 0.0 0.0 0.0 0.121 0.000 0.000 0.000 2.0 0.250 0.029 0.000
0.0 0.0 0.0 0.0 0.0 1.0 0.0 0.0 0.0 0.0 0.061 0.000 0.000 0.000 2.0 0.225 0.023 0.000
0.0 0.0 0.0 0.0 0.0 1.0 0.0 0.0 0.0 0.0 0.091 0.000 0.000 0.000 2.0 0.200 0.029 0.000
0.0 1.0 0.0 0.0 0.0 0.0 0.0 0.0 0.0 0.0 0.061 0.000 0.000 0.000 1.0 0.175 0.011 0.000
0.0 1.0 0.0 0.0 0.0 0.0 0.0 0.0 0.0 0.0 0.061 0.000 0.000 0.000 2.0 0.175 0.017 0.000
0.0 1.0 0.0 0.0 0.0 0.0 0.0 0.0 0.0 0.0 0.091 0.000 0.000 0.000 4.0 0.300 0.046 0.000
0.0 0.0 0.0 0.0 0.0 0.0 0.0 1.0 1.0 0.0 0.061 0.000 0.000 0.000 2.0 0.225 0.017 0.000
0.0 1.0 0.0 0.0 0.0 0.0 0.0 0.0 1.0 0.0 0.030 0.000 0.000 0.000 2.0 0.100 0.011 0.000
0.0 0.0 0.0 0.0 0.0 0.0 1.0 0.0 1.0 0.0 0.030 0.000 0.000 0.000 2.0 0.225 0.011 0.000
0.0 0.0 0.0 0.0 0.0 0.0 1.0 0.0 1.0 0.0 0.030 0.000 0.000 0.000 2.0 0.225 0.011 0.000
0.0 0.0 0.0 0.0 0.0 0.0 0.0 1.0 0.0 0.0 0.242 0.000 0.000 0.000 2.0 0.275 0.080 0.000
0.0 0.0 0.0 0.0 0.0 0.0 1.0 0.0 0.0 0.0 0.212 0.000 0.000 0.000 2.0 0.275 0.069 0.000
0.0 0.0 0.0 1.0 0.0 0.0 0.0 0.0 0.0 0.0 0.182 0.000 0.000 0.000 2.0 0.250 0.052 0.000
0.0 0.0 0.0 1.0 0.0 0.0 0.0 0.0 0.0 0.0 0.152 0.000 0.000 0.000 2.0 0.250 0.046 0.000
0.0 0.0 0.0 0.0 0.0 0.0 0.0 1.0 0.0 0.0 0.121 0.000 0.000 0.000 2.0 0.200 0.029 0.000
0.0 1.0 0.0 0.0 0.0 0.0 0.0 0.0 0.0 0.0 0.091 0.000 0.000 0.000 2.0 0.175 0.017 0.000
0.0 0.0 0.0 0.0 0.0 0.0 0.0 1.0 0.0 0.0 0.061 0.000 0.000 0.000 2.0 0.200 0.017 0.000
0.0 1.0 0.0 0.0 0.0 0.0 0.0 0.0 1.0 0.0 0.030 0.000 0.000 0.000 1.0 0.175 0.006 0.000
0.0 0.0 0.0 1.0 0.0 0.0 0.0 0.0 0.0 0.0 0.152 0.000 0.000 0.000 2.0 0.225 0.046 0.000
0.0 0.0 0.0 0.0 0.0 0.0 1.0 0.0 0.0 0.0 0.121 0.000 0.000 0.000 2.0 0.200 0.029 0.000
0.0 0.0 0.0 0.0 0.0 0.0 1.0 0.0 1.0 0.0 0.030 0.000 0.000 0.000 2.0 0.175 0.011 0.000
0.0 1.0 0.0 0.0 0.0 0.0 0.0 0.0 0.0 0.0 0.091 0.000 0.000 0.000 2.0 0.175 0.017 0.000
0.0 0.0 0.0 0.0 0.0 0.0 0.0 1.0 1.0 0.0 0.061 0.000 0.000 0.000 2.0 0.175 0.011 0.000
0.0 1.0 0.0 0.0 0.0 0.0 0.0 0.0 1.0 0.0 0.030 0.000 0.000 0.000 1.0 0.175 0.006 0.000
0.0 0.0 0.0 0.0 0.0 0.0 0.0 1.0 1.0 0.0 0.061 0.000 0.000 0.000 2.0 0.150 0.017 0.000
0.0 1.0 0.0 0.0 0.0 0.0 0.0 0.0 1.0 0.0 0.030 0.000 0.000 0.000 2.0 0.150 0.011 0.000
0.0 0.0 0.0 1.0 0.0 0.0 0.0 0.0 0.0 0.0 0.121 0.000 0.000 0.000 2.0 0.200 0.017 0.000
0.0 0.0 0.0 1.0 0.0 0.0 0.0 0.0 1.0 0.0 0.061 0.000 0.000 0.000 2.0 0.175 0.011 0.000
0.0 1.0 0.0 0.0 0.0 0.0 0.0 0.0 0.0 0.0 0.091 0.000 0.000 0.000 2.0 0.150 0.017 0.000
0.0 0.0 0.0 1.0 0.0 0.0 0.0 0.0 1.0 0.0 0.061 0.000 0.000 0.000 2.0 0.150 0.011 0.000
0.0 0.0 0.0 0.0 0.0 0.0 0.0 1.0 1.0 0.0 0.030 0.000 0.000 0.000 2.0 0.125 0.011 0.000
0.0 0.0 0.0 0.0 0.0 0.0 1.0 0.0 0.0 0.0 0.242 0.000 0.000 0.000 2.0 0.275 0.069 0.000
0.0 0.0 0.0 0.0 0.0 0.0 1.0 0.0 1.0 0.0 0.030 0.000 0.000 0.000 2.0 0.125 0.011 0.000
0.0 0.0 0.0 1.0 0.0 0.0 0.0 0.0 0.0 0.0 0.212 0.000 0.000 0.000 2.0 0.300 0.057 0.000
0.0 1.0 0.0 0.0 0.0 0.0 0.0 0.0 0.0 0.0 0.182 0.000 0.000 0.000 3.0 0.200 0.052 0.000
0.0 0.0 0.0 0.0 0.0 0.0 0.0 1.0 1.0 0.0 0.030 0.000 0.000 0.000 2.0 0.100 0.011 0.000
0.0 0.0 0.0 0.0 0.0 0.0 0.0 1.0 0.0 0.0 0.152 0.000 0.000 0.000 2.0 0.225 0.034 0.000
0.0 1.0 0.0 0.0 0.0 0.0 0.0 0.0 0.0 0.0 0.091 0.000 0.000 0.000 2.0 0.175 0.017 0.000
0.0 0.0 0.0 1.0 0.0 0.0 0.0 0.0 0.0 0.0 0.182 0.000 0.000 0.000 3.0 0.300 0.052 0.000
0.0 0.0 0.0 0.0 0.0 0.0 0.0 1.0 1.0 0.0 0.061 0.000 0.000 0.000 2.0 0.150 0.011 0.000
0.0 1.0 0.0 0.0 0.0 0.0 0.0 0.0 1.0 0.0 0.030 0.000 0.000 0.000 1.0 0.075 0.006 0.000
0.0 1.0 0.0 0.0 0.0 0.0 0.0 0.0 0.0 0.0 0.121 0.000 0.000 0.000 3.0 0.275 0.034 0.000
0.0 1.0 0.0 0.0 0.0 0.0 0.0 0.0 0.0 0.0 0.061 0.000 0.000 0.000 1.0 0.200 0.011 0.000
0.0 1.0 0.0 0.0 0.0 0.0 0.0 0.0 0.0 0.0 0.152 0.000 0.000 0.000 3.0 0.250 0.034 0.000
0.0 1.0 0.0 0.0 0.0 0.0 0.0 0.0 0.0 0.0 0.121 0.000 0.000 0.000 1.0 0.250 0.017 0.000
0.0 0.0 0.0 0.0 0.0 0.0 1.0 0.0 1.0 0.0 0.091 0.000 0.000 0.000 2.0 0.225 0.017 0.000
0.0 1.0 0.0 0.0 0.0 0.0 0.0 0.0 0.0 0.0 0.061 0.000 0.000 0.000 2.0 0.175 0.011 0.000
0.0 0.0 0.0 0.0 0.0 0.0 1.0 0.0 1.0 0.0 0.030 0.000 0.000 0.000 2.0 0.175 0.011 0.000
0.0 1.0 0.0 0.0 0.0 0.0 0.0 0.0 1.0 1.0 0.030 0.000 0.000 0.000 1.0 0.025 0.006 0.500
0.0 1.0 0.0 0.0 0.0 0.0 0.0 0.0 1.0 0.0 0.030 0.000 0.000 0.000 1.0 0.025 0.006 0.000
0.0 1.0 0.0 0.0 0.0 0.0 0.0 0.0 1.0 0.0 0.030 0.000 0.000 0.000 1.0 0.025 0.006 0.000
0.0 1.0 0.0 0.0 0.0 0.0 0.0 0.0 1.0 0.0 0.030 0.000 0.000 0.000 1.0 0.025 0.006 0.000
0.0 0.0 0.0 1.0 0.0 0.0 0.0 0.0 1.0 1.0 0.091 0.000 0.000 0.000 2.0 0.100 0.017 0.500
0.0 1.0 0.0 0.0 0.0 0.0 0.0 0.0 0.0 0.0 0.061 0.030 0.030 0.030 1.0 0.100 0.011 0.500
0.0 0.0 0.0 1.0 0.0 0.0 0.0 0.0 1.0 0.0 0.030 0.061 0.061 0.061 2.0 0.100 0.011 0.500
0.0 0.0 0.0 1.0 0.0 0.0 0.0 0.0 0.0 0.0 0.152 0.000 0.000 0.000 2.0 0.125 0.080 0.000
0.0 0.0 0.0 1.0 0.0 0.0 0.0 0.0 1.0 0.0 0.030 0.000 0.000 0.000 2.0 0.075 0.011 0.000
0.0 0.0 0.0 1.0 0.0 0.0 0.0 0.0 1.0 1.0 0.152 0.000 0.000 0.000 2.0 0.100 0.075 0.500
0.0 0.0 1.0 0.0 0.0 0.0 0.0 0.0 1.0 0.0 0.121 0.030 0.030 0.030 3.0 0.200 0.069 0.500
0.0 0.0 1.0 0.0 0.0 0.0 0.0 0.0 0.0 0.0 0.091 0.061 0.061 0.061 2.0 0.325 0.057 0.500
0.0 0.0 0.0 1.0 0.0 0.0 0.0 0.0 1.0 0.0 0.061 0.091 0.091 0.091 2.0 0.175 0.029 0.500
0.0 0.0 0.0 1.0 0.0 0.0 0.0 0.0 1.0 0.0 0.030 0.121 0.121 0.121 4.0 0.150 0.023 0.500
0.0 0.0 0.0 1.0 0.0 0.0 0.0 0.0 1.0 0.0 0.061 0.091 0.091 0.091 2.0 0.175 0.029 0.500
0.0 0.0 0.0 1.0 0.0 0.0 0.0 0.0 1.0 0.0 0.030 0.121 0.121 0.121 4.0 0.150 0.023 0.500
0.0 0.0 1.0 0.0 0.0 0.0 0.0 0.0 1.0 0.0 0.030 0.000 0.000 0.000 2.0 0.025 0.011 0.000
0.0 1.0 0.0 0.0 0.0 0.0 0.0 0.0 0.0 0.0 0.242 0.000 0.000 0.000 2.0 0.225 0.057 0.000
0.0 0.0 0.0 1.0 0.0 0.0 0.0 0.0 1.0 0.0 0.030 0.000 0.000 0.000 4.0 0.025 0.023 0.000
0.0 0.0 0.0 1.0 0.0 0.0 0.0 0.0 0.0 0.0 0.182 0.000 0.000 0.000 2.0 0.100 0.052 0.000
0.0 0.0 0.0 0.0 0.0 0.0 1.0 0.0 1.0 0.0 0.152 0.000 0.000 0.000 2.0 0.250 0.040 0.000
0.0 1.0 0.0 0.0 0.0 0.0 0.0 0.0 1.0 0.0 0.030 0.000 0.000 0.000 2.0 0.075 0.011 0.000
0.0 0.0 0.0 1.0 0.0 0.0 0.0 0.0 1.0 0.0 0.212 0.000 0.000 0.000 2.0 0.125 0.040 0.000
0.0 0.0 0.0 1.0 0.0 0.0 0.0 0.0 0.0 0.0 0.485 0.000 0.000 0.000 4.0 0.375 0.724 0.000
0.0 0.0 0.0 0.0 0.0 1.0 0.0 0.0 0.0 0.0 0.394 0.000 0.000 0.000 3.0 0.300 0.149 0.000
0.0 1.0 0.0 0.0 0.0 0.0 0.0 0.0 0.0 0.0 0.303 0.000 0.000 0.000 2.0 0.225 0.069 0.000
0.0 0.0 0.0 1.0 0.0 0.0 0.0 0.0 0.0 0.0 0.273 0.000 0.000 0.000 3.0 0.250 0.063 0.000
0.0 0.0 0.0 1.0 0.0 0.0 0.0 0.0 1.0 0.0 0.061 0.000 0.000 0.000 2.0 0.200 0.011 0.000
0.0 0.0 0.0 1.0 0.0 0.0 0.0 0.0 1.0 0.0 0.242 0.000 0.000 0.000 2.0 0.350 0.052 0.000
0.0 0.0 0.0 0.0 0.0 1.0 0.0 0.0 1.0 0.0 0.364 0.000 0.000 0.000 2.0 0.200 0.069 0.000
0.0 1.0 0.0 0.0 0.0 0.0 0.0 0.0 0.0 0.0 0.333 0.000 0.000 0.000 2.0 0.200 0.069 0.000
0.0 0.0 0.0 0.0 0.0 0.0 0.0 1.0 0.0 0.0 0.303 0.000 0.000 0.000 2.0 0.225 0.063 0.000
0.0 1.0 0.0 0.0 0.0 0.0 0.0 0.0 0.0 0.0 0.273 0.000 0.000 0.000 3.0 0.200 0.057 0.000
0.0 0.0 0.0 0.0 0.0 1.0 0.0 0.0 0.0 0.0 0.242 0.000 0.000 0.000 2.0 0.375 0.046 0.000
0.0 0.0 0.0 1.0 0.0 0.0 0.0 0.0 0.0 0.0 0.212 0.000 0.000 0.000 4.0 0.625 0.040 0.000
0.0 0.0 0.0 1.0 0.0 0.0 0.0 0.0 1.0 0.0 0.152 0.000 0.000 0.000 2.0 0.400 0.029 0.000
0.0 0.0 0.0 1.0 0.0 0.0 0.0 0.0 1.0 0.0 0.182 0.000 0.000 0.000 2.0 0.400 0.029 0.000
0.0 0.0 0.0 1.0 0.0 0.0 0.0 0.0 1.0 0.0 0.030 0.000 0.000 0.000 2.0 0.225 0.011 0.000
0.0 0.0 0.0 0.0 0.0 1.0 0.0 0.0 1.0 0.0 0.030 0.000 0.000 0.000 2.0 0.100 0.011 0.000
0.0 1.0 0.0 0.0 0.0 0.0 0.0 0.0 1.0 0.0 0.030 0.000 0.000 0.000 1.0 0.300 0.006 0.000
0.0 0.0 0.0 0.0 0.0 1.0 0.0 0.0 0.0 0.0 0.303 0.000 0.000 0.000 3.0 0.300 0.333 0.000
0.0 0.0 0.0 0.0 0.0 1.0 0.0 0.0 0.0 0.0 0.273 0.000 0.000 0.000 2.0 0.225 0.270 0.000
0.0 1.0 0.0 0.0 0.0 0.0 0.0 0.0 1.0 0.0 0.030 0.000 0.000 0.000 1.0 0.100 0.006 0.000
0.0 0.0 0.0 0.0 0.0 1.0 0.0 0.0 0.0 0.0 0.242 0.000 0.000 0.000 2.0 0.350 0.264 0.000
0.0 0.0 0.0 1.0 0.0 0.0 0.0 0.0 0.0 0.0 0.212 0.000 0.000 0.000 4.0 0.300 0.144 0.000
0.0 1.0 0.0 0.0 0.0 0.0 0.0 0.0 0.0 0.0 0.182 0.000 0.000 0.000 2.0 0.250 0.052 0.000
0.0 0.0 0.0 0.0 0.0 0.0 0.0 1.0 0.0 0.0 0.152 0.000 0.000 0.000 2.0 0.425 0.046 0.000
0.0 0.0 0.0 1.0 0.0 0.0 0.0 0.0 0.0 0.0 0.121 0.000 0.000 0.000 4.0 0.475 0.034 0.000
0.0 0.0 0.0 1.0 0.0 0.0 0.0 0.0 1.0 0.0 0.061 0.000 0.000 0.000 2.0 0.425 0.017 0.000
0.0 0.0 0.0 1.0 0.0 0.0 0.0 0.0 1.0 0.0 0.091 0.000 0.000 0.000 2.0 0.450 0.017 0.000
0.0 0.0 0.0 1.0 0.0 0.0 0.0 0.0 1.0 0.0 0.091 0.000 0.000 0.000 2.0 0.450 0.017 0.000
0.0 0.0 0.0 1.0 0.0 0.0 0.0 0.0 1.0 0.0 0.091 0.000 0.000 0.000 2.0 0.475 0.017 0.000
0.0 0.0 0.0 0.0 0.0 0.0 0.0 1.0 1.0 0.0 0.182 0.000 0.000 0.000 2.0 0.250 0.040 0.000
0.0 1.0 0.0 0.0 0.0 0.0 0.0 0.0 0.0 0.0 0.152 0.000 0.000 0.000 1.0 0.550 0.034 0.000
0.0 0.0 0.0 1.0 0.0 0.0 0.0 0.0 0.0 0.0 0.121 0.000 0.000 0.000 4.0 0.600 0.034 0.000
0.0 0.0 0.0 1.0 0.0 0.0 0.0 0.0 1.0 0.0 0.061 0.000 0.000 0.000 2.0 0.400 0.017 0.000
0.0 0.0 0.0 1.0 0.0 0.0 0.0 0.0 1.0 0.0 0.091 0.000 0.000 0.000 2.0 0.425 0.017 0.000
0.0 0.0 0.0 1.0 0.0 0.0 0.0 0.0 1.0 0.0 0.091 0.000 0.000 0.000 2.0 0.425 0.017 0.000
0.0 0.0 0.0 1.0 0.0 0.0 0.0 0.0 1.0 0.0 0.091 0.000 0.000 0.000 2.0 0.450 0.017 0.000
0.0 0.0 0.0 0.0 0.0 0.0 0.0 1.0 1.0 0.0 0.152 0.000 0.000 0.000 2.0 0.300 0.040 0.000
0.0 0.0 1.0 0.0 0.0 0.0 0.0 0.0 0.0 0.0 0.121 0.000 0.000 0.000 4.0 0.350 0.034 0.000
0.0 0.0 0.0 1.0 0.0 0.0 0.0 0.0 1.0 0.0 0.091 0.000 0.000 0.000 2.0 0.425 0.017 0.000
0.0 0.0 0.0 1.0 0.0 0.0 0.0 0.0 1.0 0.0 0.091 0.000 0.000 0.000 2.0 0.425 0.017 0.000
0.0 0.0 0.0 1.0 0.0 0.0 0.0 0.0 1.0 0.0 0.061 0.000 0.000 0.000 2.0 0.400 0.017 0.000
0.0 0.0 0.0 1.0 0.0 0.0 0.0 0.0 1.0 0.0 0.091 0.000 0.000 0.000 2.0 0.450 0.017 0.000
0.0 0.0 0.0 0.0 0.0 0.0 0.0 1.0 1.0 0.0 0.182 0.000 0.000 0.000 2.0 0.250 0.046 0.000
0.0 1.0 0.0 0.0 0.0 0.0 0.0 0.0 0.0 0.0 0.152 0.000 0.000 0.000 2.0 0.400 0.040 0.000
0.0 0.0 0.0 1.0 0.0 0.0 0.0 0.0 0.0 0.0 0.121 0.000 0.000 0.000 4.0 0.325 0.034 0.000
0.0 0.0 0.0 1.0 0.0 0.0 0.0 0.0 1.0 0.0 0.061 0.000 0.000 0.000 2.0 0.375 0.017 0.000
0.0 0.0 0.0 1.0 0.0 0.0 0.0 0.0 1.0 0.0 0.091 0.000 0.000 0.000 2.0 0.400 0.017 0.000
0.0 0.0 0.0 1.0 0.0 0.0 0.0 0.0 1.0 0.0 0.091 0.000 0.000 0.000 2.0 0.400 0.017 0.000
0.0 0.0 0.0 1.0 0.0 0.0 0.0 0.0 1.0 0.0 0.091 0.000 0.000 0.000 2.0 0.425 0.017 0.000
0.0 0.0 0.0 1.0 0.0 0.0 0.0 0.0 0.0 0.0 0.212 0.000 0.000 0.000 4.0 0.375 0.132 0.000
0.0 1.0 0.0 0.0 0.0 0.0 0.0 0.0 0.0 0.0 0.152 0.000 0.000 0.000 2.0 0.325 0.040 0.000
0.0 0.0 0.0 1.0 0.0 0.0 0.0 0.0 0.0 0.0 0.121 0.000 0.000 0.000 4.0 0.400 0.034 0.000
0.0 0.0 0.0 1.0 0.0 0.0 0.0 0.0 1.0 0.0 0.061 0.000 0.000 0.000 2.0 0.425 0.017 0.000
0.0 0.0 0.0 1.0 0.0 0.0 0.0 0.0 1.0 0.0 0.091 0.000 0.000 0.000 2.0 0.450 0.017 0.000
0.0 0.0 0.0 1.0 0.0 0.0 0.0 0.0 1.0 0.0 0.091 0.000 0.000 0.000 2.0 0.450 0.017 0.000
0.0 0.0 0.0 1.0 0.0 0.0 0.0 0.0 1.0 0.0 0.091 0.000 0.000 0.000 2.0 0.475 0.017 0.000
0.0 0.0 0.0 0.0 0.0 1.0 0.0 0.0 0.0 0.0 0.182 0.000 0.000 0.000 2.0 0.325 0.040 0.000
0.0 0.0 0.0 0.0 0.0 1.0 0.0 0.0 1.0 0.0 0.152 0.000 0.000 0.000 2.0 0.375 0.040 0.000
0.0 0.0 1.0 0.0 0.0 0.0 0.0 0.0 1.0 0.0 0.152 0.000 0.000 0.000 2.0 0.275 0.040 0.000
0.0 0.0 0.0 1.0 0.0 0.0 0.0 0.0 0.0 0.0 0.121 0.000 0.000 0.000 4.0 0.450 0.034 0.000
0.0 0.0 0.0 1.0 0.0 0.0 0.0 0.0 1.0 0.0 0.061 0.000 0.000 0.000 2.0 0.425 0.017 0.000
0.0 0.0 0.0 1.0 0.0 0.0 0.0 0.0 1.0 0.0 0.091 0.000 0.000 0.000 2.0 0.450 0.017 0.000
0.0 0.0 0.0 1.0 0.0 0.0 0.0 0.0 1.0 0.0 0.091 0.000 0.000 0.000 2.0 0.450 0.017 0.000
0.0 0.0 0.0 1.0 0.0 0.0 0.0 0.0 1.0 0.0 0.091 0.000 0.000 0.000 2.0 0.475 0.017 0.000
0.0 0.0 0.0 0.0 0.0 0.0 1.0 0.0 1.0 0.0 0.152 0.000 0.000 0.000 2.0 0.300 0.040 0.000
0.0 0.0 0.0 1.0 0.0 0.0 0.0 0.0 0.0 0.0 0.121 0.000 0.000 0.000 4.0 0.400 0.034 0.000
0.0 0.0 0.0 1.0 0.0 0.0 0.0 0.0 1.0 0.0 0.061 0.000 0.000 0.000 2.0 0.400 0.017 0.000
0.0 0.0 0.0 1.0 0.0 0.0 0.0 0.0 1.0 0.0 0.091 0.000 0.000 0.000 2.0 0.425 0.017 0.000
0.0 0.0 0.0 1.0 0.0 0.0 0.0 0.0 1.0 0.0 0.091 0.000 0.000 0.000 2.0 0.425 0.017 0.000
0.0 0.0 0.0 1.0 0.0 0.0 0.0 0.0 1.0 0.0 0.091 0.000 0.000 0.000 2.0 0.450 0.017 0.000
0.0 0.0 0.0 0.0 0.0 0.0 0.0 1.0 0.0 0.0 0.152 0.000 0.000 0.000 2.0 0.425 0.046 0.000
0.0 0.0 0.0 1.0 0.0 0.0 0.0 0.0 0.0 0.0 0.121 0.000 0.000 0.000 4.0 0.525 0.034 0.000
0.0 0.0 0.0 1.0 0.0 0.0 0.0 0.0 1.0 0.0 0.061 0.000 0.000 0.000 2.0 0.425 0.017 0.000
0.0 0.0 0.0 0.0 0.0 1.0 0.0 0.0 1.0 0.0 0.030 0.000 0.000 0.000 2.0 0.475 0.011 0.000
0.0 0.0 0.0 1.0 0.0 0.0 0.0 0.0 1.0 0.0 0.091 0.000 0.000 0.000 2.0 0.450 0.017 0.000
0.0 0.0 0.0 0.0 0.0 1.0 0.0 0.0 1.0 0.0 0.061 0.000 0.000 0.000 2.0 0.525 0.011 0.000
0.0 0.0 0.0 1.0 0.0 0.0 0.0 0.0 1.0 0.0 0.091 0.000 0.000 0.000 2.0 0.450 0.017 0.000
0.0 0.0 0.0 0.0 0.0 1.0 0.0 0.0 1.0 0.0 0.061 0.000 0.000 0.000 2.0 0.525 0.011 0.000
0.0 0.0 0.0 1.0 0.0 0.0 0.0 0.0 1.0 0.0 0.091 0.000 0.000 0.000 2.0 0.475 0.017 0.000
0.0 0.0 0.0 0.0 0.0 1.0 0.0 0.0 0.0 0.0 0.061 0.000 0.000 0.000 2.0 0.575 0.011 0.000
0.0 1.0 0.0 0.0 0.0 0.0 0.0 0.0 1.0 0.0 0.030 0.000 0.000 0.000 1.0 0.550 0.006 0.000
0.0 1.0 0.0 0.0 0.0 0.0 0.0 0.0 1.0 0.0 0.030 0.000 0.000 0.000 1.0 0.550 0.006 0.000
0.0 0.0 0.0 0.0 0.0 1.0 0.0 0.0 1.0 0.0 0.152 0.000 0.000 0.000 2.0 0.250 0.115 0.000
0.0 0.0 0.0 0.0 0.0 1.0 0.0 0.0 0.0 0.0 0.121 0.000 0.000 0.000 4.0 0.375 0.109 0.000
0.0 0.0 0.0 0.0 0.0 0.0 1.0 0.0 0.0 0.0 0.061 0.000 0.000 0.000 2.0 0.250 0.023 0.000
0.0 1.0 0.0 0.0 0.0 0.0 0.0 0.0 1.0 0.0 0.030 0.000 0.000 0.000 2.0 0.300 0.011 0.000
0.0 1.0 0.0 0.0 0.0 0.0 0.0 0.0 1.0 0.0 0.030 0.000 0.000 0.000 2.0 0.100 0.011 0.000
0.0 1.0 0.0 0.0 0.0 0.0 0.0 0.0 1.0 0.0 0.030 0.000 0.000 0.000 2.0 0.150 0.011 0.000
0.0 0.0 0.0 1.0 0.0 0.0 0.0 0.0 0.0 0.0 0.091 0.000 0.000 0.000 2.0 0.225 0.029 0.000
0.0 0.0 0.0 0.0 0.0 0.0 0.0 1.0 1.0 0.0 0.061 0.000 0.000 0.000 2.0 0.200 0.017 0.000
0.0 1.0 0.0 0.0 0.0 0.0 0.0 0.0 1.0 0.0 0.030 0.000 0.000 0.000 2.0 0.350 0.011 0.000
0.0 0.0 0.0 0.0 0.0 0.0 1.0 0.0 1.0 0.0 0.030 0.000 0.000 0.000 2.0 0.100 0.011 0.000
0.0 0.0 0.0 1.0 0.0 0.0 0.0 0.0 0.0 0.0 0.091 0.000 0.000 0.000 4.0 0.325 0.046 0.000
0.0 0.0 0.0 0.0 0.0 0.0 1.0 0.0 1.0 0.0 0.030 0.000 0.000 0.000 2.0 0.150 0.011 0.000
0.0 0.0 0.0 0.0 0.0 0.0 0.0 1.0 1.0 0.0 0.061 0.000 0.000 0.000 2.0 0.200 0.011 0.000
0.0 1.0 0.0 0.0 0.0 0.0 0.0 0.0 1.0 0.0 0.030 0.000 0.000 0.000 1.0 0.150 0.006 0.000
0.0 0.0 0.0 0.0 0.0 0.0 0.0 1.0 1.0 0.0 0.061 0.000 0.000 0.000 2.0 0.200 0.011 0.000
0.0 1.0 0.0 0.0 0.0 0.0 0.0 0.0 1.0 0.0 0.030 0.000 0.000 0.000 1.0 0.150 0.006 0.000
0.0 0.0 0.0 0.0 0.0 0.0 0.0 1.0 1.0 0.0 0.061 0.000 0.000 0.000 2.0 0.225 0.011 0.000
0.0 1.0 0.0 0.0 0.0 0.0 0.0 0.0 1.0 0.0 0.030 0.000 0.000 0.000 1.0 0.200 0.006 0.000
0.0 1.0 0.0 0.0 0.0 0.0 0.0 0.0 1.0 0.0 0.030 0.000 0.000 0.000 2.0 0.125 0.011 0.000
0.0 0.0 0.0 1.0 0.0 0.0 0.0 0.0 0.0 0.0 0.394 0.000 0.000 0.000 2.0 0.350 0.167 0.000
0.0 1.0 0.0 0.0 0.0 0.0 0.0 0.0 1.0 0.0 0.030 0.000 0.000 0.000 1.0 0.225 0.006 0.000
0.0 0.0 0.0 1.0 0.0 0.0 0.0 0.0 0.0 0.0 0.364 0.000 0.000 0.000 4.0 0.375 0.167 0.000
0.0 0.0 0.0 0.0 0.0 1.0 0.0 0.0 0.0 0.0 0.121 0.000 0.000 0.000 4.0 0.325 0.063 0.000
0.0 0.0 0.0 0.0 0.0 0.0 1.0 0.0 1.0 0.0 0.091 0.000 0.000 0.000 2.0 0.225 0.017 0.000
0.0 0.0 0.0 0.0 0.0 0.0 1.0 0.0 1.0 0.0 0.061 0.000 0.000 0.000 2.0 0.200 0.017 0.000
0.0 0.0 0.0 0.0 0.0 0.0 1.0 0.0 1.0 0.0 0.061 0.000 0.000 0.000 2.0 0.200 0.017 0.000
0.0 0.0 0.0 0.0 0.0 0.0 0.0 1.0 1.0 0.0 0.030 0.000 0.000 0.000 2.0 0.150 0.011 0.000
0.0 0.0 0.0 0.0 0.0 1.0 0.0 0.0 0.0 0.0 0.061 0.000 0.000 0.000 2.0 0.200 0.023 0.000
0.0 0.0 0.0 0.0 0.0 0.0 0.0 1.0 1.0 0.0 0.030 0.000 0.000 0.000 2.0 0.100 0.011 0.000
0.0 0.0 0.0 0.0 0.0 0.0 0.0 1.0 1.0 0.0 0.030 0.000 0.000 0.000 2.0 0.100 0.011 0.000
0.0 0.0 0.0 1.0 0.0 0.0 0.0 0.0 1.0 0.0 0.333 0.000 0.000 0.000 2.0 0.275 0.069 0.000
0.0 0.0 0.0 1.0 0.0 0.0 0.0 0.0 1.0 0.0 0.030 0.000 0.000 0.000 2.0 0.150 0.011 0.000
0.0 0.0 0.0 1.0 0.0 0.0 0.0 0.0 1.0 0.0 0.455 0.000 0.000 0.000 2.0 0.275 0.305 0.000
0.0 0.0 0.0 1.0 0.0 0.0 0.0 0.0 0.0 0.0 0.424 0.000 0.000 0.000 4.0 0.400 0.305 0.000
0.0 0.0 0.0 0.0 0.0 1.0 0.0 0.0 0.0 0.0 0.394 0.000 0.000 0.000 4.0 0.450 0.172 0.000
0.0 0.0 0.0 0.0 0.0 0.0 0.0 1.0 0.0 0.0 0.212 0.000 0.000 0.000 2.0 0.400 0.052 0.000
0.0 1.0 0.0 0.0 0.0 0.0 0.0 0.0 1.0 0.0 0.030 0.000 0.000 0.000 2.0 0.150 0.011 0.000
0.0 0.0 0.0 0.0 0.0 0.0 0.0 1.0 0.0 0.0 0.212 0.000 0.000 0.000 2.0 0.300 0.046 0.000
0.0 1.0 0.0 0.0 0.0 0.0 0.0 0.0 1.0 0.0 0.030 0.000 0.000 0.000 2.0 0.150 0.011 0.000
0.0 1.0 0.0 0.0 0.0 0.0 0.0 0.0 0.0 0.0 0.182 0.000 0.000 0.000 1.0 0.450 0.034 0.000
0.0 0.0 0.0 0.0 0.0 1.0 0.0 0.0 0.0 0.0 0.273 0.000 0.000 0.000 2.0 0.325 0.052 0.000
0.0 1.0 0.0 0.0 0.0 0.0 0.0 0.0 1.0 0.0 0.030 0.000 0.000 0.000 1.0 0.250 0.006 0.000
0.0 1.0 0.0 0.0 0.0 0.0 0.0 0.0 0.0 0.0 0.242 0.000 0.000 0.000 1.0 0.525 0.046 0.000
0.0 0.0 0.0 1.0 0.0 0.0 0.0 0.0 0.0 0.0 0.212 0.000 0.000 0.000 4.0 0.625 0.046 0.000
0.0 0.0 0.0 1.0 0.0 0.0 0.0 0.0 1.0 0.0 0.152 0.000 0.000 0.000 2.0 0.425 0.029 0.000
0.0 0.0 0.0 1.0 0.0 0.0 0.0 0.0 1.0 0.0 0.182 0.000 0.000 0.000 2.0 0.425 0.029 0.000
0.0 0.0 0.0 1.0 0.0 0.0 0.0 0.0 1.0 0.0 0.121 0.000 0.000 0.000 2.0 0.525 0.017 0.000
0.0 0.0 0.0 1.0 0.0 0.0 0.0 0.0 1.0 0.0 0.061 0.000 0.000 0.000 2.0 0.500 0.017 0.000
0.0 0.0 0.0 0.0 0.0 1.0 0.0 0.0 0.0 0.0 0.364 0.000 0.000 0.000 2.0 0.325 0.069 0.000
0.0 1.0 0.0 0.0 0.0 0.0 0.0 0.0 0.0 0.0 0.333 0.000 0.000 0.000 1.0 0.275 0.069 0.000
0.0 0.0 0.0 1.0 0.0 0.0 0.0 0.0 0.0 0.0 0.303 0.000 0.000 0.000 3.0 0.275 0.069 0.000
0.0 1.0 0.0 0.0 0.0 0.0 0.0 0.0 0.0 0.0 0.061 0.000 0.000 0.000 2.0 0.200 0.011 0.000
0.0 1.0 0.0 0.0 0.0 0.0 0.0 0.0 1.0 0.0 0.030 0.000 0.000 0.000 1.0 0.150 0.006 0.000
0.0 0.0 0.0 0.0 1.0 0.0 0.0 0.0 1.0 0.0 0.030 0.000 0.000 0.000 2.0 0.150 0.011 0.000
0.0 0.0 0.0 1.0 0.0 0.0 0.0 0.0 1.0 0.0 0.273 0.000 0.000 0.000 2.0 0.250 0.052 0.000
0.0 1.0 0.0 0.0 0.0 0.0 0.0 0.0 0.0 0.0 0.242 0.000 0.000 0.000 1.0 0.450 0.046 0.000
0.0 0.0 0.0 1.0 0.0 0.0 0.0 0.0 0.0 0.0 0.212 0.061 0.061 0.061 4.0 0.500 0.046 0.500
0.0 0.0 0.0 1.0 0.0 0.0 0.0 0.0 1.0 0.0 0.152 0.121 0.121 0.121 2.0 0.400 0.029 0.500
0.0 0.0 0.0 1.0 0.0 0.0 0.0 0.0 1.0 0.0 0.182 0.091 0.091 0.091 2.0 0.400 0.029 0.500
0.0 0.0 0.0 1.0 0.0 0.0 0.0 0.0 1.0 0.0 0.121 0.152 0.152 0.152 2.0 0.500 0.017 0.500
0.0 0.0 0.0 1.0 0.0 0.0 0.0 0.0 1.0 0.0 0.061 0.212 0.212 0.212 2.0 0.475 0.017 0.500
0.0 0.0 0.0 0.0 0.0 1.0 0.0 0.0 0.0 0.0 0.242 0.000 0.000 0.000 2.0 0.275 0.075 0.000
0.0 0.0 0.0 0.0 0.0 0.0 0.0 1.0 1.0 0.0 0.182 0.000 0.000 0.000 2.0 0.325 0.040 0.000
0.0 0.0 0.0 1.0 0.0 0.0 0.0 0.0 0.0 0.0 0.152 0.121 0.121 0.121 4.0 0.650 0.034 0.500
0.0 0.0 0.0 1.0 0.0 0.0 0.0 0.0 1.0 0.0 0.061 0.212 0.212 0.212 2.0 0.400 0.017 0.500
0.0 0.0 0.0 1.0 0.0 0.0 0.0 0.0 1.0 0.0 0.091 0.182 0.182 0.182 2.0 0.425 0.017 0.500
0.0 0.0 0.0 1.0 0.0 0.0 0.0 0.0 1.0 0.0 0.121 0.152 0.152 0.152 2.0 0.525 0.017 0.500
0.0 0.0 0.0 1.0 0.0 0.0 0.0 0.0 1.0 0.0 0.061 0.212 0.212 0.212 2.0 0.500 0.017 0.500
0.0 0.0 0.0 0.0 0.0 0.0 0.0 1.0 0.0 0.0 0.212 0.000 0.000 0.000 2.0 0.275 0.046 0.000
1.0 0.0 0.0 0.0 0.0 0.0 0.0 0.0 0.0 0.0 0.061 0.000 0.000 0.000 2.0 0.200 0.011 0.000
0.0 1.0 0.0 0.0 0.0 0.0 0.0 0.0 1.0 0.0 0.030 0.000 0.000 0.000 1.0 0.175 0.006 0.000
0.0 1.0 0.0 0.0 0.0 0.0 0.0 0.0 0.0 0.0 0.182 0.000 0.000 0.000 1.0 0.450 0.034 0.000
0.0 0.0 0.0 1.0 0.0 0.0 0.0 0.0 0.0 0.0 0.152 0.000 0.000 0.000 4.0 0.500 0.034 0.000
0.0 0.0 0.0 1.0 0.0 0.0 0.0 0.0 1.0 0.0 0.061 0.000 0.000 0.000 2.0 0.375 0.017 0.000
0.0 0.0 0.0 1.0 0.0 0.0 0.0 0.0 1.0 0.0 0.091 0.000 0.000 0.000 2.0 0.400 0.017 0.000
0.0 0.0 0.0 1.0 0.0 0.0 0.0 0.0 1.0 0.0 0.121 0.000 0.000 0.000 2.0 0.500 0.017 0.000
0.0 0.0 0.0 1.0 0.0 0.0 0.0 0.0 1.0 0.0 0.061 0.000 0.000 0.000 2.0 0.475 0.017 0.000
0.0 0.0 0.0 0.0 0.0 0.0 0.0 1.0 1.0 0.0 0.273 0.000 0.000 0.000 2.0 0.250 0.057 0.000
0.0 1.0 0.0 0.0 0.0 0.0 0.0 0.0 0.0 0.0 0.242 0.000 0.000 0.000 1.0 0.450 0.052 0.000
0.0 0.0 0.0 1.0 0.0 0.0 0.0 0.0 0.0 0.0 0.212 0.000 0.000 0.000 4.0 0.500 0.052 0.000
0.0 0.0 0.0 1.0 0.0 0.0 0.0 0.0 1.0 0.0 0.152 0.000 0.000 0.000 2.0 0.400 0.029 0.000
0.0 0.0 0.0 1.0 0.0 0.0 0.0 0.0 1.0 0.0 0.182 0.000 0.000 0.000 2.0 0.400 0.029 0.000
0.0 0.0 0.0 1.0 0.0 0.0 0.0 0.0 1.0 0.0 0.061 0.000 0.000 0.000 2.0 0.475 0.017 0.000
0.0 1.0 0.0 0.0 0.0 0.0 0.0 0.0 0.0 0.0 0.152 0.000 0.000 0.000 2.0 0.275 0.023 0.000
0.0 0.0 0.0 1.0 0.0 0.0 0.0 0.0 1.0 0.0 0.121 0.000 0.000 0.000 2.0 0.350 0.017 0.000
0.0 0.0 0.0 0.0 0.0 0.0 0.0 1.0 0.0 0.0 0.242 0.000 0.000 0.000 2.0 0.425 0.057 0.000
0.0 1.0 0.0 0.0 0.0 0.0 0.0 0.0 1.0 0.0 0.030 0.000 0.000 0.000 1.0 0.250 0.006 0.000
0.0 0.0 0.0 1.0 0.0 0.0 0.0 0.0 0.0 0.0 0.212 0.000 0.000 0.000 4.0 0.675 0.052 0.000
0.0 0.0 0.0 1.0 0.0 0.0 0.0 0.0 1.0 0.0 0.182 0.000 0.000 0.000 2.0 0.400 0.029 0.000
0.0 0.0 0.0 1.0 0.0 0.0 0.0 0.0 0.0 0.0 0.152 0.121 0.121 0.121 2.0 0.375 0.023 0.500
0.0 1.0 0.0 0.0 0.0 0.0 0.0 0.0 0.0 0.0 0.061 0.212 0.212 0.212 2.0 0.350 0.017 0.500
0.0 1.0 0.0 0.0 0.0 0.0 0.0 0.0 0.0 0.0 0.121 0.152 0.152 0.152 2.0 0.475 0.017 0.500
0.0 0.0 0.0 1.0 0.0 0.0 0.0 0.0 1.0 0.0 0.121 0.000 0.000 0.000 2.0 0.500 0.017 0.000
0.0 0.0 0.0 1.0 0.0 0.0 0.0 0.0 1.0 0.0 0.061 0.000 0.000 0.000 2.0 0.475 0.017 0.000
0.0 1.0 0.0 0.0 0.0 0.0 0.0 0.0 0.0 0.0 0.182 0.000 0.000 0.000 2.0 0.275 0.034 0.000
0.0 0.0 0.0 1.0 0.0 0.0 0.0 0.0 1.0 0.0 0.152 0.000 0.000 0.000 2.0 0.250 0.029 0.000
0.0 0.0 0.0 1.0 0.0 0.0 0.0 0.0 0.0 0.0 0.121 0.152 0.152 0.152 2.0 0.375 0.023 0.500
0.0 1.0 0.0 0.0 0.0 0.0 0.0 0.0 0.0 0.0 0.091 0.182 0.182 0.182 2.0 0.375 0.017 0.500
0.0 1.0 0.0 0.0 0.0 0.0 0.0 0.0 0.0 0.0 0.061 0.212 0.212 0.212 2.0 0.450 0.017 0.500
0.0 0.0 0.0 1.0 0.0 0.0 0.0 0.0 0.0 0.0 0.212 0.000 0.000 0.000 2.0 0.275 0.052 0.000
0.0 0.0 0.0 1.0 0.0 0.0 0.0 0.0 1.0 0.0 0.061 0.000 0.000 0.000 2.0 0.125 0.011 0.000
0.0 0.0 0.0 1.0 0.0 0.0 0.0 0.0 0.0 1.0 0.455 0.000 0.000 0.000 2.0 0.150 0.115 0.500
0.0 0.0 0.0 1.0 0.0 0.0 0.0 0.0 0.0 0.0 0.424 0.030 0.030 0.030 2.0 0.400 0.115 0.500
0.0 0.0 0.0 1.0 0.0 0.0 0.0 0.0 0.0 0.0 0.394 0.061 0.061 0.061 4.0 0.300 0.092 0.500
1.0 0.0 0.0 0.0 0.0 0.0 0.0 0.0 0.0 0.0 0.303 0.152 0.152 0.152 3.0 0.225 0.086 0.500
0.0 1.0 0.0 0.0 0.0 0.0 0.0 0.0 0.0 0.0 0.364 0.091 0.091 0.091 2.0 0.200 0.086 0.500
0.0 1.0 0.0 0.0 0.0 0.0 0.0 0.0 0.0 0.0 0.333 0.121 0.121 0.121 2.0 0.150 0.080 0.500
0.0 1.0 0.0 0.0 0.0 0.0 0.0 0.0 1.0 0.0 0.030 0.424 0.424 0.424 1.0 0.200 0.006 0.500
0.0 1.0 0.0 0.0 0.0 0.0 0.0 0.0 0.0 0.0 0.364 0.091 0.091 0.091 2.0 0.225 0.086 0.500
0.0 0.0 0.0 0.0 1.0 0.0 0.0 0.0 1.0 0.0 0.364 0.091 0.091 0.091 3.0 0.350 0.109 0.500
0.0 0.0 0.0 1.0 0.0 0.0 0.0 0.0 0.0 0.0 0.152 0.303 0.303 0.303 4.0 0.600 0.034 0.500
0.0 0.0 0.0 1.0 0.0 0.0 0.0 0.0 1.0 0.0 0.061 0.394 0.394 0.394 2.0 0.400 0.017 0.500
0.0 0.0 0.0 1.0 0.0 0.0 0.0 0.0 1.0 0.0 0.091 0.364 0.364 0.364 2.0 0.425 0.017 0.500
0.0 0.0 0.0 1.0 0.0 0.0 0.0 0.0 1.0 0.0 0.121 0.333 0.333 0.333 2.0 0.525 0.017 0.500
0.0 0.0 0.0 1.0 0.0 0.0 0.0 0.0 1.0 0.0 0.061 0.394 0.394 0.394 2.0 0.500 0.017 0.500
0.0 1.0 0.0 0.0 0.0 0.0 0.0 0.0 0.0 0.0 0.333 0.121 0.121 0.121 2.0 0.225 0.080 0.500
0.0 1.0 0.0 0.0 0.0 0.0 0.0 0.0 0.0 0.0 0.303 0.152 0.152 0.152 1.0 0.225 0.075 0.500
0.0 1.0 0.0 0.0 0.0 0.0 0.0 0.0 0.0 0.0 0.273 0.182 0.182 0.182 2.0 0.275 0.075 0.500
0.0 0.0 0.0 0.0 0.0 0.0 0.0 1.0 0.0 0.0 0.242 0.212 0.212 0.212 2.0 0.475 0.069 0.500
0.0 0.0 0.0 1.0 0.0 0.0 0.0 0.0 0.0 0.0 0.152 0.303 0.303 0.303 4.0 0.625 0.034 0.500
0.0 0.0 0.0 1.0 0.0 0.0 0.0 0.0 1.0 0.0 0.061 0.394 0.394 0.394 2.0 0.375 0.017 0.500
0.0 0.0 0.0 1.0 0.0 0.0 0.0 0.0 1.0 0.0 0.091 0.364 0.364 0.364 2.0 0.400 0.017 0.500
0.0 0.0 0.0 1.0 0.0 0.0 0.0 0.0 1.0 0.0 0.121 0.333 0.333 0.333 2.0 0.500 0.017 0.500
0.0 0.0 0.0 1.0 0.0 0.0 0.0 0.0 1.0 0.0 0.061 0.394 0.394 0.394 2.0 0.475 0.017 0.500
0.0 0.0 0.0 1.0 0.0 0.0 0.0 0.0 1.0 0.0 0.212 0.242 0.242 0.242 2.0 0.350 0.046 0.500
0.0 1.0 0.0 0.0 0.0 0.0 0.0 0.0 0.0 0.0 0.182 0.273 0.273 0.273 1.0 0.750 0.040 0.500
0.0 0.0 0.0 1.0 0.0 0.0 0.0 0.0 0.0 0.0 0.152 0.303 0.303 0.303 4.0 0.625 0.040 0.500
0.0 0.0 0.0 1.0 0.0 0.0 0.0 0.0 1.0 0.0 0.061 0.394 0.394 0.394 2.0 0.375 0.017 0.500
0.0 0.0 0.0 0.0 0.0 1.0 0.0 0.0 1.0 0.0 0.030 0.242 0.424 0.333 2.0 0.325 0.011 1.000
0.0 0.0 0.0 1.0 0.0 0.0 0.0 0.0 1.0 0.0 0.091 0.364 0.364 0.364 2.0 0.400 0.017 0.500
0.0 0.0 0.0 0.0 0.0 1.0 0.0 0.0 1.0 0.0 0.061 0.212 0.394 0.303 2.0 0.375 0.011 1.000
0.0 0.0 0.0 1.0 0.0 0.0 0.0 0.0 1.0 0.0 0.121 0.333 0.333 0.333 2.0 0.500 0.017 0.500
0.0 1.0 0.0 0.0 0.0 0.0 0.0 0.0 0.0 0.0 0.091 0.182 0.364 0.273 1.0 0.600 0.011 1.000
0.0 0.0 0.0 1.0 0.0 0.0 0.0 0.0 1.0 0.0 0.061 0.212 0.394 0.303 2.0 0.550 0.011 1.000
0.0 1.0 0.0 0.0 0.0 0.0 0.0 0.0 1.0 0.0 0.030 0.242 0.424 0.333 1.0 0.275 0.006 1.000
0.0 1.0 0.0 0.0 0.0 0.0 0.0 0.0 0.0 0.0 0.091 0.364 0.364 0.364 2.0 0.275 0.023 0.500
0.0 0.0 0.0 1.0 0.0 0.0 0.0 0.0 1.0 0.0 0.061 0.394 0.394 0.394 2.0 0.325 0.017 0.500
0.0 0.0 1.0 0.0 0.0 0.0 0.0 0.0 1.0 0.0 0.030 0.242 0.424 0.333 2.0 0.525 0.011 1.000
