0.0 0.0 0.0 1.0 0.0 0.0 0.0 0.0 1.0 0.0 0.007 0.044 0.993 2.0 0.278 0.021 0.968
1.0 0.0 0.0 0.0 0.0 0.0 0.0 0.0 0.0 0.0 0.015 0.037 0.985 2.0 0.444 0.032 0.968
0.0 0.0 1.0 0.0 0.0 0.0 0.0 0.0 0.0 0.0 0.022 0.030 0.978 2.0 0.389 0.032 0.968
0.0 0.0 0.0 0.0 1.0 0.0 0.0 0.0 0.0 0.0 0.030 0.022 0.970 2.0 0.333 0.042 0.968
0.0 0.0 0.0 0.0 0.0 1.0 0.0 0.0 0.0 0.0 0.037 0.015 0.963 2.0 0.278 0.042 0.968
0.0 0.0 0.0 0.0 0.0 0.0 1.0 0.0 0.0 0.0 0.044 0.007 0.956 2.0 0.222 0.053 0.968
0.0 0.0 0.0 0.0 0.0 0.0 0.0 1.0 0.0 0.0 0.052 0.000 0.948 2.0 0.167 0.053 0.968
0.0 1.0 0.0 0.0 0.0 0.0 0.0 0.0 0.0 0.0 0.059 0.052 0.941 2.0 0.111 0.063 0.968
0.0 0.0 0.0 1.0 0.0 0.0 0.0 0.0 0.0 0.0 0.067 0.044 0.933 2.0 0.056 0.063 0.968
0.0 0.0 0.0 0.0 1.0 0.0 0.0 0.0 0.0 0.0 0.074 0.037 0.926 2.0 0.000 0.074 0.968
