0.0 0.0 0.0 1.0 0.0 0.0 0.0 0.0 0.0 0.0 0.343 0.286 0.429 1.0 0.145 0.160 0.686
0.0 0.0 0.0 1.0 0.0 0.0 0.0 0.0 0.0 0.0 0.343 0.286 0.429 1.0 0.145 0.160 0.686
0.0 1.0 0.0 0.0 0.0 0.0 0.0 0.0 0.0 0.0 0.400 0.229 0.343 1.0 0.273 0.187 0.686
0.0 1.0 0.0 0.0 0.0 0.0 0.0 0.0 0.0 0.0 0.371 0.257 0.371 2.0 0.236 0.187 0.686
0.0 0.0 0.0 1.0 0.0 0.0 0.0 0.0 0.0 0.0 0.343 0.286 0.400 2.0 0.127 0.160 0.686
0.0 1.0 0.0 0.0 0.0 0.0 0.0 0.0 0.0 0.0 0.429 0.229 0.229 2.0 0.327 0.200 0.086
0.0 1.0 0.0 0.0 0.0 0.0 0.0 0.0 0.0 0.0 0.429 0.200 0.229 2.0 0.218 0.200 0.086
0.0 1.0 0.0 0.0 0.0 0.0 0.0 0.0 0.0 0.0 0.429 0.286 0.343 2.0 0.218 0.200 0.343
0.0 1.0 0.0 0.0 0.0 0.0 0.0 0.0 0.0 0.0 0.429 0.286 0.343 2.0 0.273 0.200 0.343
0.0 1.0 0.0 0.0 0.0 0.0 0.0 0.0 0.0 0.0 0.429 0.286 0.343 2.0 0.273 0.200 0.343
0.0 0.0 1.0 0.0 0.0 0.0 0.0 0.0 0.0 0.0 0.571 0.143 0.200 4.0 0.436 0.600 0.343
0.0 0.0 1.0 0.0 0.0 0.0 0.0 0.0 0.0 0.0 0.600 0.086 0.143 4.0 0.655 0.800 0.086
0.0 0.0 1.0 0.0 0.0 0.0 0.0 0.0 0.0 0.0 0.571 0.086 0.143 4.0 0.655 0.813 0.086
0.0 0.0 1.0 0.0 0.0 0.0 0.0 0.0 0.0 0.0 0.686 0.086 0.086 2.0 0.400 0.813 0.029
0.0 0.0 1.0 0.0 0.0 0.0 0.0 0.0 0.0 0.0 0.686 0.057 0.057 2.0 0.400 0.827 0.029
