0.0 0.0 1.0 0.0 0.0 0.0 0.0 0.0 0.0 0.0 0.343 0.514 0.571 2.0 0.400 0.187 0.857
0.0 0.0 0.0 1.0 0.0 0.0 0.0 0.0 0.0 0.0 0.371 0.486 0.543 2.0 0.455 0.200 0.800
0.0 0.0 0.0 0.0 1.0 0.0 0.0 0.0 0.0 0.0 0.400 0.457 0.514 1.0 0.364 0.213 0.743
0.0 0.0 0.0 0.0 0.0 1.0 0.0 0.0 0.0 0.0 0.429 0.429 0.486 2.0 0.327 0.227 0.686
0.0 0.0 0.0 0.0 0.0 0.0 1.0 0.0 0.0 0.0 0.457 0.400 0.457 1.0 0.273 0.240 0.629
0.0 0.0 0.0 0.0 0.0 0.0 0.0 1.0 0.0 0.0 0.486 0.371 0.429 2.0 0.218 0.253 0.571
1.0 0.0 0.0 0.0 0.0 0.0 0.0 0.0 0.0 0.0 0.514 0.343 0.400 1.0 0.182 0.267 0.514
0.0 1.0 0.0 0.0 0.0 0.0 0.0 0.0 0.0 0.0 0.543 0.314 0.371 2.0 0.145 0.280 0.457
0.0 0.0 1.0 0.0 0.0 0.0 0.0 0.0 0.0 0.0 0.571 0.286 0.343 1.0 0.109 0.293 0.400
0.0 0.0 0.0 1.0 0.0 0.0 0.0 0.0 0.0 0.0 0.600 0.257 0.314 2.0 0.073 0.307 0.343
0.0 0.0 0.0 0.0 1.0 0.0 0.0 0.0 0.0 0.0 0.629 0.229 0.286 1.0 0.036 0.320 0.286
0.0 0.0 0.0 0.0 0.0 1.0 0.0 0.0 0.0 0.0 0.657 0.200 0.257 2.0 0.018 0.333 0.229
0.0 0.0 0.0 0.0 0.0 0.0 1.0 0.0 0.0 0.0 0.686 0.171 0.229 1.0 0.000 0.347 0.171
0.0 0.0 0.0 0.0 0.0 0.0 0.0 1.0 0.0 0.0 0.714 0.143 0.200 2.0 0.000 0.360 0.114
1.0 0.0 0.0 0.0 0.0 0.0 0.0 0.0 0.0 0.0 0.743 0.114 0.171 1.0 0.000 0.373 0.057
0.0 1.0 0.0 0.0 0.0 0.0 0.0 0.0 0.0 0.0 0.771 0.086 0.143 2.0 0.000 0.387 0.029
