40
55
169
246
383
395
424
437
575
589
621
627
728
816
876
884
997
1160
1163
1200
1286
1312
1415
1427
1537
1566
1630
1711
1739
1878
1914
1971
2010
2073
2106
2137
2216
2321
2366
2378
2418
2573
2576
2580
2587
2612
2687
2715
2736
2771
2807
2844
2868
3034
3086
3109
3114
3123
3127
3135
3138
3186
3191
3194
3202
3208
3213
3215
3225
3256
3261
3267
3269
3284
3314
3324
3329
3378
3500
3563
3578
3583
3594
3595
3636
3694
3753
3789
3794
3795
3799
3802
3804
3813
3816
3820
3822
3826
3943
3947
3951
3954
3957
3972
3982
4061
4082
4102
4126
4148
4171
4173
4183
4191
4198
4206
4300
4304
4306
4313
4335
4347
4351
4357
4409
4460
4505
4630
