0.0 0.0 0.0 0.0 0.0 0.0 1.0 0.0 0.0 0.0 0.679 0.000 0.000 0.000 2.0 0.159 0.808 0.000
0.0 1.0 0.0 0.0 0.0 0.0 0.0 0.0 1.0 0.0 0.036 0.000 0.000 0.000 2.0 0.068 0.026 0.000
0.0 0.0 0.0 0.0 0.0 1.0 0.0 0.0 0.0 0.0 0.857 0.000 0.000 0.000 2.0 0.159 1.000 0.000
0.0 0.0 1.0 0.0 0.0 0.0 0.0 0.0 1.0 0.0 0.821 0.000 0.000 0.000 3.0 0.295 0.987 0.000
0.0 0.0 1.0 0.0 0.0 0.0 0.0 0.0 0.0 0.0 0.786 0.000 0.000 0.000 3.0 0.477 0.962 0.000
0.0 0.0 0.0 1.0 0.0 0.0 0.0 0.0 0.0 0.0 0.750 0.000 0.000 0.000 2.0 0.227 0.782 0.000
0.0 0.0 0.0 1.0 0.0 0.0 0.0 0.0 0.0 0.0 0.714 0.000 0.000 0.000 2.0 0.295 0.769 0.000
0.0 0.0 0.0 1.0 0.0 0.0 0.0 0.0 0.0 0.0 0.679 0.000 0.000 0.000 4.0 0.455 0.769 0.000
0.0 0.0 0.0 0.0 0.0 1.0 0.0 0.0 0.0 0.0 0.536 0.000 0.000 0.000 2.0 0.432 0.333 0.000
0.0 0.0 0.0 1.0 0.0 0.0 0.0 0.0 0.0 0.0 0.643 0.000 0.000 0.000 2.0 0.250 0.615 0.000
0.0 1.0 0.0 0.0 0.0 0.0 0.0 0.0 0.0 0.0 0.536 0.000 0.000 0.000 1.0 0.295 0.397 0.000
0.0 0.0 0.0 1.0 0.0 0.0 0.0 0.0 0.0 0.0 0.607 0.000 0.000 0.000 2.0 0.318 0.615 0.000
0.0 0.0 0.0 0.0 1.0 0.0 0.0 0.0 0.0 0.0 0.571 0.000 0.000 0.000 3.0 0.545 0.487 0.000
0.0 0.0 0.0 0.0 1.0 0.0 0.0 0.0 0.0 0.0 0.571 0.000 0.000 0.000 2.0 0.409 0.615 0.000
0.0 0.0 0.0 1.0 0.0 0.0 0.0 0.0 0.0 0.0 0.679 0.000 0.000 0.000 3.0 0.432 0.769 0.000
0.0 0.0 0.0 1.0 0.0 0.0 0.0 0.0 0.0 0.0 0.643 0.000 0.000 0.000 2.0 0.250 0.526 0.000
0.0 1.0 0.0 0.0 0.0 0.0 0.0 0.0 0.0 0.0 0.571 0.000 0.000 0.000 1.0 0.227 0.526 0.000
0.0 0.0 0.0 1.0 0.0 0.0 0.0 0.0 0.0 0.0 0.607 0.000 0.000 0.000 3.0 0.386 0.526 0.000
0.0 0.0 0.0 1.0 0.0 0.0 0.0 0.0 0.0 0.0 0.536 0.000 0.000 0.000 2.0 0.409 0.333 0.000
0.0 0.0 0.0 1.0 0.0 0.0 0.0 0.0 0.0 0.0 0.571 0.000 0.000 0.000 2.0 0.273 0.333 0.000
0.0 0.0 0.0 1.0 0.0 0.0 0.0 0.0 0.0 0.0 0.214 0.000 0.000 0.000 2.0 0.364 0.064 0.000
0.0 0.0 0.0 1.0 0.0 0.0 0.0 0.0 1.0 0.0 0.179 0.000 0.000 0.000 3.0 0.205 0.064 0.000
0.0 1.0 0.0 0.0 0.0 0.0 0.0 0.0 0.0 0.0 0.143 0.000 0.000 0.000 1.0 0.159 0.038 0.000
0.0 1.0 0.0 0.0 0.0 0.0 0.0 0.0 0.0 0.0 0.107 0.000 0.000 0.000 1.0 0.205 0.051 0.000
0.0 0.0 0.0 0.0 0.0 1.0 0.0 0.0 1.0 0.0 0.750 0.000 0.000 0.000 3.0 0.136 0.923 0.000
0.0 1.0 0.0 0.0 0.0 0.0 0.0 0.0 0.0 0.0 0.714 0.000 0.000 0.000 1.0 0.227 0.897 0.000
0.0 0.0 0.0 1.0 0.0 0.0 0.0 0.0 0.0 0.0 0.679 0.000 0.000 0.000 4.0 0.455 0.897 0.000
0.0 0.0 0.0 0.0 0.0 1.0 0.0 0.0 0.0 0.0 0.643 0.000 0.000 0.000 3.0 0.636 0.577 0.000
0.0 0.0 0.0 1.0 0.0 0.0 0.0 0.0 0.0 0.0 0.607 0.000 0.000 0.000 4.0 0.341 0.462 0.000
0.0 1.0 0.0 0.0 0.0 0.0 0.0 0.0 0.0 0.0 0.500 0.000 0.000 0.000 4.0 0.341 0.295 0.000
0.0 1.0 0.0 0.0 0.0 0.0 0.0 0.0 0.0 0.0 0.571 0.000 0.000 0.000 2.0 0.205 0.295 0.000
0.0 0.0 0.0 1.0 0.0 0.0 0.0 0.0 0.0 0.0 0.536 0.000 0.000 0.000 2.0 0.227 0.282 0.000
0.0 1.0 0.0 0.0 0.0 0.0 0.0 0.0 0.0 0.0 0.500 0.000 0.000 0.000 2.0 0.182 0.269 0.000
1.0 0.0 0.0 0.0 0.0 0.0 0.0 0.0 0.0 0.0 0.393 0.000 0.000 0.000 3.0 0.318 0.205 0.000
0.0 0.0 0.0 1.0 0.0 0.0 0.0 0.0 0.0 0.0 0.464 0.000 0.000 0.000 2.0 0.250 0.218 0.000
0.0 1.0 0.0 0.0 0.0 0.0 0.0 0.0 0.0 0.0 0.429 0.000 0.000 0.000 2.0 0.136 0.205 0.000
0.0 1.0 0.0 0.0 0.0 0.0 0.0 0.0 0.0 0.0 0.393 0.000 0.000 0.000 2.0 0.205 0.192 0.000
0.0 0.0 0.0 0.0 0.0 1.0 0.0 0.0 0.0 0.0 0.536 0.000 0.000 0.000 3.0 0.341 0.577 0.000
0.0 0.0 0.0 0.0 0.0 0.0 0.0 1.0 0.0 0.0 0.429 0.000 0.000 0.000 2.0 0.227 0.321 0.000
0.0 1.0 0.0 0.0 0.0 0.0 0.0 0.0 0.0 0.0 0.393 0.000 0.000 0.000 2.0 0.205 0.295 0.000
0.0 0.0 0.0 0.0 0.0 0.0 0.0 1.0 0.0 0.0 0.500 0.000 0.000 0.000 2.0 0.227 0.244 0.000
0.0 1.0 0.0 0.0 0.0 0.0 0.0 0.0 1.0 0.0 0.036 0.000 0.000 0.000 2.0 0.091 0.026 0.000
0.0 1.0 0.0 0.0 0.0 0.0 0.0 0.0 0.0 0.0 0.429 0.000 0.000 0.000 2.0 0.182 0.218 0.000
0.0 0.0 0.0 1.0 0.0 0.0 0.0 0.0 0.0 0.0 0.393 0.000 0.000 0.000 2.0 0.159 0.205 0.000
0.0 0.0 0.0 0.0 1.0 0.0 0.0 0.0 1.0 0.0 0.321 0.000 0.000 0.000 2.0 0.205 0.192 0.000
0.0 1.0 0.0 0.0 0.0 0.0 0.0 0.0 0.0 0.0 0.357 0.000 0.000 0.000 2.0 0.136 0.205 0.000
0.0 0.0 0.0 1.0 0.0 0.0 0.0 0.0 1.0 0.0 0.321 0.000 0.000 0.000 2.0 0.182 0.192 0.000
0.0 0.0 0.0 1.0 0.0 0.0 0.0 0.0 0.0 0.0 0.464 0.000 0.000 0.000 2.0 0.341 0.333 0.000
0.0 0.0 0.0 1.0 0.0 0.0 0.0 0.0 0.0 0.0 0.143 0.000 0.000 0.000 3.0 0.205 0.077 0.000
0.0 1.0 0.0 0.0 0.0 0.0 0.0 0.0 0.0 0.0 0.036 0.000 0.000 0.000 2.0 0.114 0.026 0.000
0.0 1.0 0.0 0.0 0.0 0.0 0.0 0.0 0.0 0.0 0.071 0.000 0.000 0.000 2.0 0.227 0.026 0.000
0.0 1.0 0.0 0.0 0.0 0.0 0.0 0.0 0.0 0.0 0.107 0.000 0.000 0.000 2.0 0.159 0.038 0.000
0.0 1.0 0.0 0.0 0.0 0.0 0.0 0.0 0.0 0.0 0.071 0.000 0.000 0.000 2.0 0.182 0.026 0.000
0.0 1.0 0.0 0.0 0.0 0.0 0.0 0.0 0.0 0.0 0.393 0.000 0.000 0.000 2.0 0.295 0.192 0.000
0.0 1.0 0.0 0.0 0.0 0.0 0.0 0.0 1.0 0.0 0.036 0.000 0.000 0.000 2.0 0.091 0.026 0.000
0.0 1.0 0.0 0.0 0.0 0.0 0.0 0.0 0.0 0.0 0.893 0.000 0.000 0.000 2.0 0.091 0.821 0.000
0.0 0.0 0.0 1.0 0.0 0.0 0.0 0.0 0.0 0.0 0.857 0.000 0.000 0.000 2.0 0.159 0.808 0.000
0.0 0.0 0.0 1.0 0.0 0.0 0.0 0.0 0.0 0.0 0.821 0.000 0.000 0.000 2.0 0.341 0.808 0.000
0.0 0.0 0.0 0.0 0.0 0.0 0.0 1.0 0.0 0.0 0.786 0.000 0.000 0.000 2.0 0.273 0.808 0.000
0.0 0.0 0.0 1.0 0.0 0.0 0.0 0.0 1.0 0.0 0.250 0.000 0.000 0.000 2.0 0.159 0.154 0.000
0.0 0.0 0.0 0.0 0.0 0.0 1.0 0.0 0.0 0.0 0.214 0.000 0.000 0.000 2.0 0.182 0.154 0.000
0.0 0.0 1.0 0.0 0.0 0.0 0.0 0.0 1.0 0.0 0.036 0.000 0.000 0.000 2.0 0.091 0.026 0.000
0.0 0.0 0.0 1.0 0.0 0.0 0.0 0.0 0.0 0.0 0.179 0.000 0.000 0.000 2.0 0.273 0.141 0.000
0.0 1.0 0.0 0.0 0.0 0.0 0.0 0.0 0.0 0.0 0.107 0.000 0.000 0.000 2.0 0.159 0.038 0.000
0.0 0.0 0.0 1.0 0.0 0.0 0.0 0.0 1.0 0.0 0.071 0.000 0.000 0.000 2.0 0.114 0.026 0.000
0.0 0.0 0.0 0.0 0.0 0.0 1.0 0.0 0.0 0.0 0.143 0.000 0.000 0.000 2.0 0.250 0.103 0.000
0.0 0.0 0.0 0.0 0.0 0.0 0.0 1.0 0.0 0.0 0.107 0.000 0.000 0.000 2.0 0.227 0.038 0.000
0.0 0.0 0.0 0.0 0.0 0.0 0.0 1.0 1.0 0.0 0.071 0.000 0.000 0.000 2.0 0.159 0.026 0.000
0.0 0.0 0.0 0.0 0.0 0.0 1.0 0.0 0.0 0.0 0.107 0.000 0.000 0.000 2.0 0.205 0.064 0.000
0.0 0.0 0.0 0.0 0.0 0.0 0.0 1.0 1.0 0.0 0.071 0.000 0.000 0.000 2.0 0.136 0.038 0.000
0.0 0.0 0.0 0.0 0.0 0.0 1.0 0.0 0.0 0.0 0.893 0.000 0.000 0.000 2.0 0.136 0.859 0.000
0.0 0.0 0.0 0.0 0.0 0.0 1.0 0.0 0.0 0.0 0.857 0.000 0.000 0.000 2.0 0.182 0.846 0.000
0.0 1.0 0.0 0.0 0.0 0.0 0.0 0.0 0.0 0.0 0.821 0.000 0.000 0.000 2.0 0.136 0.833 0.000
0.0 1.0 0.0 0.0 0.0 0.0 0.0 0.0 0.0 0.0 0.786 0.000 0.000 0.000 2.0 0.136 0.821 0.000
0.0 0.0 0.0 1.0 0.0 0.0 0.0 0.0 0.0 0.0 0.750 0.000 0.000 0.000 2.0 0.227 0.808 0.000
0.0 1.0 0.0 0.0 0.0 0.0 0.0 0.0 1.0 0.0 0.036 0.000 0.000 0.000 2.0 0.091 0.026 0.000
0.0 0.0 0.0 1.0 0.0 0.0 0.0 0.0 0.0 0.0 0.214 0.000 0.000 0.000 2.0 0.205 0.167 0.000
0.0 1.0 0.0 0.0 0.0 0.0 0.0 0.0 0.0 0.0 0.107 0.000 0.000 0.000 1.0 0.159 0.026 0.000
0.0 0.0 0.0 0.0 0.0 0.0 1.0 0.0 0.0 0.0 0.179 0.000 0.000 0.000 2.0 0.227 0.141 0.000
0.0 1.0 0.0 0.0 0.0 0.0 0.0 0.0 0.0 0.0 0.107 0.000 0.000 0.000 2.0 0.159 0.038 0.000
0.0 1.0 0.0 0.0 0.0 0.0 0.0 0.0 1.0 0.0 0.071 0.000 0.000 0.000 3.0 0.091 0.051 0.000
0.0 0.0 0.0 1.0 0.0 0.0 0.0 0.0 1.0 0.0 0.036 0.000 0.000 0.000 2.0 0.068 0.026 0.000
0.0 0.0 0.0 0.0 0.0 1.0 0.0 0.0 0.0 0.0 0.929 0.000 0.000 0.000 2.0 0.273 0.808 0.000
0.0 0.0 0.0 0.0 0.0 1.0 0.0 0.0 0.0 0.0 0.893 0.000 0.000 0.000 3.0 0.295 0.808 0.000
0.0 0.0 1.0 0.0 0.0 0.0 0.0 0.0 1.0 0.0 0.857 0.000 0.000 0.000 3.0 0.364 0.808 0.000
0.0 0.0 0.0 0.0 0.0 1.0 0.0 0.0 0.0 0.0 0.857 0.000 0.000 0.000 2.0 0.250 0.808 0.000
0.0 0.0 0.0 0.0 0.0 1.0 0.0 0.0 0.0 0.0 0.821 0.000 0.000 0.000 2.0 0.250 0.808 0.000
0.0 1.0 0.0 0.0 0.0 0.0 0.0 0.0 1.0 0.0 0.036 0.000 0.000 0.000 1.0 0.091 0.013 0.000
0.0 0.0 0.0 0.0 0.0 1.0 0.0 0.0 0.0 0.0 0.929 0.000 0.000 0.000 2.0 0.250 0.808 0.000
0.0 0.0 0.0 0.0 0.0 0.0 1.0 0.0 0.0 0.0 0.893 0.000 0.000 0.000 2.0 0.205 0.808 0.000
0.0 0.0 0.0 1.0 0.0 0.0 0.0 0.0 1.0 0.0 0.857 0.000 0.000 0.000 2.0 0.273 0.808 0.000
0.0 0.0 0.0 0.0 0.0 1.0 0.0 0.0 0.0 0.0 0.929 0.000 0.000 0.000 2.0 0.273 0.833 0.000
0.0 0.0 0.0 0.0 0.0 1.0 0.0 0.0 0.0 0.0 0.893 0.000 0.000 0.000 3.0 0.250 0.833 0.000
1.0 0.0 0.0 0.0 0.0 0.0 0.0 0.0 1.0 0.0 0.857 0.000 0.000 0.000 4.0 0.364 0.821 0.000
0.0 0.0 0.0 0.0 0.0 1.0 0.0 0.0 0.0 0.0 0.857 0.000 0.000 0.000 2.0 0.250 0.821 0.000
0.0 1.0 0.0 0.0 0.0 0.0 0.0 0.0 0.0 0.0 0.821 0.000 0.000 0.000 3.0 0.250 0.821 0.000
0.0 1.0 0.0 0.0 0.0 0.0 0.0 0.0 1.0 0.0 0.036 0.000 0.000 0.000 1.0 0.091 0.013 0.000
0.0 0.0 0.0 0.0 0.0 0.0 1.0 0.0 0.0 0.0 0.714 0.000 0.000 0.000 2.0 0.114 0.821 0.000
0.0 1.0 0.0 0.0 0.0 0.0 0.0 0.0 0.0 0.0 0.679 0.000 0.000 0.000 2.0 0.182 0.808 0.000
0.0 1.0 0.0 0.0 0.0 0.0 0.0 0.0 0.0 0.0 0.071 0.000 0.000 0.000 2.0 0.136 0.026 0.000
0.0 0.0 0.0 0.0 0.0 1.0 0.0 0.0 0.0 0.0 1.000 0.000 0.000 0.000 2.0 0.250 0.846 0.000
0.0 0.0 0.0 0.0 0.0 0.0 1.0 0.0 0.0 0.0 0.964 0.000 0.000 0.000 2.0 0.205 0.846 0.000
0.0 0.0 0.0 0.0 0.0 0.0 1.0 0.0 0.0 0.0 0.179 0.000 0.000 0.000 2.0 0.227 0.128 0.000
0.0 1.0 0.0 0.0 0.0 0.0 0.0 0.0 0.0 0.0 0.107 0.000 0.000 0.000 2.0 0.159 0.051 0.000
0.0 0.0 0.0 0.0 0.0 0.0 1.0 0.0 0.0 0.0 0.929 0.000 0.000 0.000 2.0 0.182 0.833 0.000
0.0 1.0 0.0 0.0 0.0 0.0 0.0 0.0 0.0 0.0 0.321 0.000 0.000 0.000 2.0 0.182 0.154 0.000
0.0 1.0 0.0 0.0 0.0 0.0 0.0 0.0 0.0 0.0 0.893 0.000 0.000 0.000 2.0 0.136 0.821 0.000
0.0 0.0 0.0 1.0 0.0 0.0 0.0 0.0 1.0 0.0 0.857 0.000 0.000 0.000 2.0 0.250 0.808 0.000
0.0 0.0 0.0 0.0 0.0 1.0 0.0 0.0 0.0 0.0 0.929 0.000 0.000 0.000 2.0 0.250 0.833 0.000
0.0 0.0 0.0 0.0 0.0 0.0 1.0 0.0 0.0 0.0 0.893 0.000 0.000 0.000 2.0 0.159 0.833 0.000
0.0 1.0 0.0 0.0 0.0 0.0 0.0 0.0 0.0 0.0 0.429 0.000 0.000 0.000 2.0 0.159 0.244 0.000
0.0 0.0 0.0 0.0 0.0 0.0 1.0 0.0 0.0 0.0 0.393 0.000 0.000 0.000 2.0 0.205 0.231 0.000
0.0 1.0 0.0 0.0 0.0 0.0 0.0 0.0 0.0 0.0 0.357 0.000 0.000 0.000 2.0 0.182 0.179 0.000
0.0 0.0 0.0 1.0 0.0 0.0 0.0 0.0 1.0 0.0 0.857 0.000 0.000 0.000 2.0 0.273 0.808 0.000
0.0 0.0 0.0 0.0 0.0 1.0 0.0 0.0 0.0 0.0 0.964 0.000 0.000 0.000 2.0 0.250 0.833 0.000
0.0 0.0 0.0 0.0 0.0 0.0 1.0 0.0 0.0 0.0 0.929 0.000 0.000 0.000 2.0 0.182 0.833 0.000
0.0 0.0 0.0 0.0 0.0 0.0 0.0 1.0 0.0 0.0 0.286 0.000 0.000 0.000 2.0 0.205 0.256 0.000
0.0 1.0 0.0 0.0 0.0 0.0 0.0 0.0 0.0 0.0 0.250 0.000 0.000 0.000 2.0 0.159 0.103 0.000
0.0 0.0 0.0 0.0 0.0 0.0 0.0 1.0 0.0 0.0 0.214 0.000 0.000 0.000 2.0 0.250 0.090 0.000
0.0 1.0 0.0 0.0 0.0 0.0 0.0 0.0 0.0 0.0 0.893 0.000 0.000 0.000 2.0 0.136 0.821 0.000
0.0 0.0 0.0 1.0 0.0 0.0 0.0 0.0 1.0 0.0 0.857 0.000 0.000 0.000 2.0 0.250 0.808 0.000
0.0 0.0 0.0 0.0 0.0 1.0 0.0 0.0 0.0 0.0 0.821 0.000 0.000 0.000 2.0 0.614 0.808 0.000
0.0 0.0 0.0 0.0 0.0 1.0 0.0 0.0 0.0 0.0 0.786 0.000 0.000 0.000 2.0 0.636 0.808 0.000
0.0 0.0 0.0 1.0 0.0 0.0 0.0 0.0 0.0 0.0 0.750 0.000 0.000 0.000 2.0 0.455 0.795 0.000
0.0 0.0 0.0 0.0 0.0 1.0 0.0 0.0 0.0 0.0 0.714 0.000 0.000 0.000 4.0 0.386 0.795 0.000
0.0 1.0 0.0 0.0 0.0 0.0 0.0 0.0 0.0 0.0 0.679 0.000 0.000 0.000 1.0 0.250 0.795 0.000
0.0 1.0 0.0 0.0 0.0 0.0 0.0 0.0 0.0 0.0 0.643 0.000 0.000 0.000 1.0 0.250 0.795 0.000
0.0 0.0 1.0 0.0 0.0 0.0 0.0 0.0 0.0 0.0 0.679 0.000 0.000 0.000 4.0 0.545 0.795 0.000
0.0 0.0 0.0 1.0 0.0 0.0 0.0 0.0 0.0 0.0 0.714 0.000 0.000 0.000 4.0 0.636 0.795 0.000
0.0 0.0 1.0 0.0 0.0 0.0 0.0 0.0 0.0 0.0 0.679 0.000 0.000 0.000 4.0 0.500 0.795 0.000
0.0 0.0 0.0 1.0 0.0 0.0 0.0 0.0 0.0 0.0 0.643 0.000 0.000 0.000 3.0 0.568 0.795 0.000
0.0 0.0 0.0 1.0 0.0 0.0 0.0 0.0 0.0 0.0 0.643 0.000 0.000 0.000 3.0 0.568 0.795 0.000
0.0 0.0 1.0 0.0 0.0 0.0 0.0 0.0 0.0 0.0 0.643 0.000 0.000 0.000 2.0 0.364 0.795 0.000
0.0 0.0 0.0 1.0 0.0 0.0 0.0 0.0 0.0 0.0 0.643 0.000 0.000 0.000 3.0 0.545 0.795 0.000
0.0 0.0 0.0 0.0 0.0 1.0 0.0 0.0 1.0 0.0 0.071 0.000 0.000 0.000 2.0 0.477 0.026 0.000
0.0 0.0 0.0 1.0 0.0 0.0 0.0 0.0 0.0 0.0 0.750 0.000 0.000 0.000 2.0 0.114 0.808 0.000
0.0 0.0 0.0 1.0 0.0 0.0 0.0 0.0 1.0 0.0 0.679 0.000 0.000 0.000 2.0 0.182 0.795 0.000
0.0 1.0 0.0 0.0 0.0 0.0 0.0 0.0 0.0 0.0 0.714 0.000 0.000 0.000 2.0 0.114 0.808 0.000
0.0 0.0 0.0 0.0 1.0 0.0 0.0 0.0 1.0 0.0 0.679 0.000 0.000 0.000 2.0 0.182 0.795 0.000
0.0 0.0 0.0 1.0 0.0 0.0 0.0 0.0 0.0 0.0 0.643 0.000 0.000 0.000 2.0 0.545 0.795 0.000
0.0 0.0 0.0 0.0 0.0 0.0 0.0 1.0 1.0 0.0 0.643 0.000 0.000 0.000 2.0 0.159 0.795 0.000
0.0 0.0 0.0 1.0 0.0 0.0 0.0 0.0 0.0 0.0 0.607 0.000 0.000 0.000 4.0 0.750 0.795 0.000
0.0 0.0 0.0 0.0 0.0 1.0 0.0 0.0 0.0 0.0 0.429 0.000 0.000 0.000 2.0 0.341 0.244 0.000
0.0 0.0 0.0 0.0 0.0 0.0 0.0 1.0 1.0 0.0 0.643 0.000 0.000 0.000 2.0 0.114 0.795 0.000
0.0 0.0 0.0 1.0 0.0 0.0 0.0 0.0 0.0 0.0 0.607 0.000 0.000 0.000 2.0 0.432 0.795 0.000
0.0 0.0 0.0 0.0 0.0 0.0 0.0 1.0 1.0 1.0 0.643 0.000 0.000 0.000 2.0 0.136 0.795 0.500
0.0 0.0 0.0 1.0 0.0 0.0 0.0 0.0 0.0 0.0 0.607 0.036 0.036 0.036 3.0 0.591 0.795 0.500
0.0 0.0 0.0 0.0 0.0 0.0 0.0 1.0 0.0 0.0 0.643 0.000 0.000 0.000 2.0 0.227 0.795 0.000
0.0 0.0 1.0 0.0 0.0 0.0 0.0 0.0 0.0 0.0 0.607 0.000 0.000 0.000 3.0 0.659 0.795 0.000
0.0 0.0 0.0 0.0 0.0 0.0 1.0 0.0 0.0 0.0 0.643 0.000 0.000 0.000 2.0 0.159 0.808 0.000
0.0 1.0 0.0 0.0 0.0 0.0 0.0 0.0 1.0 0.0 0.036 0.000 0.000 0.000 2.0 0.068 0.026 0.000
0.0 0.0 1.0 0.0 0.0 0.0 0.0 0.0 0.0 0.0 0.607 0.000 0.000 0.000 3.0 0.682 0.795 0.000
0.0 0.0 0.0 0.0 0.0 1.0 0.0 0.0 0.0 0.0 0.571 0.071 0.071 0.071 4.0 0.773 0.551 0.500
0.0 1.0 0.0 0.0 0.0 0.0 0.0 0.0 0.0 0.0 0.143 0.500 0.500 0.500 1.0 0.386 0.077 0.500
0.0 1.0 0.0 0.0 0.0 0.0 0.0 0.0 0.0 0.0 0.464 0.179 0.179 0.179 1.0 0.364 0.321 0.500
0.0 0.0 0.0 1.0 0.0 0.0 0.0 0.0 0.0 0.0 0.750 0.000 0.000 0.000 2.0 0.114 0.808 0.000
0.0 0.0 0.0 1.0 0.0 0.0 0.0 0.0 1.0 0.0 0.679 0.000 0.000 0.000 2.0 0.182 0.795 0.000
0.0 1.0 0.0 0.0 0.0 0.0 0.0 0.0 0.0 0.0 0.714 0.000 0.000 0.000 2.0 0.114 0.808 0.000
0.0 0.0 0.0 0.0 1.0 0.0 0.0 0.0 1.0 0.0 0.679 0.000 0.000 0.000 2.0 0.182 0.795 0.000
0.0 0.0 0.0 1.0 0.0 0.0 0.0 0.0 0.0 0.0 0.643 0.000 0.000 0.000 2.0 0.455 0.795 0.000
0.0 0.0 1.0 0.0 0.0 0.0 0.0 0.0 0.0 0.0 0.607 0.000 0.000 0.000 4.0 0.841 0.628 0.000
0.0 0.0 0.0 0.0 0.0 0.0 0.0 1.0 1.0 1.0 0.679 0.000 0.000 0.000 2.0 0.136 0.795 0.500
0.0 0.0 0.0 1.0 0.0 0.0 0.0 0.0 0.0 0.0 0.643 0.036 0.036 0.036 3.0 0.568 0.795 0.500
0.0 0.0 1.0 0.0 0.0 0.0 0.0 0.0 0.0 0.0 0.607 0.071 0.071 0.071 2.0 0.659 0.551 0.500
0.0 0.0 0.0 0.0 0.0 0.0 0.0 1.0 1.0 0.0 0.643 0.000 0.000 0.000 2.0 0.136 0.795 0.000
0.0 0.0 0.0 1.0 0.0 0.0 0.0 0.0 0.0 0.0 0.607 0.000 0.000 0.000 3.0 0.455 0.795 0.000
0.0 0.0 1.0 0.0 0.0 0.0 0.0 0.0 0.0 0.0 0.571 0.000 0.000 0.000 3.0 0.682 0.615 0.000
0.0 0.0 0.0 1.0 0.0 0.0 0.0 0.0 0.0 0.0 0.107 0.536 0.536 0.536 2.0 0.500 0.077 0.500
0.0 0.0 0.0 1.0 0.0 0.0 0.0 0.0 1.0 0.0 0.071 0.571 0.571 0.571 4.0 0.227 0.064 0.500
0.0 1.0 0.0 0.0 0.0 0.0 0.0 0.0 1.0 0.0 0.036 0.607 0.607 0.607 1.0 0.136 0.013 0.500
0.0 0.0 0.0 0.0 0.0 0.0 0.0 1.0 1.0 0.0 0.643 0.000 0.000 0.000 2.0 0.159 0.795 0.000
0.0 0.0 0.0 1.0 0.0 0.0 0.0 0.0 0.0 0.0 0.607 0.000 0.000 0.000 4.0 0.682 0.795 0.000
0.0 0.0 0.0 0.0 0.0 1.0 0.0 0.0 0.0 0.0 0.464 0.000 0.000 0.000 2.0 0.795 0.397 0.000
0.0 0.0 0.0 0.0 0.0 0.0 0.0 1.0 1.0 0.0 0.643 0.000 0.000 0.000 2.0 0.136 0.795 0.000
0.0 0.0 0.0 1.0 0.0 0.0 0.0 0.0 0.0 0.0 0.607 0.000 0.000 0.000 3.0 0.500 0.795 0.000
0.0 0.0 0.0 0.0 0.0 0.0 0.0 1.0 1.0 0.0 0.643 0.000 0.000 0.000 2.0 0.136 0.795 0.000
0.0 0.0 0.0 1.0 0.0 0.0 0.0 0.0 0.0 0.0 0.607 0.000 0.000 0.000 3.0 0.545 0.795 0.000
0.0 0.0 0.0 0.0 0.0 1.0 0.0 0.0 0.0 0.0 0.536 0.000 0.000 0.000 2.0 0.773 0.397 0.000
0.0 0.0 0.0 0.0 0.0 0.0 1.0 0.0 0.0 0.0 0.643 0.000 0.000 0.000 2.0 0.182 0.808 0.000
0.0 1.0 0.0 0.0 0.0 0.0 0.0 0.0 0.0 0.0 0.071 0.000 0.000 0.000 2.0 0.136 0.026 0.000
0.0 0.0 0.0 1.0 0.0 0.0 0.0 0.0 0.0 0.0 0.607 0.000 0.000 0.000 3.0 0.614 0.795 0.000
0.0 0.0 0.0 0.0 0.0 1.0 0.0 0.0 0.0 0.0 0.500 0.179 0.179 0.179 2.0 0.932 0.397 0.500
0.0 0.0 1.0 0.0 0.0 0.0 0.0 0.0 0.0 0.0 0.571 0.000 0.000 0.000 2.0 0.705 0.551 0.000
0.0 0.0 0.0 0.0 0.0 1.0 0.0 0.0 0.0 0.0 0.536 0.000 0.000 0.000 3.0 0.750 0.526 0.000
0.0 0.0 1.0 0.0 0.0 0.0 0.0 0.0 0.0 0.0 0.536 0.000 0.000 0.000 2.0 0.841 0.397 0.000
0.0 0.0 0.0 1.0 0.0 0.0 0.0 0.0 0.0 0.0 0.750 0.000 0.000 0.000 2.0 0.114 0.821 0.000
0.0 0.0 0.0 1.0 0.0 0.0 0.0 0.0 1.0 0.0 0.679 0.000 0.000 0.000 2.0 0.205 0.808 0.000
0.0 1.0 0.0 0.0 0.0 0.0 0.0 0.0 0.0 0.0 0.714 0.000 0.000 0.000 2.0 0.114 0.821 0.000
0.0 0.0 0.0 0.0 1.0 0.0 0.0 0.0 1.0 0.0 0.679 0.000 0.000 0.000 2.0 0.205 0.808 0.000
0.0 0.0 0.0 1.0 0.0 0.0 0.0 0.0 0.0 0.0 0.643 0.000 0.000 0.000 4.0 0.523 0.808 0.000
0.0 0.0 0.0 1.0 0.0 0.0 0.0 0.0 0.0 0.0 0.143 0.536 0.536 0.536 2.0 0.591 0.077 0.500
0.0 0.0 0.0 1.0 0.0 0.0 0.0 0.0 1.0 0.0 0.107 0.571 0.571 0.571 3.0 0.250 0.064 0.500
0.0 0.0 0.0 0.0 0.0 1.0 0.0 0.0 1.0 0.0 0.071 0.607 0.607 0.607 2.0 0.318 0.026 0.500
0.0 0.0 0.0 1.0 0.0 0.0 0.0 0.0 1.0 0.0 0.071 0.571 0.607 0.589 3.0 0.500 0.051 1.000
0.0 0.0 0.0 1.0 0.0 0.0 0.0 0.0 1.0 0.0 0.036 0.607 0.643 0.625 2.0 0.227 0.026 1.000
0.0 1.0 0.0 0.0 0.0 0.0 0.0 0.0 0.0 0.0 0.607 0.000 0.000 0.000 2.0 0.318 0.538 0.000
0.0 0.0 0.0 0.0 0.0 1.0 0.0 0.0 0.0 0.0 0.571 0.107 0.107 0.107 3.0 0.886 0.526 0.500
0.0 0.0 0.0 1.0 0.0 0.0 0.0 0.0 0.0 0.0 0.143 0.500 0.536 0.518 2.0 0.818 0.064 1.000
0.0 0.0 0.0 1.0 0.0 0.0 0.0 0.0 1.0 0.0 0.107 0.536 0.571 0.554 2.0 0.341 0.038 1.000
0.0 0.0 0.0 1.0 0.0 0.0 0.0 0.0 1.0 0.0 0.071 0.571 0.607 0.589 2.0 0.295 0.038 1.000
0.0 1.0 0.0 0.0 0.0 0.0 0.0 0.0 0.0 0.0 0.536 0.107 0.143 0.125 1.0 0.545 0.282 1.000
0.0 0.0 0.0 0.0 0.0 0.0 1.0 0.0 0.0 0.0 0.500 0.143 0.179 0.161 2.0 0.477 0.282 1.000
0.0 1.0 0.0 0.0 0.0 0.0 0.0 0.0 0.0 0.0 0.071 0.571 0.607 0.589 2.0 0.273 0.026 1.000
0.0 1.0 0.0 0.0 0.0 0.0 0.0 0.0 1.0 0.0 0.036 0.607 0.643 0.625 1.0 0.295 0.013 1.000
0.0 1.0 0.0 0.0 0.0 0.0 0.0 0.0 0.0 0.0 0.464 0.179 0.214 0.196 1.0 0.364 0.256 1.000
0.0 0.0 0.0 1.0 0.0 0.0 0.0 0.0 0.0 0.0 0.429 0.214 0.250 0.232 2.0 0.386 0.256 1.000
0.0 0.0 0.0 0.0 0.0 0.0 0.0 1.0 0.0 0.0 0.393 0.250 0.286 0.268 2.0 0.205 0.244 1.000
0.0 1.0 0.0 0.0 0.0 0.0 0.0 0.0 0.0 0.0 0.357 0.286 0.321 0.304 1.0 0.182 0.167 1.000
0.0 0.0 0.0 0.0 0.0 0.0 0.0 1.0 0.0 0.0 0.321 0.321 0.357 0.339 2.0 0.227 0.167 1.000
0.0 0.0 0.0 0.0 0.0 0.0 1.0 0.0 0.0 0.0 0.107 0.536 0.571 0.554 2.0 0.250 0.051 1.000
0.0 0.0 0.0 0.0 0.0 0.0 0.0 1.0 1.0 0.0 0.071 0.571 0.607 0.589 2.0 0.273 0.026 1.000
0.0 0.0 0.0 0.0 0.0 0.0 0.0 1.0 1.0 0.0 0.286 0.357 0.393 0.375 2.0 0.205 0.115 1.000
0.0 1.0 0.0 0.0 0.0 0.0 0.0 0.0 0.0 0.0 0.179 0.464 0.500 0.482 2.0 0.136 0.077 1.000
0.0 1.0 0.0 0.0 0.0 0.0 0.0 0.0 0.0 0.0 0.143 0.500 0.536 0.518 2.0 0.159 0.064 1.000
0.0 0.0 0.0 0.0 0.0 0.0 0.0 1.0 0.0 0.0 0.107 0.536 0.571 0.554 2.0 0.227 0.051 1.000
0.0 0.0 0.0 0.0 0.0 0.0 0.0 1.0 1.0 0.0 0.071 0.571 0.607 0.589 2.0 0.182 0.026 1.000
0.0 0.0 0.0 1.0 0.0 0.0 0.0 0.0 1.0 0.0 0.071 0.571 0.607 0.589 2.0 0.295 0.026 1.000
0.0 0.0 0.0 0.0 0.0 0.0 0.0 1.0 0.0 0.0 0.429 0.214 0.250 0.232 2.0 0.659 0.321 1.000
0.0 1.0 0.0 0.0 0.0 0.0 0.0 0.0 0.0 0.0 0.393 0.250 0.286 0.268 2.0 0.295 0.295 1.000
0.0 0.0 1.0 0.0 0.0 0.0 0.0 0.0 0.0 0.0 0.357 0.286 0.321 0.304 3.0 0.364 0.282 1.000
0.0 1.0 0.0 0.0 0.0 0.0 0.0 0.0 0.0 0.0 0.321 0.321 0.357 0.339 2.0 0.205 0.269 1.000
0.0 0.0 0.0 1.0 0.0 0.0 0.0 0.0 0.0 0.0 0.286 0.357 0.393 0.375 2.0 0.227 0.256 1.000
0.0 0.0 0.0 0.0 0.0 0.0 0.0 1.0 0.0 0.0 0.250 0.393 0.429 0.411 2.0 0.227 0.103 1.000
0.0 0.0 0.0 1.0 0.0 0.0 0.0 0.0 0.0 0.0 0.286 0.357 0.393 0.375 2.0 0.273 0.256 1.000
0.0 1.0 0.0 0.0 0.0 0.0 0.0 0.0 0.0 0.0 0.214 0.429 0.464 0.446 1.0 0.250 0.154 1.000
0.0 0.0 0.0 0.0 0.0 0.0 0.0 1.0 0.0 0.0 0.179 0.464 0.500 0.482 2.0 0.295 0.154 1.000
0.0 1.0 0.0 0.0 0.0 0.0 0.0 0.0 0.0 0.0 0.143 0.500 0.536 0.518 2.0 0.159 0.051 1.000
0.0 1.0 0.0 0.0 0.0 0.0 0.0 0.0 0.0 0.0 0.107 0.536 0.571 0.554 2.0 0.136 0.038 1.000
0.0 0.0 0.0 0.0 0.0 0.0 0.0 1.0 1.0 0.0 0.071 0.571 0.607 0.589 2.0 0.182 0.026 1.000
0.0 0.0 0.0 0.0 0.0 0.0 1.0 0.0 0.0 0.0 0.143 0.500 0.536 0.518 2.0 0.318 0.103 1.000
0.0 0.0 0.0 0.0 0.0 0.0 1.0 0.0 0.0 0.0 0.107 0.536 0.571 0.554 2.0 0.250 0.051 1.000
0.0 0.0 0.0 0.0 0.0 0.0 0.0 1.0 1.0 0.0 0.071 0.571 0.607 0.589 2.0 0.227 0.026 1.000
0.0 0.0 0.0 0.0 0.0 0.0 1.0 0.0 0.0 0.0 0.107 0.536 0.571 0.554 2.0 0.227 0.051 1.000
0.0 1.0 0.0 0.0 0.0 0.0 0.0 0.0 0.0 0.0 0.071 0.571 0.607 0.589 2.0 0.159 0.026 1.000
0.0 0.0 0.0 0.0 0.0 0.0 1.0 0.0 0.0 0.0 0.250 0.393 0.429 0.411 2.0 0.227 0.103 1.000
0.0 1.0 0.0 0.0 0.0 0.0 0.0 0.0 0.0 0.0 0.214 0.429 0.464 0.446 2.0 0.227 0.077 1.000
0.0 0.0 0.0 0.0 0.0 0.0 0.0 1.0 0.0 0.0 0.179 0.464 0.500 0.482 2.0 0.295 0.064 1.000
0.0 0.0 0.0 0.0 0.0 0.0 0.0 1.0 1.0 0.0 0.071 0.571 0.607 0.589 2.0 0.205 0.026 1.000
0.0 0.0 0.0 1.0 0.0 0.0 0.0 0.0 1.0 0.0 0.071 0.571 0.607 0.589 2.0 0.386 0.026 1.000
0.0 0.0 0.0 1.0 0.0 0.0 0.0 0.0 1.0 0.0 0.071 0.571 0.607 0.589 2.0 0.318 0.038 1.000
0.0 0.0 0.0 0.0 1.0 0.0 0.0 0.0 1.0 0.0 0.036 0.607 0.643 0.625 2.0 0.205 0.026 1.000
0.0 0.0 1.0 0.0 0.0 0.0 0.0 0.0 0.0 0.0 0.571 0.071 0.071 0.071 2.0 0.750 0.487 0.500
0.0 0.0 0.0 0.0 0.0 0.0 0.0 1.0 0.0 0.0 0.393 0.250 0.286 0.268 2.0 1.000 0.192 1.000
0.0 0.0 0.0 1.0 0.0 0.0 0.0 0.0 1.0 0.0 0.107 0.536 0.571 0.554 2.0 0.364 0.038 1.000
0.0 0.0 0.0 1.0 0.0 0.0 0.0 0.0 1.0 0.0 0.071 0.571 0.607 0.589 2.0 0.318 0.026 1.000
0.0 0.0 0.0 0.0 0.0 1.0 0.0 0.0 1.0 0.0 0.357 0.286 0.321 0.304 2.0 0.500 0.179 1.000
0.0 0.0 0.0 0.0 0.0 0.0 1.0 0.0 0.0 0.0 0.321 0.321 0.357 0.339 2.0 0.364 0.167 1.000
0.0 0.0 0.0 0.0 0.0 0.0 1.0 0.0 1.0 0.0 0.107 0.536 0.571 0.554 2.0 0.182 0.038 1.000
0.0 0.0 0.0 0.0 0.0 0.0 0.0 1.0 1.0 0.0 0.071 0.571 0.607 0.589 2.0 0.114 0.026 1.000
0.0 0.0 0.0 0.0 0.0 0.0 1.0 0.0 0.0 0.0 0.286 0.357 0.393 0.375 2.0 0.273 0.128 1.000
0.0 0.0 0.0 0.0 0.0 0.0 1.0 0.0 0.0 0.0 0.250 0.393 0.429 0.411 2.0 0.227 0.103 1.000
0.0 0.0 1.0 0.0 0.0 0.0 0.0 0.0 1.0 0.0 0.107 0.536 0.571 0.554 2.0 0.159 0.038 1.000
0.0 0.0 0.0 1.0 0.0 0.0 0.0 0.0 0.0 0.0 0.214 0.429 0.464 0.446 3.0 0.295 0.064 1.000
0.0 0.0 0.0 1.0 0.0 0.0 0.0 0.0 0.0 0.0 0.107 0.536 0.571 0.554 3.0 0.250 0.064 1.000
0.0 1.0 0.0 0.0 0.0 0.0 0.0 0.0 1.0 0.0 0.036 0.607 0.643 0.625 2.0 0.114 0.026 1.000
0.0 1.0 0.0 0.0 0.0 0.0 0.0 0.0 1.0 0.0 0.036 0.607 0.643 0.625 1.0 0.205 0.013 1.000
0.0 1.0 0.0 0.0 0.0 0.0 0.0 0.0 0.0 0.0 0.071 0.571 0.607 0.589 2.0 0.205 0.026 1.000
0.0 1.0 0.0 0.0 0.0 0.0 0.0 0.0 1.0 0.0 0.071 0.571 0.607 0.589 4.0 0.205 0.051 1.000
0.0 0.0 0.0 1.0 0.0 0.0 0.0 0.0 0.0 0.0 0.179 0.464 0.500 0.482 2.0 0.250 0.064 1.000
0.0 0.0 0.0 1.0 0.0 0.0 0.0 0.0 0.0 0.0 0.143 0.500 0.536 0.518 3.0 0.182 0.051 1.000
0.0 1.0 0.0 0.0 0.0 0.0 0.0 0.0 1.0 0.0 0.036 0.607 0.643 0.625 2.0 0.114 0.026 1.000
1.0 0.0 0.0 0.0 0.0 0.0 0.0 0.0 1.0 0.0 0.036 0.607 0.643 0.625 3.0 0.114 0.038 1.000
0.0 0.0 0.0 1.0 0.0 0.0 0.0 0.0 1.0 0.0 0.107 0.536 0.571 0.554 2.0 0.159 0.038 1.000
0.0 1.0 0.0 0.0 0.0 0.0 0.0 0.0 0.0 0.0 0.071 0.571 0.607 0.589 2.0 0.159 0.026 1.000
0.0 1.0 0.0 0.0 0.0 0.0 0.0 0.0 1.0 0.0 0.036 0.607 0.643 0.625 1.0 0.205 0.013 1.000
0.0 0.0 0.0 0.0 0.0 1.0 0.0 0.0 0.0 0.0 0.536 0.107 0.143 0.125 2.0 0.614 0.397 1.000
0.0 0.0 0.0 0.0 0.0 0.0 0.0 1.0 0.0 0.0 0.500 0.143 0.179 0.161 2.0 0.818 0.244 1.000
0.0 1.0 0.0 0.0 0.0 0.0 0.0 0.0 1.0 0.0 0.036 0.607 0.643 0.625 2.0 0.182 0.026 1.000
0.0 0.0 0.0 0.0 0.0 1.0 0.0 0.0 1.0 0.0 0.464 0.179 0.214 0.196 2.0 0.409 0.218 1.000
0.0 0.0 0.0 0.0 0.0 0.0 1.0 0.0 0.0 0.0 0.429 0.214 0.250 0.232 2.0 0.341 0.205 1.000
0.0 0.0 0.0 0.0 0.0 0.0 0.0 1.0 0.0 0.0 0.393 0.250 0.286 0.268 2.0 0.250 0.167 1.000
0.0 1.0 0.0 0.0 0.0 0.0 0.0 0.0 0.0 0.0 0.357 0.286 0.321 0.304 2.0 0.159 0.154 1.000
0.0 0.0 0.0 0.0 0.0 1.0 0.0 0.0 0.0 0.0 0.321 0.321 0.357 0.339 2.0 0.182 0.141 1.000
0.0 1.0 0.0 0.0 0.0 0.0 0.0 0.0 0.0 0.0 0.286 0.357 0.393 0.375 2.0 0.159 0.141 1.000
0.0 0.0 0.0 0.0 0.0 1.0 0.0 0.0 0.0 0.0 0.250 0.393 0.429 0.411 2.0 0.205 0.128 1.000
0.0 0.0 0.0 0.0 0.0 0.0 1.0 0.0 1.0 0.0 0.214 0.429 0.464 0.446 2.0 0.182 0.077 1.000
0.0 0.0 0.0 0.0 0.0 1.0 0.0 0.0 0.0 0.0 0.250 0.393 0.429 0.411 2.0 0.182 0.128 1.000
0.0 0.0 0.0 0.0 0.0 0.0 0.0 1.0 1.0 0.0 0.214 0.429 0.464 0.446 2.0 0.182 0.077 1.000
0.0 0.0 0.0 1.0 0.0 0.0 0.0 0.0 0.0 0.0 0.179 0.464 0.500 0.482 2.0 0.205 0.064 1.000
0.0 0.0 0.0 1.0 0.0 0.0 0.0 0.0 1.0 0.0 0.071 0.571 0.607 0.589 3.0 0.182 0.051 1.000
0.0 1.0 0.0 0.0 0.0 0.0 0.0 0.0 0.0 0.0 0.143 0.500 0.536 0.518 2.0 0.182 0.064 1.000
0.0 0.0 0.0 1.0 0.0 0.0 0.0 0.0 0.0 0.0 0.107 0.536 0.571 0.554 2.0 0.227 0.051 1.000
0.0 0.0 0.0 1.0 0.0 0.0 0.0 0.0 1.0 0.0 0.071 0.571 0.607 0.589 2.0 0.159 0.038 1.000
0.0 1.0 0.0 0.0 0.0 0.0 0.0 0.0 0.0 0.0 0.107 0.536 0.571 0.554 1.0 0.182 0.051 1.000
0.0 0.0 0.0 0.0 0.0 0.0 0.0 1.0 0.0 0.0 0.071 0.571 0.607 0.589 2.0 0.182 0.051 1.000
0.0 1.0 0.0 0.0 0.0 0.0 0.0 0.0 1.0 0.0 0.036 0.607 0.643 0.625 2.0 0.114 0.026 1.000
0.0 0.0 0.0 0.0 0.0 0.0 0.0 1.0 1.0 0.0 0.036 0.607 0.643 0.625 2.0 0.114 0.026 1.000
0.0 1.0 0.0 0.0 0.0 0.0 0.0 0.0 1.0 0.0 0.036 0.607 0.643 0.625 1.0 0.205 0.013 1.000
0.0 0.0 0.0 1.0 0.0 0.0 0.0 0.0 0.0 0.0 0.143 0.500 0.536 0.518 2.0 0.227 0.038 1.000
0.0 0.0 0.0 1.0 0.0 0.0 0.0 0.0 1.0 0.0 0.071 0.571 0.607 0.589 2.0 0.159 0.026 1.000
0.0 1.0 0.0 0.0 0.0 0.0 0.0 0.0 0.0 0.0 0.107 0.536 0.571 0.554 2.0 0.136 0.038 1.000
0.0 0.0 0.0 1.0 0.0 0.0 0.0 0.0 1.0 0.0 0.071 0.571 0.607 0.589 2.0 0.136 0.026 1.000
0.0 1.0 0.0 0.0 0.0 0.0 0.0 0.0 0.0 0.0 0.429 0.214 0.250 0.232 1.0 0.386 0.205 1.000
0.0 0.0 0.0 0.0 0.0 0.0 1.0 0.0 1.0 0.0 0.393 0.250 0.286 0.268 2.0 0.500 0.205 1.000
0.0 1.0 0.0 0.0 0.0 0.0 0.0 0.0 0.0 0.0 0.357 0.286 0.321 0.304 2.0 0.182 0.192 1.000
0.0 1.0 0.0 0.0 0.0 0.0 0.0 0.0 0.0 0.0 0.321 0.321 0.357 0.339 1.0 0.182 0.179 1.000
0.0 0.0 0.0 1.0 0.0 0.0 0.0 0.0 0.0 0.0 0.286 0.357 0.393 0.375 2.0 0.386 0.179 1.000
0.0 0.0 0.0 0.0 0.0 0.0 1.0 0.0 0.0 0.0 0.250 0.393 0.429 0.411 2.0 0.341 0.167 1.000
0.0 0.0 0.0 0.0 0.0 0.0 1.0 0.0 0.0 0.0 0.071 0.571 0.607 0.589 2.0 0.159 0.051 1.000
0.0 1.0 0.0 0.0 0.0 0.0 0.0 0.0 1.0 0.0 0.036 0.607 0.643 0.625 2.0 0.091 0.026 1.000
0.0 1.0 0.0 0.0 0.0 0.0 0.0 0.0 1.0 0.0 0.036 0.607 0.643 0.625 2.0 0.091 0.026 1.000
0.0 0.0 0.0 0.0 0.0 0.0 1.0 0.0 0.0 0.0 0.214 0.429 0.464 0.446 2.0 0.227 0.115 1.000
0.0 0.0 0.0 0.0 0.0 0.0 1.0 0.0 0.0 0.0 0.179 0.464 0.500 0.482 2.0 0.227 0.077 1.000
0.0 0.0 0.0 1.0 0.0 0.0 0.0 0.0 0.0 0.0 0.143 0.500 0.536 0.518 2.0 0.182 0.038 1.000
0.0 0.0 0.0 1.0 0.0 0.0 0.0 0.0 1.0 0.0 0.071 0.571 0.607 0.589 2.0 0.159 0.026 1.000
0.0 1.0 0.0 0.0 0.0 0.0 0.0 0.0 1.0 0.0 0.036 0.607 0.643 0.625 1.0 0.182 0.013 1.000
0.0 1.0 0.0 0.0 0.0 0.0 0.0 0.0 0.0 0.0 0.107 0.536 0.571 0.554 2.0 0.136 0.038 1.000
0.0 0.0 0.0 1.0 0.0 0.0 0.0 0.0 1.0 0.0 0.071 0.571 0.607 0.589 2.0 0.136 0.026 1.000
0.0 0.0 0.0 1.0 0.0 0.0 0.0 0.0 0.0 0.0 0.143 0.500 0.536 0.518 2.0 0.182 0.038 1.000
0.0 0.0 0.0 1.0 0.0 0.0 0.0 0.0 1.0 0.0 0.071 0.571 0.607 0.589 2.0 0.205 0.026 1.000
0.0 1.0 0.0 0.0 0.0 0.0 0.0 0.0 0.0 0.0 0.107 0.536 0.571 0.554 2.0 0.136 0.038 1.000
0.0 0.0 0.0 0.0 0.0 1.0 0.0 0.0 1.0 0.0 0.071 0.571 0.607 0.589 2.0 0.182 0.026 1.000
0.0 0.0 0.0 1.0 0.0 0.0 0.0 0.0 1.0 0.0 0.107 0.536 0.571 0.554 2.0 0.159 0.038 1.000
0.0 0.0 1.0 0.0 0.0 0.0 0.0 0.0 1.0 0.0 0.071 0.571 0.607 0.589 2.0 0.295 0.026 1.000
0.0 1.0 0.0 0.0 0.0 0.0 0.0 0.0 1.0 0.0 0.036 0.607 0.643 0.625 1.0 0.727 0.013 1.000
0.0 1.0 0.0 0.0 0.0 0.0 0.0 0.0 0.0 0.0 0.464 0.214 0.214 0.214 1.0 0.750 0.295 0.500
0.0 0.0 0.0 0.0 0.0 0.0 0.0 1.0 1.0 0.0 0.429 0.214 0.250 0.232 2.0 0.795 0.295 1.000
0.0 0.0 0.0 1.0 0.0 0.0 0.0 0.0 0.0 0.0 0.393 0.250 0.286 0.268 2.0 0.386 0.282 1.000
0.0 1.0 0.0 0.0 0.0 0.0 0.0 0.0 1.0 0.0 0.036 0.607 0.643 0.625 1.0 0.659 0.013 1.000
0.0 0.0 0.0 0.0 0.0 0.0 1.0 0.0 0.0 0.0 0.357 0.286 0.321 0.304 2.0 0.205 0.269 1.000
0.0 0.0 0.0 0.0 0.0 0.0 0.0 1.0 0.0 0.0 0.321 0.321 0.357 0.339 2.0 0.273 0.218 1.000
0.0 0.0 0.0 0.0 0.0 0.0 1.0 0.0 0.0 0.0 0.143 0.500 0.536 0.518 2.0 0.295 0.077 1.000
0.0 0.0 0.0 0.0 0.0 0.0 0.0 1.0 0.0 0.0 0.107 0.536 0.571 0.554 2.0 0.227 0.051 1.000
0.0 1.0 0.0 0.0 0.0 0.0 0.0 0.0 0.0 0.0 0.071 0.571 0.607 0.589 2.0 0.159 0.038 1.000
0.0 1.0 0.0 0.0 0.0 0.0 0.0 0.0 1.0 0.0 0.036 0.607 0.643 0.625 2.0 0.205 0.026 1.000
0.0 1.0 0.0 0.0 0.0 0.0 0.0 0.0 1.0 0.0 0.036 0.607 0.643 0.625 1.0 0.182 0.013 1.000
0.0 0.0 0.0 0.0 0.0 0.0 0.0 1.0 1.0 0.0 0.071 0.571 0.607 0.589 2.0 0.250 0.026 1.000
0.0 1.0 0.0 0.0 0.0 0.0 0.0 0.0 1.0 0.0 0.036 0.607 0.643 0.625 1.0 0.182 0.013 1.000
0.0 0.0 0.0 0.0 0.0 0.0 1.0 0.0 0.0 0.0 0.286 0.357 0.393 0.375 2.0 0.318 0.141 1.000
0.0 0.0 0.0 0.0 0.0 0.0 1.0 0.0 0.0 0.0 0.250 0.393 0.429 0.411 2.0 0.250 0.103 1.000
0.0 1.0 0.0 0.0 0.0 0.0 0.0 0.0 0.0 0.0 0.214 0.429 0.464 0.446 2.0 0.205 0.077 1.000
0.0 0.0 0.0 0.0 0.0 1.0 0.0 0.0 0.0 0.0 0.179 0.464 0.500 0.482 3.0 0.205 0.064 1.000
0.0 1.0 0.0 0.0 0.0 0.0 0.0 0.0 0.0 0.0 0.143 0.500 0.536 0.518 2.0 0.182 0.051 1.000
0.0 0.0 0.0 0.0 0.0 1.0 0.0 0.0 0.0 0.0 0.107 0.536 0.571 0.554 2.0 0.136 0.038 1.000
0.0 1.0 0.0 0.0 0.0 0.0 0.0 0.0 1.0 0.0 0.071 0.571 0.607 0.589 3.0 0.159 0.038 1.000
1.0 0.0 0.0 0.0 0.0 0.0 0.0 0.0 0.0 0.0 0.071 0.571 0.607 0.589 2.0 0.159 0.026 1.000
0.0 1.0 0.0 0.0 0.0 0.0 0.0 0.0 1.0 0.0 0.036 0.607 0.643 0.625 1.0 0.205 0.013 1.000
0.0 1.0 0.0 0.0 0.0 0.0 0.0 0.0 0.0 0.0 0.107 0.536 0.571 0.554 2.0 0.159 0.051 1.000
0.0 0.0 0.0 0.0 0.0 1.0 0.0 0.0 1.0 0.0 0.071 0.571 0.607 0.589 2.0 0.091 0.038 1.000
0.0 1.0 0.0 0.0 0.0 0.0 0.0 0.0 1.0 0.0 0.036 0.607 0.643 0.625 2.0 0.068 0.026 1.000
0.0 0.0 0.0 0.0 0.0 1.0 0.0 0.0 1.0 0.0 0.071 0.571 0.607 0.589 2.0 0.159 0.026 1.000
0.0 1.0 0.0 0.0 0.0 0.0 0.0 0.0 1.0 0.0 0.036 0.607 0.643 0.625 1.0 0.114 0.013 1.000
0.0 0.0 0.0 0.0 0.0 0.0 1.0 0.0 1.0 0.0 0.036 0.607 0.643 0.625 2.0 0.159 0.026 1.000
0.0 0.0 0.0 1.0 0.0 0.0 0.0 0.0 0.0 0.0 0.143 0.500 0.536 0.518 2.0 0.295 0.038 1.000
0.0 0.0 0.0 1.0 0.0 0.0 0.0 0.0 1.0 0.0 0.071 0.571 0.607 0.589 2.0 0.227 0.026 1.000
0.0 1.0 0.0 0.0 0.0 0.0 0.0 0.0 1.0 0.0 0.036 0.607 0.643 0.625 1.0 0.295 0.013 1.000
0.0 1.0 0.0 0.0 0.0 0.0 0.0 0.0 0.0 0.0 0.107 0.536 0.571 0.554 2.0 0.159 0.038 1.000
0.0 0.0 0.0 1.0 0.0 0.0 0.0 0.0 1.0 0.0 0.071 0.571 0.607 0.589 2.0 0.114 0.026 1.000
0.0 1.0 0.0 0.0 0.0 0.0 0.0 0.0 1.0 0.0 0.036 0.607 0.643 0.625 1.0 0.136 0.013 1.000
0.0 1.0 0.0 0.0 0.0 0.0 0.0 0.0 0.0 0.0 0.107 0.536 0.571 0.554 2.0 0.159 0.051 1.000
0.0 0.0 0.0 1.0 0.0 0.0 0.0 0.0 1.0 0.0 0.071 0.571 0.607 0.589 2.0 0.182 0.038 1.000
0.0 0.0 0.0 0.0 0.0 1.0 0.0 0.0 1.0 0.0 0.036 0.607 0.643 0.625 2.0 0.182 0.026 1.000
