0.0 0.0 0.0 0.0 0.0 1.0 0.0 0.0 1.0 0.0 0.176 0.618 0.647 0.632 3.0 0.620 0.197 0.667
0.0 0.0 0.0 0.0 0.0 1.0 0.0 0.0 1.0 0.0 0.029 0.088 0.765 0.426 3.0 0.480 0.042 0.667
0.0 0.0 0.0 1.0 0.0 0.0 0.0 0.0 0.0 0.0 0.118 0.000 0.000 0.000 2.0 0.120 0.085 0.000
0.0 0.0 0.0 1.0 0.0 0.0 0.0 0.0 1.0 0.0 0.059 0.000 0.000 0.000 2.0 0.240 0.056 0.000
0.0 0.0 0.0 1.0 0.0 0.0 0.0 0.0 0.0 0.0 0.088 0.000 0.000 0.000 2.0 0.280 0.070 0.000
0.0 0.0 0.0 1.0 0.0 0.0 0.0 0.0 0.0 0.0 0.088 0.000 0.000 0.000 2.0 0.100 0.085 0.000
0.0 0.0 0.0 1.0 0.0 0.0 0.0 0.0 1.0 0.0 0.059 0.000 0.000 0.000 2.0 0.220 0.056 0.000
0.0 0.0 0.0 0.0 1.0 0.0 0.0 0.0 0.0 0.0 0.059 0.000 0.000 0.000 2.0 0.340 0.070 0.000
0.0 0.0 0.0 1.0 0.0 0.0 0.0 0.0 0.0 0.0 0.118 0.000 0.000 0.000 2.0 0.120 0.085 0.000
0.0 0.0 0.0 1.0 0.0 0.0 0.0 0.0 1.0 0.0 0.059 0.000 0.000 0.000 2.0 0.240 0.056 0.000
0.0 0.0 0.0 1.0 0.0 0.0 0.0 0.0 0.0 0.0 0.088 0.000 0.000 0.000 2.0 0.260 0.070 0.000
0.0 0.0 0.0 1.0 0.0 0.0 0.0 0.0 0.0 0.0 0.118 0.000 0.000 0.000 2.0 0.120 0.085 0.000
0.0 0.0 0.0 1.0 0.0 0.0 0.0 0.0 1.0 0.0 0.059 0.000 0.000 0.000 2.0 0.240 0.056 0.000
0.0 0.0 0.0 1.0 0.0 0.0 0.0 0.0 0.0 0.0 0.088 0.000 0.000 0.000 2.0 0.280 0.070 0.000
0.0 0.0 0.0 1.0 0.0 0.0 0.0 0.0 0.0 0.0 0.118 0.000 0.000 0.000 2.0 0.100 0.070 0.000
0.0 0.0 0.0 1.0 0.0 0.0 0.0 0.0 1.0 0.0 0.088 0.000 0.000 0.000 2.0 0.180 0.056 0.000
0.0 0.0 0.0 1.0 0.0 0.0 0.0 0.0 1.0 0.0 0.059 0.000 0.000 0.000 2.0 0.240 0.056 0.000
0.0 0.0 0.0 1.0 0.0 0.0 0.0 0.0 0.0 1.0 0.118 0.000 0.000 0.000 2.0 0.120 0.085 0.333
0.0 0.0 0.0 1.0 0.0 0.0 0.0 0.0 1.0 0.0 0.059 0.059 0.059 0.059 2.0 0.240 0.056 0.333
0.0 0.0 0.0 1.0 0.0 0.0 0.0 0.0 0.0 0.0 0.088 0.029 0.029 0.029 2.0 0.280 0.070 0.333
0.0 1.0 0.0 0.0 0.0 0.0 0.0 0.0 0.0 0.0 0.059 0.059 0.059 0.059 1.0 0.480 0.042 0.333
0.0 0.0 0.0 1.0 0.0 0.0 0.0 0.0 0.0 0.0 0.824 0.000 0.000 0.000 3.0 0.140 0.817 0.000
0.0 1.0 0.0 0.0 0.0 0.0 0.0 0.0 0.0 0.0 0.794 0.000 0.000 0.000 2.0 0.140 0.803 0.000
0.0 0.0 0.0 0.0 0.0 1.0 0.0 0.0 0.0 0.0 0.765 0.000 0.000 0.000 2.0 0.260 0.789 0.000
0.0 0.0 0.0 1.0 0.0 0.0 0.0 0.0 1.0 0.0 0.735 0.000 0.000 0.000 2.0 0.260 0.718 0.000
0.0 0.0 0.0 1.0 0.0 0.0 0.0 0.0 1.0 0.0 0.147 0.000 0.000 0.000 2.0 0.240 0.085 0.000
0.0 0.0 0.0 1.0 0.0 0.0 0.0 0.0 0.0 0.0 0.824 0.000 0.000 0.000 3.0 0.160 0.887 0.000
0.0 0.0 0.0 1.0 0.0 0.0 0.0 0.0 1.0 0.0 0.147 0.000 0.000 0.000 2.0 0.240 0.085 0.000
0.0 0.0 0.0 1.0 0.0 0.0 0.0 0.0 0.0 0.0 0.794 0.000 0.000 0.000 2.0 0.300 0.873 0.000
0.0 0.0 0.0 1.0 0.0 0.0 0.0 0.0 1.0 0.0 0.735 0.000 0.000 0.000 2.0 0.260 0.718 0.000
0.0 0.0 0.0 1.0 0.0 0.0 0.0 0.0 0.0 0.0 0.824 0.000 0.000 0.000 3.0 0.160 0.887 0.000
0.0 0.0 0.0 1.0 0.0 0.0 0.0 0.0 1.0 0.0 0.147 0.000 0.000 0.000 2.0 0.240 0.085 0.000
0.0 0.0 0.0 1.0 0.0 0.0 0.0 0.0 0.0 0.0 0.794 0.000 0.000 0.000 2.0 0.300 0.873 0.000
0.0 0.0 0.0 1.0 0.0 0.0 0.0 0.0 1.0 0.0 0.735 0.000 0.000 0.000 2.0 0.260 0.718 0.000
0.0 0.0 0.0 1.0 0.0 0.0 0.0 0.0 0.0 0.0 0.824 0.000 0.000 0.000 3.0 0.160 0.901 0.000
0.0 0.0 0.0 1.0 0.0 0.0 0.0 0.0 1.0 0.0 0.147 0.000 0.000 0.000 2.0 0.240 0.085 0.000
0.0 0.0 0.0 1.0 0.0 0.0 0.0 0.0 0.0 0.0 0.794 0.000 0.000 0.000 2.0 0.300 0.887 0.000
0.0 0.0 0.0 1.0 0.0 0.0 0.0 0.0 1.0 0.0 0.735 0.000 0.000 0.000 2.0 0.260 0.718 0.000
0.0 0.0 0.0 1.0 0.0 0.0 0.0 0.0 0.0 1.0 0.824 0.000 0.000 0.000 3.0 0.160 0.930 0.333
0.0 0.0 0.0 1.0 0.0 0.0 0.0 0.0 1.0 0.0 0.147 0.676 0.676 0.676 2.0 0.240 0.085 0.333
0.0 0.0 0.0 1.0 0.0 0.0 0.0 0.0 0.0 0.0 0.794 0.029 0.029 0.029 2.0 0.300 0.915 0.333
0.0 0.0 0.0 1.0 0.0 0.0 0.0 0.0 1.0 0.0 0.735 0.088 0.088 0.088 2.0 0.260 0.718 0.333
0.0 0.0 0.0 1.0 0.0 0.0 0.0 0.0 0.0 0.0 0.824 0.000 0.000 0.000 3.0 0.160 0.944 0.000
0.0 0.0 0.0 1.0 0.0 0.0 0.0 0.0 1.0 0.0 0.147 0.000 0.000 0.000 2.0 0.240 0.085 0.000
0.0 0.0 0.0 1.0 0.0 0.0 0.0 0.0 0.0 0.0 0.794 0.000 0.000 0.000 2.0 0.300 0.930 0.000
0.0 1.0 0.0 0.0 0.0 0.0 0.0 0.0 0.0 0.0 0.765 0.059 0.059 0.059 1.0 0.420 0.732 0.333
0.0 0.0 0.0 1.0 0.0 0.0 0.0 0.0 0.0 0.0 0.735 0.088 0.088 0.088 3.0 0.440 0.732 0.333
0.0 0.0 0.0 1.0 0.0 0.0 0.0 0.0 1.0 0.0 0.735 0.000 0.000 0.000 2.0 0.260 0.718 0.000
0.0 0.0 0.0 0.0 0.0 1.0 0.0 0.0 0.0 0.0 0.706 0.118 0.118 0.118 3.0 0.600 0.718 0.333
0.0 1.0 0.0 0.0 0.0 0.0 0.0 0.0 0.0 0.0 0.118 0.706 0.706 0.706 1.0 0.540 0.070 0.333
0.0 1.0 0.0 0.0 0.0 0.0 0.0 0.0 0.0 0.0 0.941 0.000 0.000 0.000 2.0 0.120 0.803 0.000
0.0 0.0 0.0 0.0 0.0 1.0 0.0 0.0 0.0 0.0 0.912 0.000 0.000 0.000 4.0 0.220 0.789 0.000
0.0 0.0 0.0 0.0 0.0 1.0 0.0 0.0 0.0 0.0 0.882 0.000 0.000 0.000 2.0 0.260 0.789 0.000
0.0 1.0 0.0 0.0 0.0 0.0 0.0 0.0 0.0 0.0 0.853 0.000 0.000 0.000 1.0 0.300 0.732 0.000
0.0 0.0 1.0 0.0 0.0 0.0 0.0 0.0 1.0 0.0 0.853 0.000 0.000 0.000 2.0 0.300 0.732 0.000
0.0 0.0 1.0 0.0 0.0 0.0 0.0 0.0 1.0 0.0 0.853 0.000 0.000 0.000 2.0 0.240 0.732 0.000
0.0 0.0 1.0 0.0 0.0 0.0 0.0 0.0 1.0 0.0 0.824 0.000 0.000 0.000 2.0 0.360 0.732 0.000
0.0 0.0 0.0 1.0 0.0 0.0 0.0 0.0 0.0 0.0 0.941 0.000 0.000 0.000 4.0 0.200 0.901 0.000
0.0 0.0 0.0 1.0 0.0 0.0 0.0 0.0 1.0 0.0 0.853 0.000 0.000 0.000 2.0 0.220 0.732 0.000
0.0 0.0 0.0 1.0 0.0 0.0 0.0 0.0 0.0 0.0 0.853 0.000 0.000 0.000 2.0 0.420 0.873 0.000
0.0 0.0 0.0 1.0 0.0 0.0 0.0 0.0 1.0 0.0 0.824 0.000 0.000 0.000 2.0 0.340 0.732 0.000
0.0 1.0 0.0 0.0 0.0 0.0 0.0 0.0 0.0 0.0 0.912 0.000 0.000 0.000 2.0 0.160 0.761 0.000
0.0 0.0 0.0 0.0 0.0 1.0 0.0 0.0 0.0 0.0 0.882 0.000 0.000 0.000 2.0 0.140 0.746 0.000
0.0 0.0 1.0 0.0 0.0 0.0 0.0 0.0 1.0 0.0 0.853 0.000 0.000 0.000 2.0 0.260 0.732 0.000
0.0 0.0 1.0 0.0 0.0 0.0 0.0 0.0 1.0 0.0 0.853 0.000 0.000 0.000 2.0 0.220 0.746 0.000
0.0 0.0 0.0 1.0 0.0 0.0 0.0 0.0 0.0 0.0 0.941 0.000 0.000 0.000 4.0 0.200 0.915 0.000
0.0 0.0 0.0 1.0 0.0 0.0 0.0 0.0 1.0 0.0 0.853 0.000 0.000 0.000 2.0 0.240 0.746 0.000
0.0 0.0 0.0 0.0 0.0 1.0 0.0 0.0 0.0 0.0 0.912 0.000 0.000 0.000 2.0 0.200 0.732 0.000
0.0 0.0 1.0 0.0 0.0 0.0 0.0 0.0 1.0 0.0 0.853 0.000 0.000 0.000 2.0 0.260 0.732 0.000
0.0 0.0 0.0 0.0 0.0 1.0 0.0 0.0 0.0 0.0 0.882 0.000 0.000 0.000 2.0 0.180 0.732 0.000
0.0 1.0 0.0 0.0 0.0 0.0 0.0 0.0 0.0 0.0 0.824 0.000 0.000 0.000 2.0 0.160 0.746 0.000
0.0 0.0 0.0 0.0 0.0 1.0 0.0 0.0 0.0 0.0 0.794 0.000 0.000 0.000 2.0 0.240 0.732 0.000
0.0 1.0 0.0 0.0 0.0 0.0 0.0 0.0 0.0 0.0 0.882 0.000 0.000 0.000 2.0 0.160 0.887 0.000
0.0 0.0 0.0 1.0 0.0 0.0 0.0 0.0 0.0 0.0 0.853 0.000 0.000 0.000 2.0 0.380 0.873 0.000
0.0 0.0 0.0 1.0 0.0 0.0 0.0 0.0 0.0 0.0 0.912 0.000 0.000 0.000 4.0 0.200 0.915 0.000
0.0 0.0 0.0 0.0 0.0 1.0 0.0 0.0 0.0 0.0 0.882 0.000 0.000 0.000 2.0 0.200 0.901 0.000
0.0 1.0 0.0 0.0 0.0 0.0 0.0 0.0 0.0 0.0 0.853 0.000 0.000 0.000 2.0 0.120 0.746 0.000
0.0 0.0 1.0 0.0 0.0 0.0 0.0 0.0 1.0 0.0 0.824 0.000 0.000 0.000 2.0 0.300 0.732 0.000
0.0 0.0 1.0 0.0 0.0 0.0 0.0 0.0 0.0 0.0 0.853 0.000 0.000 0.000 2.0 0.400 0.887 0.000
0.0 0.0 0.0 1.0 0.0 0.0 0.0 0.0 1.0 0.0 0.853 0.000 0.000 0.000 2.0 0.240 0.746 0.000
0.0 0.0 0.0 1.0 0.0 0.0 0.0 0.0 1.0 0.0 0.853 0.000 0.000 0.000 2.0 0.220 0.732 0.000
0.0 0.0 0.0 1.0 0.0 0.0 0.0 0.0 1.0 0.0 0.853 0.000 0.000 0.000 2.0 0.280 0.732 0.000
0.0 0.0 0.0 1.0 0.0 0.0 0.0 0.0 0.0 0.0 0.941 0.000 0.000 0.000 3.0 0.180 0.958 0.000
0.0 0.0 0.0 0.0 0.0 1.0 0.0 0.0 0.0 0.0 0.912 0.000 0.000 0.000 3.0 0.240 0.915 0.000
0.0 0.0 1.0 0.0 0.0 0.0 0.0 0.0 1.0 0.0 0.853 0.000 0.000 0.000 2.0 0.280 0.732 0.000
0.0 0.0 0.0 0.0 0.0 1.0 0.0 0.0 0.0 0.0 0.882 0.000 0.000 0.000 2.0 0.220 0.732 0.000
0.0 1.0 0.0 0.0 0.0 0.0 0.0 0.0 0.0 0.0 0.853 0.000 0.000 0.000 1.0 0.260 0.732 0.000
0.0 0.0 1.0 0.0 0.0 0.0 0.0 0.0 0.0 0.0 0.853 0.000 0.000 0.000 2.0 0.420 0.915 0.000
0.0 1.0 0.0 0.0 0.0 0.0 0.0 0.0 0.0 0.0 0.853 0.000 0.000 0.000 2.0 0.120 0.746 0.000
0.0 0.0 0.0 1.0 0.0 0.0 0.0 0.0 1.0 0.0 0.824 0.000 0.000 0.000 2.0 0.300 0.732 0.000
0.0 1.0 0.0 0.0 0.0 0.0 0.0 0.0 0.0 0.0 0.882 0.000 0.000 0.000 2.0 0.120 0.761 0.000
0.0 0.0 0.0 1.0 0.0 0.0 0.0 0.0 1.0 0.0 0.853 0.000 0.000 0.000 2.0 0.200 0.746 0.000
0.0 0.0 0.0 1.0 0.0 0.0 0.0 0.0 0.0 0.0 0.912 0.000 0.000 0.000 4.0 0.220 0.944 0.000
0.0 0.0 0.0 1.0 0.0 0.0 0.0 0.0 1.0 0.0 0.853 0.000 0.000 0.000 2.0 0.240 0.746 0.000
0.0 0.0 0.0 0.0 0.0 1.0 0.0 0.0 0.0 0.0 0.882 0.000 0.000 0.000 2.0 0.180 0.732 0.000
0.0 0.0 1.0 0.0 0.0 0.0 0.0 0.0 1.0 0.0 0.853 0.000 0.000 0.000 2.0 0.260 0.732 0.000
0.0 0.0 0.0 0.0 0.0 1.0 0.0 0.0 1.0 0.0 0.824 0.000 0.000 0.000 4.0 0.820 0.732 0.000
0.0 0.0 1.0 0.0 0.0 0.0 0.0 0.0 1.0 0.0 0.853 0.000 0.000 0.000 2.0 0.200 0.732 0.000
0.0 0.0 0.0 0.0 0.0 1.0 0.0 0.0 1.0 0.0 0.824 0.000 0.000 0.000 3.0 0.480 0.732 0.000
0.0 0.0 0.0 1.0 0.0 0.0 0.0 0.0 0.0 0.0 0.853 0.000 0.000 0.000 2.0 0.420 0.930 0.000
0.0 0.0 0.0 1.0 0.0 0.0 0.0 0.0 1.0 0.0 0.824 0.000 0.000 0.000 2.0 0.340 0.732 0.000
0.0 0.0 0.0 1.0 0.0 0.0 0.0 0.0 0.0 0.0 0.882 0.000 0.000 0.000 3.0 0.160 0.958 0.000
0.0 0.0 0.0 1.0 0.0 0.0 0.0 0.0 1.0 0.0 0.824 0.000 0.000 0.000 2.0 0.320 0.732 0.000
0.0 0.0 0.0 1.0 0.0 0.0 0.0 0.0 0.0 0.0 0.853 0.000 0.000 0.000 2.0 0.360 0.944 0.000
0.0 0.0 0.0 0.0 0.0 0.0 1.0 0.0 0.0 0.0 0.824 0.000 0.000 0.000 2.0 0.220 0.676 0.000
0.0 0.0 1.0 0.0 0.0 0.0 0.0 0.0 0.0 0.0 0.294 0.000 0.000 0.000 2.0 0.260 0.225 0.000
0.0 0.0 0.0 1.0 0.0 0.0 0.0 0.0 1.0 0.0 0.853 0.000 0.000 0.000 2.0 0.220 0.746 0.000
0.0 1.0 0.0 0.0 0.0 0.0 0.0 0.0 0.0 0.0 0.824 0.000 0.000 0.000 2.0 0.320 0.746 0.000
0.0 0.0 0.0 1.0 0.0 0.0 0.0 0.0 1.0 0.0 0.794 0.000 0.000 0.000 4.0 0.320 0.732 0.000
0.0 1.0 0.0 0.0 0.0 0.0 0.0 0.0 1.0 0.0 0.029 0.000 0.000 0.000 1.0 0.080 0.014 0.000
0.0 0.0 0.0 1.0 0.0 0.0 0.0 0.0 0.0 0.0 1.000 0.000 0.000 0.000 2.0 0.140 0.986 0.000
0.0 0.0 0.0 1.0 0.0 0.0 0.0 0.0 0.0 0.0 0.971 0.000 0.000 0.000 3.0 0.420 0.986 0.000
0.0 0.0 0.0 1.0 0.0 0.0 0.0 0.0 0.0 0.0 0.853 0.000 0.000 0.000 3.0 0.320 0.718 0.000
0.0 0.0 0.0 1.0 0.0 0.0 0.0 0.0 0.0 0.0 0.324 0.000 0.000 0.000 2.0 0.280 0.239 0.000
0.0 0.0 0.0 1.0 0.0 0.0 0.0 0.0 0.0 0.0 0.941 0.000 0.000 0.000 2.0 0.240 0.732 0.000
0.0 1.0 0.0 0.0 0.0 0.0 0.0 0.0 0.0 0.0 0.912 0.000 0.000 0.000 2.0 0.160 0.732 0.000
0.0 0.0 0.0 1.0 0.0 0.0 0.0 0.0 1.0 0.0 0.824 0.000 0.000 0.000 2.0 0.300 0.732 0.000
0.0 0.0 0.0 1.0 0.0 0.0 0.0 0.0 0.0 0.0 1.000 0.000 0.000 0.000 2.0 0.120 1.000 0.000
0.0 0.0 0.0 1.0 0.0 0.0 0.0 0.0 0.0 0.0 0.971 0.000 0.000 0.000 2.0 0.340 1.000 0.000
0.0 0.0 0.0 0.0 0.0 0.0 1.0 0.0 0.0 0.0 0.941 0.000 0.000 0.000 2.0 0.200 0.761 0.000
0.0 0.0 0.0 0.0 0.0 0.0 1.0 0.0 0.0 0.0 0.353 0.000 0.000 0.000 2.0 0.200 0.239 0.000
0.0 0.0 0.0 0.0 0.0 1.0 0.0 0.0 0.0 0.0 0.235 0.000 0.000 0.000 2.0 0.200 0.141 0.000
0.0 0.0 0.0 1.0 0.0 0.0 0.0 0.0 0.0 0.0 0.324 0.000 0.000 0.000 2.0 0.180 0.239 0.000
0.0 0.0 0.0 1.0 0.0 0.0 0.0 0.0 0.0 0.0 0.235 0.000 0.000 0.000 2.0 0.280 0.211 0.000
0.0 1.0 0.0 0.0 0.0 0.0 0.0 0.0 0.0 0.0 0.294 0.000 0.000 0.000 2.0 0.140 0.239 0.000
0.0 0.0 0.0 1.0 0.0 0.0 0.0 0.0 0.0 0.0 0.265 0.000 0.000 0.000 2.0 0.380 0.225 0.000
0.0 1.0 0.0 0.0 0.0 0.0 0.0 0.0 0.0 0.0 0.235 0.000 0.000 0.000 2.0 0.160 0.197 0.000
0.0 0.0 0.0 1.0 0.0 0.0 0.0 0.0 0.0 0.0 0.206 0.000 0.000 0.000 2.0 0.260 0.183 0.000
0.0 0.0 0.0 1.0 0.0 0.0 0.0 0.0 1.0 0.0 0.176 0.000 0.000 0.000 2.0 0.240 0.169 0.000
0.0 0.0 0.0 1.0 0.0 0.0 0.0 0.0 0.0 0.0 0.912 0.000 0.000 0.000 2.0 0.260 0.718 0.000
0.0 0.0 0.0 1.0 0.0 0.0 0.0 0.0 0.0 0.0 0.265 0.000 0.000 0.000 2.0 0.340 0.225 0.000
0.0 0.0 0.0 0.0 0.0 0.0 1.0 0.0 0.0 0.0 0.235 0.000 0.000 0.000 2.0 0.240 0.225 0.000
0.0 0.0 0.0 1.0 0.0 0.0 0.0 0.0 0.0 0.0 0.882 0.000 0.000 0.000 2.0 0.260 0.718 0.000
0.0 0.0 0.0 1.0 0.0 0.0 0.0 0.0 0.0 0.0 0.853 0.000 0.000 0.000 2.0 0.260 0.676 0.000
0.0 0.0 0.0 1.0 0.0 0.0 0.0 0.0 1.0 0.0 0.265 0.000 0.000 0.000 3.0 0.480 0.225 0.000
0.0 0.0 0.0 0.0 0.0 0.0 1.0 0.0 0.0 0.0 0.235 0.000 0.000 0.000 2.0 0.240 0.225 0.000
0.0 0.0 0.0 1.0 0.0 0.0 0.0 0.0 0.0 0.0 0.824 0.000 0.000 0.000 2.0 0.300 0.676 0.000
0.0 0.0 0.0 1.0 0.0 0.0 0.0 0.0 0.0 0.0 0.794 0.000 0.000 0.000 2.0 0.260 0.648 0.000
0.0 0.0 0.0 1.0 0.0 0.0 0.0 0.0 0.0 0.0 0.765 0.000 0.000 0.000 2.0 0.220 0.634 0.000
0.0 1.0 0.0 0.0 0.0 0.0 0.0 0.0 0.0 0.0 0.353 0.000 0.000 0.000 1.0 0.160 0.310 0.000
0.0 1.0 0.0 0.0 0.0 0.0 0.0 0.0 0.0 0.0 0.353 0.000 0.000 0.000 2.0 0.180 0.324 0.000
0.0 0.0 0.0 1.0 0.0 0.0 0.0 0.0 0.0 0.0 0.265 0.000 0.000 0.000 2.0 0.260 0.225 0.000
0.0 0.0 0.0 1.0 0.0 0.0 0.0 0.0 1.0 0.0 0.206 0.000 0.000 0.000 2.0 0.320 0.141 0.000
0.0 0.0 0.0 0.0 0.0 0.0 0.0 1.0 0.0 0.0 0.235 0.000 0.000 0.000 2.0 0.220 0.225 0.000
1.0 0.0 0.0 0.0 0.0 0.0 0.0 0.0 0.0 0.0 0.147 0.000 0.000 0.000 2.0 0.400 0.127 0.000
0.0 0.0 0.0 1.0 0.0 0.0 0.0 0.0 0.0 0.0 0.206 0.000 0.000 0.000 2.0 0.260 0.183 0.000
0.0 0.0 0.0 1.0 0.0 0.0 0.0 0.0 1.0 0.0 0.176 0.000 0.000 0.000 2.0 0.240 0.169 0.000
0.0 0.0 0.0 1.0 0.0 0.0 0.0 0.0 0.0 0.0 0.294 0.000 0.000 0.000 2.0 0.260 0.239 0.000
0.0 1.0 0.0 0.0 0.0 0.0 0.0 0.0 0.0 0.0 0.265 0.000 0.000 0.000 2.0 0.180 0.155 0.000
0.0 0.0 0.0 0.0 0.0 1.0 0.0 0.0 0.0 0.0 0.235 0.000 0.000 0.000 2.0 0.280 0.141 0.000
0.0 1.0 0.0 0.0 0.0 0.0 0.0 0.0 0.0 0.0 0.206 0.000 0.000 0.000 1.0 0.380 0.127 0.000
0.0 0.0 0.0 0.0 0.0 0.0 0.0 1.0 0.0 0.0 0.235 0.000 0.000 0.000 2.0 0.220 0.225 0.000
1.0 0.0 0.0 0.0 0.0 0.0 0.0 0.0 0.0 0.0 0.147 0.000 0.000 0.000 2.0 0.400 0.127 0.000
0.0 0.0 0.0 1.0 0.0 0.0 0.0 0.0 0.0 0.0 0.206 0.000 0.000 0.000 2.0 0.260 0.183 0.000
0.0 0.0 0.0 1.0 0.0 0.0 0.0 0.0 1.0 0.0 0.176 0.000 0.000 0.000 2.0 0.240 0.169 0.000
0.0 0.0 0.0 0.0 0.0 1.0 0.0 0.0 0.0 0.0 0.824 0.000 0.000 0.000 2.0 1.000 0.732 0.000
0.0 0.0 0.0 1.0 0.0 0.0 0.0 0.0 1.0 0.0 0.824 0.000 0.000 0.000 2.0 0.300 0.732 0.000
0.0 1.0 0.0 0.0 0.0 0.0 0.0 0.0 0.0 0.0 0.794 0.000 0.000 0.000 1.0 1.000 0.732 0.000
0.0 0.0 0.0 1.0 0.0 0.0 0.0 0.0 0.0 0.0 0.765 0.000 0.000 0.000 4.0 0.600 0.732 0.000
0.0 0.0 0.0 0.0 1.0 0.0 0.0 0.0 1.0 0.0 0.118 0.000 0.000 0.000 2.0 0.260 0.056 0.000
0.0 0.0 0.0 1.0 0.0 0.0 0.0 0.0 0.0 0.0 0.147 0.000 0.000 0.000 2.0 0.500 0.197 0.000
0.0 1.0 0.0 0.0 0.0 0.0 0.0 0.0 0.0 0.0 0.735 0.000 0.000 0.000 2.0 0.220 0.718 0.000
0.0 0.0 0.0 1.0 0.0 0.0 0.0 0.0 0.0 0.0 0.706 0.000 0.000 0.000 2.0 0.260 0.704 0.000
0.0 0.0 0.0 1.0 0.0 0.0 0.0 0.0 0.0 1.0 0.794 0.000 0.000 0.000 2.0 0.100 0.789 0.333
0.0 0.0 0.0 1.0 0.0 0.0 0.0 0.0 1.0 0.0 0.206 0.588 0.588 0.588 2.0 0.240 0.239 0.333
0.0 1.0 0.0 0.0 0.0 0.0 0.0 0.0 0.0 0.0 0.765 0.029 0.029 0.029 2.0 0.120 0.789 0.333
0.0 0.0 0.0 0.0 0.0 1.0 0.0 0.0 0.0 0.0 0.735 0.059 0.059 0.059 2.0 0.200 0.775 0.333
0.0 1.0 0.0 0.0 0.0 0.0 0.0 0.0 0.0 0.0 0.706 0.088 0.088 0.088 1.0 0.260 0.718 0.333
0.0 0.0 0.0 0.0 0.0 0.0 0.0 1.0 0.0 0.0 0.471 0.324 0.324 0.324 2.0 0.300 0.366 0.333
1.0 0.0 0.0 0.0 0.0 0.0 0.0 0.0 0.0 0.0 0.441 0.353 0.353 0.353 2.0 0.180 0.352 0.333
0.0 0.0 0.0 0.0 0.0 0.0 0.0 1.0 0.0 0.0 0.265 0.529 0.529 0.529 2.0 0.540 0.282 0.333
0.0 0.0 0.0 1.0 0.0 0.0 0.0 0.0 0.0 0.0 0.735 0.000 0.000 0.000 2.0 0.120 0.859 0.000
0.0 0.0 0.0 1.0 0.0 0.0 0.0 0.0 0.0 0.0 0.706 0.000 0.000 0.000 2.0 0.340 0.859 0.000
0.0 0.0 0.0 0.0 0.0 0.0 0.0 1.0 0.0 0.0 0.529 0.000 0.000 0.000 2.0 0.340 0.479 0.000
0.0 1.0 0.0 0.0 0.0 0.0 0.0 0.0 0.0 0.0 0.471 0.000 0.000 0.000 3.0 0.260 0.380 0.000
0.0 0.0 0.0 1.0 0.0 0.0 0.0 0.0 1.0 0.0 0.206 0.000 0.000 0.000 2.0 0.240 0.239 0.000
0.0 0.0 0.0 1.0 0.0 0.0 0.0 0.0 0.0 0.0 0.765 0.000 0.000 0.000 2.0 0.100 0.887 0.000
0.0 1.0 0.0 0.0 0.0 0.0 0.0 0.0 0.0 0.0 0.235 0.000 0.000 0.000 2.0 0.100 0.254 0.000
0.0 0.0 0.0 1.0 0.0 0.0 0.0 0.0 1.0 0.0 0.206 0.000 0.000 0.000 2.0 0.240 0.239 0.000
0.0 1.0 0.0 0.0 0.0 0.0 0.0 0.0 0.0 0.0 0.735 0.000 0.000 0.000 2.0 0.120 0.873 0.000
0.0 0.0 0.0 1.0 0.0 0.0 0.0 0.0 0.0 0.0 0.706 0.000 0.000 0.000 2.0 0.340 0.859 0.000
0.0 0.0 0.0 0.0 0.0 0.0 0.0 1.0 0.0 0.0 0.588 0.000 0.000 0.000 2.0 0.340 0.507 0.000
0.0 0.0 0.0 0.0 0.0 1.0 0.0 0.0 0.0 0.0 0.353 0.000 0.000 0.000 2.0 0.220 0.310 0.000
0.0 0.0 0.0 0.0 0.0 1.0 0.0 0.0 0.0 0.0 0.324 0.000 0.000 0.000 2.0 0.220 0.310 0.000
0.0 0.0 1.0 0.0 0.0 0.0 0.0 0.0 0.0 0.0 0.324 0.000 0.000 0.000 2.0 0.300 0.296 0.000
0.0 0.0 0.0 1.0 0.0 0.0 0.0 0.0 0.0 0.0 0.735 0.000 0.000 0.000 2.0 0.120 0.873 0.000
0.0 0.0 0.0 1.0 0.0 0.0 0.0 0.0 0.0 0.0 0.706 0.000 0.000 0.000 2.0 0.340 0.873 0.000
0.0 0.0 0.0 0.0 0.0 0.0 0.0 1.0 0.0 0.0 0.647 0.000 0.000 0.000 2.0 0.340 0.549 0.000
0.0 1.0 0.0 0.0 0.0 0.0 0.0 0.0 0.0 0.0 0.412 0.000 0.000 0.000 3.0 0.240 0.310 0.000
0.0 1.0 0.0 0.0 0.0 0.0 0.0 0.0 0.0 0.0 0.382 0.000 0.000 0.000 1.0 0.160 0.296 0.000
0.0 0.0 0.0 1.0 0.0 0.0 0.0 0.0 1.0 0.0 0.206 0.000 0.000 0.000 2.0 0.240 0.239 0.000
0.0 0.0 0.0 1.0 0.0 0.0 0.0 0.0 0.0 0.0 0.765 0.000 0.000 0.000 2.0 0.120 0.901 0.000
0.0 0.0 0.0 1.0 0.0 0.0 0.0 0.0 0.0 0.0 0.735 0.000 0.000 0.000 2.0 0.340 0.901 0.000
0.0 0.0 0.0 0.0 0.0 0.0 0.0 1.0 0.0 0.0 0.706 0.118 0.118 0.118 2.0 0.340 0.606 0.333
0.0 1.0 0.0 0.0 0.0 0.0 0.0 0.0 0.0 0.0 0.382 0.441 0.441 0.441 3.0 0.280 0.338 0.333
0.0 0.0 0.0 1.0 0.0 0.0 0.0 0.0 1.0 0.0 0.206 0.000 0.000 0.000 2.0 0.240 0.239 0.000
0.0 0.0 0.0 1.0 0.0 0.0 0.0 0.0 0.0 0.0 0.824 0.000 0.000 0.000 2.0 0.120 0.915 0.000
0.0 0.0 0.0 1.0 0.0 0.0 0.0 0.0 0.0 0.0 0.794 0.000 0.000 0.000 2.0 0.340 0.915 0.000
0.0 0.0 0.0 0.0 0.0 0.0 1.0 0.0 0.0 0.0 0.765 0.000 0.000 0.000 2.0 0.340 0.648 0.000
0.0 0.0 0.0 0.0 0.0 1.0 0.0 0.0 0.0 0.0 0.382 0.000 0.000 0.000 2.0 0.240 0.324 0.000
0.0 1.0 0.0 0.0 0.0 0.0 0.0 0.0 0.0 0.0 0.353 0.000 0.000 0.000 2.0 0.160 0.324 0.000
0.0 0.0 1.0 0.0 0.0 0.0 0.0 0.0 0.0 0.0 0.324 0.000 0.000 0.000 2.0 0.240 0.310 0.000
0.0 0.0 0.0 0.0 0.0 1.0 0.0 0.0 0.0 0.0 0.324 0.000 0.000 0.000 2.0 0.260 0.310 0.000
0.0 0.0 0.0 0.0 0.0 0.0 1.0 0.0 0.0 0.0 0.294 0.000 0.000 0.000 2.0 0.300 0.310 0.000
0.0 0.0 1.0 0.0 0.0 0.0 0.0 0.0 0.0 0.0 0.265 0.000 0.000 0.000 4.0 0.320 0.282 0.000
0.0 1.0 0.0 0.0 0.0 0.0 0.0 0.0 0.0 0.0 0.147 0.000 0.000 0.000 1.0 0.220 0.085 0.000
0.0 0.0 0.0 1.0 0.0 0.0 0.0 0.0 0.0 0.0 0.118 0.000 0.000 0.000 2.0 0.360 0.099 0.000
0.0 0.0 0.0 1.0 0.0 0.0 0.0 0.0 1.0 0.0 0.235 0.000 0.000 0.000 2.0 0.240 0.169 0.000
0.0 1.0 0.0 0.0 0.0 0.0 0.0 0.0 0.0 0.0 0.147 0.000 0.000 0.000 2.0 0.380 0.127 0.000
0.0 0.0 0.0 1.0 0.0 0.0 0.0 0.0 0.0 0.0 0.235 0.000 0.000 0.000 2.0 0.260 0.169 0.000
0.0 0.0 0.0 1.0 0.0 0.0 0.0 0.0 1.0 0.0 0.206 0.000 0.000 0.000 2.0 0.320 0.141 0.000
0.0 0.0 0.0 1.0 0.0 0.0 0.0 0.0 0.0 0.0 0.118 0.000 0.000 0.000 2.0 0.340 0.085 0.000
0.0 0.0 0.0 1.0 0.0 0.0 0.0 0.0 0.0 0.0 0.735 0.000 0.000 0.000 2.0 0.320 0.592 0.000
0.0 0.0 0.0 1.0 0.0 0.0 0.0 0.0 0.0 0.0 0.706 0.000 0.000 0.000 2.0 0.260 0.592 0.000
0.0 0.0 0.0 1.0 0.0 0.0 0.0 0.0 0.0 0.0 0.676 0.147 0.147 0.147 2.0 0.320 0.535 0.333
0.0 0.0 0.0 0.0 1.0 0.0 0.0 0.0 0.0 0.0 0.647 0.176 0.176 0.176 2.0 0.260 0.535 0.333
0.0 0.0 0.0 0.0 0.0 1.0 0.0 0.0 0.0 0.0 0.353 0.471 0.471 0.471 2.0 0.300 0.296 0.333
0.0 0.0 0.0 1.0 0.0 0.0 0.0 0.0 0.0 0.0 0.618 0.206 0.206 0.206 2.0 0.300 0.507 0.333
0.0 0.0 0.0 1.0 0.0 0.0 0.0 0.0 0.0 0.0 0.588 0.235 0.235 0.235 2.0 0.240 0.493 0.333
0.0 0.0 0.0 1.0 0.0 0.0 0.0 0.0 0.0 0.0 0.324 0.500 0.500 0.500 2.0 0.320 0.296 0.333
0.0 0.0 1.0 0.0 0.0 0.0 0.0 0.0 0.0 0.0 0.559 0.265 0.265 0.265 2.0 0.320 0.465 0.333
0.0 0.0 0.0 1.0 0.0 0.0 0.0 0.0 0.0 0.0 0.529 0.294 0.294 0.294 2.0 0.240 0.451 0.333
0.0 0.0 0.0 1.0 0.0 0.0 0.0 0.0 0.0 0.0 0.500 0.324 0.324 0.324 2.0 0.300 0.366 0.333
0.0 0.0 0.0 1.0 0.0 0.0 0.0 0.0 0.0 0.0 0.471 0.353 0.353 0.353 2.0 0.440 0.366 0.333
0.0 0.0 0.0 1.0 0.0 0.0 0.0 0.0 0.0 0.0 0.441 0.382 0.382 0.382 2.0 0.180 0.366 0.333
0.0 1.0 0.0 0.0 0.0 0.0 0.0 0.0 0.0 0.0 0.412 0.382 0.412 0.397 1.0 0.220 0.338 0.667
0.0 1.0 0.0 0.0 0.0 0.0 0.0 0.0 0.0 0.0 0.265 0.559 0.559 0.559 2.0 0.220 0.282 0.333
0.0 0.0 0.0 1.0 0.0 0.0 0.0 0.0 0.0 0.0 0.412 0.412 0.412 0.412 2.0 0.340 0.352 0.333
0.0 0.0 0.0 1.0 0.0 0.0 0.0 0.0 0.0 0.0 0.235 0.559 0.588 0.574 4.0 0.540 0.268 0.667
0.0 0.0 0.0 1.0 0.0 0.0 0.0 0.0 1.0 0.0 0.206 0.588 0.618 0.603 2.0 0.380 0.141 0.667
0.0 0.0 0.0 1.0 0.0 0.0 0.0 0.0 0.0 0.0 0.118 0.676 0.706 0.691 2.0 0.400 0.085 0.667
0.0 0.0 0.0 1.0 0.0 0.0 0.0 0.0 0.0 0.0 0.382 0.412 0.441 0.426 3.0 0.280 0.338 0.667
1.0 0.0 0.0 0.0 0.0 0.0 0.0 0.0 0.0 0.0 0.294 0.500 0.529 0.515 2.0 0.240 0.310 0.667
0.0 1.0 0.0 0.0 0.0 0.0 0.0 0.0 0.0 0.0 0.294 0.500 0.529 0.515 3.0 0.360 0.324 0.667
0.0 0.0 0.0 1.0 0.0 0.0 0.0 0.0 0.0 0.0 0.353 0.441 0.471 0.456 2.0 0.440 0.338 0.667
0.0 1.0 0.0 0.0 0.0 0.0 0.0 0.0 0.0 0.0 0.324 0.471 0.500 0.485 2.0 0.120 0.324 0.667
0.0 1.0 0.0 0.0 0.0 0.0 0.0 0.0 0.0 0.0 0.294 0.500 0.529 0.515 2.0 0.200 0.310 0.667
0.0 0.0 0.0 1.0 0.0 0.0 0.0 0.0 0.0 0.0 0.265 0.529 0.559 0.544 4.0 0.360 0.296 0.667
0.0 0.0 0.0 1.0 0.0 0.0 0.0 0.0 1.0 0.0 0.235 0.559 0.588 0.574 2.0 0.280 0.169 0.667
0.0 1.0 0.0 0.0 0.0 0.0 0.0 0.0 0.0 0.0 0.147 0.647 0.676 0.662 2.0 0.220 0.113 0.667
0.0 0.0 0.0 1.0 0.0 0.0 0.0 0.0 0.0 0.0 0.118 0.676 0.706 0.691 2.0 0.300 0.099 0.667
0.0 1.0 0.0 0.0 0.0 0.0 0.0 0.0 0.0 0.0 0.441 0.382 0.382 0.382 2.0 0.200 0.352 0.333
0.0 0.0 1.0 0.0 0.0 0.0 0.0 0.0 0.0 0.0 0.412 0.412 0.412 0.412 2.0 0.220 0.338 0.333
0.0 1.0 0.0 0.0 0.0 0.0 0.0 0.0 0.0 0.0 0.265 0.559 0.559 0.559 2.0 0.180 0.197 0.333
0.0 0.0 0.0 1.0 0.0 0.0 0.0 0.0 0.0 0.0 0.441 0.382 0.382 0.382 2.0 0.300 0.338 0.333
0.0 0.0 0.0 1.0 0.0 0.0 0.0 0.0 0.0 0.0 0.235 0.588 0.588 0.588 3.0 0.440 0.183 0.333
0.0 0.0 0.0 1.0 0.0 0.0 0.0 0.0 1.0 0.0 0.206 0.618 0.618 0.618 2.0 0.340 0.141 0.333
0.0 1.0 0.0 0.0 0.0 0.0 0.0 0.0 0.0 0.0 0.412 0.412 0.412 0.412 2.0 0.200 0.338 0.333
0.0 0.0 1.0 0.0 0.0 0.0 0.0 0.0 0.0 0.0 0.382 0.441 0.441 0.441 3.0 0.260 0.324 0.333
0.0 0.0 0.0 1.0 0.0 0.0 0.0 0.0 0.0 0.0 0.353 0.471 0.471 0.471 2.0 0.440 0.324 0.333
0.0 1.0 0.0 0.0 0.0 0.0 0.0 0.0 0.0 0.0 0.324 0.500 0.500 0.500 2.0 0.120 0.310 0.333
0.0 1.0 0.0 0.0 0.0 0.0 0.0 0.0 0.0 0.0 0.294 0.529 0.529 0.529 2.0 0.180 0.296 0.333
0.0 1.0 0.0 0.0 0.0 0.0 0.0 0.0 0.0 0.0 0.294 0.529 0.529 0.529 3.0 0.340 0.310 0.333
1.0 0.0 0.0 0.0 0.0 0.0 0.0 0.0 0.0 0.0 0.294 0.529 0.529 0.529 2.0 0.220 0.296 0.333
0.0 0.0 0.0 1.0 0.0 0.0 0.0 0.0 0.0 0.0 0.265 0.559 0.559 0.559 3.0 0.340 0.282 0.333
0.0 0.0 0.0 1.0 0.0 0.0 0.0 0.0 1.0 0.0 0.235 0.588 0.588 0.588 2.0 0.260 0.169 0.333
0.0 0.0 0.0 0.0 1.0 0.0 0.0 0.0 0.0 0.0 0.324 0.500 0.500 0.500 2.0 0.260 0.310 0.333
0.0 1.0 0.0 0.0 0.0 0.0 0.0 0.0 0.0 0.0 0.265 0.559 0.559 0.559 2.0 0.260 0.169 0.333
0.0 0.0 0.0 1.0 0.0 0.0 0.0 0.0 0.0 0.0 0.235 0.588 0.588 0.588 4.0 0.460 0.155 0.333
0.0 0.0 0.0 1.0 0.0 0.0 0.0 0.0 1.0 0.0 0.206 0.618 0.618 0.618 2.0 0.380 0.141 0.333
0.0 0.0 0.0 1.0 0.0 0.0 0.0 0.0 0.0 0.0 0.118 0.706 0.706 0.706 2.0 0.360 0.085 0.333
0.0 0.0 0.0 0.0 0.0 0.0 1.0 0.0 0.0 0.0 0.294 0.529 0.529 0.529 2.0 0.420 0.296 0.333
0.0 0.0 0.0 0.0 0.0 1.0 0.0 0.0 0.0 0.0 0.265 0.559 0.559 0.559 4.0 0.360 0.282 0.333
0.0 0.0 0.0 0.0 0.0 1.0 0.0 0.0 0.0 0.0 0.206 0.618 0.618 0.618 2.0 0.220 0.169 0.333
0.0 1.0 0.0 0.0 0.0 0.0 0.0 0.0 1.0 0.0 0.029 0.794 0.794 0.794 1.0 0.140 0.014 0.333
0.0 1.0 0.0 0.0 0.0 0.0 0.0 0.0 0.0 0.0 0.235 0.588 0.588 0.588 1.0 0.180 0.211 0.333
0.0 0.0 0.0 0.0 0.0 1.0 0.0 0.0 0.0 0.0 0.147 0.676 0.676 0.676 2.0 0.260 0.099 0.333
0.0 0.0 0.0 1.0 0.0 0.0 0.0 0.0 0.0 0.0 0.353 0.471 0.471 0.471 2.0 0.300 0.296 0.333
0.0 0.0 0.0 1.0 0.0 0.0 0.0 0.0 0.0 0.0 0.235 0.588 0.588 0.588 3.0 0.360 0.183 0.333
0.0 0.0 0.0 1.0 0.0 0.0 0.0 0.0 1.0 0.0 0.206 0.618 0.618 0.618 2.0 0.340 0.141 0.333
0.0 0.0 0.0 1.0 0.0 0.0 0.0 0.0 0.0 0.0 0.118 0.706 0.706 0.706 2.0 0.360 0.085 0.333
0.0 0.0 0.0 0.0 0.0 0.0 0.0 1.0 0.0 0.0 0.324 0.500 0.500 0.500 2.0 0.360 0.296 0.333
0.0 1.0 0.0 0.0 0.0 0.0 0.0 0.0 0.0 0.0 0.147 0.647 0.676 0.662 1.0 0.680 0.113 0.667
0.0 0.0 0.0 1.0 0.0 0.0 0.0 0.0 0.0 0.0 0.294 0.529 0.529 0.529 3.0 0.340 0.282 0.333
0.0 0.0 0.0 0.0 0.0 1.0 0.0 0.0 0.0 0.0 0.265 0.559 0.559 0.559 3.0 0.300 0.254 0.333
0.0 0.0 0.0 0.0 0.0 1.0 0.0 0.0 0.0 0.0 0.147 0.676 0.676 0.676 2.0 0.220 0.099 0.333
0.0 1.0 0.0 0.0 0.0 0.0 0.0 0.0 0.0 0.0 0.118 0.706 0.706 0.706 1.0 0.280 0.070 0.333
0.0 1.0 0.0 0.0 0.0 0.0 0.0 0.0 0.0 0.0 0.235 0.588 0.588 0.588 1.0 0.160 0.211 0.333
0.0 0.0 0.0 1.0 0.0 0.0 0.0 0.0 1.0 0.0 0.235 0.588 0.588 0.588 2.0 0.220 0.169 0.333
0.0 0.0 0.0 1.0 0.0 0.0 0.0 0.0 0.0 0.0 0.353 0.471 0.471 0.471 2.0 0.240 0.324 0.333
0.0 0.0 0.0 0.0 0.0 0.0 1.0 0.0 0.0 0.0 0.324 0.500 0.500 0.500 2.0 0.260 0.310 0.333
0.0 1.0 0.0 0.0 0.0 0.0 0.0 0.0 0.0 0.0 0.265 0.559 0.559 0.559 2.0 0.200 0.211 0.333
0.0 0.0 0.0 1.0 0.0 0.0 0.0 0.0 0.0 0.0 0.353 0.471 0.471 0.471 2.0 0.320 0.310 0.333
0.0 0.0 0.0 1.0 0.0 0.0 0.0 0.0 0.0 0.0 0.235 0.588 0.588 0.588 3.0 0.320 0.197 0.333
0.0 0.0 0.0 1.0 0.0 0.0 0.0 0.0 1.0 0.0 0.206 0.618 0.618 0.618 2.0 0.340 0.141 0.333
0.0 0.0 0.0 1.0 0.0 0.0 0.0 0.0 0.0 0.0 0.176 0.618 0.647 0.632 2.0 0.640 0.127 0.667
0.0 0.0 0.0 0.0 0.0 1.0 0.0 0.0 0.0 0.0 0.147 0.647 0.676 0.662 3.0 0.680 0.127 0.667
0.0 0.0 0.0 0.0 0.0 1.0 0.0 0.0 1.0 0.0 0.118 0.676 0.706 0.691 3.0 0.400 0.085 0.667
0.0 0.0 0.0 1.0 0.0 0.0 0.0 0.0 1.0 0.0 0.118 0.706 0.706 0.706 2.0 0.260 0.070 0.333
0.0 0.0 0.0 0.0 0.0 0.0 0.0 1.0 0.0 0.0 0.324 0.500 0.500 0.500 2.0 0.260 0.310 0.333
0.0 1.0 0.0 0.0 0.0 0.0 0.0 0.0 0.0 0.0 0.147 0.676 0.676 0.676 2.0 0.400 0.127 0.333
0.0 0.0 0.0 1.0 0.0 0.0 0.0 0.0 0.0 0.0 0.118 0.676 0.706 0.691 4.0 0.980 0.113 0.667
0.0 0.0 0.0 1.0 0.0 0.0 0.0 0.0 0.0 0.0 0.059 0.735 0.765 0.750 2.0 0.560 0.056 0.667
0.0 0.0 0.0 1.0 0.0 0.0 0.0 0.0 1.0 0.0 0.059 0.735 0.765 0.750 2.0 0.340 0.028 0.667
0.0 0.0 0.0 1.0 0.0 0.0 0.0 0.0 0.0 0.0 0.294 0.529 0.529 0.529 4.0 0.420 0.282 0.333
0.0 0.0 0.0 0.0 0.0 1.0 0.0 0.0 0.0 0.0 0.265 0.559 0.559 0.559 2.0 0.220 0.282 0.333
0.0 0.0 1.0 0.0 0.0 0.0 0.0 0.0 1.0 0.0 0.206 0.618 0.618 0.618 2.0 0.260 0.211 0.333
0.0 0.0 1.0 0.0 0.0 0.0 0.0 0.0 1.0 0.0 0.235 0.588 0.588 0.588 2.0 0.200 0.169 0.333
0.0 1.0 0.0 0.0 0.0 0.0 0.0 0.0 0.0 0.0 0.206 0.588 0.618 0.603 1.0 0.280 0.155 0.667
0.0 0.0 0.0 0.0 0.0 1.0 0.0 0.0 1.0 0.0 0.176 0.618 0.647 0.632 2.0 0.340 0.155 0.667
0.0 0.0 0.0 1.0 0.0 0.0 0.0 0.0 0.0 0.0 0.147 0.647 0.676 0.662 3.0 0.480 0.155 0.667
0.0 0.0 1.0 0.0 0.0 0.0 0.0 0.0 0.0 0.0 0.118 0.676 0.706 0.691 2.0 0.580 0.127 0.667
0.0 0.0 0.0 1.0 0.0 0.0 0.0 0.0 0.0 0.0 0.088 0.706 0.735 0.721 3.0 0.480 0.099 0.667
0.0 1.0 0.0 0.0 0.0 0.0 0.0 0.0 0.0 0.0 0.059 0.735 0.765 0.750 1.0 0.300 0.028 0.667
0.0 0.0 0.0 1.0 0.0 0.0 0.0 0.0 0.0 0.0 0.088 0.706 0.735 0.721 3.0 0.740 0.085 0.667
0.0 1.0 0.0 0.0 0.0 0.0 0.0 0.0 1.0 0.0 0.029 0.765 0.794 0.779 1.0 0.220 0.014 0.667
0.0 1.0 0.0 0.0 0.0 0.0 0.0 0.0 0.0 0.0 0.059 0.735 0.765 0.750 1.0 0.400 0.028 0.667
0.0 1.0 0.0 0.0 0.0 0.0 0.0 0.0 0.0 0.0 0.118 0.676 0.706 0.691 1.0 0.300 0.056 0.667
0.0 0.0 0.0 0.0 0.0 1.0 0.0 0.0 1.0 0.0 0.088 0.706 0.735 0.721 2.0 0.440 0.056 0.667
0.0 0.0 0.0 1.0 0.0 0.0 0.0 0.0 1.0 0.0 0.118 0.706 0.706 0.706 2.0 0.280 0.085 0.333
0.0 0.0 0.0 0.0 0.0 1.0 0.0 0.0 0.0 0.0 0.088 0.706 0.735 0.721 2.0 0.560 0.070 0.667
0.0 0.0 0.0 1.0 0.0 0.0 0.0 0.0 0.0 0.0 0.059 0.735 0.765 0.750 3.0 0.700 0.042 0.667
0.0 1.0 0.0 0.0 0.0 0.0 0.0 0.0 0.0 0.0 0.147 0.647 0.676 0.662 1.0 0.560 0.070 0.667
0.0 0.0 0.0 0.0 0.0 1.0 0.0 0.0 1.0 0.0 0.118 0.676 0.706 0.691 3.0 0.280 0.070 0.667
0.0 1.0 0.0 0.0 0.0 0.0 0.0 0.0 0.0 0.0 0.088 0.706 0.735 0.721 1.0 0.420 0.042 0.667
0.0 0.0 0.0 0.0 0.0 1.0 0.0 0.0 0.0 0.0 0.059 0.735 0.765 0.750 2.0 0.660 0.042 0.667
0.0 0.0 0.0 0.0 0.0 1.0 0.0 0.0 0.0 0.0 0.676 0.118 0.118 0.118 3.0 0.800 0.718 0.333
0.0 0.0 0.0 1.0 0.0 0.0 0.0 0.0 1.0 0.0 0.206 0.000 0.000 0.000 2.0 0.240 0.239 0.000
0.0 0.0 1.0 0.0 0.0 0.0 0.0 0.0 0.0 0.0 0.176 0.618 0.618 0.618 2.0 0.580 0.225 0.333
0.0 0.0 0.0 1.0 0.0 0.0 0.0 0.0 0.0 0.0 0.059 0.735 0.735 0.735 2.0 0.580 0.056 0.333
0.0 0.0 0.0 1.0 0.0 0.0 0.0 0.0 0.0 0.0 0.794 0.000 0.000 0.000 4.0 0.260 0.761 0.000
0.0 0.0 0.0 0.0 0.0 1.0 0.0 0.0 0.0 0.0 0.206 0.000 0.000 0.000 3.0 0.340 0.239 0.000
0.0 0.0 1.0 0.0 0.0 0.0 0.0 0.0 0.0 0.0 0.176 0.000 0.000 0.000 3.0 0.540 0.225 0.000
0.0 0.0 0.0 0.0 0.0 1.0 0.0 0.0 1.0 0.0 0.088 0.735 0.735 0.735 3.0 0.520 0.070 0.333
0.0 1.0 0.0 0.0 0.0 0.0 0.0 0.0 0.0 0.0 0.059 0.765 0.765 0.765 1.0 0.260 0.028 0.333
0.0 0.0 0.0 0.0 0.0 1.0 0.0 0.0 0.0 0.0 0.118 0.000 0.000 0.000 2.0 0.320 0.070 0.000
0.0 1.0 0.0 0.0 0.0 0.0 0.0 0.0 0.0 0.0 0.765 0.000 0.000 0.000 2.0 0.160 0.746 0.000
0.0 0.0 0.0 0.0 0.0 1.0 0.0 0.0 0.0 0.0 0.735 0.000 0.000 0.000 2.0 0.260 0.732 0.000
0.0 0.0 0.0 1.0 0.0 0.0 0.0 0.0 0.0 0.0 0.088 0.000 0.000 0.000 2.0 0.300 0.056 0.000
0.0 0.0 0.0 1.0 0.0 0.0 0.0 0.0 1.0 0.0 0.059 0.000 0.000 0.000 3.0 0.280 0.070 0.000
0.0 1.0 0.0 0.0 0.0 0.0 0.0 0.0 0.0 0.0 0.882 0.000 0.000 0.000 2.0 0.120 0.775 0.000
0.0 0.0 0.0 1.0 0.0 0.0 0.0 0.0 0.0 0.0 0.853 0.000 0.000 0.000 4.0 0.320 0.761 0.000
0.0 0.0 0.0 1.0 0.0 0.0 0.0 0.0 1.0 0.0 0.824 0.000 0.000 0.000 2.0 0.160 0.746 0.000
0.0 1.0 0.0 0.0 0.0 0.0 0.0 0.0 0.0 0.0 0.794 0.000 0.000 0.000 2.0 0.120 0.746 0.000
0.0 0.0 0.0 1.0 0.0 0.0 0.0 0.0 0.0 0.0 0.765 0.000 0.000 0.000 2.0 0.180 0.732 0.000
0.0 0.0 0.0 0.0 1.0 0.0 0.0 0.0 0.0 0.0 0.735 0.000 0.000 0.000 2.0 0.280 0.732 0.000
0.0 1.0 0.0 0.0 0.0 0.0 0.0 0.0 0.0 0.0 0.706 0.118 0.118 0.118 2.0 0.320 0.718 0.333
0.0 1.0 0.0 0.0 0.0 0.0 0.0 0.0 0.0 0.0 0.676 0.147 0.147 0.147 1.0 0.460 0.704 0.333
0.0 0.0 0.0 1.0 0.0 0.0 0.0 0.0 0.0 0.0 0.059 0.000 0.000 0.000 2.0 0.420 0.042 0.000
0.0 0.0 0.0 0.0 1.0 0.0 0.0 0.0 1.0 0.0 0.118 0.000 0.000 0.000 3.0 0.240 0.056 0.000
0.0 1.0 0.0 0.0 0.0 0.0 0.0 0.0 0.0 0.0 0.088 0.706 0.735 0.721 1.0 0.680 0.028 0.667
0.0 0.0 0.0 0.0 0.0 1.0 0.0 0.0 1.0 0.0 0.059 0.735 0.765 0.750 2.0 0.520 0.028 0.667
0.0 0.0 0.0 1.0 0.0 0.0 0.0 0.0 0.0 0.0 0.088 0.706 0.735 0.721 2.0 0.680 0.070 0.667
0.0 0.0 0.0 1.0 0.0 0.0 0.0 0.0 0.0 0.0 0.676 0.000 0.000 0.000 4.0 0.640 0.718 0.000
0.0 0.0 0.0 1.0 0.0 0.0 0.0 0.0 0.0 0.0 0.647 0.147 0.176 0.162 3.0 0.600 0.704 0.667
0.0 0.0 0.0 1.0 0.0 0.0 0.0 0.0 0.0 0.0 0.618 0.176 0.206 0.191 4.0 0.320 0.648 0.667
0.0 1.0 0.0 0.0 0.0 0.0 0.0 0.0 0.0 0.0 0.059 0.735 0.765 0.750 2.0 0.180 0.028 0.667
0.0 1.0 0.0 0.0 0.0 0.0 0.0 0.0 0.0 0.0 0.059 0.735 0.765 0.750 2.0 0.180 0.028 0.667
0.0 1.0 0.0 0.0 0.0 0.0 0.0 0.0 0.0 0.0 0.588 0.206 0.235 0.221 2.0 0.180 0.620 0.667
0.0 0.0 0.0 1.0 0.0 0.0 0.0 0.0 0.0 0.0 0.559 0.235 0.265 0.250 2.0 0.180 0.606 0.667
0.0 0.0 0.0 1.0 0.0 0.0 0.0 0.0 1.0 0.0 0.235 0.559 0.588 0.574 2.0 0.140 0.113 0.667
0.0 0.0 0.0 1.0 0.0 0.0 0.0 0.0 0.0 0.0 0.206 0.588 0.618 0.603 2.0 0.140 0.113 0.667
0.0 0.0 0.0 1.0 0.0 0.0 0.0 0.0 1.0 0.0 0.176 0.618 0.647 0.632 2.0 0.120 0.099 0.667
0.0 1.0 0.0 0.0 0.0 0.0 0.0 0.0 0.0 0.0 0.147 0.647 0.676 0.662 2.0 0.360 0.085 0.667
0.0 0.0 0.0 1.0 0.0 0.0 0.0 0.0 1.0 0.0 0.176 0.618 0.647 0.632 2.0 0.180 0.085 0.667
0.0 0.0 0.0 1.0 0.0 0.0 0.0 0.0 0.0 0.0 0.529 0.265 0.294 0.279 3.0 0.320 0.577 0.667
0.0 0.0 0.0 1.0 0.0 0.0 0.0 0.0 1.0 0.0 0.147 0.647 0.676 0.662 3.0 0.500 0.085 0.667
0.0 0.0 0.0 1.0 0.0 0.0 0.0 0.0 0.0 0.0 0.500 0.294 0.324 0.309 3.0 0.260 0.563 0.667
0.0 1.0 0.0 0.0 0.0 0.0 0.0 0.0 0.0 0.0 0.471 0.324 0.353 0.338 2.0 0.180 0.507 0.667
0.0 0.0 0.0 1.0 0.0 0.0 0.0 0.0 0.0 0.0 0.441 0.353 0.382 0.368 3.0 0.220 0.493 0.667
0.0 1.0 0.0 0.0 0.0 0.0 0.0 0.0 0.0 0.0 0.294 0.500 0.529 0.515 2.0 0.160 0.296 0.667
0.0 0.0 0.0 0.0 1.0 0.0 0.0 0.0 0.0 0.0 0.265 0.529 0.559 0.544 2.0 0.260 0.282 0.667
0.0 0.0 0.0 1.0 0.0 0.0 0.0 0.0 0.0 0.0 0.412 0.382 0.412 0.397 3.0 0.340 0.423 0.667
0.0 0.0 0.0 1.0 0.0 0.0 0.0 0.0 0.0 0.0 0.382 0.412 0.441 0.426 2.0 0.200 0.394 0.667
0.0 0.0 0.0 0.0 1.0 0.0 0.0 0.0 0.0 0.0 0.353 0.441 0.471 0.456 2.0 0.240 0.366 0.667
0.0 1.0 0.0 0.0 0.0 0.0 0.0 0.0 0.0 0.0 0.265 0.529 0.559 0.544 2.0 0.160 0.282 0.667
0.0 0.0 0.0 1.0 0.0 0.0 0.0 0.0 0.0 0.0 0.235 0.559 0.588 0.574 3.0 0.260 0.268 0.667
0.0 0.0 0.0 1.0 0.0 0.0 0.0 0.0 1.0 0.0 0.029 0.765 0.794 0.779 2.0 0.100 0.028 0.667
0.0 0.0 0.0 1.0 0.0 0.0 0.0 0.0 1.0 0.0 0.206 0.588 0.618 0.603 2.0 0.320 0.211 0.667
0.0 0.0 0.0 1.0 0.0 0.0 0.0 0.0 0.0 0.0 0.265 0.529 0.559 0.544 4.0 0.380 0.282 0.667
0.0 0.0 0.0 1.0 0.0 0.0 0.0 0.0 0.0 0.0 0.235 0.559 0.588 0.574 3.0 0.340 0.268 0.667
0.0 0.0 0.0 1.0 0.0 0.0 0.0 0.0 1.0 0.0 0.206 0.588 0.618 0.603 2.0 0.340 0.211 0.667
0.0 0.0 0.0 1.0 0.0 0.0 0.0 0.0 1.0 0.0 0.029 0.765 0.794 0.779 2.0 0.120 0.028 0.667
0.0 0.0 0.0 1.0 0.0 0.0 0.0 0.0 1.0 0.0 0.176 0.618 0.647 0.632 2.0 0.280 0.183 0.667
0.0 0.0 0.0 1.0 0.0 0.0 0.0 0.0 1.0 0.0 0.147 0.647 0.676 0.662 2.0 0.420 0.085 0.667
0.0 0.0 0.0 1.0 0.0 0.0 0.0 0.0 0.0 0.0 0.353 0.441 0.471 0.456 3.0 0.320 0.366 0.667
0.0 0.0 1.0 0.0 0.0 0.0 0.0 0.0 0.0 0.0 0.206 0.588 0.618 0.603 2.0 0.220 0.239 0.667
0.0 0.0 0.0 1.0 0.0 0.0 0.0 0.0 1.0 0.0 0.176 0.618 0.647 0.632 2.0 0.260 0.183 0.667
0.0 0.0 0.0 1.0 0.0 0.0 0.0 0.0 1.0 0.0 0.147 0.647 0.676 0.662 2.0 0.400 0.085 0.667
0.0 0.0 0.0 1.0 0.0 0.0 0.0 0.0 0.0 0.0 0.324 0.471 0.500 0.485 3.0 0.300 0.352 0.667
0.0 1.0 0.0 0.0 0.0 0.0 0.0 0.0 0.0 0.0 0.294 0.500 0.529 0.515 2.0 0.180 0.296 0.667
0.0 0.0 0.0 1.0 0.0 0.0 0.0 0.0 0.0 0.0 0.265 0.529 0.559 0.544 2.0 0.220 0.282 0.667
0.0 0.0 0.0 1.0 0.0 0.0 0.0 0.0 0.0 0.0 0.235 0.559 0.588 0.574 3.0 0.320 0.268 0.667
0.0 0.0 0.0 1.0 0.0 0.0 0.0 0.0 1.0 0.0 0.176 0.618 0.647 0.632 2.0 0.260 0.183 0.667
0.0 0.0 0.0 1.0 0.0 0.0 0.0 0.0 1.0 0.0 0.147 0.647 0.676 0.662 2.0 0.400 0.085 0.667
0.0 1.0 0.0 0.0 0.0 0.0 0.0 0.0 0.0 0.0 0.265 0.529 0.559 0.544 2.0 0.200 0.282 0.667
0.0 0.0 0.0 1.0 0.0 0.0 0.0 0.0 0.0 0.0 0.235 0.559 0.588 0.574 3.0 0.260 0.268 0.667
0.0 0.0 0.0 1.0 0.0 0.0 0.0 0.0 1.0 0.0 0.029 0.765 0.794 0.779 2.0 0.100 0.028 0.667
0.0 0.0 0.0 1.0 0.0 0.0 0.0 0.0 1.0 0.0 0.206 0.588 0.618 0.603 2.0 0.420 0.211 0.667
0.0 0.0 0.0 0.0 1.0 0.0 0.0 0.0 0.0 0.0 0.265 0.529 0.559 0.544 2.0 0.260 0.282 0.667
0.0 0.0 1.0 0.0 0.0 0.0 0.0 0.0 0.0 0.0 0.235 0.559 0.588 0.574 2.0 0.200 0.254 0.667
0.0 0.0 0.0 1.0 0.0 0.0 0.0 0.0 1.0 0.0 0.147 0.647 0.676 0.662 2.0 0.400 0.085 0.667
0.0 1.0 0.0 0.0 0.0 0.0 0.0 0.0 0.0 0.0 0.206 0.588 0.618 0.603 2.0 0.140 0.197 0.667
0.0 0.0 1.0 0.0 0.0 0.0 0.0 0.0 1.0 0.0 0.176 0.618 0.647 0.632 2.0 0.220 0.183 0.667
0.0 0.0 0.0 1.0 0.0 0.0 0.0 0.0 0.0 0.0 0.235 0.559 0.588 0.574 3.0 0.300 0.268 0.667
0.0 0.0 0.0 1.0 0.0 0.0 0.0 0.0 1.0 0.0 0.206 0.588 0.618 0.603 2.0 0.420 0.211 0.667
0.0 0.0 0.0 1.0 0.0 0.0 0.0 0.0 1.0 0.0 0.029 0.765 0.794 0.779 2.0 0.120 0.028 0.667
0.0 1.0 0.0 0.0 0.0 0.0 0.0 0.0 0.0 0.0 0.324 0.471 0.500 0.485 2.0 0.160 0.310 0.667
0.0 0.0 0.0 1.0 0.0 0.0 0.0 0.0 0.0 0.0 0.294 0.500 0.529 0.515 2.0 0.200 0.296 0.667
0.0 0.0 0.0 1.0 0.0 0.0 0.0 0.0 0.0 0.0 0.294 0.500 0.529 0.515 2.0 0.220 0.296 0.667
0.0 0.0 0.0 1.0 0.0 0.0 0.0 0.0 0.0 0.0 0.235 0.559 0.588 0.574 3.0 0.340 0.268 0.667
0.0 1.0 0.0 0.0 0.0 0.0 0.0 0.0 0.0 0.0 0.265 0.529 0.559 0.544 1.0 0.140 0.268 0.667
0.0 0.0 0.0 0.0 1.0 0.0 0.0 0.0 0.0 0.0 0.294 0.500 0.529 0.515 2.0 0.240 0.296 0.667
0.0 1.0 0.0 0.0 0.0 0.0 0.0 0.0 0.0 0.0 0.265 0.529 0.559 0.544 2.0 0.200 0.282 0.667
0.0 0.0 0.0 1.0 0.0 0.0 0.0 0.0 0.0 0.0 0.235 0.559 0.588 0.574 3.0 0.240 0.268 0.667
0.0 0.0 0.0 0.0 0.0 1.0 0.0 0.0 0.0 0.0 0.176 0.618 0.647 0.632 2.0 0.760 0.225 0.667
0.0 0.0 0.0 1.0 0.0 0.0 0.0 0.0 1.0 0.0 0.206 0.588 0.618 0.603 2.0 0.280 0.211 0.667
0.0 0.0 0.0 1.0 0.0 0.0 0.0 0.0 1.0 0.0 0.029 0.765 0.794 0.779 2.0 0.100 0.028 0.667
0.0 0.0 0.0 1.0 0.0 0.0 0.0 0.0 0.0 0.0 0.235 0.559 0.588 0.574 3.0 0.320 0.268 0.667
0.0 1.0 0.0 0.0 0.0 0.0 0.0 0.0 0.0 0.0 0.206 0.588 0.618 0.603 2.0 0.660 0.211 0.667
0.0 0.0 0.0 1.0 0.0 0.0 0.0 0.0 1.0 0.0 0.176 0.618 0.647 0.632 2.0 0.280 0.183 0.667
0.0 0.0 0.0 1.0 0.0 0.0 0.0 0.0 1.0 0.0 0.147 0.647 0.676 0.662 2.0 0.420 0.085 0.667
0.0 0.0 0.0 1.0 0.0 0.0 0.0 0.0 0.0 0.0 0.265 0.529 0.559 0.544 4.0 0.420 0.296 0.667
0.0 0.0 0.0 1.0 0.0 0.0 0.0 0.0 1.0 0.0 0.029 0.765 0.794 0.779 2.0 0.400 0.028 0.667
0.0 0.0 0.0 1.0 0.0 0.0 0.0 0.0 1.0 0.0 0.206 0.588 0.618 0.603 2.0 0.440 0.211 0.667
0.0 1.0 0.0 0.0 0.0 0.0 0.0 0.0 0.0 0.0 0.235 0.559 0.588 0.574 2.0 0.220 0.268 0.667
0.0 0.0 0.0 1.0 0.0 0.0 0.0 0.0 0.0 0.0 0.206 0.588 0.618 0.603 2.0 0.160 0.254 0.667
0.0 0.0 0.0 1.0 0.0 0.0 0.0 0.0 1.0 0.0 0.176 0.618 0.647 0.632 2.0 0.240 0.183 0.667
0.0 0.0 0.0 0.0 0.0 1.0 0.0 0.0 1.0 0.0 0.147 0.647 0.676 0.662 3.0 0.520 0.183 0.667
0.0 1.0 0.0 0.0 0.0 0.0 0.0 0.0 0.0 0.0 0.176 0.618 0.647 0.632 2.0 0.120 0.099 0.667
0.0 0.0 1.0 0.0 0.0 0.0 0.0 0.0 1.0 0.0 0.147 0.647 0.676 0.662 2.0 0.360 0.085 0.667
0.0 0.0 0.0 0.0 0.0 1.0 0.0 0.0 0.0 0.0 0.265 0.529 0.559 0.544 2.0 0.240 0.127 0.667
0.0 0.0 0.0 0.0 0.0 1.0 0.0 0.0 1.0 0.0 0.235 0.559 0.588 0.574 2.0 0.140 0.127 0.667
0.0 1.0 0.0 0.0 0.0 0.0 0.0 0.0 0.0 0.0 0.206 0.588 0.618 0.603 3.0 0.140 0.127 0.667
0.0 0.0 0.0 0.0 0.0 1.0 0.0 0.0 0.0 0.0 0.176 0.618 0.647 0.632 2.0 0.200 0.113 0.667
0.0 0.0 0.0 0.0 0.0 1.0 0.0 0.0 1.0 0.0 0.088 0.706 0.735 0.721 2.0 0.120 0.042 0.667
0.0 1.0 0.0 0.0 0.0 0.0 0.0 0.0 0.0 0.0 0.059 0.735 0.765 0.750 2.0 0.120 0.028 0.667
0.0 1.0 0.0 0.0 0.0 0.0 0.0 0.0 1.0 0.0 0.029 0.765 0.794 0.779 1.0 0.180 0.014 0.667
1.0 0.0 0.0 0.0 0.0 0.0 0.0 0.0 0.0 0.0 0.176 0.618 0.647 0.632 2.0 0.160 0.085 0.667
0.0 1.0 0.0 0.0 0.0 0.0 0.0 0.0 0.0 0.0 0.147 0.647 0.676 0.662 4.0 0.540 0.099 0.667
0.0 1.0 0.0 0.0 0.0 0.0 0.0 0.0 1.0 0.0 0.029 0.765 0.794 0.779 1.0 0.200 0.014 0.667
0.0 1.0 0.0 0.0 0.0 0.0 0.0 0.0 0.0 0.0 0.235 0.559 0.588 0.574 4.0 0.440 0.127 0.667
0.0 0.0 0.0 1.0 0.0 0.0 0.0 0.0 1.0 0.0 0.206 0.588 0.618 0.603 2.0 0.160 0.099 0.667
0.0 0.0 0.0 1.0 0.0 0.0 0.0 0.0 0.0 0.0 0.176 0.618 0.647 0.632 2.0 0.240 0.085 0.667
0.0 1.0 0.0 0.0 0.0 0.0 0.0 0.0 0.0 0.0 0.147 0.647 0.676 0.662 2.0 0.380 0.085 0.667
0.0 1.0 0.0 0.0 0.0 0.0 0.0 0.0 1.0 0.0 0.235 0.559 0.588 0.574 4.0 0.260 0.141 0.667
0.0 0.0 0.0 1.0 0.0 0.0 0.0 0.0 0.0 0.0 0.147 0.647 0.676 0.662 2.0 0.260 0.085 0.667
0.0 1.0 0.0 0.0 0.0 0.0 0.0 0.0 0.0 0.0 0.118 0.676 0.706 0.691 2.0 0.140 0.085 0.667
0.0 0.0 0.0 1.0 0.0 0.0 0.0 0.0 0.0 0.0 0.088 0.706 0.735 0.721 2.0 0.340 0.070 0.667
0.0 0.0 0.0 0.0 0.0 1.0 0.0 0.0 0.0 0.0 0.206 0.588 0.618 0.603 2.0 0.200 0.099 0.667
0.0 0.0 0.0 0.0 0.0 1.0 0.0 0.0 0.0 0.0 0.147 0.647 0.676 0.662 2.0 0.440 0.085 0.667
0.0 0.0 0.0 0.0 0.0 1.0 0.0 0.0 0.0 0.0 0.118 0.676 0.706 0.691 2.0 0.180 0.070 0.667
0.0 1.0 0.0 0.0 0.0 0.0 0.0 0.0 0.0 0.0 0.088 0.706 0.735 0.721 1.0 0.280 0.042 0.667
0.0 1.0 0.0 0.0 0.0 0.0 0.0 0.0 0.0 0.0 0.059 0.735 0.765 0.750 1.0 0.280 0.028 0.667
0.0 1.0 0.0 0.0 0.0 0.0 0.0 0.0 1.0 0.0 0.029 0.765 0.794 0.779 2.0 0.660 0.028 0.667
0.0 1.0 0.0 0.0 0.0 0.0 0.0 0.0 0.0 0.0 0.176 0.618 0.647 0.632 3.0 0.320 0.085 0.667
0.0 1.0 0.0 0.0 0.0 0.0 0.0 0.0 0.0 0.0 0.147 0.647 0.676 0.662 1.0 0.500 0.070 0.667
0.0 0.0 0.0 1.0 0.0 0.0 0.0 0.0 0.0 0.0 0.118 0.676 0.706 0.691 2.0 0.880 0.070 0.667
0.0 0.0 0.0 1.0 0.0 0.0 0.0 0.0 0.0 0.0 0.059 0.735 0.765 0.750 2.0 0.460 0.028 0.667
0.0 1.0 0.0 0.0 0.0 0.0 0.0 0.0 1.0 0.0 0.029 0.765 0.794 0.779 1.0 0.440 0.014 0.667
0.0 1.0 0.0 0.0 0.0 0.0 0.0 0.0 0.0 0.0 0.088 0.706 0.735 0.721 1.0 0.720 0.056 0.667
0.0 1.0 0.0 0.0 0.0 0.0 0.0 0.0 0.0 0.0 0.147 0.647 0.676 0.662 2.0 0.500 0.169 0.667
0.0 0.0 0.0 1.0 0.0 0.0 0.0 0.0 0.0 0.0 0.118 0.000 0.000 0.000 3.0 0.200 0.070 0.000
0.0 0.0 0.0 1.0 0.0 0.0 0.0 0.0 0.0 0.0 0.088 0.000 0.000 0.000 2.0 0.340 0.042 0.000
0.0 1.0 0.0 0.0 0.0 0.0 0.0 0.0 1.0 0.0 0.029 0.765 0.794 0.779 1.0 0.260 0.014 0.667
0.0 0.0 0.0 1.0 0.0 0.0 0.0 0.0 1.0 0.0 0.088 0.000 0.000 0.000 2.0 0.280 0.056 0.000
0.0 0.0 0.0 1.0 0.0 0.0 0.0 0.0 0.0 0.0 0.088 0.000 0.000 0.000 2.0 0.400 0.042 0.000
0.0 1.0 0.0 0.0 0.0 0.0 0.0 0.0 0.0 0.0 0.059 0.765 0.765 0.765 1.0 0.440 0.028 0.333
0.0 0.0 0.0 1.0 0.0 0.0 0.0 0.0 0.0 0.0 0.176 0.000 0.000 0.000 2.0 0.160 0.225 0.000
0.0 0.0 0.0 1.0 0.0 0.0 0.0 0.0 1.0 0.0 0.088 0.000 0.000 0.000 2.0 0.160 0.070 0.000
0.0 0.0 0.0 0.0 0.0 1.0 0.0 0.0 0.0 0.0 0.059 0.735 0.765 0.750 2.0 0.480 0.056 0.667
0.0 1.0 0.0 0.0 0.0 0.0 0.0 0.0 1.0 0.0 0.029 0.765 0.794 0.779 2.0 0.280 0.028 0.667
0.0 0.0 0.0 1.0 0.0 0.0 0.0 0.0 0.0 0.0 0.147 0.647 0.647 0.647 3.0 0.740 0.211 0.333
0.0 0.0 0.0 0.0 0.0 1.0 0.0 0.0 1.0 0.0 0.059 0.735 0.765 0.750 2.0 0.820 0.042 0.667
0.0 1.0 0.0 0.0 0.0 0.0 0.0 0.0 1.0 0.0 0.029 0.765 0.794 0.779 2.0 0.740 0.028 0.667
0.0 1.0 0.0 0.0 0.0 0.0 0.0 0.0 1.0 0.0 0.029 0.765 0.794 0.779 1.0 0.960 0.014 0.667
0.0 0.0 1.0 0.0 0.0 0.0 0.0 0.0 0.0 0.0 0.118 0.676 0.706 0.691 4.0 0.620 0.155 0.667
0.0 0.0 0.0 0.0 0.0 1.0 0.0 0.0 0.0 0.0 0.088 0.706 0.735 0.721 3.0 0.300 0.099 0.667
0.0 0.0 0.0 0.0 0.0 1.0 0.0 0.0 1.0 0.0 0.059 0.735 0.765 0.750 2.0 0.160 0.042 0.667
0.0 1.0 0.0 0.0 0.0 0.0 0.0 0.0 1.0 0.0 0.029 0.765 0.794 0.779 2.0 0.220 0.028 0.667
0.0 0.0 0.0 0.0 0.0 1.0 0.0 0.0 1.0 0.0 0.059 0.735 0.765 0.750 2.0 0.220 0.042 0.667
0.0 1.0 0.0 0.0 0.0 0.0 0.0 0.0 1.0 0.0 0.029 0.765 0.794 0.779 2.0 0.440 0.028 0.667
0.0 0.0 0.0 0.0 0.0 1.0 0.0 0.0 1.0 0.0 0.059 0.735 0.765 0.750 2.0 0.180 0.042 0.667
0.0 1.0 0.0 0.0 0.0 0.0 0.0 0.0 1.0 0.0 0.029 0.765 0.794 0.779 2.0 0.300 0.028 0.667
0.0 0.0 0.0 1.0 0.0 0.0 0.0 0.0 0.0 0.0 0.059 0.735 0.765 0.750 2.0 0.300 0.042 0.667
0.0 1.0 0.0 0.0 0.0 0.0 0.0 0.0 1.0 0.0 0.029 0.765 0.794 0.779 1.0 0.120 0.014 0.667
0.0 0.0 0.0 0.0 1.0 0.0 0.0 0.0 0.0 0.0 0.059 0.735 0.765 0.750 2.0 0.300 0.042 0.667
0.0 1.0 0.0 0.0 0.0 0.0 0.0 0.0 1.0 0.0 0.029 0.088 0.794 0.549 2.0 0.300 0.028 1.000
0.0 0.0 0.0 1.0 0.0 0.0 0.0 0.0 0.0 0.0 0.059 0.735 0.765 0.750 2.0 0.320 0.042 0.667
0.0 1.0 0.0 0.0 0.0 0.0 0.0 0.0 1.0 0.0 0.029 0.765 0.794 0.779 1.0 0.180 0.014 0.667
0.0 1.0 0.0 0.0 0.0 0.0 0.0 0.0 1.0 0.0 0.029 0.765 0.794 0.779 2.0 0.440 0.028 0.667
