0.0 0.0 0.0 1.0 0.0 0.0 0.0 0.0 0.0 0.0 0.514 0.229 0.343 1.0 0.109 0.427 0.286
0.0 0.0 0.0 0.0 1.0 0.0 0.0 0.0 0.0 0.0 0.571 0.171 0.286 3.0 0.218 0.427 0.286
0.0 0.0 1.0 0.0 0.0 0.0 0.0 0.0 0.0 0.0 0.543 0.200 0.314 3.0 0.218 0.413 0.286
0.0 1.0 0.0 0.0 0.0 0.0 0.0 0.0 0.0 0.0 0.600 0.143 0.257 3.0 0.218 0.400 0.286
0.0 0.0 0.0 0.0 0.0 1.0 0.0 0.0 0.0 0.0 0.629 0.114 0.229 3.0 0.218 0.387 0.286
1.0 0.0 0.0 0.0 0.0 0.0 0.0 0.0 0.0 0.0 0.657 0.086 0.200 2.0 0.145 0.373 0.286
0.0 0.0 0.0 0.0 0.0 0.0 1.0 0.0 0.0 0.0 0.686 0.057 0.171 3.0 0.218 0.360 0.286
0.0 0.0 0.0 0.0 0.0 0.0 0.0 1.0 0.0 0.0 0.714 0.029 0.143 3.0 0.218 0.347 0.286
0.0 0.0 1.0 0.0 0.0 0.0 0.0 0.0 0.0 0.0 0.743 0.000 0.114 3.0 0.218 0.333 0.286
0.0 0.0 0.0 1.0 0.0 0.0 0.0 0.0 1.0 0.0 0.771 0.000 0.086 4.0 0.291 0.320 0.286
0.0 0.0 0.0 0.0 1.0 0.0 0.0 0.0 0.0 0.0 0.800 0.000 0.057 4.0 0.291 0.307 0.286
0.0 0.0 0.0 0.0 0.0 1.0 0.0 0.0 0.0 0.0 0.829 0.000 0.029 4.0 0.291 0.293 0.286
0.0 0.0 0.0 0.0 0.0 0.0 1.0 0.0 0.0 0.0 0.857 0.000 0.000 4.0 0.291 0.280 0.286
0.0 0.0 0.0 0.0 0.0 0.0 0.0 1.0 0.0 0.0 0.886 0.000 0.000 4.0 0.291 0.267 0.286
1.0 0.0 0.0 0.0 0.0 0.0 0.0 0.0 0.0 1.0 0.914 0.000 0.000 4.0 0.291 0.253 0.286
