0.0 0.0 0.0 0.0 0.0 1.0 0.0 0.0 1.0 0.0 0.143 0.452 0.571 0.512 3.0 0.556 0.187 0.667
0.0 0.0 0.0 1.0 0.0 0.0 0.0 0.0 0.0 0.0 0.119 0.000 0.000 0.000 2.0 0.093 0.093 0.000
0.0 0.0 0.0 1.0 0.0 0.0 0.0 0.0 1.0 0.0 0.071 0.000 0.000 0.000 2.0 0.222 0.053 0.000
0.0 1.0 0.0 0.0 0.0 0.0 0.0 0.0 0.0 0.0 0.095 0.000 0.000 0.000 2.0 0.111 0.080 0.000
0.0 0.0 0.0 0.0 0.0 1.0 0.0 0.0 0.0 0.0 0.071 0.000 0.000 0.000 2.0 0.296 0.067 0.000
0.0 0.0 0.0 1.0 0.0 0.0 0.0 0.0 0.0 0.0 0.119 0.000 0.000 0.000 2.0 0.111 0.093 0.000
0.0 0.0 0.0 1.0 0.0 0.0 0.0 0.0 0.0 0.0 0.095 0.000 0.000 0.000 2.0 0.259 0.067 0.000
0.0 1.0 0.0 0.0 0.0 0.0 0.0 0.0 0.0 0.0 0.095 0.000 0.000 0.000 2.0 0.093 0.067 0.000
0.0 0.0 0.0 1.0 0.0 0.0 0.0 0.0 1.0 0.0 0.071 0.000 0.000 0.000 2.0 0.222 0.053 0.000
0.0 0.0 0.0 1.0 0.0 0.0 0.0 0.0 0.0 0.0 0.119 0.000 0.000 0.000 2.0 0.111 0.093 0.000
0.0 0.0 0.0 1.0 0.0 0.0 0.0 0.0 0.0 0.0 0.095 0.000 0.000 0.000 2.0 0.315 0.067 0.000
0.0 1.0 0.0 0.0 0.0 0.0 0.0 0.0 0.0 0.0 0.095 0.000 0.000 0.000 2.0 0.093 0.067 0.000
0.0 0.0 0.0 1.0 0.0 0.0 0.0 0.0 1.0 0.0 0.071 0.000 0.000 0.000 2.0 0.222 0.053 0.000
0.0 0.0 0.0 1.0 0.0 0.0 0.0 0.0 0.0 0.0 0.119 0.000 0.000 0.000 2.0 0.111 0.080 0.000
0.0 0.0 0.0 1.0 0.0 0.0 0.0 0.0 1.0 0.0 0.071 0.000 0.000 0.000 2.0 0.222 0.053 0.000
0.0 0.0 0.0 1.0 0.0 0.0 0.0 0.0 0.0 0.0 0.095 0.000 0.000 0.000 2.0 0.296 0.067 0.000
0.0 0.0 0.0 1.0 0.0 0.0 0.0 0.0 0.0 0.0 0.119 0.000 0.000 0.000 2.0 0.093 0.067 0.000
0.0 0.0 0.0 1.0 0.0 0.0 0.0 0.0 1.0 0.0 0.095 0.000 0.000 0.000 2.0 0.185 0.053 0.000
0.0 0.0 0.0 1.0 0.0 0.0 0.0 0.0 1.0 0.0 0.071 0.000 0.000 0.000 2.0 0.222 0.053 0.000
0.0 0.0 0.0 1.0 0.0 0.0 0.0 0.0 0.0 1.0 0.119 0.000 0.000 0.000 2.0 0.111 0.080 0.333
0.0 0.0 0.0 1.0 0.0 0.0 0.0 0.0 1.0 0.0 0.071 0.048 0.048 0.048 2.0 0.222 0.053 0.333
0.0 0.0 0.0 1.0 0.0 0.0 0.0 0.0 0.0 0.0 0.095 0.024 0.024 0.024 2.0 0.259 0.067 0.333
0.0 1.0 0.0 0.0 0.0 0.0 0.0 0.0 0.0 0.0 0.643 0.000 0.000 0.000 2.0 0.093 0.733 0.000
0.0 0.0 0.0 1.0 0.0 0.0 0.0 0.0 0.0 0.0 0.619 0.000 0.000 0.000 3.0 0.167 0.720 0.000
0.0 0.0 0.0 1.0 0.0 0.0 0.0 0.0 1.0 0.0 0.119 0.000 0.000 0.000 2.0 0.259 0.080 0.000
0.0 0.0 0.0 1.0 0.0 0.0 0.0 0.0 0.0 0.0 0.595 0.000 0.000 0.000 2.0 0.352 0.707 0.000
0.0 0.0 0.0 1.0 0.0 0.0 0.0 0.0 1.0 0.0 0.595 0.000 0.000 0.000 2.0 0.259 0.613 0.000
0.0 0.0 0.0 1.0 0.0 0.0 0.0 0.0 0.0 0.0 0.619 0.000 0.000 0.000 3.0 0.148 0.773 0.000
0.0 0.0 0.0 1.0 0.0 0.0 0.0 0.0 1.0 0.0 0.119 0.000 0.000 0.000 2.0 0.241 0.080 0.000
0.0 0.0 0.0 1.0 0.0 0.0 0.0 0.0 0.0 0.0 0.595 0.000 0.000 0.000 2.0 0.333 0.760 0.000
0.0 0.0 0.0 1.0 0.0 0.0 0.0 0.0 1.0 0.0 0.595 0.000 0.000 0.000 2.0 0.241 0.613 0.000
0.0 0.0 0.0 1.0 0.0 0.0 0.0 0.0 0.0 0.0 0.619 0.000 0.000 0.000 3.0 0.148 0.813 0.000
0.0 0.0 0.0 1.0 0.0 0.0 0.0 0.0 1.0 0.0 0.119 0.000 0.000 0.000 2.0 0.241 0.080 0.000
0.0 0.0 0.0 1.0 0.0 0.0 0.0 0.0 0.0 0.0 0.595 0.000 0.000 0.000 2.0 0.333 0.800 0.000
0.0 0.0 0.0 1.0 0.0 0.0 0.0 0.0 1.0 0.0 0.595 0.000 0.000 0.000 2.0 0.241 0.613 0.000
0.0 0.0 0.0 1.0 0.0 0.0 0.0 0.0 0.0 0.0 0.714 0.000 0.000 0.000 3.0 0.148 0.853 0.000
0.0 0.0 0.0 1.0 0.0 0.0 0.0 0.0 1.0 0.0 0.119 0.000 0.000 0.000 2.0 0.241 0.080 0.000
0.0 0.0 0.0 1.0 0.0 0.0 0.0 0.0 0.0 0.0 0.690 0.000 0.000 0.000 2.0 0.333 0.840 0.000
0.0 0.0 0.0 1.0 0.0 0.0 0.0 0.0 1.0 0.0 0.595 0.000 0.000 0.000 2.0 0.241 0.613 0.000
0.0 0.0 0.0 1.0 0.0 0.0 0.0 0.0 0.0 1.0 0.714 0.000 0.000 0.000 3.0 0.148 0.853 0.333
0.0 0.0 0.0 1.0 0.0 0.0 0.0 0.0 1.0 0.0 0.119 0.595 0.595 0.595 2.0 0.241 0.080 0.333
0.0 0.0 0.0 1.0 0.0 0.0 0.0 0.0 0.0 0.0 0.690 0.024 0.024 0.024 2.0 0.333 0.840 0.333
0.0 0.0 0.0 1.0 0.0 0.0 0.0 0.0 1.0 0.0 0.595 0.119 0.119 0.119 2.0 0.241 0.613 0.333
0.0 0.0 0.0 1.0 0.0 0.0 0.0 0.0 0.0 0.0 0.786 0.000 0.000 0.000 3.0 0.148 0.907 0.000
0.0 0.0 0.0 1.0 0.0 0.0 0.0 0.0 1.0 0.0 0.119 0.000 0.000 0.000 2.0 0.241 0.080 0.000
0.0 0.0 0.0 1.0 0.0 0.0 0.0 0.0 0.0 0.0 0.762 0.000 0.000 0.000 2.0 0.333 0.893 0.000
0.0 0.0 0.0 0.0 0.0 1.0 0.0 0.0 0.0 0.0 0.571 0.143 0.143 0.143 3.0 0.685 0.627 0.333
0.0 0.0 0.0 1.0 0.0 0.0 0.0 0.0 1.0 0.0 0.595 0.000 0.000 0.000 2.0 0.241 0.613 0.000
0.0 0.0 0.0 0.0 0.0 1.0 0.0 0.0 0.0 0.0 0.571 0.143 0.143 0.143 3.0 0.556 0.613 0.333
0.0 1.0 0.0 0.0 0.0 0.0 0.0 0.0 0.0 0.0 0.095 0.619 0.619 0.619 1.0 0.630 0.067 0.333
0.0 0.0 0.0 1.0 0.0 0.0 0.0 0.0 0.0 0.0 0.738 0.000 0.000 0.000 4.0 0.185 0.720 0.000
0.0 0.0 0.0 1.0 0.0 0.0 0.0 0.0 1.0 0.0 0.714 0.000 0.000 0.000 2.0 0.241 0.627 0.000
0.0 0.0 0.0 1.0 0.0 0.0 0.0 0.0 1.0 0.0 0.690 0.000 0.000 0.000 2.0 0.222 0.627 0.000
0.0 0.0 0.0 1.0 0.0 0.0 0.0 0.0 0.0 0.0 0.714 0.000 0.000 0.000 2.0 0.370 0.720 0.000
0.0 0.0 0.0 1.0 0.0 0.0 0.0 0.0 1.0 0.0 0.667 0.000 0.000 0.000 2.0 0.278 0.627 0.000
0.0 0.0 0.0 1.0 0.0 0.0 0.0 0.0 0.0 0.0 0.762 0.000 0.000 0.000 4.0 0.185 0.773 0.000
0.0 0.0 0.0 0.0 0.0 1.0 0.0 0.0 0.0 0.0 0.738 0.000 0.000 0.000 2.0 0.185 0.773 0.000
0.0 0.0 1.0 0.0 0.0 0.0 0.0 0.0 1.0 0.0 0.667 0.000 0.000 0.000 2.0 0.259 0.627 0.000
0.0 0.0 1.0 0.0 0.0 0.0 0.0 0.0 0.0 0.0 0.714 0.000 0.000 0.000 2.0 0.352 0.773 0.000
0.0 0.0 0.0 1.0 0.0 0.0 0.0 0.0 1.0 0.0 0.714 0.000 0.000 0.000 2.0 0.222 0.627 0.000
0.0 0.0 0.0 1.0 0.0 0.0 0.0 0.0 1.0 0.0 0.714 0.000 0.000 0.000 2.0 0.241 0.627 0.000
0.0 0.0 0.0 1.0 0.0 0.0 0.0 0.0 1.0 0.0 0.690 0.000 0.000 0.000 2.0 0.222 0.627 0.000
0.0 0.0 0.0 1.0 0.0 0.0 0.0 0.0 0.0 0.0 0.786 0.000 0.000 0.000 4.0 0.185 0.827 0.000
0.0 0.0 0.0 0.0 0.0 1.0 0.0 0.0 0.0 0.0 0.762 0.000 0.000 0.000 2.0 0.185 0.827 0.000
0.0 1.0 0.0 0.0 0.0 0.0 0.0 0.0 0.0 0.0 0.738 0.000 0.000 0.000 2.0 0.130 0.827 0.000
0.0 0.0 1.0 0.0 0.0 0.0 0.0 0.0 0.0 0.0 0.714 0.000 0.000 0.000 2.0 0.333 0.813 0.000
0.0 0.0 0.0 0.0 0.0 1.0 0.0 0.0 0.0 0.0 0.643 0.000 0.000 0.000 2.0 0.259 0.627 0.000
0.0 0.0 0.0 1.0 0.0 0.0 0.0 0.0 1.0 0.0 0.714 0.000 0.000 0.000 2.0 0.222 0.627 0.000
0.0 0.0 0.0 1.0 0.0 0.0 0.0 0.0 1.0 0.0 0.714 0.000 0.000 0.000 2.0 0.241 0.627 0.000
0.0 0.0 0.0 1.0 0.0 0.0 0.0 0.0 1.0 0.0 0.690 0.000 0.000 0.000 2.0 0.222 0.627 0.000
0.0 0.0 0.0 1.0 0.0 0.0 0.0 0.0 0.0 0.0 0.762 0.000 0.000 0.000 4.0 0.185 0.853 0.000
0.0 0.0 0.0 0.0 0.0 1.0 0.0 0.0 0.0 0.0 0.738 0.000 0.000 0.000 2.0 0.185 0.853 0.000
0.0 0.0 1.0 0.0 0.0 0.0 0.0 0.0 1.0 0.0 0.667 0.000 0.000 0.000 2.0 0.259 0.627 0.000
0.0 0.0 1.0 0.0 0.0 0.0 0.0 0.0 0.0 0.0 0.714 0.000 0.000 0.000 2.0 0.352 0.853 0.000
0.0 0.0 0.0 1.0 0.0 0.0 0.0 0.0 1.0 0.0 0.714 0.000 0.000 0.000 2.0 0.222 0.627 0.000
0.0 0.0 0.0 1.0 0.0 0.0 0.0 0.0 1.0 0.0 0.714 0.000 0.000 0.000 2.0 0.241 0.627 0.000
0.0 0.0 0.0 1.0 0.0 0.0 0.0 0.0 1.0 0.0 0.690 0.000 0.000 0.000 2.0 0.222 0.627 0.000
0.0 0.0 0.0 1.0 0.0 0.0 0.0 0.0 0.0 0.0 0.762 0.000 0.000 0.000 4.0 0.204 0.867 0.000
0.0 0.0 0.0 0.0 0.0 1.0 0.0 0.0 0.0 0.0 0.738 0.000 0.000 0.000 2.0 0.185 0.640 0.000
0.0 1.0 0.0 0.0 0.0 0.0 0.0 0.0 0.0 0.0 0.714 0.000 0.000 0.000 2.0 0.111 0.640 0.000
0.0 0.0 1.0 0.0 0.0 0.0 0.0 0.0 1.0 0.0 0.690 0.000 0.000 0.000 2.0 0.185 0.627 0.000
0.0 0.0 0.0 0.0 0.0 1.0 0.0 0.0 0.0 0.0 0.643 0.000 0.000 0.000 2.0 0.259 0.627 0.000
0.0 0.0 0.0 1.0 0.0 0.0 0.0 0.0 0.0 0.0 0.714 0.000 0.000 0.000 2.0 0.370 0.853 0.000
0.0 0.0 0.0 1.0 0.0 0.0 0.0 0.0 1.0 0.0 0.714 0.000 0.000 0.000 2.0 0.241 0.627 0.000
0.0 0.0 0.0 1.0 0.0 0.0 0.0 0.0 1.0 0.0 0.714 0.000 0.000 0.000 2.0 0.222 0.627 0.000
0.0 1.0 0.0 0.0 0.0 0.0 0.0 0.0 0.0 0.0 0.833 0.000 0.000 0.000 2.0 0.111 0.920 0.000
0.0 0.0 0.0 1.0 0.0 0.0 0.0 0.0 0.0 0.0 0.810 0.000 0.000 0.000 4.0 0.204 0.907 0.000
0.0 0.0 0.0 0.0 0.0 1.0 0.0 0.0 0.0 0.0 0.786 0.000 0.000 0.000 2.0 0.222 0.907 0.000
0.0 0.0 0.0 0.0 0.0 1.0 0.0 0.0 0.0 0.0 0.643 0.000 0.000 0.000 2.0 0.259 0.627 0.000
0.0 0.0 1.0 0.0 0.0 0.0 0.0 0.0 0.0 0.0 0.762 0.000 0.000 0.000 2.0 0.352 0.907 0.000
0.0 0.0 0.0 1.0 0.0 0.0 0.0 0.0 1.0 0.0 0.714 0.000 0.000 0.000 2.0 0.241 0.627 0.000
0.0 0.0 0.0 1.0 0.0 0.0 0.0 0.0 1.0 0.0 0.714 0.000 0.000 0.000 2.0 0.259 0.627 0.000
0.0 0.0 1.0 0.0 0.0 0.0 0.0 0.0 0.0 0.0 0.690 0.000 0.000 0.000 2.0 0.389 0.627 0.000
0.0 0.0 0.0 1.0 0.0 0.0 0.0 0.0 1.0 0.0 0.690 0.000 0.000 0.000 2.0 0.241 0.627 0.000
0.0 0.0 0.0 0.0 0.0 1.0 0.0 0.0 1.0 0.0 0.667 0.000 0.000 0.000 3.0 0.426 0.627 0.000
0.0 0.0 0.0 1.0 0.0 0.0 0.0 0.0 0.0 0.0 0.833 0.000 0.000 0.000 3.0 0.148 0.920 0.000
0.0 0.0 0.0 1.0 0.0 0.0 0.0 0.0 1.0 0.0 0.667 0.000 0.000 0.000 2.0 0.259 0.627 0.000
0.0 0.0 0.0 1.0 0.0 0.0 0.0 0.0 0.0 0.0 0.810 0.000 0.000 0.000 2.0 0.315 0.920 0.000
0.0 0.0 0.0 0.0 0.0 0.0 1.0 0.0 0.0 0.0 0.786 0.000 0.000 0.000 2.0 0.204 0.720 0.000
0.0 0.0 1.0 0.0 0.0 0.0 0.0 0.0 0.0 0.0 0.357 0.000 0.000 0.000 2.0 0.222 0.267 0.000
0.0 0.0 0.0 1.0 0.0 0.0 0.0 0.0 1.0 0.0 0.714 0.000 0.000 0.000 2.0 0.204 0.627 0.000
0.0 0.0 1.0 0.0 0.0 0.0 0.0 0.0 1.0 0.0 0.690 0.000 0.000 0.000 2.0 0.315 0.627 0.000
0.0 0.0 0.0 0.0 0.0 1.0 0.0 0.0 1.0 0.0 0.667 0.000 0.000 0.000 3.0 0.630 0.627 0.000
0.0 1.0 0.0 0.0 0.0 0.0 0.0 0.0 0.0 0.0 0.976 0.000 0.000 0.000 2.0 0.074 1.000 0.000
0.0 0.0 0.0 1.0 0.0 0.0 0.0 0.0 0.0 0.0 0.952 0.000 0.000 0.000 2.0 0.148 0.987 0.000
0.0 0.0 0.0 1.0 0.0 0.0 0.0 0.0 0.0 0.0 0.929 0.000 0.000 0.000 3.0 0.389 0.987 0.000
0.0 0.0 0.0 1.0 0.0 0.0 0.0 0.0 0.0 0.0 0.810 0.000 0.000 0.000 3.0 0.278 0.773 0.000
0.0 0.0 0.0 1.0 0.0 0.0 0.0 0.0 0.0 0.0 0.381 0.000 0.000 0.000 2.0 0.259 0.280 0.000
0.0 0.0 0.0 1.0 0.0 0.0 0.0 0.0 0.0 0.0 0.905 0.000 0.000 0.000 2.0 0.222 0.800 0.000
0.0 1.0 0.0 0.0 0.0 0.0 0.0 0.0 0.0 0.0 0.881 0.000 0.000 0.000 2.0 0.130 0.800 0.000
0.0 0.0 0.0 1.0 0.0 0.0 0.0 0.0 1.0 0.0 0.667 0.000 0.000 0.000 2.0 0.259 0.627 0.000
0.0 0.0 0.0 1.0 0.0 0.0 0.0 0.0 0.0 0.0 1.000 0.000 0.000 0.000 2.0 0.130 0.973 0.000
0.0 0.0 0.0 1.0 0.0 0.0 0.0 0.0 0.0 0.0 0.976 0.000 0.000 0.000 3.0 0.352 0.973 0.000
0.0 1.0 0.0 0.0 0.0 0.0 0.0 0.0 0.0 0.0 0.690 0.000 0.000 0.000 2.0 0.611 0.640 0.000
0.0 0.0 0.0 0.0 1.0 0.0 0.0 0.0 0.0 0.0 0.667 0.000 0.000 0.000 2.0 0.537 0.627 0.000
0.0 0.0 0.0 1.0 0.0 0.0 0.0 0.0 0.0 0.0 0.952 0.000 0.000 0.000 2.0 0.222 0.800 0.000
0.0 0.0 0.0 0.0 0.0 0.0 0.0 1.0 0.0 0.0 0.929 0.000 0.000 0.000 2.0 0.278 0.800 0.000
0.0 0.0 0.0 1.0 0.0 0.0 0.0 0.0 0.0 0.0 0.952 0.000 0.000 0.000 2.0 0.185 0.800 0.000
0.0 0.0 0.0 0.0 0.0 0.0 0.0 1.0 0.0 0.0 0.929 0.000 0.000 0.000 2.0 0.241 0.800 0.000
0.0 0.0 0.0 0.0 0.0 0.0 0.0 1.0 0.0 0.0 0.905 0.000 0.000 0.000 2.0 0.222 0.800 0.000
0.0 0.0 1.0 0.0 0.0 0.0 0.0 0.0 1.0 0.0 0.167 0.000 0.000 0.000 2.0 0.315 0.160 0.000
0.0 0.0 0.0 1.0 0.0 0.0 0.0 0.0 0.0 0.0 0.881 0.000 0.000 0.000 2.0 0.241 0.787 0.000
0.0 0.0 0.0 1.0 0.0 0.0 0.0 0.0 0.0 0.0 0.333 0.000 0.000 0.000 2.0 0.315 0.267 0.000
0.0 1.0 0.0 0.0 0.0 0.0 0.0 0.0 0.0 0.0 0.857 0.000 0.000 0.000 2.0 0.167 0.787 0.000
0.0 0.0 0.0 1.0 0.0 0.0 0.0 0.0 0.0 0.0 0.833 0.000 0.000 0.000 2.0 0.204 0.773 0.000
0.0 0.0 0.0 1.0 0.0 0.0 0.0 0.0 0.0 0.0 0.810 0.000 0.000 0.000 2.0 0.204 0.720 0.000
0.0 0.0 0.0 1.0 0.0 0.0 0.0 0.0 0.0 0.0 0.786 0.000 0.000 0.000 2.0 0.278 0.707 0.000
0.0 0.0 0.0 1.0 0.0 0.0 0.0 0.0 0.0 0.0 0.762 0.000 0.000 0.000 2.0 0.278 0.680 0.000
0.0 0.0 0.0 1.0 0.0 0.0 0.0 0.0 0.0 0.0 0.738 0.000 0.000 0.000 2.0 0.259 0.680 0.000
0.0 0.0 0.0 0.0 1.0 0.0 0.0 0.0 0.0 0.0 0.310 0.000 0.000 0.000 2.0 0.259 0.253 0.000
0.0 1.0 0.0 0.0 0.0 0.0 0.0 0.0 0.0 0.0 0.333 0.000 0.000 0.000 2.0 0.241 0.267 0.000
0.0 0.0 0.0 1.0 0.0 0.0 0.0 0.0 0.0 0.0 0.310 0.000 0.000 0.000 2.0 0.204 0.253 0.000
0.0 0.0 0.0 1.0 0.0 0.0 0.0 0.0 0.0 0.0 0.286 0.000 0.000 0.000 2.0 0.241 0.240 0.000
0.0 0.0 0.0 1.0 0.0 0.0 0.0 0.0 0.0 0.0 0.262 0.000 0.000 0.000 2.0 0.407 0.227 0.000
0.0 1.0 0.0 0.0 0.0 0.0 0.0 0.0 0.0 0.0 0.238 0.000 0.000 0.000 2.0 0.148 0.200 0.000
0.0 0.0 0.0 1.0 0.0 0.0 0.0 0.0 0.0 0.0 0.238 0.000 0.000 0.000 2.0 0.315 0.227 0.000
0.0 0.0 0.0 1.0 0.0 0.0 0.0 0.0 0.0 0.0 0.214 0.000 0.000 0.000 2.0 0.222 0.187 0.000
0.0 0.0 0.0 1.0 0.0 0.0 0.0 0.0 1.0 0.0 0.190 0.000 0.000 0.000 2.0 0.222 0.173 0.000
0.0 0.0 1.0 0.0 0.0 0.0 0.0 0.0 1.0 0.0 0.167 0.000 0.000 0.000 2.0 0.352 0.160 0.000
0.0 0.0 0.0 1.0 0.0 0.0 0.0 0.0 0.0 0.0 0.357 0.000 0.000 0.000 2.0 0.204 0.280 0.000
0.0 1.0 0.0 0.0 0.0 0.0 0.0 0.0 0.0 0.0 0.333 0.000 0.000 0.000 1.0 0.167 0.253 0.000
0.0 0.0 0.0 1.0 0.0 0.0 0.0 0.0 0.0 0.0 0.310 0.000 0.000 0.000 2.0 0.259 0.253 0.000
0.0 0.0 0.0 1.0 0.0 0.0 0.0 0.0 0.0 0.0 0.286 0.000 0.000 0.000 2.0 0.407 0.240 0.000
0.0 1.0 0.0 0.0 0.0 0.0 0.0 0.0 0.0 0.0 0.262 0.000 0.000 0.000 2.0 0.130 0.213 0.000
0.0 0.0 0.0 0.0 1.0 0.0 0.0 0.0 0.0 0.0 0.262 0.000 0.000 0.000 2.0 0.278 0.240 0.000
0.0 1.0 0.0 0.0 0.0 0.0 0.0 0.0 0.0 0.0 0.238 0.000 0.000 0.000 2.0 0.167 0.200 0.000
0.0 0.0 0.0 1.0 0.0 0.0 0.0 0.0 0.0 0.0 0.214 0.000 0.000 0.000 2.0 0.185 0.187 0.000
0.0 0.0 0.0 1.0 0.0 0.0 0.0 0.0 1.0 0.0 0.190 0.000 0.000 0.000 2.0 0.204 0.173 0.000
0.0 1.0 0.0 0.0 0.0 0.0 0.0 0.0 0.0 0.0 0.190 0.000 0.000 0.000 2.0 0.148 0.173 0.000
0.0 0.0 1.0 0.0 0.0 0.0 0.0 0.0 1.0 0.0 0.167 0.000 0.000 0.000 2.0 0.370 0.160 0.000
0.0 1.0 0.0 0.0 0.0 0.0 0.0 0.0 0.0 0.0 0.238 0.000 0.000 0.000 1.0 0.148 0.187 0.000
0.0 0.0 0.0 1.0 0.0 0.0 0.0 0.0 0.0 0.0 0.214 0.000 0.000 0.000 2.0 0.222 0.187 0.000
0.0 0.0 0.0 1.0 0.0 0.0 0.0 0.0 1.0 0.0 0.190 0.000 0.000 0.000 2.0 0.222 0.173 0.000
0.0 0.0 0.0 1.0 0.0 0.0 0.0 0.0 1.0 0.0 0.667 0.000 0.000 0.000 2.0 0.241 0.627 0.000
0.0 1.0 0.0 0.0 0.0 0.0 0.0 0.0 0.0 0.0 0.643 0.000 0.000 0.000 1.0 0.648 0.627 0.000
0.0 0.0 0.0 1.0 0.0 0.0 0.0 0.0 0.0 0.0 0.619 0.000 0.000 0.000 4.0 0.574 0.627 0.000
0.0 1.0 0.0 0.0 0.0 0.0 0.0 0.0 0.0 0.0 0.071 0.000 0.000 0.000 1.0 0.296 0.053 0.000
0.0 0.0 0.0 1.0 0.0 0.0 0.0 0.0 1.0 0.0 0.595 0.000 0.000 0.000 2.0 0.222 0.613 0.000
0.0 0.0 0.0 1.0 0.0 0.0 0.0 0.0 0.0 0.0 0.571 0.000 0.000 0.000 2.0 0.130 0.613 0.000
1.0 0.0 0.0 0.0 0.0 0.0 0.0 0.0 0.0 0.0 0.548 0.000 0.000 0.000 2.0 0.222 0.600 0.000
0.0 1.0 0.0 0.0 0.0 0.0 0.0 0.0 0.0 0.0 0.595 0.000 0.000 0.000 2.0 0.204 0.600 0.000
0.0 0.0 0.0 1.0 0.0 0.0 0.0 0.0 1.0 0.0 0.571 0.000 0.000 0.000 2.0 0.111 0.587 0.000
0.0 1.0 0.0 0.0 0.0 0.0 0.0 0.0 0.0 0.0 0.548 0.167 0.167 0.167 1.0 0.370 0.587 0.333
0.0 0.0 0.0 1.0 0.0 0.0 0.0 0.0 0.0 1.0 0.595 0.000 0.000 0.000 2.0 0.111 0.693 0.333
0.0 0.0 0.0 1.0 0.0 0.0 0.0 0.0 0.0 0.0 0.571 0.024 0.024 0.024 2.0 0.315 0.693 0.333
0.0 0.0 0.0 1.0 0.0 0.0 0.0 0.0 0.0 0.0 0.476 0.119 0.119 0.119 2.0 0.278 0.373 0.333
0.0 0.0 0.0 1.0 0.0 0.0 0.0 0.0 0.0 0.0 0.452 0.143 0.143 0.143 2.0 0.444 0.373 0.333
0.0 0.0 0.0 0.0 1.0 0.0 0.0 0.0 0.0 0.0 0.452 0.143 0.143 0.143 2.0 0.296 0.373 0.333
0.0 0.0 0.0 1.0 0.0 0.0 0.0 0.0 0.0 0.0 0.429 0.167 0.167 0.167 2.0 0.259 0.373 0.333
0.0 0.0 0.0 1.0 0.0 0.0 0.0 0.0 1.0 0.0 0.190 0.405 0.405 0.405 2.0 0.222 0.240 0.333
0.0 0.0 0.0 1.0 0.0 0.0 0.0 0.0 0.0 0.0 0.595 0.000 0.000 0.000 2.0 0.111 0.747 0.000
0.0 0.0 0.0 1.0 0.0 0.0 0.0 0.0 0.0 0.0 0.571 0.000 0.000 0.000 2.0 0.315 0.747 0.000
0.0 0.0 0.0 1.0 0.0 0.0 0.0 0.0 0.0 0.0 0.548 0.000 0.000 0.000 2.0 0.333 0.453 0.000
0.0 0.0 0.0 1.0 0.0 0.0 0.0 0.0 0.0 0.0 0.524 0.000 0.000 0.000 4.0 0.370 0.453 0.000
0.0 1.0 0.0 0.0 0.0 0.0 0.0 0.0 0.0 0.0 0.500 0.000 0.000 0.000 2.0 0.185 0.400 0.000
1.0 0.0 0.0 0.0 0.0 0.0 0.0 0.0 0.0 0.0 0.500 0.000 0.000 0.000 2.0 0.185 0.400 0.000
0.0 1.0 0.0 0.0 0.0 0.0 0.0 0.0 0.0 0.0 0.500 0.000 0.000 0.000 3.0 0.259 0.453 0.000
0.0 1.0 0.0 0.0 0.0 0.0 0.0 0.0 0.0 0.0 0.357 0.000 0.000 0.000 3.0 0.278 0.347 0.000
0.0 0.0 0.0 1.0 0.0 0.0 0.0 0.0 1.0 0.0 0.190 0.000 0.000 0.000 2.0 0.222 0.240 0.000
0.0 0.0 0.0 1.0 0.0 0.0 0.0 0.0 0.0 0.0 0.595 0.000 0.000 0.000 2.0 0.111 0.787 0.000
0.0 0.0 0.0 1.0 0.0 0.0 0.0 0.0 0.0 0.0 0.571 0.000 0.000 0.000 2.0 0.315 0.787 0.000
0.0 0.0 0.0 0.0 0.0 0.0 0.0 1.0 0.0 0.0 0.548 0.000 0.000 0.000 2.0 0.315 0.520 0.000
0.0 0.0 0.0 1.0 0.0 0.0 0.0 0.0 0.0 0.0 0.429 0.000 0.000 0.000 2.0 0.241 0.387 0.000
0.0 0.0 0.0 1.0 0.0 0.0 0.0 0.0 1.0 0.0 0.190 0.000 0.000 0.000 2.0 0.222 0.240 0.000
0.0 0.0 0.0 1.0 0.0 0.0 0.0 0.0 0.0 0.0 0.714 0.000 0.000 0.000 2.0 0.111 0.827 0.000
0.0 0.0 0.0 1.0 0.0 0.0 0.0 0.0 0.0 0.0 0.690 0.000 0.000 0.000 2.0 0.315 0.827 0.000
0.0 0.0 0.0 1.0 0.0 0.0 0.0 0.0 0.0 0.0 0.667 0.000 0.000 0.000 2.0 0.278 0.587 0.000
0.0 0.0 0.0 1.0 0.0 0.0 0.0 0.0 0.0 0.0 0.619 0.000 0.000 0.000 2.0 0.222 0.573 0.000
0.0 1.0 0.0 0.0 0.0 0.0 0.0 0.0 0.0 0.0 0.643 0.000 0.000 0.000 2.0 0.167 0.587 0.000
0.0 0.0 0.0 0.0 1.0 0.0 0.0 0.0 0.0 0.0 0.619 0.000 0.000 0.000 2.0 0.167 0.573 0.000
0.0 1.0 0.0 0.0 0.0 0.0 0.0 0.0 0.0 0.0 0.595 0.000 0.000 0.000 1.0 0.204 0.520 0.000
0.0 0.0 0.0 0.0 0.0 0.0 1.0 0.0 0.0 0.0 0.381 0.000 0.000 0.000 2.0 0.296 0.347 0.000
0.0 0.0 0.0 1.0 0.0 0.0 0.0 0.0 1.0 0.0 0.190 0.000 0.000 0.000 2.0 0.222 0.240 0.000
0.0 0.0 0.0 1.0 0.0 0.0 0.0 0.0 0.0 0.0 0.714 0.000 0.000 0.000 2.0 0.111 0.827 0.000
0.0 0.0 0.0 1.0 0.0 0.0 0.0 0.0 0.0 0.0 0.690 0.000 0.000 0.000 2.0 0.315 0.827 0.000
0.0 0.0 0.0 0.0 0.0 0.0 1.0 0.0 0.0 0.0 0.667 0.048 0.048 0.048 2.0 0.315 0.613 0.333
0.0 0.0 1.0 0.0 0.0 0.0 0.0 0.0 0.0 0.0 0.357 0.357 0.357 0.357 2.0 0.296 0.333 0.333
0.0 0.0 0.0 1.0 0.0 0.0 0.0 0.0 1.0 0.0 0.190 0.000 0.000 0.000 2.0 0.222 0.240 0.000
0.0 0.0 0.0 1.0 0.0 0.0 0.0 0.0 0.0 0.0 0.786 0.000 0.000 0.000 2.0 0.111 0.880 0.000
0.0 0.0 0.0 1.0 0.0 0.0 0.0 0.0 0.0 0.0 0.762 0.000 0.000 0.000 2.0 0.315 0.880 0.000
0.0 0.0 0.0 0.0 0.0 0.0 1.0 0.0 0.0 0.0 0.738 0.000 0.000 0.000 2.0 0.315 0.693 0.000
1.0 0.0 0.0 0.0 0.0 0.0 0.0 0.0 0.0 0.0 0.381 0.000 0.000 0.000 3.0 0.278 0.360 0.000
0.0 0.0 0.0 1.0 0.0 0.0 0.0 0.0 0.0 0.0 0.333 0.000 0.000 0.000 3.0 0.296 0.347 0.000
0.0 1.0 0.0 0.0 0.0 0.0 0.0 0.0 0.0 0.0 0.214 0.000 0.000 0.000 2.0 0.185 0.213 0.000
0.0 0.0 0.0 1.0 0.0 0.0 0.0 0.0 0.0 0.0 0.357 0.000 0.000 0.000 2.0 0.278 0.333 0.000
0.0 0.0 0.0 1.0 0.0 0.0 0.0 0.0 0.0 0.0 0.333 0.000 0.000 0.000 2.0 0.222 0.333 0.000
0.0 0.0 0.0 1.0 0.0 0.0 0.0 0.0 0.0 0.0 0.310 0.000 0.000 0.000 2.0 0.463 0.320 0.000
0.0 1.0 0.0 0.0 0.0 0.0 0.0 0.0 0.0 0.0 0.286 0.000 0.000 0.000 2.0 0.204 0.307 0.000
0.0 0.0 0.0 1.0 0.0 0.0 0.0 0.0 0.0 0.0 0.286 0.000 0.000 0.000 2.0 0.407 0.320 0.000
0.0 0.0 0.0 1.0 0.0 0.0 0.0 0.0 0.0 0.0 0.262 0.000 0.000 0.000 4.0 0.370 0.293 0.000
0.0 0.0 0.0 1.0 0.0 0.0 0.0 0.0 0.0 0.0 0.119 0.000 0.000 0.000 2.0 0.333 0.107 0.000
0.0 0.0 0.0 1.0 0.0 0.0 0.0 0.0 1.0 0.0 0.238 0.000 0.000 0.000 2.0 0.222 0.173 0.000
0.0 0.0 0.0 1.0 0.0 0.0 0.0 0.0 0.0 0.0 0.190 0.000 0.000 0.000 2.0 0.222 0.200 0.000
0.0 0.0 0.0 1.0 0.0 0.0 0.0 0.0 1.0 0.0 0.167 0.000 0.000 0.000 2.0 0.315 0.160 0.000
0.0 0.0 0.0 1.0 0.0 0.0 0.0 0.0 0.0 0.0 0.119 0.000 0.000 0.000 2.0 0.296 0.093 0.000
0.0 1.0 0.0 0.0 0.0 0.0 0.0 0.0 0.0 0.0 0.048 0.071 0.071 0.071 1.0 0.241 0.027 0.333
0.0 0.0 0.0 1.0 0.0 0.0 0.0 0.0 0.0 0.0 0.714 0.000 0.000 0.000 2.0 0.296 0.627 0.000
0.0 0.0 0.0 1.0 0.0 0.0 0.0 0.0 0.0 0.0 0.333 0.381 0.381 0.381 3.0 0.352 0.320 0.333
0.0 0.0 0.0 1.0 0.0 0.0 0.0 0.0 0.0 0.0 0.310 0.405 0.405 0.405 2.0 0.259 0.307 0.333
0.0 0.0 0.0 1.0 0.0 0.0 0.0 0.0 0.0 0.0 0.286 0.429 0.429 0.429 2.0 0.370 0.320 0.333
0.0 1.0 0.0 0.0 0.0 0.0 0.0 0.0 0.0 0.0 0.690 0.000 0.000 0.000 2.0 0.148 0.627 0.000
0.0 0.0 0.0 1.0 0.0 0.0 0.0 0.0 0.0 0.0 0.667 0.000 0.000 0.000 2.0 0.222 0.613 0.000
0.0 0.0 0.0 1.0 0.0 0.0 0.0 0.0 0.0 0.0 0.643 0.071 0.071 0.071 2.0 0.278 0.573 0.333
0.0 0.0 0.0 1.0 0.0 0.0 0.0 0.0 0.0 0.0 0.619 0.095 0.095 0.095 2.0 0.241 0.573 0.333
0.0 0.0 0.0 1.0 0.0 0.0 0.0 0.0 0.0 0.0 0.190 0.524 0.524 0.524 3.0 0.333 0.200 0.333
0.0 0.0 0.0 1.0 0.0 0.0 0.0 0.0 1.0 0.0 0.167 0.548 0.548 0.548 2.0 0.333 0.160 0.333
0.0 0.0 0.0 1.0 0.0 0.0 0.0 0.0 0.0 0.0 0.119 0.595 0.595 0.595 2.0 0.352 0.093 0.333
0.0 0.0 0.0 0.0 1.0 0.0 0.0 0.0 0.0 0.0 0.595 0.119 0.119 0.119 2.0 0.241 0.573 0.333
0.0 0.0 0.0 1.0 0.0 0.0 0.0 0.0 0.0 0.0 0.595 0.119 0.119 0.119 2.0 0.259 0.573 0.333
0.0 0.0 0.0 1.0 0.0 0.0 0.0 0.0 0.0 0.0 0.571 0.143 0.143 0.143 2.0 0.296 0.520 0.333
0.0 0.0 0.0 1.0 0.0 0.0 0.0 0.0 0.0 0.0 0.548 0.167 0.167 0.167 2.0 0.241 0.520 0.333
0.0 0.0 0.0 1.0 0.0 0.0 0.0 0.0 0.0 0.0 0.524 0.190 0.190 0.190 2.0 0.333 0.427 0.333
0.0 0.0 0.0 1.0 0.0 0.0 0.0 0.0 0.0 0.0 0.500 0.214 0.214 0.214 2.0 0.296 0.427 0.333
0.0 0.0 0.0 1.0 0.0 0.0 0.0 0.0 0.0 0.0 0.333 0.381 0.381 0.381 3.0 0.352 0.333 0.333
0.0 1.0 0.0 0.0 0.0 0.0 0.0 0.0 0.0 0.0 0.214 0.500 0.500 0.500 2.0 0.222 0.200 0.333
0.0 0.0 0.0 1.0 0.0 0.0 0.0 0.0 0.0 0.0 0.310 0.405 0.405 0.405 2.0 0.463 0.307 0.333
0.0 0.0 0.0 1.0 0.0 0.0 0.0 0.0 0.0 0.0 0.286 0.429 0.429 0.429 2.0 0.407 0.320 0.333
0.0 1.0 0.0 0.0 0.0 0.0 0.0 0.0 0.0 0.0 0.476 0.238 0.238 0.238 2.0 0.241 0.387 0.333
0.0 0.0 0.0 1.0 0.0 0.0 0.0 0.0 0.0 0.0 0.452 0.262 0.262 0.262 2.0 0.241 0.373 0.333
0.0 0.0 0.0 1.0 0.0 0.0 0.0 0.0 0.0 0.0 0.429 0.286 0.286 0.286 2.0 0.426 0.373 0.333
0.0 0.0 0.0 1.0 0.0 0.0 0.0 0.0 0.0 0.0 0.405 0.190 0.310 0.250 2.0 0.222 0.373 0.667
0.0 1.0 0.0 0.0 0.0 0.0 0.0 0.0 0.0 0.0 0.381 0.214 0.333 0.274 1.0 0.167 0.347 0.667
0.0 1.0 0.0 0.0 0.0 0.0 0.0 0.0 0.0 0.0 0.214 0.381 0.500 0.440 2.0 0.204 0.307 0.667
0.0 0.0 0.0 1.0 0.0 0.0 0.0 0.0 0.0 0.0 0.381 0.214 0.333 0.274 2.0 0.333 0.360 0.667
0.0 0.0 0.0 1.0 0.0 0.0 0.0 0.0 0.0 0.0 0.190 0.405 0.524 0.464 4.0 0.444 0.293 0.667
0.0 0.0 0.0 1.0 0.0 0.0 0.0 0.0 1.0 0.0 0.167 0.429 0.548 0.488 2.0 0.352 0.160 0.667
0.0 0.0 0.0 1.0 0.0 0.0 0.0 0.0 0.0 0.0 0.119 0.476 0.595 0.536 2.0 0.315 0.093 0.667
0.0 0.0 0.0 1.0 0.0 0.0 0.0 0.0 0.0 0.0 0.357 0.238 0.357 0.298 2.0 0.241 0.347 0.667
0.0 0.0 0.0 1.0 0.0 0.0 0.0 0.0 0.0 0.0 0.333 0.262 0.381 0.321 2.0 0.407 0.333 0.667
0.0 1.0 0.0 0.0 0.0 0.0 0.0 0.0 0.0 0.0 0.310 0.286 0.405 0.345 2.0 0.185 0.320 0.667
0.0 0.0 0.0 1.0 0.0 0.0 0.0 0.0 0.0 0.0 0.310 0.286 0.405 0.345 2.0 0.352 0.333 0.667
0.0 0.0 0.0 1.0 0.0 0.0 0.0 0.0 0.0 0.0 0.286 0.310 0.429 0.369 4.0 0.389 0.307 0.667
0.0 0.0 0.0 1.0 0.0 0.0 0.0 0.0 0.0 0.0 0.119 0.476 0.595 0.536 2.0 0.315 0.107 0.667
0.0 1.0 0.0 0.0 0.0 0.0 0.0 0.0 0.0 0.0 0.048 0.548 0.667 0.607 1.0 0.204 0.027 0.667
0.0 1.0 0.0 0.0 0.0 0.0 0.0 0.0 0.0 0.0 0.262 0.333 0.452 0.393 2.0 0.167 0.187 0.667
0.0 0.0 0.0 1.0 0.0 0.0 0.0 0.0 1.0 0.0 0.238 0.357 0.476 0.417 2.0 0.148 0.173 0.667
0.0 0.0 0.0 1.0 0.0 0.0 0.0 0.0 0.0 0.0 0.333 0.381 0.381 0.381 3.0 0.426 0.320 0.333
0.0 0.0 0.0 1.0 0.0 0.0 0.0 0.0 0.0 0.0 0.190 0.524 0.524 0.524 3.0 0.407 0.187 0.333
0.0 0.0 0.0 1.0 0.0 0.0 0.0 0.0 1.0 0.0 0.167 0.548 0.548 0.548 2.0 0.333 0.160 0.333
0.0 0.0 0.0 1.0 0.0 0.0 0.0 0.0 0.0 0.0 0.310 0.405 0.405 0.405 2.0 0.278 0.307 0.333
0.0 1.0 0.0 0.0 0.0 0.0 0.0 0.0 0.0 0.0 0.286 0.429 0.429 0.429 1.0 0.259 0.293 0.333
0.0 0.0 0.0 1.0 0.0 0.0 0.0 0.0 0.0 0.0 0.286 0.429 0.429 0.429 2.0 0.389 0.320 0.333
0.0 0.0 0.0 1.0 0.0 0.0 0.0 0.0 0.0 0.0 0.262 0.452 0.452 0.452 4.0 0.407 0.293 0.333
0.0 0.0 0.0 1.0 0.0 0.0 0.0 0.0 1.0 0.0 0.238 0.476 0.476 0.476 2.0 0.241 0.173 0.333
0.0 1.0 0.0 0.0 0.0 0.0 0.0 0.0 0.0 0.0 0.405 0.310 0.310 0.310 2.0 0.185 0.387 0.333
0.0 0.0 0.0 0.0 0.0 1.0 0.0 0.0 0.0 0.0 0.381 0.333 0.333 0.333 2.0 0.185 0.373 0.333
0.0 1.0 0.0 0.0 0.0 0.0 0.0 0.0 0.0 0.0 0.214 0.500 0.500 0.500 2.0 0.185 0.200 0.333
0.0 0.0 0.0 1.0 0.0 0.0 0.0 0.0 0.0 0.0 0.381 0.333 0.333 0.333 2.0 0.352 0.360 0.333
0.0 0.0 0.0 1.0 0.0 0.0 0.0 0.0 0.0 0.0 0.357 0.357 0.357 0.357 2.0 0.241 0.360 0.333
0.0 0.0 0.0 1.0 0.0 0.0 0.0 0.0 0.0 0.0 0.286 0.429 0.429 0.429 2.0 0.352 0.333 0.333
0.0 1.0 0.0 0.0 0.0 0.0 0.0 0.0 0.0 0.0 0.333 0.381 0.381 0.381 2.0 0.148 0.347 0.333
0.0 0.0 0.0 1.0 0.0 0.0 0.0 0.0 0.0 0.0 0.310 0.405 0.405 0.405 2.0 0.370 0.333 0.333
0.0 1.0 0.0 0.0 0.0 0.0 0.0 0.0 0.0 0.0 0.286 0.429 0.429 0.429 2.0 0.185 0.320 0.333
0.0 0.0 0.0 1.0 0.0 0.0 0.0 0.0 0.0 0.0 0.262 0.452 0.452 0.452 4.0 0.407 0.307 0.333
0.0 0.0 0.0 1.0 0.0 0.0 0.0 0.0 0.0 0.0 0.119 0.595 0.595 0.595 2.0 0.389 0.107 0.333
0.0 1.0 0.0 0.0 0.0 0.0 0.0 0.0 0.0 0.0 0.238 0.476 0.476 0.476 2.0 0.185 0.187 0.333
0.0 0.0 0.0 0.0 0.0 1.0 0.0 0.0 0.0 0.0 0.214 0.500 0.500 0.500 2.0 0.167 0.173 0.333
0.0 1.0 0.0 0.0 0.0 0.0 0.0 0.0 1.0 0.0 0.024 0.690 0.690 0.690 1.0 0.130 0.013 0.333
0.0 0.0 0.0 1.0 0.0 0.0 0.0 0.0 0.0 0.0 0.190 0.524 0.524 0.524 4.0 0.389 0.187 0.333
0.0 0.0 0.0 1.0 0.0 0.0 0.0 0.0 1.0 0.0 0.167 0.548 0.548 0.548 2.0 0.352 0.160 0.333
0.0 0.0 0.0 1.0 0.0 0.0 0.0 0.0 0.0 0.0 0.119 0.595 0.595 0.595 2.0 0.370 0.093 0.333
0.0 0.0 0.0 1.0 0.0 0.0 0.0 0.0 0.0 0.0 0.357 0.357 0.357 0.357 2.0 0.278 0.347 0.333
0.0 0.0 0.0 1.0 0.0 0.0 0.0 0.0 0.0 0.0 0.310 0.405 0.405 0.405 2.0 0.444 0.320 0.333
0.0 1.0 0.0 0.0 0.0 0.0 0.0 0.0 0.0 0.0 0.333 0.381 0.381 0.381 2.0 0.167 0.347 0.333
0.0 0.0 0.0 0.0 1.0 0.0 0.0 0.0 0.0 0.0 0.310 0.405 0.405 0.405 2.0 0.241 0.333 0.333
0.0 1.0 0.0 0.0 0.0 0.0 0.0 0.0 0.0 0.0 0.167 0.429 0.548 0.488 1.0 0.500 0.133 0.667
0.0 1.0 0.0 0.0 0.0 0.0 0.0 0.0 0.0 0.0 0.286 0.429 0.429 0.429 2.0 0.222 0.307 0.333
0.0 0.0 0.0 1.0 0.0 0.0 0.0 0.0 0.0 0.0 0.262 0.452 0.452 0.452 4.0 0.315 0.293 0.333
0.0 0.0 0.0 1.0 0.0 0.0 0.0 0.0 0.0 0.0 0.119 0.595 0.595 0.595 2.0 0.352 0.107 0.333
0.0 0.0 0.0 1.0 0.0 0.0 0.0 0.0 1.0 0.0 0.238 0.476 0.476 0.476 2.0 0.204 0.173 0.333
0.0 1.0 0.0 0.0 0.0 0.0 0.0 0.0 0.0 0.0 0.214 0.381 0.500 0.440 1.0 0.241 0.160 0.667
0.0 0.0 0.0 1.0 0.0 0.0 0.0 0.0 0.0 0.0 0.333 0.381 0.381 0.381 3.0 0.278 0.333 0.333
0.0 1.0 0.0 0.0 0.0 0.0 0.0 0.0 0.0 0.0 0.214 0.500 0.500 0.500 2.0 0.204 0.227 0.333
0.0 0.0 0.0 1.0 0.0 0.0 0.0 0.0 0.0 0.0 0.190 0.524 0.524 0.524 3.0 0.315 0.213 0.333
0.0 0.0 0.0 1.0 0.0 0.0 0.0 0.0 1.0 0.0 0.167 0.548 0.548 0.548 2.0 0.333 0.160 0.333
0.0 0.0 0.0 1.0 0.0 0.0 0.0 0.0 0.0 0.0 0.143 0.452 0.571 0.512 3.0 0.648 0.147 0.667
0.0 0.0 1.0 0.0 0.0 0.0 0.0 0.0 0.0 0.0 0.095 0.500 0.619 0.560 2.0 0.630 0.093 0.667
0.0 0.0 0.0 1.0 0.0 0.0 0.0 0.0 0.0 0.0 0.071 0.524 0.643 0.583 3.0 0.500 0.093 0.667
0.0 1.0 0.0 0.0 0.0 0.0 0.0 0.0 0.0 0.0 0.119 0.476 0.595 0.536 1.0 0.481 0.080 0.667
0.0 0.0 0.0 1.0 0.0 0.0 0.0 0.0 1.0 0.0 0.119 0.595 0.595 0.595 2.0 0.241 0.080 0.333
0.0 0.0 0.0 1.0 0.0 0.0 0.0 0.0 0.0 0.0 0.310 0.405 0.405 0.405 2.0 0.444 0.307 0.333
0.0 1.0 0.0 0.0 0.0 0.0 0.0 0.0 0.0 0.0 0.286 0.429 0.429 0.429 1.0 0.259 0.293 0.333
0.0 0.0 0.0 1.0 0.0 0.0 0.0 0.0 0.0 0.0 0.286 0.429 0.429 0.429 2.0 0.389 0.320 0.333
0.0 0.0 0.0 1.0 0.0 0.0 0.0 0.0 0.0 0.0 0.262 0.452 0.452 0.452 4.0 0.500 0.293 0.333
0.0 0.0 0.0 0.0 0.0 1.0 0.0 0.0 0.0 0.0 0.238 0.476 0.476 0.476 2.0 0.241 0.280 0.333
0.0 0.0 1.0 0.0 0.0 0.0 0.0 0.0 1.0 0.0 0.167 0.548 0.548 0.548 2.0 0.241 0.200 0.333
0.0 0.0 0.0 0.0 0.0 1.0 0.0 0.0 0.0 0.0 0.214 0.500 0.500 0.500 2.0 0.185 0.173 0.333
0.0 1.0 0.0 0.0 0.0 0.0 0.0 0.0 1.0 0.0 0.024 0.690 0.690 0.690 1.0 0.130 0.013 0.333
0.0 0.0 0.0 0.0 0.0 1.0 0.0 0.0 1.0 0.0 0.190 0.405 0.524 0.464 2.0 0.352 0.160 0.667
0.0 0.0 0.0 1.0 0.0 0.0 0.0 0.0 0.0 0.0 0.167 0.429 0.548 0.488 3.0 0.463 0.160 0.667
0.0 0.0 1.0 0.0 0.0 0.0 0.0 0.0 0.0 0.0 0.143 0.452 0.571 0.512 2.0 0.500 0.120 0.667
0.0 0.0 0.0 1.0 0.0 0.0 0.0 0.0 0.0 0.0 0.071 0.524 0.643 0.583 3.0 0.519 0.107 0.667
0.0 0.0 0.0 1.0 0.0 0.0 0.0 0.0 0.0 0.0 0.071 0.524 0.643 0.583 3.0 0.722 0.093 0.667
0.0 1.0 0.0 0.0 0.0 0.0 0.0 0.0 0.0 0.0 0.119 0.476 0.595 0.536 1.0 0.278 0.067 0.667
0.0 1.0 0.0 0.0 0.0 0.0 0.0 0.0 0.0 0.0 0.095 0.500 0.619 0.560 2.0 0.370 0.067 0.667
0.0 0.0 0.0 1.0 0.0 0.0 0.0 0.0 0.0 0.0 0.071 0.524 0.643 0.583 2.0 0.241 0.053 0.667
0.0 0.0 0.0 1.0 0.0 0.0 0.0 0.0 1.0 0.0 0.119 0.595 0.595 0.595 2.0 0.278 0.093 0.333
0.0 1.0 0.0 0.0 0.0 0.0 0.0 0.0 0.0 0.0 0.095 0.500 0.619 0.560 2.0 0.389 0.080 0.667
0.0 0.0 0.0 1.0 0.0 0.0 0.0 0.0 0.0 0.0 0.071 0.524 0.643 0.583 2.0 0.278 0.067 0.667
0.0 0.0 0.0 0.0 0.0 1.0 0.0 0.0 1.0 0.0 0.048 0.548 0.667 0.607 2.0 0.167 0.040 0.667
0.0 0.0 0.0 0.0 1.0 0.0 0.0 0.0 1.0 0.0 0.024 0.571 0.690 0.631 2.0 0.130 0.027 0.667
0.0 0.0 0.0 1.0 0.0 0.0 0.0 0.0 0.0 0.0 0.071 0.524 0.643 0.583 3.0 0.815 0.080 0.667
0.0 0.0 0.0 0.0 0.0 1.0 0.0 0.0 0.0 0.0 0.048 0.548 0.667 0.607 2.0 0.685 0.053 0.667
0.0 1.0 0.0 0.0 0.0 0.0 0.0 0.0 0.0 0.0 0.143 0.452 0.571 0.512 2.0 0.593 0.133 0.667
0.0 1.0 0.0 0.0 0.0 0.0 0.0 0.0 0.0 0.0 0.119 0.476 0.595 0.536 1.0 0.611 0.120 0.667
0.0 0.0 0.0 1.0 0.0 0.0 0.0 0.0 0.0 0.0 0.095 0.500 0.619 0.560 4.0 1.000 0.120 0.667
0.0 0.0 0.0 1.0 0.0 0.0 0.0 0.0 0.0 0.0 0.048 0.548 0.667 0.607 2.0 0.500 0.053 0.667
0.0 0.0 0.0 1.0 0.0 0.0 0.0 0.0 0.0 0.0 0.071 0.524 0.643 0.583 2.0 0.444 0.040 0.667
0.0 1.0 0.0 0.0 0.0 0.0 0.0 0.0 1.0 0.0 0.024 0.571 0.690 0.631 1.0 0.278 0.013 0.667
0.0 0.0 0.0 0.0 0.0 1.0 0.0 0.0 0.0 0.0 0.548 0.048 0.048 0.048 3.0 0.796 0.613 0.333
0.0 0.0 0.0 1.0 0.0 0.0 0.0 0.0 1.0 0.0 0.190 0.000 0.000 0.000 2.0 0.222 0.240 0.000
0.0 0.0 0.0 1.0 0.0 0.0 0.0 0.0 0.0 0.0 0.167 0.429 0.429 0.429 2.0 0.611 0.227 0.333
0.0 0.0 0.0 1.0 0.0 0.0 0.0 0.0 0.0 0.0 0.143 0.452 0.452 0.452 2.0 0.407 0.200 0.333
0.0 1.0 0.0 0.0 0.0 0.0 0.0 0.0 0.0 0.0 0.071 0.048 0.524 0.286 1.0 0.500 0.040 0.667
0.0 0.0 0.0 0.0 0.0 1.0 0.0 0.0 1.0 0.0 0.048 0.071 0.548 0.310 2.0 0.463 0.040 0.667
0.0 1.0 0.0 0.0 0.0 0.0 0.0 0.0 0.0 0.0 0.643 0.000 0.000 0.000 2.0 0.111 0.680 0.000
0.0 0.0 0.0 1.0 0.0 0.0 0.0 0.0 0.0 0.0 0.619 0.000 0.000 0.000 4.0 0.241 0.667 0.000
0.0 0.0 0.0 0.0 0.0 1.0 0.0 0.0 0.0 0.0 0.167 0.000 0.000 0.000 3.0 0.296 0.240 0.000
0.0 0.0 1.0 0.0 0.0 0.0 0.0 0.0 0.0 0.0 0.143 0.000 0.000 0.000 3.0 0.426 0.227 0.000
0.0 0.0 0.0 0.0 0.0 1.0 0.0 0.0 1.0 0.0 0.071 0.643 0.643 0.643 3.0 0.389 0.067 0.333
0.0 1.0 0.0 0.0 0.0 0.0 0.0 0.0 0.0 0.0 0.048 0.667 0.667 0.667 1.0 0.222 0.027 0.333
0.0 1.0 0.0 0.0 0.0 0.0 0.0 0.0 0.0 0.0 0.071 0.000 0.000 0.000 2.0 0.148 0.067 0.000
0.0 0.0 0.0 0.0 0.0 1.0 0.0 0.0 1.0 0.0 0.048 0.000 0.000 0.000 3.0 0.185 0.053 0.000
0.0 1.0 0.0 0.0 0.0 0.0 0.0 0.0 0.0 0.0 0.595 0.000 0.000 0.000 2.0 0.167 0.627 0.000
0.0 0.0 0.0 1.0 0.0 0.0 0.0 0.0 0.0 0.0 0.571 0.000 0.000 0.000 2.0 0.185 0.613 0.000
0.0 0.0 0.0 1.0 0.0 0.0 0.0 0.0 1.0 0.0 0.048 0.000 0.000 0.000 3.0 0.278 0.053 0.000
0.0 0.0 0.0 1.0 0.0 0.0 0.0 0.0 1.0 0.0 0.071 0.000 0.000 0.000 2.0 0.185 0.053 0.000
0.0 0.0 0.0 1.0 0.0 0.0 0.0 0.0 0.0 0.0 0.643 0.000 0.000 0.000 4.0 0.259 0.640 0.000
0.0 0.0 0.0 1.0 0.0 0.0 0.0 0.0 1.0 0.0 0.619 0.000 0.000 0.000 2.0 0.148 0.627 0.000
0.0 0.0 0.0 1.0 0.0 0.0 0.0 0.0 0.0 0.0 0.595 0.000 0.000 0.000 2.0 0.167 0.627 0.000
0.0 0.0 0.0 1.0 0.0 0.0 0.0 0.0 0.0 0.0 0.571 0.000 0.000 0.000 2.0 0.222 0.627 0.000
0.0 1.0 0.0 0.0 0.0 0.0 0.0 0.0 0.0 0.0 0.548 0.167 0.167 0.167 2.0 0.444 0.600 0.333
0.0 0.0 0.0 1.0 0.0 0.0 0.0 0.0 0.0 0.0 0.048 0.000 0.000 0.000 2.0 0.296 0.053 0.000
0.0 0.0 0.0 0.0 1.0 0.0 0.0 0.0 1.0 0.0 0.095 0.000 0.000 0.000 3.0 0.185 0.067 0.000
0.0 1.0 0.0 0.0 0.0 0.0 0.0 0.0 0.0 0.0 0.071 0.524 0.643 0.583 1.0 0.630 0.040 0.667
0.0 0.0 0.0 0.0 0.0 1.0 0.0 0.0 1.0 0.0 0.048 0.548 0.667 0.607 2.0 0.352 0.040 0.667
0.0 1.0 0.0 0.0 0.0 0.0 0.0 0.0 0.0 0.0 0.119 0.476 0.595 0.536 1.0 0.333 0.053 0.667
0.0 0.0 0.0 0.0 0.0 1.0 0.0 0.0 1.0 0.0 0.095 0.500 0.619 0.560 2.0 0.259 0.053 0.667
0.0 0.0 0.0 1.0 0.0 0.0 0.0 0.0 0.0 0.0 0.548 0.000 0.000 0.000 4.0 0.574 0.613 0.000
0.0 0.0 0.0 1.0 0.0 0.0 0.0 0.0 0.0 0.0 0.524 0.071 0.190 0.131 3.0 0.667 0.587 0.667
0.0 0.0 0.0 1.0 0.0 0.0 0.0 0.0 0.0 0.0 0.500 0.095 0.214 0.155 4.0 0.389 0.573 0.667
0.0 1.0 0.0 0.0 0.0 0.0 0.0 0.0 0.0 0.0 0.143 0.452 0.571 0.512 3.0 0.333 0.093 0.667
0.0 0.0 0.0 1.0 0.0 0.0 0.0 0.0 0.0 0.0 0.476 0.119 0.238 0.179 2.0 0.241 0.520 0.667
0.0 0.0 0.0 1.0 0.0 0.0 0.0 0.0 0.0 0.0 0.452 0.143 0.262 0.202 3.0 0.259 0.493 0.667
0.0 0.0 0.0 0.0 1.0 0.0 0.0 0.0 0.0 0.0 0.214 0.381 0.500 0.440 2.0 0.222 0.267 0.667
0.0 0.0 0.0 1.0 0.0 0.0 0.0 0.0 0.0 0.0 0.429 0.167 0.286 0.226 3.0 0.296 0.467 0.667
0.0 0.0 0.0 1.0 0.0 0.0 0.0 0.0 0.0 0.0 0.381 0.214 0.333 0.274 2.0 0.241 0.413 0.667
0.0 0.0 0.0 1.0 0.0 0.0 0.0 0.0 0.0 0.0 0.405 0.190 0.310 0.250 4.0 0.315 0.427 0.667
0.0 0.0 0.0 0.0 1.0 0.0 0.0 0.0 0.0 0.0 0.381 0.214 0.333 0.274 2.0 0.259 0.413 0.667
0.0 0.0 0.0 1.0 0.0 0.0 0.0 0.0 0.0 0.0 0.190 0.405 0.524 0.464 3.0 0.259 0.253 0.667
0.0 0.0 0.0 1.0 0.0 0.0 0.0 0.0 1.0 0.0 0.167 0.429 0.548 0.488 2.0 0.278 0.200 0.667
0.0 0.0 0.0 1.0 0.0 0.0 0.0 0.0 1.0 0.0 0.024 0.571 0.690 0.631 2.0 0.111 0.027 0.667
0.0 0.0 0.0 1.0 0.0 0.0 0.0 0.0 0.0 0.0 0.357 0.238 0.357 0.298 2.0 0.222 0.387 0.667
0.0 0.0 0.0 1.0 0.0 0.0 0.0 0.0 0.0 0.0 0.238 0.357 0.476 0.417 2.0 0.222 0.280 0.667
0.0 1.0 0.0 0.0 0.0 0.0 0.0 0.0 0.0 0.0 0.214 0.381 0.500 0.440 2.0 0.167 0.267 0.667
0.0 0.0 0.0 1.0 0.0 0.0 0.0 0.0 0.0 0.0 0.333 0.262 0.381 0.321 2.0 0.204 0.387 0.667
0.0 0.0 0.0 1.0 0.0 0.0 0.0 0.0 0.0 0.0 0.310 0.286 0.405 0.345 2.0 0.167 0.347 0.667
0.0 0.0 0.0 1.0 0.0 0.0 0.0 0.0 0.0 0.0 0.286 0.310 0.429 0.369 2.0 0.241 0.333 0.667
0.0 0.0 0.0 1.0 0.0 0.0 0.0 0.0 0.0 0.0 0.214 0.381 0.500 0.440 4.0 0.333 0.253 0.667
0.0 0.0 0.0 1.0 0.0 0.0 0.0 0.0 0.0 0.0 0.262 0.333 0.452 0.393 3.0 0.259 0.307 0.667
0.0 1.0 0.0 0.0 0.0 0.0 0.0 0.0 0.0 0.0 0.238 0.357 0.476 0.417 2.0 0.167 0.253 0.667
0.0 0.0 0.0 0.0 0.0 1.0 0.0 0.0 0.0 0.0 0.214 0.381 0.500 0.440 3.0 0.204 0.240 0.667
0.0 1.0 0.0 0.0 0.0 0.0 0.0 0.0 0.0 0.0 0.190 0.405 0.524 0.464 1.0 0.148 0.200 0.667
0.0 0.0 0.0 1.0 0.0 0.0 0.0 0.0 1.0 0.0 0.167 0.429 0.548 0.488 2.0 0.333 0.200 0.667
0.0 0.0 1.0 0.0 0.0 0.0 0.0 0.0 1.0 0.0 0.024 0.571 0.690 0.631 2.0 0.093 0.027 0.667
0.0 0.0 0.0 1.0 0.0 0.0 0.0 0.0 0.0 0.0 0.214 0.381 0.500 0.440 3.0 0.241 0.253 0.667
0.0 0.0 0.0 1.0 0.0 0.0 0.0 0.0 1.0 0.0 0.167 0.429 0.548 0.488 2.0 0.278 0.080 0.667
0.0 0.0 0.0 1.0 0.0 0.0 0.0 0.0 0.0 0.0 0.190 0.405 0.524 0.464 3.0 0.259 0.253 0.667
0.0 0.0 0.0 1.0 0.0 0.0 0.0 0.0 1.0 0.0 0.167 0.429 0.548 0.488 2.0 0.389 0.200 0.667
0.0 0.0 0.0 1.0 0.0 0.0 0.0 0.0 1.0 0.0 0.024 0.571 0.690 0.631 2.0 0.093 0.027 0.667
0.0 0.0 0.0 1.0 0.0 0.0 0.0 0.0 1.0 0.0 0.143 0.452 0.571 0.512 2.0 0.241 0.173 0.667
0.0 0.0 0.0 1.0 0.0 0.0 0.0 0.0 0.0 0.0 0.190 0.405 0.524 0.464 3.0 0.259 0.253 0.667
0.0 0.0 0.0 1.0 0.0 0.0 0.0 0.0 1.0 0.0 0.143 0.452 0.571 0.512 2.0 0.241 0.173 0.667
0.0 0.0 0.0 1.0 0.0 0.0 0.0 0.0 1.0 0.0 0.167 0.429 0.548 0.488 2.0 0.278 0.080 0.667
0.0 1.0 0.0 0.0 0.0 0.0 0.0 0.0 0.0 0.0 0.262 0.333 0.452 0.393 2.0 0.130 0.267 0.667
0.0 0.0 0.0 1.0 0.0 0.0 0.0 0.0 0.0 0.0 0.238 0.357 0.476 0.417 2.0 0.167 0.253 0.667
0.0 0.0 0.0 1.0 0.0 0.0 0.0 0.0 0.0 0.0 0.190 0.405 0.524 0.464 3.0 0.259 0.240 0.667
0.0 0.0 0.0 1.0 0.0 0.0 0.0 0.0 1.0 0.0 0.024 0.571 0.690 0.631 2.0 0.148 0.027 0.667
0.0 0.0 0.0 1.0 0.0 0.0 0.0 0.0 1.0 0.0 0.167 0.429 0.548 0.488 2.0 0.426 0.200 0.667
0.0 1.0 0.0 0.0 0.0 0.0 0.0 0.0 0.0 0.0 0.214 0.381 0.500 0.440 1.0 0.148 0.227 0.667
0.0 0.0 0.0 1.0 0.0 0.0 0.0 0.0 0.0 0.0 0.190 0.405 0.524 0.464 2.0 0.222 0.227 0.667
0.0 0.0 0.0 1.0 0.0 0.0 0.0 0.0 1.0 0.0 0.143 0.452 0.571 0.512 2.0 0.241 0.173 0.667
0.0 0.0 0.0 1.0 0.0 0.0 0.0 0.0 1.0 0.0 0.167 0.429 0.548 0.488 2.0 0.278 0.080 0.667
0.0 0.0 0.0 1.0 0.0 0.0 0.0 0.0 0.0 0.0 0.238 0.357 0.476 0.417 2.0 0.148 0.280 0.667
0.0 1.0 0.0 0.0 0.0 0.0 0.0 0.0 0.0 0.0 0.214 0.381 0.500 0.440 1.0 0.167 0.253 0.667
0.0 0.0 0.0 1.0 0.0 0.0 0.0 0.0 0.0 0.0 0.190 0.405 0.524 0.464 3.0 0.278 0.253 0.667
0.0 0.0 0.0 0.0 0.0 1.0 0.0 0.0 0.0 0.0 0.167 0.429 0.548 0.488 2.0 0.611 0.213 0.667
0.0 0.0 0.0 1.0 0.0 0.0 0.0 0.0 1.0 0.0 0.167 0.429 0.548 0.488 2.0 0.370 0.200 0.667
0.0 0.0 0.0 1.0 0.0 0.0 0.0 0.0 1.0 0.0 0.024 0.571 0.690 0.631 2.0 0.111 0.027 0.667
0.0 1.0 0.0 0.0 0.0 0.0 0.0 0.0 0.0 0.0 0.214 0.381 0.500 0.440 2.0 0.167 0.267 0.667
0.0 0.0 1.0 0.0 0.0 0.0 0.0 0.0 0.0 0.0 0.190 0.405 0.524 0.464 3.0 0.259 0.253 0.667
0.0 0.0 0.0 1.0 0.0 0.0 0.0 0.0 1.0 0.0 0.143 0.452 0.571 0.512 2.0 0.259 0.173 0.667
0.0 0.0 0.0 1.0 0.0 0.0 0.0 0.0 1.0 0.0 0.167 0.429 0.548 0.488 2.0 0.296 0.080 0.667
0.0 0.0 0.0 1.0 0.0 0.0 0.0 0.0 1.0 0.0 0.143 0.452 0.571 0.512 2.0 0.259 0.173 0.667
0.0 1.0 0.0 0.0 0.0 0.0 0.0 0.0 0.0 0.0 0.167 0.429 0.548 0.488 2.0 0.556 0.200 0.667
0.0 1.0 0.0 0.0 0.0 0.0 0.0 0.0 0.0 0.0 0.190 0.405 0.524 0.464 2.0 0.148 0.093 0.667
0.0 0.0 0.0 1.0 0.0 0.0 0.0 0.0 1.0 0.0 0.167 0.429 0.548 0.488 2.0 0.241 0.080 0.667
0.0 0.0 0.0 1.0 0.0 0.0 0.0 0.0 0.0 0.0 0.214 0.381 0.500 0.440 2.0 0.222 0.267 0.667
0.0 0.0 0.0 1.0 0.0 0.0 0.0 0.0 0.0 0.0 0.190 0.405 0.524 0.464 3.0 0.352 0.240 0.667
0.0 0.0 0.0 1.0 0.0 0.0 0.0 0.0 1.0 0.0 0.167 0.429 0.548 0.488 2.0 0.389 0.200 0.667
0.0 0.0 0.0 1.0 0.0 0.0 0.0 0.0 1.0 0.0 0.024 0.571 0.690 0.631 2.0 0.315 0.027 0.667
0.0 1.0 0.0 0.0 0.0 0.0 0.0 0.0 0.0 0.0 0.190 0.405 0.524 0.464 2.0 0.167 0.240 0.667
0.0 0.0 0.0 0.0 0.0 1.0 0.0 0.0 0.0 0.0 0.167 0.429 0.548 0.488 2.0 0.167 0.227 0.667
0.0 0.0 1.0 0.0 0.0 0.0 0.0 0.0 1.0 0.0 0.143 0.452 0.571 0.512 2.0 0.222 0.173 0.667
0.0 0.0 0.0 0.0 0.0 1.0 0.0 0.0 1.0 0.0 0.119 0.476 0.595 0.536 3.0 0.463 0.173 0.667
0.0 0.0 0.0 0.0 0.0 1.0 0.0 0.0 0.0 0.0 0.143 0.452 0.571 0.512 2.0 0.241 0.080 0.667
0.0 1.0 0.0 0.0 0.0 0.0 0.0 0.0 1.0 0.0 0.024 0.571 0.690 0.631 1.0 0.130 0.013 0.667
0.0 0.0 0.0 1.0 0.0 0.0 0.0 0.0 1.0 0.0 0.167 0.429 0.548 0.488 3.0 0.296 0.093 0.667
0.0 1.0 0.0 0.0 0.0 0.0 0.0 0.0 1.0 0.0 0.024 0.571 0.690 0.631 2.0 0.074 0.027 0.667
0.0 0.0 0.0 1.0 0.0 0.0 0.0 0.0 0.0 0.0 0.190 0.405 0.524 0.464 2.0 0.148 0.107 0.667
0.0 0.0 0.0 1.0 0.0 0.0 0.0 0.0 1.0 0.0 0.167 0.429 0.548 0.488 2.0 0.130 0.107 0.667
0.0 0.0 0.0 1.0 0.0 0.0 0.0 0.0 0.0 0.0 0.143 0.452 0.571 0.512 2.0 0.222 0.093 0.667
1.0 0.0 0.0 0.0 0.0 0.0 0.0 0.0 1.0 0.0 0.048 0.548 0.667 0.607 3.0 0.148 0.040 0.667
0.0 1.0 0.0 0.0 0.0 0.0 0.0 0.0 0.0 0.0 0.167 0.429 0.548 0.488 2.0 0.130 0.107 0.667
0.0 0.0 0.0 1.0 0.0 0.0 0.0 0.0 1.0 0.0 0.143 0.452 0.571 0.512 3.0 0.204 0.093 0.667
0.0 0.0 0.0 0.0 1.0 0.0 0.0 0.0 1.0 0.0 0.024 0.571 0.690 0.631 2.0 0.074 0.027 0.667
0.0 0.0 0.0 1.0 0.0 0.0 0.0 0.0 0.0 0.0 0.238 0.357 0.476 0.417 2.0 0.185 0.107 0.667
0.0 1.0 0.0 0.0 0.0 0.0 0.0 0.0 0.0 0.0 0.214 0.381 0.500 0.440 2.0 0.167 0.107 0.667
0.0 0.0 0.0 1.0 0.0 0.0 0.0 0.0 0.0 0.0 0.238 0.357 0.476 0.417 2.0 0.259 0.120 0.667
0.0 0.0 0.0 1.0 0.0 0.0 0.0 0.0 0.0 0.0 0.214 0.381 0.500 0.440 3.0 0.241 0.120 0.667
0.0 0.0 0.0 1.0 0.0 0.0 0.0 0.0 1.0 0.0 0.167 0.429 0.548 0.488 2.0 0.278 0.080 0.667
0.0 1.0 0.0 0.0 0.0 0.0 0.0 0.0 0.0 0.0 0.143 0.452 0.571 0.512 2.0 0.222 0.080 0.667
0.0 1.0 0.0 0.0 0.0 0.0 0.0 0.0 0.0 0.0 0.238 0.357 0.476 0.417 4.0 0.315 0.120 0.667
0.0 1.0 0.0 0.0 0.0 0.0 0.0 0.0 0.0 0.0 0.071 0.524 0.643 0.583 1.0 0.185 0.027 0.667
0.0 0.0 0.0 1.0 0.0 0.0 0.0 0.0 0.0 0.0 0.071 0.524 0.643 0.583 2.0 0.333 0.067 0.667
0.0 0.0 0.0 1.0 0.0 0.0 0.0 0.0 0.0 0.0 0.286 0.310 0.429 0.369 2.0 0.315 0.120 0.667
0.0 0.0 0.0 0.0 0.0 1.0 0.0 0.0 0.0 0.0 0.048 0.548 0.667 0.607 2.0 0.278 0.027 0.667
0.0 1.0 0.0 0.0 0.0 0.0 0.0 0.0 1.0 0.0 0.024 0.571 0.690 0.631 1.0 0.167 0.013 0.667
0.0 0.0 0.0 1.0 0.0 0.0 0.0 0.0 0.0 0.0 0.262 0.333 0.452 0.393 2.0 0.185 0.120 0.667
0.0 1.0 0.0 0.0 0.0 0.0 0.0 0.0 0.0 0.0 0.238 0.357 0.476 0.417 2.0 0.130 0.107 0.667
0.0 1.0 0.0 0.0 0.0 0.0 0.0 0.0 0.0 0.0 0.214 0.381 0.500 0.440 1.0 0.222 0.093 0.667
0.0 0.0 0.0 1.0 0.0 0.0 0.0 0.0 0.0 0.0 0.214 0.381 0.500 0.440 3.0 0.407 0.107 0.667
0.0 1.0 0.0 0.0 0.0 0.0 0.0 0.0 0.0 0.0 0.190 0.405 0.524 0.464 2.0 0.296 0.093 0.667
0.0 0.0 0.0 1.0 0.0 0.0 0.0 0.0 1.0 0.0 0.167 0.429 0.548 0.488 2.0 0.296 0.080 0.667
0.0 1.0 0.0 0.0 0.0 0.0 0.0 0.0 0.0 0.0 0.143 0.452 0.571 0.512 1.0 0.556 0.067 0.667
0.0 1.0 0.0 0.0 0.0 0.0 0.0 0.0 0.0 0.0 0.119 0.476 0.595 0.536 2.0 0.519 0.067 0.667
0.0 0.0 0.0 1.0 0.0 0.0 0.0 0.0 0.0 0.0 0.095 0.500 0.619 0.560 2.0 0.296 0.053 0.667
0.0 0.0 0.0 0.0 1.0 0.0 0.0 0.0 1.0 0.0 0.024 0.095 0.690 0.452 2.0 0.241 0.027 1.000
0.0 1.0 0.0 0.0 0.0 0.0 0.0 0.0 0.0 0.0 0.071 0.524 0.643 0.583 1.0 0.444 0.040 0.667
0.0 1.0 0.0 0.0 0.0 0.0 0.0 0.0 0.0 0.0 0.048 0.548 0.667 0.607 2.0 0.796 0.027 0.667
0.0 1.0 0.0 0.0 0.0 0.0 0.0 0.0 1.0 0.0 0.024 0.571 0.690 0.631 1.0 0.315 0.013 0.667
0.0 1.0 0.0 0.0 0.0 0.0 0.0 0.0 0.0 0.0 0.119 0.476 0.595 0.536 2.0 0.444 0.160 0.667
0.0 0.0 0.0 1.0 0.0 0.0 0.0 0.0 0.0 0.0 0.095 0.000 0.000 0.000 2.0 0.093 0.053 0.000
0.0 0.0 0.0 1.0 0.0 0.0 0.0 0.0 1.0 0.0 0.048 0.000 0.000 0.000 2.0 0.074 0.040 0.000
0.0 0.0 0.0 1.0 0.0 0.0 0.0 0.0 1.0 0.0 0.024 0.000 0.000 0.000 2.0 0.056 0.027 0.000
0.0 0.0 0.0 1.0 0.0 0.0 0.0 0.0 1.0 0.0 0.071 0.000 0.000 0.000 2.0 0.204 0.053 0.000
0.0 0.0 0.0 1.0 0.0 0.0 0.0 0.0 0.0 0.0 0.167 0.000 0.000 0.000 2.0 0.111 0.213 0.000
0.0 0.0 0.0 1.0 0.0 0.0 0.0 0.0 0.0 0.0 0.071 0.000 0.000 0.000 2.0 0.222 0.067 0.000
0.0 0.0 0.0 0.0 0.0 1.0 0.0 0.0 0.0 0.0 0.048 0.548 0.667 0.607 2.0 0.426 0.040 0.667
0.0 1.0 0.0 0.0 0.0 0.0 0.0 0.0 1.0 0.0 0.024 0.571 0.690 0.631 1.0 0.204 0.013 0.667
0.0 0.0 0.0 0.0 1.0 0.0 0.0 0.0 0.0 0.0 0.143 0.000 0.000 0.000 2.0 0.222 0.213 0.000
0.0 1.0 0.0 0.0 0.0 0.0 0.0 0.0 0.0 0.0 0.048 0.548 0.667 0.607 1.0 0.389 0.027 0.667
0.0 1.0 0.0 0.0 0.0 0.0 0.0 0.0 1.0 0.0 0.024 0.571 0.690 0.631 2.0 0.741 0.027 0.667
0.0 0.0 0.0 1.0 0.0 0.0 0.0 0.0 0.0 0.0 0.119 0.476 0.476 0.476 2.0 0.556 0.187 0.333
0.0 0.0 1.0 0.0 0.0 0.0 0.0 0.0 0.0 0.0 0.095 0.500 0.619 0.560 4.0 0.574 0.147 0.667
0.0 0.0 0.0 0.0 0.0 1.0 0.0 0.0 0.0 0.0 0.071 0.524 0.643 0.583 3.0 0.241 0.080 0.667
0.0 0.0 0.0 0.0 0.0 1.0 0.0 0.0 1.0 0.0 0.048 0.548 0.667 0.607 2.0 0.130 0.040 0.667
0.0 0.0 1.0 0.0 0.0 0.0 0.0 0.0 1.0 0.0 0.048 0.548 0.667 0.607 2.0 0.130 0.040 0.667
0.0 1.0 0.0 0.0 0.0 0.0 0.0 0.0 1.0 0.0 0.024 0.095 0.690 0.452 2.0 0.148 0.027 1.000
0.0 0.0 0.0 0.0 0.0 1.0 0.0 0.0 1.0 0.0 0.048 0.548 0.667 0.607 2.0 0.167 0.040 0.667
0.0 1.0 0.0 0.0 0.0 0.0 0.0 0.0 1.0 0.0 0.024 0.571 0.690 0.631 2.0 0.315 0.027 0.667
0.0 0.0 0.0 1.0 0.0 0.0 0.0 0.0 0.0 0.0 0.071 0.524 0.643 0.583 2.0 0.296 0.040 0.667
0.0 1.0 0.0 0.0 0.0 0.0 0.0 0.0 0.0 0.0 0.048 0.548 0.667 0.607 1.0 0.259 0.027 0.667
0.0 1.0 0.0 0.0 0.0 0.0 0.0 0.0 1.0 0.0 0.024 0.571 0.690 0.631 2.0 0.259 0.027 0.667
0.0 0.0 0.0 1.0 0.0 0.0 0.0 0.0 0.0 0.0 0.071 0.524 0.643 0.583 2.0 0.296 0.040 0.667
0.0 1.0 0.0 0.0 0.0 0.0 0.0 0.0 1.0 0.0 0.024 0.571 0.690 0.631 1.0 0.074 0.013 0.667
0.0 1.0 0.0 0.0 0.0 0.0 0.0 0.0 0.0 0.0 0.048 0.548 0.667 0.607 2.0 0.463 0.027 0.667
0.0 1.0 0.0 0.0 0.0 0.0 0.0 0.0 1.0 0.0 0.024 0.571 0.690 0.631 1.0 0.444 0.013 0.667
0.0 0.0 0.0 1.0 0.0 0.0 0.0 0.0 0.0 0.0 0.048 0.548 0.667 0.607 2.0 0.296 0.040 0.667
0.0 1.0 0.0 0.0 0.0 0.0 0.0 0.0 1.0 0.0 0.024 0.571 0.690 0.631 1.0 0.130 0.013 0.667
0.0 1.0 0.0 0.0 0.0 0.0 0.0 0.0 1.0 0.0 0.024 0.571 0.690 0.631 2.0 0.426 0.027 0.667
0.0 0.0 0.0 0.0 0.0 1.0 0.0 0.0 1.0 0.0 0.048 0.548 0.667 0.607 2.0 0.574 0.040 0.667
0.0 1.0 0.0 0.0 0.0 0.0 0.0 0.0 1.0 0.0 0.024 0.571 0.690 0.631 2.0 0.685 0.027 0.667
