0.0 1.0 0.0 0.0 0.0 0.0 0.0 0.0 0.0 0.0 0.500 0.156 0.500 0.324 1.0 0.180 0.846 0.121
0.0 0.0 0.0 1.0 0.0 0.0 0.0 0.0 0.0 1.0 0.562 0.000 0.000 0.000 2.0 0.056 0.462 0.015
0.0 0.0 0.0 1.0 0.0 0.0 0.0 0.0 0.0 1.0 0.562 0.000 0.000 0.000 2.0 0.056 0.462 0.015
0.0 0.0 0.0 1.0 0.0 0.0 0.0 0.0 0.0 1.0 0.562 0.000 0.000 0.000 2.0 0.056 0.462 0.015
0.0 0.0 0.0 1.0 0.0 0.0 0.0 0.0 0.0 1.0 0.562 0.000 0.000 0.000 2.0 0.056 0.462 0.015
0.0 1.0 0.0 0.0 0.0 0.0 0.0 0.0 0.0 1.0 0.594 0.000 0.000 0.000 1.0 0.045 0.462 0.015
0.0 0.0 1.0 0.0 0.0 0.0 0.0 0.0 0.0 0.0 0.562 0.031 0.031 0.031 2.0 0.067 0.462 0.015
0.0 0.0 0.0 1.0 0.0 0.0 0.0 0.0 0.0 1.0 0.562 0.000 0.000 0.000 2.0 0.056 0.462 0.015
0.0 0.0 0.0 1.0 0.0 0.0 0.0 0.0 0.0 1.0 0.562 0.000 0.000 0.000 2.0 0.056 0.462 0.015
0.0 0.0 0.0 1.0 0.0 0.0 0.0 0.0 0.0 1.0 0.562 0.000 0.000 0.000 2.0 0.056 0.462 0.015
0.0 0.0 0.0 1.0 0.0 0.0 0.0 0.0 0.0 1.0 0.625 0.000 0.000 0.000 2.0 0.056 0.667 0.015
0.0 0.0 0.0 1.0 0.0 0.0 0.0 0.0 0.0 1.0 0.625 0.000 0.000 0.000 2.0 0.056 0.667 0.015
0.0 0.0 0.0 1.0 0.0 0.0 0.0 0.0 0.0 1.0 0.625 0.000 0.000 0.000 2.0 0.056 0.667 0.015
0.0 0.0 0.0 1.0 0.0 0.0 0.0 0.0 0.0 1.0 0.625 0.000 0.000 0.000 2.0 0.056 0.667 0.015
0.0 0.0 0.0 1.0 0.0 0.0 0.0 0.0 0.0 1.0 0.625 0.000 0.000 0.000 2.0 0.056 0.667 0.015
0.0 0.0 0.0 1.0 0.0 0.0 0.0 0.0 0.0 1.0 0.625 0.000 0.000 0.000 2.0 0.056 0.667 0.015
0.0 0.0 0.0 1.0 0.0 0.0 0.0 0.0 0.0 1.0 0.656 0.000 0.000 0.000 2.0 0.056 0.667 0.015
0.0 0.0 0.0 1.0 0.0 0.0 0.0 0.0 0.0 1.0 0.625 0.000 0.000 0.000 2.0 0.056 0.667 0.015
0.0 0.0 0.0 1.0 0.0 0.0 0.0 0.0 0.0 1.0 0.188 0.000 0.000 0.000 2.0 0.056 0.128 0.015
0.0 1.0 0.0 0.0 0.0 0.0 0.0 0.0 0.0 1.0 0.219 0.000 0.000 0.000 1.0 0.045 0.128 0.015
0.0 0.0 0.0 1.0 0.0 0.0 0.0 0.0 0.0 0.0 0.188 0.031 0.031 0.031 2.0 0.067 0.128 0.015
0.0 0.0 0.0 1.0 0.0 0.0 0.0 0.0 0.0 1.0 0.219 0.000 0.000 0.000 2.0 0.056 0.128 0.015
0.0 0.0 0.0 1.0 0.0 0.0 0.0 0.0 0.0 1.0 0.188 0.000 0.000 0.000 2.0 0.056 0.128 0.015
0.0 0.0 0.0 1.0 0.0 0.0 0.0 0.0 0.0 1.0 0.188 0.000 0.000 0.000 2.0 0.056 0.128 0.015
0.0 1.0 0.0 0.0 0.0 0.0 0.0 0.0 0.0 1.0 0.219 0.000 0.000 0.000 1.0 0.045 0.128 0.015
0.0 0.0 0.0 1.0 0.0 0.0 0.0 0.0 0.0 0.0 0.188 0.031 0.031 0.031 2.0 0.067 0.128 0.015
0.0 1.0 0.0 0.0 0.0 0.0 0.0 0.0 0.0 1.0 0.219 0.000 0.000 0.000 1.0 0.045 0.128 0.015
0.0 0.0 0.0 1.0 0.0 0.0 0.0 0.0 0.0 0.0 0.188 0.031 0.031 0.031 2.0 0.067 0.128 0.015
0.0 0.0 0.0 1.0 0.0 0.0 0.0 0.0 0.0 1.0 0.188 0.000 0.000 0.000 2.0 0.056 0.128 0.015
0.0 0.0 0.0 1.0 0.0 0.0 0.0 0.0 0.0 1.0 0.188 0.000 0.000 0.000 2.0 0.056 0.103 0.015
0.0 0.0 0.0 1.0 0.0 0.0 0.0 0.0 0.0 1.0 0.188 0.000 0.000 0.000 2.0 0.056 0.103 0.015
0.0 0.0 0.0 1.0 0.0 0.0 0.0 0.0 0.0 1.0 0.188 0.000 0.000 0.000 2.0 0.056 0.103 0.015
0.0 0.0 0.0 1.0 0.0 0.0 0.0 0.0 0.0 1.0 0.188 0.000 0.000 0.000 2.0 0.056 0.103 0.015
0.0 1.0 0.0 0.0 0.0 0.0 0.0 0.0 0.0 1.0 0.219 0.000 0.000 0.000 1.0 0.045 0.103 0.015
0.0 0.0 0.0 1.0 0.0 0.0 0.0 0.0 0.0 0.0 0.188 0.031 0.031 0.031 2.0 0.067 0.103 0.015
0.0 0.0 0.0 1.0 0.0 0.0 0.0 0.0 0.0 1.0 0.188 0.000 0.000 0.000 2.0 0.056 0.103 0.015
0.0 0.0 0.0 1.0 0.0 0.0 0.0 0.0 0.0 1.0 0.188 0.000 0.000 0.000 2.0 0.056 0.103 0.015
0.0 0.0 0.0 1.0 0.0 0.0 0.0 0.0 0.0 1.0 0.188 0.000 0.000 0.000 2.0 0.056 0.103 0.015
0.0 0.0 0.0 1.0 0.0 0.0 0.0 0.0 0.0 1.0 0.188 0.000 0.000 0.000 2.0 0.056 0.103 0.015
0.0 0.0 0.0 1.0 0.0 0.0 0.0 0.0 0.0 1.0 0.188 0.000 0.000 0.000 2.0 0.056 0.103 0.015
0.0 0.0 0.0 1.0 0.0 0.0 0.0 0.0 0.0 1.0 0.188 0.000 0.000 0.000 2.0 0.056 0.103 0.015
0.0 0.0 0.0 1.0 0.0 0.0 0.0 0.0 0.0 1.0 0.219 0.000 0.000 0.000 2.0 0.056 0.103 0.015
0.0 0.0 0.0 1.0 0.0 0.0 0.0 0.0 0.0 1.0 0.219 0.000 0.000 0.000 2.0 0.056 0.103 0.015
0.0 0.0 0.0 1.0 0.0 0.0 0.0 0.0 0.0 1.0 0.188 0.000 0.000 0.000 2.0 0.056 0.103 0.015
0.0 0.0 0.0 1.0 0.0 0.0 0.0 0.0 0.0 1.0 0.188 0.000 0.000 0.000 2.0 0.056 0.103 0.015
0.0 0.0 0.0 1.0 0.0 0.0 0.0 0.0 0.0 1.0 0.188 0.000 0.000 0.000 2.0 0.056 0.103 0.015
0.0 0.0 0.0 1.0 0.0 0.0 0.0 0.0 0.0 1.0 0.188 0.000 0.000 0.000 2.0 0.056 0.103 0.015
0.0 0.0 0.0 1.0 0.0 0.0 0.0 0.0 0.0 1.0 0.188 0.000 0.000 0.000 2.0 0.056 0.103 0.015
0.0 0.0 0.0 1.0 0.0 0.0 0.0 0.0 0.0 1.0 0.219 0.000 0.000 0.000 2.0 0.056 0.103 0.015
0.0 0.0 0.0 1.0 0.0 0.0 0.0 0.0 0.0 1.0 0.219 0.000 0.000 0.000 2.0 0.056 0.103 0.015
0.0 0.0 0.0 1.0 0.0 0.0 0.0 0.0 0.0 1.0 0.188 0.000 0.000 0.000 2.0 0.056 0.103 0.015
0.0 0.0 0.0 1.0 0.0 0.0 0.0 0.0 0.0 1.0 0.188 0.000 0.000 0.000 2.0 0.056 0.103 0.015
0.0 0.0 0.0 1.0 0.0 0.0 0.0 0.0 0.0 1.0 0.188 0.000 0.000 0.000 2.0 0.056 0.103 0.015
0.0 0.0 0.0 1.0 0.0 0.0 0.0 0.0 0.0 1.0 0.188 0.000 0.000 0.000 2.0 0.056 0.103 0.015
0.0 0.0 0.0 1.0 0.0 0.0 0.0 0.0 0.0 1.0 0.219 0.000 0.000 0.000 2.0 0.056 0.103 0.015
0.0 0.0 0.0 1.0 0.0 0.0 0.0 0.0 0.0 1.0 0.188 0.000 0.000 0.000 2.0 0.056 0.103 0.015
0.0 0.0 0.0 1.0 0.0 0.0 0.0 0.0 0.0 1.0 0.188 0.000 0.000 0.000 2.0 0.056 0.103 0.015
0.0 1.0 0.0 0.0 0.0 0.0 0.0 0.0 0.0 1.0 0.219 0.000 0.000 0.000 1.0 0.045 0.103 0.015
0.0 0.0 0.0 1.0 0.0 0.0 0.0 0.0 0.0 0.0 0.188 0.031 0.031 0.031 2.0 0.067 0.103 0.015
0.0 0.0 0.0 1.0 0.0 0.0 0.0 0.0 0.0 1.0 0.188 0.000 0.000 0.000 2.0 0.056 0.103 0.015
0.0 0.0 0.0 1.0 0.0 0.0 0.0 0.0 0.0 1.0 0.188 0.000 0.000 0.000 2.0 0.056 0.103 0.015
0.0 0.0 0.0 1.0 0.0 0.0 0.0 0.0 0.0 1.0 0.188 0.000 0.000 0.000 2.0 0.056 0.103 0.015
0.0 0.0 0.0 1.0 0.0 0.0 0.0 0.0 0.0 1.0 0.188 0.000 0.000 0.000 2.0 0.056 0.103 0.015
0.0 0.0 0.0 1.0 0.0 0.0 0.0 0.0 0.0 1.0 0.906 0.000 0.000 0.000 4.0 0.124 1.000 0.015
0.0 0.0 0.0 0.0 1.0 0.0 0.0 0.0 0.0 1.0 0.094 0.000 0.906 0.221 2.0 0.888 0.051 0.621
0.0 1.0 0.0 0.0 0.0 0.0 0.0 0.0 0.0 1.0 1.000 0.000 0.000 0.000 1.0 0.067 1.000 0.015
0.0 0.0 1.0 0.0 0.0 0.0 0.0 0.0 0.0 0.0 0.969 0.031 0.031 0.031 4.0 0.135 1.000 0.015
0.0 0.0 0.0 1.0 0.0 0.0 0.0 0.0 0.0 1.0 0.938 0.000 0.000 0.000 4.0 0.112 1.000 0.015
0.0 0.0 1.0 0.0 0.0 0.0 0.0 0.0 0.0 0.0 0.906 0.031 0.031 0.031 2.0 0.124 0.949 0.015
0.0 0.0 0.0 1.0 0.0 0.0 0.0 0.0 0.0 1.0 0.875 0.000 0.000 0.000 4.0 0.112 1.000 0.015
0.0 0.0 1.0 0.0 0.0 0.0 0.0 0.0 0.0 0.0 0.844 0.031 0.031 0.031 2.0 0.112 0.949 0.015
0.0 0.0 0.0 1.0 0.0 0.0 0.0 0.0 0.0 1.0 0.844 0.000 0.000 0.000 4.0 0.101 1.000 0.015
0.0 1.0 0.0 0.0 0.0 0.0 0.0 0.0 0.0 0.0 0.812 0.031 0.031 0.031 1.0 0.090 0.949 0.015
0.0 0.0 0.0 1.0 0.0 0.0 0.0 0.0 0.0 0.0 0.781 0.062 0.062 0.062 2.0 0.101 0.949 0.015
0.0 1.0 0.0 0.0 0.0 0.0 0.0 0.0 0.0 1.0 0.719 0.000 0.000 0.000 1.0 0.067 1.000 0.015
0.0 0.0 1.0 0.0 0.0 0.0 0.0 0.0 0.0 0.0 0.688 0.031 0.031 0.031 4.0 0.124 1.000 0.015
0.0 0.0 1.0 0.0 0.0 0.0 0.0 0.0 0.0 0.0 0.656 0.062 0.062 0.062 2.0 0.135 0.949 0.015
0.0 0.0 0.0 1.0 0.0 0.0 0.0 0.0 0.0 1.0 0.656 0.000 0.000 0.000 4.0 0.112 1.000 0.015
0.0 0.0 1.0 0.0 0.0 0.0 0.0 0.0 0.0 0.0 0.625 0.031 0.031 0.031 2.0 0.124 0.949 0.015
0.0 0.0 0.0 1.0 0.0 0.0 0.0 0.0 0.0 1.0 0.656 0.000 0.000 0.000 4.0 0.112 1.000 0.015
0.0 0.0 1.0 0.0 0.0 0.0 0.0 0.0 0.0 0.0 0.625 0.031 0.031 0.031 2.0 0.124 0.949 0.015
0.0 1.0 0.0 0.0 0.0 0.0 0.0 0.0 1.0 0.0 0.031 0.031 0.969 0.335 1.0 0.685 0.026 1.000
0.0 1.0 0.0 0.0 0.0 0.0 0.0 0.0 1.0 0.0 0.031 0.031 0.969 0.335 1.0 0.124 0.026 1.000
0.0 1.0 0.0 0.0 0.0 0.0 0.0 0.0 0.0 0.0 0.438 0.188 0.219 0.191 1.0 0.124 0.410 0.121
0.0 0.0 1.0 0.0 0.0 0.0 0.0 0.0 1.0 0.0 0.062 0.125 0.156 0.141 2.0 0.213 0.077 0.121
0.0 0.0 1.0 0.0 0.0 0.0 0.0 0.0 1.0 0.0 0.062 0.031 0.938 0.252 2.0 0.820 0.051 0.621
0.0 0.0 0.0 0.0 0.0 1.0 0.0 0.0 0.0 0.0 0.156 0.500 0.844 0.668 2.0 0.640 0.051 0.121
0.0 0.0 1.0 0.0 0.0 0.0 0.0 0.0 0.0 0.0 0.188 0.469 0.812 0.637 2.0 0.506 0.077 0.121
0.0 1.0 0.0 0.0 0.0 0.0 0.0 0.0 1.0 0.0 0.031 0.625 0.969 0.793 1.0 0.180 0.026 0.121
0.0 1.0 0.0 0.0 0.0 0.0 0.0 0.0 1.0 0.0 0.031 0.625 0.969 0.793 1.0 0.461 0.026 0.121
0.0 0.0 1.0 0.0 0.0 0.0 0.0 0.0 0.0 0.0 0.219 0.438 0.781 0.605 2.0 0.281 0.103 0.121
0.0 0.0 1.0 0.0 0.0 0.0 0.0 0.0 1.0 0.0 0.219 0.438 0.781 0.605 3.0 0.247 0.128 0.121
0.0 0.0 1.0 0.0 0.0 0.0 0.0 0.0 0.0 0.0 0.188 0.469 0.750 0.594 2.0 0.281 0.128 0.091
0.0 0.0 1.0 0.0 0.0 0.0 0.0 0.0 0.0 0.0 0.562 0.094 0.375 0.219 2.0 0.303 0.949 0.091
0.0 1.0 0.0 0.0 0.0 0.0 0.0 0.0 0.0 0.0 0.531 0.125 0.469 0.293 1.0 0.213 0.846 0.121
0.0 0.0 1.0 0.0 0.0 0.0 0.0 0.0 0.0 0.0 0.531 0.125 0.406 0.250 2.0 0.292 0.949 0.091
0.0 0.0 0.0 1.0 0.0 0.0 0.0 0.0 0.0 0.0 0.094 0.562 0.906 0.730 2.0 0.169 0.077 0.121
0.0 0.0 0.0 1.0 0.0 0.0 0.0 0.0 0.0 0.0 0.094 0.562 0.906 0.730 2.0 0.191 0.077 0.121
0.0 1.0 0.0 0.0 0.0 0.0 0.0 0.0 0.0 0.0 0.125 0.531 0.875 0.699 1.0 0.191 0.077 0.121
0.0 0.0 1.0 0.0 0.0 0.0 0.0 0.0 0.0 0.0 0.094 0.562 0.906 0.730 2.0 0.112 0.077 0.121
0.0 0.0 0.0 1.0 0.0 0.0 0.0 0.0 0.0 0.0 0.094 0.562 0.906 0.730 2.0 0.180 0.077 0.121
0.0 0.0 0.0 1.0 0.0 0.0 0.0 0.0 0.0 0.0 0.094 0.562 0.906 0.730 2.0 0.191 0.077 0.121
0.0 0.0 0.0 1.0 0.0 0.0 0.0 0.0 0.0 0.0 0.094 0.562 0.906 0.730 2.0 0.180 0.077 0.121
0.0 0.0 0.0 1.0 0.0 0.0 0.0 0.0 0.0 0.0 0.094 0.562 0.906 0.730 2.0 0.191 0.077 0.121
0.0 0.0 0.0 1.0 0.0 0.0 0.0 0.0 0.0 0.0 0.094 0.562 0.906 0.730 2.0 0.180 0.077 0.121
0.0 0.0 0.0 1.0 0.0 0.0 0.0 0.0 0.0 0.0 0.094 0.562 0.906 0.730 2.0 0.180 0.077 0.121
0.0 0.0 0.0 1.0 0.0 0.0 0.0 0.0 0.0 0.0 0.094 0.562 0.906 0.730 2.0 0.202 0.077 0.121
0.0 0.0 0.0 1.0 0.0 0.0 0.0 0.0 0.0 0.0 0.094 0.562 0.906 0.730 2.0 0.180 0.077 0.121
0.0 0.0 0.0 1.0 0.0 0.0 0.0 0.0 0.0 0.0 0.094 0.562 0.906 0.730 2.0 0.191 0.077 0.121
0.0 0.0 0.0 1.0 0.0 0.0 0.0 0.0 0.0 0.0 0.094 0.562 0.906 0.730 2.0 0.270 0.077 0.121
0.0 0.0 0.0 1.0 0.0 0.0 0.0 0.0 0.0 0.0 0.094 0.562 0.906 0.730 2.0 0.169 0.077 0.121
0.0 0.0 0.0 1.0 0.0 0.0 0.0 0.0 0.0 0.0 0.094 0.562 0.906 0.730 2.0 0.169 0.077 0.121
0.0 0.0 0.0 1.0 0.0 0.0 0.0 0.0 0.0 0.0 0.094 0.562 0.906 0.730 2.0 0.157 0.077 0.121
0.0 0.0 1.0 0.0 0.0 0.0 0.0 0.0 0.0 1.0 0.062 0.000 0.594 0.388 2.0 0.146 0.051 0.379
0.0 1.0 0.0 0.0 0.0 0.0 0.0 0.0 0.0 0.0 0.094 0.094 0.562 0.372 1.0 0.303 0.051 0.364
0.0 0.0 1.0 0.0 0.0 0.0 0.0 0.0 1.0 0.0 0.062 0.031 0.938 0.252 2.0 0.079 0.051 0.621
0.0 1.0 0.0 0.0 0.0 0.0 0.0 0.0 0.0 0.0 0.125 0.062 0.875 0.195 1.0 1.000 0.051 0.606
0.0 0.0 0.0 1.0 0.0 0.0 0.0 0.0 1.0 0.0 0.438 0.125 0.156 0.129 2.0 0.180 0.436 0.121
0.0 0.0 0.0 1.0 0.0 0.0 0.0 0.0 0.0 0.0 0.469 0.094 0.125 0.098 2.0 0.270 0.462 0.121
0.0 0.0 0.0 0.0 1.0 0.0 0.0 0.0 1.0 0.0 0.438 0.125 0.156 0.129 2.0 0.101 0.436 0.121
0.0 1.0 0.0 0.0 0.0 0.0 0.0 0.0 0.0 0.0 0.500 0.062 0.094 0.066 1.0 0.225 0.462 0.121
0.0 0.0 0.0 1.0 0.0 0.0 0.0 0.0 0.0 0.0 0.469 0.094 0.125 0.098 2.0 0.180 0.462 0.121
0.0 0.0 0.0 1.0 0.0 0.0 0.0 0.0 1.0 0.0 0.531 0.031 0.031 0.031 2.0 0.135 0.462 0.015
0.0 1.0 0.0 0.0 0.0 0.0 0.0 0.0 0.0 0.0 0.531 0.031 0.031 0.031 1.0 0.056 0.462 0.015
0.0 0.0 0.0 1.0 0.0 0.0 0.0 0.0 1.0 0.0 0.500 0.062 0.062 0.062 2.0 0.146 0.462 0.015
0.0 0.0 0.0 1.0 0.0 0.0 0.0 0.0 1.0 0.0 0.531 0.031 0.031 0.031 2.0 0.135 0.462 0.015
0.0 0.0 0.0 1.0 0.0 0.0 0.0 0.0 1.0 0.0 0.500 0.062 0.062 0.062 2.0 0.146 0.462 0.015
0.0 0.0 0.0 1.0 0.0 0.0 0.0 0.0 1.0 0.0 0.531 0.031 0.031 0.031 2.0 0.135 0.462 0.015
0.0 0.0 0.0 1.0 0.0 0.0 0.0 0.0 1.0 0.0 0.500 0.062 0.062 0.062 2.0 0.146 0.462 0.015
0.0 0.0 0.0 1.0 0.0 0.0 0.0 0.0 1.0 0.0 0.531 0.031 0.031 0.031 2.0 0.135 0.462 0.015
0.0 0.0 0.0 1.0 0.0 0.0 0.0 0.0 1.0 0.0 0.500 0.062 0.062 0.062 2.0 0.146 0.462 0.015
0.0 0.0 0.0 1.0 0.0 0.0 0.0 0.0 1.0 0.0 0.531 0.062 0.062 0.062 2.0 0.146 0.462 0.015
0.0 0.0 0.0 1.0 0.0 0.0 0.0 0.0 1.0 0.0 0.500 0.094 0.094 0.094 2.0 0.157 0.462 0.015
0.0 0.0 0.0 1.0 0.0 0.0 0.0 0.0 1.0 0.0 0.531 0.031 0.031 0.031 2.0 0.135 0.462 0.015
0.0 0.0 0.0 1.0 0.0 0.0 0.0 0.0 1.0 0.0 0.500 0.062 0.062 0.062 2.0 0.146 0.462 0.015
0.0 0.0 0.0 1.0 0.0 0.0 0.0 0.0 1.0 0.0 0.531 0.031 0.031 0.031 2.0 0.135 0.462 0.015
0.0 0.0 0.0 1.0 0.0 0.0 0.0 0.0 1.0 0.0 0.500 0.062 0.062 0.062 2.0 0.146 0.462 0.015
0.0 0.0 0.0 1.0 0.0 0.0 0.0 0.0 1.0 0.0 0.531 0.031 0.031 0.031 2.0 0.135 0.462 0.015
0.0 0.0 0.0 1.0 0.0 0.0 0.0 0.0 1.0 0.0 0.500 0.062 0.062 0.062 2.0 0.146 0.462 0.015
0.0 0.0 0.0 1.0 0.0 0.0 0.0 0.0 0.0 0.0 0.469 0.156 0.188 0.160 2.0 0.112 0.615 0.121
0.0 1.0 0.0 0.0 0.0 0.0 0.0 0.0 0.0 0.0 0.531 0.094 0.125 0.098 1.0 0.157 0.641 0.121
0.0 0.0 1.0 0.0 0.0 0.0 0.0 0.0 0.0 0.0 0.500 0.125 0.156 0.129 2.0 0.124 0.641 0.121
0.0 0.0 0.0 1.0 0.0 0.0 0.0 0.0 0.0 0.0 0.562 0.062 0.094 0.066 2.0 0.258 0.667 0.121
0.0 0.0 0.0 1.0 0.0 0.0 0.0 0.0 1.0 0.0 0.469 0.156 0.188 0.160 3.0 0.191 0.641 0.121
0.0 0.0 0.0 1.0 0.0 0.0 0.0 0.0 0.0 0.0 0.500 0.125 0.156 0.129 2.0 0.281 0.667 0.121
0.0 0.0 0.0 1.0 0.0 0.0 0.0 0.0 1.0 0.0 0.531 0.094 0.094 0.094 2.0 0.146 0.667 0.015
0.0 0.0 0.0 1.0 0.0 0.0 0.0 0.0 1.0 0.0 0.594 0.031 0.031 0.031 2.0 0.146 0.667 0.015
0.0 0.0 0.0 1.0 0.0 0.0 0.0 0.0 1.0 0.0 0.531 0.094 0.094 0.094 2.0 0.146 0.667 0.015
0.0 0.0 0.0 1.0 0.0 0.0 0.0 0.0 1.0 0.0 0.594 0.031 0.031 0.031 2.0 0.146 0.667 0.015
0.0 1.0 0.0 0.0 0.0 0.0 0.0 0.0 0.0 0.0 0.562 0.062 0.062 0.062 1.0 0.056 0.667 0.015
0.0 0.0 1.0 0.0 0.0 0.0 0.0 0.0 1.0 0.0 0.531 0.094 0.094 0.094 2.0 0.146 0.667 0.015
0.0 0.0 0.0 1.0 0.0 0.0 0.0 0.0 1.0 0.0 0.594 0.031 0.031 0.031 2.0 0.146 0.667 0.015
0.0 0.0 0.0 1.0 0.0 0.0 0.0 0.0 1.0 0.0 0.531 0.094 0.094 0.094 2.0 0.146 0.667 0.015
0.0 0.0 0.0 1.0 0.0 0.0 0.0 0.0 1.0 0.0 0.594 0.031 0.031 0.031 2.0 0.146 0.667 0.015
0.0 0.0 0.0 1.0 0.0 0.0 0.0 0.0 1.0 0.0 0.531 0.094 0.094 0.094 2.0 0.146 0.667 0.015
0.0 0.0 0.0 1.0 0.0 0.0 0.0 0.0 1.0 0.0 0.594 0.031 0.031 0.031 2.0 0.146 0.667 0.015
0.0 0.0 0.0 1.0 0.0 0.0 0.0 0.0 1.0 0.0 0.531 0.094 0.094 0.094 2.0 0.146 0.667 0.015
0.0 0.0 0.0 1.0 0.0 0.0 0.0 0.0 1.0 0.0 0.594 0.031 0.031 0.031 2.0 0.146 0.667 0.015
0.0 0.0 0.0 1.0 0.0 0.0 0.0 0.0 1.0 0.0 0.531 0.125 0.125 0.125 2.0 0.146 0.667 0.015
0.0 1.0 0.0 0.0 0.0 0.0 0.0 0.0 0.0 0.0 0.625 0.031 0.031 0.031 1.0 0.056 0.667 0.015
0.0 0.0 1.0 0.0 0.0 0.0 0.0 0.0 1.0 0.0 0.594 0.062 0.062 0.062 2.0 0.146 0.667 0.015
0.0 1.0 0.0 0.0 0.0 0.0 0.0 0.0 0.0 0.0 0.562 0.062 0.062 0.062 1.0 0.056 0.667 0.015
0.0 0.0 1.0 0.0 0.0 0.0 0.0 0.0 1.0 0.0 0.531 0.094 0.094 0.094 2.0 0.146 0.667 0.015
0.0 0.0 0.0 1.0 0.0 0.0 0.0 0.0 1.0 0.0 0.594 0.031 0.031 0.031 2.0 0.146 0.667 0.015
0.0 0.0 0.0 0.0 1.0 0.0 0.0 0.0 1.0 0.0 0.031 0.156 0.188 0.172 2.0 0.225 0.051 0.121
0.0 0.0 0.0 1.0 0.0 0.0 0.0 0.0 0.0 0.0 0.125 0.062 0.094 0.078 2.0 0.258 0.077 0.121
0.0 0.0 0.0 1.0 0.0 0.0 0.0 0.0 1.0 0.0 0.094 0.094 0.094 0.094 2.0 0.135 0.103 0.015
0.0 0.0 0.0 1.0 0.0 0.0 0.0 0.0 1.0 0.0 0.156 0.031 0.031 0.031 2.0 0.146 0.103 0.015
0.0 0.0 0.0 1.0 0.0 0.0 0.0 0.0 1.0 0.0 0.094 0.125 0.125 0.125 2.0 0.146 0.103 0.015
0.0 0.0 0.0 1.0 0.0 0.0 0.0 0.0 1.0 0.0 0.156 0.062 0.062 0.062 2.0 0.157 0.103 0.015
0.0 0.0 0.0 1.0 0.0 0.0 0.0 0.0 1.0 0.0 0.094 0.125 0.125 0.125 2.0 0.135 0.103 0.015
0.0 1.0 0.0 0.0 0.0 0.0 0.0 0.0 0.0 0.0 0.188 0.031 0.031 0.031 1.0 0.056 0.103 0.015
0.0 0.0 0.0 1.0 0.0 0.0 0.0 0.0 1.0 0.0 0.156 0.062 0.062 0.062 2.0 0.146 0.103 0.015
0.0 0.0 0.0 1.0 0.0 0.0 0.0 0.0 1.0 0.0 0.094 0.094 0.094 0.094 2.0 0.135 0.103 0.015
0.0 0.0 0.0 1.0 0.0 0.0 0.0 0.0 1.0 0.0 0.156 0.031 0.031 0.031 2.0 0.146 0.103 0.015
0.0 0.0 0.0 1.0 0.0 0.0 0.0 0.0 1.0 0.0 0.094 0.094 0.094 0.094 2.0 0.135 0.103 0.015
0.0 0.0 0.0 1.0 0.0 0.0 0.0 0.0 1.0 0.0 0.156 0.031 0.031 0.031 2.0 0.146 0.103 0.015
0.0 1.0 0.0 0.0 0.0 0.0 0.0 0.0 0.0 0.0 0.125 0.094 0.094 0.094 1.0 0.067 0.103 0.015
0.0 0.0 0.0 1.0 0.0 0.0 0.0 0.0 1.0 0.0 0.094 0.125 0.125 0.125 2.0 0.135 0.103 0.015
0.0 0.0 0.0 1.0 0.0 0.0 0.0 0.0 1.0 0.0 0.156 0.062 0.062 0.062 2.0 0.157 0.103 0.015
0.0 0.0 0.0 1.0 0.0 0.0 0.0 0.0 1.0 0.0 0.094 0.125 0.125 0.125 2.0 0.146 0.103 0.015
0.0 0.0 0.0 1.0 0.0 0.0 0.0 0.0 1.0 0.0 0.156 0.062 0.062 0.062 2.0 0.157 0.103 0.015
0.0 1.0 0.0 0.0 0.0 0.0 0.0 0.0 0.0 0.0 0.125 0.062 0.062 0.062 1.0 0.056 0.103 0.015
0.0 0.0 0.0 1.0 0.0 0.0 0.0 0.0 1.0 0.0 0.094 0.094 0.094 0.094 2.0 0.135 0.103 0.015
0.0 0.0 0.0 1.0 0.0 0.0 0.0 0.0 1.0 0.0 0.156 0.031 0.031 0.031 2.0 0.146 0.103 0.015
0.0 0.0 0.0 1.0 0.0 0.0 0.0 0.0 1.0 0.0 0.094 0.094 0.094 0.094 2.0 0.416 0.077 0.015
0.0 0.0 0.0 1.0 0.0 0.0 0.0 0.0 1.0 0.0 0.156 0.031 0.031 0.031 2.0 0.506 0.077 0.015
0.0 0.0 0.0 1.0 0.0 0.0 0.0 0.0 1.0 0.0 0.094 0.094 0.094 0.094 2.0 0.416 0.077 0.015
0.0 0.0 0.0 1.0 0.0 0.0 0.0 0.0 1.0 0.0 0.156 0.031 0.031 0.031 2.0 0.506 0.077 0.015
0.0 1.0 0.0 0.0 0.0 0.0 0.0 0.0 0.0 0.0 0.125 0.062 0.062 0.062 1.0 0.056 0.077 0.015
0.0 0.0 0.0 1.0 0.0 0.0 0.0 0.0 1.0 0.0 0.094 0.094 0.094 0.094 2.0 0.416 0.077 0.015
0.0 0.0 0.0 1.0 0.0 0.0 0.0 0.0 1.0 0.0 0.156 0.031 0.031 0.031 2.0 0.506 0.077 0.015
0.0 0.0 0.0 1.0 0.0 0.0 0.0 0.0 1.0 0.0 0.094 0.094 0.094 0.094 2.0 0.416 0.077 0.015
0.0 0.0 0.0 1.0 0.0 0.0 0.0 0.0 1.0 0.0 0.156 0.031 0.031 0.031 2.0 0.506 0.077 0.015
0.0 0.0 0.0 1.0 0.0 0.0 0.0 0.0 1.0 0.0 0.094 0.125 0.125 0.125 2.0 0.427 0.077 0.015
0.0 0.0 0.0 1.0 0.0 0.0 0.0 0.0 1.0 0.0 0.156 0.062 0.062 0.062 2.0 0.517 0.077 0.015
0.0 0.0 0.0 1.0 0.0 0.0 0.0 0.0 1.0 0.0 0.094 0.094 0.094 0.094 2.0 0.416 0.077 0.015
0.0 0.0 0.0 1.0 0.0 0.0 0.0 0.0 1.0 0.0 0.156 0.031 0.031 0.031 2.0 0.506 0.077 0.015
0.0 0.0 0.0 1.0 0.0 0.0 0.0 0.0 1.0 0.0 0.094 0.094 0.094 0.094 2.0 0.416 0.077 0.015
0.0 0.0 0.0 1.0 0.0 0.0 0.0 0.0 1.0 0.0 0.156 0.031 0.031 0.031 2.0 0.506 0.077 0.015
0.0 0.0 0.0 1.0 0.0 0.0 0.0 0.0 1.0 0.0 0.094 0.094 0.094 0.094 2.0 0.416 0.077 0.015
0.0 0.0 0.0 1.0 0.0 0.0 0.0 0.0 1.0 0.0 0.156 0.031 0.031 0.031 2.0 0.506 0.077 0.015
0.0 0.0 0.0 1.0 0.0 0.0 0.0 0.0 1.0 0.0 0.094 0.094 0.094 0.094 2.0 0.416 0.077 0.015
0.0 0.0 0.0 1.0 0.0 0.0 0.0 0.0 1.0 0.0 0.156 0.031 0.031 0.031 2.0 0.506 0.077 0.015
0.0 0.0 0.0 1.0 0.0 0.0 0.0 0.0 1.0 0.0 0.094 0.094 0.094 0.094 2.0 0.416 0.077 0.015
0.0 0.0 0.0 1.0 0.0 0.0 0.0 0.0 1.0 0.0 0.156 0.031 0.031 0.031 2.0 0.506 0.077 0.015
0.0 1.0 0.0 0.0 0.0 0.0 0.0 0.0 0.0 0.0 0.125 0.062 0.062 0.062 1.0 0.056 0.077 0.015
0.0 0.0 1.0 0.0 0.0 0.0 0.0 0.0 1.0 0.0 0.094 0.094 0.094 0.094 2.0 0.416 0.077 0.015
0.0 0.0 0.0 1.0 0.0 0.0 0.0 0.0 1.0 0.0 0.156 0.031 0.031 0.031 2.0 0.506 0.077 0.015
0.0 0.0 0.0 1.0 0.0 0.0 0.0 0.0 1.0 0.0 0.094 0.125 0.125 0.125 2.0 0.416 0.077 0.015
0.0 1.0 0.0 0.0 0.0 0.0 0.0 0.0 0.0 0.0 0.188 0.031 0.031 0.031 1.0 0.056 0.077 0.015
0.0 0.0 1.0 0.0 0.0 0.0 0.0 0.0 1.0 0.0 0.156 0.062 0.062 0.062 2.0 0.506 0.077 0.015
0.0 0.0 0.0 1.0 0.0 0.0 0.0 0.0 1.0 0.0 0.094 0.125 0.125 0.125 2.0 0.416 0.077 0.015
0.0 1.0 0.0 0.0 0.0 0.0 0.0 0.0 0.0 0.0 0.188 0.031 0.031 0.031 1.0 0.056 0.077 0.015
0.0 0.0 0.0 1.0 0.0 0.0 0.0 0.0 1.0 0.0 0.156 0.062 0.062 0.062 2.0 0.506 0.077 0.015
0.0 0.0 0.0 1.0 0.0 0.0 0.0 0.0 1.0 0.0 0.094 0.094 0.094 0.094 2.0 0.416 0.077 0.015
0.0 0.0 0.0 1.0 0.0 0.0 0.0 0.0 1.0 0.0 0.156 0.031 0.031 0.031 2.0 0.506 0.077 0.015
0.0 0.0 0.0 1.0 0.0 0.0 0.0 0.0 1.0 0.0 0.094 0.094 0.094 0.094 2.0 0.416 0.077 0.015
0.0 0.0 0.0 1.0 0.0 0.0 0.0 0.0 1.0 0.0 0.156 0.031 0.031 0.031 2.0 0.506 0.077 0.015
0.0 0.0 0.0 1.0 0.0 0.0 0.0 0.0 1.0 0.0 0.094 0.094 0.094 0.094 2.0 0.416 0.077 0.015
0.0 0.0 0.0 1.0 0.0 0.0 0.0 0.0 1.0 0.0 0.156 0.031 0.031 0.031 2.0 0.506 0.077 0.015
0.0 0.0 0.0 1.0 0.0 0.0 0.0 0.0 1.0 0.0 0.094 0.094 0.094 0.094 2.0 0.416 0.077 0.015
0.0 0.0 0.0 1.0 0.0 0.0 0.0 0.0 1.0 0.0 0.156 0.031 0.031 0.031 2.0 0.506 0.077 0.015
0.0 0.0 0.0 1.0 0.0 0.0 0.0 0.0 1.0 0.0 0.094 0.094 0.094 0.094 2.0 0.416 0.077 0.015
0.0 0.0 0.0 1.0 0.0 0.0 0.0 0.0 1.0 0.0 0.156 0.031 0.031 0.031 2.0 0.506 0.077 0.015
0.0 0.0 0.0 1.0 0.0 0.0 0.0 0.0 1.0 0.0 0.094 0.125 0.125 0.125 2.0 0.416 0.077 0.015
0.0 1.0 0.0 0.0 0.0 0.0 0.0 0.0 0.0 0.0 0.188 0.031 0.031 0.031 1.0 0.056 0.077 0.015
0.0 0.0 0.0 1.0 0.0 0.0 0.0 0.0 1.0 0.0 0.156 0.062 0.062 0.062 2.0 0.506 0.077 0.015
0.0 1.0 0.0 0.0 0.0 0.0 0.0 0.0 0.0 0.0 0.125 0.094 0.094 0.094 1.0 0.056 0.077 0.015
0.0 0.0 1.0 0.0 0.0 0.0 0.0 0.0 1.0 0.0 0.094 0.125 0.125 0.125 2.0 0.416 0.077 0.015
0.0 1.0 0.0 0.0 0.0 0.0 0.0 0.0 0.0 0.0 0.188 0.031 0.031 0.031 1.0 0.056 0.077 0.015
0.0 0.0 0.0 1.0 0.0 0.0 0.0 0.0 1.0 0.0 0.156 0.062 0.062 0.062 2.0 0.506 0.077 0.015
0.0 0.0 0.0 1.0 0.0 0.0 0.0 0.0 1.0 0.0 0.094 0.094 0.094 0.094 2.0 0.416 0.077 0.015
0.0 0.0 0.0 1.0 0.0 0.0 0.0 0.0 1.0 0.0 0.156 0.031 0.031 0.031 2.0 0.506 0.077 0.015
0.0 0.0 0.0 1.0 0.0 0.0 0.0 0.0 1.0 0.0 0.094 0.094 0.094 0.094 2.0 0.416 0.077 0.015
0.0 0.0 0.0 1.0 0.0 0.0 0.0 0.0 1.0 0.0 0.156 0.031 0.031 0.031 2.0 0.506 0.077 0.015
0.0 0.0 0.0 1.0 0.0 0.0 0.0 0.0 1.0 0.0 0.094 0.094 0.094 0.094 2.0 0.416 0.077 0.015
0.0 0.0 0.0 1.0 0.0 0.0 0.0 0.0 1.0 0.0 0.156 0.031 0.031 0.031 2.0 0.506 0.077 0.015
0.0 0.0 0.0 1.0 0.0 0.0 0.0 0.0 1.0 0.0 0.094 0.094 0.094 0.094 2.0 0.416 0.077 0.015
0.0 0.0 0.0 1.0 0.0 0.0 0.0 0.0 1.0 0.0 0.156 0.031 0.031 0.031 2.0 0.506 0.077 0.015
0.0 0.0 0.0 1.0 0.0 0.0 0.0 0.0 1.0 0.0 0.094 0.125 0.125 0.125 2.0 0.416 0.077 0.015
0.0 1.0 0.0 0.0 0.0 0.0 0.0 0.0 0.0 0.0 0.188 0.031 0.031 0.031 1.0 0.056 0.077 0.015
0.0 0.0 0.0 1.0 0.0 0.0 0.0 0.0 1.0 0.0 0.156 0.062 0.062 0.062 2.0 0.506 0.077 0.015
0.0 0.0 0.0 1.0 0.0 0.0 0.0 0.0 1.0 0.0 0.094 0.094 0.094 0.094 2.0 0.416 0.077 0.015
0.0 0.0 0.0 1.0 0.0 0.0 0.0 0.0 1.0 0.0 0.156 0.031 0.031 0.031 2.0 0.506 0.077 0.015
0.0 0.0 0.0 1.0 0.0 0.0 0.0 0.0 1.0 0.0 0.094 0.094 0.094 0.094 2.0 0.416 0.077 0.015
0.0 0.0 0.0 1.0 0.0 0.0 0.0 0.0 1.0 0.0 0.156 0.031 0.031 0.031 2.0 0.506 0.077 0.015
0.0 0.0 0.0 1.0 0.0 0.0 0.0 0.0 1.0 0.0 0.094 0.125 0.125 0.125 2.0 0.427 0.077 0.015
0.0 0.0 0.0 1.0 0.0 0.0 0.0 0.0 1.0 0.0 0.156 0.062 0.062 0.062 2.0 0.517 0.077 0.015
0.0 0.0 0.0 1.0 0.0 0.0 0.0 0.0 1.0 0.0 0.094 0.094 0.094 0.094 2.0 0.416 0.077 0.015
0.0 0.0 0.0 1.0 0.0 0.0 0.0 0.0 1.0 0.0 0.156 0.031 0.031 0.031 2.0 0.506 0.077 0.015
0.0 1.0 0.0 0.0 0.0 0.0 0.0 0.0 0.0 0.0 0.125 0.062 0.062 0.062 1.0 0.056 0.077 0.015
0.0 0.0 1.0 0.0 0.0 0.0 0.0 0.0 1.0 0.0 0.094 0.094 0.094 0.094 2.0 0.416 0.077 0.015
0.0 0.0 0.0 1.0 0.0 0.0 0.0 0.0 1.0 0.0 0.156 0.031 0.031 0.031 2.0 0.506 0.077 0.015
0.0 0.0 0.0 1.0 0.0 0.0 0.0 0.0 1.0 0.0 0.094 0.094 0.094 0.094 2.0 0.416 0.077 0.015
0.0 0.0 0.0 1.0 0.0 0.0 0.0 0.0 1.0 0.0 0.156 0.031 0.031 0.031 2.0 0.506 0.077 0.015
0.0 0.0 0.0 1.0 0.0 0.0 0.0 0.0 1.0 0.0 0.094 0.094 0.094 0.094 2.0 0.416 0.077 0.015
0.0 0.0 0.0 1.0 0.0 0.0 0.0 0.0 1.0 0.0 0.156 0.031 0.031 0.031 2.0 0.506 0.077 0.015
0.0 0.0 0.0 0.0 1.0 0.0 0.0 0.0 1.0 0.0 0.250 0.656 0.750 0.703 3.0 0.112 0.128 0.030
0.0 0.0 0.0 1.0 0.0 0.0 0.0 0.0 1.0 0.0 0.188 0.719 0.812 0.766 2.0 0.112 0.077 0.030
0.0 0.0 0.0 1.0 0.0 0.0 0.0 0.0 0.0 0.0 0.281 0.625 0.719 0.672 2.0 0.146 0.128 0.030
0.0 0.0 0.0 1.0 0.0 0.0 0.0 0.0 0.0 0.0 0.875 0.031 0.031 0.031 3.0 0.169 0.949 0.015
0.0 0.0 0.0 1.0 0.0 0.0 0.0 0.0 1.0 0.0 0.250 0.656 0.656 0.656 2.0 0.169 0.128 0.015
0.0 0.0 0.0 1.0 0.0 0.0 0.0 0.0 1.0 0.0 0.250 0.656 0.656 0.656 2.0 0.157 0.154 0.015
0.0 0.0 0.0 1.0 0.0 0.0 0.0 0.0 1.0 0.0 0.156 0.750 0.750 0.750 2.0 0.528 0.077 0.015
0.0 0.0 0.0 1.0 0.0 0.0 0.0 0.0 0.0 0.0 0.938 0.062 0.062 0.062 3.0 0.169 0.949 0.015
0.0 0.0 0.0 1.0 0.0 0.0 0.0 0.0 1.0 0.0 0.250 0.750 0.750 0.750 2.0 0.180 0.128 0.015
0.0 0.0 0.0 1.0 0.0 0.0 0.0 0.0 1.0 0.0 0.250 0.750 0.750 0.750 2.0 0.169 0.154 0.015
0.0 0.0 0.0 1.0 0.0 0.0 0.0 0.0 1.0 0.0 0.156 0.844 0.844 0.844 2.0 0.539 0.077 0.015
0.0 0.0 0.0 0.0 1.0 0.0 0.0 0.0 1.0 0.0 0.062 0.594 0.875 0.719 2.0 0.079 0.051 0.091
0.0 0.0 0.0 1.0 0.0 0.0 0.0 0.0 0.0 0.0 0.094 0.562 0.844 0.688 2.0 0.281 0.077 0.091
0.0 0.0 0.0 1.0 0.0 0.0 0.0 0.0 0.0 0.0 0.875 0.062 0.062 0.062 2.0 0.157 0.949 0.015
0.0 0.0 0.0 1.0 0.0 0.0 0.0 0.0 0.0 0.0 0.656 0.281 0.281 0.281 2.0 0.191 0.949 0.015
0.0 0.0 0.0 1.0 0.0 0.0 0.0 0.0 1.0 0.0 0.250 0.688 0.688 0.688 2.0 0.169 0.128 0.015
0.0 1.0 0.0 0.0 0.0 0.0 0.0 0.0 0.0 0.0 0.281 0.656 0.656 0.656 1.0 0.079 0.154 0.015
0.0 0.0 1.0 0.0 0.0 0.0 0.0 0.0 1.0 0.0 0.250 0.688 0.688 0.688 2.0 0.135 0.154 0.015
0.0 0.0 0.0 1.0 0.0 0.0 0.0 0.0 1.0 0.0 0.156 0.781 0.781 0.781 2.0 0.528 0.077 0.015
0.0 0.0 0.0 1.0 0.0 0.0 0.0 0.0 0.0 0.0 0.812 0.062 0.062 0.062 2.0 0.157 0.949 0.015
0.0 1.0 0.0 0.0 0.0 0.0 0.0 0.0 0.0 0.0 0.656 0.219 0.219 0.219 1.0 0.079 0.949 0.015
0.0 0.0 0.0 1.0 0.0 0.0 0.0 0.0 0.0 0.0 0.625 0.250 0.250 0.250 2.0 0.180 0.949 0.015
0.0 0.0 0.0 1.0 0.0 0.0 0.0 0.0 1.0 0.0 0.250 0.625 0.625 0.625 2.0 0.169 0.128 0.015
0.0 0.0 0.0 1.0 0.0 0.0 0.0 0.0 1.0 0.0 0.250 0.625 0.625 0.625 2.0 0.157 0.154 0.015
0.0 0.0 0.0 1.0 0.0 0.0 0.0 0.0 1.0 0.0 0.156 0.719 0.719 0.719 2.0 0.528 0.077 0.015
0.0 0.0 0.0 1.0 0.0 0.0 0.0 0.0 0.0 0.0 0.750 0.094 0.094 0.094 2.0 0.169 0.949 0.015
0.0 0.0 0.0 1.0 0.0 0.0 0.0 0.0 0.0 0.0 0.562 0.281 0.281 0.281 2.0 0.191 0.949 0.015
0.0 0.0 0.0 1.0 0.0 0.0 0.0 0.0 1.0 0.0 0.250 0.594 0.594 0.594 2.0 0.169 0.128 0.015
0.0 0.0 0.0 1.0 0.0 0.0 0.0 0.0 1.0 0.0 0.250 0.594 0.594 0.594 2.0 0.157 0.154 0.015
0.0 0.0 0.0 1.0 0.0 0.0 0.0 0.0 1.0 0.0 0.156 0.688 0.688 0.688 2.0 0.528 0.077 0.015
0.0 0.0 0.0 1.0 0.0 0.0 0.0 0.0 0.0 0.0 0.625 0.094 0.094 0.094 2.0 0.169 0.949 0.015
0.0 0.0 0.0 1.0 0.0 0.0 0.0 0.0 0.0 0.0 0.562 0.156 0.156 0.156 2.0 0.202 0.949 0.015
0.0 0.0 0.0 1.0 0.0 0.0 0.0 0.0 1.0 0.0 0.250 0.469 0.469 0.469 2.0 0.180 0.128 0.015
0.0 0.0 0.0 1.0 0.0 0.0 0.0 0.0 1.0 0.0 0.250 0.469 0.469 0.469 2.0 0.169 0.154 0.015
0.0 0.0 0.0 1.0 0.0 0.0 0.0 0.0 1.0 0.0 0.156 0.562 0.562 0.562 2.0 0.539 0.077 0.015
0.0 0.0 0.0 1.0 0.0 0.0 0.0 0.0 0.0 0.0 0.594 0.062 0.062 0.062 2.0 0.169 0.949 0.015
0.0 0.0 0.0 1.0 0.0 0.0 0.0 0.0 0.0 0.0 0.562 0.094 0.094 0.094 2.0 0.191 0.949 0.015
0.0 0.0 0.0 1.0 0.0 0.0 0.0 0.0 1.0 0.0 0.250 0.406 0.406 0.406 2.0 0.169 0.128 0.015
0.0 1.0 0.0 0.0 0.0 0.0 0.0 0.0 0.0 0.0 0.281 0.375 0.375 0.375 1.0 0.079 0.154 0.015
0.0 0.0 0.0 1.0 0.0 0.0 0.0 0.0 1.0 0.0 0.250 0.406 0.406 0.406 2.0 0.135 0.154 0.015
0.0 0.0 0.0 1.0 0.0 0.0 0.0 0.0 1.0 0.0 0.156 0.500 0.500 0.500 2.0 0.528 0.077 0.015
0.0 0.0 0.0 1.0 0.0 0.0 0.0 0.0 0.0 0.0 0.594 0.062 0.062 0.062 2.0 0.213 0.949 0.015
0.0 0.0 0.0 1.0 0.0 0.0 0.0 0.0 0.0 0.0 0.562 0.094 0.094 0.094 2.0 0.225 0.949 0.015
0.0 0.0 0.0 1.0 0.0 0.0 0.0 0.0 1.0 0.0 0.250 0.406 0.406 0.406 2.0 0.169 0.128 0.015
0.0 0.0 0.0 1.0 0.0 0.0 0.0 0.0 1.0 0.0 0.250 0.406 0.406 0.406 2.0 0.157 0.154 0.015
0.0 0.0 0.0 1.0 0.0 0.0 0.0 0.0 1.0 0.0 0.156 0.500 0.500 0.500 2.0 0.528 0.077 0.015
0.0 0.0 0.0 1.0 0.0 0.0 0.0 0.0 1.0 0.0 0.062 0.594 0.938 0.762 2.0 0.281 0.051 0.121
0.0 0.0 0.0 1.0 0.0 0.0 0.0 0.0 1.0 0.0 0.031 0.625 0.969 0.793 2.0 0.079 0.051 0.121
0.0 0.0 0.0 1.0 0.0 0.0 0.0 0.0 1.0 0.0 0.062 0.594 0.938 0.762 2.0 0.281 0.051 0.121
0.0 0.0 0.0 1.0 0.0 0.0 0.0 0.0 1.0 0.0 0.031 0.625 0.969 0.793 2.0 0.079 0.051 0.121
0.0 0.0 0.0 1.0 0.0 0.0 0.0 0.0 1.0 0.0 0.062 0.594 0.938 0.762 2.0 0.247 0.051 0.121
0.0 1.0 0.0 0.0 0.0 0.0 0.0 0.0 0.0 0.0 0.062 0.594 0.938 0.762 1.0 0.056 0.051 0.121
0.0 0.0 1.0 0.0 0.0 0.0 0.0 0.0 1.0 0.0 0.031 0.625 0.969 0.793 2.0 0.034 0.051 0.121
0.0 0.0 0.0 1.0 0.0 0.0 0.0 0.0 1.0 0.0 0.062 0.594 0.938 0.762 2.0 0.292 0.051 0.121
0.0 0.0 0.0 1.0 0.0 0.0 0.0 0.0 1.0 0.0 0.031 0.625 0.969 0.793 2.0 0.090 0.051 0.121
0.0 0.0 0.0 1.0 0.0 0.0 0.0 0.0 1.0 0.0 0.062 0.594 0.938 0.762 2.0 0.281 0.051 0.121
0.0 0.0 0.0 1.0 0.0 0.0 0.0 0.0 1.0 0.0 0.031 0.625 0.969 0.793 2.0 0.079 0.051 0.121
0.0 0.0 0.0 1.0 0.0 0.0 0.0 0.0 1.0 0.0 0.062 0.594 0.938 0.762 2.0 0.281 0.051 0.121
0.0 0.0 0.0 1.0 0.0 0.0 0.0 0.0 1.0 0.0 0.031 0.625 0.969 0.793 2.0 0.079 0.051 0.121
0.0 0.0 0.0 1.0 0.0 0.0 0.0 0.0 1.0 0.0 0.062 0.594 0.938 0.762 2.0 0.281 0.051 0.121
0.0 0.0 0.0 1.0 0.0 0.0 0.0 0.0 1.0 0.0 0.031 0.625 0.969 0.793 2.0 0.079 0.051 0.121
0.0 0.0 0.0 1.0 0.0 0.0 0.0 0.0 1.0 0.0 0.062 0.594 0.938 0.762 2.0 0.281 0.051 0.121
0.0 1.0 0.0 0.0 0.0 0.0 0.0 0.0 0.0 0.0 0.062 0.594 0.938 0.762 1.0 0.090 0.051 0.121
0.0 0.0 0.0 1.0 0.0 0.0 0.0 0.0 1.0 0.0 0.031 0.625 0.969 0.793 2.0 0.034 0.051 0.121
0.0 0.0 0.0 1.0 0.0 0.0 0.0 0.0 1.0 0.0 0.062 0.594 0.938 0.762 2.0 0.281 0.051 0.121
0.0 0.0 0.0 1.0 0.0 0.0 0.0 0.0 1.0 0.0 0.031 0.625 0.969 0.793 2.0 0.079 0.051 0.121
0.0 0.0 0.0 1.0 0.0 0.0 0.0 0.0 1.0 0.0 0.062 0.594 0.938 0.762 2.0 0.281 0.051 0.121
0.0 1.0 0.0 0.0 0.0 0.0 0.0 0.0 0.0 0.0 0.062 0.594 0.938 0.762 1.0 0.090 0.051 0.121
0.0 0.0 1.0 0.0 0.0 0.0 0.0 0.0 1.0 0.0 0.031 0.625 0.969 0.793 2.0 0.034 0.051 0.121
0.0 0.0 0.0 1.0 0.0 0.0 0.0 0.0 1.0 0.0 0.062 0.594 0.938 0.762 2.0 0.292 0.051 0.121
0.0 0.0 0.0 1.0 0.0 0.0 0.0 0.0 1.0 0.0 0.031 0.625 0.969 0.793 2.0 0.090 0.051 0.121
0.0 0.0 0.0 1.0 0.0 0.0 0.0 0.0 1.0 0.0 0.062 0.594 0.938 0.762 2.0 0.281 0.051 0.121
0.0 0.0 0.0 1.0 0.0 0.0 0.0 0.0 1.0 0.0 0.031 0.625 0.969 0.793 2.0 0.079 0.051 0.121
0.0 0.0 0.0 1.0 0.0 0.0 0.0 0.0 1.0 0.0 0.062 0.594 0.938 0.762 2.0 0.315 0.051 0.121
0.0 0.0 0.0 1.0 0.0 0.0 0.0 0.0 1.0 0.0 0.031 0.625 0.969 0.793 2.0 0.112 0.051 0.121
0.0 0.0 0.0 1.0 0.0 0.0 0.0 0.0 1.0 0.0 0.062 0.594 0.938 0.762 2.0 0.270 0.051 0.121
0.0 0.0 0.0 1.0 0.0 0.0 0.0 0.0 1.0 0.0 0.031 0.625 0.969 0.793 2.0 0.067 0.051 0.121
0.0 0.0 0.0 1.0 0.0 0.0 0.0 0.0 1.0 0.0 0.062 0.594 0.938 0.762 2.0 0.281 0.051 0.121
0.0 0.0 0.0 1.0 0.0 0.0 0.0 0.0 1.0 0.0 0.031 0.625 0.969 0.793 2.0 0.079 0.051 0.121
0.0 0.0 0.0 1.0 0.0 0.0 0.0 0.0 1.0 0.0 0.062 0.594 0.938 0.762 2.0 0.281 0.051 0.121
0.0 0.0 0.0 1.0 0.0 0.0 0.0 0.0 1.0 0.0 0.031 0.625 0.969 0.793 2.0 0.079 0.051 0.121
0.0 1.0 0.0 0.0 0.0 0.0 0.0 0.0 0.0 0.0 0.219 0.688 0.781 0.734 1.0 0.101 0.077 0.030
0.0 0.0 0.0 1.0 0.0 0.0 0.0 0.0 1.0 0.0 0.062 0.562 0.594 0.566 2.0 0.079 0.051 0.121
0.0 0.0 0.0 1.0 0.0 0.0 0.0 0.0 0.0 0.0 0.281 0.344 0.375 0.348 3.0 0.146 0.410 0.121
0.0 0.0 0.0 0.0 1.0 0.0 0.0 0.0 1.0 0.0 0.062 0.562 0.594 0.566 2.0 0.079 0.051 0.121
0.0 0.0 0.0 0.0 1.0 0.0 0.0 0.0 1.0 0.0 0.062 0.562 0.594 0.566 2.0 0.079 0.051 0.121
0.0 0.0 0.0 1.0 0.0 0.0 0.0 0.0 0.0 0.0 0.250 0.375 0.406 0.379 3.0 0.146 0.359 0.121
0.0 1.0 0.0 0.0 0.0 0.0 0.0 0.0 0.0 0.0 0.094 0.531 0.562 0.535 1.0 0.079 0.051 0.121
0.0 0.0 1.0 0.0 0.0 0.0 0.0 0.0 1.0 0.0 0.062 0.562 0.594 0.566 2.0 0.056 0.051 0.121
0.0 0.0 0.0 0.0 1.0 0.0 0.0 0.0 1.0 0.0 0.062 0.562 0.594 0.566 2.0 0.079 0.051 0.121
0.0 0.0 0.0 1.0 0.0 0.0 0.0 0.0 0.0 0.0 0.469 0.188 0.531 0.355 2.0 0.112 0.846 0.121
0.0 1.0 0.0 0.0 0.0 0.0 0.0 0.0 0.0 0.0 0.125 0.531 0.875 0.699 1.0 0.112 0.077 0.121
0.0 1.0 0.0 0.0 0.0 0.0 0.0 0.0 0.0 0.0 0.125 0.531 0.875 0.699 1.0 0.124 0.077 0.121
0.0 0.0 0.0 1.0 0.0 0.0 0.0 0.0 0.0 0.0 0.406 0.250 0.594 0.418 2.0 0.146 0.846 0.121
0.0 0.0 0.0 1.0 0.0 0.0 0.0 0.0 0.0 0.0 0.125 0.531 0.875 0.699 2.0 0.202 0.128 0.121
0.0 0.0 0.0 1.0 0.0 0.0 0.0 0.0 0.0 0.0 0.125 0.531 0.875 0.699 2.0 0.157 0.128 0.121
0.0 0.0 0.0 1.0 0.0 0.0 0.0 0.0 0.0 0.0 0.156 0.500 0.844 0.668 2.0 0.124 0.231 0.121
0.0 0.0 0.0 0.0 1.0 0.0 0.0 0.0 0.0 0.0 0.125 0.531 0.875 0.699 2.0 0.213 0.128 0.121
0.0 0.0 0.0 0.0 1.0 0.0 0.0 0.0 0.0 0.0 0.125 0.531 0.875 0.699 2.0 0.180 0.128 0.121
0.0 0.0 0.0 1.0 0.0 0.0 0.0 0.0 0.0 0.0 0.188 0.469 0.812 0.637 3.0 0.157 0.333 0.121
0.0 0.0 0.0 1.0 0.0 0.0 0.0 0.0 0.0 0.0 0.125 0.531 0.875 0.699 2.0 0.169 0.128 0.121
0.0 0.0 0.0 1.0 0.0 0.0 0.0 0.0 0.0 0.0 0.125 0.531 0.875 0.699 2.0 0.180 0.128 0.121
0.0 0.0 0.0 1.0 0.0 0.0 0.0 0.0 0.0 0.0 0.219 0.438 0.781 0.605 3.0 0.169 0.436 0.121
0.0 0.0 0.0 0.0 1.0 0.0 0.0 0.0 0.0 0.0 0.125 0.531 0.875 0.699 2.0 0.169 0.128 0.121
0.0 0.0 0.0 0.0 1.0 0.0 0.0 0.0 0.0 0.0 0.156 0.500 0.844 0.668 2.0 0.169 0.128 0.121
0.0 0.0 0.0 1.0 0.0 0.0 0.0 0.0 0.0 0.0 0.250 0.406 0.750 0.574 3.0 0.169 0.538 0.121
0.0 0.0 0.0 1.0 0.0 0.0 0.0 0.0 0.0 0.0 0.125 0.531 0.875 0.699 2.0 0.180 0.128 0.121
0.0 0.0 0.0 1.0 0.0 0.0 0.0 0.0 0.0 0.0 0.156 0.500 0.844 0.668 2.0 0.169 0.128 0.121
0.0 0.0 0.0 1.0 0.0 0.0 0.0 0.0 0.0 0.0 0.281 0.375 0.719 0.543 3.0 0.169 0.641 0.121
0.0 0.0 0.0 0.0 1.0 0.0 0.0 0.0 0.0 0.0 0.125 0.531 0.875 0.699 2.0 0.180 0.128 0.121
0.0 0.0 0.0 0.0 1.0 0.0 0.0 0.0 0.0 0.0 0.125 0.531 0.875 0.699 2.0 0.180 0.128 0.121
0.0 0.0 0.0 1.0 0.0 0.0 0.0 0.0 0.0 0.0 0.312 0.344 0.688 0.512 3.0 0.157 0.744 0.121
0.0 0.0 0.0 1.0 0.0 0.0 0.0 0.0 0.0 0.0 0.125 0.531 0.875 0.699 2.0 0.169 0.128 0.121
0.0 0.0 0.0 1.0 0.0 0.0 0.0 0.0 0.0 0.0 0.344 0.312 0.656 0.480 2.0 0.124 0.744 0.121
0.0 1.0 0.0 0.0 0.0 0.0 0.0 0.0 0.0 0.0 0.156 0.500 0.844 0.668 1.0 0.079 0.128 0.121
0.0 0.0 0.0 0.0 0.0 1.0 0.0 0.0 0.0 0.0 0.125 0.531 0.875 0.699 2.0 0.157 0.128 0.121
0.0 0.0 0.0 1.0 0.0 0.0 0.0 0.0 0.0 0.0 0.375 0.281 0.625 0.449 2.0 0.112 0.846 0.121
0.0 0.0 0.0 1.0 0.0 0.0 0.0 0.0 0.0 0.0 0.125 0.531 0.875 0.699 2.0 0.180 0.128 0.121
0.0 1.0 0.0 0.0 0.0 0.0 0.0 0.0 0.0 0.0 0.188 0.469 0.812 0.637 1.0 0.112 0.128 0.121
0.0 0.0 0.0 0.0 1.0 0.0 0.0 0.0 0.0 0.0 0.156 0.500 0.844 0.668 2.0 0.135 0.128 0.121
0.0 0.0 0.0 0.0 1.0 0.0 0.0 0.0 0.0 0.0 0.156 0.500 0.844 0.668 2.0 0.169 0.128 0.121
0.0 0.0 1.0 0.0 0.0 0.0 0.0 0.0 0.0 0.0 0.219 0.438 0.781 0.605 2.0 0.112 0.128 0.121
0.0 0.0 0.0 1.0 0.0 0.0 0.0 0.0 0.0 0.0 0.438 0.219 0.562 0.387 3.0 0.146 0.846 0.121
0.0 0.0 0.0 0.0 1.0 0.0 0.0 0.0 0.0 0.0 0.438 0.219 0.562 0.387 2.0 0.112 0.846 0.121
0.0 0.0 0.0 1.0 0.0 0.0 0.0 0.0 0.0 0.0 0.406 0.156 0.250 0.191 2.0 0.135 0.410 0.242
0.0 1.0 0.0 0.0 0.0 0.0 0.0 0.0 1.0 0.0 0.031 0.531 0.625 0.566 1.0 0.056 0.026 0.242
0.0 1.0 0.0 0.0 0.0 0.0 0.0 0.0 1.0 0.0 0.031 0.531 0.625 0.566 1.0 0.056 0.026 0.242
0.0 1.0 0.0 0.0 0.0 0.0 0.0 0.0 1.0 0.0 0.031 0.531 0.625 0.566 1.0 0.056 0.026 0.242
0.0 1.0 0.0 0.0 0.0 0.0 0.0 0.0 1.0 0.0 0.031 0.531 0.625 0.566 1.0 0.056 0.026 0.242
0.0 1.0 0.0 0.0 0.0 0.0 0.0 0.0 1.0 0.0 0.031 0.531 0.625 0.566 1.0 0.056 0.026 0.242
0.0 1.0 0.0 0.0 0.0 0.0 0.0 0.0 1.0 0.0 0.031 0.531 0.625 0.566 1.0 0.056 0.026 0.242
0.0 1.0 0.0 0.0 0.0 0.0 0.0 0.0 1.0 0.0 0.031 0.531 0.625 0.566 1.0 0.056 0.026 0.242
0.0 1.0 0.0 0.0 0.0 0.0 0.0 0.0 1.0 0.0 0.031 0.531 0.625 0.566 1.0 0.045 0.026 0.242
0.0 1.0 0.0 0.0 0.0 0.0 0.0 0.0 0.0 0.0 0.094 0.469 0.562 0.504 1.0 0.067 0.051 0.242
0.0 0.0 1.0 0.0 0.0 0.0 0.0 0.0 1.0 0.0 0.062 0.500 0.594 0.535 2.0 0.056 0.051 0.242
0.0 0.0 0.0 1.0 0.0 0.0 0.0 0.0 1.0 0.0 0.125 0.438 0.531 0.473 3.0 0.090 0.103 0.242
0.0 0.0 0.0 0.0 1.0 0.0 0.0 0.0 1.0 0.0 0.062 0.500 0.594 0.535 2.0 0.079 0.051 0.242
0.0 0.0 0.0 1.0 0.0 0.0 0.0 0.0 1.0 0.0 0.062 0.500 0.594 0.535 2.0 0.079 0.051 0.242
0.0 0.0 0.0 1.0 0.0 0.0 0.0 0.0 0.0 0.0 0.156 0.406 0.500 0.441 3.0 0.135 0.154 0.242
0.0 0.0 0.0 0.0 1.0 0.0 0.0 0.0 1.0 0.0 0.062 0.500 0.594 0.535 2.0 0.079 0.051 0.242
0.0 0.0 0.0 1.0 0.0 0.0 0.0 0.0 1.0 0.0 0.062 0.500 0.594 0.535 2.0 0.079 0.051 0.242
0.0 0.0 0.0 1.0 0.0 0.0 0.0 0.0 0.0 0.0 0.188 0.375 0.469 0.410 3.0 0.146 0.205 0.242
0.0 0.0 0.0 0.0 1.0 0.0 0.0 0.0 1.0 0.0 0.062 0.500 0.594 0.535 2.0 0.079 0.051 0.242
0.0 0.0 0.0 1.0 0.0 0.0 0.0 0.0 1.0 0.0 0.062 0.500 0.594 0.535 2.0 0.079 0.051 0.242
0.0 0.0 0.0 1.0 0.0 0.0 0.0 0.0 0.0 0.0 0.219 0.344 0.438 0.379 3.0 0.146 0.256 0.242
0.0 1.0 0.0 0.0 0.0 0.0 0.0 0.0 0.0 0.0 0.094 0.469 0.562 0.504 1.0 0.079 0.051 0.242
0.0 0.0 0.0 0.0 1.0 0.0 0.0 0.0 1.0 0.0 0.062 0.500 0.594 0.535 2.0 0.056 0.051 0.242
0.0 0.0 0.0 1.0 0.0 0.0 0.0 0.0 1.0 0.0 0.062 0.500 0.594 0.535 2.0 0.079 0.051 0.242
0.0 1.0 0.0 0.0 0.0 0.0 0.0 0.0 0.0 0.0 0.281 0.281 0.375 0.316 1.0 0.101 0.308 0.242
0.0 0.0 0.0 1.0 0.0 0.0 0.0 0.0 0.0 0.0 0.250 0.312 0.406 0.348 3.0 0.124 0.308 0.242
0.0 0.0 0.0 0.0 1.0 0.0 0.0 0.0 1.0 0.0 0.062 0.500 0.594 0.535 2.0 0.079 0.051 0.242
0.0 0.0 0.0 1.0 0.0 0.0 0.0 0.0 1.0 0.0 0.062 0.500 0.594 0.535 2.0 0.079 0.051 0.242
0.0 0.0 0.0 1.0 0.0 0.0 0.0 0.0 0.0 0.0 0.312 0.250 0.344 0.285 3.0 0.124 0.359 0.242
0.0 0.0 0.0 0.0 1.0 0.0 0.0 0.0 1.0 0.0 0.062 0.500 0.594 0.535 2.0 0.079 0.051 0.242
0.0 1.0 0.0 0.0 0.0 0.0 0.0 0.0 0.0 0.0 0.094 0.469 0.562 0.504 1.0 0.079 0.051 0.242
0.0 0.0 0.0 0.0 1.0 0.0 0.0 0.0 1.0 0.0 0.062 0.500 0.594 0.535 2.0 0.056 0.051 0.242
0.0 1.0 0.0 0.0 0.0 0.0 0.0 0.0 0.0 0.0 0.375 0.188 0.281 0.223 1.0 0.112 0.410 0.242
0.0 0.0 0.0 1.0 0.0 0.0 0.0 0.0 0.0 0.0 0.344 0.219 0.312 0.254 3.0 0.124 0.410 0.242
0.0 0.0 0.0 1.0 0.0 0.0 0.0 0.0 1.0 0.0 0.062 0.500 0.594 0.535 2.0 0.090 0.051 0.242
0.0 0.0 1.0 0.0 0.0 0.0 0.0 0.0 0.0 0.0 0.594 0.125 0.125 0.125 2.0 0.146 0.436 0.015
0.0 1.0 0.0 0.0 0.0 0.0 0.0 0.0 0.0 0.0 0.781 0.094 0.094 0.094 1.0 0.079 0.641 0.015
0.0 0.0 1.0 0.0 0.0 0.0 0.0 0.0 0.0 0.0 0.750 0.125 0.125 0.125 2.0 0.124 0.641 0.015
0.0 1.0 0.0 0.0 0.0 0.0 0.0 0.0 0.0 0.0 0.844 0.094 0.094 0.094 1.0 0.079 0.744 0.015
0.0 0.0 1.0 0.0 0.0 0.0 0.0 0.0 0.0 0.0 0.812 0.125 0.125 0.125 2.0 0.112 0.744 0.015
0.0 0.0 0.0 0.0 0.0 1.0 0.0 0.0 0.0 0.0 0.844 0.062 0.062 0.062 2.0 0.146 0.744 0.015
0.0 0.0 0.0 0.0 1.0 0.0 0.0 0.0 0.0 0.0 0.562 0.156 0.438 0.318 3.0 0.315 0.436 0.091
0.0 0.0 0.0 0.0 1.0 0.0 0.0 0.0 0.0 0.0 0.719 0.156 0.281 0.211 3.0 0.247 0.641 0.061
0.0 0.0 0.0 1.0 0.0 0.0 0.0 0.0 0.0 0.0 0.500 0.156 0.156 0.156 2.0 0.090 0.333 0.015
0.0 1.0 0.0 0.0 0.0 0.0 0.0 0.0 0.0 0.0 0.781 0.125 0.219 0.167 1.0 0.157 0.744 0.045
0.0 0.0 0.0 0.0 1.0 0.0 0.0 0.0 0.0 0.0 0.750 0.156 0.250 0.198 2.0 0.169 0.744 0.045
0.0 1.0 0.0 0.0 0.0 0.0 0.0 0.0 0.0 0.0 0.906 0.094 0.094 0.094 1.0 0.090 0.744 0.015
0.0 0.0 0.0 1.0 0.0 0.0 0.0 0.0 0.0 0.0 0.875 0.125 0.125 0.125 2.0 0.090 0.744 0.015
0.0 1.0 0.0 0.0 0.0 0.0 0.0 0.0 0.0 0.0 0.656 0.188 0.219 0.203 1.0 0.101 0.538 0.030
0.0 0.0 1.0 0.0 0.0 0.0 0.0 0.0 0.0 0.0 0.719 0.125 0.125 0.125 2.0 0.124 0.538 0.015
0.0 1.0 0.0 0.0 0.0 0.0 0.0 0.0 0.0 0.0 0.438 0.219 0.219 0.219 1.0 0.112 0.333 0.015
0.0 1.0 0.0 0.0 0.0 0.0 0.0 0.0 0.0 0.0 0.594 0.250 0.281 0.266 1.0 0.135 0.436 0.030
0.0 1.0 0.0 0.0 0.0 0.0 0.0 0.0 0.0 0.0 0.781 0.156 0.156 0.156 1.0 0.079 0.744 0.015
0.0 0.0 1.0 0.0 0.0 0.0 0.0 0.0 0.0 0.0 0.750 0.188 0.188 0.188 2.0 0.135 0.744 0.015
0.0 0.0 0.0 1.0 0.0 0.0 0.0 0.0 0.0 0.0 0.719 0.156 0.156 0.156 2.0 0.124 0.641 0.015
0.0 0.0 0.0 0.0 1.0 0.0 0.0 0.0 0.0 0.0 0.438 0.281 0.281 0.281 2.0 0.169 0.333 0.015
0.0 0.0 0.0 1.0 0.0 0.0 0.0 0.0 0.0 0.0 0.562 0.156 0.156 0.156 2.0 0.112 0.436 0.015
0.0 1.0 0.0 0.0 0.0 0.0 0.0 0.0 0.0 0.0 0.844 0.156 0.156 0.156 1.0 0.079 0.744 0.015
0.0 0.0 0.0 1.0 0.0 0.0 0.0 0.0 0.0 0.0 0.812 0.188 0.188 0.188 2.0 0.146 0.744 0.015
0.0 0.0 0.0 0.0 1.0 0.0 0.0 0.0 0.0 0.0 0.812 0.188 0.188 0.188 2.0 0.157 0.744 0.015
0.0 0.0 0.0 1.0 0.0 0.0 0.0 0.0 0.0 0.0 0.688 0.156 0.188 0.172 2.0 0.124 0.538 0.030
0.0 0.0 0.0 1.0 0.0 0.0 0.0 0.0 0.0 0.0 0.656 0.188 0.188 0.188 2.0 0.157 0.538 0.015
0.0 0.0 0.0 0.0 1.0 0.0 0.0 0.0 0.0 0.0 0.469 0.188 0.188 0.188 2.0 0.135 0.333 0.015
0.0 0.0 0.0 1.0 0.0 0.0 0.0 0.0 0.0 0.0 0.469 0.188 0.188 0.188 2.0 0.135 0.333 0.015
0.0 1.0 0.0 0.0 0.0 0.0 0.0 0.0 0.0 0.0 0.812 0.094 0.094 0.094 1.0 0.101 0.744 0.015
0.0 0.0 1.0 0.0 0.0 0.0 0.0 0.0 0.0 0.0 0.438 0.281 0.562 0.443 2.0 0.225 0.436 0.091
0.0 0.0 1.0 0.0 0.0 0.0 0.0 0.0 0.0 0.0 0.625 0.281 0.375 0.323 2.0 0.191 0.744 0.045
0.0 0.0 0.0 1.0 0.0 0.0 0.0 0.0 0.0 0.0 0.281 0.375 0.719 0.543 3.0 0.281 0.231 0.121
0.0 1.0 0.0 0.0 0.0 0.0 0.0 0.0 0.0 0.0 0.125 0.531 0.875 0.699 1.0 0.124 0.077 0.121
0.0 0.0 0.0 1.0 0.0 0.0 0.0 0.0 0.0 0.0 0.125 0.531 0.875 0.699 2.0 0.258 0.128 0.121
0.0 1.0 0.0 0.0 0.0 0.0 0.0 0.0 0.0 0.0 0.125 0.531 0.875 0.699 1.0 0.202 0.077 0.121
0.0 1.0 0.0 0.0 0.0 0.0 0.0 0.0 0.0 0.0 0.125 0.531 0.875 0.723 1.0 0.180 0.077 0.106
0.0 1.0 0.0 0.0 0.0 0.0 0.0 0.0 0.0 0.0 0.125 0.531 0.875 0.723 1.0 0.180 0.077 0.106
0.0 1.0 0.0 0.0 0.0 0.0 0.0 0.0 0.0 0.0 0.156 0.688 0.844 0.756 1.0 0.169 0.077 0.076
0.0 1.0 0.0 0.0 0.0 0.0 0.0 0.0 0.0 0.0 0.125 0.719 0.875 0.787 1.0 0.180 0.077 0.076
0.0 0.0 0.0 0.0 0.0 1.0 0.0 0.0 0.0 0.0 0.406 0.438 0.594 0.506 2.0 0.169 0.436 0.076
0.0 0.0 1.0 0.0 0.0 0.0 0.0 0.0 0.0 0.0 0.469 0.406 0.531 0.461 2.0 0.191 0.538 0.061
0.0 1.0 0.0 0.0 0.0 0.0 0.0 0.0 0.0 0.0 0.125 0.750 0.875 0.805 1.0 0.180 0.077 0.061
0.0 1.0 0.0 0.0 0.0 0.0 0.0 0.0 0.0 0.0 0.125 0.750 0.875 0.805 1.0 0.191 0.077 0.061
0.0 0.0 1.0 0.0 0.0 0.0 0.0 0.0 0.0 0.0 0.344 0.375 0.656 0.536 2.0 0.157 0.333 0.091
0.0 0.0 0.0 0.0 0.0 1.0 0.0 0.0 0.0 0.0 0.375 0.344 0.625 0.505 2.0 0.180 0.436 0.091
0.0 0.0 0.0 1.0 0.0 0.0 0.0 0.0 0.0 0.0 0.219 0.438 0.781 0.605 2.0 0.191 0.128 0.121
0.0 0.0 0.0 1.0 0.0 0.0 0.0 0.0 0.0 0.0 0.594 0.281 0.406 0.336 2.0 0.169 0.641 0.061
0.0 0.0 0.0 1.0 0.0 0.0 0.0 0.0 0.0 0.0 0.500 0.344 0.500 0.412 2.0 0.225 0.538 0.076
0.0 0.0 0.0 1.0 0.0 0.0 0.0 0.0 0.0 0.0 0.344 0.312 0.656 0.504 2.0 0.213 0.333 0.106
0.0 1.0 0.0 0.0 0.0 0.0 0.0 0.0 0.0 0.0 0.125 0.781 0.875 0.823 1.0 0.124 0.077 0.045
0.0 1.0 0.0 0.0 0.0 0.0 0.0 0.0 0.0 0.0 0.125 0.781 0.875 0.823 1.0 0.124 0.077 0.045
0.0 0.0 0.0 0.0 1.0 0.0 0.0 0.0 0.0 0.0 0.281 0.375 0.719 0.567 2.0 0.180 0.231 0.106
0.0 0.0 0.0 0.0 0.0 1.0 0.0 0.0 0.0 0.0 0.156 0.500 0.844 0.668 2.0 0.213 0.179 0.121
0.0 1.0 0.0 0.0 0.0 0.0 0.0 0.0 0.0 0.0 0.438 0.406 0.562 0.475 1.0 0.112 0.436 0.076
0.0 1.0 0.0 0.0 0.0 0.0 0.0 0.0 0.0 0.0 0.156 0.500 0.844 0.668 1.0 0.157 0.128 0.121
0.0 0.0 0.0 1.0 0.0 0.0 0.0 0.0 0.0 0.0 0.125 0.594 0.875 0.755 2.0 0.202 0.128 0.091
0.0 0.0 0.0 0.0 1.0 0.0 0.0 0.0 0.0 0.0 0.188 0.469 0.812 0.661 2.0 0.146 0.179 0.106
0.0 1.0 0.0 0.0 0.0 0.0 0.0 0.0 0.0 0.0 0.250 0.406 0.750 0.598 1.0 0.101 0.231 0.106
0.0 0.0 1.0 0.0 0.0 0.0 0.0 0.0 0.0 0.0 0.219 0.438 0.781 0.629 2.0 0.169 0.231 0.106
0.0 0.0 0.0 1.0 0.0 0.0 0.0 0.0 0.0 0.0 0.156 0.562 0.844 0.724 2.0 0.124 0.128 0.091
0.0 0.0 0.0 1.0 0.0 0.0 0.0 0.0 0.0 0.0 0.312 0.406 0.688 0.568 2.0 0.146 0.333 0.091
0.0 0.0 0.0 0.0 1.0 0.0 0.0 0.0 0.0 0.0 0.156 0.562 0.844 0.724 2.0 0.135 0.128 0.091
0.0 0.0 0.0 0.0 0.0 1.0 0.0 0.0 0.0 0.0 0.125 0.594 0.875 0.755 2.0 0.169 0.128 0.091
0.0 0.0 0.0 0.0 1.0 0.0 0.0 0.0 0.0 0.0 0.188 0.688 0.812 0.742 2.0 0.124 0.128 0.061
0.0 0.0 0.0 1.0 0.0 0.0 0.0 0.0 0.0 0.0 0.438 0.438 0.562 0.492 2.0 0.157 0.538 0.061
0.0 0.0 0.0 1.0 0.0 0.0 0.0 0.0 0.0 0.0 0.188 0.688 0.812 0.742 2.0 0.146 0.128 0.061
0.0 1.0 0.0 0.0 0.0 0.0 0.0 0.0 0.0 0.0 0.500 0.375 0.500 0.430 1.0 0.135 0.538 0.061
0.0 1.0 0.0 0.0 0.0 0.0 0.0 0.0 0.0 0.0 0.188 0.719 0.812 0.760 1.0 0.124 0.128 0.045
0.0 0.0 0.0 1.0 0.0 0.0 0.0 0.0 0.0 0.0 0.156 0.750 0.844 0.792 2.0 0.124 0.128 0.045
0.0 1.0 0.0 0.0 0.0 0.0 0.0 0.0 0.0 0.0 0.531 0.375 0.469 0.417 1.0 0.101 0.641 0.045
0.0 0.0 1.0 0.0 0.0 0.0 0.0 0.0 0.0 0.0 0.500 0.406 0.500 0.448 2.0 0.124 0.641 0.045
0.0 0.0 0.0 0.0 1.0 0.0 0.0 0.0 0.0 0.0 0.156 0.750 0.844 0.792 2.0 0.180 0.128 0.045
0.0 1.0 0.0 0.0 0.0 0.0 0.0 0.0 0.0 0.0 0.594 0.312 0.406 0.354 1.0 0.124 0.744 0.045
0.0 0.0 1.0 0.0 0.0 0.0 0.0 0.0 0.0 0.0 0.562 0.344 0.438 0.385 4.0 0.180 0.744 0.045
0.0 0.0 0.0 1.0 0.0 0.0 0.0 0.0 0.0 0.0 0.531 0.375 0.469 0.417 2.0 0.135 0.641 0.045
0.0 0.0 0.0 1.0 0.0 0.0 0.0 0.0 0.0 0.0 0.562 0.344 0.438 0.385 3.0 0.169 0.744 0.045
0.0 0.0 0.0 0.0 1.0 0.0 0.0 0.0 0.0 0.0 0.125 0.594 0.875 0.755 2.0 0.146 0.128 0.091
0.0 0.0 0.0 1.0 0.0 0.0 0.0 0.0 0.0 0.0 0.156 0.562 0.844 0.724 2.0 0.112 0.128 0.091
0.0 0.0 0.0 1.0 0.0 0.0 0.0 0.0 0.0 0.0 0.375 0.344 0.625 0.505 2.0 0.157 0.436 0.091
0.0 0.0 0.0 1.0 0.0 0.0 0.0 0.0 0.0 0.0 0.406 0.312 0.594 0.474 2.0 0.180 0.436 0.091
0.0 0.0 0.0 1.0 0.0 0.0 0.0 0.0 0.0 0.0 0.250 0.406 0.750 0.574 2.0 0.180 0.231 0.121
0.0 0.0 0.0 0.0 1.0 0.0 0.0 0.0 0.0 0.0 0.156 0.750 0.844 0.792 2.0 0.180 0.128 0.045
0.0 0.0 0.0 0.0 1.0 0.0 0.0 0.0 0.0 0.0 0.156 0.750 0.844 0.792 2.0 0.180 0.128 0.045
0.0 0.0 0.0 1.0 0.0 0.0 0.0 0.0 0.0 0.0 0.188 0.719 0.812 0.760 2.0 0.135 0.128 0.045
0.0 0.0 0.0 0.0 1.0 0.0 0.0 0.0 0.0 0.0 0.156 0.719 0.844 0.773 2.0 0.191 0.128 0.061
0.0 1.0 0.0 0.0 0.0 0.0 0.0 0.0 0.0 0.0 0.188 0.688 0.812 0.742 1.0 0.112 0.128 0.061
0.0 0.0 0.0 0.0 0.0 1.0 0.0 0.0 0.0 0.0 0.156 0.719 0.844 0.773 2.0 0.157 0.128 0.061
0.0 1.0 0.0 0.0 0.0 0.0 0.0 0.0 0.0 0.0 0.250 0.625 0.750 0.680 1.0 0.079 0.128 0.061
0.0 0.0 0.0 1.0 0.0 0.0 0.0 0.0 0.0 0.0 0.219 0.656 0.781 0.711 2.0 0.101 0.128 0.061
0.0 1.0 0.0 0.0 0.0 0.0 0.0 0.0 0.0 0.0 0.562 0.312 0.438 0.367 1.0 0.101 0.641 0.061
0.0 0.0 0.0 1.0 0.0 0.0 0.0 0.0 0.0 0.0 0.531 0.344 0.469 0.398 2.0 0.090 0.641 0.061
0.0 0.0 0.0 1.0 0.0 0.0 0.0 0.0 0.0 0.0 0.500 0.375 0.500 0.430 3.0 0.191 0.641 0.061
0.0 0.0 0.0 0.0 1.0 0.0 0.0 0.0 0.0 0.0 0.156 0.688 0.844 0.756 2.0 0.180 0.128 0.076
0.0 0.0 0.0 0.0 1.0 0.0 0.0 0.0 0.0 0.0 0.188 0.656 0.812 0.725 2.0 0.191 0.128 0.076
0.0 0.0 0.0 1.0 0.0 0.0 0.0 0.0 0.0 0.0 0.219 0.625 0.781 0.694 2.0 0.124 0.128 0.076
0.0 0.0 0.0 1.0 0.0 0.0 0.0 0.0 0.0 0.0 0.469 0.375 0.531 0.444 3.0 0.169 0.538 0.076
0.0 0.0 0.0 1.0 0.0 0.0 0.0 0.0 0.0 0.0 0.438 0.406 0.562 0.475 2.0 0.157 0.538 0.076
0.0 0.0 0.0 0.0 1.0 0.0 0.0 0.0 0.0 0.0 0.156 0.500 0.844 0.692 2.0 0.191 0.128 0.106
0.0 0.0 0.0 0.0 1.0 0.0 0.0 0.0 0.0 0.0 0.156 0.500 0.844 0.692 2.0 0.191 0.128 0.106
0.0 0.0 1.0 0.0 0.0 0.0 0.0 0.0 0.0 0.0 0.188 0.469 0.812 0.661 2.0 0.124 0.128 0.106
0.0 0.0 0.0 1.0 0.0 0.0 0.0 0.0 0.0 0.0 0.312 0.344 0.688 0.536 3.0 0.191 0.333 0.106
0.0 0.0 0.0 0.0 1.0 0.0 0.0 0.0 0.0 0.0 0.312 0.344 0.688 0.536 2.0 0.146 0.333 0.106
0.0 0.0 0.0 1.0 0.0 0.0 0.0 0.0 0.0 0.0 0.156 0.500 0.844 0.668 2.0 0.202 0.179 0.121
0.0 1.0 0.0 0.0 0.0 0.0 0.0 0.0 0.0 0.0 0.188 0.469 0.812 0.637 1.0 0.079 0.179 0.121
0.0 0.0 0.0 0.0 1.0 0.0 0.0 0.0 0.0 0.0 0.156 0.500 0.844 0.668 2.0 0.191 0.179 0.121
0.0 0.0 0.0 1.0 0.0 0.0 0.0 0.0 0.0 0.0 0.219 0.438 0.781 0.605 2.0 0.101 0.179 0.121
0.0 1.0 0.0 0.0 0.0 0.0 0.0 0.0 0.0 0.0 0.219 0.438 0.781 0.605 1.0 0.146 0.231 0.121
0.0 0.0 0.0 0.0 1.0 0.0 0.0 0.0 0.0 0.0 0.188 0.469 0.812 0.637 3.0 0.213 0.231 0.121
0.0 0.0 0.0 1.0 0.0 0.0 0.0 0.0 0.0 0.0 0.188 0.469 0.812 0.637 2.0 0.247 0.231 0.121
0.0 1.0 0.0 0.0 0.0 0.0 0.0 0.0 0.0 0.0 0.188 0.469 0.812 0.637 1.0 0.101 0.128 0.121
0.0 0.0 0.0 0.0 1.0 0.0 0.0 0.0 0.0 0.0 0.156 0.500 0.844 0.668 2.0 0.124 0.128 0.121
0.0 1.0 0.0 0.0 0.0 0.0 0.0 0.0 0.0 0.0 0.188 0.469 0.812 0.637 1.0 0.101 0.128 0.121
0.0 0.0 1.0 0.0 0.0 0.0 0.0 0.0 0.0 0.0 0.156 0.500 0.844 0.668 2.0 0.124 0.128 0.121
0.0 1.0 0.0 0.0 0.0 0.0 0.0 0.0 0.0 0.0 0.156 0.688 0.844 0.756 1.0 0.124 0.128 0.076
0.0 0.0 1.0 0.0 0.0 0.0 0.0 0.0 0.0 0.0 0.406 0.250 0.594 0.442 2.0 0.247 0.333 0.106
0.0 1.0 0.0 0.0 0.0 0.0 0.0 0.0 0.0 0.0 0.625 0.219 0.375 0.287 1.0 0.157 0.538 0.076
0.0 0.0 1.0 0.0 0.0 0.0 0.0 0.0 0.0 0.0 0.594 0.250 0.406 0.319 2.0 0.146 0.538 0.076
0.0 0.0 1.0 0.0 0.0 0.0 0.0 0.0 0.0 0.0 0.688 0.188 0.312 0.242 2.0 0.180 0.641 0.061
0.0 0.0 1.0 0.0 0.0 0.0 0.0 0.0 0.0 0.0 0.719 0.188 0.281 0.229 2.0 0.146 0.744 0.045
0.0 0.0 0.0 0.0 1.0 0.0 0.0 0.0 0.0 0.0 0.688 0.219 0.312 0.260 2.0 0.225 0.744 0.045
0.0 0.0 0.0 0.0 1.0 0.0 0.0 0.0 0.0 0.0 0.375 0.281 0.625 0.473 3.0 0.360 0.333 0.106
0.0 0.0 0.0 0.0 1.0 0.0 0.0 0.0 0.0 0.0 0.531 0.312 0.469 0.381 3.0 0.292 0.538 0.076
0.0 1.0 0.0 0.0 0.0 0.0 0.0 0.0 0.0 0.0 0.656 0.219 0.344 0.273 1.0 0.169 0.641 0.061
0.0 0.0 0.0 0.0 1.0 0.0 0.0 0.0 0.0 0.0 0.625 0.250 0.375 0.305 2.0 0.169 0.641 0.061
0.0 0.0 0.0 1.0 0.0 0.0 0.0 0.0 0.0 0.0 0.344 0.312 0.656 0.480 2.0 0.236 0.231 0.121
0.0 1.0 0.0 0.0 0.0 0.0 0.0 0.0 0.0 0.0 0.469 0.250 0.531 0.411 1.0 0.124 0.436 0.091
0.0 0.0 1.0 0.0 0.0 0.0 0.0 0.0 0.0 0.0 0.531 0.188 0.469 0.349 2.0 0.191 0.436 0.091
0.0 1.0 0.0 0.0 0.0 0.0 0.0 0.0 0.0 0.0 0.250 0.406 0.750 0.574 1.0 0.112 0.128 0.121
0.0 1.0 0.0 0.0 0.0 0.0 0.0 0.0 0.0 0.0 0.406 0.312 0.594 0.474 1.0 0.135 0.333 0.091
0.0 0.0 0.0 1.0 0.0 0.0 0.0 0.0 0.0 0.0 0.688 0.219 0.312 0.260 2.0 0.135 0.744 0.045
0.0 0.0 0.0 1.0 0.0 0.0 0.0 0.0 0.0 0.0 0.625 0.250 0.375 0.305 2.0 0.169 0.641 0.061
0.0 1.0 0.0 0.0 0.0 0.0 0.0 0.0 0.0 0.0 0.562 0.281 0.438 0.350 1.0 0.079 0.538 0.076
0.0 0.0 1.0 0.0 0.0 0.0 0.0 0.0 0.0 0.0 0.531 0.312 0.469 0.381 2.0 0.135 0.538 0.076
0.0 0.0 0.0 0.0 1.0 0.0 0.0 0.0 0.0 0.0 0.312 0.344 0.688 0.536 2.0 0.180 0.231 0.106
0.0 0.0 0.0 1.0 0.0 0.0 0.0 0.0 0.0 0.0 0.375 0.281 0.625 0.473 2.0 0.146 0.333 0.106
0.0 0.0 0.0 1.0 0.0 0.0 0.0 0.0 0.0 0.0 0.500 0.219 0.500 0.380 2.0 0.135 0.436 0.091
0.0 0.0 0.0 1.0 0.0 0.0 0.0 0.0 0.0 0.0 0.469 0.250 0.531 0.411 2.0 0.191 0.436 0.091
0.0 0.0 0.0 0.0 1.0 0.0 0.0 0.0 0.0 0.0 0.312 0.344 0.688 0.512 2.0 0.191 0.231 0.121
0.0 0.0 0.0 1.0 0.0 0.0 0.0 0.0 0.0 0.0 0.312 0.344 0.688 0.512 2.0 0.191 0.231 0.121
0.0 0.0 0.0 1.0 0.0 0.0 0.0 0.0 0.0 0.0 0.312 0.312 0.344 0.316 2.0 0.135 0.410 0.121
0.0 1.0 0.0 0.0 0.0 0.0 0.0 0.0 1.0 0.0 0.031 0.594 0.625 0.598 1.0 0.056 0.026 0.121
0.0 1.0 0.0 0.0 0.0 0.0 0.0 0.0 1.0 0.0 0.031 0.594 0.625 0.598 1.0 0.056 0.026 0.121
0.0 1.0 0.0 0.0 0.0 0.0 0.0 0.0 1.0 0.0 0.031 0.594 0.625 0.598 1.0 0.056 0.026 0.121
0.0 1.0 0.0 0.0 0.0 0.0 0.0 0.0 1.0 0.0 0.031 0.594 0.625 0.598 1.0 0.056 0.026 0.121
0.0 1.0 0.0 0.0 0.0 0.0 0.0 0.0 1.0 0.0 0.031 0.594 0.625 0.598 1.0 0.056 0.026 0.121
0.0 1.0 0.0 0.0 0.0 0.0 0.0 0.0 1.0 0.0 0.031 0.594 0.625 0.598 1.0 0.056 0.026 0.121
0.0 1.0 0.0 0.0 0.0 0.0 0.0 0.0 1.0 0.0 0.031 0.594 0.625 0.598 1.0 0.056 0.026 0.121
0.0 1.0 0.0 0.0 0.0 0.0 0.0 0.0 1.0 0.0 0.031 0.594 0.625 0.598 1.0 0.045 0.026 0.121
0.0 0.0 0.0 1.0 0.0 0.0 0.0 0.0 1.0 0.0 0.062 0.562 0.594 0.566 2.0 0.067 0.051 0.121
0.0 0.0 0.0 1.0 0.0 0.0 0.0 0.0 1.0 0.0 0.094 0.531 0.562 0.535 3.0 0.090 0.103 0.121
0.0 0.0 0.0 0.0 1.0 0.0 0.0 0.0 1.0 0.0 0.062 0.562 0.594 0.566 2.0 0.079 0.051 0.121
0.0 1.0 0.0 0.0 0.0 0.0 0.0 0.0 0.0 0.0 0.094 0.531 0.562 0.535 1.0 0.079 0.051 0.121
0.0 0.0 1.0 0.0 0.0 0.0 0.0 0.0 1.0 0.0 0.062 0.562 0.594 0.566 2.0 0.056 0.051 0.121
0.0 0.0 0.0 1.0 0.0 0.0 0.0 0.0 0.0 0.0 0.125 0.500 0.531 0.504 3.0 0.135 0.154 0.121
0.0 0.0 0.0 0.0 1.0 0.0 0.0 0.0 1.0 0.0 0.062 0.562 0.594 0.566 2.0 0.079 0.051 0.121
0.0 0.0 0.0 1.0 0.0 0.0 0.0 0.0 1.0 0.0 0.062 0.562 0.594 0.566 2.0 0.079 0.051 0.121
0.0 0.0 0.0 1.0 0.0 0.0 0.0 0.0 0.0 0.0 0.156 0.469 0.500 0.473 3.0 0.146 0.205 0.121
0.0 0.0 0.0 0.0 1.0 0.0 0.0 0.0 1.0 0.0 0.062 0.562 0.594 0.566 2.0 0.079 0.051 0.121
0.0 1.0 0.0 0.0 0.0 0.0 0.0 0.0 0.0 0.0 0.094 0.531 0.562 0.535 1.0 0.079 0.051 0.121
0.0 0.0 0.0 1.0 0.0 0.0 0.0 0.0 1.0 0.0 0.062 0.562 0.594 0.566 2.0 0.056 0.051 0.121
0.0 0.0 0.0 1.0 0.0 0.0 0.0 0.0 0.0 0.0 0.188 0.438 0.469 0.441 3.0 0.146 0.256 0.121
0.0 0.0 0.0 0.0 1.0 0.0 0.0 0.0 1.0 0.0 0.062 0.562 0.594 0.566 2.0 0.079 0.051 0.121
0.0 0.0 0.0 1.0 0.0 0.0 0.0 0.0 1.0 0.0 0.062 0.562 0.594 0.566 2.0 0.079 0.051 0.121
0.0 0.0 0.0 1.0 0.0 0.0 0.0 0.0 0.0 0.0 0.219 0.406 0.438 0.410 3.0 0.146 0.308 0.121
