0.0 1.0 0.0 0.0 0.0 0.0 0.0 0.0 1.0 0.0 0.022 0.778 0.978 0.832 1.0 0.139 0.013 1.000
0.0 1.0 0.0 0.0 0.0 0.0 0.0 0.0 1.0 0.0 0.022 0.778 0.978 0.832 1.0 0.097 0.013 1.000
0.0 1.0 0.0 0.0 0.0 0.0 0.0 0.0 1.0 0.0 0.022 0.778 0.978 0.832 1.0 0.139 0.013 1.000
0.0 1.0 0.0 0.0 0.0 0.0 0.0 0.0 1.0 0.0 0.022 0.778 0.978 0.832 1.0 0.181 0.013 1.000
0.0 1.0 0.0 0.0 0.0 0.0 0.0 0.0 1.0 0.0 0.022 0.778 0.978 0.832 2.0 0.097 0.026 1.000
0.0 1.0 0.0 0.0 0.0 0.0 0.0 0.0 1.0 0.0 0.022 0.778 0.978 0.832 1.0 0.097 0.013 1.000
0.0 1.0 0.0 0.0 0.0 0.0 0.0 0.0 1.0 0.0 0.022 0.778 0.978 0.832 1.0 0.139 0.013 1.000
0.0 1.0 0.0 0.0 0.0 0.0 0.0 0.0 1.0 0.0 0.022 0.778 0.978 0.832 1.0 0.139 0.013 1.000
0.0 1.0 0.0 0.0 0.0 0.0 0.0 0.0 1.0 0.0 0.022 0.778 0.978 0.832 2.0 0.181 0.026 1.000
0.0 1.0 0.0 0.0 0.0 0.0 0.0 0.0 1.0 0.0 0.022 0.778 0.978 0.832 1.0 0.139 0.013 1.000
0.0 1.0 0.0 0.0 0.0 0.0 0.0 0.0 1.0 0.0 0.022 0.778 0.978 0.832 1.0 0.097 0.013 1.000
0.0 1.0 0.0 0.0 0.0 0.0 0.0 0.0 1.0 0.0 0.022 0.778 0.978 0.832 1.0 0.097 0.013 1.000
0.0 1.0 0.0 0.0 0.0 0.0 0.0 0.0 1.0 0.0 0.022 0.778 0.978 0.832 1.0 0.139 0.013 1.000
0.0 1.0 0.0 0.0 0.0 0.0 0.0 0.0 1.0 0.0 0.022 0.778 0.978 0.832 1.0 0.139 0.013 1.000
0.0 1.0 0.0 0.0 0.0 0.0 0.0 0.0 1.0 0.0 0.022 0.778 0.978 0.832 2.0 0.139 0.026 1.000
0.0 1.0 0.0 0.0 0.0 0.0 0.0 0.0 1.0 0.0 0.022 0.778 0.978 0.832 1.0 0.139 0.013 1.000
0.0 0.0 0.0 1.0 0.0 0.0 0.0 0.0 1.0 0.0 0.022 0.911 0.911 0.911 2.0 0.069 0.026 0.040
0.0 0.0 0.0 1.0 0.0 0.0 0.0 0.0 1.0 0.0 0.022 0.911 0.911 0.911 2.0 0.069 0.026 0.040
0.0 1.0 0.0 0.0 0.0 0.0 0.0 0.0 1.0 0.0 0.022 0.778 0.978 0.832 1.0 0.111 0.013 1.000
0.0 1.0 0.0 0.0 0.0 0.0 0.0 0.0 1.0 0.0 0.022 0.778 0.978 0.832 1.0 0.083 0.013 1.000
1.0 0.0 0.0 0.0 0.0 0.0 0.0 0.0 1.0 0.0 0.022 0.778 0.978 0.832 1.0 0.111 0.013 1.000
1.0 0.0 0.0 0.0 0.0 0.0 0.0 0.0 1.0 0.0 0.022 0.778 0.978 0.832 1.0 0.153 0.013 1.000
0.0 1.0 0.0 0.0 0.0 0.0 0.0 0.0 1.0 0.0 0.022 0.778 0.978 0.832 1.0 0.097 0.013 1.000
0.0 1.0 0.0 0.0 0.0 0.0 0.0 0.0 1.0 0.0 0.022 0.778 0.978 0.832 1.0 0.097 0.013 1.000
0.0 1.0 0.0 0.0 0.0 0.0 0.0 0.0 1.0 0.0 0.022 0.778 0.978 0.832 1.0 0.097 0.013 1.000
0.0 1.0 0.0 0.0 0.0 0.0 0.0 0.0 1.0 0.0 0.022 0.778 0.978 0.832 1.0 0.097 0.013 1.000
0.0 1.0 0.0 0.0 0.0 0.0 0.0 0.0 1.0 0.0 0.022 0.911 0.911 0.911 1.0 0.069 0.013 0.040
0.0 1.0 0.0 0.0 0.0 0.0 0.0 0.0 1.0 0.0 0.022 0.911 0.911 0.911 1.0 0.069 0.013 0.040
0.0 1.0 0.0 0.0 0.0 0.0 0.0 0.0 1.0 0.0 0.022 0.778 0.978 0.853 1.0 0.111 0.013 0.640
0.0 1.0 0.0 0.0 0.0 0.0 0.0 0.0 1.0 0.0 0.022 0.778 0.978 0.850 1.0 0.111 0.013 0.640
1.0 0.0 0.0 0.0 0.0 0.0 0.0 0.0 1.0 0.0 0.022 0.911 0.978 0.930 1.0 0.306 0.013 0.240
0.0 1.0 0.0 0.0 0.0 0.0 0.0 0.0 1.0 0.0 0.022 0.778 0.978 0.832 1.0 0.347 0.013 1.000
1.0 0.0 0.0 0.0 0.0 0.0 0.0 0.0 1.0 0.0 0.022 0.778 0.978 0.832 1.0 0.125 0.013 1.000
0.0 1.0 0.0 0.0 0.0 0.0 0.0 0.0 1.0 0.0 0.022 0.778 0.978 0.832 1.0 0.153 0.013 1.000
1.0 0.0 0.0 0.0 0.0 0.0 0.0 0.0 1.0 0.0 0.022 0.778 0.978 0.832 1.0 0.208 0.013 1.000
0.0 1.0 0.0 0.0 0.0 0.0 0.0 0.0 1.0 0.0 0.022 0.911 0.978 0.930 1.0 0.194 0.013 0.240
0.0 1.0 0.0 0.0 0.0 0.0 0.0 0.0 1.0 0.0 0.022 0.867 0.867 0.867 1.0 0.069 0.013 0.040
1.0 0.0 0.0 0.0 0.0 0.0 0.0 0.0 1.0 0.0 0.022 0.911 0.911 0.911 1.0 0.125 0.013 0.080
0.0 1.0 0.0 0.0 0.0 0.0 0.0 0.0 1.0 0.0 0.022 0.778 0.978 0.832 1.0 0.292 0.013 1.000
1.0 0.0 0.0 0.0 0.0 0.0 0.0 0.0 1.0 0.0 0.022 0.778 0.978 0.832 1.0 0.181 0.013 1.000
1.0 0.0 0.0 0.0 0.0 0.0 0.0 0.0 1.0 0.0 0.022 0.911 0.978 0.930 1.0 0.194 0.013 0.240
0.0 1.0 0.0 0.0 0.0 0.0 0.0 0.0 1.0 0.0 0.022 0.778 0.978 0.832 1.0 0.292 0.013 1.000
1.0 0.0 0.0 0.0 0.0 0.0 0.0 0.0 1.0 0.0 0.022 0.778 0.778 0.778 1.0 0.083 0.013 0.040
1.0 0.0 0.0 0.0 0.0 0.0 0.0 0.0 1.0 0.0 0.022 0.778 0.778 0.778 1.0 0.083 0.013 0.040
1.0 0.0 0.0 0.0 0.0 0.0 0.0 0.0 1.0 0.0 0.022 0.778 0.778 0.778 1.0 0.083 0.013 0.040
1.0 0.0 0.0 0.0 0.0 0.0 0.0 0.0 1.0 0.0 0.022 0.800 0.800 0.800 1.0 0.083 0.013 0.040
1.0 0.0 0.0 0.0 0.0 0.0 0.0 0.0 1.0 0.0 0.022 0.778 0.778 0.778 1.0 0.083 0.013 0.040
1.0 0.0 0.0 0.0 0.0 0.0 0.0 0.0 1.0 0.0 0.022 0.778 0.778 0.778 1.0 0.083 0.013 0.040
1.0 0.0 0.0 0.0 0.0 0.0 0.0 0.0 1.0 0.0 0.022 0.800 0.800 0.800 1.0 0.083 0.013 0.040
1.0 0.0 0.0 0.0 0.0 0.0 0.0 0.0 1.0 0.0 0.022 0.800 0.800 0.800 1.0 0.083 0.013 0.040
1.0 0.0 0.0 0.0 0.0 0.0 0.0 0.0 1.0 0.0 0.022 0.778 0.778 0.778 1.0 0.083 0.013 0.040
1.0 0.0 0.0 0.0 0.0 0.0 0.0 0.0 1.0 0.0 0.022 0.778 0.778 0.778 1.0 0.083 0.013 0.040
1.0 0.0 0.0 0.0 0.0 0.0 0.0 0.0 1.0 0.0 0.022 0.778 0.778 0.778 1.0 0.083 0.013 0.040
1.0 0.0 0.0 0.0 0.0 0.0 0.0 0.0 1.0 0.0 0.022 0.778 0.778 0.778 1.0 0.083 0.013 0.040
1.0 0.0 0.0 0.0 0.0 0.0 0.0 0.0 1.0 0.0 0.022 0.778 0.778 0.778 1.0 0.083 0.013 0.040
1.0 0.0 0.0 0.0 0.0 0.0 0.0 0.0 1.0 0.0 0.022 0.778 0.778 0.778 1.0 0.083 0.013 0.040
1.0 0.0 0.0 0.0 0.0 0.0 0.0 0.0 1.0 0.0 0.022 0.778 0.778 0.778 1.0 0.083 0.013 0.040
1.0 0.0 0.0 0.0 0.0 0.0 0.0 0.0 1.0 0.0 0.022 0.800 0.800 0.800 1.0 0.083 0.013 0.040
0.0 1.0 0.0 0.0 0.0 0.0 0.0 0.0 0.0 0.0 0.044 0.756 0.756 0.756 1.0 0.083 0.013 0.040
0.0 1.0 0.0 0.0 0.0 0.0 0.0 0.0 0.0 0.0 0.044 0.756 0.756 0.756 1.0 0.083 0.013 0.040
0.0 1.0 0.0 0.0 0.0 0.0 0.0 0.0 0.0 0.0 0.044 0.756 0.756 0.756 1.0 0.083 0.013 0.040
0.0 1.0 0.0 0.0 0.0 0.0 0.0 0.0 0.0 0.0 0.044 0.778 0.778 0.778 1.0 0.083 0.013 0.040
0.0 1.0 0.0 0.0 0.0 0.0 0.0 0.0 0.0 0.0 0.044 0.756 0.756 0.756 1.0 0.083 0.013 0.040
0.0 1.0 0.0 0.0 0.0 0.0 0.0 0.0 0.0 0.0 0.044 0.756 0.756 0.756 1.0 0.083 0.013 0.040
0.0 1.0 0.0 0.0 0.0 0.0 0.0 0.0 0.0 0.0 0.044 0.778 0.778 0.778 2.0 0.083 0.026 0.040
0.0 1.0 0.0 0.0 0.0 0.0 0.0 0.0 0.0 0.0 0.044 0.778 0.778 0.778 1.0 0.083 0.013 0.040
0.0 1.0 0.0 0.0 0.0 0.0 0.0 0.0 0.0 0.0 0.044 0.756 0.756 0.756 1.0 0.083 0.013 0.040
0.0 1.0 0.0 0.0 0.0 0.0 0.0 0.0 0.0 0.0 0.044 0.756 0.756 0.756 1.0 0.083 0.013 0.040
0.0 1.0 0.0 0.0 0.0 0.0 0.0 0.0 0.0 0.0 0.044 0.756 0.756 0.756 1.0 0.083 0.013 0.040
0.0 1.0 0.0 0.0 0.0 0.0 0.0 0.0 0.0 0.0 0.044 0.756 0.756 0.756 1.0 0.083 0.013 0.040
0.0 1.0 0.0 0.0 0.0 0.0 0.0 0.0 0.0 0.0 0.044 0.756 0.756 0.756 1.0 0.083 0.013 0.040
0.0 1.0 0.0 0.0 0.0 0.0 0.0 0.0 0.0 0.0 0.044 0.756 0.756 0.756 2.0 0.083 0.026 0.040
0.0 1.0 0.0 0.0 0.0 0.0 0.0 0.0 0.0 0.0 0.044 0.756 0.756 0.756 1.0 0.083 0.013 0.040
0.0 1.0 0.0 0.0 0.0 0.0 0.0 0.0 0.0 0.0 0.044 0.778 0.778 0.778 1.0 0.083 0.013 0.040
0.0 0.0 0.0 1.0 0.0 0.0 0.0 0.0 0.0 0.0 0.044 0.911 0.911 0.911 2.0 0.139 0.026 0.040
0.0 0.0 0.0 1.0 0.0 0.0 0.0 0.0 0.0 0.0 0.044 0.911 0.911 0.911 2.0 0.153 0.026 0.040
0.0 0.0 0.0 1.0 0.0 0.0 0.0 0.0 0.0 0.0 0.044 0.956 0.956 0.956 2.0 0.139 0.026 0.040
0.0 0.0 0.0 1.0 0.0 0.0 0.0 0.0 0.0 0.0 0.044 0.889 0.889 0.889 2.0 0.139 0.026 0.040
0.0 0.0 0.0 1.0 0.0 0.0 0.0 0.0 0.0 0.0 0.044 0.889 0.889 0.889 2.0 0.139 0.026 0.040
0.0 0.0 0.0 1.0 0.0 0.0 0.0 0.0 0.0 0.0 0.044 0.889 0.889 0.889 2.0 0.139 0.026 0.040
1.0 0.0 0.0 0.0 0.0 0.0 0.0 0.0 0.0 0.0 0.044 0.756 0.956 0.810 1.0 0.139 0.013 1.000
1.0 0.0 0.0 0.0 0.0 0.0 0.0 0.0 0.0 0.0 0.044 0.756 0.956 0.810 1.0 0.125 0.013 1.000
1.0 0.0 0.0 0.0 0.0 0.0 0.0 0.0 0.0 0.0 0.044 0.756 0.956 0.810 1.0 0.111 0.026 1.000
1.0 0.0 0.0 0.0 0.0 0.0 0.0 0.0 0.0 0.0 0.044 0.756 0.956 0.810 1.0 0.125 0.013 1.000
1.0 0.0 0.0 0.0 0.0 0.0 0.0 0.0 0.0 0.0 0.044 0.756 0.956 0.810 1.0 0.139 0.013 1.000
1.0 0.0 0.0 0.0 0.0 0.0 0.0 0.0 0.0 0.0 0.044 0.756 0.956 0.810 1.0 0.139 0.026 1.000
0.0 0.0 1.0 0.0 0.0 0.0 0.0 0.0 1.0 0.0 0.044 0.756 0.956 0.810 2.0 0.181 0.026 1.000
1.0 0.0 0.0 0.0 0.0 0.0 0.0 0.0 0.0 0.0 0.044 0.756 0.956 0.810 1.0 0.153 0.026 1.000
1.0 0.0 0.0 0.0 0.0 0.0 0.0 0.0 0.0 0.0 0.044 0.756 0.956 0.810 1.0 0.125 0.013 1.000
1.0 0.0 0.0 0.0 0.0 0.0 0.0 0.0 0.0 0.0 0.044 0.756 0.956 0.810 1.0 0.125 0.013 1.000
0.0 0.0 1.0 0.0 0.0 0.0 0.0 0.0 1.0 0.0 0.044 0.756 0.956 0.810 2.0 0.167 0.026 1.000
1.0 0.0 0.0 0.0 0.0 0.0 0.0 0.0 0.0 0.0 0.044 0.756 0.956 0.810 1.0 0.139 0.013 1.000
0.0 0.0 1.0 0.0 0.0 0.0 0.0 0.0 1.0 0.0 0.044 0.756 0.956 0.810 3.0 0.194 0.038 1.000
1.0 0.0 0.0 0.0 0.0 0.0 0.0 0.0 0.0 0.0 0.044 0.756 0.956 0.810 1.0 0.139 0.013 1.000
1.0 0.0 0.0 0.0 0.0 0.0 0.0 0.0 0.0 0.0 0.044 0.756 0.956 0.810 1.0 0.139 0.013 1.000
0.0 0.0 0.0 1.0 0.0 0.0 0.0 0.0 0.0 0.0 0.044 0.889 0.889 0.889 2.0 0.139 0.026 0.040
0.0 0.0 0.0 1.0 0.0 0.0 0.0 0.0 0.0 0.0 0.044 0.889 0.889 0.889 2.0 0.139 0.026 0.040
0.0 0.0 0.0 1.0 0.0 0.0 0.0 0.0 1.0 0.0 0.044 0.756 0.956 0.810 2.0 0.319 0.026 1.000
0.0 0.0 0.0 1.0 0.0 0.0 0.0 0.0 0.0 0.0 0.044 0.756 0.956 0.810 2.0 0.194 0.026 1.000
0.0 0.0 0.0 1.0 0.0 0.0 0.0 0.0 0.0 0.0 0.044 0.756 0.956 0.810 2.0 0.181 0.026 1.000
1.0 0.0 0.0 0.0 0.0 0.0 0.0 0.0 0.0 0.0 0.044 0.756 0.956 0.810 1.0 0.139 0.013 1.000
1.0 0.0 0.0 0.0 0.0 0.0 0.0 0.0 0.0 0.0 0.044 0.756 0.956 0.810 1.0 0.125 0.013 1.000
1.0 0.0 0.0 0.0 0.0 0.0 0.0 0.0 0.0 0.0 0.044 0.889 0.889 0.889 1.0 0.139 0.026 0.040
1.0 0.0 0.0 0.0 0.0 0.0 0.0 0.0 0.0 0.0 0.044 0.889 0.889 0.889 1.0 0.125 0.013 0.040
1.0 0.0 0.0 0.0 0.0 0.0 0.0 0.0 0.0 0.0 0.044 0.956 0.956 0.956 1.0 0.125 0.013 0.040
1.0 0.0 0.0 0.0 0.0 0.0 0.0 0.0 0.0 0.0 0.044 0.756 0.956 0.810 1.0 0.125 0.013 1.000
1.0 0.0 0.0 0.0 0.0 0.0 0.0 0.0 0.0 0.0 0.044 0.756 0.956 0.810 1.0 0.111 0.013 1.000
1.0 0.0 0.0 0.0 0.0 0.0 0.0 0.0 0.0 0.0 0.044 0.756 0.956 0.810 1.0 0.111 0.013 1.000
1.0 0.0 0.0 0.0 0.0 0.0 0.0 0.0 0.0 0.0 0.044 0.756 0.956 0.810 1.0 0.125 0.013 1.000
0.0 0.0 1.0 0.0 0.0 0.0 0.0 0.0 1.0 0.0 0.044 0.756 0.956 0.810 3.0 0.181 0.038 1.000
1.0 0.0 0.0 0.0 0.0 0.0 0.0 0.0 0.0 0.0 0.044 0.756 0.956 0.810 1.0 0.111 0.013 1.000
1.0 0.0 0.0 0.0 0.0 0.0 0.0 0.0 0.0 0.0 0.044 0.756 0.956 0.810 1.0 0.139 0.013 1.000
1.0 0.0 0.0 0.0 0.0 0.0 0.0 0.0 0.0 0.0 0.044 0.756 0.956 0.810 1.0 0.125 0.013 1.000
0.0 0.0 1.0 0.0 0.0 0.0 0.0 0.0 1.0 0.0 0.044 0.756 0.956 0.810 3.0 0.181 0.038 1.000
1.0 0.0 0.0 0.0 0.0 0.0 0.0 0.0 0.0 0.0 0.044 0.756 0.956 0.810 1.0 0.111 0.013 1.000
1.0 0.0 0.0 0.0 0.0 0.0 0.0 0.0 0.0 0.0 0.044 0.844 0.844 0.844 1.0 0.111 0.013 0.040
1.0 0.0 0.0 0.0 0.0 0.0 0.0 0.0 0.0 0.0 0.044 0.756 0.956 0.810 1.0 0.111 0.013 1.000
1.0 0.0 0.0 0.0 0.0 0.0 0.0 0.0 0.0 0.0 0.044 0.844 0.844 0.844 1.0 0.111 0.013 0.040
1.0 0.0 0.0 0.0 0.0 0.0 0.0 0.0 0.0 0.0 0.044 0.756 0.956 0.810 1.0 0.111 0.013 1.000
1.0 0.0 0.0 0.0 0.0 0.0 0.0 0.0 0.0 0.0 0.044 0.844 0.844 0.844 1.0 0.111 0.013 0.040
1.0 0.0 0.0 0.0 0.0 0.0 0.0 0.0 0.0 0.0 0.044 0.756 0.956 0.810 1.0 0.111 0.013 1.000
1.0 0.0 0.0 0.0 0.0 0.0 0.0 0.0 0.0 0.0 0.044 0.844 0.844 0.844 1.0 0.111 0.013 0.040
0.0 0.0 1.0 0.0 0.0 0.0 0.0 0.0 0.0 0.0 0.044 0.889 0.889 0.889 2.0 0.125 0.038 0.040
0.0 0.0 1.0 0.0 0.0 0.0 0.0 0.0 0.0 0.0 0.044 0.889 0.889 0.889 2.0 0.125 0.038 0.040
1.0 0.0 0.0 0.0 0.0 0.0 0.0 0.0 0.0 0.0 0.044 0.756 0.956 0.810 1.0 0.125 0.013 1.000
1.0 0.0 0.0 0.0 0.0 0.0 0.0 0.0 0.0 0.0 0.044 0.756 0.956 0.810 1.0 0.125 0.013 1.000
1.0 0.0 0.0 0.0 0.0 0.0 0.0 0.0 0.0 0.0 0.044 0.756 0.956 0.810 1.0 0.125 0.013 1.000
1.0 0.0 0.0 0.0 0.0 0.0 0.0 0.0 0.0 0.0 0.044 0.756 0.956 0.810 1.0 0.125 0.013 1.000
1.0 0.0 0.0 0.0 0.0 0.0 0.0 0.0 0.0 0.0 0.044 0.756 0.956 0.810 1.0 0.125 0.013 1.000
1.0 0.0 0.0 0.0 0.0 0.0 0.0 0.0 0.0 0.0 0.044 0.756 0.956 0.810 1.0 0.125 0.013 1.000
1.0 0.0 0.0 0.0 0.0 0.0 0.0 0.0 0.0 0.0 0.044 0.889 0.889 0.889 1.0 0.125 0.013 0.040
1.0 0.0 0.0 0.0 0.0 0.0 0.0 0.0 0.0 0.0 0.044 0.756 0.956 0.810 1.0 0.125 0.013 1.000
1.0 0.0 0.0 0.0 0.0 0.0 0.0 0.0 0.0 0.0 0.044 0.756 0.956 0.810 1.0 0.139 0.013 1.000
1.0 0.0 0.0 0.0 0.0 0.0 0.0 0.0 0.0 0.0 0.044 0.911 0.911 0.911 1.0 0.139 0.013 0.040
1.0 0.0 0.0 0.0 0.0 0.0 0.0 0.0 0.0 0.0 0.044 0.756 0.956 0.810 1.0 0.111 0.026 1.000
1.0 0.0 0.0 0.0 0.0 0.0 0.0 0.0 0.0 0.0 0.044 0.756 0.956 0.810 1.0 0.125 0.013 1.000
0.0 0.0 1.0 0.0 0.0 0.0 0.0 0.0 1.0 0.0 0.044 0.756 0.956 0.810 3.0 0.181 0.038 1.000
1.0 0.0 0.0 0.0 0.0 0.0 0.0 0.0 0.0 0.0 0.044 0.756 0.956 0.810 1.0 0.125 0.026 1.000
1.0 0.0 0.0 0.0 0.0 0.0 0.0 0.0 0.0 0.0 0.044 0.756 0.956 0.810 1.0 0.139 0.026 1.000
1.0 0.0 0.0 0.0 0.0 0.0 0.0 0.0 0.0 0.0 0.044 0.756 0.956 0.810 1.0 0.139 0.026 1.000
1.0 0.0 0.0 0.0 0.0 0.0 0.0 0.0 0.0 0.0 0.044 0.756 0.956 0.810 1.0 0.111 0.013 1.000
1.0 0.0 0.0 0.0 0.0 0.0 0.0 0.0 0.0 0.0 0.044 0.756 0.956 0.810 1.0 0.125 0.013 1.000
1.0 0.0 0.0 0.0 0.0 0.0 0.0 0.0 0.0 0.0 0.044 0.756 0.956 0.810 1.0 0.125 0.013 1.000
1.0 0.0 0.0 0.0 0.0 0.0 0.0 0.0 0.0 0.0 0.044 0.756 0.956 0.810 1.0 0.125 0.026 1.000
1.0 0.0 0.0 0.0 0.0 0.0 0.0 0.0 0.0 0.0 0.044 0.756 0.956 0.810 1.0 0.125 0.013 1.000
1.0 0.0 0.0 0.0 0.0 0.0 0.0 0.0 0.0 0.0 0.044 0.756 0.956 0.810 1.0 0.125 0.013 1.000
0.0 1.0 0.0 0.0 0.0 0.0 0.0 0.0 0.0 0.0 0.067 0.867 0.867 0.867 2.0 0.111 0.051 0.040
0.0 1.0 0.0 0.0 0.0 0.0 0.0 0.0 0.0 0.0 0.067 0.867 0.867 0.867 1.0 0.111 0.038 0.040
0.0 1.0 0.0 0.0 0.0 0.0 0.0 0.0 0.0 0.0 0.067 0.733 0.933 0.788 1.0 0.097 0.013 1.000
0.0 1.0 0.0 0.0 0.0 0.0 0.0 0.0 0.0 0.0 0.067 0.733 0.933 0.788 1.0 0.097 0.013 1.000
0.0 1.0 0.0 0.0 0.0 0.0 0.0 0.0 0.0 0.0 0.067 0.867 0.867 0.867 2.0 0.097 0.038 0.040
0.0 1.0 0.0 0.0 0.0 0.0 0.0 0.0 0.0 0.0 0.067 0.867 0.867 0.867 1.0 0.097 0.013 0.040
0.0 1.0 0.0 0.0 0.0 0.0 0.0 0.0 0.0 0.0 0.067 0.733 0.933 0.788 1.0 0.097 0.013 1.000
0.0 1.0 0.0 0.0 0.0 0.0 0.0 0.0 0.0 0.0 0.067 0.733 0.933 0.788 1.0 0.111 0.038 1.000
0.0 1.0 0.0 0.0 0.0 0.0 0.0 0.0 0.0 0.0 0.067 0.733 0.933 0.788 1.0 0.097 0.013 1.000
0.0 1.0 0.0 0.0 0.0 0.0 0.0 0.0 0.0 0.0 0.067 0.733 0.933 0.788 1.0 0.097 0.013 1.000
0.0 1.0 0.0 0.0 0.0 0.0 0.0 0.0 0.0 0.0 0.067 0.733 0.933 0.788 1.0 0.111 0.038 1.000
0.0 0.0 1.0 0.0 0.0 0.0 0.0 0.0 1.0 0.0 0.067 0.889 0.889 0.889 2.0 0.153 0.038 0.040
0.0 0.0 1.0 0.0 0.0 0.0 0.0 0.0 1.0 0.0 0.067 0.867 0.867 0.867 2.0 0.153 0.038 0.040
0.0 0.0 0.0 1.0 0.0 0.0 0.0 0.0 1.0 0.0 0.067 0.733 0.933 0.788 2.0 0.222 0.038 1.000
0.0 0.0 0.0 1.0 0.0 0.0 0.0 0.0 1.0 0.0 0.067 0.733 0.933 0.788 2.0 0.236 0.038 1.000
0.0 0.0 0.0 1.0 0.0 0.0 0.0 0.0 1.0 0.0 0.067 0.733 0.933 0.788 2.0 0.167 0.038 1.000
0.0 0.0 0.0 1.0 0.0 0.0 0.0 0.0 1.0 0.0 0.067 0.733 0.933 0.788 2.0 0.167 0.038 1.000
0.0 1.0 0.0 0.0 0.0 0.0 0.0 0.0 0.0 0.0 0.067 0.822 0.822 0.822 1.0 0.097 0.013 0.040
0.0 1.0 0.0 0.0 0.0 0.0 0.0 0.0 0.0 0.0 0.067 0.733 0.933 0.788 1.0 0.097 0.013 1.000
0.0 1.0 0.0 0.0 0.0 0.0 0.0 0.0 0.0 0.0 0.067 0.822 0.822 0.822 2.0 0.097 0.026 0.040
0.0 1.0 0.0 0.0 0.0 0.0 0.0 0.0 0.0 0.0 0.067 0.733 0.933 0.788 1.0 0.097 0.013 1.000
0.0 1.0 0.0 0.0 0.0 0.0 0.0 0.0 0.0 0.0 0.067 0.822 0.822 0.822 2.0 0.097 0.026 0.040
0.0 1.0 0.0 0.0 0.0 0.0 0.0 0.0 0.0 0.0 0.067 0.733 0.933 0.788 1.0 0.097 0.013 1.000
0.0 1.0 0.0 0.0 0.0 0.0 0.0 0.0 0.0 0.0 0.067 0.822 0.822 0.822 1.0 0.097 0.013 0.040
0.0 1.0 0.0 0.0 0.0 0.0 0.0 0.0 0.0 0.0 0.067 0.733 0.933 0.788 1.0 0.097 0.013 1.000
0.0 0.0 0.0 1.0 0.0 0.0 0.0 0.0 0.0 0.0 0.067 0.733 0.933 0.808 4.0 0.389 0.064 0.640
0.0 0.0 0.0 1.0 0.0 0.0 0.0 0.0 0.0 0.0 0.067 0.733 0.933 0.806 4.0 0.389 0.064 0.640
0.0 0.0 0.0 1.0 0.0 0.0 0.0 0.0 0.0 0.0 0.067 0.733 0.933 0.788 3.0 0.611 0.051 1.000
0.0 0.0 1.0 0.0 0.0 0.0 0.0 0.0 0.0 0.0 0.067 0.822 0.822 0.822 3.0 0.500 0.051 0.040
1.0 0.0 0.0 0.0 0.0 0.0 0.0 0.0 0.0 0.0 0.067 0.733 0.933 0.788 1.0 0.125 0.013 1.000
0.0 1.0 0.0 0.0 0.0 0.0 0.0 0.0 0.0 0.0 0.067 0.733 0.933 0.788 1.0 0.097 0.013 1.000
1.0 0.0 0.0 0.0 0.0 0.0 0.0 0.0 0.0 0.0 0.067 0.733 0.933 0.788 1.0 0.125 0.013 1.000
0.0 1.0 0.0 0.0 0.0 0.0 0.0 0.0 0.0 0.0 0.067 0.733 0.933 0.788 1.0 0.097 0.013 1.000
0.0 1.0 0.0 0.0 0.0 0.0 0.0 0.0 0.0 0.0 0.089 0.711 0.911 0.765 2.0 0.111 0.038 1.000
1.0 0.0 0.0 0.0 0.0 0.0 0.0 0.0 0.0 0.0 0.067 0.733 0.933 0.788 1.0 0.097 0.026 1.000
0.0 1.0 0.0 0.0 0.0 0.0 0.0 0.0 0.0 0.0 0.067 0.733 0.933 0.788 1.0 0.097 0.013 1.000
1.0 0.0 0.0 0.0 0.0 0.0 0.0 0.0 0.0 0.0 0.067 0.733 0.933 0.788 1.0 0.125 0.026 1.000
0.0 1.0 0.0 0.0 0.0 0.0 0.0 0.0 0.0 0.0 0.067 0.733 0.933 0.788 1.0 0.097 0.013 1.000
1.0 0.0 0.0 0.0 0.0 0.0 0.0 0.0 0.0 0.0 0.067 0.733 0.933 0.788 1.0 0.125 0.013 1.000
0.0 1.0 0.0 0.0 0.0 0.0 0.0 0.0 0.0 0.0 0.067 0.733 0.933 0.788 1.0 0.097 0.013 1.000
1.0 0.0 0.0 0.0 0.0 0.0 0.0 0.0 0.0 0.0 0.067 0.733 0.933 0.788 1.0 0.125 0.013 1.000
0.0 1.0 0.0 0.0 0.0 0.0 0.0 0.0 0.0 0.0 0.067 0.733 0.933 0.788 1.0 0.097 0.013 1.000
1.0 0.0 0.0 0.0 0.0 0.0 0.0 0.0 0.0 0.0 0.067 0.889 0.889 0.889 1.0 0.125 0.026 0.040
1.0 0.0 0.0 0.0 0.0 0.0 0.0 0.0 0.0 0.0 0.067 0.733 0.933 0.788 1.0 0.125 0.026 1.000
1.0 0.0 0.0 0.0 0.0 0.0 0.0 0.0 0.0 0.0 0.067 0.867 0.867 0.867 1.0 0.125 0.013 0.040
0.0 1.0 0.0 0.0 0.0 0.0 0.0 0.0 0.0 0.0 0.067 0.867 0.867 0.867 1.0 0.097 0.013 0.040
1.0 0.0 0.0 0.0 0.0 0.0 0.0 0.0 0.0 0.0 0.067 0.733 0.933 0.788 1.0 0.125 0.013 1.000
0.0 1.0 0.0 0.0 0.0 0.0 0.0 0.0 0.0 0.0 0.067 0.733 0.933 0.788 1.0 0.097 0.013 1.000
0.0 1.0 0.0 0.0 0.0 0.0 0.0 0.0 0.0 0.0 0.089 0.711 0.911 0.765 2.0 0.111 0.038 1.000
1.0 0.0 0.0 0.0 0.0 0.0 0.0 0.0 0.0 0.0 0.067 0.733 0.933 0.788 1.0 0.097 0.026 1.000
0.0 1.0 0.0 0.0 0.0 0.0 0.0 0.0 0.0 0.0 0.067 0.733 0.933 0.788 1.0 0.097 0.013 1.000
1.0 0.0 0.0 0.0 0.0 0.0 0.0 0.0 0.0 0.0 0.067 0.889 0.889 0.889 1.0 0.125 0.026 0.040
0.0 1.0 0.0 0.0 0.0 0.0 0.0 0.0 0.0 0.0 0.067 0.889 0.889 0.889 1.0 0.097 0.013 0.040
1.0 0.0 0.0 0.0 0.0 0.0 0.0 0.0 0.0 0.0 0.067 0.933 0.933 0.933 1.0 0.139 0.038 0.040
0.0 1.0 0.0 0.0 0.0 0.0 0.0 0.0 0.0 0.0 0.067 0.933 0.933 0.933 1.0 0.097 0.013 0.040
1.0 0.0 0.0 0.0 0.0 0.0 0.0 0.0 0.0 0.0 0.067 0.733 0.933 0.788 1.0 0.139 0.038 1.000
0.0 1.0 0.0 0.0 0.0 0.0 0.0 0.0 0.0 0.0 0.067 0.733 0.933 0.788 1.0 0.097 0.026 1.000
0.0 1.0 0.0 0.0 0.0 0.0 0.0 0.0 0.0 0.0 0.067 0.733 0.933 0.788 1.0 0.097 0.013 1.000
0.0 1.0 0.0 0.0 0.0 0.0 0.0 0.0 0.0 0.0 0.067 0.733 0.933 0.788 2.0 0.097 0.026 1.000
0.0 1.0 0.0 0.0 0.0 0.0 0.0 0.0 0.0 0.0 0.067 0.733 0.933 0.788 1.0 0.111 0.038 1.000
0.0 1.0 0.0 0.0 0.0 0.0 0.0 0.0 0.0 0.0 0.067 0.733 0.933 0.788 1.0 0.097 0.026 1.000
0.0 1.0 0.0 0.0 0.0 0.0 0.0 0.0 0.0 0.0 0.067 0.733 0.933 0.788 1.0 0.097 0.013 1.000
1.0 0.0 0.0 0.0 0.0 0.0 0.0 0.0 0.0 0.0 0.067 0.733 0.933 0.788 1.0 0.125 0.013 1.000
0.0 1.0 0.0 0.0 0.0 0.0 0.0 0.0 0.0 0.0 0.067 0.733 0.933 0.788 1.0 0.097 0.026 1.000
1.0 0.0 0.0 0.0 0.0 0.0 0.0 0.0 0.0 0.0 0.067 0.733 0.933 0.788 1.0 0.125 0.013 1.000
0.0 1.0 0.0 0.0 0.0 0.0 0.0 0.0 0.0 0.0 0.067 0.733 0.933 0.788 1.0 0.097 0.026 1.000
0.0 1.0 0.0 0.0 0.0 0.0 0.0 0.0 0.0 0.0 0.067 0.733 0.933 0.788 1.0 0.097 0.013 1.000
0.0 1.0 0.0 0.0 0.0 0.0 0.0 0.0 0.0 0.0 0.067 0.733 0.933 0.788 1.0 0.097 0.013 1.000
0.0 1.0 0.0 0.0 0.0 0.0 0.0 0.0 0.0 0.0 0.067 0.733 0.933 0.788 1.0 0.097 0.013 1.000
0.0 1.0 0.0 0.0 0.0 0.0 0.0 0.0 0.0 0.0 0.067 0.733 0.933 0.788 1.0 0.097 0.013 1.000
0.0 1.0 0.0 0.0 0.0 0.0 0.0 0.0 0.0 0.0 0.067 0.733 0.933 0.788 1.0 0.097 0.026 1.000
0.0 1.0 0.0 0.0 0.0 0.0 0.0 0.0 0.0 0.0 0.067 0.733 0.933 0.788 1.0 0.097 0.013 1.000
0.0 1.0 0.0 0.0 0.0 0.0 0.0 0.0 0.0 0.0 0.067 0.733 0.933 0.788 1.0 0.097 0.013 1.000
0.0 1.0 0.0 0.0 0.0 0.0 0.0 0.0 0.0 0.0 0.067 0.733 0.933 0.788 1.0 0.097 0.013 1.000
1.0 0.0 0.0 0.0 0.0 0.0 0.0 0.0 0.0 0.0 0.067 0.733 0.933 0.788 1.0 0.125 0.013 1.000
1.0 0.0 0.0 0.0 0.0 0.0 0.0 0.0 0.0 0.0 0.067 0.733 0.933 0.788 1.0 0.125 0.013 1.000
1.0 0.0 0.0 0.0 0.0 0.0 0.0 0.0 0.0 0.0 0.067 0.733 0.933 0.788 1.0 0.125 0.013 1.000
1.0 0.0 0.0 0.0 0.0 0.0 0.0 0.0 0.0 0.0 0.067 0.733 0.933 0.788 1.0 0.125 0.013 1.000
1.0 0.0 0.0 0.0 0.0 0.0 0.0 0.0 0.0 0.0 0.067 0.733 0.933 0.788 1.0 0.125 0.026 1.000
1.0 0.0 0.0 0.0 0.0 0.0 0.0 0.0 0.0 0.0 0.067 0.733 0.933 0.788 1.0 0.125 0.026 1.000
1.0 0.0 0.0 0.0 0.0 0.0 0.0 0.0 0.0 0.0 0.067 0.889 0.889 0.889 1.0 0.125 0.026 0.040
1.0 0.0 0.0 0.0 0.0 0.0 0.0 0.0 0.0 0.0 0.067 0.733 0.933 0.788 1.0 0.125 0.026 1.000
1.0 0.0 0.0 0.0 0.0 0.0 0.0 0.0 0.0 0.0 0.067 0.867 0.867 0.867 1.0 0.125 0.013 0.040
1.0 0.0 0.0 0.0 0.0 0.0 0.0 0.0 0.0 0.0 0.067 0.733 0.933 0.788 1.0 0.125 0.013 1.000
1.0 0.0 0.0 0.0 0.0 0.0 0.0 0.0 0.0 0.0 0.067 0.733 0.933 0.788 1.0 0.125 0.013 1.000
1.0 0.0 0.0 0.0 0.0 0.0 0.0 0.0 0.0 0.0 0.067 0.889 0.889 0.889 1.0 0.125 0.013 0.040
1.0 0.0 0.0 0.0 0.0 0.0 0.0 0.0 0.0 0.0 0.067 0.733 0.933 0.788 1.0 0.125 0.013 1.000
1.0 0.0 0.0 0.0 0.0 0.0 0.0 0.0 0.0 0.0 0.067 0.733 0.933 0.788 1.0 0.125 0.013 1.000
0.0 0.0 0.0 1.0 0.0 0.0 0.0 0.0 0.0 0.0 0.089 0.711 0.911 0.765 2.0 0.125 0.026 1.000
0.0 0.0 0.0 1.0 0.0 0.0 0.0 0.0 0.0 0.0 0.089 0.711 0.911 0.765 2.0 0.125 0.026 1.000
0.0 0.0 0.0 1.0 0.0 0.0 0.0 0.0 0.0 0.0 0.089 0.844 0.844 0.844 2.0 0.125 0.051 0.040
0.0 0.0 0.0 1.0 0.0 0.0 0.0 0.0 0.0 0.0 0.089 0.844 0.844 0.844 2.0 0.125 0.038 0.040
0.0 0.0 0.0 1.0 0.0 0.0 0.0 0.0 0.0 0.0 0.089 0.711 0.911 0.765 2.0 0.139 0.051 1.000
0.0 0.0 0.0 1.0 0.0 0.0 0.0 0.0 0.0 0.0 0.089 0.711 0.911 0.765 2.0 0.125 0.051 1.000
0.0 0.0 0.0 1.0 0.0 0.0 0.0 0.0 0.0 0.0 0.089 0.711 0.911 0.765 2.0 0.139 0.038 1.000
0.0 0.0 0.0 1.0 0.0 0.0 0.0 0.0 0.0 0.0 0.089 0.711 0.911 0.765 2.0 0.139 0.038 1.000
0.0 0.0 0.0 1.0 0.0 0.0 0.0 0.0 0.0 0.0 0.089 0.711 0.911 0.765 2.0 0.139 0.064 1.000
0.0 0.0 0.0 1.0 0.0 0.0 0.0 0.0 0.0 0.0 0.089 0.711 0.911 0.765 2.0 0.153 0.064 1.000
0.0 0.0 0.0 1.0 0.0 0.0 0.0 0.0 0.0 0.0 0.089 0.711 0.911 0.765 2.0 0.139 0.026 1.000
0.0 0.0 0.0 1.0 0.0 0.0 0.0 0.0 0.0 0.0 0.089 0.711 0.911 0.765 2.0 0.139 0.026 1.000
0.0 0.0 0.0 1.0 0.0 0.0 0.0 0.0 0.0 0.0 0.089 0.711 0.911 0.765 2.0 0.139 0.038 1.000
0.0 0.0 0.0 1.0 0.0 0.0 0.0 0.0 0.0 0.0 0.089 0.711 0.911 0.765 2.0 0.139 0.038 1.000
0.0 0.0 0.0 1.0 0.0 0.0 0.0 0.0 0.0 0.0 0.089 0.711 0.911 0.765 2.0 0.139 0.026 1.000
0.0 0.0 0.0 1.0 0.0 0.0 0.0 0.0 0.0 0.0 0.089 0.711 0.911 0.765 2.0 0.139 0.026 1.000
0.0 1.0 0.0 0.0 0.0 0.0 0.0 0.0 0.0 0.0 0.089 0.711 0.911 0.765 1.0 0.097 0.013 1.000
0.0 1.0 0.0 0.0 0.0 0.0 0.0 0.0 0.0 0.0 0.089 0.711 0.911 0.765 1.0 0.097 0.013 1.000
0.0 0.0 0.0 1.0 0.0 0.0 0.0 0.0 0.0 0.0 0.111 0.689 0.889 0.743 2.0 0.139 0.026 1.000
0.0 1.0 0.0 0.0 0.0 0.0 0.0 0.0 0.0 0.0 0.111 0.689 0.889 0.743 1.0 0.097 0.038 1.000
0.0 1.0 0.0 0.0 0.0 0.0 0.0 0.0 0.0 0.0 0.089 0.711 0.911 0.765 1.0 0.097 0.026 1.000
0.0 1.0 0.0 0.0 0.0 0.0 0.0 0.0 0.0 0.0 0.089 0.711 0.911 0.765 1.0 0.097 0.013 1.000
0.0 1.0 0.0 0.0 0.0 0.0 0.0 0.0 0.0 0.0 0.089 0.711 0.911 0.765 1.0 0.097 0.013 1.000
0.0 1.0 0.0 0.0 0.0 0.0 0.0 0.0 0.0 0.0 0.089 0.711 0.911 0.765 1.0 0.097 0.026 1.000
0.0 1.0 0.0 0.0 0.0 0.0 0.0 0.0 0.0 0.0 0.089 0.711 0.911 0.765 1.0 0.097 0.013 1.000
0.0 1.0 0.0 0.0 0.0 0.0 0.0 0.0 0.0 0.0 0.089 0.867 0.867 0.867 1.0 0.097 0.026 0.040
0.0 0.0 0.0 1.0 0.0 0.0 0.0 0.0 0.0 0.0 0.111 0.822 0.822 0.822 2.0 0.139 0.051 0.040
0.0 1.0 0.0 0.0 0.0 0.0 0.0 0.0 0.0 0.0 0.089 0.711 0.911 0.765 1.0 0.097 0.038 1.000
0.0 0.0 0.0 1.0 0.0 0.0 0.0 0.0 0.0 0.0 0.089 0.711 0.911 0.765 2.0 0.125 0.051 1.000
0.0 1.0 0.0 0.0 0.0 0.0 0.0 0.0 0.0 0.0 0.089 0.711 0.911 0.765 1.0 0.097 0.013 1.000
0.0 0.0 0.0 1.0 0.0 0.0 0.0 0.0 0.0 0.0 0.111 0.689 0.889 0.743 2.0 0.139 0.051 1.000
0.0 1.0 0.0 0.0 0.0 0.0 0.0 0.0 0.0 0.0 0.089 0.800 0.800 0.800 2.0 0.111 0.051 0.040
1.0 0.0 0.0 0.0 0.0 0.0 0.0 0.0 0.0 0.0 0.089 0.711 0.911 0.765 1.0 0.347 0.038 1.000
0.0 1.0 0.0 0.0 0.0 0.0 0.0 0.0 0.0 0.0 0.089 0.800 0.800 0.800 1.0 0.111 0.038 0.040
1.0 0.0 0.0 0.0 0.0 0.0 0.0 0.0 0.0 0.0 0.089 0.711 0.911 0.765 1.0 0.375 0.038 1.000
0.0 0.0 0.0 1.0 0.0 0.0 0.0 0.0 0.0 0.0 0.089 0.711 0.911 0.786 2.0 1.000 0.077 0.640
0.0 0.0 0.0 1.0 0.0 0.0 0.0 0.0 0.0 0.0 0.089 0.711 0.911 0.783 2.0 0.986 0.077 0.640
0.0 1.0 0.0 0.0 0.0 0.0 0.0 0.0 0.0 0.0 0.089 0.711 0.911 0.765 1.0 0.097 0.013 1.000
0.0 0.0 0.0 1.0 0.0 0.0 0.0 0.0 0.0 0.0 0.089 0.711 0.911 0.765 2.0 0.139 0.026 1.000
0.0 1.0 0.0 0.0 0.0 0.0 0.0 0.0 0.0 0.0 0.089 0.711 0.911 0.765 1.0 0.097 0.013 1.000
0.0 0.0 0.0 1.0 0.0 0.0 0.0 0.0 0.0 0.0 0.089 0.711 0.911 0.765 2.0 0.139 0.026 1.000
0.0 1.0 0.0 0.0 0.0 0.0 0.0 0.0 0.0 0.0 0.089 0.711 0.911 0.765 1.0 0.097 0.013 1.000
0.0 0.0 0.0 1.0 0.0 0.0 0.0 0.0 0.0 0.0 0.089 0.711 0.911 0.765 2.0 0.139 0.026 1.000
0.0 1.0 0.0 0.0 0.0 0.0 0.0 0.0 0.0 0.0 0.089 0.711 0.911 0.765 1.0 0.097 0.013 1.000
0.0 0.0 0.0 1.0 0.0 0.0 0.0 0.0 0.0 0.0 0.089 0.711 0.911 0.765 2.0 0.125 0.026 1.000
0.0 1.0 0.0 0.0 0.0 0.0 0.0 0.0 0.0 0.0 0.089 0.711 0.911 0.765 1.0 0.097 0.026 1.000
0.0 0.0 0.0 1.0 0.0 0.0 0.0 0.0 0.0 0.0 0.089 0.711 0.911 0.765 2.0 0.139 0.038 1.000
0.0 1.0 0.0 0.0 0.0 0.0 0.0 0.0 0.0 0.0 0.089 0.711 0.911 0.765 1.0 0.097 0.026 1.000
0.0 0.0 0.0 1.0 0.0 0.0 0.0 0.0 0.0 0.0 0.089 0.711 0.911 0.765 2.0 0.125 0.038 1.000
0.0 1.0 0.0 0.0 0.0 0.0 0.0 0.0 0.0 0.0 0.089 0.867 0.867 0.867 1.0 0.097 0.026 0.040
0.0 1.0 0.0 0.0 0.0 0.0 0.0 0.0 0.0 0.0 0.089 0.867 0.867 0.867 1.0 0.097 0.026 0.040
0.0 1.0 0.0 0.0 0.0 0.0 0.0 0.0 0.0 0.0 0.089 0.711 0.911 0.765 1.0 0.097 0.026 1.000
0.0 1.0 0.0 0.0 0.0 0.0 0.0 0.0 0.0 0.0 0.089 0.844 0.844 0.844 1.0 0.097 0.013 0.040
0.0 0.0 0.0 1.0 0.0 0.0 0.0 0.0 0.0 0.0 0.089 0.844 0.844 0.844 2.0 0.139 0.026 0.040
0.0 1.0 0.0 0.0 0.0 0.0 0.0 0.0 0.0 0.0 0.089 0.844 0.844 0.844 1.0 0.097 0.013 0.040
0.0 1.0 0.0 0.0 0.0 0.0 0.0 0.0 0.0 0.0 0.089 0.711 0.911 0.765 1.0 0.097 0.013 1.000
0.0 0.0 0.0 1.0 0.0 0.0 0.0 0.0 0.0 0.0 0.089 0.711 0.911 0.765 2.0 0.139 0.026 1.000
0.0 1.0 0.0 0.0 0.0 0.0 0.0 0.0 0.0 0.0 0.089 0.711 0.911 0.765 2.0 0.097 0.026 1.000
0.0 1.0 0.0 0.0 0.0 0.0 0.0 0.0 0.0 0.0 0.111 0.689 0.889 0.743 2.0 0.111 0.038 1.000
0.0 0.0 0.0 1.0 0.0 0.0 0.0 0.0 0.0 0.0 0.089 0.711 0.911 0.765 2.0 0.111 0.026 1.000
0.0 1.0 0.0 0.0 0.0 0.0 0.0 0.0 0.0 0.0 0.111 0.689 0.889 0.743 2.0 0.097 0.051 1.000
0.0 1.0 0.0 0.0 0.0 0.0 0.0 0.0 0.0 0.0 0.089 0.867 0.867 0.867 1.0 0.097 0.013 0.040
0.0 0.0 0.0 1.0 0.0 0.0 0.0 0.0 0.0 0.0 0.089 0.867 0.867 0.867 2.0 0.139 0.026 0.040
0.0 1.0 0.0 0.0 0.0 0.0 0.0 0.0 0.0 0.0 0.089 0.911 0.911 0.911 1.0 0.097 0.038 0.040
0.0 0.0 0.0 1.0 0.0 0.0 0.0 0.0 0.0 0.0 0.089 0.911 0.911 0.911 2.0 0.139 0.051 0.040
0.0 0.0 0.0 1.0 0.0 0.0 0.0 0.0 0.0 0.0 0.111 0.689 0.889 0.743 2.0 0.167 0.038 1.000
0.0 0.0 0.0 1.0 0.0 0.0 0.0 0.0 0.0 0.0 0.111 0.689 0.889 0.743 2.0 0.167 0.064 1.000
0.0 1.0 0.0 0.0 0.0 0.0 0.0 0.0 0.0 0.0 0.089 0.711 0.911 0.765 2.0 0.097 0.026 1.000
0.0 0.0 0.0 1.0 0.0 0.0 0.0 0.0 0.0 0.0 0.089 0.711 0.911 0.765 2.0 0.139 0.038 1.000
0.0 1.0 0.0 0.0 0.0 0.0 0.0 0.0 0.0 0.0 0.089 0.711 0.911 0.765 1.0 0.097 0.013 1.000
0.0 1.0 0.0 0.0 0.0 0.0 0.0 0.0 0.0 0.0 0.089 0.711 0.911 0.765 1.0 0.097 0.013 1.000
0.0 0.0 0.0 1.0 0.0 0.0 0.0 0.0 0.0 0.0 0.089 0.711 0.911 0.765 2.0 0.139 0.038 1.000
0.0 0.0 0.0 1.0 0.0 0.0 0.0 0.0 0.0 0.0 0.111 0.689 0.889 0.743 2.0 0.167 0.026 1.000
0.0 0.0 0.0 1.0 0.0 0.0 0.0 0.0 0.0 0.0 0.111 0.689 0.889 0.743 2.0 0.167 0.038 1.000
0.0 0.0 0.0 1.0 0.0 0.0 0.0 0.0 0.0 0.0 0.111 0.689 0.889 0.743 2.0 0.167 0.026 1.000
1.0 0.0 0.0 0.0 0.0 0.0 0.0 0.0 0.0 0.0 0.089 0.711 0.911 0.765 1.0 0.125 0.038 1.000
1.0 0.0 0.0 0.0 0.0 0.0 0.0 0.0 0.0 0.0 0.089 0.800 0.800 0.800 1.0 0.125 0.038 0.040
1.0 0.0 0.0 0.0 0.0 0.0 0.0 0.0 0.0 0.0 0.089 0.711 0.911 0.765 1.0 0.125 0.038 1.000
1.0 0.0 0.0 0.0 0.0 0.0 0.0 0.0 0.0 0.0 0.089 0.800 0.800 0.800 1.0 0.125 0.038 0.040
0.0 1.0 0.0 0.0 0.0 0.0 0.0 0.0 0.0 0.0 0.133 0.667 0.867 0.721 1.0 0.139 0.026 1.000
0.0 0.0 0.0 1.0 0.0 0.0 0.0 0.0 0.0 0.0 0.111 0.689 0.889 0.743 2.0 0.125 0.051 1.000
0.0 0.0 0.0 1.0 0.0 0.0 0.0 0.0 0.0 0.0 0.111 0.689 0.889 0.743 2.0 0.139 0.026 1.000
0.0 0.0 0.0 1.0 0.0 0.0 0.0 0.0 0.0 0.0 0.111 0.689 0.889 0.743 2.0 0.139 0.026 1.000
0.0 0.0 0.0 1.0 0.0 0.0 0.0 0.0 0.0 0.0 0.111 0.689 0.889 0.743 2.0 0.139 0.026 1.000
0.0 0.0 0.0 1.0 0.0 0.0 0.0 0.0 0.0 0.0 0.111 0.689 0.889 0.743 2.0 0.125 0.026 1.000
0.0 0.0 0.0 1.0 0.0 0.0 0.0 0.0 0.0 0.0 0.111 0.689 0.889 0.743 2.0 0.139 0.038 1.000
0.0 1.0 0.0 0.0 0.0 0.0 0.0 0.0 0.0 0.0 0.133 0.667 0.867 0.721 2.0 0.097 0.051 1.000
0.0 0.0 0.0 1.0 0.0 0.0 0.0 0.0 0.0 0.0 0.111 0.689 0.889 0.743 2.0 0.111 0.038 1.000
0.0 0.0 0.0 1.0 0.0 0.0 0.0 0.0 0.0 0.0 0.111 0.822 0.822 0.822 2.0 0.139 0.026 0.040
0.0 0.0 0.0 1.0 0.0 0.0 0.0 0.0 0.0 0.0 0.111 0.689 0.889 0.743 2.0 0.139 0.026 1.000
0.0 0.0 0.0 1.0 0.0 0.0 0.0 0.0 0.0 0.0 0.111 0.689 0.889 0.743 2.0 0.139 0.038 1.000
0.0 0.0 0.0 1.0 0.0 0.0 0.0 0.0 0.0 0.0 0.111 0.844 0.844 0.844 2.0 0.139 0.026 0.040
0.0 1.0 0.0 0.0 0.0 0.0 0.0 0.0 0.0 0.0 0.133 0.800 0.800 0.800 1.0 0.125 0.051 0.040
0.0 0.0 0.0 1.0 0.0 0.0 0.0 0.0 0.0 0.0 0.111 0.889 0.889 0.889 2.0 0.139 0.051 0.040
0.0 0.0 0.0 1.0 0.0 0.0 0.0 0.0 0.0 0.0 0.111 0.689 0.889 0.743 2.0 0.139 0.051 1.000
0.0 0.0 0.0 1.0 0.0 0.0 0.0 0.0 0.0 0.0 0.111 0.689 0.889 0.743 2.0 0.139 0.038 1.000
0.0 1.0 0.0 0.0 0.0 0.0 0.0 0.0 0.0 0.0 0.133 0.667 0.867 0.721 1.0 0.125 0.051 1.000
0.0 0.0 0.0 1.0 0.0 0.0 0.0 0.0 0.0 0.0 0.133 0.667 0.867 0.721 2.0 0.139 0.051 1.000
0.0 0.0 0.0 1.0 0.0 0.0 0.0 0.0 0.0 0.0 0.133 0.667 0.867 0.721 2.0 0.139 0.038 1.000
0.0 1.0 0.0 0.0 0.0 0.0 0.0 0.0 0.0 0.0 0.133 0.667 0.867 0.721 1.0 0.111 0.026 1.000
0.0 1.0 0.0 0.0 0.0 0.0 0.0 0.0 0.0 0.0 0.111 0.778 0.778 0.778 1.0 0.097 0.038 0.040
0.0 1.0 0.0 0.0 0.0 0.0 0.0 0.0 0.0 0.0 0.111 0.689 0.889 0.743 1.0 0.097 0.038 1.000
0.0 1.0 0.0 0.0 0.0 0.0 0.0 0.0 0.0 0.0 0.111 0.778 0.778 0.778 1.0 0.097 0.038 0.040
0.0 1.0 0.0 0.0 0.0 0.0 0.0 0.0 0.0 0.0 0.111 0.689 0.889 0.743 1.0 0.097 0.038 1.000
0.0 0.0 0.0 1.0 0.0 0.0 0.0 0.0 0.0 0.0 0.133 0.667 0.867 0.721 2.0 0.167 0.026 1.000
0.0 0.0 0.0 1.0 0.0 0.0 0.0 0.0 0.0 0.0 0.133 0.667 0.867 0.721 2.0 0.167 0.026 1.000
0.0 0.0 0.0 1.0 0.0 0.0 0.0 0.0 0.0 0.0 0.133 0.667 0.867 0.721 2.0 0.167 0.026 1.000
0.0 1.0 0.0 0.0 0.0 0.0 0.0 0.0 0.0 0.0 0.156 0.644 0.844 0.699 2.0 0.125 0.038 1.000
0.0 0.0 0.0 1.0 0.0 0.0 0.0 0.0 0.0 0.0 0.133 0.667 0.867 0.721 2.0 0.139 0.026 1.000
0.0 0.0 0.0 1.0 0.0 0.0 0.0 0.0 0.0 0.0 0.133 0.667 0.867 0.721 2.0 0.167 0.038 1.000
0.0 1.0 0.0 0.0 0.0 0.0 0.0 0.0 0.0 0.0 0.178 0.622 0.822 0.676 2.0 0.125 0.064 1.000
0.0 0.0 0.0 1.0 0.0 0.0 0.0 0.0 0.0 0.0 0.156 0.644 0.844 0.699 2.0 0.125 0.051 1.000
0.0 0.0 0.0 1.0 0.0 0.0 0.0 0.0 0.0 0.0 0.133 0.800 0.800 0.800 2.0 0.167 0.026 0.040
0.0 0.0 0.0 1.0 0.0 0.0 0.0 0.0 0.0 0.0 0.133 0.667 0.867 0.721 2.0 0.167 0.026 1.000
0.0 0.0 0.0 1.0 0.0 0.0 0.0 0.0 0.0 0.0 0.133 0.667 0.867 0.721 2.0 0.153 0.051 1.000
0.0 0.0 0.0 1.0 0.0 0.0 0.0 0.0 0.0 0.0 0.133 0.822 0.822 0.822 2.0 0.167 0.026 0.040
0.0 0.0 0.0 1.0 0.0 0.0 0.0 0.0 0.0 0.0 0.133 0.867 0.867 0.867 2.0 0.167 0.051 0.040
0.0 1.0 0.0 0.0 0.0 0.0 0.0 0.0 0.0 0.0 0.133 0.667 0.867 0.721 2.0 0.111 0.051 1.000
0.0 0.0 0.0 1.0 0.0 0.0 0.0 0.0 0.0 0.0 0.133 0.667 0.867 0.721 2.0 0.153 0.064 1.000
0.0 1.0 0.0 0.0 0.0 0.0 0.0 0.0 0.0 0.0 0.133 0.667 0.867 0.721 2.0 0.111 0.077 1.000
0.0 0.0 0.0 1.0 0.0 0.0 0.0 0.0 0.0 0.0 0.133 0.667 0.867 0.721 2.0 0.153 0.077 1.000
0.0 0.0 0.0 1.0 0.0 0.0 0.0 0.0 0.0 0.0 0.133 0.667 0.867 0.721 2.0 0.167 0.051 1.000
0.0 0.0 0.0 1.0 0.0 0.0 0.0 0.0 0.0 0.0 0.133 0.667 0.867 0.721 2.0 0.167 0.038 1.000
0.0 1.0 0.0 0.0 0.0 0.0 0.0 0.0 0.0 0.0 0.133 0.667 0.867 0.721 1.0 0.111 0.026 1.000
0.0 0.0 0.0 1.0 0.0 0.0 0.0 0.0 0.0 0.0 0.133 0.667 0.867 0.721 2.0 0.153 0.038 1.000
0.0 1.0 0.0 0.0 0.0 0.0 0.0 0.0 0.0 0.0 0.133 0.667 0.867 0.721 2.0 0.111 0.051 1.000
0.0 0.0 0.0 1.0 0.0 0.0 0.0 0.0 0.0 0.0 0.133 0.667 0.867 0.721 2.0 0.153 0.051 1.000
0.0 1.0 0.0 0.0 0.0 0.0 0.0 0.0 0.0 0.0 0.156 0.778 0.778 0.778 2.0 0.097 0.064 0.040
0.0 0.0 0.0 1.0 0.0 0.0 0.0 0.0 0.0 0.0 0.156 0.644 0.844 0.699 2.0 0.125 0.038 1.000
0.0 1.0 0.0 0.0 0.0 0.0 0.0 0.0 0.0 0.0 0.156 0.644 0.844 0.699 1.0 0.097 0.051 1.000
1.0 0.0 0.0 0.0 0.0 0.0 0.0 0.0 0.0 0.0 0.156 0.644 0.844 0.699 1.0 0.125 0.026 1.000
1.0 0.0 0.0 0.0 0.0 0.0 0.0 0.0 0.0 0.0 0.156 0.778 0.778 0.778 1.0 0.125 0.026 0.040
0.0 0.0 0.0 1.0 0.0 0.0 0.0 0.0 0.0 0.0 0.156 0.644 0.844 0.699 2.0 0.139 0.064 1.000
0.0 0.0 0.0 1.0 0.0 0.0 0.0 0.0 0.0 0.0 0.156 0.644 0.844 0.699 2.0 0.139 0.090 1.000
0.0 0.0 0.0 1.0 0.0 0.0 0.0 0.0 0.0 0.0 0.156 0.644 0.844 0.699 2.0 0.139 0.038 1.000
0.0 0.0 0.0 1.0 0.0 0.0 0.0 0.0 0.0 0.0 0.156 0.644 0.844 0.699 2.0 0.139 0.064 1.000
0.0 1.0 0.0 0.0 0.0 0.0 0.0 0.0 0.0 0.0 0.156 0.644 0.844 0.699 1.0 0.125 0.051 1.000
0.0 0.0 0.0 1.0 0.0 0.0 0.0 0.0 0.0 0.0 0.156 0.644 0.844 0.699 2.0 0.139 0.038 1.000
0.0 1.0 0.0 0.0 0.0 0.0 0.0 0.0 0.0 0.0 0.156 0.644 0.844 0.699 1.0 0.111 0.026 1.000
0.0 0.0 0.0 1.0 0.0 0.0 0.0 0.0 0.0 0.0 0.156 0.644 0.844 0.699 2.0 0.153 0.038 1.000
0.0 1.0 0.0 0.0 0.0 0.0 0.0 0.0 0.0 0.0 0.156 0.644 0.844 0.699 1.0 0.111 0.026 1.000
0.0 0.0 0.0 1.0 0.0 0.0 0.0 0.0 0.0 0.0 0.156 0.644 0.844 0.699 2.0 0.153 0.064 1.000
0.0 1.0 0.0 0.0 0.0 0.0 0.0 0.0 0.0 0.0 0.156 0.644 0.844 0.699 1.0 0.111 0.026 1.000
0.0 0.0 0.0 1.0 0.0 0.0 0.0 0.0 0.0 0.0 0.178 0.622 0.822 0.676 2.0 0.125 0.064 1.000
0.0 1.0 0.0 0.0 0.0 0.0 0.0 0.0 0.0 0.0 0.178 0.622 0.822 0.676 1.0 0.097 0.038 1.000
0.0 0.0 0.0 1.0 0.0 0.0 0.0 0.0 0.0 0.0 0.200 0.600 0.800 0.654 2.0 0.125 0.077 1.000
0.0 1.0 0.0 0.0 0.0 0.0 0.0 0.0 0.0 0.0 0.200 0.600 0.800 0.654 1.0 0.097 0.064 1.000
0.0 0.0 0.0 1.0 0.0 0.0 0.0 0.0 0.0 0.0 0.156 0.644 0.844 0.699 2.0 0.167 0.051 1.000
0.0 1.0 0.0 0.0 0.0 0.0 0.0 0.0 0.0 0.0 0.156 0.644 0.844 0.699 1.0 0.111 0.038 1.000
0.0 0.0 0.0 1.0 0.0 0.0 0.0 0.0 0.0 0.0 0.156 0.644 0.844 0.699 2.0 0.139 0.038 1.000
0.0 1.0 0.0 0.0 0.0 0.0 0.0 0.0 0.0 0.0 0.156 0.644 0.844 0.699 1.0 0.111 0.026 1.000
0.0 0.0 0.0 1.0 0.0 0.0 0.0 0.0 0.0 0.0 0.156 0.800 0.800 0.800 2.0 0.139 0.051 0.040
0.0 1.0 0.0 0.0 0.0 0.0 0.0 0.0 0.0 0.0 0.156 0.800 0.800 0.800 1.0 0.111 0.026 0.040
0.0 1.0 0.0 0.0 0.0 0.0 0.0 0.0 0.0 0.0 0.156 0.844 0.844 0.844 1.0 0.111 0.051 0.040
0.0 0.0 0.0 1.0 0.0 0.0 0.0 0.0 0.0 0.0 0.156 0.644 0.844 0.699 2.0 0.139 0.051 1.000
0.0 1.0 0.0 0.0 0.0 0.0 0.0 0.0 0.0 0.0 0.156 0.644 0.844 0.699 1.0 0.111 0.038 1.000
0.0 0.0 0.0 1.0 0.0 0.0 0.0 0.0 0.0 0.0 0.178 0.622 0.822 0.676 2.0 0.139 0.038 1.000
0.0 1.0 0.0 0.0 0.0 0.0 0.0 0.0 0.0 0.0 0.156 0.778 0.778 0.778 1.0 0.111 0.026 0.040
0.0 0.0 0.0 1.0 0.0 0.0 0.0 0.0 0.0 0.0 0.156 0.778 0.778 0.778 2.0 0.153 0.038 0.040
0.0 1.0 0.0 0.0 0.0 0.0 0.0 0.0 0.0 0.0 0.156 0.644 0.844 0.699 1.0 0.111 0.051 1.000
0.0 0.0 0.0 1.0 0.0 0.0 0.0 0.0 0.0 0.0 0.156 0.644 0.844 0.699 2.0 0.139 0.103 1.000
0.0 0.0 0.0 1.0 0.0 0.0 0.0 0.0 0.0 0.0 0.178 0.622 0.822 0.676 2.0 0.167 0.077 1.000
0.0 1.0 0.0 0.0 0.0 0.0 0.0 0.0 0.0 0.0 0.156 0.644 0.844 0.699 1.0 0.111 0.051 1.000
0.0 0.0 0.0 1.0 0.0 0.0 0.0 0.0 0.0 0.0 0.156 0.644 0.844 0.699 2.0 0.153 0.064 1.000
0.0 0.0 0.0 1.0 0.0 0.0 0.0 0.0 0.0 0.0 0.178 0.622 0.822 0.676 2.0 0.167 0.090 1.000
0.0 0.0 0.0 1.0 0.0 0.0 0.0 0.0 0.0 0.0 0.178 0.622 0.822 0.676 2.0 0.167 0.064 1.000
0.0 0.0 0.0 1.0 0.0 0.0 0.0 0.0 0.0 0.0 0.178 0.622 0.822 0.676 2.0 0.167 0.038 1.000
0.0 0.0 0.0 1.0 0.0 0.0 0.0 0.0 0.0 0.0 0.178 0.622 0.822 0.676 2.0 0.125 0.038 1.000
0.0 0.0 0.0 1.0 0.0 0.0 0.0 0.0 0.0 0.0 0.178 0.622 0.822 0.676 2.0 0.139 0.038 1.000
0.0 0.0 0.0 1.0 0.0 0.0 0.0 0.0 0.0 0.0 0.178 0.622 0.822 0.676 2.0 0.139 0.064 1.000
0.0 1.0 0.0 0.0 0.0 0.0 0.0 0.0 0.0 0.0 0.178 0.756 0.756 0.756 1.0 0.097 0.026 0.040
0.0 1.0 0.0 0.0 0.0 0.0 0.0 0.0 0.0 0.0 0.178 0.622 0.822 0.676 1.0 0.097 0.026 1.000
0.0 1.0 0.0 0.0 0.0 0.0 0.0 0.0 0.0 0.0 0.222 0.578 0.778 0.632 2.0 0.097 0.077 1.000
0.0 0.0 0.0 1.0 0.0 0.0 0.0 0.0 0.0 0.0 0.200 0.600 0.800 0.654 2.0 0.111 0.064 1.000
0.0 0.0 0.0 1.0 0.0 0.0 0.0 0.0 0.0 0.0 0.222 0.578 0.778 0.632 2.0 0.125 0.077 1.000
0.0 0.0 0.0 1.0 0.0 0.0 0.0 0.0 0.0 0.0 0.178 0.622 0.822 0.676 2.0 0.153 0.051 1.000
0.0 0.0 0.0 1.0 0.0 0.0 0.0 0.0 0.0 0.0 0.178 0.622 0.822 0.676 2.0 0.125 0.038 1.000
0.0 0.0 0.0 1.0 0.0 0.0 0.0 0.0 0.0 0.0 0.178 0.778 0.778 0.778 2.0 0.125 0.051 0.040
0.0 0.0 0.0 1.0 0.0 0.0 0.0 0.0 0.0 0.0 0.178 0.622 0.822 0.676 2.0 0.125 0.051 1.000
0.0 1.0 0.0 0.0 0.0 0.0 0.0 0.0 0.0 0.0 0.178 0.622 0.822 0.676 1.0 0.097 0.051 1.000
0.0 0.0 0.0 1.0 0.0 0.0 0.0 0.0 0.0 0.0 0.178 0.756 0.756 0.756 2.0 0.139 0.038 0.040
0.0 0.0 0.0 1.0 0.0 0.0 0.0 0.0 0.0 0.0 0.178 0.622 0.822 0.676 2.0 0.125 0.090 1.000
0.0 0.0 0.0 1.0 0.0 0.0 0.0 0.0 0.0 0.0 0.178 0.622 0.822 0.676 2.0 0.139 0.064 1.000
0.0 1.0 0.0 0.0 0.0 0.0 0.0 0.0 0.0 0.0 0.200 0.600 0.800 0.654 1.0 0.125 0.038 1.000
0.0 0.0 0.0 1.0 0.0 0.0 0.0 0.0 0.0 0.0 0.200 0.600 0.800 0.654 2.0 0.139 0.038 1.000
0.0 0.0 0.0 1.0 0.0 0.0 0.0 0.0 0.0 0.0 0.200 0.600 0.800 0.654 2.0 0.181 0.038 1.000
0.0 0.0 0.0 1.0 0.0 0.0 0.0 0.0 0.0 0.0 0.200 0.600 0.800 0.654 2.0 0.181 0.064 1.000
0.0 0.0 0.0 1.0 0.0 0.0 0.0 0.0 0.0 0.0 0.244 0.556 0.756 0.610 2.0 0.125 0.077 1.000
0.0 0.0 0.0 1.0 0.0 0.0 0.0 0.0 0.0 0.0 0.244 0.556 0.756 0.610 2.0 0.139 0.077 1.000
0.0 0.0 0.0 1.0 0.0 0.0 0.0 0.0 0.0 0.0 0.200 0.600 0.800 0.654 2.0 0.222 0.051 1.000
0.0 0.0 0.0 1.0 0.0 0.0 0.0 0.0 0.0 0.0 0.200 0.600 0.800 0.654 2.0 0.153 0.038 1.000
0.0 0.0 0.0 1.0 0.0 0.0 0.0 0.0 0.0 0.0 0.200 0.756 0.756 0.756 2.0 0.139 0.051 0.040
0.0 1.0 0.0 0.0 0.0 0.0 0.0 0.0 0.0 0.0 0.200 0.600 0.800 0.654 1.0 0.111 0.077 1.000
0.0 0.0 0.0 1.0 0.0 0.0 0.0 0.0 0.0 0.0 0.200 0.600 0.800 0.654 2.0 0.139 0.051 1.000
0.0 1.0 0.0 0.0 0.0 0.0 0.0 0.0 0.0 0.0 0.200 0.600 0.800 0.654 1.0 0.111 0.090 1.000
0.0 1.0 0.0 0.0 0.0 0.0 0.0 0.0 0.0 0.0 0.200 0.600 0.800 0.654 1.0 0.111 0.064 1.000
0.0 1.0 0.0 0.0 0.0 0.0 0.0 0.0 0.0 0.0 0.200 0.600 0.800 0.654 1.0 0.111 0.038 1.000
0.0 1.0 0.0 0.0 0.0 0.0 0.0 0.0 0.0 0.0 0.222 0.578 0.778 0.632 2.0 0.125 0.115 1.000
0.0 0.0 0.0 1.0 0.0 0.0 0.0 0.0 0.0 0.0 0.200 0.600 0.800 0.654 2.0 0.139 0.103 1.000
0.0 0.0 0.0 1.0 0.0 0.0 0.0 0.0 0.0 0.0 0.200 0.733 0.733 0.733 2.0 0.167 0.038 0.040
0.0 0.0 0.0 1.0 0.0 0.0 0.0 0.0 0.0 0.0 0.200 0.600 0.800 0.654 2.0 0.167 0.064 1.000
0.0 1.0 0.0 0.0 0.0 0.0 0.0 0.0 0.0 0.0 0.222 0.578 0.778 0.632 1.0 0.139 0.038 1.000
0.0 1.0 0.0 0.0 0.0 0.0 0.0 0.0 0.0 0.0 0.267 0.533 0.733 0.588 1.0 0.139 0.077 1.000
0.0 1.0 0.0 0.0 0.0 0.0 0.0 0.0 0.0 0.0 0.222 0.578 0.778 0.632 1.0 0.181 0.038 1.000
0.0 1.0 0.0 0.0 0.0 0.0 0.0 0.0 0.0 0.0 0.267 0.533 0.733 0.588 1.0 0.139 0.077 1.000
0.0 0.0 0.0 1.0 0.0 0.0 0.0 0.0 0.0 0.0 0.222 0.578 0.778 0.632 2.0 0.153 0.103 1.000
0.0 0.0 0.0 1.0 0.0 0.0 0.0 0.0 0.0 0.0 0.222 0.578 0.778 0.632 2.0 0.153 0.103 1.000
0.0 1.0 0.0 0.0 0.0 0.0 0.0 0.0 0.0 0.0 0.222 0.578 0.778 0.632 1.0 0.097 0.038 1.000
0.0 1.0 0.0 0.0 0.0 0.0 0.0 0.0 0.0 0.0 0.222 0.733 0.733 0.733 1.0 0.125 0.051 0.040
0.0 1.0 0.0 0.0 0.0 0.0 0.0 0.0 0.0 0.0 0.222 0.578 0.778 0.632 1.0 0.125 0.051 1.000
1.0 0.0 0.0 0.0 0.0 0.0 0.0 0.0 0.0 0.0 0.222 0.578 0.778 0.632 1.0 0.153 0.051 1.000
0.0 1.0 0.0 0.0 0.0 0.0 0.0 0.0 0.0 0.0 0.244 0.556 0.756 0.610 1.0 0.097 0.115 1.000
0.0 1.0 0.0 0.0 0.0 0.0 0.0 0.0 0.0 0.0 0.222 0.711 0.711 0.711 2.0 0.111 0.051 0.040
0.0 0.0 0.0 1.0 0.0 0.0 0.0 0.0 0.0 0.0 0.222 0.578 0.778 0.632 2.0 0.153 0.154 1.000
0.0 1.0 0.0 0.0 0.0 0.0 0.0 0.0 0.0 0.0 0.222 0.578 0.778 0.632 1.0 0.111 0.064 1.000
0.0 0.0 0.0 1.0 0.0 0.0 0.0 0.0 0.0 0.0 0.244 0.556 0.756 0.610 2.0 0.167 0.103 1.000
1.0 0.0 0.0 0.0 0.0 0.0 0.0 0.0 0.0 0.0 0.222 0.578 0.778 0.632 1.0 0.139 0.064 1.000
1.0 0.0 0.0 0.0 0.0 0.0 0.0 0.0 0.0 0.0 0.222 0.711 0.711 0.711 1.0 0.139 0.064 0.040
1.0 0.0 0.0 0.0 0.0 0.0 0.0 0.0 0.0 0.0 0.222 0.733 0.733 0.733 1.0 0.153 0.051 0.040
1.0 0.0 0.0 0.0 0.0 0.0 0.0 0.0 0.0 0.0 0.222 0.578 0.778 0.632 1.0 0.153 0.051 1.000
1.0 0.0 0.0 0.0 0.0 0.0 0.0 0.0 0.0 0.0 0.222 0.733 0.733 0.733 1.0 0.139 0.038 0.040
1.0 0.0 0.0 0.0 0.0 0.0 0.0 0.0 0.0 0.0 0.222 0.578 0.778 0.632 1.0 0.139 0.038 1.000
1.0 0.0 0.0 0.0 0.0 0.0 0.0 0.0 0.0 0.0 0.244 0.556 0.756 0.610 1.0 0.153 0.038 1.000
1.0 0.0 0.0 0.0 0.0 0.0 0.0 0.0 0.0 0.0 0.289 0.511 0.711 0.565 1.0 0.139 0.077 1.000
0.0 1.0 0.0 0.0 0.0 0.0 0.0 0.0 0.0 0.0 0.244 0.711 0.711 0.711 1.0 0.097 0.051 0.040
0.0 0.0 0.0 1.0 0.0 0.0 0.0 0.0 0.0 0.0 0.244 0.556 0.756 0.610 2.0 0.153 0.154 1.000
0.0 0.0 0.0 1.0 0.0 0.0 0.0 0.0 0.0 0.0 0.244 0.556 0.756 0.610 2.0 0.139 0.090 1.000
0.0 1.0 0.0 0.0 0.0 0.0 0.0 0.0 0.0 0.0 0.244 0.556 0.756 0.610 1.0 0.097 0.051 1.000
1.0 0.0 0.0 0.0 0.0 0.0 0.0 0.0 0.0 0.0 0.289 0.711 0.711 0.711 1.0 0.125 0.077 0.040
1.0 0.0 0.0 0.0 0.0 0.0 0.0 0.0 0.0 0.0 0.289 0.511 0.711 0.565 1.0 0.125 0.077 1.000
1.0 0.0 0.0 0.0 0.0 0.0 0.0 0.0 0.0 0.0 0.244 0.556 0.756 0.610 1.0 0.125 0.038 1.000
1.0 0.0 0.0 0.0 0.0 0.0 0.0 0.0 0.0 0.0 0.244 0.689 0.689 0.689 1.0 0.125 0.038 0.040
1.0 0.0 0.0 0.0 0.0 0.0 0.0 0.0 0.0 0.0 0.289 0.644 0.644 0.644 1.0 0.125 0.077 0.040
1.0 0.0 0.0 0.0 0.0 0.0 0.0 0.0 0.0 0.0 0.244 0.756 0.756 0.756 1.0 0.139 0.038 0.040
1.0 0.0 0.0 0.0 0.0 0.0 0.0 0.0 0.0 0.0 0.244 0.556 0.756 0.610 1.0 0.139 0.038 1.000
0.0 0.0 0.0 1.0 0.0 0.0 0.0 0.0 0.0 0.0 0.267 0.533 0.733 0.588 2.0 0.153 0.141 1.000
0.0 1.0 0.0 0.0 0.0 0.0 0.0 0.0 0.0 0.0 0.267 0.533 0.733 0.588 1.0 0.111 0.103 1.000
0.0 1.0 0.0 0.0 0.0 0.0 0.0 0.0 0.0 0.0 0.244 0.556 0.756 0.610 2.0 0.097 0.077 1.000
0.0 1.0 0.0 0.0 0.0 0.0 0.0 0.0 0.0 0.0 0.244 0.689 0.689 0.689 1.0 0.097 0.064 0.040
0.0 0.0 0.0 1.0 0.0 0.0 0.0 0.0 0.0 0.0 0.244 0.711 0.711 0.711 2.0 0.139 0.077 0.040
0.0 1.0 0.0 0.0 0.0 0.0 0.0 0.0 0.0 0.0 0.244 0.711 0.711 0.711 1.0 0.097 0.051 0.040
0.0 1.0 0.0 0.0 0.0 0.0 0.0 0.0 0.0 0.0 0.267 0.533 0.733 0.588 2.0 0.111 0.090 1.000
0.0 0.0 0.0 1.0 0.0 0.0 0.0 0.0 0.0 0.0 0.244 0.556 0.756 0.610 2.0 0.111 0.077 1.000
0.0 1.0 0.0 0.0 0.0 0.0 0.0 0.0 0.0 0.0 0.244 0.556 0.756 0.610 2.0 0.097 0.064 1.000
0.0 1.0 0.0 0.0 0.0 0.0 0.0 0.0 0.0 0.0 0.244 0.711 0.711 0.711 1.0 0.097 0.038 0.040
0.0 1.0 0.0 0.0 0.0 0.0 0.0 0.0 0.0 0.0 0.244 0.556 0.756 0.610 1.0 0.097 0.038 1.000
0.0 0.0 0.0 1.0 0.0 0.0 0.0 0.0 0.0 0.0 0.267 0.533 0.733 0.588 2.0 0.167 0.154 1.000
0.0 0.0 0.0 1.0 0.0 0.0 0.0 0.0 0.0 0.0 0.267 0.533 0.733 0.588 2.0 0.139 0.090 1.000
0.0 1.0 0.0 0.0 0.0 0.0 0.0 0.0 0.0 0.0 0.267 0.733 0.733 0.733 2.0 0.111 0.064 0.040
1.0 0.0 0.0 0.0 0.0 0.0 0.0 0.0 0.0 0.0 0.244 0.756 0.756 0.756 1.0 0.097 0.051 0.040
1.0 0.0 0.0 0.0 0.0 0.0 0.0 0.0 0.0 0.0 0.244 0.556 0.756 0.610 1.0 0.125 0.051 1.000
0.0 0.0 0.0 1.0 0.0 0.0 0.0 0.0 0.0 0.0 0.289 0.511 0.711 0.565 2.0 0.153 0.141 1.000
0.0 1.0 0.0 0.0 0.0 0.0 0.0 0.0 0.0 0.0 0.311 0.489 0.689 0.543 1.0 0.097 0.077 1.000
0.0 0.0 0.0 1.0 0.0 0.0 0.0 0.0 0.0 0.0 0.267 0.533 0.733 0.588 2.0 0.139 0.115 1.000
0.0 1.0 0.0 0.0 0.0 0.0 0.0 0.0 0.0 0.0 0.267 0.533 0.733 0.588 1.0 0.097 0.038 1.000
0.0 0.0 0.0 1.0 0.0 0.0 0.0 0.0 0.0 0.0 0.267 0.667 0.667 0.667 2.0 0.139 0.103 0.040
0.0 1.0 0.0 0.0 0.0 0.0 0.0 0.0 0.0 0.0 0.267 0.667 0.667 0.667 1.0 0.097 0.038 0.040
0.0 0.0 0.0 1.0 0.0 0.0 0.0 0.0 0.0 0.0 0.267 0.689 0.689 0.689 2.0 0.139 0.077 0.040
0.0 0.0 0.0 1.0 0.0 0.0 0.0 0.0 0.0 0.0 0.267 0.533 0.733 0.588 2.0 0.139 0.090 1.000
1.0 0.0 0.0 0.0 0.0 0.0 0.0 0.0 0.0 0.0 0.267 0.689 0.689 0.689 1.0 0.125 0.038 0.040
1.0 0.0 0.0 0.0 0.0 0.0 0.0 0.0 0.0 0.0 0.267 0.533 0.733 0.588 1.0 0.125 0.038 1.000
0.0 0.0 0.0 1.0 0.0 0.0 0.0 0.0 0.0 0.0 0.311 0.622 0.622 0.622 2.0 0.139 0.128 0.040
0.0 1.0 0.0 0.0 0.0 0.0 0.0 0.0 0.0 0.0 0.311 0.622 0.622 0.622 1.0 0.097 0.077 0.040
0.0 0.0 0.0 1.0 0.0 0.0 0.0 0.0 0.0 0.0 0.289 0.511 0.711 0.565 2.0 0.167 0.090 1.000
0.0 1.0 0.0 0.0 0.0 0.0 0.0 0.0 0.0 0.0 0.267 0.733 0.733 0.733 1.0 0.097 0.038 0.040
0.0 1.0 0.0 0.0 0.0 0.0 0.0 0.0 0.0 0.0 0.311 0.689 0.689 0.689 1.0 0.097 0.077 0.040
0.0 1.0 0.0 0.0 0.0 0.0 0.0 0.0 0.0 0.0 0.267 0.533 0.733 0.588 1.0 0.097 0.038 1.000
1.0 0.0 0.0 0.0 0.0 0.0 0.0 0.0 0.0 0.0 0.311 0.644 0.644 0.644 1.0 0.125 0.077 0.040
1.0 0.0 0.0 0.0 0.0 0.0 0.0 0.0 0.0 0.0 0.311 0.489 0.689 0.543 1.0 0.125 0.077 1.000
0.0 0.0 0.0 1.0 0.0 0.0 0.0 0.0 0.0 0.0 0.289 0.511 0.711 0.565 2.0 0.139 0.231 1.000
0.0 1.0 0.0 0.0 0.0 0.0 0.0 0.0 0.0 0.0 0.289 0.511 0.711 0.565 1.0 0.111 0.154 1.000
0.0 0.0 0.0 1.0 0.0 0.0 0.0 0.0 0.0 0.0 0.311 0.489 0.689 0.543 2.0 0.194 0.141 1.000
0.0 0.0 0.0 1.0 0.0 0.0 0.0 0.0 0.0 0.0 0.289 0.511 0.711 0.565 2.0 0.139 0.103 1.000
0.0 0.0 0.0 1.0 0.0 0.0 0.0 0.0 0.0 0.0 0.289 0.644 0.644 0.644 2.0 0.139 0.103 0.040
0.0 0.0 0.0 1.0 0.0 0.0 0.0 0.0 0.0 0.0 0.289 0.667 0.667 0.667 2.0 0.167 0.077 0.040
0.0 0.0 0.0 1.0 0.0 0.0 0.0 0.0 0.0 0.0 0.289 0.511 0.711 0.565 2.0 0.153 0.103 1.000
0.0 0.0 0.0 1.0 0.0 0.0 0.0 0.0 0.0 0.0 0.333 0.600 0.600 0.600 2.0 0.153 0.115 0.040
0.0 1.0 0.0 0.0 0.0 0.0 0.0 0.0 0.0 0.0 0.289 0.711 0.711 0.711 1.0 0.097 0.064 0.040
0.0 0.0 0.0 1.0 0.0 0.0 0.0 0.0 0.0 0.0 0.289 0.711 0.711 0.711 2.0 0.139 0.103 0.040
0.0 1.0 0.0 0.0 0.0 0.0 0.0 0.0 0.0 0.0 0.267 0.533 0.733 0.588 2.0 0.097 0.064 1.000
0.0 0.0 0.0 1.0 0.0 0.0 0.0 0.0 0.0 0.0 0.289 0.511 0.711 0.565 2.0 0.125 0.090 1.000
0.0 1.0 0.0 0.0 0.0 0.0 0.0 0.0 0.0 0.0 0.289 0.511 0.711 0.565 2.0 0.097 0.051 1.000
0.0 1.0 0.0 0.0 0.0 0.0 0.0 0.0 0.0 0.0 0.333 0.467 0.667 0.521 2.0 0.097 0.244 1.000
0.0 0.0 0.0 1.0 0.0 0.0 0.0 0.0 0.0 0.0 0.311 0.489 0.689 0.543 2.0 0.125 0.231 1.000
0.0 0.0 0.0 1.0 0.0 0.0 0.0 0.0 0.0 0.0 0.311 0.489 0.689 0.543 2.0 0.153 0.141 1.000
0.0 1.0 0.0 0.0 0.0 0.0 0.0 0.0 0.0 0.0 0.311 0.489 0.689 0.543 1.0 0.111 0.090 1.000
0.0 0.0 0.0 1.0 0.0 0.0 0.0 0.0 0.0 0.0 0.311 0.489 0.689 0.543 2.0 0.167 0.115 1.000
0.0 0.0 0.0 1.0 0.0 0.0 0.0 0.0 0.0 0.0 0.311 0.622 0.622 0.622 2.0 0.167 0.103 0.040
0.0 1.0 0.0 0.0 0.0 0.0 0.0 0.0 0.0 0.0 0.333 0.622 0.622 0.622 2.0 0.097 0.090 0.040
0.0 0.0 0.0 1.0 0.0 0.0 0.0 0.0 0.0 0.0 0.333 0.622 0.622 0.622 2.0 0.139 0.115 0.040
0.0 1.0 0.0 0.0 0.0 0.0 0.0 0.0 0.0 0.0 0.289 0.667 0.667 0.667 2.0 0.097 0.051 0.040
0.0 1.0 0.0 0.0 0.0 0.0 0.0 0.0 0.0 0.0 0.333 0.467 0.667 0.521 2.0 0.097 0.090 1.000
0.0 0.0 0.0 1.0 0.0 0.0 0.0 0.0 0.0 0.0 0.333 0.467 0.667 0.521 2.0 0.139 0.115 1.000
0.0 0.0 0.0 1.0 0.0 0.0 0.0 0.0 0.0 0.0 0.356 0.578 0.578 0.578 2.0 0.167 0.128 0.040
0.0 0.0 0.0 1.0 0.0 0.0 0.0 0.0 0.0 0.0 0.311 0.689 0.689 0.689 2.0 0.139 0.103 0.040
0.0 0.0 0.0 1.0 0.0 0.0 0.0 0.0 0.0 0.0 0.289 0.511 0.711 0.565 2.0 0.125 0.103 1.000
0.0 0.0 0.0 1.0 0.0 0.0 0.0 0.0 0.0 0.0 0.311 0.489 0.689 0.543 2.0 0.139 0.128 1.000
0.0 1.0 0.0 0.0 0.0 0.0 0.0 0.0 0.0 0.0 0.311 0.489 0.689 0.543 1.0 0.111 0.103 1.000
0.0 1.0 0.0 0.0 0.0 0.0 0.0 0.0 0.0 0.0 0.378 0.422 0.622 0.476 2.0 0.153 0.256 1.000
0.0 0.0 0.0 1.0 0.0 0.0 0.0 0.0 0.0 0.0 0.356 0.444 0.644 0.499 2.0 0.125 0.244 1.000
0.0 0.0 0.0 1.0 0.0 0.0 0.0 0.0 0.0 0.0 0.333 0.467 0.667 0.521 2.0 0.139 0.141 1.000
0.0 0.0 0.0 1.0 0.0 0.0 0.0 0.0 0.0 0.0 0.333 0.467 0.667 0.521 2.0 0.236 0.154 1.000
0.0 1.0 0.0 0.0 0.0 0.0 0.0 0.0 0.0 0.0 0.311 0.644 0.644 0.644 1.0 0.111 0.077 0.040
0.0 0.0 0.0 1.0 0.0 0.0 0.0 0.0 0.0 0.0 0.311 0.644 0.644 0.644 2.0 0.153 0.103 0.040
0.0 0.0 0.0 1.0 0.0 0.0 0.0 0.0 0.0 0.0 0.356 0.600 0.600 0.600 2.0 0.139 0.128 0.040
0.0 0.0 0.0 1.0 0.0 0.0 0.0 0.0 0.0 0.0 0.356 0.444 0.644 0.499 2.0 0.139 0.128 1.000
0.0 0.0 0.0 1.0 0.0 0.0 0.0 0.0 0.0 0.0 0.333 0.667 0.667 0.667 2.0 0.167 0.103 0.040
0.0 1.0 0.0 0.0 0.0 0.0 0.0 0.0 0.0 0.0 0.333 0.467 0.667 0.521 2.0 0.125 0.115 1.000
0.0 0.0 0.0 1.0 0.0 0.0 0.0 0.0 0.0 0.0 0.311 0.489 0.689 0.543 2.0 0.139 0.103 1.000
1.0 0.0 0.0 0.0 0.0 0.0 0.0 0.0 0.0 0.0 0.333 0.600 0.600 0.600 1.0 0.139 0.141 0.040
0.0 0.0 0.0 1.0 0.0 0.0 0.0 0.0 0.0 0.0 0.333 0.600 0.600 0.600 2.0 0.139 0.128 0.040
0.0 1.0 0.0 0.0 0.0 0.0 0.0 0.0 0.0 0.0 0.333 0.600 0.600 0.600 1.0 0.111 0.103 0.040
0.0 0.0 0.0 1.0 0.0 0.0 0.0 0.0 0.0 0.0 0.333 0.467 0.667 0.521 2.0 0.153 0.141 1.000
0.0 1.0 0.0 0.0 0.0 0.0 0.0 0.0 0.0 0.0 0.333 0.467 0.667 0.521 1.0 0.111 0.115 1.000
0.0 0.0 0.0 1.0 0.0 0.0 0.0 0.0 0.0 0.0 0.333 0.467 0.667 0.521 2.0 0.125 0.128 1.000
0.0 0.0 0.0 1.0 0.0 0.0 0.0 0.0 0.0 0.0 0.378 0.556 0.556 0.556 2.0 0.139 0.192 0.040
0.0 1.0 0.0 0.0 0.0 0.0 0.0 0.0 0.0 0.0 0.378 0.556 0.556 0.556 1.0 0.111 0.128 0.040
0.0 0.0 0.0 1.0 0.0 0.0 0.0 0.0 0.0 0.0 0.356 0.444 0.644 0.499 2.0 0.194 0.141 1.000
0.0 0.0 0.0 1.0 0.0 0.0 0.0 0.0 0.0 0.0 0.333 0.622 0.622 0.622 2.0 0.139 0.103 0.040
0.0 0.0 0.0 1.0 0.0 0.0 0.0 0.0 0.0 0.0 0.378 0.578 0.578 0.578 2.0 0.167 0.128 0.040
0.0 0.0 0.0 1.0 0.0 0.0 0.0 0.0 0.0 0.0 0.378 0.422 0.622 0.476 2.0 0.167 0.128 1.000
0.0 0.0 0.0 1.0 0.0 0.0 0.0 0.0 0.0 0.0 0.356 0.578 0.578 0.578 2.0 0.125 0.128 0.040
0.0 0.0 0.0 1.0 0.0 0.0 0.0 0.0 0.0 0.0 0.356 0.444 0.644 0.499 2.0 0.139 0.141 1.000
0.0 1.0 0.0 0.0 0.0 0.0 0.0 0.0 0.0 0.0 0.378 0.422 0.622 0.476 2.0 0.097 0.141 1.000
0.0 0.0 0.0 1.0 0.0 0.0 0.0 0.0 0.0 0.0 0.356 0.444 0.644 0.499 2.0 0.125 0.128 1.000
0.0 0.0 0.0 1.0 0.0 0.0 0.0 0.0 0.0 0.0 0.400 0.533 0.533 0.533 2.0 0.125 0.179 0.040
0.0 0.0 0.0 1.0 0.0 0.0 0.0 0.0 0.0 0.0 0.356 0.444 0.644 0.499 2.0 0.125 0.192 1.000
0.0 1.0 0.0 0.0 0.0 0.0 0.0 0.0 0.0 0.0 0.356 0.444 0.644 0.499 2.0 0.097 0.128 1.000
0.0 1.0 0.0 0.0 0.0 0.0 0.0 0.0 0.0 0.0 0.356 0.578 0.578 0.578 1.0 0.097 0.141 0.040
0.0 0.0 0.0 1.0 0.0 0.0 0.0 0.0 0.0 0.0 0.400 0.400 0.600 0.454 2.0 0.208 0.269 1.000
0.0 1.0 0.0 0.0 0.0 0.0 0.0 0.0 0.0 0.0 0.356 0.644 0.644 0.644 1.0 0.111 0.103 0.040
0.0 0.0 0.0 1.0 0.0 0.0 0.0 0.0 0.0 0.0 0.356 0.644 0.644 0.644 2.0 0.139 0.179 0.040
1.0 0.0 0.0 0.0 0.0 0.0 0.0 0.0 0.0 0.0 0.400 0.533 0.533 0.533 1.0 0.125 0.256 0.040
1.0 0.0 0.0 0.0 0.0 0.0 0.0 0.0 0.0 0.0 0.356 0.444 0.644 0.499 1.0 0.139 0.154 1.000
1.0 0.0 0.0 0.0 0.0 0.0 0.0 0.0 0.0 0.0 0.356 0.533 0.533 0.533 1.0 0.139 0.154 0.040
0.0 0.0 0.0 1.0 0.0 0.0 0.0 0.0 0.0 0.0 0.356 0.600 0.600 0.600 2.0 0.167 0.103 0.040
0.0 0.0 0.0 1.0 0.0 0.0 0.0 0.0 0.0 0.0 0.378 0.556 0.556 0.556 2.0 0.125 0.128 0.040
0.0 0.0 0.0 1.0 0.0 0.0 0.0 0.0 0.0 0.0 0.378 0.422 0.622 0.476 2.0 0.181 0.141 1.000
0.0 0.0 0.0 1.0 0.0 0.0 0.0 0.0 0.0 0.0 0.400 0.400 0.600 0.454 2.0 0.139 0.179 1.000
0.0 1.0 0.0 0.0 0.0 0.0 0.0 0.0 0.0 0.0 0.400 0.400 0.600 0.454 1.0 0.111 0.128 1.000
0.0 0.0 0.0 1.0 0.0 0.0 0.0 0.0 0.0 0.0 0.422 0.511 0.511 0.511 2.0 0.125 0.192 0.040
0.0 0.0 0.0 1.0 0.0 0.0 0.0 0.0 0.0 0.0 0.378 0.422 0.622 0.476 2.0 0.125 0.205 1.000
0.0 0.0 0.0 1.0 0.0 0.0 0.0 0.0 0.0 0.0 0.378 0.422 0.622 0.476 2.0 0.236 0.154 1.000
0.0 1.0 0.0 0.0 0.0 0.0 0.0 0.0 0.0 0.0 0.400 0.556 0.556 0.556 1.0 0.111 0.128 0.040
0.0 0.0 0.0 1.0 0.0 0.0 0.0 0.0 0.0 0.0 0.400 0.556 0.556 0.556 2.0 0.153 0.179 0.040
0.0 0.0 0.0 1.0 0.0 0.0 0.0 0.0 0.0 0.0 0.378 0.622 0.622 0.622 2.0 0.125 0.179 0.040
0.0 1.0 0.0 0.0 0.0 0.0 0.0 0.0 0.0 0.0 0.400 0.400 0.600 0.454 1.0 0.111 0.141 1.000
1.0 0.0 0.0 0.0 0.0 0.0 0.0 0.0 0.0 0.0 0.378 0.556 0.556 0.556 1.0 0.139 0.141 0.040
0.0 1.0 0.0 0.0 0.0 0.0 0.0 0.0 0.0 0.0 0.400 0.533 0.533 0.533 1.0 0.111 0.128 0.040
0.0 0.0 0.0 1.0 0.0 0.0 0.0 0.0 0.0 0.0 0.422 0.378 0.578 0.432 2.0 0.125 0.167 1.000
0.0 1.0 0.0 0.0 0.0 0.0 0.0 0.0 0.0 0.0 0.444 0.489 0.489 0.489 1.0 0.111 0.192 0.040
0.0 1.0 0.0 0.0 0.0 0.0 0.0 0.0 0.0 0.0 0.422 0.378 0.578 0.432 2.0 0.097 0.218 1.000
0.0 0.0 0.0 1.0 0.0 0.0 0.0 0.0 0.0 0.0 0.400 0.400 0.600 0.454 2.0 0.125 0.205 1.000
0.0 1.0 0.0 0.0 0.0 0.0 0.0 0.0 0.0 0.0 0.422 0.511 0.511 0.511 1.0 0.097 0.256 0.040
0.0 0.0 0.0 1.0 0.0 0.0 0.0 0.0 0.0 0.0 0.378 0.511 0.511 0.511 2.0 0.125 0.167 0.040
0.0 1.0 0.0 0.0 0.0 0.0 0.0 0.0 0.0 0.0 0.378 0.511 0.511 0.511 1.0 0.097 0.154 0.040
0.0 1.0 0.0 0.0 0.0 0.0 0.0 0.0 0.0 0.0 0.400 0.400 0.600 0.454 2.0 0.111 0.179 1.000
0.0 0.0 0.0 1.0 0.0 0.0 0.0 0.0 0.0 0.0 0.378 0.422 0.622 0.476 2.0 0.111 0.167 1.000
0.0 1.0 0.0 0.0 0.0 0.0 0.0 0.0 0.0 0.0 0.378 0.422 0.622 0.476 1.0 0.097 0.154 1.000
0.0 1.0 0.0 0.0 0.0 0.0 0.0 0.0 0.0 0.0 0.378 0.578 0.578 0.578 1.0 0.111 0.103 0.040
0.0 0.0 0.0 1.0 0.0 0.0 0.0 0.0 0.0 0.0 0.422 0.533 0.533 0.533 2.0 0.139 0.167 0.040
1.0 0.0 0.0 0.0 0.0 0.0 0.0 0.0 0.0 0.0 0.422 0.378 0.578 0.432 1.0 0.139 0.269 1.000
0.0 1.0 0.0 0.0 0.0 0.0 0.0 0.0 0.0 0.0 0.444 0.444 0.444 0.444 2.0 0.111 0.282 0.040
1.0 0.0 0.0 0.0 0.0 0.0 0.0 0.0 0.0 0.0 0.422 0.467 0.467 0.467 1.0 0.111 0.269 0.040
0.0 1.0 0.0 0.0 0.0 0.0 0.0 0.0 0.0 0.0 0.422 0.578 0.578 0.578 2.0 0.125 0.192 0.040
0.0 0.0 0.0 1.0 0.0 0.0 0.0 0.0 0.0 0.0 0.400 0.600 0.600 0.600 2.0 0.139 0.179 0.040
0.0 0.0 0.0 1.0 0.0 0.0 0.0 0.0 0.0 0.0 0.444 0.356 0.556 0.410 2.0 0.139 0.179 1.000
0.0 1.0 0.0 0.0 0.0 0.0 0.0 0.0 0.0 0.0 0.422 0.378 0.578 0.432 1.0 0.097 0.141 1.000
0.0 1.0 0.0 0.0 0.0 0.0 0.0 0.0 0.0 0.0 0.400 0.533 0.533 0.533 2.0 0.097 0.154 0.040
0.0 0.0 0.0 1.0 0.0 0.0 0.0 0.0 0.0 0.0 0.400 0.489 0.489 0.489 2.0 0.125 0.167 0.040
0.0 1.0 0.0 0.0 0.0 0.0 0.0 0.0 0.0 0.0 0.422 0.378 0.578 0.432 2.0 0.111 0.179 1.000
0.0 0.0 0.0 1.0 0.0 0.0 0.0 0.0 0.0 0.0 0.400 0.400 0.600 0.454 2.0 0.111 0.167 1.000
1.0 0.0 0.0 0.0 0.0 0.0 0.0 0.0 0.0 0.0 0.400 0.400 0.600 0.454 1.0 0.139 0.141 1.000
0.0 1.0 0.0 0.0 0.0 0.0 0.0 0.0 0.0 0.0 0.444 0.356 0.556 0.410 1.0 0.111 0.218 1.000
1.0 0.0 0.0 0.0 0.0 0.0 0.0 0.0 0.0 0.0 0.400 0.400 0.600 0.454 1.0 0.139 0.154 1.000
1.0 0.0 0.0 0.0 0.0 0.0 0.0 0.0 0.0 0.0 0.400 0.489 0.489 0.489 1.0 0.139 0.154 0.040
1.0 0.0 0.0 0.0 0.0 0.0 0.0 0.0 0.0 0.0 0.400 0.556 0.556 0.556 1.0 0.139 0.141 0.040
0.0 0.0 0.0 1.0 0.0 0.0 0.0 0.0 0.0 0.0 0.444 0.511 0.511 0.511 2.0 0.167 0.179 0.040
0.0 0.0 1.0 0.0 0.0 0.0 0.0 0.0 0.0 0.0 0.422 0.511 0.511 0.511 2.0 0.153 0.154 0.040
0.0 0.0 1.0 0.0 0.0 0.0 0.0 0.0 0.0 0.0 0.467 0.467 0.467 0.467 2.0 0.153 0.218 0.040
0.0 0.0 0.0 1.0 0.0 0.0 0.0 0.0 0.0 0.0 0.467 0.422 0.422 0.422 2.0 0.125 0.308 0.040
0.0 1.0 0.0 0.0 0.0 0.0 0.0 0.0 0.0 0.0 0.467 0.422 0.422 0.422 1.0 0.097 0.282 0.040
0.0 0.0 0.0 1.0 0.0 0.0 0.0 0.0 0.0 0.0 0.444 0.356 0.556 0.410 2.0 0.139 0.282 1.000
0.0 1.0 0.0 0.0 0.0 0.0 0.0 0.0 0.0 0.0 0.444 0.356 0.556 0.410 1.0 0.097 0.269 1.000
0.0 0.0 0.0 1.0 0.0 0.0 0.0 0.0 0.0 0.0 0.422 0.467 0.467 0.467 2.0 0.125 0.167 0.040
0.0 0.0 0.0 1.0 0.0 0.0 0.0 0.0 0.0 0.0 0.444 0.356 0.556 0.410 2.0 0.153 0.192 1.000
0.0 1.0 0.0 0.0 0.0 0.0 0.0 0.0 0.0 0.0 0.444 0.556 0.556 0.556 1.0 0.097 0.192 0.040
0.0 1.0 0.0 0.0 0.0 0.0 0.0 0.0 0.0 0.0 0.467 0.333 0.533 0.388 1.0 0.125 0.179 1.000
0.0 1.0 0.0 0.0 0.0 0.0 0.0 0.0 0.0 0.0 0.422 0.378 0.578 0.432 1.0 0.097 0.141 1.000
0.0 0.0 0.0 1.0 0.0 0.0 0.0 0.0 0.0 0.0 0.444 0.356 0.556 0.410 2.0 0.125 0.282 1.000
0.0 1.0 0.0 0.0 0.0 0.0 0.0 0.0 0.0 0.0 0.467 0.333 0.533 0.388 2.0 0.097 0.231 1.000
0.0 0.0 0.0 1.0 0.0 0.0 0.0 0.0 0.0 0.0 0.467 0.333 0.533 0.388 2.0 0.125 0.269 1.000
0.0 0.0 0.0 1.0 0.0 0.0 0.0 0.0 0.0 0.0 0.422 0.467 0.467 0.467 2.0 0.125 0.167 0.040
0.0 1.0 0.0 0.0 0.0 0.0 0.0 0.0 0.0 0.0 0.422 0.467 0.467 0.467 1.0 0.097 0.154 0.040
0.0 0.0 0.0 1.0 0.0 0.0 0.0 0.0 0.0 0.0 0.422 0.378 0.578 0.432 2.0 0.139 0.167 1.000
0.0 1.0 0.0 0.0 0.0 0.0 0.0 0.0 0.0 0.0 0.422 0.378 0.578 0.432 1.0 0.097 0.154 1.000
0.0 0.0 0.0 1.0 0.0 0.0 0.0 0.0 0.0 0.0 0.489 0.400 0.400 0.400 2.0 0.125 0.295 0.040
0.0 0.0 0.0 1.0 0.0 0.0 0.0 0.0 0.0 0.0 0.467 0.333 0.533 0.388 2.0 0.139 0.282 1.000
0.0 1.0 0.0 0.0 0.0 0.0 0.0 0.0 0.0 0.0 0.444 0.444 0.444 0.444 1.0 0.097 0.167 0.040
0.0 1.0 0.0 0.0 0.0 0.0 0.0 0.0 0.0 0.0 0.422 0.533 0.533 0.533 1.0 0.097 0.141 0.040
0.0 0.0 0.0 1.0 0.0 0.0 0.0 0.0 0.0 0.0 0.422 0.533 0.533 0.533 2.0 0.139 0.244 0.040
0.0 1.0 0.0 0.0 0.0 0.0 0.0 0.0 0.0 0.0 0.467 0.489 0.489 0.489 1.0 0.111 0.179 0.040
0.0 0.0 0.0 1.0 0.0 0.0 0.0 0.0 0.0 0.0 0.467 0.489 0.489 0.489 2.0 0.153 0.231 0.040
0.0 1.0 0.0 0.0 0.0 0.0 0.0 0.0 0.0 0.0 0.444 0.489 0.489 0.489 1.0 0.111 0.154 0.040
0.0 1.0 0.0 0.0 0.0 0.0 0.0 0.0 0.0 0.0 0.489 0.444 0.444 0.444 1.0 0.111 0.218 0.040
0.0 0.0 0.0 1.0 0.0 0.0 0.0 0.0 0.0 0.0 0.444 0.356 0.556 0.410 2.0 0.125 0.282 1.000
0.0 1.0 0.0 0.0 0.0 0.0 0.0 0.0 0.0 0.0 0.489 0.311 0.511 0.365 1.0 0.097 0.179 1.000
0.0 0.0 0.0 1.0 0.0 0.0 0.0 0.0 0.0 0.0 0.489 0.311 0.511 0.365 2.0 0.125 0.295 1.000
0.0 0.0 0.0 1.0 0.0 0.0 0.0 0.0 0.0 0.0 0.489 0.311 0.511 0.365 2.0 0.125 0.282 1.000
0.0 0.0 0.0 1.0 0.0 0.0 0.0 0.0 0.0 0.0 0.444 0.444 0.444 0.444 2.0 0.125 0.167 0.040
0.0 0.0 0.0 1.0 0.0 0.0 0.0 0.0 0.0 0.0 0.444 0.356 0.556 0.410 2.0 0.139 0.167 1.000
0.0 0.0 0.0 1.0 0.0 0.0 0.0 0.0 0.0 0.0 0.511 0.378 0.378 0.378 2.0 0.125 0.308 0.040
0.0 0.0 0.0 1.0 0.0 0.0 0.0 0.0 0.0 0.0 0.489 0.311 0.511 0.365 2.0 0.181 0.282 1.000
0.0 1.0 0.0 0.0 0.0 0.0 0.0 0.0 0.0 0.0 0.467 0.333 0.533 0.404 1.0 0.500 0.192 0.760
1.0 0.0 0.0 0.0 0.0 0.0 0.0 0.0 0.0 0.0 0.467 0.333 0.533 0.419 1.0 0.306 0.192 0.600
0.0 0.0 0.0 1.0 0.0 0.0 0.0 0.0 0.0 0.0 0.444 0.511 0.511 0.511 2.0 0.153 0.244 0.040
0.0 0.0 0.0 1.0 0.0 0.0 0.0 0.0 0.0 0.0 0.489 0.467 0.467 0.467 2.0 0.139 0.231 0.040
0.0 0.0 0.0 1.0 0.0 0.0 0.0 0.0 0.0 0.0 0.467 0.333 0.533 0.388 2.0 0.125 0.282 1.000
0.0 0.0 0.0 1.0 0.0 0.0 0.0 0.0 0.0 0.0 0.511 0.289 0.489 0.343 2.0 0.125 0.295 1.000
0.0 0.0 0.0 1.0 0.0 0.0 0.0 0.0 0.0 0.0 0.511 0.289 0.489 0.343 2.0 0.153 0.282 1.000
0.0 0.0 0.0 1.0 0.0 0.0 0.0 0.0 0.0 0.0 0.467 0.422 0.422 0.422 2.0 0.125 0.167 0.040
0.0 0.0 0.0 1.0 0.0 0.0 0.0 0.0 0.0 0.0 0.467 0.333 0.533 0.388 2.0 0.181 0.167 1.000
0.0 1.0 0.0 0.0 0.0 0.0 0.0 0.0 0.0 0.0 0.533 0.356 0.356 0.356 1.0 0.125 0.308 0.040
0.0 0.0 0.0 1.0 0.0 0.0 0.0 0.0 0.0 0.0 0.467 0.489 0.489 0.489 2.0 0.167 0.244 0.040
0.0 0.0 0.0 1.0 0.0 0.0 0.0 0.0 0.0 0.0 0.511 0.444 0.444 0.444 2.0 0.167 0.231 0.040
0.0 1.0 0.0 0.0 0.0 0.0 0.0 0.0 0.0 0.0 0.489 0.311 0.511 0.365 1.0 0.111 0.282 1.000
0.0 0.0 0.0 1.0 0.0 0.0 0.0 0.0 0.0 0.0 0.533 0.267 0.467 0.321 2.0 0.153 0.295 1.000
0.0 0.0 0.0 1.0 0.0 0.0 0.0 0.0 0.0 0.0 0.533 0.267 0.467 0.321 2.0 0.222 0.295 1.000
0.0 1.0 0.0 0.0 0.0 0.0 0.0 0.0 0.0 0.0 0.489 0.400 0.400 0.400 1.0 0.097 0.167 0.040
0.0 1.0 0.0 0.0 0.0 0.0 0.0 0.0 0.0 0.0 0.511 0.289 0.489 0.366 1.0 0.444 0.282 0.680
1.0 0.0 0.0 0.0 0.0 0.0 0.0 0.0 0.0 0.0 0.511 0.289 0.489 0.366 1.0 0.361 0.282 0.680
0.0 1.0 0.0 0.0 0.0 0.0 0.0 0.0 0.0 0.0 0.489 0.467 0.467 0.467 1.0 0.111 0.244 0.040
0.0 1.0 0.0 0.0 0.0 0.0 0.0 0.0 0.0 0.0 0.533 0.422 0.422 0.422 1.0 0.111 0.231 0.040
0.0 0.0 0.0 1.0 0.0 0.0 0.0 0.0 0.0 0.0 0.511 0.289 0.489 0.343 2.0 0.208 0.295 1.000
0.0 0.0 0.0 1.0 0.0 0.0 0.0 0.0 0.0 0.0 0.556 0.244 0.444 0.299 2.0 0.208 0.308 1.000
0.0 1.0 0.0 0.0 0.0 0.0 0.0 0.0 0.0 0.0 0.489 0.311 0.511 0.383 1.0 0.472 0.167 0.720
1.0 0.0 0.0 0.0 0.0 0.0 0.0 0.0 0.0 0.0 0.489 0.311 0.511 0.394 1.0 0.333 0.167 0.640
0.0 0.0 1.0 0.0 0.0 0.0 0.0 0.0 0.0 0.0 0.533 0.267 0.467 0.368 2.0 0.833 0.410 0.520
0.0 0.0 1.0 0.0 0.0 0.0 0.0 0.0 0.0 0.0 0.533 0.267 0.467 0.364 2.0 0.639 0.410 0.520
0.0 0.0 1.0 0.0 0.0 0.0 0.0 0.0 0.0 0.0 0.533 0.267 0.467 0.353 2.0 0.875 0.410 0.600
0.0 0.0 1.0 0.0 0.0 0.0 0.0 0.0 0.0 0.0 0.533 0.267 0.467 0.384 2.0 0.361 0.410 0.440
1.0 0.0 0.0 0.0 0.0 0.0 0.0 0.0 0.0 0.0 0.556 0.244 0.444 0.299 1.0 0.139 0.295 1.000
1.0 0.0 0.0 0.0 0.0 0.0 0.0 0.0 0.0 0.0 0.556 0.333 0.333 0.333 1.0 0.139 0.295 0.040
1.0 0.0 0.0 0.0 0.0 0.0 0.0 0.0 0.0 0.0 0.533 0.267 0.467 0.321 1.0 0.139 0.295 1.000
1.0 0.0 0.0 0.0 0.0 0.0 0.0 0.0 0.0 0.0 0.533 0.356 0.356 0.356 1.0 0.139 0.295 0.040
1.0 0.0 0.0 0.0 0.0 0.0 0.0 0.0 0.0 0.0 0.578 0.222 0.422 0.276 1.0 0.139 0.308 1.000
0.0 1.0 0.0 0.0 0.0 0.0 0.0 0.0 0.0 0.0 0.600 0.289 0.289 0.289 2.0 0.111 0.321 0.040
1.0 0.0 0.0 0.0 0.0 0.0 0.0 0.0 0.0 0.0 0.578 0.311 0.311 0.311 1.0 0.111 0.308 0.040
0.0 0.0 0.0 1.0 0.0 0.0 0.0 0.0 0.0 0.0 0.578 0.311 0.311 0.311 2.0 0.125 0.321 0.040
0.0 1.0 0.0 0.0 0.0 0.0 0.0 0.0 0.0 0.0 0.578 0.311 0.311 0.311 1.0 0.097 0.295 0.040
0.0 0.0 0.0 1.0 0.0 0.0 0.0 0.0 0.0 0.0 0.578 0.222 0.422 0.276 2.0 0.139 0.308 1.000
0.0 1.0 0.0 0.0 0.0 0.0 0.0 0.0 0.0 0.0 0.578 0.222 0.422 0.276 2.0 0.097 0.308 1.000
0.0 0.0 0.0 1.0 0.0 0.0 0.0 0.0 0.0 0.0 0.556 0.333 0.333 0.333 2.0 0.125 0.321 0.040
0.0 1.0 0.0 0.0 0.0 0.0 0.0 0.0 0.0 0.0 0.556 0.333 0.333 0.333 1.0 0.097 0.295 0.040
0.0 0.0 0.0 1.0 0.0 0.0 0.0 0.0 0.0 0.0 0.556 0.244 0.444 0.299 2.0 0.139 0.321 1.000
0.0 1.0 0.0 0.0 0.0 0.0 0.0 0.0 0.0 0.0 0.556 0.244 0.444 0.299 1.0 0.097 0.295 1.000
0.0 0.0 0.0 1.0 0.0 0.0 0.0 0.0 0.0 0.0 0.622 0.267 0.267 0.267 2.0 0.125 0.333 0.040
0.0 1.0 0.0 0.0 0.0 0.0 0.0 0.0 0.0 0.0 0.622 0.267 0.267 0.267 1.0 0.097 0.321 0.040
0.0 0.0 0.0 1.0 0.0 0.0 0.0 0.0 0.0 0.0 0.600 0.200 0.400 0.254 2.0 0.139 0.321 1.000
0.0 1.0 0.0 0.0 0.0 0.0 0.0 0.0 0.0 0.0 0.600 0.200 0.400 0.254 1.0 0.097 0.308 1.000
0.0 1.0 0.0 0.0 0.0 0.0 0.0 0.0 0.0 0.0 0.622 0.267 0.267 0.267 2.0 0.097 0.321 0.040
0.0 0.0 0.0 1.0 0.0 0.0 0.0 0.0 0.0 0.0 0.600 0.289 0.289 0.289 2.0 0.111 0.308 0.040
0.0 0.0 0.0 1.0 0.0 0.0 0.0 0.0 0.0 0.0 0.600 0.200 0.400 0.254 2.0 0.139 0.321 1.000
0.0 0.0 0.0 1.0 0.0 0.0 0.0 0.0 0.0 0.0 0.578 0.311 0.311 0.311 2.0 0.125 0.321 0.040
0.0 0.0 0.0 1.0 0.0 0.0 0.0 0.0 0.0 0.0 0.578 0.222 0.422 0.276 2.0 0.139 0.321 1.000
0.0 0.0 0.0 1.0 0.0 0.0 0.0 0.0 0.0 0.0 0.644 0.244 0.244 0.244 2.0 0.125 0.333 0.040
0.0 0.0 0.0 1.0 0.0 0.0 0.0 0.0 0.0 0.0 0.622 0.178 0.378 0.232 2.0 0.139 0.321 1.000
0.0 0.0 0.0 1.0 0.0 0.0 0.0 0.0 0.0 0.0 0.644 0.244 0.244 0.244 2.0 0.111 0.333 0.040
0.0 0.0 0.0 1.0 0.0 0.0 0.0 0.0 0.0 0.0 0.622 0.178 0.378 0.232 2.0 0.181 0.321 1.000
0.0 0.0 0.0 1.0 0.0 0.0 0.0 0.0 0.0 0.0 0.600 0.289 0.289 0.289 2.0 0.125 0.321 0.040
0.0 0.0 0.0 1.0 0.0 0.0 0.0 0.0 0.0 0.0 0.600 0.200 0.400 0.254 2.0 0.194 0.321 1.000
0.0 0.0 0.0 1.0 0.0 0.0 0.0 0.0 0.0 0.0 0.667 0.222 0.222 0.222 2.0 0.125 0.333 0.040
0.0 0.0 0.0 1.0 0.0 0.0 0.0 0.0 0.0 0.0 0.644 0.156 0.356 0.210 2.0 0.194 0.321 1.000
0.0 1.0 0.0 0.0 0.0 0.0 0.0 0.0 0.0 0.0 0.667 0.222 0.222 0.222 1.0 0.125 0.333 0.040
0.0 1.0 0.0 0.0 0.0 0.0 0.0 0.0 0.0 0.0 0.622 0.267 0.267 0.267 1.0 0.139 0.321 0.040
0.0 1.0 0.0 0.0 0.0 0.0 0.0 0.0 0.0 0.0 0.689 0.200 0.200 0.200 1.0 0.125 0.333 0.040
0.0 1.0 0.0 0.0 0.0 0.0 0.0 0.0 0.0 0.0 0.644 0.156 0.356 0.243 1.0 0.389 0.321 0.600
1.0 0.0 0.0 0.0 0.0 0.0 0.0 0.0 0.0 0.0 0.644 0.156 0.356 0.225 1.0 0.417 0.321 0.760
0.0 1.0 0.0 0.0 0.0 0.0 0.0 0.0 0.0 0.0 0.622 0.178 0.378 0.272 1.0 0.333 0.321 0.480
0.0 0.0 1.0 0.0 0.0 0.0 0.0 0.0 0.0 0.0 0.622 0.178 0.378 0.242 2.0 0.486 0.333 0.840
0.0 1.0 0.0 0.0 0.0 0.0 0.0 0.0 0.0 0.0 0.667 0.133 0.333 0.227 1.0 0.361 0.321 0.560
0.0 0.0 1.0 0.0 0.0 0.0 0.0 0.0 0.0 0.0 0.667 0.133 0.333 0.199 2.0 0.458 0.346 0.800
0.0 0.0 0.0 1.0 0.0 0.0 0.0 0.0 0.0 0.0 0.733 0.156 0.156 0.156 4.0 0.292 0.846 0.040
0.0 0.0 1.0 0.0 0.0 0.0 0.0 0.0 0.0 0.0 0.711 0.178 0.178 0.178 4.0 0.236 0.705 0.040
0.0 0.0 1.0 0.0 0.0 0.0 0.0 0.0 0.0 0.0 0.511 0.378 0.378 0.378 2.0 0.153 0.269 0.040
1.0 0.0 0.0 0.0 0.0 0.0 0.0 0.0 0.0 0.0 0.644 0.156 0.356 0.244 1.0 0.375 0.333 0.520
1.0 0.0 0.0 0.0 0.0 0.0 0.0 0.0 0.0 0.0 0.644 0.156 0.356 0.239 1.0 0.528 0.333 0.640
1.0 0.0 0.0 0.0 0.0 0.0 0.0 0.0 0.0 0.0 0.689 0.111 0.311 0.203 1.0 0.375 0.346 0.560
1.0 0.0 0.0 0.0 0.0 0.0 0.0 0.0 0.0 0.0 0.689 0.111 0.311 0.194 1.0 0.458 0.346 0.560
0.0 0.0 1.0 0.0 0.0 0.0 0.0 0.0 0.0 0.0 0.667 0.133 0.333 0.238 2.0 0.722 0.410 0.440
0.0 0.0 1.0 0.0 0.0 0.0 0.0 0.0 0.0 0.0 0.667 0.133 0.333 0.241 2.0 0.542 0.410 0.480
0.0 0.0 1.0 0.0 0.0 0.0 0.0 0.0 0.0 0.0 0.667 0.133 0.333 0.218 2.0 0.847 0.410 0.600
0.0 0.0 1.0 0.0 0.0 0.0 0.0 0.0 0.0 0.0 0.667 0.133 0.333 0.234 2.0 0.597 0.410 0.520
0.0 0.0 1.0 0.0 0.0 0.0 0.0 0.0 0.0 0.0 0.756 0.133 0.133 0.133 4.0 0.167 0.859 0.040
0.0 0.0 1.0 0.0 0.0 0.0 0.0 0.0 0.0 0.0 0.644 0.244 0.244 0.244 2.0 0.125 0.346 0.040
0.0 0.0 1.0 0.0 0.0 0.0 0.0 0.0 0.0 0.0 0.644 0.156 0.356 0.250 2.0 0.528 0.333 0.480
0.0 0.0 1.0 0.0 0.0 0.0 0.0 0.0 0.0 0.0 0.689 0.200 0.200 0.200 2.0 0.125 0.346 0.040
0.0 0.0 1.0 0.0 0.0 0.0 0.0 0.0 0.0 0.0 0.689 0.111 0.311 0.205 2.0 0.597 0.346 0.560
0.0 0.0 0.0 1.0 0.0 0.0 0.0 0.0 0.0 0.0 0.733 0.156 0.267 0.208 4.0 0.639 0.846 0.320
0.0 0.0 1.0 0.0 0.0 0.0 0.0 0.0 0.0 0.0 0.711 0.178 0.289 0.231 2.0 0.306 0.551 0.320
0.0 0.0 0.0 1.0 0.0 0.0 0.0 0.0 0.0 0.0 0.733 0.156 0.267 0.208 4.0 0.639 0.846 0.320
0.0 0.0 1.0 0.0 0.0 0.0 0.0 0.0 0.0 0.0 0.711 0.178 0.289 0.231 2.0 0.306 0.551 0.320
0.0 0.0 0.0 1.0 0.0 0.0 0.0 0.0 0.0 0.0 0.733 0.156 0.267 0.208 4.0 0.583 0.846 0.320
0.0 0.0 1.0 0.0 0.0 0.0 0.0 0.0 0.0 0.0 0.711 0.178 0.289 0.231 2.0 0.306 0.551 0.320
0.0 0.0 0.0 1.0 0.0 0.0 0.0 0.0 0.0 0.0 0.733 0.156 0.267 0.208 4.0 0.611 0.846 0.320
0.0 0.0 1.0 0.0 0.0 0.0 0.0 0.0 0.0 0.0 0.711 0.178 0.289 0.231 2.0 0.306 0.551 0.320
0.0 0.0 0.0 1.0 0.0 0.0 0.0 0.0 0.0 0.0 0.733 0.156 0.267 0.208 4.0 0.542 0.846 0.320
0.0 0.0 1.0 0.0 0.0 0.0 0.0 0.0 0.0 0.0 0.711 0.178 0.289 0.231 2.0 0.458 0.551 0.320
0.0 0.0 0.0 1.0 0.0 0.0 0.0 0.0 0.0 0.0 0.733 0.156 0.267 0.208 4.0 0.639 0.846 0.320
0.0 0.0 1.0 0.0 0.0 0.0 0.0 0.0 0.0 0.0 0.711 0.178 0.289 0.231 2.0 0.472 0.551 0.320
0.0 0.0 0.0 1.0 0.0 0.0 0.0 0.0 0.0 0.0 0.733 0.156 0.267 0.208 4.0 0.611 0.846 0.320
0.0 0.0 1.0 0.0 0.0 0.0 0.0 0.0 0.0 0.0 0.711 0.178 0.289 0.231 2.0 0.472 0.551 0.320
0.0 0.0 1.0 0.0 0.0 0.0 0.0 0.0 0.0 0.0 0.733 0.067 0.067 0.067 4.0 0.653 0.846 0.040
0.0 0.0 1.0 0.0 0.0 0.0 0.0 0.0 0.0 0.0 0.711 0.089 0.089 0.089 2.0 0.306 0.551 0.040
0.0 0.0 1.0 0.0 0.0 0.0 0.0 0.0 0.0 0.0 0.733 0.067 0.067 0.067 4.0 0.653 0.846 0.040
0.0 0.0 1.0 0.0 0.0 0.0 0.0 0.0 0.0 0.0 0.711 0.089 0.089 0.089 2.0 0.306 0.551 0.040
0.0 0.0 1.0 0.0 0.0 0.0 0.0 0.0 0.0 0.0 0.733 0.067 0.067 0.067 4.0 0.597 0.846 0.040
0.0 0.0 1.0 0.0 0.0 0.0 0.0 0.0 0.0 0.0 0.711 0.089 0.089 0.089 2.0 0.306 0.551 0.040
0.0 0.0 1.0 0.0 0.0 0.0 0.0 0.0 0.0 0.0 0.756 0.067 0.067 0.067 4.0 0.611 0.859 0.040
0.0 1.0 0.0 0.0 0.0 0.0 0.0 0.0 0.0 0.0 0.733 0.089 0.089 0.089 2.0 0.139 0.564 0.040
0.0 0.0 1.0 0.0 0.0 0.0 0.0 0.0 0.0 0.0 0.711 0.111 0.111 0.111 2.0 0.250 0.551 0.040
0.0 0.0 1.0 0.0 0.0 0.0 0.0 0.0 0.0 0.0 0.733 0.067 0.067 0.067 4.0 0.556 0.846 0.040
0.0 0.0 1.0 0.0 0.0 0.0 0.0 0.0 0.0 0.0 0.711 0.089 0.089 0.089 2.0 0.458 0.551 0.040
0.0 0.0 1.0 0.0 0.0 0.0 0.0 0.0 0.0 0.0 0.733 0.067 0.067 0.067 4.0 0.583 0.846 0.040
0.0 0.0 1.0 0.0 0.0 0.0 0.0 0.0 0.0 0.0 0.711 0.089 0.089 0.089 2.0 0.472 0.551 0.040
0.0 0.0 1.0 0.0 0.0 0.0 0.0 0.0 0.0 0.0 0.733 0.089 0.089 0.089 4.0 0.556 0.846 0.040
0.0 0.0 1.0 0.0 0.0 0.0 0.0 0.0 0.0 0.0 0.711 0.111 0.111 0.111 2.0 0.472 0.551 0.040
0.0 0.0 0.0 1.0 0.0 0.0 0.0 0.0 0.0 0.0 0.733 0.156 0.267 0.208 4.0 0.639 0.846 0.320
0.0 0.0 1.0 0.0 0.0 0.0 0.0 0.0 0.0 0.0 0.711 0.178 0.289 0.231 2.0 0.486 0.551 0.320
0.0 0.0 0.0 1.0 0.0 0.0 0.0 0.0 0.0 0.0 0.733 0.156 0.267 0.208 4.0 0.583 0.846 0.320
0.0 0.0 1.0 0.0 0.0 0.0 0.0 0.0 0.0 0.0 0.711 0.178 0.289 0.231 2.0 0.458 0.551 0.320
0.0 0.0 0.0 1.0 0.0 0.0 0.0 0.0 0.0 0.0 0.733 0.156 0.267 0.208 4.0 0.681 0.846 0.320
0.0 0.0 1.0 0.0 0.0 0.0 0.0 0.0 0.0 0.0 0.711 0.178 0.289 0.231 2.0 0.458 0.551 0.320
0.0 1.0 0.0 0.0 0.0 0.0 0.0 0.0 0.0 0.0 0.756 0.133 0.244 0.186 2.0 0.208 0.859 0.320
0.0 0.0 0.0 1.0 0.0 0.0 0.0 0.0 0.0 0.0 0.733 0.156 0.267 0.208 4.0 0.542 0.846 0.320
0.0 0.0 1.0 0.0 0.0 0.0 0.0 0.0 0.0 0.0 0.711 0.178 0.289 0.231 2.0 0.444 0.551 0.320
0.0 0.0 0.0 1.0 0.0 0.0 0.0 0.0 0.0 0.0 0.733 0.156 0.267 0.208 4.0 0.556 0.846 0.320
0.0 0.0 1.0 0.0 0.0 0.0 0.0 0.0 0.0 0.0 0.711 0.178 0.289 0.231 2.0 0.458 0.551 0.320
0.0 0.0 0.0 1.0 0.0 0.0 0.0 0.0 0.0 0.0 0.733 0.156 0.267 0.208 4.0 0.583 0.846 0.320
0.0 0.0 1.0 0.0 0.0 0.0 0.0 0.0 0.0 0.0 0.711 0.178 0.289 0.231 2.0 0.403 0.551 0.320
0.0 0.0 0.0 1.0 0.0 0.0 0.0 0.0 0.0 0.0 0.733 0.156 0.267 0.208 4.0 0.583 0.846 0.320
0.0 0.0 1.0 0.0 0.0 0.0 0.0 0.0 0.0 0.0 0.711 0.178 0.289 0.231 2.0 0.403 0.551 0.320
0.0 0.0 0.0 1.0 0.0 0.0 0.0 0.0 0.0 0.0 0.733 0.156 0.267 0.208 4.0 0.611 0.846 0.320
0.0 0.0 1.0 0.0 0.0 0.0 0.0 0.0 0.0 0.0 0.711 0.178 0.289 0.231 2.0 0.403 0.551 0.320
0.0 0.0 0.0 1.0 0.0 0.0 0.0 0.0 0.0 0.0 0.733 0.156 0.267 0.208 4.0 0.556 0.846 0.320
0.0 0.0 1.0 0.0 0.0 0.0 0.0 0.0 0.0 0.0 0.711 0.178 0.289 0.231 2.0 0.403 0.551 0.320
0.0 0.0 0.0 1.0 0.0 0.0 0.0 0.0 0.0 0.0 0.733 0.156 0.156 0.156 4.0 0.514 0.833 0.040
0.0 0.0 1.0 0.0 0.0 0.0 0.0 0.0 0.0 0.0 0.711 0.178 0.178 0.178 2.0 0.444 0.551 0.040
0.0 0.0 0.0 1.0 0.0 0.0 0.0 0.0 0.0 0.0 0.756 0.133 0.133 0.133 4.0 0.500 0.846 0.040
0.0 1.0 0.0 0.0 0.0 0.0 0.0 0.0 0.0 0.0 0.733 0.156 0.156 0.156 2.0 0.125 0.564 0.040
0.0 0.0 1.0 0.0 0.0 0.0 0.0 0.0 0.0 0.0 0.711 0.178 0.178 0.178 2.0 0.347 0.551 0.040
0.0 0.0 0.0 1.0 0.0 0.0 0.0 0.0 0.0 0.0 0.733 0.156 0.156 0.156 4.0 0.583 0.833 0.040
0.0 0.0 1.0 0.0 0.0 0.0 0.0 0.0 0.0 0.0 0.711 0.178 0.178 0.178 2.0 0.514 0.551 0.040
0.0 0.0 0.0 1.0 0.0 0.0 0.0 0.0 0.0 0.0 0.733 0.156 0.156 0.156 4.0 0.556 0.833 0.040
0.0 0.0 1.0 0.0 0.0 0.0 0.0 0.0 0.0 0.0 0.711 0.178 0.178 0.178 2.0 0.514 0.551 0.040
0.0 1.0 0.0 0.0 0.0 0.0 0.0 0.0 0.0 0.0 0.778 0.111 0.111 0.111 2.0 0.153 0.859 0.040
0.0 0.0 0.0 1.0 0.0 0.0 0.0 0.0 0.0 0.0 0.756 0.133 0.133 0.133 4.0 0.472 0.846 0.040
0.0 1.0 0.0 0.0 0.0 0.0 0.0 0.0 0.0 0.0 0.733 0.156 0.156 0.156 2.0 0.125 0.564 0.040
0.0 0.0 1.0 0.0 0.0 0.0 0.0 0.0 0.0 0.0 0.711 0.178 0.178 0.178 2.0 0.472 0.551 0.040
0.0 0.0 0.0 1.0 0.0 0.0 0.0 0.0 0.0 0.0 0.733 0.156 0.156 0.156 4.0 0.500 0.833 0.040
0.0 0.0 1.0 0.0 0.0 0.0 0.0 0.0 0.0 0.0 0.711 0.178 0.178 0.178 2.0 0.514 0.551 0.040
0.0 0.0 0.0 1.0 0.0 0.0 0.0 0.0 0.0 0.0 0.733 0.156 0.156 0.156 4.0 0.542 0.833 0.040
0.0 0.0 1.0 0.0 0.0 0.0 0.0 0.0 0.0 0.0 0.711 0.178 0.178 0.178 2.0 0.347 0.551 0.040
0.0 0.0 0.0 1.0 0.0 0.0 0.0 0.0 0.0 0.0 0.733 0.156 0.156 0.156 4.0 0.542 0.846 0.040
0.0 0.0 1.0 0.0 0.0 0.0 0.0 0.0 0.0 0.0 0.711 0.178 0.178 0.178 2.0 0.375 0.564 0.040
0.0 0.0 1.0 0.0 0.0 0.0 0.0 0.0 0.0 0.0 0.733 0.067 0.067 0.067 4.0 0.653 0.846 0.040
0.0 0.0 1.0 0.0 0.0 0.0 0.0 0.0 0.0 0.0 0.711 0.089 0.089 0.089 2.0 0.486 0.551 0.040
0.0 0.0 1.0 0.0 0.0 0.0 0.0 0.0 0.0 0.0 0.733 0.067 0.067 0.067 4.0 0.597 0.846 0.040
0.0 0.0 1.0 0.0 0.0 0.0 0.0 0.0 0.0 0.0 0.711 0.089 0.089 0.089 2.0 0.458 0.551 0.040
0.0 1.0 0.0 0.0 0.0 0.0 0.0 0.0 0.0 0.0 0.756 0.067 0.067 0.067 2.0 0.153 0.859 0.040
0.0 0.0 1.0 0.0 0.0 0.0 0.0 0.0 0.0 0.0 0.733 0.089 0.089 0.089 4.0 0.597 0.846 0.040
0.0 0.0 1.0 0.0 0.0 0.0 0.0 0.0 0.0 0.0 0.711 0.111 0.111 0.111 2.0 0.444 0.551 0.040
0.0 0.0 1.0 0.0 0.0 0.0 0.0 0.0 0.0 0.0 0.756 0.067 0.067 0.067 4.0 0.556 0.859 0.040
0.0 1.0 0.0 0.0 0.0 0.0 0.0 0.0 0.0 0.0 0.733 0.089 0.089 0.089 2.0 0.139 0.564 0.040
0.0 0.0 1.0 0.0 0.0 0.0 0.0 0.0 0.0 0.0 0.711 0.111 0.111 0.111 2.0 0.403 0.551 0.040
0.0 0.0 1.0 0.0 0.0 0.0 0.0 0.0 0.0 0.0 0.733 0.067 0.067 0.067 4.0 0.569 0.846 0.040
0.0 0.0 1.0 0.0 0.0 0.0 0.0 0.0 0.0 0.0 0.711 0.089 0.089 0.089 2.0 0.458 0.551 0.040
0.0 0.0 1.0 0.0 0.0 0.0 0.0 0.0 0.0 0.0 0.733 0.067 0.067 0.067 4.0 0.597 0.846 0.040
0.0 0.0 1.0 0.0 0.0 0.0 0.0 0.0 0.0 0.0 0.711 0.089 0.089 0.089 2.0 0.403 0.551 0.040
0.0 0.0 1.0 0.0 0.0 0.0 0.0 0.0 0.0 0.0 0.733 0.067 0.067 0.067 4.0 0.597 0.846 0.040
0.0 0.0 1.0 0.0 0.0 0.0 0.0 0.0 0.0 0.0 0.711 0.089 0.089 0.089 2.0 0.403 0.551 0.040
0.0 0.0 1.0 0.0 0.0 0.0 0.0 0.0 0.0 0.0 0.733 0.067 0.067 0.067 4.0 0.625 0.846 0.040
0.0 0.0 1.0 0.0 0.0 0.0 0.0 0.0 0.0 0.0 0.711 0.089 0.089 0.089 2.0 0.403 0.551 0.040
0.0 0.0 1.0 0.0 0.0 0.0 0.0 0.0 0.0 0.0 0.733 0.067 0.067 0.067 4.0 0.569 0.846 0.040
0.0 0.0 1.0 0.0 0.0 0.0 0.0 0.0 0.0 0.0 0.711 0.089 0.089 0.089 2.0 0.403 0.551 0.040
0.0 0.0 0.0 1.0 0.0 0.0 0.0 0.0 0.0 0.0 0.756 0.044 0.044 0.044 2.0 0.153 0.846 0.040
0.0 1.0 0.0 0.0 0.0 0.0 0.0 0.0 0.0 0.0 0.756 0.044 0.044 0.044 1.0 0.139 0.846 0.040
0.0 0.0 0.0 1.0 0.0 0.0 0.0 0.0 0.0 0.0 0.756 0.044 0.044 0.044 2.0 0.153 0.846 0.040
0.0 1.0 0.0 0.0 0.0 0.0 0.0 0.0 0.0 0.0 0.756 0.044 0.044 0.044 1.0 0.139 0.846 0.040
0.0 0.0 0.0 1.0 0.0 0.0 0.0 0.0 0.0 0.0 0.756 0.044 0.044 0.044 2.0 0.153 0.846 0.040
0.0 1.0 0.0 0.0 0.0 0.0 0.0 0.0 0.0 0.0 0.756 0.044 0.044 0.044 1.0 0.139 0.846 0.040
0.0 0.0 0.0 1.0 0.0 0.0 0.0 0.0 0.0 0.0 0.778 0.044 0.044 0.044 2.0 0.153 0.859 0.040
0.0 1.0 0.0 0.0 0.0 0.0 0.0 0.0 0.0 0.0 0.778 0.044 0.044 0.044 1.0 0.139 0.859 0.040
0.0 0.0 0.0 1.0 0.0 0.0 0.0 0.0 0.0 0.0 0.756 0.044 0.044 0.044 2.0 0.153 0.846 0.040
0.0 1.0 0.0 0.0 0.0 0.0 0.0 0.0 0.0 0.0 0.756 0.044 0.044 0.044 1.0 0.139 0.846 0.040
0.0 0.0 0.0 1.0 0.0 0.0 0.0 0.0 0.0 0.0 0.756 0.044 0.044 0.044 2.0 0.153 0.846 0.040
0.0 1.0 0.0 0.0 0.0 0.0 0.0 0.0 0.0 0.0 0.756 0.044 0.044 0.044 1.0 0.139 0.846 0.040
0.0 0.0 0.0 1.0 0.0 0.0 0.0 0.0 0.0 0.0 0.756 0.067 0.067 0.067 2.0 0.167 0.846 0.040
0.0 1.0 0.0 0.0 0.0 0.0 0.0 0.0 0.0 0.0 0.756 0.067 0.067 0.067 1.0 0.139 0.846 0.040
0.0 0.0 1.0 0.0 0.0 0.0 0.0 0.0 0.0 0.0 0.822 0.067 0.067 0.067 4.0 0.278 0.885 0.040
0.0 0.0 1.0 0.0 0.0 0.0 0.0 0.0 0.0 0.0 0.800 0.089 0.089 0.089 4.0 0.278 0.859 0.040
0.0 0.0 1.0 0.0 0.0 0.0 0.0 0.0 0.0 0.0 0.778 0.111 0.111 0.111 2.0 0.181 0.846 0.040
0.0 0.0 0.0 1.0 0.0 0.0 0.0 0.0 0.0 0.0 0.778 0.022 0.022 0.022 2.0 0.097 0.846 0.040
0.0 0.0 0.0 1.0 0.0 0.0 0.0 0.0 0.0 0.0 0.778 0.022 0.022 0.022 2.0 0.097 0.846 0.040
0.0 0.0 0.0 1.0 0.0 0.0 0.0 0.0 0.0 0.0 0.778 0.022 0.022 0.022 2.0 0.097 0.846 0.040
0.0 0.0 0.0 1.0 0.0 0.0 0.0 0.0 0.0 0.0 0.800 0.022 0.022 0.022 2.0 0.097 0.859 0.040
0.0 0.0 0.0 1.0 0.0 0.0 0.0 0.0 0.0 0.0 0.756 0.044 0.044 0.044 2.0 0.153 0.846 0.040
0.0 1.0 0.0 0.0 0.0 0.0 0.0 0.0 0.0 0.0 0.756 0.044 0.044 0.044 1.0 0.139 0.846 0.040
0.0 0.0 0.0 1.0 0.0 0.0 0.0 0.0 0.0 0.0 0.756 0.044 0.044 0.044 2.0 0.153 0.846 0.040
0.0 1.0 0.0 0.0 0.0 0.0 0.0 0.0 0.0 0.0 0.756 0.044 0.044 0.044 1.0 0.139 0.846 0.040
0.0 0.0 0.0 1.0 0.0 0.0 0.0 0.0 0.0 0.0 0.778 0.044 0.044 0.044 2.0 0.111 0.872 0.040
0.0 1.0 0.0 0.0 0.0 0.0 0.0 0.0 0.0 0.0 0.778 0.044 0.044 0.044 1.0 0.097 0.859 0.040
0.0 0.0 0.0 1.0 0.0 0.0 0.0 0.0 0.0 0.0 0.778 0.044 0.044 0.044 2.0 0.153 0.859 0.040
0.0 1.0 0.0 0.0 0.0 0.0 0.0 0.0 0.0 0.0 0.778 0.044 0.044 0.044 1.0 0.139 0.859 0.040
0.0 0.0 0.0 1.0 0.0 0.0 0.0 0.0 0.0 0.0 0.756 0.044 0.044 0.044 2.0 0.153 0.846 0.040
0.0 1.0 0.0 0.0 0.0 0.0 0.0 0.0 0.0 0.0 0.756 0.044 0.044 0.044 1.0 0.139 0.846 0.040
0.0 0.0 0.0 1.0 0.0 0.0 0.0 0.0 0.0 0.0 0.778 0.022 0.022 0.022 2.0 0.097 0.846 0.040
0.0 0.0 0.0 1.0 0.0 0.0 0.0 0.0 0.0 0.0 0.756 0.044 0.044 0.044 2.0 0.153 0.846 0.040
0.0 1.0 0.0 0.0 0.0 0.0 0.0 0.0 0.0 0.0 0.756 0.044 0.044 0.044 1.0 0.139 0.846 0.040
0.0 0.0 0.0 1.0 0.0 0.0 0.0 0.0 0.0 0.0 0.756 0.044 0.044 0.044 2.0 0.153 0.846 0.040
0.0 1.0 0.0 0.0 0.0 0.0 0.0 0.0 0.0 0.0 0.756 0.044 0.044 0.044 1.0 0.139 0.846 0.040
0.0 0.0 0.0 1.0 0.0 0.0 0.0 0.0 0.0 0.0 0.756 0.044 0.044 0.044 2.0 0.153 0.846 0.040
0.0 1.0 0.0 0.0 0.0 0.0 0.0 0.0 0.0 0.0 0.756 0.044 0.044 0.044 1.0 0.139 0.846 0.040
0.0 0.0 0.0 1.0 0.0 0.0 0.0 0.0 0.0 0.0 0.756 0.044 0.044 0.044 2.0 0.153 0.859 0.040
0.0 1.0 0.0 0.0 0.0 0.0 0.0 0.0 0.0 0.0 0.756 0.044 0.044 0.044 1.0 0.139 0.846 0.040
0.0 0.0 0.0 1.0 0.0 0.0 0.0 0.0 0.0 0.0 0.778 0.022 0.022 0.022 2.0 0.097 0.846 0.040
0.0 0.0 0.0 1.0 0.0 0.0 0.0 0.0 0.0 0.0 0.778 0.044 0.044 0.044 2.0 0.111 0.846 0.040
0.0 0.0 0.0 1.0 0.0 0.0 0.0 0.0 0.0 0.0 0.778 0.156 0.156 0.156 4.0 0.292 0.859 0.040
0.0 0.0 1.0 0.0 0.0 0.0 0.0 0.0 0.0 0.0 0.756 0.178 0.178 0.178 4.0 0.306 0.846 0.040
0.0 0.0 1.0 0.0 0.0 0.0 0.0 0.0 0.0 0.0 0.756 0.178 0.178 0.178 2.0 0.222 0.846 0.040
0.0 0.0 0.0 1.0 0.0 0.0 0.0 0.0 0.0 0.0 0.778 0.156 0.156 0.156 4.0 0.319 0.846 0.040
0.0 0.0 1.0 0.0 0.0 0.0 0.0 0.0 0.0 0.0 0.756 0.178 0.178 0.178 4.0 0.306 0.846 0.040
0.0 0.0 1.0 0.0 0.0 0.0 0.0 0.0 0.0 0.0 0.756 0.178 0.178 0.178 2.0 0.222 0.846 0.040
0.0 1.0 0.0 0.0 0.0 0.0 0.0 0.0 0.0 0.0 0.800 0.089 0.200 0.143 2.0 0.236 0.872 0.280
0.0 0.0 1.0 0.0 0.0 0.0 0.0 0.0 0.0 0.0 0.778 0.111 0.222 0.165 4.0 0.278 0.859 0.280
0.0 0.0 1.0 0.0 0.0 0.0 0.0 0.0 0.0 0.0 0.756 0.133 0.244 0.187 4.0 0.306 0.846 0.280
0.0 0.0 1.0 0.0 0.0 0.0 0.0 0.0 0.0 0.0 0.756 0.133 0.244 0.187 2.0 0.222 0.846 0.280
0.0 0.0 1.0 0.0 0.0 0.0 0.0 0.0 0.0 0.0 0.778 0.111 0.222 0.165 4.0 0.417 0.846 0.280
0.0 0.0 1.0 0.0 0.0 0.0 0.0 0.0 0.0 0.0 0.756 0.133 0.244 0.187 4.0 0.319 0.846 0.280
0.0 0.0 1.0 0.0 0.0 0.0 0.0 0.0 0.0 0.0 0.756 0.133 0.244 0.187 2.0 0.236 0.846 0.280
0.0 0.0 0.0 1.0 0.0 0.0 0.0 0.0 0.0 1.0 0.800 0.000 0.000 0.000 2.0 0.097 0.846 0.040
0.0 0.0 0.0 1.0 0.0 0.0 0.0 0.0 0.0 1.0 0.800 0.000 0.000 0.000 2.0 0.097 0.846 0.040
0.0 0.0 0.0 1.0 0.0 0.0 0.0 0.0 0.0 1.0 0.800 0.000 0.000 0.000 2.0 0.097 0.846 0.040
0.0 0.0 0.0 1.0 0.0 0.0 0.0 0.0 0.0 1.0 0.822 0.000 0.000 0.000 2.0 0.097 0.859 0.040
0.0 0.0 0.0 1.0 0.0 0.0 0.0 0.0 0.0 0.0 0.778 0.022 0.022 0.022 2.0 0.097 0.846 0.040
0.0 0.0 0.0 1.0 0.0 0.0 0.0 0.0 0.0 0.0 0.778 0.022 0.022 0.022 2.0 0.097 0.846 0.040
0.0 0.0 0.0 1.0 0.0 0.0 0.0 0.0 0.0 0.0 0.800 0.022 0.022 0.022 2.0 0.097 0.859 0.040
0.0 0.0 0.0 1.0 0.0 0.0 0.0 0.0 0.0 0.0 0.800 0.022 0.022 0.022 2.0 0.097 0.859 0.040
0.0 0.0 0.0 1.0 0.0 0.0 0.0 0.0 0.0 0.0 0.778 0.022 0.022 0.022 2.0 0.097 0.846 0.040
0.0 0.0 0.0 1.0 0.0 0.0 0.0 0.0 0.0 1.0 0.800 0.000 0.000 0.000 2.0 0.097 0.846 0.040
0.0 0.0 0.0 1.0 0.0 0.0 0.0 0.0 0.0 0.0 0.778 0.022 0.022 0.022 2.0 0.097 0.846 0.040
0.0 0.0 0.0 1.0 0.0 0.0 0.0 0.0 0.0 0.0 0.778 0.022 0.022 0.022 2.0 0.097 0.846 0.040
0.0 0.0 0.0 1.0 0.0 0.0 0.0 0.0 0.0 0.0 0.778 0.022 0.022 0.022 2.0 0.097 0.846 0.040
0.0 0.0 0.0 1.0 0.0 0.0 0.0 0.0 0.0 0.0 0.778 0.022 0.022 0.022 2.0 0.097 0.846 0.040
0.0 0.0 0.0 1.0 0.0 0.0 0.0 0.0 0.0 1.0 0.800 0.000 0.000 0.000 2.0 0.097 0.846 0.040
0.0 1.0 0.0 0.0 0.0 0.0 0.0 0.0 0.0 1.0 0.822 0.000 0.000 0.000 2.0 0.056 0.859 0.040
0.0 0.0 0.0 1.0 0.0 0.0 0.0 0.0 0.0 0.0 0.800 0.022 0.022 0.022 2.0 0.111 0.846 0.040
0.0 0.0 1.0 0.0 0.0 0.0 0.0 0.0 0.0 0.0 0.800 0.133 0.133 0.133 2.0 0.167 0.859 0.040
0.0 0.0 1.0 0.0 0.0 0.0 0.0 0.0 0.0 0.0 0.800 0.133 0.133 0.133 2.0 0.167 0.846 0.040
0.0 0.0 0.0 1.0 0.0 0.0 0.0 0.0 0.0 1.0 0.800 0.000 0.000 0.000 2.0 0.097 0.846 0.040
0.0 0.0 0.0 1.0 0.0 0.0 0.0 0.0 0.0 1.0 0.800 0.000 0.000 0.000 2.0 0.097 0.846 0.040
0.0 0.0 0.0 1.0 0.0 0.0 0.0 0.0 0.0 1.0 0.822 0.000 0.000 0.000 2.0 0.097 0.872 0.040
0.0 0.0 0.0 1.0 0.0 0.0 0.0 0.0 0.0 1.0 0.822 0.000 0.000 0.000 2.0 0.097 0.859 0.040
0.0 0.0 0.0 1.0 0.0 0.0 0.0 0.0 0.0 1.0 0.800 0.000 0.000 0.000 2.0 0.097 0.846 0.040
0.0 0.0 0.0 1.0 0.0 0.0 0.0 0.0 0.0 1.0 0.800 0.000 0.000 0.000 2.0 0.097 0.846 0.040
0.0 0.0 0.0 1.0 0.0 0.0 0.0 0.0 0.0 1.0 0.800 0.000 0.000 0.000 2.0 0.097 0.846 0.040
0.0 0.0 0.0 1.0 0.0 0.0 0.0 0.0 0.0 1.0 0.800 0.000 0.000 0.000 2.0 0.097 0.846 0.040
0.0 0.0 0.0 1.0 0.0 0.0 0.0 0.0 0.0 1.0 0.800 0.000 0.000 0.000 2.0 0.097 0.859 0.040
0.0 0.0 1.0 0.0 0.0 0.0 0.0 0.0 0.0 0.0 0.844 0.044 0.044 0.044 3.0 0.250 0.936 0.040
0.0 0.0 0.0 1.0 0.0 0.0 0.0 0.0 0.0 0.0 0.822 0.111 0.178 0.130 2.0 0.417 0.885 0.240
0.0 0.0 1.0 0.0 0.0 0.0 0.0 0.0 1.0 0.0 0.867 0.022 0.022 0.022 4.0 0.208 1.000 0.040
0.0 0.0 0.0 1.0 0.0 0.0 0.0 0.0 0.0 0.0 0.822 0.111 0.111 0.111 2.0 0.153 0.859 0.040
0.0 1.0 0.0 0.0 0.0 0.0 0.0 0.0 0.0 0.0 0.822 0.111 0.111 0.111 1.0 0.111 0.859 0.040
0.0 0.0 0.0 1.0 0.0 0.0 0.0 0.0 0.0 0.0 0.822 0.111 0.111 0.111 2.0 0.153 0.885 0.040
0.0 1.0 0.0 0.0 0.0 0.0 0.0 0.0 0.0 0.0 0.822 0.111 0.111 0.111 1.0 0.111 0.846 0.040
0.0 0.0 0.0 0.0 0.0 1.0 0.0 0.0 0.0 1.0 0.889 0.000 0.000 0.000 2.0 0.097 1.000 0.040
0.0 0.0 1.0 0.0 0.0 0.0 0.0 0.0 0.0 0.0 0.844 0.111 0.111 0.111 3.0 0.236 0.885 0.040
0.0 0.0 1.0 0.0 0.0 0.0 0.0 0.0 1.0 0.0 0.844 0.111 0.111 0.111 3.0 0.208 0.885 0.040
0.0 0.0 1.0 0.0 0.0 0.0 0.0 0.0 1.0 0.0 0.844 0.089 0.089 0.089 3.0 0.208 0.885 0.040
0.0 0.0 1.0 0.0 0.0 0.0 0.0 0.0 1.0 0.0 0.844 0.089 0.089 0.089 3.0 0.208 0.885 0.040
0.0 0.0 1.0 0.0 0.0 0.0 0.0 0.0 0.0 0.0 0.844 0.089 0.089 0.089 3.0 0.236 0.885 0.040
0.0 0.0 0.0 1.0 0.0 0.0 0.0 0.0 0.0 0.0 0.844 0.089 0.089 0.089 2.0 0.153 0.859 0.040
0.0 0.0 0.0 1.0 0.0 0.0 0.0 0.0 0.0 0.0 0.844 0.089 0.089 0.089 2.0 0.153 0.885 0.040
0.0 0.0 1.0 0.0 0.0 0.0 0.0 0.0 1.0 0.0 0.844 0.156 0.156 0.156 3.0 0.208 0.885 0.040
0.0 0.0 0.0 1.0 0.0 0.0 0.0 0.0 0.0 0.0 0.867 0.067 0.067 0.067 2.0 0.167 0.859 0.040
0.0 0.0 0.0 1.0 0.0 0.0 0.0 0.0 0.0 0.0 0.867 0.067 0.067 0.067 2.0 0.167 0.885 0.040
0.0 0.0 0.0 1.0 0.0 0.0 0.0 0.0 0.0 0.0 0.867 0.089 0.089 0.089 2.0 0.153 0.885 0.040
0.0 0.0 0.0 1.0 0.0 0.0 0.0 0.0 0.0 0.0 0.867 0.089 0.089 0.089 2.0 0.139 0.910 0.040
0.0 0.0 0.0 1.0 0.0 0.0 0.0 0.0 0.0 0.0 0.867 0.067 0.067 0.067 2.0 0.139 0.885 0.040
0.0 0.0 0.0 1.0 0.0 0.0 0.0 0.0 0.0 0.0 0.867 0.067 0.067 0.067 2.0 0.139 0.885 0.040
0.0 0.0 0.0 1.0 0.0 0.0 0.0 0.0 0.0 0.0 0.867 0.067 0.067 0.067 2.0 0.153 0.897 0.040
0.0 1.0 0.0 0.0 0.0 0.0 0.0 0.0 0.0 0.0 0.867 0.089 0.089 0.089 1.0 0.125 0.885 0.040
0.0 1.0 0.0 0.0 0.0 0.0 0.0 0.0 0.0 0.0 0.867 0.089 0.089 0.089 1.0 0.111 0.885 0.040
0.0 1.0 0.0 0.0 0.0 0.0 0.0 0.0 0.0 0.0 0.867 0.067 0.067 0.067 1.0 0.111 0.885 0.040
0.0 1.0 0.0 0.0 0.0 0.0 0.0 0.0 0.0 0.0 0.867 0.067 0.067 0.067 2.0 0.111 0.897 0.040
0.0 1.0 0.0 0.0 0.0 0.0 0.0 0.0 0.0 0.0 0.867 0.067 0.067 0.067 2.0 0.125 0.897 0.040
0.0 1.0 0.0 0.0 0.0 0.0 0.0 0.0 0.0 0.0 0.867 0.133 0.133 0.133 1.0 0.111 0.885 0.040
0.0 0.0 0.0 1.0 0.0 0.0 0.0 0.0 0.0 0.0 0.867 0.133 0.133 0.133 2.0 0.153 0.910 0.040
0.0 0.0 0.0 1.0 0.0 0.0 0.0 0.0 0.0 0.0 0.889 0.067 0.067 0.067 2.0 0.139 0.885 0.040
0.0 0.0 0.0 1.0 0.0 0.0 0.0 0.0 0.0 0.0 0.889 0.067 0.067 0.067 2.0 0.139 0.910 0.040
0.0 0.0 0.0 1.0 0.0 0.0 0.0 0.0 0.0 0.0 0.889 0.044 0.044 0.044 2.0 0.125 0.885 0.040
0.0 0.0 0.0 1.0 0.0 0.0 0.0 0.0 0.0 0.0 0.889 0.044 0.044 0.044 2.0 0.125 0.897 0.040
0.0 0.0 0.0 1.0 0.0 0.0 0.0 0.0 0.0 0.0 0.889 0.044 0.044 0.044 2.0 0.125 0.897 0.040
0.0 0.0 0.0 1.0 0.0 0.0 0.0 0.0 0.0 0.0 0.889 0.044 0.044 0.044 2.0 0.125 0.872 0.040
0.0 1.0 0.0 0.0 0.0 0.0 0.0 0.0 0.0 0.0 0.889 0.044 0.044 0.044 1.0 0.111 0.859 0.040
0.0 0.0 0.0 1.0 0.0 0.0 0.0 0.0 0.0 0.0 0.889 0.044 0.044 0.044 2.0 0.125 0.885 0.040
0.0 1.0 0.0 0.0 0.0 0.0 0.0 0.0 0.0 0.0 0.889 0.044 0.044 0.044 1.0 0.111 0.885 0.040
0.0 0.0 0.0 1.0 0.0 0.0 0.0 0.0 0.0 0.0 0.889 0.111 0.111 0.111 2.0 0.139 0.910 0.040
0.0 1.0 0.0 0.0 0.0 0.0 0.0 0.0 0.0 0.0 0.933 0.022 0.022 0.022 2.0 0.083 0.897 0.040
0.0 0.0 0.0 1.0 0.0 0.0 0.0 0.0 0.0 0.0 0.911 0.044 0.044 0.044 2.0 0.125 0.885 0.040
0.0 0.0 0.0 1.0 0.0 0.0 0.0 0.0 0.0 0.0 0.911 0.044 0.044 0.044 2.0 0.139 0.910 0.040
0.0 0.0 0.0 1.0 0.0 0.0 0.0 0.0 0.0 0.0 0.911 0.022 0.022 0.022 2.0 0.125 0.885 0.040
0.0 0.0 0.0 1.0 0.0 0.0 0.0 0.0 0.0 0.0 0.911 0.022 0.022 0.022 2.0 0.125 0.897 0.040
0.0 0.0 0.0 1.0 0.0 0.0 0.0 0.0 0.0 0.0 0.911 0.022 0.022 0.022 2.0 0.125 0.910 0.040
0.0 0.0 0.0 1.0 0.0 0.0 0.0 0.0 0.0 0.0 0.911 0.022 0.022 0.022 2.0 0.125 0.859 0.040
0.0 0.0 0.0 1.0 0.0 0.0 0.0 0.0 0.0 0.0 0.911 0.022 0.022 0.022 2.0 0.125 0.885 0.040
0.0 0.0 0.0 1.0 0.0 0.0 0.0 0.0 0.0 0.0 0.911 0.089 0.089 0.089 2.0 0.167 0.910 0.040
0.0 0.0 1.0 0.0 0.0 0.0 0.0 0.0 0.0 1.0 0.956 0.000 0.000 0.000 2.0 0.083 0.897 0.040
0.0 1.0 0.0 0.0 0.0 0.0 0.0 0.0 0.0 1.0 0.956 0.000 0.000 0.000 2.0 0.056 0.923 0.040
0.0 0.0 1.0 0.0 0.0 0.0 0.0 0.0 0.0 0.0 0.933 0.022 0.022 0.022 2.0 0.111 0.910 0.040
0.0 0.0 1.0 0.0 0.0 0.0 0.0 0.0 0.0 1.0 0.933 0.000 0.000 0.000 2.0 0.097 0.885 0.040
0.0 0.0 1.0 0.0 0.0 0.0 0.0 0.0 0.0 1.0 0.933 0.000 0.000 0.000 2.0 0.097 0.897 0.040
0.0 0.0 1.0 0.0 0.0 0.0 0.0 0.0 0.0 1.0 0.933 0.000 0.000 0.000 2.0 0.097 0.910 0.040
0.0 0.0 0.0 1.0 0.0 0.0 0.0 0.0 0.0 1.0 0.933 0.000 0.000 0.000 2.0 0.097 0.872 0.040
0.0 0.0 0.0 1.0 0.0 0.0 0.0 0.0 0.0 1.0 0.933 0.000 0.000 0.000 2.0 0.097 0.885 0.040
0.0 0.0 0.0 1.0 0.0 0.0 0.0 0.0 0.0 0.0 0.933 0.067 0.067 0.067 2.0 0.139 0.910 0.040
0.0 1.0 0.0 0.0 0.0 0.0 0.0 0.0 0.0 0.0 0.933 0.067 0.067 0.067 1.0 0.111 0.910 0.040
0.0 0.0 0.0 1.0 0.0 0.0 0.0 0.0 0.0 0.0 0.956 0.044 0.044 0.044 2.0 0.139 0.910 0.040
0.0 0.0 0.0 1.0 0.0 0.0 0.0 0.0 0.0 0.0 0.978 0.022 0.022 0.022 2.0 0.125 0.910 0.040
0.0 0.0 1.0 0.0 0.0 0.0 0.0 0.0 0.0 1.0 1.000 0.000 0.000 0.000 2.0 0.097 0.910 0.040
