0.0 0.0 0.0 0.0 0.0 0.0 0.0 1.0 0.0 0.0 0.864 0.000 0.000 0.000 2.0 0.174 0.955 0.000
0.0 0.0 0.0 0.0 0.0 1.0 0.0 0.0 0.0 0.0 0.818 0.000 0.000 0.000 2.0 0.435 0.955 0.000
0.0 0.0 0.0 0.0 0.0 0.0 1.0 0.0 0.0 0.0 0.864 0.000 0.000 0.000 2.0 0.109 0.970 0.000
0.0 1.0 0.0 0.0 0.0 0.0 0.0 0.0 1.0 0.0 0.045 0.000 0.000 0.000 2.0 0.065 0.030 0.000
0.0 0.0 0.0 0.0 0.0 1.0 0.0 0.0 0.0 0.0 0.818 0.000 0.000 0.000 2.0 0.391 0.955 0.000
0.0 0.0 0.0 0.0 0.0 0.0 1.0 0.0 1.0 0.0 0.864 0.000 0.000 0.000 2.0 0.087 0.955 0.000
0.0 0.0 0.0 0.0 0.0 1.0 0.0 0.0 0.0 0.0 0.818 0.000 0.000 0.000 2.0 0.457 0.955 0.000
0.0 0.0 0.0 0.0 0.0 1.0 0.0 0.0 0.0 1.0 1.000 0.000 0.000 0.000 2.0 0.109 0.985 0.200
0.0 1.0 0.0 0.0 0.0 0.0 0.0 0.0 0.0 0.0 0.955 0.045 0.045 0.045 2.0 0.109 0.985 0.200
0.0 0.0 1.0 0.0 0.0 0.0 0.0 0.0 1.0 0.0 0.909 0.091 0.091 0.091 2.0 0.130 0.970 0.200
0.0 0.0 0.0 0.0 0.0 1.0 0.0 0.0 1.0 0.0 0.909 0.091 0.091 0.091 2.0 0.130 0.970 0.200
0.0 1.0 0.0 0.0 0.0 0.0 0.0 0.0 0.0 0.0 0.864 0.136 0.136 0.136 2.0 0.174 0.970 0.200
0.0 0.0 0.0 0.0 1.0 0.0 0.0 0.0 0.0 0.0 0.818 0.182 0.182 0.182 2.0 0.435 0.955 0.200
0.0 0.0 0.0 1.0 0.0 0.0 0.0 0.0 0.0 0.0 0.773 0.227 0.227 0.227 3.0 0.565 0.955 0.200
0.0 0.0 0.0 0.0 0.0 1.0 0.0 0.0 0.0 0.0 0.500 0.500 0.500 0.500 3.0 0.609 0.567 0.200
0.0 1.0 0.0 0.0 0.0 0.0 0.0 0.0 0.0 0.0 0.455 0.545 0.545 0.545 2.0 0.370 0.254 0.200
0.0 1.0 0.0 0.0 0.0 0.0 0.0 0.0 0.0 0.0 0.955 0.000 0.000 0.000 2.0 0.087 1.000 0.000
0.0 0.0 0.0 1.0 0.0 0.0 0.0 0.0 0.0 0.0 0.909 0.000 0.000 0.000 2.0 0.130 0.985 0.000
1.0 0.0 0.0 0.0 0.0 0.0 0.0 0.0 1.0 0.0 0.045 0.000 0.000 0.000 2.0 0.087 0.030 0.000
0.0 0.0 0.0 0.0 0.0 0.0 1.0 0.0 0.0 0.0 0.864 0.000 0.000 0.000 2.0 0.174 0.985 0.000
0.0 0.0 0.0 0.0 0.0 1.0 0.0 0.0 0.0 0.0 0.818 0.000 0.000 0.000 2.0 0.500 0.970 0.000
0.0 1.0 0.0 0.0 0.0 0.0 0.0 0.0 1.0 0.0 0.045 0.000 0.000 0.000 2.0 0.087 0.030 0.000
0.0 0.0 0.0 0.0 0.0 0.0 1.0 0.0 1.0 0.0 0.864 0.000 0.000 0.000 2.0 0.087 0.970 0.000
0.0 0.0 0.0 0.0 0.0 1.0 0.0 0.0 0.0 0.0 0.818 0.000 0.000 0.000 2.0 0.413 0.970 0.000
0.0 0.0 0.0 0.0 0.0 1.0 0.0 0.0 0.0 0.0 0.909 0.000 0.000 0.000 2.0 0.109 0.985 0.000
0.0 1.0 0.0 0.0 0.0 0.0 0.0 0.0 0.0 0.0 0.864 0.000 0.000 0.000 2.0 0.152 0.985 0.000
0.0 0.0 0.0 0.0 0.0 1.0 0.0 0.0 0.0 0.0 0.818 0.000 0.000 0.000 3.0 0.543 0.970 0.000
0.0 0.0 0.0 0.0 0.0 1.0 0.0 0.0 1.0 0.0 0.864 0.000 0.000 0.000 2.0 0.130 0.970 0.000
0.0 0.0 0.0 0.0 0.0 1.0 0.0 0.0 0.0 0.0 0.818 0.000 0.000 0.000 2.0 0.500 0.970 0.000
0.0 0.0 0.0 0.0 0.0 0.0 1.0 0.0 1.0 0.0 0.864 0.000 0.000 0.000 2.0 0.087 0.970 0.000
0.0 0.0 0.0 0.0 0.0 1.0 0.0 0.0 0.0 0.0 0.818 0.000 0.000 0.000 2.0 0.435 0.970 0.000
0.0 0.0 0.0 1.0 0.0 0.0 0.0 0.0 0.0 0.0 0.773 0.000 0.000 0.000 4.0 0.696 0.970 0.000
0.0 0.0 0.0 0.0 0.0 1.0 0.0 0.0 0.0 0.0 0.500 0.000 0.000 0.000 2.0 0.304 0.418 0.000
0.0 1.0 0.0 0.0 0.0 0.0 0.0 0.0 0.0 0.0 0.455 0.000 0.000 0.000 2.0 0.261 0.254 0.000
0.0 1.0 0.0 0.0 0.0 0.0 0.0 0.0 0.0 0.0 0.455 0.000 0.000 0.000 2.0 0.326 0.269 0.000
0.0 0.0 0.0 0.0 0.0 0.0 1.0 0.0 0.0 0.0 0.864 0.000 0.000 0.000 2.0 0.109 0.985 0.000
0.0 1.0 0.0 0.0 0.0 0.0 0.0 0.0 1.0 0.0 0.045 0.000 0.000 0.000 2.0 0.065 0.030 0.000
0.0 0.0 0.0 0.0 0.0 1.0 0.0 0.0 0.0 0.0 0.818 0.000 0.000 0.000 2.0 0.457 0.970 0.000
0.0 0.0 0.0 0.0 0.0 0.0 0.0 1.0 0.0 0.0 0.864 0.000 0.000 0.000 2.0 0.174 0.970 0.000
0.0 0.0 0.0 0.0 0.0 1.0 0.0 0.0 0.0 0.0 0.818 0.000 0.000 0.000 2.0 0.413 0.970 0.000
0.0 0.0 0.0 0.0 0.0 0.0 1.0 0.0 1.0 1.0 0.864 0.000 0.000 0.000 2.0 0.087 0.970 0.200
0.0 0.0 0.0 0.0 0.0 1.0 0.0 0.0 0.0 0.0 0.818 0.045 0.045 0.045 2.0 0.478 0.970 0.200
0.0 0.0 0.0 0.0 0.0 0.0 1.0 0.0 0.0 0.0 0.864 0.000 0.000 0.000 2.0 0.109 0.985 0.000
0.0 1.0 0.0 0.0 0.0 0.0 0.0 0.0 1.0 0.0 0.045 0.000 0.000 0.000 2.0 0.065 0.030 0.000
0.0 0.0 0.0 0.0 0.0 1.0 0.0 0.0 0.0 0.0 0.818 0.000 0.000 0.000 2.0 0.435 0.970 0.000
0.0 0.0 0.0 1.0 0.0 0.0 0.0 0.0 0.0 0.0 0.773 0.091 0.091 0.091 4.0 0.652 0.970 0.200
0.0 0.0 0.0 0.0 0.0 1.0 0.0 0.0 0.0 0.0 0.545 0.318 0.318 0.318 2.0 0.478 0.433 0.200
0.0 1.0 0.0 0.0 0.0 0.0 0.0 0.0 0.0 0.0 0.500 0.364 0.364 0.364 2.0 0.326 0.269 0.200
0.0 1.0 0.0 0.0 0.0 0.0 0.0 0.0 0.0 0.0 0.455 0.409 0.409 0.409 2.0 0.457 0.254 0.200
0.0 0.0 0.0 0.0 0.0 0.0 1.0 0.0 0.0 0.0 0.864 0.000 0.000 0.000 2.0 0.130 0.985 0.000
0.0 1.0 0.0 0.0 0.0 0.0 0.0 0.0 0.0 0.0 0.091 0.000 0.000 0.000 2.0 0.109 0.030 0.000
0.0 0.0 0.0 0.0 0.0 1.0 0.0 0.0 0.0 0.0 0.818 0.000 0.000 0.000 2.0 0.435 0.970 0.000
0.0 0.0 0.0 1.0 0.0 0.0 0.0 0.0 0.0 0.0 0.909 0.000 0.000 0.000 2.0 0.130 0.985 0.000
0.0 1.0 0.0 0.0 0.0 0.0 0.0 0.0 0.0 0.0 0.091 0.000 0.000 0.000 2.0 0.130 0.030 0.000
0.0 0.0 0.0 0.0 0.0 0.0 1.0 0.0 0.0 0.0 0.864 0.000 0.000 0.000 2.0 0.174 0.985 0.000
0.0 0.0 0.0 0.0 0.0 1.0 0.0 0.0 0.0 0.0 0.818 0.000 0.000 0.000 2.0 0.413 0.970 0.000
1.0 0.0 0.0 0.0 0.0 0.0 0.0 0.0 0.0 0.0 0.091 0.000 0.000 0.000 2.0 0.152 0.030 0.000
0.0 0.0 0.0 0.0 0.0 0.0 1.0 0.0 1.0 0.0 0.864 0.000 0.000 0.000 2.0 0.087 0.970 0.000
0.0 0.0 0.0 0.0 0.0 1.0 0.0 0.0 0.0 0.0 0.818 0.000 0.000 0.000 2.0 0.457 0.970 0.000
0.0 0.0 0.0 0.0 0.0 0.0 1.0 0.0 0.0 0.0 0.864 0.000 0.000 0.000 2.0 0.130 0.985 0.000
0.0 1.0 0.0 0.0 0.0 0.0 0.0 0.0 0.0 0.0 0.091 0.000 0.000 0.000 2.0 0.109 0.030 0.000
0.0 0.0 0.0 0.0 0.0 1.0 0.0 0.0 0.0 0.0 0.818 0.000 0.000 0.000 2.0 0.413 0.970 0.000
0.0 0.0 0.0 1.0 0.0 0.0 0.0 0.0 0.0 0.0 0.773 0.000 0.000 0.000 3.0 0.630 0.970 0.000
0.0 0.0 0.0 0.0 0.0 1.0 0.0 0.0 0.0 0.0 0.545 0.000 0.000 0.000 3.0 0.522 0.597 0.000
0.0 1.0 0.0 0.0 0.0 0.0 0.0 0.0 0.0 0.0 0.500 0.000 0.000 0.000 2.0 0.348 0.269 0.000
0.0 1.0 0.0 0.0 0.0 0.0 0.0 0.0 0.0 0.0 0.409 0.000 0.000 0.000 2.0 0.239 0.269 0.000
0.0 1.0 0.0 0.0 0.0 0.0 0.0 0.0 0.0 0.0 0.727 0.136 0.273 0.205 2.0 0.717 0.791 0.400
0.0 0.0 0.0 1.0 0.0 0.0 0.0 0.0 0.0 0.0 0.682 0.182 0.318 0.250 2.0 0.348 0.776 0.400
0.0 0.0 0.0 1.0 0.0 0.0 0.0 0.0 0.0 0.0 0.636 0.227 0.364 0.295 4.0 0.370 0.731 0.400
0.0 1.0 0.0 0.0 0.0 0.0 0.0 0.0 0.0 0.0 0.591 0.273 0.409 0.341 2.0 0.239 0.582 0.400
0.0 0.0 0.0 1.0 0.0 0.0 0.0 0.0 0.0 0.0 0.500 0.364 0.500 0.432 3.0 0.435 0.567 0.400
0.0 1.0 0.0 0.0 0.0 0.0 0.0 0.0 0.0 0.0 0.455 0.409 0.545 0.477 2.0 0.370 0.254 0.400
0.0 1.0 0.0 0.0 0.0 0.0 0.0 0.0 0.0 0.0 0.409 0.455 0.591 0.523 2.0 0.283 0.239 0.400
0.0 1.0 0.0 0.0 0.0 0.0 0.0 0.0 0.0 0.0 0.545 0.318 0.455 0.386 2.0 0.239 0.582 0.400
0.0 0.0 0.0 1.0 0.0 0.0 0.0 0.0 0.0 0.0 0.636 0.227 0.364 0.295 4.0 0.457 0.716 0.400
0.0 1.0 0.0 0.0 0.0 0.0 0.0 0.0 0.0 0.0 0.591 0.273 0.409 0.341 2.0 0.239 0.582 0.400
0.0 0.0 1.0 0.0 0.0 0.0 0.0 0.0 0.0 0.0 0.545 0.318 0.455 0.386 3.0 0.326 0.567 0.400
0.0 1.0 0.0 0.0 0.0 0.0 0.0 0.0 0.0 0.0 0.500 0.364 0.500 0.432 2.0 0.239 0.254 0.400
0.0 1.0 0.0 0.0 0.0 0.0 0.0 0.0 0.0 0.0 0.409 0.455 0.591 0.523 2.0 0.304 0.239 0.400
0.0 0.0 0.0 1.0 0.0 0.0 0.0 0.0 0.0 0.0 0.455 0.409 0.545 0.477 3.0 0.609 0.552 0.400
0.0 1.0 0.0 0.0 0.0 0.0 0.0 0.0 0.0 0.0 0.409 0.455 0.591 0.523 2.0 0.326 0.254 0.400
0.0 1.0 0.0 0.0 0.0 0.0 0.0 0.0 0.0 0.0 0.545 0.318 0.455 0.386 2.0 0.239 0.582 0.400
0.0 0.0 1.0 0.0 0.0 0.0 0.0 0.0 0.0 0.0 0.500 0.364 0.500 0.432 3.0 0.304 0.567 0.400
0.0 1.0 0.0 0.0 0.0 0.0 0.0 0.0 0.0 0.0 0.455 0.409 0.545 0.477 2.0 0.261 0.254 0.400
0.0 1.0 0.0 0.0 0.0 0.0 0.0 0.0 0.0 0.0 0.409 0.455 0.591 0.523 2.0 0.304 0.239 0.400
0.0 0.0 0.0 0.0 0.0 0.0 0.0 1.0 0.0 0.0 0.773 0.000 0.000 0.000 2.0 0.174 0.940 0.000
0.0 0.0 0.0 0.0 0.0 1.0 0.0 0.0 0.0 0.0 0.727 0.000 0.000 0.000 2.0 0.478 0.940 0.000
0.0 0.0 0.0 0.0 0.0 0.0 1.0 0.0 1.0 1.0 0.773 0.000 0.000 0.000 2.0 0.087 0.940 0.200
0.0 0.0 0.0 0.0 0.0 1.0 0.0 0.0 0.0 0.0 0.727 0.045 0.045 0.045 2.0 0.478 0.940 0.200
0.0 0.0 0.0 0.0 0.0 0.0 1.0 0.0 0.0 0.0 0.773 0.000 0.000 0.000 2.0 0.130 0.955 0.000
0.0 1.0 0.0 0.0 0.0 0.0 0.0 0.0 0.0 0.0 0.091 0.000 0.000 0.000 2.0 0.109 0.030 0.000
0.0 0.0 0.0 0.0 0.0 1.0 0.0 0.0 0.0 0.0 0.727 0.000 0.000 0.000 2.0 0.478 0.940 0.000
0.0 0.0 0.0 0.0 0.0 0.0 1.0 0.0 1.0 0.0 0.773 0.000 0.000 0.000 2.0 0.087 0.940 0.000
0.0 0.0 0.0 0.0 0.0 1.0 0.0 0.0 0.0 0.0 0.727 0.000 0.000 0.000 2.0 0.391 0.940 0.000
0.0 0.0 0.0 1.0 0.0 0.0 0.0 0.0 0.0 0.0 0.682 0.091 0.091 0.091 4.0 0.674 0.940 0.200
0.0 0.0 0.0 0.0 0.0 1.0 0.0 0.0 0.0 0.0 0.500 0.273 0.273 0.273 2.0 0.500 0.478 0.200
0.0 1.0 0.0 0.0 0.0 0.0 0.0 0.0 0.0 0.0 0.455 0.318 0.318 0.318 2.0 0.196 0.254 0.200
0.0 1.0 0.0 0.0 0.0 0.0 0.0 0.0 0.0 0.0 0.409 0.364 0.364 0.364 2.0 0.370 0.239 0.200
0.0 0.0 0.0 1.0 0.0 0.0 0.0 0.0 0.0 0.0 0.818 0.000 0.000 0.000 2.0 0.130 0.955 0.000
0.0 1.0 0.0 0.0 0.0 0.0 0.0 0.0 0.0 0.0 0.091 0.000 0.000 0.000 2.0 0.152 0.030 0.000
0.0 0.0 0.0 0.0 0.0 0.0 1.0 0.0 0.0 0.0 0.773 0.000 0.000 0.000 2.0 0.174 0.955 0.000
0.0 0.0 0.0 0.0 0.0 1.0 0.0 0.0 0.0 0.0 0.727 0.000 0.000 0.000 2.0 0.500 0.940 0.000
1.0 0.0 0.0 0.0 0.0 0.0 0.0 0.0 0.0 0.0 0.091 0.000 0.000 0.000 2.0 0.174 0.030 0.000
0.0 0.0 0.0 0.0 0.0 0.0 1.0 0.0 0.0 0.0 0.773 0.000 0.000 0.000 2.0 0.109 0.955 0.000
0.0 0.0 0.0 0.0 0.0 1.0 0.0 0.0 0.0 0.0 0.727 0.000 0.000 0.000 2.0 0.500 0.940 0.000
0.0 1.0 0.0 0.0 0.0 0.0 0.0 0.0 1.0 0.0 0.045 0.000 0.000 0.000 2.0 0.065 0.030 0.000
0.0 0.0 0.0 0.0 0.0 0.0 1.0 0.0 0.0 0.0 0.773 0.000 0.000 0.000 2.0 0.109 0.955 0.000
0.0 1.0 0.0 0.0 0.0 0.0 0.0 0.0 1.0 0.0 0.045 0.000 0.000 0.000 2.0 0.065 0.030 0.000
0.0 0.0 0.0 0.0 0.0 1.0 0.0 0.0 0.0 0.0 0.727 0.000 0.000 0.000 2.0 0.478 0.940 0.000
0.0 0.0 0.0 0.0 0.0 0.0 1.0 0.0 1.0 0.0 0.773 0.000 0.000 0.000 2.0 0.087 0.940 0.000
0.0 0.0 0.0 0.0 0.0 1.0 0.0 0.0 0.0 0.0 0.727 0.000 0.000 0.000 2.0 0.391 0.940 0.000
0.0 0.0 0.0 1.0 0.0 0.0 0.0 0.0 0.0 0.0 0.682 0.000 0.000 0.000 4.0 0.717 0.940 0.000
0.0 1.0 0.0 0.0 0.0 0.0 0.0 0.0 0.0 0.0 0.500 0.000 0.000 0.000 2.0 0.261 0.478 0.000
0.0 0.0 0.0 0.0 0.0 1.0 0.0 0.0 0.0 0.0 0.455 0.000 0.000 0.000 2.0 0.435 0.463 0.000
0.0 1.0 0.0 0.0 0.0 0.0 0.0 0.0 0.0 0.0 0.409 0.000 0.000 0.000 2.0 0.413 0.254 0.000
0.0 0.0 0.0 0.0 0.0 1.0 0.0 0.0 0.0 1.0 0.864 0.000 0.000 0.000 2.0 0.109 0.970 0.200
0.0 1.0 0.0 0.0 0.0 0.0 0.0 0.0 0.0 0.0 0.818 0.045 0.045 0.045 2.0 0.152 0.970 0.200
0.0 0.0 0.0 0.0 0.0 1.0 0.0 0.0 0.0 0.0 0.773 0.091 0.091 0.091 3.0 0.478 0.955 0.200
0.0 0.0 0.0 0.0 0.0 1.0 0.0 0.0 1.0 0.0 0.818 0.045 0.045 0.045 2.0 0.130 0.955 0.200
0.0 0.0 0.0 0.0 0.0 1.0 0.0 0.0 0.0 0.0 0.773 0.091 0.091 0.091 2.0 0.413 0.955 0.200
0.0 0.0 0.0 1.0 0.0 0.0 0.0 0.0 0.0 0.0 0.864 0.000 0.000 0.000 2.0 0.109 0.970 0.000
1.0 0.0 0.0 0.0 0.0 0.0 0.0 0.0 1.0 0.0 0.045 0.000 0.000 0.000 2.0 0.065 0.030 0.000
0.0 0.0 0.0 0.0 0.0 0.0 1.0 0.0 0.0 0.0 0.818 0.000 0.000 0.000 2.0 0.152 0.970 0.000
0.0 0.0 0.0 0.0 0.0 1.0 0.0 0.0 0.0 0.0 0.773 0.000 0.000 0.000 2.0 0.478 0.955 0.000
0.0 1.0 0.0 0.0 0.0 0.0 0.0 0.0 1.0 0.0 0.045 0.000 0.000 0.000 2.0 0.087 0.030 0.000
0.0 0.0 0.0 0.0 0.0 0.0 1.0 0.0 1.0 0.0 0.818 0.000 0.000 0.000 2.0 0.087 0.955 0.000
0.0 0.0 0.0 0.0 0.0 1.0 0.0 0.0 0.0 0.0 0.773 0.000 0.000 0.000 2.0 0.413 0.955 0.000
0.0 0.0 0.0 0.0 0.0 0.0 1.0 0.0 1.0 0.0 0.818 0.000 0.000 0.000 2.0 0.087 0.955 0.000
0.0 0.0 0.0 0.0 0.0 1.0 0.0 0.0 0.0 0.0 0.773 0.000 0.000 0.000 2.0 0.348 0.955 0.000
0.0 1.0 0.0 0.0 0.0 0.0 0.0 0.0 0.0 0.0 0.727 0.136 0.136 0.136 2.0 0.457 0.955 0.200
0.0 0.0 0.0 1.0 0.0 0.0 0.0 0.0 0.0 0.0 0.682 0.182 0.182 0.182 4.0 0.609 0.940 0.200
0.0 0.0 0.0 0.0 0.0 1.0 0.0 0.0 0.0 0.0 0.545 0.318 0.318 0.318 2.0 0.217 0.418 0.200
0.0 1.0 0.0 0.0 0.0 0.0 0.0 0.0 0.0 0.0 0.500 0.364 0.364 0.364 2.0 0.196 0.254 0.200
0.0 1.0 0.0 0.0 0.0 0.0 0.0 0.0 0.0 0.0 0.409 0.455 0.455 0.455 2.0 0.261 0.239 0.200
0.0 1.0 0.0 0.0 0.0 0.0 0.0 0.0 0.0 0.0 0.364 0.409 0.636 0.511 1.0 0.674 0.224 0.800
0.0 1.0 0.0 0.0 0.0 0.0 0.0 0.0 0.0 0.0 0.409 0.364 0.591 0.466 1.0 0.543 0.239 0.800
0.0 0.0 0.0 0.0 0.0 0.0 1.0 0.0 0.0 0.0 0.773 0.000 0.000 0.000 2.0 0.109 0.955 0.000
0.0 1.0 0.0 0.0 0.0 0.0 0.0 0.0 1.0 0.0 0.045 0.000 0.000 0.000 2.0 0.065 0.030 0.000
0.0 0.0 0.0 0.0 0.0 1.0 0.0 0.0 0.0 0.0 0.727 0.000 0.000 0.000 2.0 0.478 0.940 0.000
0.0 0.0 0.0 0.0 0.0 0.0 1.0 0.0 1.0 0.0 0.773 0.000 0.000 0.000 2.0 0.087 0.940 0.000
0.0 0.0 0.0 0.0 0.0 1.0 0.0 0.0 0.0 0.0 0.727 0.000 0.000 0.000 2.0 0.478 0.940 0.000
0.0 0.0 0.0 0.0 0.0 0.0 0.0 1.0 0.0 0.0 0.773 0.000 0.000 0.000 2.0 0.174 0.940 0.000
0.0 0.0 0.0 0.0 0.0 1.0 0.0 0.0 0.0 0.0 0.727 0.000 0.000 0.000 2.0 0.478 0.940 0.000
0.0 0.0 0.0 0.0 0.0 0.0 1.0 0.0 1.0 1.0 0.773 0.000 0.000 0.000 2.0 0.087 0.940 0.200
0.0 0.0 0.0 0.0 0.0 1.0 0.0 0.0 0.0 0.0 0.727 0.045 0.045 0.045 2.0 0.391 0.940 0.200
0.0 0.0 0.0 1.0 0.0 0.0 0.0 0.0 0.0 0.0 0.682 0.091 0.091 0.091 4.0 0.609 0.940 0.200
0.0 0.0 0.0 0.0 0.0 1.0 0.0 0.0 0.0 0.0 0.409 0.364 0.364 0.364 2.0 0.565 0.373 0.200
0.0 0.0 0.0 0.0 0.0 0.0 0.0 1.0 0.0 0.0 0.364 0.409 0.636 0.491 2.0 0.652 0.239 1.000
0.0 0.0 0.0 0.0 0.0 0.0 1.0 0.0 1.0 0.0 0.045 0.727 0.955 0.809 2.0 0.217 0.030 1.000
0.0 0.0 0.0 0.0 0.0 0.0 0.0 1.0 0.0 0.0 0.318 0.455 0.682 0.536 2.0 0.370 0.209 1.000
0.0 0.0 0.0 0.0 0.0 0.0 1.0 0.0 0.0 0.0 0.273 0.500 0.727 0.582 2.0 0.217 0.164 1.000
0.0 0.0 0.0 0.0 0.0 0.0 1.0 0.0 0.0 0.0 0.091 0.682 0.909 0.764 2.0 0.130 0.060 1.000
0.0 0.0 0.0 0.0 0.0 0.0 1.0 0.0 1.0 0.0 0.045 0.727 0.955 0.809 2.0 0.087 0.030 1.000
0.0 0.0 0.0 0.0 0.0 0.0 1.0 0.0 1.0 0.0 0.045 0.727 0.955 0.809 2.0 0.087 0.030 1.000
0.0 0.0 0.0 0.0 0.0 0.0 1.0 0.0 0.0 0.0 0.227 0.545 0.773 0.627 2.0 0.196 0.104 1.000
0.0 0.0 0.0 0.0 0.0 0.0 0.0 1.0 1.0 0.0 0.091 0.682 0.909 0.764 2.0 0.130 0.030 1.000
0.0 1.0 0.0 0.0 0.0 0.0 0.0 0.0 1.0 0.0 0.045 0.727 0.955 0.809 1.0 0.109 0.015 1.000
0.0 0.0 0.0 0.0 0.0 0.0 1.0 0.0 0.0 0.0 0.182 0.591 0.818 0.673 2.0 0.174 0.075 1.000
0.0 0.0 0.0 1.0 0.0 0.0 0.0 0.0 1.0 0.0 0.045 0.727 0.955 0.809 2.0 0.087 0.030 1.000
0.0 0.0 0.0 0.0 0.0 0.0 0.0 1.0 0.0 0.0 0.318 0.455 0.682 0.536 2.0 0.652 0.224 1.000
0.0 0.0 0.0 0.0 0.0 0.0 1.0 0.0 0.0 0.0 0.273 0.500 0.727 0.582 2.0 0.304 0.104 1.000
0.0 0.0 0.0 0.0 0.0 0.0 1.0 0.0 0.0 0.0 0.227 0.545 0.773 0.627 2.0 0.196 0.075 1.000
0.0 0.0 0.0 1.0 0.0 0.0 0.0 0.0 1.0 0.0 0.045 0.727 0.955 0.809 2.0 0.087 0.030 1.000
0.0 0.0 0.0 1.0 0.0 0.0 0.0 0.0 0.0 0.0 0.182 0.591 0.818 0.673 2.0 0.239 0.045 1.000
0.0 0.0 0.0 1.0 0.0 0.0 0.0 0.0 1.0 0.0 0.091 0.682 0.909 0.764 2.0 0.196 0.030 1.000
0.0 1.0 0.0 0.0 0.0 0.0 0.0 0.0 0.0 0.0 0.136 0.636 0.864 0.718 2.0 0.152 0.045 1.000
0.0 0.0 0.0 0.0 1.0 0.0 0.0 0.0 1.0 0.0 0.091 0.682 0.909 0.764 2.0 0.152 0.030 1.000
0.0 0.0 0.0 0.0 0.0 0.0 0.0 1.0 1.0 0.0 0.091 0.682 0.909 0.764 2.0 0.174 0.030 1.000
0.0 0.0 0.0 0.0 0.0 0.0 1.0 0.0 0.0 0.0 0.182 0.591 0.818 0.673 2.0 0.326 0.119 1.000
0.0 0.0 0.0 0.0 0.0 0.0 1.0 0.0 0.0 0.0 0.136 0.636 0.864 0.718 2.0 0.217 0.060 1.000
0.0 0.0 0.0 0.0 0.0 0.0 0.0 1.0 0.0 0.0 0.091 0.682 0.909 0.764 2.0 0.174 0.060 1.000
0.0 1.0 0.0 0.0 0.0 0.0 0.0 0.0 0.0 0.0 0.500 0.273 0.273 0.273 2.0 0.304 0.254 0.200
0.0 1.0 0.0 0.0 0.0 0.0 0.0 0.0 0.0 0.0 0.455 0.318 0.545 0.420 1.0 0.522 0.239 0.800
0.0 0.0 0.0 0.0 0.0 0.0 0.0 1.0 0.0 0.0 0.409 0.364 0.591 0.445 2.0 0.804 0.239 1.000
0.0 0.0 0.0 0.0 0.0 0.0 1.0 0.0 0.0 0.0 0.364 0.409 0.636 0.491 2.0 0.413 0.209 1.000
0.0 0.0 0.0 0.0 0.0 0.0 1.0 0.0 0.0 0.0 0.318 0.455 0.682 0.536 2.0 0.196 0.149 1.000
0.0 0.0 0.0 0.0 0.0 0.0 0.0 1.0 0.0 0.0 0.273 0.500 0.727 0.582 2.0 0.239 0.104 1.000
0.0 0.0 0.0 0.0 0.0 0.0 1.0 0.0 1.0 0.0 0.091 0.682 0.909 0.764 2.0 0.109 0.045 1.000
0.0 0.0 0.0 1.0 0.0 0.0 0.0 0.0 1.0 0.0 0.045 0.727 0.955 0.809 2.0 0.065 0.030 1.000
0.0 0.0 0.0 0.0 0.0 0.0 1.0 0.0 0.0 0.0 0.136 0.636 0.864 0.718 2.0 0.152 0.060 1.000
0.0 0.0 0.0 0.0 0.0 0.0 0.0 1.0 1.0 0.0 0.091 0.682 0.909 0.764 2.0 0.174 0.030 1.000
0.0 0.0 0.0 0.0 0.0 0.0 0.0 1.0 1.0 0.0 0.045 0.727 0.955 0.809 2.0 0.087 0.030 1.000
0.0 1.0 0.0 0.0 0.0 0.0 0.0 0.0 1.0 0.0 0.045 0.727 0.955 0.809 2.0 0.283 0.030 1.000
0.0 0.0 0.0 1.0 0.0 0.0 0.0 0.0 0.0 0.0 0.636 0.136 0.227 0.167 4.0 1.000 0.791 0.600
0.0 0.0 0.0 1.0 0.0 0.0 0.0 0.0 0.0 0.0 0.591 0.182 0.273 0.212 4.0 0.674 0.672 0.600
0.0 1.0 0.0 0.0 0.0 0.0 0.0 0.0 0.0 0.0 0.545 0.227 0.318 0.258 2.0 0.239 0.269 0.600
0.0 1.0 0.0 0.0 0.0 0.0 0.0 0.0 0.0 0.0 0.455 0.318 0.409 0.348 2.0 0.391 0.254 0.600
0.0 0.0 0.0 1.0 0.0 0.0 0.0 0.0 0.0 0.0 0.545 0.227 0.318 0.258 4.0 0.652 0.672 0.600
0.0 1.0 0.0 0.0 0.0 0.0 0.0 0.0 0.0 0.0 0.455 0.318 0.409 0.348 2.0 0.304 0.254 0.600
0.0 1.0 0.0 0.0 0.0 0.0 0.0 0.0 0.0 0.0 0.500 0.273 0.364 0.303 2.0 0.217 0.254 0.600
0.0 0.0 0.0 1.0 0.0 0.0 0.0 0.0 0.0 0.0 0.545 0.227 0.318 0.258 4.0 0.413 0.687 0.600
0.0 1.0 0.0 0.0 0.0 0.0 0.0 0.0 0.0 0.0 0.455 0.318 0.409 0.348 2.0 0.304 0.254 0.600
0.0 1.0 0.0 0.0 0.0 0.0 0.0 0.0 0.0 0.0 0.409 0.364 0.591 0.445 1.0 0.804 0.239 1.000
0.0 1.0 0.0 0.0 0.0 0.0 0.0 0.0 0.0 0.0 0.455 0.318 0.409 0.348 1.0 0.630 0.239 0.600
0.0 1.0 0.0 0.0 0.0 0.0 0.0 0.0 0.0 0.0 0.409 0.364 0.455 0.394 2.0 0.261 0.269 0.600
0.0 1.0 0.0 0.0 0.0 0.0 0.0 0.0 0.0 0.0 0.500 0.273 0.364 0.303 2.0 0.370 0.269 0.600
0.0 1.0 0.0 0.0 0.0 0.0 0.0 0.0 0.0 0.0 0.591 0.182 0.273 0.212 2.0 0.304 0.687 0.600
0.0 0.0 0.0 1.0 0.0 0.0 0.0 0.0 0.0 0.0 0.545 0.227 0.318 0.258 4.0 0.522 0.672 0.600
0.0 0.0 0.0 0.0 0.0 0.0 0.0 1.0 0.0 0.0 0.409 0.364 0.591 0.445 2.0 0.783 0.239 1.000
0.0 0.0 0.0 0.0 0.0 0.0 1.0 0.0 1.0 0.0 0.045 0.727 0.955 0.809 2.0 0.283 0.030 1.000
0.0 0.0 0.0 0.0 0.0 0.0 0.0 1.0 0.0 0.0 0.364 0.409 0.636 0.491 2.0 0.391 0.209 1.000
0.0 0.0 0.0 0.0 0.0 1.0 0.0 0.0 0.0 0.0 0.318 0.455 0.682 0.536 2.0 0.196 0.179 1.000
0.0 0.0 0.0 0.0 0.0 0.0 1.0 0.0 0.0 0.0 0.273 0.500 0.727 0.582 2.0 0.152 0.179 1.000
0.0 0.0 0.0 1.0 0.0 0.0 0.0 0.0 1.0 0.0 0.045 0.727 0.955 0.809 2.0 0.087 0.030 1.000
0.0 1.0 0.0 0.0 0.0 0.0 0.0 0.0 0.0 0.0 0.227 0.545 0.773 0.627 2.0 0.174 0.149 1.000
0.0 1.0 0.0 0.0 0.0 0.0 0.0 0.0 0.0 0.0 0.227 0.545 0.773 0.627 2.0 0.174 0.149 1.000
0.0 0.0 0.0 0.0 0.0 0.0 1.0 0.0 0.0 0.0 0.182 0.591 0.818 0.673 2.0 0.239 0.134 1.000
0.0 0.0 0.0 0.0 0.0 0.0 1.0 0.0 0.0 0.0 0.136 0.636 0.864 0.718 2.0 0.196 0.075 1.000
0.0 0.0 0.0 0.0 0.0 0.0 0.0 1.0 1.0 0.0 0.091 0.682 0.909 0.764 2.0 0.130 0.045 1.000
0.0 0.0 0.0 0.0 0.0 0.0 1.0 0.0 0.0 0.0 0.091 0.682 0.909 0.764 2.0 0.152 0.060 1.000
0.0 0.0 0.0 0.0 0.0 0.0 1.0 0.0 1.0 0.0 0.045 0.727 0.955 0.809 2.0 0.087 0.030 1.000
0.0 0.0 0.0 0.0 0.0 0.0 0.0 1.0 1.0 0.0 0.045 0.727 0.955 0.809 2.0 0.087 0.030 1.000
0.0 0.0 0.0 0.0 0.0 0.0 1.0 0.0 1.0 0.0 0.045 0.727 0.955 0.809 2.0 0.152 0.030 1.000
0.0 1.0 0.0 0.0 0.0 0.0 0.0 0.0 0.0 0.0 0.455 0.318 0.409 0.348 2.0 0.370 0.269 0.600
0.0 1.0 0.0 0.0 0.0 0.0 0.0 0.0 0.0 0.0 0.409 0.364 0.591 0.445 1.0 0.804 0.254 1.000
0.0 0.0 0.0 0.0 0.0 0.0 0.0 1.0 0.0 0.0 0.364 0.409 0.636 0.491 2.0 0.587 0.254 1.000
0.0 0.0 0.0 0.0 0.0 0.0 0.0 1.0 0.0 0.0 0.318 0.455 0.682 0.536 2.0 0.283 0.179 1.000
0.0 0.0 0.0 0.0 0.0 0.0 0.0 1.0 0.0 0.0 0.273 0.500 0.727 0.582 2.0 0.239 0.149 1.000
0.0 0.0 0.0 0.0 0.0 0.0 0.0 1.0 1.0 0.0 0.091 0.682 0.909 0.764 2.0 0.239 0.030 1.000
0.0 1.0 0.0 0.0 0.0 0.0 0.0 0.0 1.0 0.0 0.045 0.727 0.955 0.809 1.0 0.217 0.015 1.000
0.0 0.0 0.0 0.0 0.0 0.0 1.0 0.0 0.0 0.0 0.136 0.636 0.864 0.718 2.0 0.261 0.075 1.000
0.0 0.0 0.0 0.0 0.0 0.0 0.0 1.0 1.0 0.0 0.091 0.682 0.909 0.764 2.0 0.152 0.030 1.000
0.0 0.0 0.0 0.0 0.0 0.0 0.0 1.0 0.0 0.0 0.091 0.682 0.909 0.764 2.0 0.196 0.045 1.000
0.0 0.0 0.0 1.0 0.0 0.0 0.0 0.0 1.0 0.0 0.045 0.727 0.955 0.809 2.0 0.087 0.030 1.000
0.0 1.0 0.0 0.0 0.0 0.0 0.0 0.0 0.0 0.0 0.500 0.273 0.500 0.352 1.0 0.739 0.254 0.800
0.0 0.0 0.0 0.0 0.0 0.0 1.0 0.0 0.0 0.0 0.455 0.318 0.545 0.400 2.0 0.739 0.254 1.000
0.0 0.0 0.0 0.0 0.0 0.0 1.0 0.0 0.0 0.0 0.409 0.364 0.591 0.445 2.0 0.391 0.224 1.000
0.0 0.0 0.0 0.0 0.0 0.0 1.0 0.0 0.0 0.0 0.364 0.409 0.636 0.491 2.0 0.217 0.149 1.000
0.0 0.0 0.0 0.0 0.0 0.0 1.0 0.0 0.0 0.0 0.136 0.636 0.864 0.718 2.0 0.196 0.060 1.000
0.0 0.0 0.0 0.0 0.0 0.0 1.0 0.0 1.0 0.0 0.045 0.727 0.955 0.809 2.0 0.152 0.030 1.000
0.0 0.0 0.0 0.0 0.0 0.0 0.0 1.0 1.0 0.0 0.091 0.682 0.909 0.764 2.0 0.196 0.030 1.000
0.0 1.0 0.0 0.0 0.0 0.0 0.0 0.0 1.0 0.0 0.045 0.727 0.955 0.809 1.0 0.174 0.015 1.000
0.0 0.0 0.0 0.0 0.0 0.0 0.0 1.0 0.0 0.0 0.318 0.455 0.682 0.536 2.0 0.174 0.090 1.000
0.0 1.0 0.0 0.0 0.0 0.0 0.0 0.0 1.0 0.0 0.045 0.727 0.955 0.809 2.0 0.152 0.030 1.000
0.0 1.0 0.0 0.0 0.0 0.0 0.0 0.0 0.0 0.0 0.273 0.500 0.727 0.582 1.0 0.152 0.060 1.000
0.0 0.0 0.0 0.0 0.0 0.0 0.0 1.0 1.0 0.0 0.227 0.545 0.773 0.627 2.0 0.196 0.060 1.000
0.0 0.0 0.0 1.0 0.0 0.0 0.0 0.0 0.0 0.0 0.182 0.591 0.818 0.673 2.0 0.174 0.045 1.000
0.0 0.0 0.0 1.0 0.0 0.0 0.0 0.0 1.0 0.0 0.091 0.682 0.909 0.764 2.0 0.174 0.030 1.000
0.0 1.0 0.0 0.0 0.0 0.0 0.0 0.0 0.0 0.0 0.136 0.636 0.864 0.718 2.0 0.130 0.045 1.000
0.0 0.0 0.0 0.0 1.0 0.0 0.0 0.0 1.0 0.0 0.091 0.682 0.909 0.764 2.0 0.152 0.030 1.000
0.0 0.0 0.0 0.0 0.0 0.0 1.0 0.0 0.0 0.0 0.136 0.636 0.864 0.718 2.0 0.174 0.075 1.000
0.0 0.0 0.0 0.0 0.0 0.0 0.0 1.0 0.0 0.0 0.091 0.682 0.909 0.764 2.0 0.196 0.045 1.000
0.0 1.0 0.0 0.0 0.0 0.0 0.0 0.0 1.0 0.0 0.045 0.727 0.955 0.809 1.0 0.217 0.015 1.000
0.0 0.0 0.0 1.0 0.0 0.0 0.0 0.0 1.0 0.0 0.045 0.727 0.955 0.809 2.0 0.087 0.030 1.000
0.0 1.0 0.0 0.0 0.0 0.0 0.0 0.0 1.0 0.0 0.045 0.727 0.955 0.809 2.0 0.087 0.030 1.000
0.0 1.0 0.0 0.0 0.0 0.0 0.0 0.0 0.0 0.0 0.409 0.364 0.455 0.394 2.0 0.304 0.254 0.600
0.0 1.0 0.0 0.0 0.0 0.0 0.0 0.0 0.0 0.0 0.455 0.318 0.318 0.318 2.0 0.326 0.254 0.200
0.0 1.0 0.0 0.0 0.0 0.0 0.0 0.0 0.0 0.0 0.409 0.364 0.591 0.445 1.0 0.696 0.239 1.000
0.0 0.0 0.0 0.0 0.0 0.0 0.0 1.0 0.0 0.0 0.364 0.409 0.636 0.491 2.0 0.717 0.239 1.000
0.0 0.0 0.0 0.0 0.0 0.0 1.0 0.0 0.0 0.0 0.318 0.455 0.682 0.536 2.0 0.370 0.149 1.000
0.0 0.0 0.0 0.0 0.0 0.0 0.0 1.0 0.0 0.0 0.273 0.500 0.727 0.582 2.0 0.239 0.119 1.000
0.0 0.0 0.0 0.0 0.0 0.0 1.0 0.0 0.0 0.0 0.227 0.545 0.773 0.627 2.0 0.261 0.075 1.000
0.0 0.0 0.0 0.0 0.0 0.0 0.0 1.0 1.0 0.0 0.091 0.682 0.909 0.764 2.0 0.152 0.030 1.000
0.0 1.0 0.0 0.0 0.0 0.0 0.0 0.0 1.0 0.0 0.045 0.727 0.955 0.809 1.0 0.109 0.015 1.000
0.0 0.0 0.0 1.0 0.0 0.0 0.0 0.0 0.0 0.0 0.182 0.591 0.818 0.673 2.0 0.196 0.045 1.000
0.0 0.0 0.0 1.0 0.0 0.0 0.0 0.0 1.0 0.0 0.091 0.682 0.909 0.764 2.0 0.174 0.030 1.000
0.0 1.0 0.0 0.0 0.0 0.0 0.0 0.0 0.0 0.0 0.136 0.636 0.864 0.718 2.0 0.130 0.045 1.000
0.0 0.0 0.0 0.0 1.0 0.0 0.0 0.0 1.0 0.0 0.091 0.682 0.909 0.764 2.0 0.152 0.030 1.000
0.0 1.0 0.0 0.0 0.0 0.0 0.0 0.0 1.0 0.0 0.045 0.727 0.955 0.809 1.0 0.217 0.015 1.000
0.0 0.0 0.0 0.0 0.0 0.0 1.0 0.0 1.0 0.0 0.136 0.636 0.864 0.718 2.0 0.196 0.045 1.000
0.0 1.0 0.0 0.0 0.0 0.0 0.0 0.0 0.0 0.0 0.091 0.682 0.909 0.764 2.0 0.152 0.030 1.000
0.0 1.0 0.0 0.0 0.0 0.0 0.0 0.0 1.0 0.0 0.045 0.727 0.955 0.809 1.0 0.196 0.015 1.000
0.0 0.0 0.0 0.0 0.0 0.0 1.0 0.0 0.0 0.0 0.136 0.636 0.864 0.718 2.0 0.348 0.090 1.000
0.0 0.0 0.0 0.0 0.0 0.0 0.0 1.0 1.0 0.0 0.091 0.682 0.909 0.764 2.0 0.174 0.030 1.000
0.0 1.0 0.0 0.0 0.0 0.0 0.0 0.0 1.0 0.0 0.045 0.727 0.955 0.809 1.0 0.196 0.015 1.000
0.0 0.0 0.0 0.0 0.0 0.0 1.0 0.0 0.0 0.0 0.091 0.682 0.909 0.764 2.0 0.152 0.060 1.000
0.0 0.0 0.0 0.0 0.0 0.0 1.0 0.0 1.0 0.0 0.045 0.727 0.955 0.809 2.0 0.326 0.030 1.000
0.0 0.0 0.0 1.0 0.0 0.0 0.0 0.0 1.0 0.0 0.045 0.727 0.955 0.809 2.0 0.087 0.030 1.000
0.0 0.0 0.0 0.0 0.0 0.0 0.0 1.0 0.0 0.0 0.364 0.409 0.636 0.491 2.0 0.630 0.239 1.000
0.0 0.0 0.0 0.0 0.0 0.0 0.0 1.0 0.0 0.0 0.318 0.455 0.682 0.536 2.0 0.304 0.149 1.000
0.0 0.0 0.0 0.0 0.0 0.0 0.0 1.0 0.0 0.0 0.273 0.500 0.727 0.582 2.0 0.239 0.119 1.000
0.0 0.0 0.0 0.0 0.0 0.0 0.0 1.0 0.0 0.0 0.227 0.545 0.773 0.627 2.0 0.239 0.090 1.000
0.0 0.0 0.0 0.0 0.0 0.0 1.0 0.0 1.0 0.0 0.045 0.727 0.955 0.809 2.0 0.109 0.030 1.000
0.0 0.0 0.0 1.0 0.0 0.0 0.0 0.0 0.0 0.0 0.182 0.591 0.818 0.673 2.0 0.196 0.060 1.000
0.0 1.0 0.0 0.0 0.0 0.0 0.0 0.0 0.0 0.0 0.136 0.636 0.864 0.718 2.0 0.130 0.045 1.000
0.0 0.0 0.0 1.0 0.0 0.0 0.0 0.0 1.0 0.0 0.091 0.682 0.909 0.764 2.0 0.152 0.030 1.000
0.0 1.0 0.0 0.0 0.0 0.0 0.0 0.0 0.0 0.0 0.136 0.636 0.864 0.718 2.0 0.130 0.045 1.000
0.0 0.0 0.0 0.0 1.0 0.0 0.0 0.0 1.0 0.0 0.091 0.682 0.909 0.764 2.0 0.152 0.030 1.000
0.0 1.0 0.0 0.0 0.0 0.0 0.0 0.0 1.0 0.0 0.045 0.727 0.955 0.809 1.0 0.196 0.015 1.000
0.0 0.0 0.0 0.0 0.0 0.0 0.0 1.0 1.0 0.0 0.091 0.682 0.909 0.764 2.0 0.217 0.030 1.000
0.0 1.0 0.0 0.0 0.0 0.0 0.0 0.0 1.0 0.0 0.045 0.727 0.955 0.809 1.0 0.174 0.015 1.000
0.0 0.0 0.0 0.0 0.0 0.0 1.0 0.0 1.0 0.0 0.045 0.727 0.955 0.809 2.0 0.130 0.030 1.000
0.0 0.0 0.0 0.0 0.0 0.0 1.0 0.0 0.0 0.0 0.182 0.591 0.818 0.673 2.0 0.283 0.090 1.000
0.0 0.0 0.0 0.0 0.0 0.0 1.0 0.0 1.0 0.0 0.045 0.727 0.955 0.809 2.0 0.087 0.030 1.000
0.0 0.0 0.0 0.0 0.0 0.0 1.0 0.0 0.0 0.0 0.136 0.636 0.864 0.718 2.0 0.174 0.060 1.000
0.0 0.0 0.0 0.0 0.0 0.0 0.0 1.0 1.0 0.0 0.091 0.682 0.909 0.764 2.0 0.196 0.030 1.000
0.0 1.0 0.0 0.0 0.0 0.0 0.0 0.0 1.0 0.0 0.045 0.727 0.955 0.809 1.0 0.130 0.015 1.000
0.0 0.0 0.0 1.0 0.0 0.0 0.0 0.0 1.0 0.0 0.045 0.727 0.955 0.809 2.0 0.087 0.030 1.000
